242 723
0 4
0 27
0 52
0 155
0 158
4 27
4 51
4 98
4 134
4 158
4 161
27 50
27 51
27 52
27 213
27 215
27 238
52 44
52 50
52 57
52 58
52 60
52 91
52 134
52 144
52 147
52 155
52 171
52 176
52 182
52 206
155 45
155 57
155 134
155 144
155 158
158 134
1 3
1 56
1 82
1 83
1 188
1 227
1 236
1 239
1 241
3 82
3 83
3 187
3 223
3 236
3 239
56 37
56 188
56 191
56 236
82 83
82 101
82 223
82 231
83 101
83 231
83 241
188 37
188 41
188 227
188 233
188 234
227 41
227 192
227 234
227 241
236 37
236 191
236 239
239 84
239 92
239 94
239 187
239 191
239 223
241 231
2 5
2 6
2 12
2 72
2 197
2 200
5 12
5 31
5 42
5 64
5 88
5 131
5 167
6 9
6 33
6 38
6 51
6 180
6 197
6 200
12 69
12 72
12 74
12 99
12 131
12 186
72 74
72 186
72 200
197 200
200 74
200 112
200 113
200 127
200 139
200 156
200 160
200 180
187 84
187 92
187 220
187 223
223 129
223 218
223 220
51 9
51 38
51 161
51 215
98 95
98 134
98 161
98 164
98 171
134 45
134 144
134 164
134 171
161 9
161 95
161 143
161 160
161 164
161 180
31 32
31 42
31 88
31 194
42 194
42 198
64 54
64 99
64 115
64 131
64 167
88 32
88 167
131 99
167 54
167 157
9 33
9 38
9 180
38 198
38 215
38 221
180 127
180 143
180 160
7 10
7 13
7 14
7 36
7 63
7 75
7 93
7 103
7 111
10 63
10 75
10 81
10 107
10 109
10 154
10 204
10 224
13 14
13 84
13 103
13 117
13 129
13 220
14 84
14 92
14 93
14 220
36 40
36 111
63 39
63 40
63 154
63 207
63 224
75 59
75 93
75 107
75 109
93 59
93 84
93 92
93 94
93 141
103 15
103 111
8 44
8 123
44 50
44 104
44 130
44 213
123 91
81 153
81 154
81 168
81 203
81 204
107 109
107 204
109 49
109 59
109 120
109 179
109 203
109 204
154 25
154 168
154 172
154 224
204 49
204 203
224 25
224 39
224 207
224 235
11 55
11 214
11 222
55 70
55 222
55 225
55 229
214 222
214 228
222 70
222 106
222 228
222 230
222 237
69 99
69 140
69 183
69 186
69 196
74 23
74 46
74 67
74 73
74 86
74 112
74 186
74 201
74 210
99 30
99 66
99 115
99 183
99 190
186 67
186 196
186 208
84 92
84 220
117 128
117 129
117 220
129 128
129 218
129 220
220 218
92 94
92 191
16 90
16 124
16 148
16 156
16 181
16 185
16 189
16 201
90 113
90 139
90 156
90 181
124 48
124 102
124 113
124 132
124 146
124 150
124 181
124 185
148 23
148 86
148 185
148 201
156 112
156 139
156 189
156 212
181 48
181 113
185 23
185 132
185 150
189 46
189 201
189 212
201 46
201 86
201 212
17 18
17 20
17 29
17 66
17 163
17 177
17 217
18 26
18 29
18 47
18 79
18 163
18 175
18 237
20 29
20 54
20 66
20 115
20 177
20 217
29 47
29 66
29 163
29 175
29 190
66 47
66 54
66 115
66 190
163 24
163 26
163 79
163 217
177 54
177 157
177 217
177 219
217 24
217 26
26 24
26 79
26 121
26 165
26 232
47 30
47 96
47 175
47 190
47 205
47 211
79 165
79 175
79 229
79 232
79 237
175 35
175 205
175 211
175 237
237 19
237 35
237 61
237 70
237 80
237 106
237 205
237 229
19 78
19 80
19 106
19 216
19 230
78 61
78 80
78 116
78 133
78 202
78 216
80 61
80 202
106 230
216 37
216 116
216 191
216 230
230 37
230 192
230 228
230 233
230 234
54 115
54 157
54 219
115 190
21 135
21 137
21 145
21 169
135 116
135 133
135 137
135 145
135 173
135 195
135 202
137 62
137 77
137 89
137 166
137 169
137 195
137 196
145 76
145 116
145 169
169 62
169 76
169 191
169 199
22 28
22 60
22 110
22 119
22 162
22 164
22 171
22 182
28 65
28 95
28 110
28 164
60 119
60 164
60 171
60 182
110 48
110 65
110 119
110 162
119 162
119 182
162 48
162 65
164 95
164 171
23 73
23 86
23 97
23 150
73 49
73 77
73 86
73 97
73 149
73 210
97 149
97 150
150 100
150 132
150 149
150 153
150 203
24 121
121 165
121 225
121 232
25 172
25 235
25 240
172 118
172 138
172 152
172 168
172 235
172 240
235 39
235 240
240 118
165 232
232 225
232 229
50 104
50 213
50 238
213 85
213 104
213 114
213 193
213 238
215 198
215 221
215 238
238 114
238 193
238 221
238 226
65 48
65 95
95 48
95 136
95 143
95 160
190 30
30 96
30 183
30 211
96 140
96 159
96 173
96 183
96 211
183 140
211 61
211 159
211 173
211 202
211 205
32 43
32 194
194 43
194 53
194 198
194 221
194 226
43 53
34 48
34 68
34 122
34 127
34 160
48 68
48 102
48 113
48 122
48 125
48 136
48 170
68 113
68 127
122 127
122 136
122 160
122 170
127 113
127 139
127 160
160 136
160 143
35 205
205 61
40 39
40 207
37 191
37 233
191 76
191 87
191 94
191 105
191 116
191 199
233 234
198 221
221 53
221 226
39 207
41 192
41 234
192 228
192 234
53 226
104 85
104 130
104 193
130 85
45 57
45 144
57 144
46 112
46 212
112 212
102 108
102 125
102 146
113 139
125 108
125 138
125 146
136 170
49 77
49 142
49 149
49 179
49 203
77 71
77 89
77 142
77 166
77 210
142 59
142 89
142 141
142 179
149 203
179 59
179 120
179 141
203 153
58 176
58 178
58 206
58 209
91 174
91 206
91 209
147 126
147 176
147 178
147 184
147 209
176 178
206 174
206 209
157 219
70 225
70 229
225 229
178 209
209 126
209 174
209 184
59 94
59 120
59 141
94 105
94 141
141 89
141 105
61 173
61 202
173 140
173 159
173 195
173 196
173 202
202 133
62 89
62 199
89 105
89 166
89 199
199 76
199 105
67 151
67 208
67 210
151 71
151 208
151 210
208 71
208 196
210 71
140 159
140 195
140 196
196 71
196 166
196 195
71 166
76 87
76 116
87 116
116 133
153 100
153 138
153 152
153 168
168 152
101 231
85 193
193 114
174 126
174 184
100 132
100 138
100 146
100 152
132 146
138 146
138 152
146 108
126 184
