98 252
0 8
0 15
0 16
0 17
0 24
0 61
0 69
8 15
8 17
8 63
8 80
8 85
15 16
15 55
15 63
16 24
17 45
17 46
17 61
17 80
24 61
24 69
61 18
61 46
61 47
61 69
69 18
69 52
1 53
1 63
53 35
53 55
53 59
53 62
53 63
53 70
53 71
53 97
63 55
63 70
63 71
63 73
63 85
2 5
2 23
2 71
2 87
5 4
5 6
5 23
5 87
5 92
23 6
23 54
23 71
23 73
71 54
71 73
71 85
71 87
71 97
87 4
87 58
87 72
87 86
87 88
87 93
87 97
3 57
3 58
57 33
57 40
57 58
57 60
57 74
57 96
58 40
58 72
58 94
58 95
58 97
4 20
4 22
4 88
4 91
4 92
4 93
20 19
20 21
20 22
20 30
20 91
20 92
22 21
22 72
22 88
88 72
88 86
88 93
91 19
91 31
91 89
91 90
91 92
92 6
92 89
93 86
6 7
6 73
7 44
7 73
7 77
7 78
7 79
73 78
73 79
73 80
73 85
44 77
44 81
44 83
44 84
77 78
77 81
78 45
78 79
78 81
78 82
79 45
79 80
80 45
80 85
9 10
9 11
9 36
9 37
9 38
9 47
10 11
10 12
10 37
10 39
10 41
11 37
11 38
11 41
36 18
36 38
36 47
36 52
37 39
37 47
37 65
38 41
38 42
47 18
47 46
47 65
12 13
12 39
12 41
39 13
39 43
39 50
39 65
39 67
41 13
41 14
41 42
13 14
13 43
14 42
43 50
55 70
45 46
45 82
46 64
46 65
46 82
18 52
19 26
19 27
19 29
19 30
19 31
26 27
26 34
27 28
27 29
27 30
27 34
29 28
29 30
29 40
29 60
30 21
30 40
30 60
31 51
31 90
21 40
21 72
40 33
40 60
40 72
25 32
25 56
32 28
32 56
32 60
56 33
56 60
56 75
34 51
34 68
28 60
60 33
60 75
90 89
33 74
33 75
35 59
35 76
35 95
35 97
59 95
76 94
76 95
76 97
95 94
95 97
97 94
65 48
65 64
65 66
65 67
50 49
50 66
50 67
67 66
81 82
81 83
81 84
83 84
84 48
84 64
84 82
82 64
64 48
48 66
66 49
62 70
