114 289
0 31
0 43
0 51
0 74
0 94
31 46
31 51
31 56
31 94
31 101
43 2
43 51
43 52
43 74
51 2
51 4
51 56
51 61
51 104
74 23
74 46
74 52
74 94
74 107
94 23
94 46
1 63
1 70
1 72
1 89
63 36
63 66
63 70
63 72
63 90
70 40
70 54
70 83
70 89
70 90
72 66
72 89
72 97
89 67
89 83
89 95
89 97
2 52
2 61
2 62
2 104
52 25
52 55
52 62
52 107
52 111
61 8
61 13
61 62
61 71
61 73
61 104
62 7
62 13
62 32
62 39
62 111
104 4
104 56
3 29
3 34
3 38
3 85
29 21
29 26
29 28
29 34
29 85
34 21
34 24
34 65
38 48
38 58
38 85
85 25
85 26
85 58
85 107
4 56
56 50
56 101
5 6
5 10
5 30
5 84
5 109
6 49
6 84
6 87
6 109
10 30
10 69
10 81
10 84
10 91
10 109
30 53
30 69
30 79
30 82
30 84
30 91
84 82
84 87
84 95
84 96
84 97
109 15
109 81
109 108
49 47
49 48
49 87
87 48
87 67
87 92
87 96
7 13
7 32
13 73
32 39
32 47
8 19
8 71
8 73
19 15
19 71
19 73
19 78
19 108
71 60
71 78
71 81
73 15
9 20
9 23
9 27
9 57
20 23
20 26
20 28
20 57
23 14
23 26
23 46
23 57
23 107
27 57
27 64
57 21
57 28
57 45
57 64
69 91
69 113
81 60
81 78
81 108
91 79
91 112
91 113
11 33
11 37
11 42
11 99
11 102
33 14
33 37
33 86
33 99
33 100
33 102
37 103
42 41
42 102
99 35
99 44
99 59
99 100
99 102
12 16
12 17
12 106
12 112
12 113
16 17
16 68
16 77
16 106
16 112
17 106
106 113
112 68
112 79
112 113
113 79
14 46
14 86
46 86
46 101
86 100
86 101
15 108
108 78
68 36
68 53
68 66
68 77
68 79
68 97
77 36
18 44
18 50
18 59
18 101
44 59
44 100
44 101
50 59
50 101
50 105
59 35
59 100
101 100
78 60
26 28
26 107
28 21
21 45
21 64
21 65
45 24
45 64
45 65
65 24
22 60
22 75
22 76
22 98
60 98
75 76
75 98
75 105
76 105
107 25
25 47
25 55
25 58
47 39
47 48
47 55
47 58
55 39
55 111
58 48
53 79
53 82
53 97
79 82
82 97
39 111
36 66
36 90
66 97
40 54
40 83
54 83
54 88
83 88
83 93
41 80
41 110
80 110
97 95
88 93
67 92
67 95
67 96
95 96
