73 205
0 12
0 21
0 46
12 6
12 15
12 17
12 21
12 48
12 70
21 46
21 48
46 35
46 37
46 48
1 18
1 19
1 25
1 29
18 7
18 9
18 13
18 25
18 29
18 36
18 38
18 58
18 65
18 69
18 72
19 25
19 29
25 7
25 29
25 33
25 34
25 54
25 60
29 58
29 60
2 13
2 20
2 63
2 64
13 9
13 20
13 38
13 57
13 63
20 9
20 10
20 22
20 47
20 49
20 62
20 64
63 14
63 28
63 38
63 57
63 64
64 10
64 14
64 22
64 35
64 50
3 11
3 33
3 34
3 39
3 51
3 54
11 39
11 54
11 56
11 66
11 68
33 4
33 26
33 34
33 51
33 60
34 7
34 54
39 4
39 23
39 30
39 40
39 51
51 4
54 7
54 43
54 68
4 26
4 30
26 30
26 59
26 60
30 23
30 40
30 59
5 6
5 22
5 24
5 32
5 41
5 70
5 71
6 17
6 24
6 41
6 70
22 10
22 15
22 32
22 35
22 41
22 47
24 32
24 70
24 71
32 41
32 47
32 71
41 15
41 17
70 71
71 47
71 61
17 15
17 48
7 8
7 36
7 43
7 45
7 56
7 66
8 66
36 72
43 45
43 68
45 56
45 68
56 66
56 68
9 38
9 49
9 69
38 57
38 58
38 60
49 62
49 69
69 16
69 31
69 62
69 65
10 35
10 50
35 15
35 27
35 37
35 48
35 50
50 14
50 23
50 27
50 44
50 52
15 48
57 14
57 28
57 60
14 23
14 28
23 28
23 40
23 42
23 52
23 59
28 59
28 60
16 31
16 55
16 62
16 65
31 62
55 53
55 62
55 65
55 72
62 53
65 72
58 60
47 61
40 42
40 67
42 44
42 52
42 67
52 44
59 60
27 37
27 44
37 44
44 67
