121 255
0 63
63 15
63 41
63 106
1 23
1 56
23 24
23 56
23 76
23 100
23 118
56 118
2 78
2 86
78 18
78 80
78 86
78 92
78 104
86 19
86 74
86 80
86 99
86 116
3 7
7 29
7 55
4 16
4 109
4 111
109 29
109 55
109 89
109 91
109 110
109 111
111 52
111 54
111 82
111 94
111 110
5 36
5 42
5 51
36 8
36 13
36 51
36 52
36 53
36 90
42 29
42 37
42 89
51 89
51 90
6 21
6 27
6 80
6 87
6 92
21 10
21 27
21 44
21 66
21 87
21 112
27 44
27 66
27 80
80 28
80 30
80 31
80 66
80 71
80 74
80 92
87 10
87 33
87 92
87 104
87 114
92 104
29 55
29 89
55 89
11 69
11 88
69 73
69 88
69 93
69 97
88 97
12 14
12 15
12 96
14 15
14 96
15 96
15 106
96 93
96 95
96 97
96 106
13 53
13 116
53 52
53 75
53 82
116 19
116 39
116 46
116 99
106 72
106 79
106 81
106 93
106 97
17 22
17 70
17 72
17 73
17 79
17 114
22 70
22 73
70 32
70 33
70 50
70 114
72 73
72 79
72 81
73 32
73 81
73 93
79 18
79 114
114 33
114 104
18 104
19 39
19 74
39 26
39 45
39 46
39 67
39 74
74 26
74 30
74 49
20 102
20 103
102 64
102 115
102 120
44 66
44 112
44 118
66 71
66 105
66 118
112 84
112 107
112 118
24 76
76 100
100 47
100 118
118 107
25 34
25 61
25 77
34 28
34 31
34 35
34 38
34 54
34 77
34 113
61 60
61 77
77 31
77 60
77 71
26 30
26 45
26 48
26 49
26 67
26 75
30 28
30 49
45 67
48 35
48 49
48 75
48 94
49 28
49 35
67 46
67 75
75 82
75 94
28 31
28 35
31 35
31 71
35 38
35 54
35 94
89 90
89 91
71 60
32 50
32 101
50 33
38 54
38 113
54 85
54 94
54 113
113 85
94 82
52 82
52 90
52 91
52 110
90 91
37 117
117 120
40 57
40 58
40 59
40 65
40 98
40 120
57 59
57 120
58 59
58 98
65 98
65 120
98 115
98 120
120 68
120 83
120 115
43 99
91 110
62 119
119 108
68 83
93 81
93 97
97 95
