140 417
0 37
0 38
0 40
0 42
0 43
0 44
0 45
37 33
37 35
37 38
37 39
37 42
38 35
38 36
38 40
38 42
40 36
40 44
40 45
42 39
42 43
42 44
42 46
43 44
43 46
43 54
44 45
44 54
45 54
45 56
45 60
45 63
1 2
1 4
1 6
1 7
1 10
1 16
1 18
2 3
2 4
2 5
2 6
4 3
4 5
4 6
4 7
6 7
7 5
7 8
7 10
10 8
10 11
10 13
10 16
16 13
16 17
16 18
16 19
18 17
18 21
18 22
18 23
3 5
3 85
3 86
5 8
5 9
5 85
5 86
85 86
85 87
86 9
86 87
8 9
8 11
8 12
9 12
9 72
9 76
9 87
9 88
9 90
11 12
11 13
11 14
11 15
12 14
12 72
72 14
72 76
76 14
76 73
76 75
76 77
76 78
76 90
87 88
88 89
88 90
88 91
90 78
90 79
90 91
13 15
13 19
13 20
14 15
14 73
14 75
15 20
15 73
15 74
19 17
19 20
19 29
19 30
20 30
20 32
20 34
20 41
20 74
73 57
73 74
73 75
75 49
75 57
75 74
75 77
74 41
74 57
17 23
17 29
23 21
23 22
23 24
23 27
23 28
23 29
29 28
29 30
21 22
30 28
30 31
30 32
32 31
32 33
32 34
34 33
34 39
34 41
41 39
41 48
41 57
24 25
24 27
27 25
27 26
27 28
27 31
27 36
28 31
28 36
25 26
31 33
31 35
31 36
36 35
33 35
33 39
35 39
39 46
39 47
39 48
46 47
46 51
46 53
46 54
46 55
46 56
47 48
47 49
47 50
47 51
47 52
48 49
48 57
57 49
54 55
54 56
56 55
56 58
56 59
56 60
60 59
60 61
60 63
63 59
63 61
63 64
63 65
63 70
63 111
51 50
51 52
51 53
53 52
53 55
53 81
53 82
53 84
55 58
55 59
55 62
55 64
55 67
55 84
55 105
49 50
49 77
50 52
50 77
52 77
52 80
52 81
77 78
77 79
77 80
80 79
80 81
80 83
80 84
80 104
81 82
81 84
82 84
84 104
84 105
58 59
59 61
59 62
59 64
62 64
62 65
62 66
62 67
62 69
62 105
64 61
64 65
64 66
67 66
67 68
67 69
67 105
67 107
105 68
105 104
105 106
105 107
105 108
65 66
65 70
66 69
66 70
66 71
66 112
66 113
69 68
69 112
69 113
70 71
70 111
111 71
111 112
111 115
71 112
112 113
112 114
112 115
112 116
113 68
113 110
113 114
68 107
68 110
107 106
107 108
107 110
110 108
110 109
110 114
110 117
78 79
78 91
79 83
79 91
79 95
79 98
79 104
91 89
91 92
91 95
91 98
83 104
95 92
95 93
95 94
95 96
95 97
95 98
98 97
98 100
98 102
98 104
98 106
104 106
89 92
89 93
92 93
92 94
93 94
94 96
94 97
96 97
96 99
96 134
97 99
97 100
97 102
97 134
99 100
99 101
99 134
134 101
134 135
100 101
100 102
100 103
100 118
100 136
102 103
102 106
102 109
102 118
106 108
106 109
101 103
101 135
101 136
103 118
103 119
103 136
103 137
118 109
118 117
118 119
118 120
136 135
136 137
136 138
135 138
109 108
109 117
119 120
119 124
119 137
137 124
137 126
137 133
137 138
137 139
117 114
117 115
117 116
117 120
117 121
117 122
114 116
115 116
115 121
115 122
121 120
121 122
121 123
122 123
122 125
122 126
120 123
120 124
124 123
124 126
123 125
123 126
125 126
125 127
126 127
126 128
126 129
126 133
127 129
128 129
128 130
128 132
128 133
129 131
129 132
133 130
133 132
133 138
133 139
130 131
130 132
130 138
130 139
132 131
138 139
