200 1074
0 17
0 19
0 29
0 38
0 75
0 83
0 114
0 144
0 175
0 188
1 51
1 56
1 57
1 64
1 65
1 116
1 119
1 122
1 128
1 138
1 142
1 147
1 179
1 186
1 187
2 35
2 79
2 100
2 105
2 182
2 189
2 197
3 20
3 27
3 37
3 82
3 133
4 6
4 59
4 61
4 69
4 80
4 91
4 98
4 102
4 113
4 131
4 148
4 149
4 150
4 177
4 183
5 22
5 24
5 30
5 39
5 58
5 66
5 77
5 87
5 107
5 117
5 140
6 59
6 91
6 102
6 113
6 131
6 148
6 150
6 177
6 183
7 23
7 34
7 55
7 70
7 72
7 92
7 118
7 169
7 181
7 191
8 53
8 180
8 192
8 199
9 26
9 48
9 60
9 62
9 81
9 96
9 97
9 112
9 120
9 126
9 136
9 162
10 28
10 41
10 54
10 76
10 86
10 125
10 141
10 145
10 161
10 171
11 12
11 15
11 47
11 52
11 87
11 107
11 108
11 167
11 193
12 15
12 40
12 52
12 111
12 137
12 167
12 193
12 195
13 63
13 64
13 71
13 124
13 128
13 135
13 151
13 165
13 166
14 46
14 101
15 40
15 52
15 111
15 137
15 167
15 193
15 195
16 66
17 19
17 38
17 61
17 69
17 75
17 91
17 94
17 98
17 99
17 102
17 114
17 175
17 188
18 24
18 35
18 84
18 89
18 106
18 117
18 129
18 141
18 145
18 163
18 171
18 182
18 184
18 189
19 32
19 38
19 61
19 69
19 80
19 83
19 91
19 98
19 102
19 149
19 175
19 188
20 27
20 37
20 133
20 153
21 103
21 104
21 134
21 152
21 168
21 183
22 24
22 30
22 39
22 58
22 66
22 77
22 87
22 107
22 117
22 140
23 29
23 34
23 55
23 70
23 72
23 92
23 109
23 118
23 144
23 169
23 172
23 181
23 191
24 30
24 39
24 58
24 66
24 77
24 106
24 117
24 140
24 141
24 163
24 184
25 36
25 43
25 50
25 55
25 68
25 72
25 85
25 88
25 92
25 109
25 110
25 118
25 185
25 190
25 191
26 45
26 51
26 60
26 62
26 73
26 81
26 96
26 119
26 120
26 136
26 142
26 146
26 158
26 162
26 186
27 37
27 82
27 100
27 133
27 143
28 41
28 54
28 76
28 86
28 125
28 145
28 161
28 178
29 34
29 75
29 83
29 144
29 172
30 39
30 58
30 66
30 77
30 106
30 117
30 140
31 44
31 53
31 59
31 93
31 95
31 115
31 127
31 160
31 176
31 180
31 192
31 199
32 50
32 61
32 69
32 80
32 91
32 102
32 149
32 168
32 175
32 185
33 48
33 49
33 97
33 155
34 41
34 54
34 70
34 130
34 157
34 159
34 161
34 169
34 172
34 178
34 181
35 79
35 84
35 89
35 105
35 106
35 129
35 141
35 145
35 163
35 171
35 182
35 184
35 189
35 197
36 45
36 55
36 65
36 68
36 72
36 88
36 92
36 110
36 118
36 138
36 142
36 147
36 158
36 179
36 186
36 191
37 82
37 100
37 133
37 143
38 75
38 94
38 98
38 99
38 114
38 175
38 188
39 58
39 66
39 77
39 87
39 106
39 107
39 117
39 140
40 111
40 137
40 193
40 195
41 54
41 70
41 76
41 78
41 105
41 121
41 125
41 130
41 145
41 157
41 161
41 171
41 178
41 194
41 197
42 74
42 90
42 135
42 151
42 153
42 154
42 173
42 174
42 198
43 81
43 85
43 96
43 110
43 123
43 156
43 162
43 190
44 53
44 59
44 93
44 115
44 127
44 160
44 164
44 176
44 180
45 65
45 68
45 81
45 96
45 110
45 138
45 142
45 147
45 158
45 179
45 186
45 190
46 101
47 52
47 75
47 86
47 99
47 108
47 114
48 49
48 62
48 97
48 123
48 126
48 136
49 97
49 123
49 139
49 155
50 61
50 80
50 85
50 88
50 92
50 109
50 110
50 149
50 168
50 185
51 73
51 119
51 128
51 142
51 146
52 99
52 111
52 114
52 167
52 193
52 195
53 93
53 95
53 115
53 127
53 160
53 164
53 176
53 180
53 192
53 199
54 70
54 76
54 78
54 105
54 121
54 125
54 130
54 145
54 157
54 161
54 171
54 178
54 194
54 197
55 68
55 72
55 85
55 88
55 92
55 109
55 110
55 118
55 179
55 191
56 57
56 64
56 65
56 116
56 122
56 147
56 179
56 187
56 198
57 64
57 65
57 74
57 116
57 122
57 147
57 187
57 198
58 77
58 87
58 107
58 108
58 117
58 140
59 93
59 113
59 115
59 127
59 131
59 150
59 160
59 176
59 177
60 62
60 81
60 96
60 112
60 119
60 120
60 126
60 136
60 156
60 162
61 69
61 80
61 91
61 98
61 102
61 149
61 150
61 175
61 185
61 188
62 81
62 96
62 120
62 123
62 126
62 136
62 156
62 162
62 190
63 71
63 124
63 135
63 151
63 165
63 166
64 65
64 116
64 122
64 124
64 128
64 135
64 187
64 198
65 116
65 122
65 138
65 142
65 147
65 158
65 179
65 186
65 187
66 117
67 74
67 132
67 143
67 159
67 170
68 72
68 88
68 92
68 96
68 110
68 118
68 138
68 142
68 147
68 158
68 179
68 186
68 190
68 191
69 80
69 91
69 98
69 102
69 131
69 149
69 150
69 175
69 188
70 130
70 157
70 159
70 161
70 169
70 172
70 178
70 181
70 194
71 124
71 135
71 151
71 165
71 166
72 85
72 88
72 92
72 109
72 110
72 118
72 179
72 191
73 119
73 142
73 146
74 132
74 143
74 154
74 173
74 198
75 83
75 86
75 99
75 114
75 175
75 188
76 86
76 125
76 145
76 161
77 87
77 107
77 108
77 117
77 140
78 100
78 105
78 121
78 125
78 130
78 145
78 157
78 159
78 170
78 178
78 194
78 196
78 197
79 84
79 89
79 105
79 129
79 182
79 189
79 197
80 102
80 148
80 149
80 168
80 185
81 96
81 110
81 123
81 126
81 136
81 156
81 158
81 162
81 186
81 190
82 100
82 143
82 170
82 196
83 109
83 144
83 172
83 175
84 89
84 105
84 106
84 125
84 129
84 141
84 145
84 163
84 171
84 182
84 184
84 189
84 197
85 88
85 92
85 109
85 110
85 118
85 185
85 190
86 108
86 161
86 172
87 107
87 108
87 117
87 140
88 92
88 109
88 110
88 118
88 185
88 191
89 106
89 129
89 163
89 182
89 184
89 189
90 101
90 133
90 151
90 153
90 154
90 173
90 174
91 98
91 102
91 131
91 149
91 150
91 175
91 188
92 109
92 110
92 118
92 144
92 191
93 115
93 127
93 160
93 164
93 176
93 180
94 95
94 98
94 99
94 114
94 188
94 199
95 98
95 115
95 150
95 160
95 176
95 192
95 199
96 110
96 119
96 126
96 136
96 138
96 142
96 156
96 158
96 162
96 186
96 190
97 123
97 126
97 155
98 102
98 150
98 175
98 176
98 188
99 114
99 188
100 121
100 170
100 196
101 153
101 174
102 131
102 149
102 150
102 175
102 188
103 104
103 134
103 152
104 148
104 152
104 183
105 121
105 125
105 145
105 171
105 182
105 189
105 194
105 196
105 197
106 117
106 141
106 163
106 171
106 182
106 184
106 189
107 108
107 117
107 140
108 140
109 118
109 144
109 185
109 191
110 118
110 138
110 156
110 158
110 179
110 186
110 190
111 137
111 193
111 195
112 120
112 136
113 131
113 148
113 177
113 183
114 175
114 188
115 127
115 150
115 160
115 176
115 199
116 122
116 138
116 142
116 147
116 179
116 186
116 187
117 140
117 163
117 184
118 191
119 142
119 146
119 147
119 158
120 126
120 136
120 162
121 125
121 130
121 145
121 157
121 159
121 169
121 170
121 178
121 194
121 196
121 197
122 147
122 187
122 198
123 126
123 134
123 156
123 162
124 135
124 151
124 165
124 166
125 130
125 145
125 157
125 161
125 171
125 178
125 194
125 197
126 136
126 156
126 162
127 160
127 164
127 176
127 180
128 146
128 165
128 187
129 182
129 189
130 157
130 159
130 161
130 169
130 170
130 178
130 181
130 194
130 196
131 148
131 150
131 177
131 183
132 143
132 159
132 169
132 170
133 153
134 152
134 156
134 168
135 151
135 154
135 165
135 166
135 174
135 198
136 162
137 167
137 193
137 195
138 142
138 147
138 158
138 179
138 186
139 155
141 145
141 163
141 171
141 182
141 184
141 189
141 197
142 146
142 147
142 158
142 179
142 186
143 173
144 172
144 175
145 163
145 171
145 182
145 184
145 197
147 158
147 179
147 186
147 187
148 149
148 168
148 177
148 183
149 168
149 185
150 176
151 154
151 166
151 174
151 198
152 168
152 183
153 154
153 173
153 174
154 173
154 174
154 198
156 162
156 190
157 159
157 161
157 169
157 170
157 178
157 181
157 194
157 196
158 179
158 186
158 190
159 169
159 170
159 178
159 181
159 194
159 196
160 164
160 176
160 180
160 192
160 199
161 172
161 178
161 181
162 190
163 171
163 182
163 184
163 189
164 180
165 166
166 174
167 193
168 185
169 170
169 178
169 181
169 194
169 196
170 178
170 194
170 196
171 182
171 184
171 189
171 197
172 178
172 181
173 174
173 198
174 198
175 188
176 180
176 192
176 199
177 183
178 181
178 194
179 186
180 192
181 194
182 184
182 189
182 197
184 189
187 198
189 197
192 199
193 195
194 196
194 197
196 197
