200 1096
0 4
0 12
0 39
0 48
0 53
0 68
0 76
0 77
0 79
0 91
0 105
0 124
0 133
0 146
0 147
0 149
0 188
0 192
0 193
1 2
1 20
1 22
1 30
1 43
1 85
1 95
1 111
1 152
1 177
2 13
2 17
2 20
2 22
2 30
2 43
2 85
2 93
2 95
2 107
2 111
2 152
2 172
3 92
3 96
3 109
4 37
4 48
4 68
4 77
4 79
4 141
4 147
4 183
4 188
4 192
4 193
4 196
5 19
5 40
5 55
5 116
5 125
5 179
6 25
6 27
6 69
6 74
6 97
6 118
6 119
6 150
6 154
6 166
6 175
7 10
7 16
7 27
7 28
7 36
7 55
7 69
7 81
7 86
7 97
7 99
7 118
7 125
7 150
8 39
8 49
8 53
8 64
8 91
8 102
8 121
8 132
8 133
8 146
8 159
8 194
9 35
9 50
9 58
9 72
9 115
9 153
9 162
9 173
9 181
9 182
9 186
10 16
10 27
10 28
10 69
10 81
10 86
10 97
10 99
10 125
10 127
10 150
10 157
10 166
11 14
11 24
11 42
11 63
11 103
11 140
11 142
11 155
11 156
11 160
11 198
12 32
12 48
12 64
12 66
12 67
12 79
12 82
12 89
12 108
12 112
12 124
12 149
12 151
12 189
13 30
13 85
13 93
13 95
13 100
13 172
14 24
14 29
14 54
14 84
14 88
14 110
14 114
14 135
14 136
14 140
14 142
14 155
14 164
14 168
14 187
15 74
15 119
15 154
15 175
16 27
16 28
16 36
16 55
16 69
16 81
16 86
16 97
16 99
16 125
16 150
17 20
17 30
17 65
17 95
17 107
17 172
18 23
18 45
18 52
18 62
18 90
18 94
18 130
18 138
18 148
18 163
18 167
19 34
19 38
19 40
19 55
19 73
19 125
19 135
19 179
19 191
20 22
20 30
20 43
20 85
20 95
20 107
20 111
20 152
20 177
21 68
21 71
21 76
21 101
21 105
21 126
21 132
21 133
21 143
21 146
21 156
21 159
21 161
21 190
21 192
21 193
21 198
22 30
22 43
22 95
22 107
22 111
22 152
22 177
23 45
23 46
23 67
23 90
23 94
23 130
23 138
23 148
23 153
23 163
23 167
23 182
24 37
24 54
24 136
24 140
24 141
24 142
24 155
24 168
25 74
25 119
25 154
25 174
25 175
26 31
26 80
26 87
26 102
26 123
26 170
27 28
27 33
27 69
27 81
27 86
27 97
27 99
27 150
27 157
27 166
28 33
28 69
28 81
28 86
28 99
28 127
28 139
28 150
28 157
28 166
29 42
29 96
29 128
29 140
29 142
29 164
29 176
29 187
30 43
30 85
30 95
30 107
30 111
30 152
30 172
31 64
31 80
31 102
31 123
31 151
31 170
31 189
32 46
32 48
32 67
32 72
32 79
32 82
32 89
32 108
32 112
32 124
32 147
32 149
32 167
32 181
32 186
33 86
33 99
33 127
33 157
33 166
34 40
34 54
34 73
34 84
34 88
34 110
34 114
34 125
34 135
34 168
34 179
34 191
35 38
35 47
35 50
35 72
35 115
35 144
35 147
35 162
35 169
35 181
35 196
36 55
36 78
36 97
36 118
36 131
36 134
36 150
37 77
37 136
37 141
37 145
37 155
37 183
37 193
37 196
38 40
38 50
38 115
38 141
38 144
38 145
38 162
38 169
38 179
39 53
39 64
39 68
39 76
39 79
39 91
39 101
39 105
39 126
39 132
39 133
39 146
39 149
39 192
39 193
39 194
40 73
40 110
40 125
40 135
40 145
40 168
40 169
40 179
40 191
41 92
41 113
41 127
41 139
42 63
42 103
42 128
42 140
42 142
42 160
42 176
42 199
43 85
43 95
43 107
43 111
43 152
43 177
44 51
44 94
44 130
44 171
45 46
45 62
45 90
45 94
45 130
45 138
45 148
45 153
45 163
45 167
45 182
46 67
46 82
46 89
46 94
46 108
46 112
46 124
46 130
46 138
46 153
46 167
46 182
46 186
47 50
47 57
47 58
47 115
47 116
47 120
47 129
47 137
47 162
47 180
47 195
48 77
48 79
48 82
48 91
48 108
48 112
48 124
48 147
48 149
48 186
48 188
49 53
49 64
49 102
49 121
49 132
49 146
49 159
49 190
49 194
50 57
50 58
50 72
50 115
50 120
50 129
50 137
50 144
50 162
50 195
51 66
51 67
51 89
51 151
51 171
51 189
52 59
52 60
52 62
52 90
52 117
52 148
52 163
53 64
53 68
53 76
53 91
53 105
53 132
53 133
53 146
53 159
53 194
54 73
54 84
54 88
54 110
54 114
54 135
54 136
54 140
54 142
54 155
54 164
54 168
54 187
54 191
55 125
55 134
55 179
56 96
56 98
56 109
56 128
56 176
57 65
57 116
57 120
57 129
57 137
57 162
57 180
57 195
58 72
58 115
58 129
58 137
58 162
58 173
58 181
58 186
59 60
59 62
59 90
59 117
59 148
59 163
60 62
60 117
61 70
61 106
61 158
61 178
61 184
62 90
62 117
62 148
62 163
63 83
63 103
63 128
63 160
63 165
63 176
63 197
63 199
64 76
64 91
64 133
64 146
64 149
64 189
64 194
65 129
65 137
65 180
65 195
66 67
66 82
66 89
66 112
66 151
66 171
66 189
67 82
67 89
67 94
67 108
67 112
67 124
67 138
67 151
67 167
67 171
67 189
68 71
68 76
68 77
68 79
68 91
68 101
68 105
68 126
68 132
68 133
68 146
68 156
68 161
68 192
68 193
69 86
69 97
69 99
69 118
69 150
69 157
69 166
69 175
70 78
70 106
70 131
70 134
70 158
70 178
70 184
71 76
71 101
71 105
71 126
71 132
71 133
71 143
71 146
71 156
71 159
71 161
71 190
71 192
71 198
72 115
72 147
72 153
72 162
72 181
72 182
72 186
73 81
73 84
73 88
73 110
73 114
73 125
73 135
73 168
73 179
73 187
73 191
74 119
74 154
74 175
75 104
75 122
76 79
76 91
76 101
76 105
76 126
76 132
76 133
76 146
76 159
76 161
76 192
76 193
76 194
77 79
77 105
77 141
77 147
77 183
77 188
77 192
77 193
77 196
78 116
78 131
78 134
78 158
78 178
78 184
79 91
79 105
79 124
79 147
79 149
79 188
79 196
80 87
80 102
80 123
80 170
81 86
81 97
81 99
81 125
81 127
82 89
82 108
82 112
82 124
82 138
82 149
82 167
82 186
83 122
83 160
83 165
83 176
83 197
83 199
84 88
84 110
84 114
84 135
84 140
84 155
84 164
84 168
84 187
84 191
85 95
85 111
85 152
86 99
86 127
86 139
86 150
86 157
86 166
87 123
87 170
88 110
88 114
88 135
88 140
88 164
88 168
88 187
89 94
89 108
89 112
89 124
89 138
89 151
89 167
89 171
89 189
90 138
90 148
90 153
90 163
90 167
90 173
90 182
91 105
91 132
91 133
91 146
91 149
91 192
91 194
92 96
92 109
92 114
92 187
93 100
93 172
94 112
94 130
94 138
94 153
94 167
94 171
95 107
95 111
95 152
95 172
96 98
96 109
96 128
96 164
96 187
97 118
97 131
97 150
97 166
97 175
98 109
98 128
98 176
99 127
99 139
99 150
99 157
99 166
100 158
100 172
101 105
101 126
101 132
101 133
101 143
101 146
101 156
101 159
101 161
101 190
101 192
101 198
102 121
102 194
103 143
103 156
103 160
103 161
103 185
103 197
103 198
103 199
104 122
105 126
105 132
105 133
105 146
105 156
105 161
105 192
105 193
105 194
106 158
106 178
107 111
107 152
107 177
108 112
108 124
108 138
108 149
108 153
108 167
108 181
108 182
108 186
110 114
110 135
110 136
110 140
110 155
110 164
110 168
110 179
110 187
110 191
111 152
111 177
112 124
112 138
112 149
112 153
112 167
112 182
112 186
113 127
113 139
114 139
114 164
114 168
114 187
115 129
115 137
115 144
115 147
115 162
115 169
115 181
116 120
116 129
116 137
116 180
116 184
116 195
117 173
118 131
118 134
118 150
118 174
119 154
119 174
119 175
120 129
120 137
120 162
120 180
120 195
121 159
121 190
121 194
122 165
123 170
124 147
124 149
124 186
124 188
125 135
125 179
125 191
126 132
126 133
126 146
126 156
126 161
126 192
126 193
126 198
127 139
127 157
128 140
128 142
128 176
129 137
129 162
129 180
129 195
130 138
130 167
130 171
131 134
131 178
132 133
132 146
132 156
132 159
132 161
132 190
132 192
132 193
132 194
133 146
133 159
133 161
133 192
133 193
133 194
134 178
134 184
135 136
135 145
135 168
135 179
135 191
136 140
136 141
136 145
136 155
136 168
136 169
136 183
137 162
137 180
137 195
138 148
138 153
138 167
138 171
138 182
140 142
140 155
140 164
140 168
140 187
141 144
141 145
141 155
141 169
141 183
141 188
141 196
142 155
142 160
142 164
143 156
143 160
143 161
143 185
143 197
143 198
143 199
144 145
144 162
144 169
144 183
144 196
145 155
145 169
145 183
145 196
146 159
146 161
146 192
146 193
146 194
147 181
147 186
147 188
147 196
148 153
148 163
148 167
148 182
149 188
150 157
150 166
150 175
151 171
151 189
152 177
153 167
153 181
153 182
153 186
154 175
155 164
155 168
155 183
156 161
156 192
156 193
156 198
157 166
158 184
159 161
159 190
159 194
160 165
160 197
160 198
160 199
161 192
161 193
161 198
162 169
162 181
164 168
164 187
165 197
165 199
166 175
167 182
168 179
168 187
168 191
169 179
169 183
169 196
178 184
179 191
180 184
180 195
181 182
181 186
182 186
183 188
183 196
185 197
185 198
188 196
192 193
193 196
197 198
197 199
