30 146
0 3
0 7
0 8
0 11
0 13
0 14
0 18
0 21
0 25
0 28
1 2
1 3
1 4
1 6
1 7
1 14
1 17
1 18
1 23
1 24
1 27
1 28
1 29
2 3
2 4
2 5
2 6
2 7
2 8
2 14
2 17
2 18
2 22
2 24
2 27
2 28
2 29
3 4
3 5
3 6
3 7
3 8
3 14
3 17
3 18
3 22
3 24
3 28
3 29
4 5
4 6
4 7
4 8
4 14
4 22
4 28
4 29
5 7
5 10
5 14
5 22
5 28
6 7
6 14
6 17
6 18
6 22
6 24
6 27
6 28
6 29
7 8
7 11
7 13
7 14
7 18
7 25
7 28
7 29
8 11
8 13
8 14
8 18
8 21
8 25
8 28
8 29
9 12
9 13
9 16
9 18
9 19
9 20
9 21
9 25
9 26
10 22
11 13
11 14
11 21
11 28
12 16
12 19
12 20
12 26
13 14
13 18
13 21
13 25
13 28
14 18
14 22
14 25
14 28
14 29
15 21
15 26
16 19
16 20
16 26
17 18
17 20
17 23
17 24
17 25
17 27
17 29
18 20
18 25
18 27
18 28
18 29
19 26
20 25
20 27
21 26
22 28
23 24
23 27
23 29
24 27
24 29
25 27
25 29
27 29
28 29
