400 1732
0 49
0 52
0 91
0 103
0 122
0 184
0 210
0 229
0 257
0 271
0 353
1 79
1 121
1 162
1 190
1 251
1 302
1 337
1 367
1 387
2 24
2 66
2 131
2 179
2 188
2 192
2 232
2 267
2 274
2 294
2 300
2 312
2 346
2 369
2 391
3 10
3 63
3 186
3 223
4 23
4 120
4 184
4 209
4 242
4 247
4 374
5 54
5 144
5 198
5 281
5 356
6 74
6 78
6 106
6 139
6 371
6 373
7 27
7 35
7 105
7 116
7 156
7 209
7 297
7 379
7 381
8 9
8 48
8 93
8 123
8 180
8 185
8 305
8 350
8 364
9 101
9 108
9 123
9 158
9 180
9 214
9 322
9 345
9 350
9 358
10 63
10 186
10 223
11 32
11 60
11 70
11 73
11 172
11 203
11 240
11 259
11 347
12 69
12 95
12 153
12 155
12 164
12 204
12 246
12 329
13 48
13 93
13 107
13 115
13 147
13 149
13 305
13 330
13 342
13 364
14 57
14 74
14 92
14 98
14 100
14 171
14 205
14 220
14 266
14 280
14 282
14 306
14 351
14 354
14 361
14 373
15 223
15 281
15 286
15 355
15 380
16 34
16 89
16 210
16 216
16 226
16 253
16 287
16 316
16 372
17 99
17 163
17 233
17 234
17 258
17 261
17 288
17 341
18 35
18 62
18 156
18 278
18 298
18 379
19 67
19 69
19 82
19 83
19 153
19 164
19 197
19 246
19 388
20 168
20 199
20 231
20 235
20 308
20 336
20 368
21 22
21 30
21 56
21 72
21 129
21 174
21 181
21 236
21 268
21 366
22 56
22 72
22 129
22 181
22 226
22 236
22 268
22 316
23 76
23 91
23 103
23 120
23 122
23 184
23 229
23 242
23 247
23 271
24 66
24 85
24 187
24 193
24 232
24 260
24 262
24 267
24 274
24 294
24 300
24 312
24 391
25 68
25 84
25 134
25 135
25 218
25 239
25 244
25 250
25 270
25 273
25 276
25 309
25 321
26 71
26 80
26 173
26 290
26 332
26 334
26 370
26 376
26 393
27 35
27 156
27 209
27 297
27 379
27 381
28 38
28 41
28 124
28 127
28 137
28 159
28 165
28 169
28 219
28 224
28 230
28 343
29 75
29 154
29 315
29 352
29 394
30 61
30 72
30 113
30 161
30 174
30 211
30 236
30 237
30 279
30 331
30 366
31 44
31 97
31 131
31 132
31 146
31 167
31 206
31 213
31 215
32 73
32 130
32 139
32 203
32 347
33 148
33 202
33 212
33 241
33 284
33 289
33 292
33 344
34 65
34 89
34 117
34 210
34 216
34 253
34 291
34 335
34 372
34 384
35 62
35 156
35 297
35 379
35 381
36 56
36 182
36 231
36 235
36 299
36 336
37 39
37 111
37 126
37 222
37 285
37 313
38 124
38 125
38 127
38 137
38 165
38 224
38 230
38 277
38 397
39 111
39 126
39 222
39 285
39 313
39 334
40 59
40 158
40 189
40 207
40 221
40 348
40 359
40 383
41 165
41 169
41 219
41 230
41 343
42 76
42 162
42 177
42 229
42 251
42 260
42 262
42 357
42 367
43 64
43 88
43 225
43 248
43 283
43 301
43 319
43 378
43 382
44 97
44 167
44 179
44 188
44 199
44 215
44 308
44 368
44 385
45 50
45 186
45 272
46 64
46 283
46 296
46 319
46 360
47 79
47 86
47 118
47 275
47 302
47 320
48 93
48 107
48 149
48 180
48 303
48 305
48 330
48 350
48 364
49 91
49 94
49 103
49 122
49 177
49 184
49 229
49 271
49 357
50 60
50 259
50 272
51 86
51 90
51 98
51 118
51 171
51 275
51 320
51 389
52 91
52 103
52 104
52 117
52 122
52 138
52 201
52 210
52 243
52 257
52 263
52 271
52 291
52 328
52 353
52 384
52 386
53 127
53 128
53 137
53 339
53 340
54 144
54 198
54 208
54 281
54 301
55 74
55 112
55 135
55 244
55 250
55 266
55 280
55 282
55 318
55 354
55 361
55 373
55 377
55 395
56 129
56 181
56 182
56 226
56 268
56 287
56 316
57 74
57 78
57 92
57 100
57 205
57 220
57 266
57 306
57 351
57 354
57 373
58 143
58 157
58 183
58 269
59 67
59 95
59 348
59 383
60 70
60 172
60 240
60 259
60 338
60 347
61 109
61 151
61 279
62 156
62 340
62 381
63 186
63 223
63 272
64 225
64 283
64 296
64 319
64 360
65 155
65 204
65 216
65 253
65 291
65 335
65 372
65 384
66 85
66 187
66 193
66 232
66 260
66 262
66 267
66 274
66 300
66 312
66 391
67 95
67 153
67 164
67 166
67 348
67 383
67 388
68 112
68 135
68 218
68 244
68 250
68 270
68 318
68 395
69 82
69 83
69 95
69 153
69 164
69 197
69 246
69 329
69 388
70 73
70 172
70 203
70 240
70 259
70 338
70 347
71 114
71 141
71 173
71 334
72 113
72 129
72 174
72 181
72 211
72 236
72 268
72 366
73 92
73 100
73 172
73 203
73 220
73 240
73 306
73 347
73 351
74 78
74 106
74 205
74 228
74 266
74 280
74 306
74 351
74 361
74 373
74 395
75 315
75 352
75 363
76 162
76 184
76 229
76 247
76 251
76 264
76 367
77 82
77 83
77 197
77 285
78 106
78 139
78 205
78 266
78 306
78 351
78 371
78 373
79 121
79 162
79 190
79 302
79 337
79 367
79 387
80 105
80 116
80 141
80 173
80 370
80 376
81 84
81 121
81 134
81 273
81 276
81 293
81 295
81 302
81 321
81 337
81 387
82 83
82 153
82 164
82 197
82 285
82 327
83 153
83 164
83 178
83 197
83 246
83 285
83 327
83 329
84 134
84 218
84 244
84 250
84 273
84 276
84 293
84 318
84 321
85 118
85 187
85 193
85 232
85 251
85 260
85 262
85 275
85 311
85 367
86 90
86 118
86 275
86 311
86 320
87 108
87 174
87 221
87 236
87 252
87 317
87 322
87 331
87 359
88 191
88 208
88 225
88 248
88 283
88 301
88 378
88 382
88 396
88 398
89 226
89 227
89 253
89 287
89 316
89 372
90 98
90 118
90 171
90 275
90 320
90 389
91 103
91 120
91 122
91 184
91 229
91 257
91 271
91 328
91 353
92 100
92 172
92 205
92 220
92 306
92 351
92 354
93 115
93 147
93 149
93 305
93 330
93 342
93 364
94 177
94 260
94 312
94 357
95 153
95 155
95 164
95 204
95 246
95 329
95 348
96 144
96 206
96 338
96 356
97 179
97 188
97 199
97 215
97 256
97 308
97 368
97 385
98 100
98 171
98 205
98 282
98 354
99 163
99 233
99 258
99 288
99 324
99 341
99 392
99 394
100 171
100 172
100 205
100 220
100 240
100 306
100 323
100 351
100 354
101 102
101 123
101 145
101 180
101 214
101 217
101 326
101 345
101 350
101 358
102 214
102 217
102 326
102 345
102 348
102 350
102 358
102 383
103 120
103 122
103 184
103 229
103 257
103 271
103 328
103 353
104 117
104 138
104 196
104 201
104 243
104 257
104 263
104 271
104 328
104 332
104 353
104 384
104 386
104 393
105 116
105 173
105 297
106 139
106 371
107 145
107 180
107 303
107 330
107 364
108 123
108 158
108 189
108 214
108 322
108 345
108 358
110 185
110 245
110 325
110 349
110 365
111 126
111 222
111 285
111 313
111 334
112 135
112 228
112 244
112 250
112 266
112 280
112 318
112 361
112 377
112 395
113 161
113 174
113 211
113 236
113 268
113 317
113 331
113 366
114 126
114 141
114 222
114 334
114 397
115 149
115 305
115 342
115 364
115 399
116 173
116 297
117 138
117 201
117 210
117 216
117 243
117 253
117 257
117 263
117 291
117 353
117 372
117 384
118 187
118 193
118 275
118 311
118 320
118 389
119 142
119 161
119 200
119 237
119 279
120 242
120 257
120 271
120 328
120 332
120 353
120 370
120 376
120 386
121 190
121 293
121 295
121 302
121 337
121 352
121 387
122 177
122 184
122 229
122 271
122 353
122 357
123 180
123 214
123 345
123 350
123 358
124 125
124 127
124 137
124 159
124 165
124 169
124 224
124 230
124 277
124 343
124 397
125 165
125 224
125 277
125 397
126 222
126 313
126 397
127 137
127 159
127 165
127 219
127 224
127 230
127 339
127 397
128 152
128 340
129 174
129 181
129 236
129 268
129 366
130 139
130 203
131 132
131 167
131 179
131 188
131 213
131 267
131 274
131 294
131 300
131 346
132 146
132 167
132 213
132 267
132 294
132 300
133 136
133 176
133 378
134 218
134 244
134 250
134 273
134 276
134 293
134 318
134 321
135 218
135 228
135 244
135 250
135 270
135 280
135 318
135 395
136 176
136 378
137 159
137 165
137 224
137 230
137 339
138 196
138 201
138 243
138 257
138 263
138 271
138 328
138 332
138 353
138 384
138 386
138 393
139 371
140 170
140 239
140 249
140 270
140 309
141 173
141 339
142 150
142 151
142 200
142 279
142 333
143 157
143 183
143 228
143 269
143 390
144 198
144 356
145 180
145 303
145 326
145 350
146 213
146 323
147 149
147 330
147 342
147 364
148 202
148 212
148 241
148 284
148 289
148 292
148 344
149 305
149 330
149 342
149 364
150 151
150 176
150 333
151 200
151 279
151 333
152 219
153 164
153 197
153 246
153 329
153 388
154 315
154 324
154 392
155 201
155 204
155 263
155 384
156 209
156 297
156 379
156 381
157 160
157 183
157 238
157 269
157 310
157 375
157 390
158 189
158 207
158 221
158 358
158 359
158 383
159 165
159 169
159 219
159 224
159 230
159 343
160 202
160 212
160 238
160 284
160 310
160 375
160 390
161 174
161 211
161 237
161 331
161 365
161 366
162 190
162 251
162 367
163 233
163 258
163 288
163 324
163 341
164 197
164 246
164 329
164 388
165 169
165 219
165 224
165 230
165 277
165 343
165 397
166 388
167 179
167 188
167 213
167 267
167 294
167 300
168 175
168 195
168 199
168 256
168 398
169 219
169 230
169 343
170 249
170 309
170 314
171 205
171 282
171 351
171 354
171 361
171 377
172 203
172 220
172 240
172 306
172 323
172 338
172 347
173 370
173 376
174 211
174 236
174 252
174 268
174 317
174 331
174 366
175 191
175 195
175 255
175 396
175 398
177 229
177 260
177 357
178 196
178 290
178 327
178 329
178 393
179 188
179 192
179 294
179 308
179 346
179 368
179 385
180 214
180 303
180 345
180 350
180 364
181 226
181 236
181 268
181 316
182 226
182 231
182 235
182 299
182 336
182 369
183 269
184 229
184 242
184 247
184 271
185 245
185 365
186 272
187 193
187 232
187 262
187 267
187 274
187 275
187 294
187 300
187 311
187 389
187 391
188 192
188 235
188 294
188 308
188 346
188 368
188 369
188 385
189 207
189 221
189 348
189 358
189 359
189 383
190 264
190 295
190 302
190 337
190 367
190 387
191 195
191 248
191 301
191 378
191 382
191 396
191 398
192 267
192 294
192 300
192 308
192 346
192 369
192 391
193 232
193 260
193 262
193 267
193 274
193 275
193 300
193 311
193 389
193 391
194 254
194 265
194 286
194 304
194 307
194 362
195 255
195 396
196 201
196 204
196 243
196 263
196 290
196 329
196 332
196 386
196 393
197 246
197 388
198 208
198 281
198 356
199 231
199 235
199 308
199 336
199 368
199 385
200 237
200 279
200 333
201 204
201 243
201 257
201 263
201 291
201 328
201 353
201 384
201 386
202 212
202 238
202 284
202 310
202 344
202 390
203 347
204 246
204 263
204 329
204 384
205 220
205 266
205 280
205 282
205 306
205 351
205 354
205 361
205 373
206 338
207 221
207 359
208 301
208 382
208 396
208 398
209 242
209 297
209 374
209 379
210 216
210 253
210 291
210 372
211 236
211 317
211 331
211 366
212 238
212 241
212 284
212 289
212 292
212 310
212 344
213 267
213 274
213 294
213 300
213 389
214 326
214 345
214 350
214 358
215 385
216 253
216 291
216 335
216 372
216 384
217 326
217 358
218 239
218 244
218 250
218 270
218 273
218 276
218 309
218 321
219 224
219 230
219 343
220 306
220 323
220 351
220 354
221 252
221 359
222 313
222 334
222 397
223 355
224 230
224 277
224 339
224 343
224 397
225 283
225 319
225 378
226 287
226 316
227 287
227 299
227 369
228 266
228 280
228 373
228 395
229 247
229 357
230 343
231 235
231 299
231 308
231 336
231 368
232 267
232 274
232 294
232 300
232 389
232 391
233 234
233 258
233 261
233 288
233 341
234 249
234 258
234 261
234 314
234 341
235 299
235 308
235 336
235 346
235 368
235 369
236 252
236 268
236 317
236 331
236 366
238 284
238 310
238 375
238 390
239 249
239 270
239 273
239 309
239 321
240 259
240 323
240 338
240 347
241 284
241 289
241 292
241 344
242 247
242 374
243 257
243 263
243 290
243 328
243 332
243 353
243 370
243 384
243 386
243 393
244 250
244 318
244 377
244 395
245 349
245 365
246 329
247 264
248 283
248 301
248 378
248 382
248 396
248 398
249 309
249 314
250 318
250 377
251 262
251 357
251 367
252 268
252 317
252 322
252 331
252 359
253 291
253 335
253 372
253 384
254 265
254 286
254 304
254 307
254 362
256 385
256 396
256 398
257 263
257 271
257 328
257 332
257 353
257 384
257 386
257 393
258 261
258 288
258 341
259 272
259 338
259 347
260 262
260 312
260 357
261 314
262 311
262 312
262 357
263 291
263 328
263 353
263 384
263 386
263 393
264 363
264 374
265 304
265 307
266 280
266 282
266 354
266 361
266 373
266 377
266 395
267 274
267 294
267 300
267 389
267 391
268 316
268 366
270 309
271 328
271 353
273 276
273 293
273 321
274 294
274 300
274 389
274 391
275 311
275 320
275 389
276 293
276 295
276 321
277 397
278 298
280 282
280 354
280 361
280 373
280 377
280 395
281 355
281 380
282 318
282 354
282 361
282 377
283 301
283 319
283 360
283 378
283 382
284 289
284 292
284 310
284 344
285 327
286 304
286 307
286 355
286 362
286 380
287 316
288 324
288 341
288 394
289 292
289 344
290 327
290 329
290 386
290 393
291 335
291 372
291 384
292 344
293 295
293 302
293 321
293 337
293 387
294 300
294 346
294 391
295 302
295 337
295 352
295 387
296 319
296 360
296 362
297 379
297 381
299 336
299 369
300 389
300 391
301 360
301 378
301 382
301 396
301 398
302 337
302 387
303 326
303 330
303 350
304 307
304 355
304 362
304 380
305 342
305 364
306 351
306 354
306 373
307 355
307 362
308 336
308 346
308 368
308 385
310 375
310 390
311 320
311 367
312 391
315 363
317 322
317 331
317 366
318 361
318 377
320 389
322 331
322 359
323 338
324 392
324 394
325 349
325 365
326 345
326 350
326 358
327 329
328 332
328 353
328 370
328 386
328 393
330 364
331 366
332 370
332 376
332 386
332 393
335 372
335 384
336 368
337 352
337 387
340 381
341 394
345 350
345 358
346 368
346 369
346 391
348 358
348 383
349 365
350 358
351 354
351 373
352 387
353 386
354 361
354 373
354 377
355 380
358 383
361 373
361 377
361 395
363 374
368 385
369 391
370 376
370 386
370 393
372 384
375 390
376 386
376 393
378 382
378 396
379 381
382 396
382 398
386 393
396 398
