500 2847
0 38
0 87
0 142
0 192
0 370
0 409
0 485
1 26
1 28
1 95
1 181
1 278
1 299
1 314
1 350
1 356
1 380
1 488
2 132
2 226
2 273
2 312
2 422
2 423
2 444
2 492
3 55
3 166
3 215
3 229
3 252
3 305
3 319
3 327
3 362
3 363
3 482
4 70
4 127
4 226
4 352
4 387
4 423
4 444
5 15
5 81
5 92
5 140
5 165
5 185
5 191
5 214
5 291
5 303
5 310
5 328
5 333
5 345
5 357
5 360
5 396
5 408
5 476
6 141
6 153
6 198
6 237
6 268
6 296
6 349
6 399
6 426
7 33
7 71
7 82
7 108
7 109
7 138
7 148
7 171
7 234
7 276
7 322
7 419
8 69
8 152
8 197
8 297
8 413
8 442
8 445
8 454
8 472
9 32
9 39
9 46
9 89
9 241
9 254
9 279
9 305
9 327
9 332
9 339
9 362
9 394
9 464
9 466
9 482
10 13
10 100
10 154
10 346
10 365
10 386
10 410
10 425
10 479
11 16
11 25
11 52
11 98
11 214
11 293
11 333
11 345
12 56
12 226
12 227
12 257
12 295
12 314
12 350
12 380
12 383
12 422
12 424
13 24
13 30
13 77
13 100
13 154
13 236
13 246
13 269
13 292
13 346
13 386
13 410
13 425
13 479
14 25
14 41
14 121
14 135
14 203
14 274
14 283
14 364
15 95
15 98
15 128
15 140
15 216
15 278
15 299
15 303
15 310
15 328
15 357
15 396
16 20
16 52
16 98
16 101
16 105
16 253
16 293
16 435
17 73
17 88
17 115
17 122
17 126
17 143
17 146
17 167
17 180
17 182
17 199
17 211
17 284
17 334
17 353
17 417
17 481
17 483
17 485
18 19
18 51
18 66
18 84
18 117
18 133
18 137
18 172
18 237
18 264
18 268
18 280
18 297
18 384
18 472
19 51
19 66
19 84
19 117
19 133
19 137
19 172
19 237
19 264
19 280
19 384
19 472
20 101
20 105
20 120
20 150
20 194
20 249
20 253
20 286
20 287
20 415
20 435
21 53
21 80
21 96
21 132
21 309
21 329
21 337
21 414
21 451
21 474
21 484
21 492
22 189
22 390
22 392
22 395
22 436
23 160
23 217
23 316
23 446
23 449
24 30
24 111
24 147
24 177
24 236
24 246
24 269
24 410
24 412
25 41
25 52
25 121
25 203
25 214
25 274
25 283
25 293
25 333
25 345
26 95
26 98
26 278
26 314
26 350
26 356
26 380
26 424
26 429
27 47
27 118
27 175
27 176
27 202
27 222
27 231
27 240
27 247
27 320
27 366
27 388
27 389
27 398
27 431
27 467
27 493
28 86
28 95
28 128
28 139
28 181
28 216
28 238
28 244
28 278
28 299
28 380
28 440
28 486
28 488
29 145
29 212
29 221
29 381
29 470
30 77
30 111
30 147
30 154
30 177
30 236
30 246
30 269
30 292
30 410
30 425
30 479
31 224
31 268
31 294
31 434
31 465
32 39
32 46
32 79
32 89
32 241
32 254
32 279
32 290
32 305
32 327
32 332
32 339
32 362
32 394
32 482
33 67
33 148
33 158
33 201
33 231
33 260
33 276
33 320
33 322
33 366
33 373
33 389
33 478
33 491
33 493
34 40
34 43
34 76
34 78
34 232
34 318
34 375
34 378
34 436
34 459
34 460
35 114
35 125
35 255
35 418
35 433
35 446
35 453
35 463
36 38
36 62
36 113
36 192
36 243
36 298
36 321
36 368
36 370
36 397
36 420
36 438
37 85
37 108
37 138
37 171
37 186
37 322
37 385
38 192
38 243
38 321
38 370
38 420
39 46
39 89
39 120
39 150
39 174
39 241
39 254
39 279
39 327
39 332
39 362
39 415
39 464
39 466
40 76
40 160
40 207
40 232
40 259
40 318
40 348
40 375
40 460
41 93
41 121
41 203
41 214
41 272
41 274
41 283
41 333
41 345
41 364
42 129
42 219
42 351
42 496
42 499
43 54
43 232
43 377
43 378
43 390
43 395
43 436
43 459
44 61
44 134
44 160
44 207
44 217
44 230
44 259
44 344
44 414
44 451
44 474
45 75
45 246
45 289
45 292
45 301
45 346
45 386
45 442
45 447
45 454
46 89
46 120
46 150
46 194
46 241
46 249
46 254
46 279
46 287
46 332
46 415
46 466
47 118
47 162
47 176
47 202
47 222
47 240
47 366
47 388
47 398
47 431
47 467
48 78
48 103
48 181
48 227
48 230
48 238
48 244
48 324
48 341
48 441
49 326
49 355
49 371
49 497
50 90
50 149
50 184
50 190
50 210
50 376
50 461
51 66
51 84
51 133
51 137
51 172
51 264
51 280
51 297
51 301
51 335
51 447
51 454
51 472
52 98
52 101
52 121
52 293
52 333
52 345
53 80
53 87
53 96
53 132
53 309
53 312
53 329
53 330
53 337
53 409
53 418
53 444
53 484
53 492
54 161
54 228
54 307
54 354
54 377
54 378
54 395
54 411
54 459
55 144
55 166
55 229
55 252
55 305
55 319
55 482
56 179
56 241
56 290
56 295
56 332
56 339
56 383
56 394
56 424
57 110
57 213
57 263
57 317
57 473
58 60
58 77
58 116
58 208
58 209
58 425
58 427
58 479
59 115
59 118
59 158
59 175
59 199
59 205
59 211
59 223
59 247
59 325
59 353
59 388
59 432
59 448
59 450
59 481
60 209
60 326
60 371
60 457
61 134
61 160
61 207
61 217
61 230
61 259
61 344
61 414
61 451
61 474
62 123
62 164
62 243
62 258
62 298
62 311
62 321
62 368
62 438
62 475
62 494
63 86
63 112
63 128
63 139
63 151
63 185
63 187
63 210
63 216
63 225
63 275
63 303
63 308
63 440
63 486
64 139
64 151
64 163
64 244
64 308
64 452
65 123
65 124
65 159
65 193
65 204
65 262
65 311
65 336
65 351
65 358
65 382
65 443
65 456
65 475
65 487
65 490
66 84
66 117
66 137
66 172
66 195
66 264
66 280
66 297
66 301
66 335
66 454
66 472
67 148
67 201
67 231
67 260
67 276
67 320
67 322
67 366
67 373
67 389
67 478
67 491
67 493
68 165
68 184
68 185
68 191
68 210
68 225
68 360
68 391
68 408
68 430
68 476
68 498
69 75
69 442
69 445
70 87
70 127
70 309
70 312
70 409
70 423
70 444
71 82
71 85
71 108
71 124
71 138
71 171
71 220
71 336
71 351
71 358
71 428
71 477
71 487
72 88
72 122
72 126
72 142
72 143
72 168
72 284
72 353
72 403
72 417
72 455
72 468
72 483
72 485
73 109
73 115
73 146
73 155
73 158
73 180
73 182
73 234
73 334
73 478
73 481
74 136
74 173
74 206
74 402
74 437
74 489
75 271
75 346
75 365
75 386
75 442
76 160
76 259
76 316
76 348
76 375
76 449
77 116
77 154
77 208
77 236
77 425
77 427
77 479
78 230
78 232
78 318
78 341
78 441
78 452
78 460
79 130
79 166
79 215
79 229
79 251
79 252
79 279
79 290
79 305
79 339
79 362
79 363
79 439
80 96
80 114
80 125
80 309
80 329
80 330
80 337
80 361
80 418
80 451
80 484
80 492
81 92
81 93
81 140
81 165
81 191
81 214
81 272
81 274
81 283
81 291
81 328
81 333
81 345
81 391
81 408
81 430
81 476
82 85
82 108
82 109
82 123
82 124
82 171
82 234
82 419
83 102
83 136
83 221
83 313
83 315
83 372
83 374
83 437
83 470
84 117
84 133
84 137
84 172
84 237
84 264
84 268
84 280
84 297
84 454
84 465
84 472
85 108
85 138
85 171
85 186
85 220
85 336
85 351
85 358
85 385
85 428
85 477
85 487
86 112
86 128
86 139
86 185
86 187
86 216
86 275
86 278
86 299
86 303
86 310
86 396
86 440
86 486
86 488
87 96
87 142
87 309
87 409
87 484
88 115
88 122
88 126
88 143
88 146
88 167
88 180
88 211
88 284
88 353
88 417
88 455
88 468
88 481
88 483
88 485
89 120
89 241
89 254
89 279
89 327
89 332
89 339
89 362
89 394
89 464
89 466
90 149
90 151
90 184
90 187
90 190
90 210
90 308
90 376
90 461
91 229
91 245
91 252
91 258
91 300
91 343
91 416
92 93
92 140
92 165
92 191
92 214
92 272
92 283
92 291
92 328
92 333
92 391
92 408
92 430
92 476
93 191
93 272
93 274
93 283
93 291
93 364
94 106
94 170
94 183
94 200
94 250
94 266
94 285
94 288
94 323
94 338
94 367
94 379
94 393
94 400
94 404
94 406
94 458
94 495
95 128
95 278
95 299
95 314
95 350
95 356
95 357
95 380
96 114
96 309
96 329
96 330
96 337
96 361
96 409
96 418
96 484
96 492
97 342
98 293
98 345
98 356
98 357
99 188
99 261
99 282
99 302
99 421
99 457
99 462
99 471
100 154
100 292
100 346
100 365
100 386
100 410
100 425
100 479
101 105
101 150
101 194
101 242
101 249
101 253
101 286
101 287
101 293
101 415
101 435
102 104
102 136
102 173
102 183
102 200
102 256
102 277
102 313
102 315
102 369
102 372
102 402
102 404
102 437
102 470
103 132
103 134
103 227
103 230
103 273
103 324
103 341
103 422
103 441
104 136
104 173
104 200
104 256
104 277
104 315
104 349
104 369
104 399
104 402
104 404
104 426
104 437
105 120
105 150
105 194
105 249
105 253
105 286
105 287
105 293
105 415
105 435
106 266
106 281
106 313
106 315
106 338
106 393
106 458
106 470
106 480
107 183
107 200
107 250
107 256
107 285
107 288
107 323
107 347
107 367
107 369
107 379
107 404
107 406
107 407
107 426
108 138
108 171
108 186
108 220
108 276
108 322
108 385
108 428
108 477
109 155
109 180
109 234
109 334
109 419
109 494
110 162
110 263
110 317
110 473
111 147
111 174
111 236
111 269
111 286
111 412
112 128
112 139
112 185
112 187
112 210
112 216
112 225
112 275
112 299
112 303
112 310
112 360
112 396
112 440
112 486
113 130
113 243
113 251
113 397
113 420
113 439
114 125
114 255
114 330
114 361
114 418
114 433
114 451
114 463
115 122
115 143
115 146
115 158
115 180
115 182
115 199
115 211
115 284
115 334
115 353
115 417
115 432
115 481
116 208
116 427
116 479
117 119
117 137
117 153
117 172
117 218
117 237
117 264
117 280
117 384
118 162
118 175
118 176
118 202
118 205
118 240
118 247
118 388
118 432
118 450
118 467
119 153
119 169
119 218
119 384
120 150
120 194
120 241
120 249
120 254
120 287
120 415
120 429
121 135
121 203
121 274
121 283
121 306
121 345
122 126
122 143
122 146
122 167
122 180
122 182
122 211
122 284
122 353
122 417
122 481
122 483
122 485
123 124
123 204
123 311
123 368
123 382
123 419
123 475
123 487
124 204
124 358
124 368
124 382
124 419
124 475
124 487
125 217
125 255
125 418
125 433
125 446
125 451
125 453
126 142
126 143
126 168
126 211
126 284
126 353
126 403
126 417
126 455
126 468
126 483
126 485
127 130
127 179
127 226
127 352
127 387
127 423
128 139
128 185
128 216
128 244
128 275
128 278
128 299
128 303
128 310
128 357
128 396
128 440
128 486
128 488
129 159
129 193
129 204
129 219
129 220
129 336
129 351
129 358
129 428
129 443
129 456
129 477
129 487
129 490
129 496
129 499
130 215
130 251
130 352
130 363
130 387
130 397
130 420
130 439
131 169
131 195
131 248
131 267
131 270
131 304
131 331
131 464
132 134
132 273
132 309
132 312
132 329
132 337
132 444
132 492
133 137
133 197
133 237
133 264
133 268
133 280
133 297
133 454
133 465
133 472
134 207
134 230
134 273
134 414
134 460
134 474
134 492
135 203
135 306
135 326
135 497
136 173
136 206
136 256
136 277
136 399
136 402
136 437
137 172
137 237
137 264
137 280
137 384
138 171
138 186
138 276
138 322
138 385
138 477
139 181
139 187
139 238
139 244
139 275
139 299
139 440
139 452
139 486
139 488
140 165
140 191
140 214
140 291
140 310
140 328
140 333
140 345
140 357
140 396
140 408
141 153
141 198
141 237
141 268
141 296
141 349
141 384
141 426
142 192
142 370
142 409
142 455
142 485
143 146
143 180
143 199
143 211
143 284
143 325
143 353
143 417
143 448
143 468
143 481
143 483
143 485
144 245
144 343
144 347
144 416
145 212
145 221
145 281
145 381
145 480
146 155
146 167
146 180
146 182
146 211
146 284
146 334
146 417
146 481
146 485
146 494
147 174
147 177
147 236
147 267
147 269
147 286
147 331
147 412
148 158
148 201
148 231
148 260
148 276
148 320
148 322
148 366
148 373
148 389
148 478
148 491
148 493
149 184
149 190
149 376
149 461
150 174
150 194
150 249
150 286
150 287
150 412
150 415
150 435
150 466
151 163
151 187
151 190
151 308
152 197
152 413
152 465
153 198
153 218
153 296
153 347
153 384
153 407
153 426
154 236
154 410
154 425
154 427
154 479
155 167
155 180
155 234
155 298
155 334
155 368
155 419
155 438
155 494
156 178
156 202
156 239
156 265
156 431
157 235
157 282
157 401
157 462
158 175
158 176
158 182
158 201
158 247
158 260
158 320
158 366
158 373
158 389
158 478
158 481
158 493
159 193
159 204
159 262
159 336
159 351
159 358
159 428
159 443
159 456
159 477
159 487
159 490
159 499
160 207
160 217
160 259
160 316
160 344
160 449
161 189
161 228
161 307
161 354
161 377
161 378
161 395
161 411
162 175
162 176
162 178
162 202
162 240
162 263
162 265
162 388
162 431
162 432
162 450
162 467
163 308
163 354
163 377
163 452
163 459
164 243
164 258
164 311
164 368
164 382
164 397
164 475
165 185
165 191
165 210
165 214
165 225
165 291
165 303
165 310
165 328
165 360
165 391
165 396
165 408
165 430
165 476
166 215
166 229
166 251
166 252
166 305
166 319
166 327
166 343
166 362
166 363
166 482
167 180
167 192
167 284
167 298
167 321
167 334
167 370
167 438
167 485
167 494
168 213
168 223
168 325
168 403
168 448
168 455
168 468
168 483
169 218
169 384
170 196
170 233
170 250
170 266
170 285
170 288
170 323
170 338
170 367
170 379
170 393
170 400
170 406
170 458
170 495
171 186
171 220
171 336
171 358
171 385
171 428
171 477
171 487
172 264
172 280
172 384
173 206
173 224
173 277
173 349
173 399
173 402
173 434
173 437
173 489
174 194
174 248
174 249
174 267
174 286
174 287
174 304
174 331
174 412
174 415
174 466
175 176
175 199
175 205
175 240
175 247
175 388
175 432
175 450
175 467
176 202
176 222
176 231
176 240
176 247
176 320
176 366
176 388
176 389
176 398
176 467
176 493
177 236
177 246
177 269
177 292
177 301
177 331
177 335
177 410
177 447
178 239
178 263
178 265
178 431
179 226
179 290
179 339
179 352
179 383
179 387
179 394
180 182
180 234
180 284
180 334
180 438
180 481
180 485
180 494
181 227
181 238
181 244
181 299
181 314
181 324
181 341
181 440
181 441
181 488
182 211
182 234
182 334
182 478
182 481
183 200
183 250
183 256
183 266
183 285
183 313
183 315
183 323
183 338
183 367
183 369
183 372
183 379
183 393
183 404
183 406
183 458
183 470
184 210
184 225
184 376
184 498
185 187
185 210
185 216
185 225
185 275
185 303
185 310
185 360
185 396
185 476
185 486
186 276
186 322
186 385
187 210
187 216
187 225
187 275
187 308
187 486
188 261
188 282
188 302
188 421
188 462
188 471
189 390
189 392
189 395
189 436
190 308
190 376
190 461
191 214
191 272
191 291
191 328
191 360
191 391
191 408
191 430
191 476
191 498
192 284
192 321
192 370
192 438
192 485
193 204
193 262
193 336
193 351
193 358
193 428
193 443
193 456
193 487
193 490
193 496
193 499
194 249
194 286
194 287
194 412
194 415
194 435
194 466
195 248
195 267
195 270
195 304
195 331
195 335
196 233
196 262
196 285
196 288
196 300
196 323
196 400
196 406
196 456
196 495
197 297
197 413
197 445
197 465
197 472
198 237
198 268
198 296
198 349
198 426
199 205
199 211
199 223
199 325
199 353
199 403
199 417
199 432
199 448
199 450
199 481
199 483
200 250
200 256
200 266
200 277
200 285
200 313
200 315
200 338
200 367
200 369
200 372
200 379
200 404
200 437
200 470
201 231
201 260
201 320
201 366
201 373
201 389
201 398
201 478
201 491
201 493
202 240
202 265
202 388
202 398
202 431
202 467
203 242
203 306
204 262
204 336
204 351
204 358
204 382
204 428
204 443
204 456
204 475
204 487
204 490
205 211
205 213
205 223
205 325
205 353
205 403
205 417
205 432
205 448
205 450
206 402
206 437
207 217
207 230
207 259
207 344
207 414
207 460
207 474
208 242
208 427
209 326
209 371
209 457
210 216
210 225
210 275
210 303
210 360
210 476
211 284
211 325
211 353
211 417
211 432
211 448
211 450
211 481
211 483
211 485
212 281
212 381
212 480
213 223
213 317
213 325
213 353
213 403
213 448
213 468
214 274
214 283
214 291
214 328
214 333
214 345
214 408
215 229
215 251
215 252
215 305
215 319
215 339
215 362
215 363
215 439
215 482
216 225
216 275
216 278
216 299
216 303
216 310
216 357
216 396
216 440
216 486
216 488
217 259
217 316
217 344
217 449
217 451
218 296
218 347
218 384
218 426
219 220
219 336
219 351
219 385
219 428
219 477
219 496
220 336
220 351
220 358
220 385
220 428
220 477
221 313
221 315
221 372
221 374
221 381
221 470
222 231
222 240
222 260
222 320
222 366
222 398
222 493
223 317
223 325
223 353
223 403
223 432
223 448
223 450
224 294
224 349
224 399
224 402
224 434
224 489
225 275
225 303
225 310
225 360
225 391
225 430
225 476
226 257
226 295
226 383
226 422
226 423
227 257
227 273
227 314
227 324
227 341
227 350
227 422
228 307
228 340
228 411
229 251
229 252
229 305
229 319
229 343
229 363
229 439
230 259
230 318
230 344
230 414
230 460
230 474
231 260
231 320
231 366
231 373
231 389
231 398
231 491
231 493
232 318
232 378
232 452
232 459
232 460
233 262
233 393
233 400
233 456
233 490
233 495
234 334
234 419
234 494
235 282
235 365
235 401
235 462
236 246
236 269
236 292
236 410
236 425
236 479
237 268
237 280
237 296
237 384
237 465
238 244
238 324
238 341
238 440
238 441
238 452
238 486
238 488
239 265
239 431
240 247
240 366
240 388
240 389
240 398
240 431
240 467
241 254
241 279
241 290
241 332
241 339
241 362
241 394
242 253
242 286
242 293
242 306
242 435
243 258
243 298
243 311
243 321
243 368
243 397
243 420
243 438
244 299
244 341
244 440
244 441
244 452
244 486
244 488
245 252
245 300
245 343
245 416
246 269
246 289
246 292
246 301
246 346
246 410
246 447
247 320
247 366
247 388
247 389
247 398
247 432
247 450
247 478
248 267
248 270
248 304
248 331
248 335
248 464
248 466
249 286
249 287
249 412
249 415
249 435
250 256
250 266
250 285
250 288
250 323
250 338
250 367
250 369
250 379
250 393
250 400
250 404
250 406
250 407
251 252
251 290
251 339
251 352
251 363
251 387
251 397
251 420
251 439
252 319
252 343
252 363
252 439
253 286
253 293
253 306
253 435
254 279
254 290
254 332
254 339
254 362
254 394
255 330
255 361
255 418
255 433
255 463
256 277
256 313
256 315
256 367
256 369
256 372
256 379
256 402
256 404
256 437
256 470
257 295
257 314
257 350
257 380
257 383
257 422
258 300
258 311
258 368
258 382
258 475
259 318
259 344
259 460
260 320
260 366
260 373
260 389
260 398
260 478
260 491
260 493
261 282
261 302
261 421
261 457
261 471
262 351
262 443
262 456
262 490
262 495
262 499
263 265
263 473
264 280
264 297
264 335
264 384
264 454
264 472
265 431
265 467
266 285
266 313
266 315
266 323
266 338
266 367
266 379
266 393
266 406
266 458
266 470
266 495
267 270
267 304
267 331
267 412
267 464
267 466
268 296
268 349
269 292
269 410
269 412
270 304
270 327
270 331
270 464
270 466
270 482
271 346
271 365
271 386
271 401
272 274
272 283
272 291
272 364
273 312
273 324
273 422
273 444
274 283
274 291
274 333
274 345
274 364
275 303
275 310
275 440
275 486
276 322
276 373
276 491
277 315
277 349
277 369
277 399
277 402
277 404
277 437
278 299
278 303
278 310
278 356
278 357
278 380
278 396
278 440
279 290
279 305
279 327
279 332
279 339
279 362
279 394
279 482
280 384
281 338
281 458
281 469
281 480
282 302
282 421
282 462
283 291
283 364
284 370
284 417
284 481
284 483
284 485
285 288
285 323
285 338
285 367
285 379
285 393
285 400
285 404
285 406
285 407
285 458
285 495
286 287
286 412
286 415
286 435
287 412
287 415
287 435
287 466
288 323
288 347
288 367
288 379
288 400
288 404
288 406
288 407
289 292
289 297
289 301
289 346
289 442
289 445
289 447
289 454
290 332
290 339
290 352
290 362
290 363
290 394
291 328
291 333
291 345
291 391
291 408
291 430
292 301
292 346
292 386
292 410
292 447
293 306
293 435
294 434
294 489
295 314
295 350
295 383
295 424
296 349
296 384
296 426
297 301
297 445
297 447
297 454
297 472
298 321
298 368
298 370
298 438
298 494
299 303
299 357
299 380
299 396
299 440
299 486
299 488
300 311
300 343
300 382
300 416
301 335
301 447
301 454
302 421
302 457
302 462
302 471
303 310
303 328
303 357
303 360
303 396
303 440
303 486
304 331
304 335
304 412
304 464
304 466
305 319
305 327
305 339
305 362
305 363
305 482
307 340
307 411
309 312
309 329
309 337
309 409
309 444
309 484
309 492
310 328
310 357
310 360
310 396
310 408
310 476
311 368
311 382
311 475
312 329
312 337
312 423
312 444
312 484
312 492
313 315
313 338
313 372
313 379
313 437
313 470
314 350
314 380
314 424
315 338
315 372
315 379
315 437
315 470
316 348
316 449
317 473
318 452
318 460
319 327
319 343
319 363
319 482
320 366
320 373
320 389
320 398
320 478
320 491
320 493
321 368
321 370
321 438
321 494
322 491
323 338
323 367
323 379
323 393
323 400
323 404
323 406
323 407
323 495
324 341
324 422
324 441
325 353
325 403
325 417
325 432
325 448
325 450
325 483
326 371
326 497
327 362
327 464
327 482
328 333
328 345
328 357
328 396
328 408
329 337
329 409
329 418
329 444
329 484
329 492
330 337
330 361
330 409
330 418
330 455
330 484
331 335
331 412
331 466
332 339
332 362
332 394
333 345
333 408
334 481
334 494
335 447
336 351
336 358
336 428
336 443
336 477
336 487
336 490
337 409
337 418
337 444
337 484
337 492
338 367
338 372
338 379
338 393
338 458
338 470
339 362
339 363
339 394
340 411
341 441
341 452
342 463
343 416
344 414
344 451
344 474
346 365
346 386
346 410
347 367
347 406
347 407
347 426
348 375
348 449
349 399
349 402
350 380
350 383
350 424
351 358
351 428
351 443
351 456
351 477
351 487
351 490
351 496
351 499
352 387
352 439
353 403
353 417
353 432
353 448
353 450
353 468
353 481
353 483
354 377
354 378
354 411
354 459
355 497
356 380
356 429
357 396
358 428
358 443
358 477
358 487
358 490
359 374
359 405
360 391
360 408
360 430
360 476
360 498
361 418
361 433
361 455
361 484
362 464
362 482
363 439
365 386
365 401
366 373
366 388
366 389
366 398
366 478
366 491
366 493
367 369
367 379
367 404
367 406
367 407
367 426
368 419
368 438
368 475
368 494
369 379
369 404
369 407
369 426
369 437
370 438
370 485
371 457
371 497
372 437
372 470
373 389
373 478
373 491
373 493
374 405
375 436
376 461
377 378
377 395
377 411
377 459
378 390
378 392
378 395
378 436
378 459
379 393
379 404
379 406
379 458
382 456
382 475
382 490
383 424
385 428
385 477
387 420
387 439
388 398
388 431
388 432
388 450
388 467
389 398
389 478
389 491
389 493
390 392
390 395
390 436
391 408
391 430
391 476
391 498
392 395
392 436
393 406
393 458
393 469
393 495
394 424
395 436
395 459
396 408
397 420
397 439
398 467
398 493
399 402
399 434
399 489
400 406
400 495
401 462
402 437
403 417
403 448
403 468
403 483
404 406
404 407
404 426
406 407
406 495
407 426
408 430
408 476
409 484
410 425
410 479
413 445
414 451
414 474
414 492
415 435
417 448
417 468
417 481
417 483
417 485
418 433
418 484
419 475
419 494
420 439
421 457
421 471
423 444
424 429
425 427
425 479
427 479
428 443
428 477
428 487
430 476
430 498
431 467
432 448
432 450
432 481
433 453
433 463
434 489
436 459
437 470
438 494
440 486
440 488
441 452
441 460
442 445
443 456
443 487
443 490
443 496
443 499
444 484
444 492
445 454
445 472
446 453
447 454
448 450
448 468
448 483
451 474
451 492
453 463
454 472
455 468
455 483
456 487
456 490
456 495
456 499
458 469
458 480
458 495
464 466
464 482
468 483
469 480
469 495
469 496
469 499
474 492
476 498
477 487
478 491
478 493
481 483
483 485
484 492
486 488
487 490
490 499
491 493
495 499
496 499
