500 2583
0 25
0 67
0 72
0 138
0 143
0 144
0 189
0 224
0 235
0 400
0 420
0 454
0 469
0 497
1 62
1 96
1 188
1 202
1 214
1 215
1 258
1 293
1 296
1 362
1 388
1 421
1 431
1 457
2 49
2 51
2 58
2 80
2 86
2 125
2 155
2 254
2 271
2 335
2 441
2 467
2 487
3 122
3 279
3 288
3 300
3 354
3 378
3 381
3 413
3 426
3 458
4 89
4 107
4 205
4 332
4 365
5 106
5 112
5 115
5 133
5 175
5 227
5 256
5 276
5 317
5 358
5 406
5 472
5 488
6 9
6 29
6 30
6 31
6 139
6 217
6 218
6 283
6 387
6 404
7 11
7 47
7 75
7 101
7 163
7 174
7 245
7 248
7 318
7 345
7 423
7 434
7 445
7 470
7 484
8 60
8 104
8 109
8 113
8 129
8 145
8 231
8 323
8 471
9 29
9 30
9 50
9 56
9 63
9 217
9 218
9 228
9 283
9 419
10 37
10 66
10 100
10 197
10 211
10 309
10 333
10 385
10 462
11 47
11 75
11 101
11 122
11 132
11 207
11 240
11 249
11 304
11 318
11 345
11 389
11 434
11 451
11 470
12 46
12 78
12 179
12 229
12 273
12 282
12 308
12 325
12 352
12 368
12 464
12 477
12 481
13 39
13 123
13 142
13 173
13 205
13 212
13 265
13 286
13 299
13 326
13 339
13 412
13 424
13 446
14 70
14 130
14 243
14 483
15 18
15 59
15 61
15 83
15 140
15 186
15 187
15 196
15 250
15 327
15 349
15 376
15 399
15 407
16 28
16 59
16 83
16 241
16 264
16 266
16 285
16 287
16 303
16 336
16 425
16 463
17 24
17 28
17 35
17 91
17 121
17 221
17 247
17 266
17 321
17 327
17 340
17 425
17 438
17 455
18 140
18 186
18 187
18 196
18 250
18 327
18 376
18 399
18 407
19 219
19 263
20 21
20 36
20 154
20 165
20 290
20 305
20 314
20 394
20 447
20 450
21 154
21 165
21 166
21 290
21 305
21 314
21 394
21 401
21 447
22 102
22 141
22 147
22 181
22 192
22 268
22 322
22 383
23 246
23 262
23 270
23 289
23 330
23 443
23 495
24 28
24 35
24 221
24 247
24 266
24 316
24 321
24 340
24 344
24 438
24 455
25 67
25 144
25 160
25 184
25 235
25 400
25 420
25 454
25 469
25 497
26 39
26 57
26 134
26 347
26 387
26 402
26 473
26 486
27 80
27 91
27 114
27 148
27 178
27 234
27 254
27 267
27 439
27 441
27 482
27 493
28 35
28 59
28 83
28 121
28 264
28 266
28 285
28 287
28 321
28 327
28 336
28 425
28 438
28 463
29 30
29 50
29 63
29 217
29 218
29 228
29 283
29 404
29 419
30 31
30 191
30 217
30 218
30 293
30 338
30 388
30 457
31 57
31 117
31 191
31 217
31 218
31 295
31 338
31 347
31 387
31 404
32 77
32 135
32 156
32 252
32 331
32 403
32 490
33 79
33 92
33 97
33 118
33 158
33 161
33 162
33 190
33 356
33 367
33 397
33 415
33 491
34 134
34 139
34 176
34 200
34 232
34 387
34 411
35 91
35 121
35 221
35 247
35 264
35 266
35 321
35 327
35 340
35 425
35 438
35 455
36 116
36 120
36 180
36 290
36 305
36 382
36 394
36 450
37 66
37 76
37 100
37 211
37 220
37 309
37 333
37 343
37 372
37 391
37 408
37 492
38 251
38 418
38 479
39 57
39 117
39 123
39 265
39 286
39 347
39 402
39 424
39 486
40 71
40 88
40 102
40 136
40 238
40 253
40 268
40 432
40 440
41 60
41 95
41 113
41 127
41 160
41 235
41 269
41 310
41 311
41 496
42 45
42 54
42 81
42 87
42 111
42 145
42 146
42 231
42 276
42 317
42 361
42 410
43 79
43 97
43 149
43 150
43 162
43 172
43 244
43 274
43 278
43 356
43 380
44 73
44 99
44 181
44 251
44 341
44 348
44 353
44 359
44 363
44 383
45 54
45 146
45 157
45 209
45 276
45 317
45 358
45 406
45 410
46 78
46 229
46 273
46 282
46 304
46 320
46 325
46 368
46 433
46 477
46 481
47 75
47 101
47 122
47 132
47 163
47 223
47 288
47 318
47 345
47 370
47 389
47 434
47 451
48 101
48 207
48 240
48 249
48 301
48 304
48 320
48 379
48 389
48 433
49 51
49 58
49 254
49 335
49 364
49 441
49 444
49 448
49 487
50 61
50 63
50 119
50 170
50 228
50 283
50 349
50 419
51 58
51 80
51 125
51 155
51 254
51 271
51 335
51 441
51 467
51 487
52 80
52 86
52 91
52 148
52 178
52 294
52 316
52 439
52 452
53 62
53 67
53 72
53 82
53 138
53 143
53 188
53 189
53 194
53 224
53 230
53 302
53 313
53 362
53 420
53 421
53 431
53 497
54 81
54 87
54 111
54 145
54 146
54 231
54 361
54 410
54 422
55 89
55 152
55 205
55 212
55 257
55 312
55 332
55 339
55 412
55 435
55 478
56 164
56 228
56 248
56 293
56 388
56 445
56 457
57 134
57 191
57 347
57 387
57 402
57 404
57 473
57 486
58 125
58 254
58 335
58 364
58 441
58 448
58 487
59 61
59 83
59 186
59 187
59 196
59 264
59 287
59 303
59 327
59 336
59 399
59 407
59 425
59 463
60 84
60 95
60 111
60 113
60 127
60 225
60 231
60 259
60 269
60 310
60 311
60 496
61 63
61 83
61 119
61 140
61 170
61 186
61 187
61 196
61 228
61 250
61 349
61 376
61 407
61 419
61 484
62 82
62 143
62 188
62 194
62 199
62 258
62 296
62 302
62 313
62 362
62 421
62 431
62 436
63 119
63 170
63 228
63 283
63 349
63 419
64 118
64 158
64 161
64 275
64 297
64 397
64 491
65 159
65 281
65 472
65 488
65 499
66 76
66 100
66 197
66 211
66 220
66 309
66 333
66 343
66 372
66 391
66 408
66 459
66 462
66 492
67 72
67 138
67 143
67 144
67 189
67 224
67 230
67 235
67 400
67 420
67 454
67 469
67 497
68 103
68 112
68 128
68 151
68 167
68 239
68 272
68 315
68 416
68 430
68 442
68 456
68 480
69 93
69 151
69 159
69 167
69 263
69 272
69 281
69 284
69 315
69 366
69 456
69 480
70 130
70 154
70 165
70 243
70 314
70 447
70 483
71 253
71 432
71 440
72 138
72 143
72 144
72 189
72 194
72 224
72 230
72 302
72 313
72 400
72 420
72 454
72 469
72 497
73 99
73 153
73 251
73 306
73 341
73 348
73 353
73 359
73 396
74 128
74 141
74 181
74 239
74 331
74 363
74 383
74 416
74 442
75 101
75 122
75 132
75 163
75 240
75 249
75 304
75 318
75 345
75 389
75 434
75 451
75 470
76 100
76 211
76 220
76 334
76 343
76 372
76 386
76 391
76 408
78 132
78 229
78 273
78 282
78 304
78 320
78 325
78 368
78 389
78 433
78 451
78 481
79 97
79 118
79 149
79 161
79 162
79 172
79 278
79 356
79 390
79 476
79 491
80 86
80 148
80 155
80 271
80 294
80 439
80 441
80 493
81 84
81 87
81 111
81 145
81 146
81 213
81 225
81 231
81 361
81 410
82 138
82 143
82 188
82 194
82 202
82 213
82 230
82 259
82 302
82 313
82 362
82 421
82 422
82 431
83 186
83 187
83 264
83 287
83 303
83 327
83 336
83 399
83 407
83 425
83 463
84 87
84 111
84 113
84 145
84 213
84 225
84 231
84 259
85 117
85 199
85 286
85 295
85 302
85 338
85 424
85 436
86 148
86 155
86 271
86 294
86 439
87 111
87 145
87 146
87 213
87 231
87 361
87 410
87 422
88 192
88 216
88 322
88 360
88 479
89 107
89 142
89 205
89 312
89 332
89 365
89 412
90 172
90 278
90 373
90 428
91 114
91 148
91 178
91 221
91 247
91 294
91 316
91 321
91 340
91 438
91 439
91 482
91 493
92 97
92 105
92 162
92 190
92 237
92 367
92 415
93 159
93 263
93 272
93 281
93 284
93 315
93 366
93 456
93 480
94 98
94 169
94 203
94 222
94 374
94 375
94 392
94 393
94 437
94 468
95 113
95 127
95 160
95 269
95 310
95 311
95 496
96 188
96 202
96 214
96 215
96 258
96 293
96 296
96 388
96 431
96 457
97 150
97 162
97 190
97 244
97 274
97 278
97 356
97 367
97 380
97 415
98 129
98 153
98 169
98 222
98 306
98 353
98 374
98 392
98 393
98 396
98 437
98 468
98 471
99 153
99 306
99 323
99 341
99 348
99 353
99 359
99 396
99 474
100 211
100 220
100 309
100 333
100 343
100 372
100 391
100 408
100 459
100 492
101 132
101 207
101 240
101 249
101 304
101 318
101 389
101 434
101 451
101 470
102 135
102 136
102 141
102 147
102 192
102 238
102 253
102 268
102 432
103 112
103 128
103 151
103 167
103 239
103 315
103 416
103 430
103 442
103 480
104 109
104 145
104 256
104 323
104 396
104 471
105 162
105 190
105 237
105 244
105 260
105 274
105 280
105 409
105 444
106 112
106 115
106 133
106 175
106 256
106 323
106 355
106 430
106 474
107 142
107 205
107 265
107 412
107 424
108 156
108 384
108 490
109 113
109 145
109 231
109 323
109 471
110 198
110 291
110 307
110 309
110 333
110 401
110 408
110 459
110 492
111 145
111 146
111 213
111 225
111 231
111 361
111 410
112 115
112 133
112 151
112 159
112 175
112 256
112 315
112 355
112 430
112 456
112 474
112 488
113 127
113 129
113 225
113 231
113 269
113 310
113 311
113 496
114 148
114 178
114 234
114 247
114 340
114 439
114 482
114 493
115 133
115 175
115 256
115 355
115 430
115 474
115 488
116 120
116 180
116 275
116 305
116 382
116 450
117 191
117 199
117 265
117 286
117 295
117 338
117 424
117 436
118 120
118 149
118 158
118 161
118 275
118 297
118 356
118 390
118 397
118 476
118 491
119 140
119 170
119 187
119 196
119 228
119 250
119 283
119 349
119 419
119 445
119 484
120 149
120 158
120 161
120 180
120 275
120 297
120 390
120 450
120 476
120 491
121 247
121 264
121 321
121 327
121 340
121 399
121 425
121 438
122 132
122 288
122 300
122 345
122 370
122 389
122 451
123 173
123 177
123 212
123 226
123 255
123 265
123 286
123 299
123 326
123 339
123 446
123 475
124 152
124 212
124 299
124 312
124 326
124 339
124 429
124 435
124 446
124 475
124 478
125 155
125 271
125 467
126 171
126 204
126 233
126 261
126 328
126 342
126 395
126 417
127 129
127 225
127 269
127 310
127 311
127 471
127 496
128 151
128 167
128 239
128 341
128 348
128 355
128 363
128 383
128 416
128 430
128 442
128 474
129 153
129 437
129 468
129 471
129 496
130 137
130 154
130 165
130 243
130 447
130 483
131 179
131 197
131 282
131 308
131 346
131 352
131 369
131 385
131 462
131 464
131 485
132 207
132 240
132 249
132 304
132 320
132 368
132 389
132 433
132 451
133 159
133 175
133 227
133 256
133 355
133 406
133 430
133 456
133 472
133 488
134 139
134 200
134 232
134 347
134 387
134 473
135 136
135 141
135 238
135 252
135 331
135 403
136 141
136 238
136 253
136 268
136 432
137 154
137 165
137 447
138 143
138 194
138 213
138 224
138 225
138 230
138 259
138 269
138 310
138 362
138 420
138 497
139 200
139 232
139 387
139 404
139 411
140 170
140 174
140 186
140 187
140 196
140 250
140 318
140 349
140 376
140 399
140 407
140 423
140 445
140 470
140 484
141 181
141 238
141 268
141 331
141 403
142 173
142 205
142 265
142 286
142 412
142 424
143 189
143 194
143 224
143 230
143 259
143 302
143 313
143 362
143 420
143 421
143 454
143 497
144 160
144 184
144 189
144 224
144 235
144 400
144 420
144 454
144 469
145 146
145 231
145 276
145 361
145 410
146 231
146 276
146 317
146 361
146 410
147 181
147 192
147 268
147 322
148 178
148 294
148 316
148 439
148 493
149 161
149 172
149 278
149 356
149 390
149 476
149 491
150 162
150 201
150 237
150 244
150 274
150 280
150 319
150 380
150 409
151 167
151 239
151 272
151 315
151 416
151 430
151 442
151 456
151 480
152 212
152 257
152 299
152 312
152 326
152 339
152 435
152 446
152 475
152 478
153 306
153 323
153 353
153 359
153 396
153 468
153 471
154 165
154 290
154 305
154 314
154 447
155 183
155 271
155 294
155 467
155 498
156 252
156 292
156 403
156 490
157 209
157 215
157 223
158 161
158 275
158 297
158 390
158 397
158 491
159 272
159 281
159 315
159 366
159 430
159 456
159 472
159 488
160 184
160 235
160 400
161 275
161 297
161 356
161 390
161 397
161 491
162 190
162 237
162 244
162 274
162 356
162 367
162 380
162 415
163 174
163 223
163 245
163 248
163 318
163 345
163 370
163 423
163 434
163 445
164 228
164 245
164 248
164 293
164 388
164 445
165 290
165 305
165 314
165 394
165 447
166 171
166 204
166 233
166 291
166 314
166 401
167 239
167 272
167 315
167 366
167 416
167 430
167 442
167 456
167 480
168 195
168 289
168 298
168 351
168 449
168 453
168 495
169 203
169 222
169 374
169 375
169 392
169 393
169 437
169 468
170 187
170 196
170 228
170 283
170 349
170 419
170 423
170 445
170 484
171 204
171 233
171 291
171 328
171 342
171 401
171 417
171 460
172 278
172 356
172 380
172 476
173 205
173 212
173 265
173 286
173 299
173 312
173 326
173 339
173 412
173 424
173 446
173 475
174 245
174 248
174 318
174 423
174 434
174 445
174 470
174 484
175 227
175 256
175 276
175 317
175 355
175 430
176 200
176 208
176 411
176 466
177 226
177 255
177 299
177 402
177 429
177 475
178 234
178 247
178 294
178 340
178 439
178 482
178 493
179 273
179 282
179 308
179 325
179 346
179 352
179 464
179 485
180 382
180 390
180 450
181 192
181 268
181 331
181 363
181 383
181 442
182 242
182 301
182 324
182 357
182 371
182 465
182 489
183 185
183 206
183 271
183 398
183 467
183 498
184 235
184 400
184 454
184 469
185 206
185 398
185 498
186 187
186 196
186 250
186 264
186 327
186 349
186 376
186 399
186 407
186 425
187 196
187 250
187 349
187 376
187 399
187 407
187 484
188 194
188 199
188 202
188 214
188 258
188 296
188 302
188 313
188 362
188 421
188 431
188 436
189 194
189 224
189 302
189 313
189 400
189 420
189 454
189 469
189 497
190 237
190 260
190 367
190 415
191 217
191 295
191 338
191 404
191 436
192 268
192 322
192 479
193 292
193 405
193 453
194 202
194 224
194 230
194 258
194 302
194 313
194 362
194 421
194 431
194 497
195 298
195 351
195 405
195 449
195 453
195 495
196 250
196 349
196 376
196 399
196 407
196 423
196 484
197 309
197 373
197 385
197 428
197 462
198 233
198 291
198 307
198 309
198 333
198 395
198 401
198 408
198 459
198 492
199 258
199 295
199 302
199 313
199 338
199 436
200 232
200 387
200 404
200 411
201 244
201 274
201 280
201 319
201 324
201 357
201 380
201 409
201 465
202 213
202 214
202 215
202 258
202 361
202 362
202 421
202 422
202 431
203 222
203 374
203 375
203 392
203 393
203 437
204 233
204 291
204 328
204 401
204 460
205 265
205 312
205 332
205 412
206 398
206 498
207 240
207 249
207 304
207 320
207 379
207 389
207 433
207 451
207 470
208 241
208 337
208 411
208 461
208 466
209 361
210 307
210 386
210 395
210 408
210 492
210 494
211 220
211 343
211 372
211 385
211 391
211 462
212 226
212 299
212 312
212 326
212 339
212 412
212 435
212 446
212 475
212 478
213 225
213 230
213 231
213 259
213 361
213 362
213 410
213 422
214 215
214 258
214 293
214 296
214 388
214 422
214 431
214 457
215 296
215 361
215 422
215 431
216 360
216 414
216 432
216 440
217 218
217 404
218 283
218 404
219 354
219 378
219 413
219 426
220 334
220 343
220 372
220 391
221 247
221 316
221 321
221 340
221 344
221 438
221 455
222 374
222 375
222 392
222 393
222 437
222 468
223 245
223 279
223 288
223 345
223 370
224 230
224 302
224 313
224 400
224 420
224 454
224 469
224 497
225 230
225 231
225 259
225 269
225 310
225 311
226 255
226 299
226 326
226 429
226 446
226 475
227 276
227 317
227 358
227 406
227 472
227 488
227 499
228 283
228 349
228 419
228 445
228 484
229 273
229 282
229 320
229 325
229 368
229 464
229 477
229 481
230 259
230 269
230 362
230 421
230 497
231 410
232 347
232 387
232 411
233 291
233 307
233 395
233 401
233 492
233 494
234 254
234 267
234 482
234 489
234 493
235 269
235 400
235 420
235 454
235 469
235 497
236 277
236 427
237 244
237 260
237 274
237 280
237 380
237 409
237 444
238 253
238 268
238 432
239 416
239 442
239 480
240 249
240 304
240 320
240 379
240 389
240 433
240 451
240 470
241 285
241 287
241 303
241 336
241 337
241 461
241 463
242 254
242 267
242 324
242 357
242 371
242 448
242 465
242 489
243 460
244 274
244 280
244 319
244 380
244 409
245 248
245 318
245 370
245 423
245 434
245 445
246 270
246 289
246 443
247 321
247 327
247 340
247 438
248 423
248 434
248 445
248 484
249 304
249 318
249 379
249 389
249 470
250 349
250 376
250 399
250 407
250 423
250 470
250 484
251 306
251 322
251 418
252 292
252 331
252 403
252 490
253 432
253 440
254 267
254 335
254 364
254 441
254 448
254 487
254 493
255 402
255 429
255 475
256 323
256 355
256 474
257 312
257 332
257 339
257 435
257 478
258 295
258 296
258 302
258 362
258 421
258 431
258 436
258 457
259 269
259 310
259 311
259 362
259 497
260 280
260 444
261 342
261 417
262 270
262 330
262 377
262 443
262 495
263 272
263 281
263 284
263 366
263 456
264 266
264 287
264 303
264 327
264 336
264 399
264 407
264 425
264 463
265 286
265 326
265 412
265 424
266 285
266 321
266 327
266 344
266 425
266 438
266 455
266 463
267 371
267 441
267 448
267 482
267 487
267 489
267 493
268 322
269 310
269 311
269 496
269 497
270 289
270 330
270 443
270 449
270 495
271 467
271 498
272 281
272 284
272 315
272 366
272 430
272 456
272 480
272 488
273 282
273 320
273 325
273 352
273 368
273 433
273 464
273 477
273 481
274 280
274 319
274 380
274 409
275 297
275 397
276 317
276 358
276 406
276 472
277 329
277 344
277 427
278 356
278 390
278 476
279 288
279 300
279 370
279 381
279 458
280 324
280 409
280 444
281 315
281 366
281 456
281 472
281 488
282 308
282 325
282 346
282 352
282 368
282 464
282 477
283 419
284 315
284 366
284 405
284 456
284 480
285 287
285 303
285 336
285 337
285 350
285 463
286 424
287 303
287 336
287 337
287 425
287 463
288 345
288 370
288 381
289 443
289 449
289 495
290 305
290 314
290 394
290 447
290 450
291 307
291 395
291 401
291 459
292 490
293 296
293 388
293 457
294 316
294 439
294 452
294 493
295 338
295 436
296 388
296 421
296 431
296 457
297 397
297 491
298 351
298 405
298 449
298 453
298 495
299 312
299 326
299 339
299 429
299 435
299 446
299 475
299 478
300 354
300 378
300 413
300 426
301 379
301 489
302 313
302 362
302 421
302 431
302 436
303 336
303 337
303 463
304 320
304 368
304 389
304 433
304 451
304 481
305 314
305 394
305 447
305 450
306 353
306 396
306 437
306 468
306 471
307 333
307 395
307 401
307 408
307 459
307 492
307 494
308 325
308 346
308 352
308 385
308 462
308 464
308 485
309 333
309 408
309 459
310 311
310 496
310 497
311 496
312 326
312 332
312 339
312 412
312 435
312 446
312 475
312 478
313 362
313 420
313 421
313 436
314 394
314 447
315 366
315 430
315 456
315 480
315 488
316 321
316 344
316 438
316 439
316 452
316 455
317 358
317 406
317 472
318 423
318 434
318 445
318 470
318 484
319 357
319 380
319 409
320 325
320 368
320 389
320 433
320 451
320 481
321 340
321 438
321 455
322 479
323 353
323 355
323 359
323 396
323 471
323 474
324 357
324 371
324 409
324 448
324 465
324 489
325 368
325 464
325 477
325 481
326 339
326 412
326 429
326 446
326 475
326 478
327 340
327 399
327 407
327 425
327 438
328 342
328 417
328 460
329 344
329 427
330 443
330 495
331 403
332 365
332 412
332 435
333 408
333 459
333 492
334 343
334 372
334 391
335 364
335 441
335 444
335 448
335 487
336 425
336 463
337 461
337 463
337 466
338 436
339 412
339 429
339 435
339 446
339 475
339 478
340 438
341 348
341 355
341 359
341 363
341 383
341 442
341 474
342 417
343 372
343 391
343 408
344 427
344 438
344 455
345 370
345 434
346 352
346 369
346 385
346 462
346 464
346 485
347 387
347 402
347 404
347 473
347 486
348 355
348 359
348 363
348 383
348 442
348 474
349 376
349 419
349 423
349 445
349 484
351 449
351 453
352 354
352 464
353 359
353 396
353 471
354 369
354 378
354 413
354 426
355 430
355 474
356 390
356 476
356 491
357 371
357 465
357 489
358 381
358 406
358 458
358 472
358 499
359 363
359 383
359 396
359 474
360 479
361 410
361 422
362 421
362 422
362 431
363 383
363 416
363 442
363 474
364 444
364 448
364 487
366 456
366 480
366 488
367 415
368 433
368 451
368 477
368 481
369 372
369 485
371 448
371 465
371 489
372 391
373 428
373 462
374 375
374 392
374 393
374 437
374 468
375 392
375 393
375 437
376 399
376 407
376 423
376 470
376 484
378 413
378 426
378 458
380 409
381 458
381 499
382 394
382 450
383 416
383 442
385 462
385 485
386 408
386 492
386 494
387 404
387 486
388 457
389 433
389 451
389 470
390 476
390 491
391 408
392 393
392 437
392 468
393 437
393 468
394 401
394 450
395 401
395 408
395 459
395 492
395 494
396 471
397 491
398 498
399 407
399 425
400 420
400 454
400 469
400 497
402 473
402 486
403 490
405 453
405 480
406 472
406 499
408 459
408 492
408 494
409 465
410 422
413 426
413 458
413 499
414 440
416 430
416 442
416 480
418 479
420 454
420 469
420 497
421 431
422 431
423 434
423 445
423 470
423 484
425 438
425 463
426 458
427 455
428 462
429 446
429 475
430 456
430 474
430 488
432 440
433 451
433 481
434 445
434 470
435 446
435 475
435 478
437 468
437 471
438 455
439 452
439 493
441 448
441 487
441 493
442 474
443 495
445 484
446 475
446 478
448 487
448 489
449 453
449 495
453 495
454 469
454 497
456 480
456 488
458 499
459 492
461 466
462 485
464 477
465 489
467 498
468 471
469 497
472 488
472 499
473 486
475 478
476 491
477 481
482 493
492 494
