80 307
0 7
0 13
0 18
0 40
0 43
0 46
0 56
0 72
0 77
1 16
1 31
1 48
1 61
1 65
1 70
2 51
2 59
3 21
3 38
3 45
3 65
3 69
3 71
3 73
3 75
3 76
4 20
4 26
4 32
4 34
4 35
4 55
4 57
4 63
5 23
5 26
5 28
5 34
6 8
6 22
6 27
6 33
6 36
6 37
6 50
7 17
7 43
7 44
7 46
7 56
7 58
8 22
8 27
8 33
8 36
8 37
8 46
8 47
8 50
9 43
9 52
9 58
9 64
9 67
9 77
9 78
10 15
10 23
10 24
10 25
10 29
10 34
10 41
10 42
10 64
10 67
10 78
11 39
11 49
11 62
12 13
12 18
12 32
12 40
12 42
12 56
12 60
12 74
12 77
12 79
13 18
13 40
13 43
13 56
13 72
13 74
13 77
13 79
14 16
14 30
14 68
15 23
15 24
15 25
15 29
15 41
15 64
15 78
16 30
16 48
16 61
16 65
16 70
17 33
17 36
17 44
17 46
17 47
17 53
18 40
18 42
18 43
18 52
18 56
18 60
18 67
18 74
18 77
18 79
19 22
19 27
19 31
19 37
19 48
19 75
20 26
20 32
20 34
20 35
20 55
20 60
20 63
21 38
21 45
21 69
21 71
21 73
21 75
21 76
22 27
22 31
22 33
22 37
23 24
23 25
23 26
23 28
23 29
23 34
23 41
24 25
24 29
24 41
24 64
24 78
25 28
25 29
25 41
26 28
26 34
26 35
26 42
27 33
27 36
27 37
27 46
27 72
28 29
29 41
29 64
30 65
30 68
30 70
31 48
31 65
31 70
31 72
32 35
32 40
32 42
32 55
32 60
32 61
32 63
32 74
32 79
33 36
33 37
33 46
33 47
33 50
33 72
34 35
34 42
34 60
34 79
35 42
35 55
35 60
35 63
35 74
35 79
36 37
36 46
36 47
36 50
36 53
37 46
37 50
37 72
38 45
38 69
38 71
38 73
38 75
38 76
39 59
39 62
40 56
40 60
40 74
40 79
41 64
42 60
42 67
42 74
42 77
42 79
43 52
43 56
43 58
43 67
43 77
44 46
44 47
44 53
45 65
45 69
45 71
45 73
45 75
46 47
46 56
46 72
47 50
47 53
48 65
48 70
48 75
49 54
49 57
49 66
50 53
51 59
51 62
51 66
52 58
52 64
52 67
52 77
52 78
54 57
54 63
54 66
55 63
55 66
56 72
56 77
57 63
57 66
58 67
58 77
58 78
59 62
60 67
60 74
60 77
60 79
61 74
63 66
64 67
64 78
65 70
65 73
65 75
67 77
67 78
69 71
69 73
69 75
69 76
70 75
71 73
73 75
74 79
77 78
77 79
