80 304
0 3
0 14
0 23
0 25
0 55
0 61
1 7
1 26
1 47
1 49
1 56
1 69
1 73
2 4
2 6
2 24
2 36
2 50
2 54
2 66
2 71
2 79
3 9
3 14
3 40
3 55
3 59
3 61
3 65
4 6
4 32
4 36
4 50
4 54
4 66
4 79
5 8
5 15
5 17
5 20
5 24
5 25
5 27
5 44
5 46
5 58
5 66
5 71
6 28
6 29
6 32
6 36
6 54
6 66
6 79
7 26
7 48
7 64
7 68
7 69
7 75
8 13
8 15
8 31
8 32
8 44
8 74
8 76
9 14
9 20
9 27
9 34
9 40
9 46
9 58
9 59
10 30
10 39
10 41
10 51
10 57
10 62
10 78
11 13
11 22
11 31
11 43
11 76
12 18
12 23
12 72
13 28
13 29
13 31
13 32
13 43
13 44
13 76
13 79
14 18
14 38
14 40
14 49
14 55
14 56
14 59
14 61
14 65
14 72
15 27
15 31
15 32
15 44
15 66
15 76
15 79
16 45
16 48
16 52
16 68
17 24
17 25
17 27
17 50
17 71
18 38
18 49
18 61
18 65
18 72
19 21
19 22
19 33
19 37
19 53
19 57
19 67
19 78
20 27
20 34
20 40
20 46
20 58
20 59
20 63
20 74
20 77
21 30
21 35
21 41
21 57
21 63
21 67
21 78
22 33
22 37
22 43
22 53
22 67
23 55
23 61
23 72
24 25
24 50
24 66
24 71
25 27
25 71
26 40
26 47
26 56
26 64
26 69
26 75
27 34
27 46
27 58
27 59
28 29
28 32
28 36
28 54
28 79
29 32
29 54
29 76
30 33
30 39
30 41
30 51
30 57
30 62
30 78
31 32
31 44
31 74
31 76
32 36
32 44
32 54
32 66
32 76
32 79
33 37
33 41
33 53
33 57
33 60
33 62
33 67
33 70
33 78
34 40
34 46
34 58
34 59
34 63
34 74
34 77
35 47
35 63
35 75
35 77
36 54
36 66
36 79
37 53
37 60
37 67
37 70
38 49
38 65
38 73
39 41
39 51
39 62
40 46
40 47
40 56
40 58
40 59
41 51
41 57
41 62
41 78
42 48
42 64
42 75
43 53
43 76
44 66
44 76
44 79
45 52
45 68
46 58
46 59
46 74
46 77
47 56
47 59
47 63
47 75
47 77
48 52
48 64
48 68
49 56
49 65
49 69
49 73
50 66
50 71
51 62
53 60
53 67
54 66
54 79
55 61
55 72
56 59
56 73
57 62
57 67
57 78
58 59
58 74
58 77
60 70
61 65
61 72
62 70
62 78
63 74
63 75
63 77
64 68
64 75
65 72
66 71
66 79
67 78
69 73
74 77
