80 333
0 11
0 15
0 27
0 29
0 31
0 34
0 43
0 50
0 55
0 63
0 78
1 4
1 16
1 19
1 22
1 28
1 32
1 33
1 37
1 43
1 54
1 79
2 38
2 48
2 51
2 57
2 60
2 69
2 72
3 9
3 13
3 14
3 25
3 27
3 34
3 42
3 54
3 57
3 72
4 10
4 19
4 22
4 32
4 33
4 37
4 65
4 66
5 26
5 40
5 61
5 68
5 71
5 75
5 76
6 10
6 12
6 21
6 23
6 35
6 36
6 64
6 70
6 73
6 74
7 18
7 20
7 30
7 44
7 45
7 47
7 63
8 16
8 17
8 20
8 30
8 45
9 13
9 14
9 24
9 25
9 26
9 51
9 57
9 68
9 71
9 76
10 12
10 21
10 23
10 32
10 35
10 36
10 64
10 66
10 73
10 74
11 18
11 44
11 63
11 78
12 21
12 23
12 35
12 36
12 64
12 66
12 67
12 70
12 73
12 74
13 14
13 25
13 27
13 34
13 42
13 54
13 57
13 72
14 24
14 25
14 27
14 34
14 40
14 42
14 71
14 76
14 77
15 28
15 31
15 43
15 47
15 50
15 63
15 78
16 19
16 28
16 33
16 43
16 45
16 65
16 79
17 45
18 20
18 44
18 47
18 63
19 22
19 28
19 33
19 43
19 45
19 65
19 79
20 30
20 44
20 45
20 47
21 23
21 35
21 37
21 48
21 59
21 60
21 66
21 67
21 70
22 32
22 33
22 37
22 54
22 59
22 65
22 66
23 35
23 36
23 64
23 66
23 70
23 73
23 74
24 25
24 27
24 29
24 34
24 39
24 40
24 52
24 71
24 76
24 77
25 27
25 34
25 42
25 57
25 71
25 76
26 61
26 68
26 71
26 75
26 76
27 29
27 31
27 34
27 42
27 50
27 55
27 77
28 31
28 33
28 43
28 47
28 54
28 79
29 34
29 39
29 50
29 53
29 55
29 58
29 77
29 78
30 45
31 34
31 42
31 43
31 50
31 78
32 33
32 37
32 59
32 65
32 66
33 37
33 43
33 54
33 79
34 42
34 50
34 55
34 77
35 36
35 64
35 66
35 70
35 73
35 74
36 64
36 66
36 73
36 74
37 54
37 59
38 48
38 51
38 57
38 60
38 69
38 72
39 49
39 52
39 53
39 55
39 56
39 58
39 77
40 52
40 71
40 76
40 77
41 61
41 75
42 43
42 54
43 50
43 54
43 79
44 47
44 63
45 47
45 79
46 51
46 62
47 63
47 79
48 59
48 60
48 67
48 69
49 52
49 53
49 56
49 58
50 55
50 78
51 57
51 69
51 72
52 56
52 77
53 55
53 56
53 58
53 77
54 72
55 58
55 77
55 78
56 58
57 71
57 72
59 60
59 70
59 72
60 67
60 69
60 72
61 68
61 75
63 78
64 66
64 73
64 74
66 73
66 74
67 69
67 70
68 71
68 75
68 76
71 75
71 76
73 74
