500 2619
0 25
0 58
0 64
0 116
0 191
0 235
0 285
0 369
0 443
1 76
1 82
1 107
1 120
1 205
1 266
1 335
1 358
1 361
1 385
1 409
1 452
1 480
2 6
2 11
2 80
2 114
2 206
2 269
2 337
2 366
2 422
2 431
2 475
2 477
2 490
3 148
3 199
3 270
3 421
4 46
4 66
4 79
4 185
4 189
4 193
4 212
4 217
4 237
4 280
4 289
4 303
4 332
4 349
4 353
4 451
5 62
5 125
5 170
5 244
5 247
5 258
5 268
5 292
5 322
5 326
5 354
5 437
6 11
6 80
6 206
6 363
6 378
6 431
6 475
6 477
6 490
7 23
7 255
7 279
7 456
8 83
8 112
8 128
8 203
8 308
8 314
8 338
8 365
8 367
9 10
9 12
9 22
9 44
9 51
9 68
9 74
9 143
9 209
9 216
9 222
9 225
9 352
9 405
9 445
9 468
9 484
9 491
10 74
10 218
10 222
10 225
10 259
10 405
10 413
10 445
10 468
10 484
11 80
11 114
11 206
11 363
11 366
11 431
11 475
11 477
11 492
12 44
12 143
12 216
12 222
12 232
12 352
12 379
12 400
12 445
12 468
12 484
12 491
13 108
13 109
13 117
13 134
13 160
13 211
13 271
13 288
13 295
13 298
13 396
13 460
13 465
13 495
13 496
14 31
14 147
14 333
14 378
14 396
14 406
14 490
15 70
15 93
15 101
15 115
15 142
15 166
15 174
15 183
15 265
15 300
15 417
15 476
16 40
16 129
16 139
16 167
16 175
16 192
16 197
16 311
16 364
16 373
16 434
16 480
17 28
17 47
17 59
17 81
17 88
17 130
17 157
17 220
17 239
17 387
17 429
17 493
18 26
18 40
18 98
18 129
18 145
18 175
18 253
18 286
18 325
18 364
18 412
19 23
19 65
19 106
19 130
19 182
19 279
19 402
19 456
19 474
20 21
20 33
20 105
20 147
20 176
20 269
20 275
20 333
21 141
21 147
21 176
21 202
21 333
21 406
21 444
21 488
22 51
22 52
22 68
22 133
22 209
22 216
22 225
22 305
22 352
22 381
22 397
22 405
22 445
22 479
22 491
23 47
23 81
23 88
23 106
23 130
23 182
23 255
23 279
23 402
23 429
23 456
24 90
24 102
24 172
24 348
24 419
24 467
24 483
25 32
25 49
25 64
25 158
25 188
25 256
25 369
25 411
25 443
26 253
26 267
26 286
26 325
26 412
26 433
27 29
27 46
27 95
27 171
27 189
27 193
27 213
27 237
27 280
27 292
27 303
27 309
27 353
27 451
28 81
28 106
28 130
28 387
28 402
28 483
29 95
29 171
29 179
29 213
29 308
29 309
29 384
30 174
30 198
30 233
30 277
30 331
30 351
30 375
30 417
30 427
30 439
30 453
30 487
31 378
31 396
31 406
31 436
31 485
32 49
32 127
32 158
32 256
32 339
32 369
32 391
32 394
32 395
32 411
33 105
33 159
33 176
33 184
33 269
33 275
33 329
33 360
33 416
34 60
34 124
34 136
34 164
34 204
34 306
34 320
34 327
34 372
34 440
34 447
34 455
34 458
34 466
34 471
34 481
35 68
35 70
35 97
35 224
35 261
35 265
35 381
35 397
35 479
36 45
36 71
36 72
36 102
36 177
36 297
36 312
36 387
36 461
36 478
37 73
37 96
37 131
37 137
37 150
37 151
37 226
37 230
37 241
37 299
37 360
37 416
37 457
38 39
38 67
38 92
38 207
38 244
38 497
39 92
39 207
39 244
39 247
39 437
39 497
40 98
40 129
40 145
40 167
40 175
40 190
40 197
40 240
40 273
40 311
40 364
40 373
40 410
40 412
41 69
41 123
41 161
41 262
41 323
41 336
41 344
41 355
41 362
41 441
41 449
42 103
42 113
42 138
42 264
42 341
42 459
42 470
43 69
43 104
43 123
43 161
43 231
43 323
43 347
43 355
43 441
44 48
44 72
44 143
44 222
44 232
44 379
44 400
44 468
44 484
44 491
45 54
45 71
45 177
45 220
45 239
45 312
45 387
45 461
45 478
46 79
46 95
46 171
46 189
46 193
46 213
46 237
46 280
46 292
46 303
46 332
46 353
46 451
47 59
47 81
47 88
47 157
47 255
47 279
47 429
48 196
48 222
48 317
48 318
48 371
48 400
48 404
48 438
48 468
48 499
49 127
49 140
49 158
49 188
49 256
49 339
49 340
49 369
49 391
49 394
49 395
49 411
50 137
50 155
50 219
50 230
50 245
50 273
50 498
51 68
51 74
51 209
51 218
51 225
51 272
51 305
51 381
51 405
51 445
51 479
52 68
52 133
52 154
52 209
52 216
52 261
52 352
52 397
52 445
52 479
52 491
53 223
53 248
53 281
53 345
53 357
53 368
53 485
54 56
54 71
54 153
54 156
54 177
54 200
54 312
54 319
54 398
54 478
55 338
55 343
55 367
55 374
56 71
56 153
56 156
56 220
56 239
56 312
56 398
56 493
57 418
57 426
58 64
58 116
58 191
58 235
58 285
58 302
58 382
58 389
58 392
58 401
58 408
58 415
58 425
59 81
59 88
59 157
59 239
59 429
59 493
60 100
60 124
60 136
60 164
60 204
60 249
60 306
60 342
60 372
60 407
60 455
60 471
61 83
61 179
61 203
61 292
61 308
61 314
61 321
61 365
61 399
62 125
62 170
62 244
62 247
62 268
62 322
62 324
62 354
62 437
63 78
63 122
63 196
63 227
63 229
63 317
63 327
63 371
63 420
63 435
63 440
63 458
63 464
63 466
63 499
64 116
64 163
64 188
64 191
64 369
64 382
64 443
65 106
65 130
65 152
65 182
65 402
65 474
66 79
66 111
66 185
66 193
66 212
66 217
66 237
66 289
66 332
66 349
66 353
66 472
67 92
67 215
67 307
67 316
67 388
67 393
68 133
68 209
68 216
68 224
68 225
68 272
68 305
68 381
68 397
68 405
68 445
68 479
69 104
69 123
69 140
69 161
69 231
69 262
69 336
69 339
69 347
69 355
69 362
69 391
70 93
70 101
70 183
70 224
70 381
70 479
71 153
71 156
71 177
71 200
71 220
71 239
71 312
71 387
71 398
71 478
72 177
72 232
72 297
72 319
72 379
72 400
72 404
72 438
72 478
73 84
73 96
73 131
73 151
73 163
73 173
73 226
73 252
73 283
73 299
73 315
73 389
73 446
74 218
74 222
74 225
74 259
74 358
74 405
74 413
74 445
74 484
75 111
75 124
75 164
75 168
75 234
75 238
75 306
75 349
75 472
76 107
76 139
76 162
76 192
76 358
76 409
76 454
77 85
77 207
77 291
77 330
77 497
78 122
78 124
78 168
78 434
78 435
78 440
78 458
78 466
78 481
79 185
79 189
79 193
79 212
79 217
79 237
79 280
79 289
79 303
79 332
79 349
79 353
79 451
80 114
80 206
80 269
80 337
80 378
80 431
80 475
80 477
80 490
81 88
81 106
81 130
81 157
81 429
81 493
82 120
82 205
82 259
82 266
82 288
82 335
82 346
82 358
82 361
82 385
82 460
82 465
83 112
83 128
83 179
83 203
83 308
83 314
83 365
83 399
84 131
84 151
84 163
84 173
84 188
84 315
84 389
84 392
84 408
84 446
85 330
86 104
86 127
86 178
86 394
87 242
87 284
87 439
87 487
88 157
88 255
88 279
88 429
89 144
89 153
89 154
89 186
89 200
89 334
89 377
89 398
89 469
90 102
90 348
90 419
90 461
90 483
91 284
91 350
91 439
91 450
92 307
92 316
92 388
93 115
93 142
93 166
93 183
93 246
93 265
93 300
94 101
94 118
94 224
94 254
94 257
94 272
94 290
94 298
94 305
94 351
94 380
94 403
94 462
95 171
95 189
95 193
95 213
95 237
95 280
95 289
95 303
95 309
95 332
95 353
95 451
96 131
96 241
96 252
96 283
96 336
96 446
96 448
96 457
97 261
97 265
97 397
97 494
98 129
98 145
98 167
98 175
98 190
98 240
98 253
98 276
98 373
98 410
98 412
99 100
99 103
99 110
99 138
99 228
99 236
99 249
99 260
99 282
99 296
99 328
99 463
99 486
100 110
100 136
100 236
100 249
100 278
100 282
100 296
100 372
100 383
100 447
100 455
100 467
100 471
100 486
101 142
101 174
101 183
101 224
101 277
101 351
101 417
102 348
102 419
102 461
102 483
103 110
103 113
103 138
103 201
103 236
103 260
103 264
103 328
103 341
103 459
103 463
103 470
104 140
104 161
104 231
104 347
105 159
105 176
105 219
105 230
105 275
105 329
105 360
105 416
105 498
106 130
106 182
106 279
106 402
107 139
107 162
107 192
107 197
107 358
107 409
107 454
107 480
108 109
108 117
108 134
108 160
108 211
108 271
108 295
108 396
108 436
108 495
108 496
109 117
109 134
109 160
109 202
109 211
109 271
109 288
109 295
109 335
109 396
109 406
109 460
109 495
110 132
110 138
110 146
110 236
110 260
110 282
110 296
110 328
110 341
110 348
110 463
110 467
110 470
110 482
110 486
111 185
111 234
111 238
111 349
111 472
112 128
112 203
112 314
112 338
112 365
112 367
113 138
113 152
113 264
113 341
113 459
113 463
113 470
113 474
113 482
114 206
114 301
114 337
114 366
114 422
114 431
114 475
114 477
114 492
115 142
115 166
115 183
115 246
115 300
115 390
115 476
116 191
116 235
116 285
116 302
116 382
116 389
116 392
116 401
116 408
116 415
116 425
117 134
117 160
117 202
117 211
117 271
117 288
117 295
117 335
117 396
117 406
117 495
118 254
118 257
118 272
118 290
118 298
118 305
118 351
118 380
118 403
118 462
118 496
119 121
119 165
119 251
119 414
119 423
120 141
120 202
120 205
120 266
120 335
120 361
120 444
120 452
120 488
121 165
121 251
121 414
122 434
122 435
122 440
122 454
122 466
123 140
123 161
123 231
123 262
123 323
123 336
123 347
123 355
123 362
123 441
124 136
124 164
124 204
124 306
124 320
124 440
124 455
124 458
124 466
124 481
125 170
125 244
125 268
125 322
125 326
125 354
125 433
126 148
126 270
126 274
126 293
126 343
126 384
126 421
127 158
127 178
127 339
127 391
127 394
127 411
128 179
128 203
128 308
128 314
128 338
128 365
128 367
129 139
129 145
129 167
129 175
129 192
129 197
129 311
129 364
129 373
129 412
129 434
130 182
130 402
131 151
131 163
131 173
131 226
131 241
131 252
131 283
131 299
131 315
131 389
131 446
131 457
132 138
132 146
132 152
132 282
132 341
132 348
132 463
132 467
132 482
133 154
133 209
133 216
133 261
133 352
133 397
133 479
134 160
134 202
134 211
134 271
134 288
134 295
134 335
134 361
134 396
134 460
134 465
134 495
134 496
135 181
135 287
135 427
135 436
135 453
136 164
136 204
136 306
136 320
136 372
136 447
136 455
136 471
137 150
137 151
137 155
137 226
137 230
137 263
137 299
137 393
137 489
137 498
138 146
138 152
138 236
138 282
138 328
138 341
138 459
138 463
138 467
138 470
138 482
138 486
139 175
139 192
139 197
139 311
139 373
139 409
139 452
139 480
140 161
140 231
140 262
140 336
140 339
140 347
140 355
140 362
140 391
140 394
140 395
140 411
140 448
141 176
141 205
141 219
141 370
141 444
141 452
141 488
142 166
142 174
142 183
142 198
142 246
142 277
142 300
142 331
142 390
142 417
142 476
143 186
143 216
143 222
143 232
143 319
143 352
143 379
143 400
143 445
143 468
143 491
144 153
144 154
144 186
144 200
144 232
144 319
144 334
144 377
144 379
144 398
144 469
145 167
145 175
145 190
145 240
145 253
145 276
145 373
145 410
145 412
146 152
146 282
146 341
146 348
146 463
146 467
146 482
147 269
147 275
147 333
147 378
147 406
147 490
148 270
148 274
148 293
148 384
148 421
149 221
149 243
149 301
149 310
149 344
149 366
149 422
149 430
149 449
150 151
150 226
150 230
150 241
150 299
150 360
150 416
150 457
150 498
151 173
151 226
151 241
151 263
151 299
151 389
151 457
151 489
152 341
152 402
152 459
152 470
152 474
152 482
153 156
153 200
153 334
153 377
153 398
154 186
154 187
154 216
154 334
154 377
154 469
155 240
155 245
155 263
155 273
155 276
155 304
155 307
155 316
155 393
155 489
156 200
156 220
156 239
156 312
156 398
156 493
157 239
157 429
157 493
158 256
158 339
158 369
158 394
158 411
159 176
159 184
159 230
159 269
159 275
159 329
159 360
159 416
159 498
160 211
160 271
160 288
160 295
160 298
160 396
160 460
160 495
160 496
161 231
161 262
161 323
161 336
161 347
161 355
161 362
161 441
162 192
162 435
162 454
162 499
163 173
163 188
163 283
163 315
163 340
163 446
163 448
164 195
164 204
164 234
164 306
164 356
164 471
165 169
165 195
165 208
165 210
165 251
165 376
165 407
165 414
166 183
166 246
166 300
166 390
166 476
167 190
167 240
167 273
167 370
167 373
167 410
168 234
168 238
168 253
168 481
169 195
169 201
169 208
169 210
169 228
169 249
169 296
169 342
169 407
170 180
170 244
170 247
170 258
170 268
170 292
170 326
170 354
170 437
171 189
171 193
171 213
171 237
171 280
171 303
171 309
171 332
171 353
171 451
172 227
172 229
172 318
172 371
172 383
172 404
172 420
172 464
172 473
173 226
173 299
173 315
173 389
173 392
173 408
174 198
174 233
174 277
174 331
174 351
174 375
174 417
174 476
175 192
175 197
175 311
175 364
175 373
175 412
175 434
176 219
176 275
176 329
176 416
176 444
177 232
177 297
177 319
177 438
177 461
177 478
178 394
179 203
179 308
179 309
179 314
179 365
180 247
180 258
180 292
180 321
180 326
180 437
181 287
181 345
181 350
181 357
181 427
181 436
182 279
182 402
182 474
183 246
183 265
183 300
183 390
183 417
183 476
184 269
184 301
184 310
184 329
184 337
184 360
184 422
184 457
185 212
185 217
185 237
185 267
185 322
185 349
185 472
186 187
186 216
186 232
186 319
186 334
186 352
186 377
186 379
186 469
187 377
187 469
188 191
188 256
188 315
188 340
188 443
188 446
189 193
189 212
189 213
189 237
189 280
189 289
189 303
189 332
189 353
189 424
189 451
190 240
190 250
190 273
190 276
190 324
190 410
190 412
191 235
191 285
191 302
191 382
191 392
191 401
191 408
191 415
191 443
192 197
192 311
192 364
192 373
192 409
192 434
192 454
192 480
193 212
193 213
193 217
193 237
193 280
193 289
193 303
193 332
193 353
193 451
194 207
194 214
194 291
194 294
194 428
194 442
195 210
195 306
195 356
195 376
195 386
195 407
196 229
196 317
196 318
196 371
196 404
196 420
196 435
196 499
197 311
197 364
197 373
197 409
197 434
197 480
198 233
198 277
198 331
198 351
198 375
198 417
198 427
198 476
198 487
199 359
199 423
199 424
199 432
200 334
200 377
200 398
200 469
201 208
201 228
201 236
201 249
201 260
201 296
201 328
202 205
202 288
202 335
202 361
202 444
202 488
203 314
203 321
203 365
203 399
204 306
204 342
204 372
204 407
204 455
204 471
205 266
205 335
205 361
205 444
205 452
205 488
206 337
206 366
206 431
206 475
206 477
206 490
206 492
207 294
207 428
207 442
207 497
208 228
208 249
208 260
208 296
208 342
208 407
208 471
209 216
209 225
209 352
209 381
209 397
209 405
209 445
209 479
209 484
209 491
210 356
210 376
210 386
210 407
211 271
211 288
211 295
211 298
211 380
211 396
211 460
211 462
211 465
211 495
211 496
212 217
212 237
212 289
212 303
212 332
212 349
212 353
212 451
213 237
213 280
213 303
213 309
213 332
213 353
213 451
214 235
214 285
214 291
214 382
214 415
215 263
215 302
215 316
215 388
215 389
215 392
215 393
215 408
215 425
215 489
216 352
216 379
216 397
216 445
216 491
217 237
217 322
217 332
217 349
217 353
217 451
218 225
218 259
218 272
218 305
218 346
218 380
218 405
218 413
218 462
219 230
219 416
219 498
220 239
220 312
220 387
220 461
220 493
221 243
221 323
221 344
221 430
221 441
221 449
222 225
222 400
222 405
222 445
222 468
222 484
222 491
223 248
223 281
223 287
223 345
223 357
223 368
223 485
224 272
224 305
224 381
224 479
225 272
225 305
225 381
225 405
225 445
225 484
225 491
226 230
226 241
226 263
226 299
226 360
226 457
227 229
227 278
227 318
227 327
227 371
227 383
227 420
227 447
227 464
227 473
228 236
228 249
228 260
228 296
228 328
228 342
228 407
228 471
229 317
229 318
229 327
229 371
229 383
229 420
229 447
229 464
229 473
230 241
230 299
230 360
230 416
230 498
231 262
231 339
231 347
231 355
231 362
231 394
232 297
232 319
232 334
232 379
232 478
233 277
233 351
233 375
233 427
233 439
233 453
234 238
234 306
234 349
234 472
235 285
235 382
235 415
236 249
236 260
236 282
236 296
236 328
236 463
236 470
236 486
237 280
237 289
237 303
237 332
237 353
237 451
238 267
238 286
238 349
238 472
239 312
239 387
239 493
240 245
240 273
240 276
240 410
241 299
241 360
241 416
241 457
242 418
242 426
242 439
242 487
243 366
243 430
243 477
243 492
244 247
244 268
244 354
244 437
245 273
245 276
245 304
245 307
245 410
246 300
246 313
246 331
246 390
246 476
247 258
247 268
247 326
247 354
247 437
248 345
248 357
248 485
249 260
249 296
249 328
249 342
249 372
249 407
249 471
249 486
250 268
250 276
250 324
251 414
252 283
252 336
252 446
252 448
252 457
253 267
253 286
253 325
253 412
253 433
254 257
254 272
254 290
254 298
254 305
254 351
254 380
254 403
254 462
255 279
255 456
256 339
256 340
256 369
256 391
256 394
256 395
256 411
256 443
257 290
257 298
257 351
257 380
257 403
257 427
257 453
257 496
258 292
258 321
258 326
258 437
259 266
259 346
259 358
259 361
259 385
259 413
259 465
260 296
260 328
260 463
260 486
261 265
261 397
261 479
261 494
262 336
262 355
262 362
262 391
262 448
263 299
263 316
263 393
263 489
264 341
264 459
264 470
264 474
266 288
266 335
266 346
266 358
266 361
266 385
266 460
266 465
267 286
267 322
267 325
267 433
267 472
268 324
268 354
268 433
268 437
269 275
269 329
269 337
269 422
269 431
269 490
270 274
270 293
270 343
270 384
270 421
271 288
271 295
271 298
271 396
271 495
271 496
272 290
272 305
272 380
272 381
272 403
272 405
272 462
273 276
273 370
273 410
274 293
274 343
274 374
274 384
274 421
275 329
275 337
275 416
276 304
276 410
277 331
277 351
277 375
277 417
277 427
277 476
278 282
278 320
278 327
278 348
278 383
278 447
278 464
278 467
278 473
278 486
279 456
280 292
280 303
280 332
280 353
280 451
281 363
281 368
281 485
282 348
282 463
282 467
282 482
282 486
283 315
283 336
283 340
283 446
283 448
284 350
284 439
284 450
285 382
285 415
286 322
286 325
286 433
286 472
287 345
287 357
287 436
287 485
288 335
288 346
288 361
288 460
288 465
288 495
289 303
289 332
289 353
289 424
289 432
289 451
290 298
290 305
290 380
290 403
290 462
291 294
292 326
293 343
293 374
293 384
294 428
294 442
294 497
295 298
295 396
295 436
295 495
295 496
296 328
296 342
296 463
296 471
296 486
297 319
297 404
297 438
297 478
298 380
298 403
298 460
298 462
298 465
298 495
298 496
299 389
299 489
300 313
300 331
300 390
300 417
300 476
300 487
301 310
301 329
301 337
301 344
301 366
301 422
301 431
302 382
302 388
302 389
302 392
302 401
302 408
302 415
302 425
302 428
302 442
303 332
303 353
303 424
303 451
304 307
304 316
304 393
304 489
305 380
305 381
305 405
305 479
306 356
306 372
306 471
307 316
307 393
307 489
308 309
308 314
308 365
308 384
309 384
310 337
310 344
310 366
310 422
310 457
311 364
311 373
311 434
311 454
312 387
312 461
313 331
313 390
313 476
313 487
314 365
314 399
315 340
315 395
315 446
315 448
316 388
316 393
316 489
317 318
317 371
317 404
317 420
317 435
317 499
318 371
318 404
318 420
318 438
319 334
319 379
319 478
320 327
320 372
320 383
320 440
320 447
320 455
320 458
320 464
320 466
320 473
320 481
321 399
322 433
323 355
323 441
323 449
324 354
324 433
325 412
325 433
326 437
327 383
327 440
327 447
327 455
327 458
327 464
327 466
327 473
327 481
328 463
328 470
328 486
329 337
329 360
329 416
329 422
331 390
331 417
331 476
331 487
332 353
332 424
332 432
332 451
333 378
333 406
333 490
334 377
334 379
334 398
334 469
335 361
335 444
335 460
335 488
336 344
336 355
336 362
336 446
336 448
337 366
337 422
337 431
338 343
338 367
338 374
339 362
339 391
339 394
339 395
339 411
340 391
340 395
340 446
340 448
341 459
341 463
341 470
341 474
341 482
342 372
342 407
342 471
343 367
343 374
343 384
344 366
344 449
345 357
345 368
345 436
345 485
346 361
346 380
346 385
346 413
346 460
346 462
346 465
348 419
348 467
348 482
348 483
349 472
350 439
350 450
351 375
351 403
351 417
351 427
351 453
352 379
352 445
352 491
353 451
354 437
355 362
355 441
355 449
356 376
356 386
356 407
357 368
357 485
358 385
358 413
359 423
359 424
359 432
360 416
360 457
360 498
361 385
361 460
361 465
362 391
362 395
362 448
363 368
363 475
364 373
364 412
364 434
365 367
365 399
366 422
366 430
366 431
366 477
367 374
368 485
369 443
370 452
370 480
371 404
371 420
371 438
371 499
372 455
372 471
373 412
373 480
375 417
375 427
375 453
376 386
377 398
377 469
378 406
378 490
379 400
379 491
380 403
380 460
380 462
380 465
380 496
381 397
381 405
381 479
382 392
382 401
382 408
382 415
382 425
383 447
383 455
383 464
383 473
384 421
385 413
387 461
388 392
388 393
388 401
388 408
388 425
388 428
389 392
389 401
389 408
389 425
390 417
390 476
390 487
391 394
391 395
391 411
391 448
392 401
392 408
392 415
392 425
393 489
394 395
394 411
395 411
395 446
395 448
396 406
396 495
397 479
397 494
400 438
400 468
400 484
400 491
401 408
401 415
401 425
402 474
403 453
403 462
403 496
404 420
404 438
405 413
405 445
405 484
405 491
406 490
407 471
408 415
408 425
409 452
409 480
413 484
414 423
415 425
416 498
417 476
418 426
419 461
419 483
420 438
420 464
422 431
424 432
427 453
428 442
428 497
429 493
430 477
430 492
431 475
431 477
431 490
434 454
435 454
435 466
435 499
436 485
438 478
439 450
439 487
440 455
440 458
440 466
440 481
441 449
442 497
444 488
445 468
445 484
445 491
446 448
447 455
447 464
447 473
452 480
452 488
454 499
455 458
455 464
455 466
455 471
455 473
455 481
458 464
458 466
458 473
458 481
459 463
459 470
459 474
459 482
460 462
460 465
460 495
460 496
461 478
461 483
462 465
462 496
463 467
463 470
463 482
463 486
464 466
464 473
465 495
465 496
466 473
466 481
467 482
467 486
468 484
468 491
470 482
475 477
475 490
475 492
476 487
477 492
484 491
495 496
