80 313
0 1
0 6
0 7
0 14
0 21
0 25
0 34
1 7
1 14
1 16
1 21
1 24
1 26
1 34
1 47
1 57
1 65
1 71
1 74
1 78
2 39
2 41
2 47
2 54
2 66
2 71
3 22
3 49
3 64
3 72
4 37
4 38
4 59
4 69
5 6
5 18
5 20
5 25
5 27
5 60
6 20
6 21
6 25
6 36
6 60
6 78
7 14
7 16
7 21
7 26
7 34
7 47
7 57
7 65
7 68
7 71
7 74
7 78
8 16
8 23
8 26
8 39
8 40
8 41
8 44
8 57
8 68
8 71
8 73
8 79
9 10
9 28
9 35
9 43
9 45
9 50
9 53
9 56
9 61
9 63
9 75
9 76
10 11
10 35
10 42
10 43
10 55
10 61
10 63
10 75
10 76
11 12
11 28
11 35
11 42
11 46
11 55
11 75
12 19
12 24
12 26
12 28
12 30
12 46
12 62
12 68
12 75
13 17
13 38
13 56
13 58
13 67
13 77
14 21
14 34
14 47
14 74
15 18
15 27
15 49
15 60
16 23
16 26
16 39
16 41
16 57
16 68
16 71
16 74
17 19
17 30
17 45
17 51
17 56
17 62
18 20
18 27
18 60
19 24
19 28
19 29
19 30
19 36
19 45
19 46
19 62
20 25
20 36
20 60
21 24
21 29
21 34
21 36
21 57
21 65
21 74
21 78
22 49
22 51
22 64
22 72
23 39
23 40
23 41
23 44
23 54
23 71
23 73
24 26
24 29
24 30
24 36
24 46
24 57
24 62
24 65
24 78
25 60
26 28
26 29
26 46
26 57
26 65
26 68
26 74
26 78
27 60
28 30
28 46
28 62
28 75
29 30
29 36
29 62
29 65
29 78
30 36
30 45
30 46
30 51
30 62
31 48
31 52
32 58
32 59
32 67
32 72
32 77
33 42
33 44
33 55
33 70
33 79
34 47
34 74
35 43
35 48
35 55
35 61
35 63
35 75
35 76
36 62
36 65
36 78
37 59
37 69
38 50
38 56
38 69
39 40
39 41
39 47
39 54
39 57
39 71
39 73
40 41
40 44
40 54
40 71
40 73
40 79
41 54
41 71
41 73
42 44
42 55
42 70
42 79
43 48
43 50
43 53
43 55
43 61
43 63
43 75
43 76
44 70
44 73
44 79
45 46
45 51
45 62
46 62
46 75
47 57
47 71
47 74
48 61
49 64
50 53
50 56
50 61
50 63
50 76
51 58
51 62
51 72
53 61
53 63
53 76
54 66
54 71
54 73
55 70
55 75
56 69
57 65
57 68
57 71
57 74
58 67
58 72
58 77
59 67
59 77
61 63
61 76
63 75
63 76
65 74
65 78
67 72
67 77
68 71
68 74
70 79
71 74
72 77
73 79
74 78
75 76
