300 1340
0 111
0 117
0 120
0 178
0 193
0 208
0 212
0 225
0 235
0 272
1 38
1 110
1 147
1 148
1 155
1 219
1 241
1 288
2 31
2 45
2 58
2 64
2 99
2 157
2 215
2 230
2 267
2 295
3 16
3 34
3 44
3 51
3 60
3 101
3 116
3 129
3 180
3 200
3 204
3 263
4 67
4 85
4 97
4 102
4 176
4 278
5 53
5 86
5 130
5 153
5 236
5 245
5 283
6 81
6 94
6 119
6 250
6 279
7 142
7 183
7 197
7 233
7 240
7 247
7 253
8 13
8 46
8 68
8 112
8 255
8 256
8 273
8 277
8 292
9 90
9 92
9 108
9 122
9 210
9 231
9 281
9 285
10 23
10 24
10 41
10 100
10 109
10 124
10 151
10 177
10 182
10 184
10 223
10 238
10 239
10 246
10 298
11 51
11 69
11 115
11 131
11 170
11 228
11 263
12 35
12 74
12 96
12 161
12 162
12 175
12 192
12 206
12 211
12 299
13 46
13 68
13 89
13 112
13 255
13 256
13 277
13 292
14 42
14 57
14 66
14 158
14 179
14 192
14 194
14 234
14 261
14 269
14 274
15 56
15 93
15 95
15 201
15 208
15 226
15 242
16 26
16 44
16 77
16 98
16 101
16 106
16 107
16 116
16 169
16 180
16 237
16 264
17 29
17 30
17 67
17 125
17 126
17 189
17 221
17 249
17 276
17 284
17 293
18 22
18 37
18 103
18 111
18 193
18 225
19 90
19 210
20 52
20 110
20 132
20 155
20 207
20 224
20 280
21 79
21 105
21 146
22 37
22 103
22 167
23 24
23 109
23 124
23 182
23 184
23 218
23 223
23 238
23 246
23 298
24 41
24 100
24 109
24 124
24 151
24 177
24 182
24 184
24 223
24 238
24 246
24 298
25 43
25 54
25 61
25 73
25 76
25 84
25 123
26 71
26 77
26 98
26 101
26 169
26 187
26 237
27 38
27 50
27 80
27 113
27 219
27 241
27 251
27 258
27 281
28 55
28 85
28 138
28 143
28 229
28 282
28 295
29 125
29 202
29 221
29 249
29 266
29 296
30 125
30 126
30 221
30 276
30 278
31 33
31 45
31 149
31 157
31 171
31 209
31 267
31 294
32 56
32 63
32 72
32 83
32 95
32 106
32 107
32 137
32 145
32 191
32 201
32 216
32 226
32 248
32 264
32 275
33 45
33 91
33 149
33 157
33 171
33 209
33 240
33 267
33 294
34 44
34 51
34 60
34 101
34 116
34 129
34 131
34 180
34 200
34 263
35 74
35 96
35 161
35 162
35 192
35 211
35 259
35 299
36 40
36 49
36 68
36 75
36 121
36 139
36 243
36 256
36 290
36 292
37 103
37 167
37 266
38 50
38 113
38 148
38 219
38 241
38 251
38 288
39 66
39 82
39 87
39 141
39 144
39 154
39 158
39 179
39 197
39 234
40 49
40 75
40 114
40 121
40 139
40 256
40 262
40 290
40 292
41 100
41 151
41 177
41 184
41 239
41 246
41 260
42 66
42 158
42 194
42 234
42 261
42 265
42 269
43 54
43 61
43 73
43 84
43 123
44 60
44 98
44 101
44 116
44 129
44 169
44 180
44 200
44 263
44 291
45 149
45 157
45 209
45 267
46 68
46 112
46 255
46 256
46 273
46 277
46 292
47 67
47 86
47 125
47 156
47 168
47 189
47 236
47 266
47 284
47 293
48 100
48 111
48 117
48 151
48 177
48 178
48 212
48 235
48 239
48 260
48 270
48 272
49 75
49 104
49 121
49 139
49 203
49 290
50 80
50 113
50 159
50 219
50 251
50 281
51 60
51 115
51 129
51 131
51 263
52 132
52 171
52 207
52 224
52 280
53 95
53 140
53 201
53 216
53 245
53 248
53 283
54 61
54 73
54 76
54 84
54 123
54 195
54 205
55 58
55 64
55 70
55 85
55 99
55 138
55 229
55 282
55 295
56 93
56 95
56 201
56 216
56 226
56 242
56 248
57 91
57 179
57 186
57 192
57 194
57 268
57 269
57 274
58 64
58 70
58 99
58 138
58 149
58 171
58 295
59 65
59 69
59 88
59 143
59 165
59 166
59 172
59 188
59 199
59 222
59 228
59 255
59 257
59 273
60 101
60 115
60 116
60 129
60 131
60 180
60 204
60 263
61 73
61 76
61 84
61 123
62 134
62 146
62 217
62 232
63 72
63 83
63 106
63 107
63 137
63 145
63 164
63 191
63 201
63 226
63 264
63 271
63 275
63 287
64 85
64 99
64 138
64 176
64 215
64 230
64 295
65 69
65 135
65 165
65 166
65 170
65 198
65 199
65 222
65 228
65 254
65 257
65 273
66 141
66 158
66 179
66 234
67 97
67 102
67 125
67 128
67 156
67 168
67 189
67 276
67 278
67 284
67 293
68 112
68 139
68 256
68 277
68 292
69 88
69 135
69 165
69 166
69 170
69 198
69 222
69 228
69 257
70 99
70 132
70 138
71 187
71 271
72 83
72 95
72 106
72 107
72 137
72 145
72 164
72 191
72 201
72 226
72 264
72 275
72 287
74 96
74 126
74 161
74 162
74 192
74 211
74 259
75 114
75 121
75 139
75 254
75 256
75 262
75 290
75 292
76 79
76 84
76 105
76 123
76 146
76 195
77 79
77 98
77 101
77 105
77 169
77 180
77 237
77 291
78 241
78 288
79 84
79 105
79 123
79 146
79 169
79 291
80 90
80 113
80 251
80 258
80 281
81 94
81 119
81 136
81 202
81 244
81 250
81 279
81 289
82 87
82 141
82 144
82 154
82 197
83 93
83 137
83 145
83 164
83 191
83 226
83 242
83 264
83 271
83 275
83 287
84 105
84 123
84 146
85 176
85 215
85 230
85 295
86 130
86 153
86 236
86 245
86 283
87 141
87 144
87 154
87 197
88 143
88 165
88 166
88 172
88 188
88 199
88 222
88 228
88 257
89 112
89 152
89 159
89 214
89 252
89 277
89 286
90 210
90 258
90 281
91 157
91 179
91 186
91 209
91 240
91 268
91 274
91 294
92 108
92 122
92 152
92 181
92 185
92 214
92 231
92 252
92 285
93 201
93 226
93 242
94 119
94 196
94 202
94 244
94 250
94 279
94 289
94 296
95 191
95 201
95 216
95 226
95 248
96 126
96 161
96 162
96 211
96 259
97 102
97 128
97 168
97 278
98 101
98 116
98 169
98 180
98 237
98 291
99 138
99 230
99 295
100 151
100 177
100 184
100 212
100 223
100 235
100 239
100 246
100 260
100 270
100 298
101 116
101 129
101 169
101 180
101 237
101 291
102 128
102 156
102 168
102 170
102 228
103 111
103 140
103 193
103 225
103 245
103 272
103 283
104 243
105 146
105 169
105 291
106 107
106 116
106 137
106 145
106 164
106 191
106 264
106 275
106 287
107 116
107 145
107 191
107 201
107 204
107 264
107 275
108 122
108 152
108 181
108 185
108 231
108 252
108 285
109 124
109 160
109 182
109 218
109 223
109 238
109 246
109 298
110 132
110 147
110 155
110 174
111 117
111 120
111 178
111 193
111 208
111 212
111 225
111 235
111 270
111 272
112 127
112 277
113 219
113 251
113 281
114 118
114 121
114 163
114 173
114 195
114 205
114 213
114 254
114 262
114 290
115 129
115 130
115 131
115 153
115 204
116 129
116 180
116 204
117 120
117 178
117 193
117 208
117 212
117 225
117 235
117 239
117 270
117 272
118 163
118 173
118 195
118 200
118 205
118 213
118 262
119 136
119 202
119 244
119 250
119 279
119 289
120 178
120 208
120 272
121 139
121 203
121 262
121 290
122 152
122 181
122 185
122 214
122 231
122 252
122 285
123 146
123 195
123 205
124 160
124 182
124 218
124 223
124 238
124 246
124 298
125 189
125 221
125 249
125 266
125 276
125 284
125 293
126 161
126 221
126 276
127 152
127 181
127 185
127 243
127 252
128 156
128 168
128 293
129 131
129 180
129 204
129 263
130 153
130 204
130 236
131 198
131 263
132 155
132 174
132 207
133 143
133 174
133 190
133 220
133 229
133 282
134 217
134 232
135 165
135 170
135 198
135 254
135 257
136 206
136 227
136 244
136 250
136 289
137 145
137 164
137 187
137 191
137 226
137 264
137 271
137 275
137 287
138 229
138 282
138 295
139 256
139 290
139 292
140 193
140 216
140 225
140 245
140 248
140 283
141 144
141 154
142 150
142 183
142 233
142 240
142 247
142 253
142 294
142 297
143 172
143 188
143 190
143 199
143 229
143 282
144 154
144 197
145 164
145 191
145 201
145 226
145 264
145 271
145 275
145 287
147 148
147 155
147 174
147 288
148 219
149 157
149 171
149 267
149 297
150 240
150 297
151 177
151 184
151 212
151 223
151 235
151 238
151 239
151 246
151 260
151 270
151 298
152 159
152 181
152 185
152 214
152 252
152 285
153 204
153 236
154 197
155 174
156 168
156 189
156 236
156 293
157 209
157 267
157 294
158 179
158 234
158 268
158 269
159 214
160 167
160 182
160 196
160 238
161 162
161 175
161 192
161 211
161 259
162 175
162 192
162 206
162 211
162 299
163 173
163 195
163 200
163 205
163 213
163 291
164 187
164 191
164 226
164 264
164 271
164 275
164 287
165 166
165 170
165 188
165 198
165 199
165 222
165 228
165 257
165 273
166 170
166 172
166 188
166 199
166 222
166 228
166 257
167 196
167 266
167 296
168 189
168 236
168 284
168 293
169 180
169 237
169 291
170 198
170 222
170 228
170 257
171 297
172 188
172 199
172 222
172 228
172 257
173 195
173 200
173 205
173 213
173 254
173 262
174 220
175 206
175 227
175 244
175 289
175 299
176 215
176 230
176 278
176 295
177 184
177 212
177 223
177 235
177 238
177 239
177 246
177 270
177 298
178 208
178 212
178 272
179 234
179 268
179 269
180 200
180 237
180 291
181 185
181 231
181 252
181 285
182 218
182 223
182 238
182 246
182 298
183 197
183 233
183 240
183 247
183 253
183 294
184 223
184 239
184 246
184 260
184 298
185 214
185 231
185 252
185 285
186 192
186 209
186 259
186 268
186 269
186 274
187 237
187 271
187 287
188 199
188 222
188 228
188 257
189 221
189 276
189 284
189 293
190 220
190 229
190 282
190 286
191 201
191 226
191 264
191 275
191 287
192 194
192 211
192 259
192 261
192 269
192 274
193 208
193 225
193 245
193 272
193 283
194 261
194 269
194 274
194 299
195 205
196 202
196 279
196 296
197 233
197 247
197 253
198 222
198 228
198 254
198 257
199 222
199 255
199 257
199 273
200 291
201 216
201 226
201 242
201 248
201 264
201 275
202 244
202 249
202 279
202 289
202 296
205 213
205 262
206 227
206 244
206 289
206 299
207 224
207 280
208 225
208 272
209 240
209 267
209 268
209 294
210 231
210 281
211 259
212 235
212 239
212 260
212 270
212 272
213 254
213 262
213 290
214 252
215 230
215 295
216 245
216 248
216 283
217 232
218 238
218 246
218 298
219 241
219 251
219 288
220 282
220 286
221 249
221 276
221 284
221 293
222 228
222 257
223 235
223 238
223 239
223 246
223 270
223 298
224 280
225 245
225 272
226 242
226 264
226 275
226 287
227 244
227 289
227 299
228 257
229 282
230 295
231 281
231 285
233 240
233 247
233 253
233 294
234 268
234 269
235 239
235 260
235 270
235 272
238 246
238 298
239 246
239 260
239 270
239 298
240 247
240 253
240 294
240 297
241 251
241 288
242 275
244 289
245 283
246 298
247 253
248 283
249 266
250 279
251 258
251 288
252 285
254 262
255 256
255 257
255 273
255 277
255 292
256 273
256 292
257 273
259 274
260 270
261 265
261 269
261 299
262 290
264 271
264 275
264 287
266 296
268 269
268 274
269 274
270 272
271 275
271 287
273 292
275 287
276 278
276 284
276 293
277 286
278 293
279 296
284 293
289 299
294 297
