300 2029
0 29
0 37
0 46
0 59
0 67
0 69
0 72
0 73
0 136
0 141
0 174
0 188
0 191
0 193
0 242
0 261
0 268
0 279
0 280
1 9
1 13
1 36
1 45
1 66
1 89
1 91
1 100
1 102
1 105
1 123
1 194
1 195
1 197
1 227
1 234
1 244
1 249
1 264
1 288
2 26
2 32
2 50
2 52
2 65
2 70
2 99
2 130
2 145
2 168
2 176
2 209
2 292
3 17
3 18
3 34
3 40
3 51
3 64
3 84
3 96
3 108
3 138
3 172
3 186
3 200
3 210
3 221
3 236
3 245
3 269
3 286
3 299
4 9
4 20
4 48
4 49
4 102
4 113
4 142
4 198
4 252
4 253
5 109
5 131
5 153
5 180
5 250
5 251
5 254
6 10
6 19
6 42
6 117
6 161
6 173
6 189
6 201
6 214
6 257
7 33
7 39
7 55
7 60
7 78
7 83
7 104
7 120
7 183
7 207
7 255
7 263
7 265
7 275
7 298
8 23
8 25
8 39
8 57
8 99
8 104
8 111
8 115
8 151
8 176
8 204
8 224
8 233
9 13
9 48
9 89
9 102
9 105
9 112
9 113
9 142
9 195
9 205
9 226
9 244
9 258
9 288
10 19
10 42
10 117
10 161
10 189
10 201
10 214
10 223
10 251
10 257
10 291
11 17
11 34
11 43
11 76
11 82
11 161
11 164
11 169
11 173
11 201
11 202
11 257
12 27
12 30
12 44
12 75
12 110
12 116
12 146
12 190
12 213
12 230
12 231
12 232
12 237
12 240
12 247
12 250
12 267
12 277
13 66
13 89
13 102
13 105
13 112
13 129
13 195
13 197
13 205
13 234
13 244
13 258
13 264
13 288
14 45
14 55
14 68
14 81
14 91
14 100
14 120
14 123
14 167
14 183
14 227
14 275
15 58
15 74
15 79
15 108
15 124
15 135
15 182
15 196
15 259
15 269
15 299
16 61
16 85
16 86
16 95
16 97
16 98
16 101
16 155
16 166
16 187
16 216
16 270
16 284
16 293
16 295
17 34
17 40
17 64
17 76
17 82
17 96
17 138
17 169
17 172
17 173
17 186
17 202
17 236
17 245
17 286
18 40
18 51
18 64
18 84
18 96
18 138
18 172
18 177
18 186
18 200
18 210
18 220
18 221
18 236
18 245
18 269
18 286
18 299
19 42
19 117
19 161
19 173
19 189
19 201
19 214
19 257
19 291
20 48
20 49
20 95
20 98
20 101
20 152
20 181
20 198
20 216
20 252
20 253
20 293
20 295
21 47
21 53
21 80
21 119
21 146
21 190
21 203
21 209
21 217
21 228
21 232
21 240
21 297
22 46
22 69
22 149
22 154
22 206
22 218
22 229
22 241
22 261
22 268
23 25
23 39
23 57
23 99
23 104
23 111
23 115
23 151
23 176
23 204
23 224
23 233
24 31
24 88
24 93
24 94
24 106
24 121
24 132
24 143
24 152
24 165
24 271
24 294
25 41
25 57
25 111
25 115
25 118
25 128
25 157
25 175
26 32
26 50
26 65
26 70
26 130
26 145
26 163
26 168
26 203
26 208
26 297
27 38
27 44
27 75
27 80
27 146
27 148
27 160
27 190
27 213
27 217
27 230
27 231
27 232
27 237
27 239
27 240
27 247
27 250
27 267
27 274
27 276
27 277
28 66
28 71
28 89
28 105
28 129
28 171
28 184
28 197
28 199
28 234
28 281
29 37
29 59
29 67
29 72
29 73
29 136
29 141
29 188
29 193
29 242
29 279
29 280
29 281
30 44
30 75
30 110
30 114
30 116
30 179
30 185
30 192
30 213
30 230
30 231
30 237
30 247
30 277
31 87
31 88
31 94
31 103
31 106
31 121
31 143
31 271
31 294
32 50
32 52
32 65
32 70
32 130
32 139
32 145
32 163
32 168
32 246
33 39
33 55
33 60
33 78
33 83
33 104
33 120
33 207
33 224
33 255
33 263
33 265
33 275
33 298
34 40
34 43
34 51
34 64
34 76
34 82
34 96
34 138
34 169
34 172
34 186
34 202
34 210
34 243
34 245
34 286
35 43
35 94
35 97
35 132
35 135
35 155
35 164
35 165
35 243
35 270
36 45
36 55
36 83
36 100
36 123
36 194
36 211
36 246
36 249
36 255
37 46
37 59
37 67
37 71
37 129
37 136
37 141
37 174
37 188
37 191
37 193
37 205
37 242
37 258
37 261
37 268
37 279
37 280
37 281
38 44
38 80
38 148
38 159
38 160
38 213
38 225
38 231
38 239
38 240
38 274
38 276
39 57
39 60
39 83
39 104
39 115
39 151
39 204
39 207
39 224
39 255
39 263
39 265
39 292
40 64
40 82
40 84
40 96
40 138
40 169
40 172
40 186
40 200
40 210
40 221
40 236
40 245
40 286
41 62
41 111
41 118
41 128
41 157
41 278
41 296
42 117
42 161
42 173
42 189
42 201
42 257
43 76
43 164
43 182
43 202
43 243
43 270
44 75
44 110
44 116
44 148
44 159
44 160
44 213
44 225
44 230
44 231
44 237
44 239
44 240
44 247
44 267
44 274
44 276
44 277
45 55
45 68
45 81
45 83
45 91
45 100
45 120
45 123
45 167
45 183
45 194
45 211
45 227
45 249
45 255
45 264
45 275
46 67
46 69
46 112
46 141
46 174
46 191
46 193
46 206
46 212
46 218
46 261
46 268
47 53
47 80
47 119
47 130
47 146
47 190
47 203
47 209
47 217
47 228
47 232
47 240
47 297
48 49
48 102
48 113
48 142
48 198
48 252
49 142
49 181
49 198
49 212
49 218
49 252
50 52
50 65
50 70
50 139
50 145
50 163
50 168
50 246
50 260
50 292
51 64
51 74
51 84
51 96
51 108
51 138
51 172
51 177
51 182
51 186
51 200
51 210
51 220
51 221
51 236
51 243
51 269
51 286
51 299
52 65
52 70
52 99
52 139
52 145
52 163
52 246
52 292
53 87
53 88
53 103
53 119
53 146
53 190
53 203
53 208
53 228
53 232
53 297
54 107
54 114
54 125
54 127
54 134
54 147
54 179
54 185
54 192
54 215
54 222
54 238
54 262
54 283
54 289
54 290
55 60
55 68
55 81
55 83
55 91
55 100
55 120
55 123
55 167
55 183
55 194
55 207
55 211
55 255
55 265
55 275
56 122
56 126
56 133
56 149
56 154
56 256
56 285
57 99
57 104
57 111
57 115
57 151
57 175
57 176
57 204
57 224
57 233
58 77
58 79
58 85
58 124
58 140
58 170
58 196
58 235
58 259
58 266
58 273
59 67
59 72
59 73
59 136
59 141
59 174
59 188
59 191
59 193
59 242
59 261
59 279
59 280
59 281
60 78
60 83
60 104
60 204
60 207
60 224
60 255
60 263
60 265
60 292
60 298
61 63
61 79
61 85
61 86
61 140
61 166
61 170
61 187
61 235
61 266
61 273
61 284
61 287
62 104
62 111
62 118
62 128
62 151
62 157
62 224
62 278
62 296
63 77
63 85
63 86
63 140
63 170
63 273
63 284
63 285
63 287
64 84
64 96
64 108
64 138
64 172
64 177
64 186
64 200
64 210
64 220
64 221
64 236
64 245
64 269
64 286
64 299
65 70
65 99
65 130
65 145
65 163
65 168
65 209
66 71
66 89
66 105
66 129
66 171
66 184
66 195
66 197
66 199
66 205
66 234
66 244
66 258
66 264
66 281
66 288
67 71
67 89
67 129
67 136
67 141
67 174
67 188
67 191
67 193
67 205
67 242
67 258
67 268
67 279
67 280
67 281
68 81
68 83
68 91
68 100
68 120
68 123
68 167
68 183
68 194
68 227
68 275
69 141
69 174
69 191
69 193
69 206
69 218
69 229
69 241
69 261
69 268
70 99
70 130
70 139
70 145
70 163
70 168
70 246
70 292
71 89
71 105
71 129
71 136
71 171
71 184
71 193
71 197
71 199
71 205
71 234
71 242
71 244
71 258
71 280
71 281
71 288
72 73
72 136
72 141
72 156
72 174
72 188
72 191
72 219
72 242
72 279
72 280
73 136
73 141
73 144
73 156
73 174
73 188
73 191
73 219
73 242
73 279
73 280
74 79
74 108
74 124
74 135
74 182
74 196
74 243
74 269
74 299
75 110
75 116
75 146
75 213
75 230
75 231
75 232
75 237
75 240
75 247
75 250
75 267
75 277
76 82
76 96
76 161
76 169
76 173
76 201
76 202
76 257
77 140
77 170
77 235
77 259
77 266
77 273
78 104
78 151
78 207
78 224
78 263
78 265
78 298
79 85
79 86
79 124
79 135
79 140
79 170
79 196
79 235
79 259
79 266
79 273
79 284
80 148
80 159
80 160
80 190
80 217
80 225
80 239
80 240
80 274
80 276
81 83
81 91
81 100
81 120
81 123
81 167
81 183
81 194
81 227
81 264
81 275
82 96
82 138
82 161
82 169
82 172
82 173
82 202
82 245
82 257
82 286
83 100
83 120
83 123
83 183
83 194
83 207
83 211
83 255
83 263
83 265
83 275
83 292
84 172
84 177
84 186
84 200
84 210
84 220
84 221
84 236
84 245
84 286
84 299
85 86
85 140
85 166
85 170
85 187
85 235
85 266
85 273
85 284
86 140
86 166
86 170
86 187
86 235
86 266
86 273
86 284
87 88
87 103
87 146
87 153
87 203
87 228
87 232
88 103
88 143
88 153
88 271
88 294
89 105
89 112
89 129
89 171
89 184
89 195
89 197
89 199
89 205
89 234
89 244
89 258
89 264
89 281
89 288
90 150
90 158
90 248
91 100
91 105
91 120
91 123
91 167
91 183
91 194
91 197
91 227
91 234
91 264
91 275
92 175
92 178
93 106
93 121
93 139
93 162
93 208
93 253
93 260
94 97
94 106
94 121
94 132
94 143
94 152
94 155
94 165
94 271
94 294
94 295
95 97
95 98
95 101
95 132
95 152
95 155
95 166
95 181
95 187
95 216
95 293
95 295
96 108
96 138
96 169
96 172
96 182
96 186
96 202
96 210
96 221
96 236
96 243
96 245
96 269
96 286
96 299
97 98
97 101
97 132
97 152
97 155
97 165
97 187
97 216
97 270
97 293
97 295
98 101
98 137
98 155
98 166
98 181
98 187
98 198
98 216
98 293
98 295
99 176
99 233
99 292
100 120
100 123
100 167
100 183
100 194
100 211
100 227
100 249
100 255
100 264
100 275
101 132
101 152
101 155
101 166
101 181
101 187
101 216
101 293
101 295
102 112
102 113
102 142
102 195
102 226
102 249
102 288
103 106
103 168
103 203
103 208
103 228
103 297
104 111
104 115
104 118
104 128
104 151
104 204
104 207
104 224
104 263
104 296
104 298
105 129
105 171
105 194
105 195
105 197
105 199
105 205
105 227
105 234
105 244
105 258
105 264
105 288
106 121
106 162
106 208
106 294
107 125
107 127
107 134
107 147
107 179
107 185
107 192
107 215
107 222
107 238
107 262
107 283
107 290
108 124
108 135
108 182
108 186
108 196
108 210
108 243
108 269
108 299
109 131
109 153
109 180
109 201
109 251
109 282
109 291
110 114
110 116
110 148
110 213
110 230
110 231
110 237
110 247
110 277
111 115
111 118
111 128
111 151
111 157
111 175
111 224
111 278
111 296
112 129
112 142
112 195
112 205
112 244
112 258
112 268
112 288
113 142
113 226
113 246
113 249
113 253
113 260
114 116
114 134
114 179
114 185
114 192
114 262
114 277
114 289
115 118
115 128
115 151
115 204
115 224
116 179
116 185
116 192
116 213
116 230
116 231
116 237
116 247
116 277
117 161
117 189
117 214
118 128
118 151
118 157
118 224
118 278
118 296
119 146
119 190
119 203
119 209
119 217
119 228
119 232
119 240
119 297
120 123
120 167
120 183
120 194
120 227
120 255
120 265
120 275
121 132
121 143
121 152
121 162
121 165
121 271
121 294
122 126
122 133
122 149
122 154
122 256
122 285
123 167
123 183
123 194
123 211
123 227
123 255
123 264
123 275
124 135
124 182
124 196
124 243
124 269
125 127
125 134
125 147
125 214
125 215
125 222
125 223
125 238
125 262
125 283
125 290
126 133
126 149
126 154
126 256
126 285
127 134
127 147
127 179
127 180
127 185
127 192
127 215
127 222
127 223
127 238
127 251
127 254
127 262
127 283
127 290
128 151
128 157
128 224
128 278
128 296
129 171
129 184
129 193
129 195
129 197
129 199
129 205
129 234
129 244
129 258
129 281
129 288
130 168
130 209
130 297
131 153
131 180
131 250
131 251
131 254
132 152
132 155
132 165
132 216
132 270
132 294
132 295
133 149
133 154
133 256
133 272
133 285
134 147
134 179
134 185
134 192
134 215
134 222
134 238
134 262
134 283
134 289
134 290
135 182
135 187
135 196
135 243
135 270
136 141
136 184
136 188
136 193
136 242
136 279
136 280
136 281
137 166
137 181
137 198
137 272
137 285
137 287
138 169
138 172
138 186
138 200
138 210
138 221
138 236
138 245
138 286
139 145
139 162
139 163
139 168
139 226
139 246
139 260
140 170
140 196
140 235
140 259
140 266
140 273
140 284
141 156
141 174
141 188
141 191
141 193
141 242
141 261
141 268
141 279
141 280
142 198
142 252
143 164
143 165
143 271
143 282
143 294
144 156
144 174
144 191
144 219
144 229
144 261
145 163
145 168
145 246
145 260
146 190
146 217
146 228
146 230
146 232
146 237
146 240
146 247
146 250
146 267
147 179
147 185
147 192
147 215
147 222
147 238
147 262
147 283
147 289
147 290
148 159
148 160
148 213
148 225
148 230
148 231
148 239
148 240
148 247
148 274
148 276
148 277
149 154
149 206
149 212
149 218
149 241
149 256
149 272
149 285
150 158
150 177
150 220
150 248
150 299
151 204
151 224
151 263
151 278
151 296
151 298
152 155
152 165
152 216
152 294
152 295
153 180
153 282
154 241
154 256
154 285
155 165
155 187
155 216
155 270
155 293
155 295
156 174
156 188
156 191
156 219
157 278
157 296
158 177
158 220
158 248
159 160
159 213
159 225
159 239
159 240
159 274
159 276
160 213
160 217
160 225
160 231
160 239
160 240
160 247
160 274
160 276
161 169
161 173
161 201
161 202
161 257
161 291
162 208
162 253
162 260
163 168
163 226
163 246
163 249
163 260
164 165
164 243
164 270
164 271
165 270
165 294
165 295
166 181
166 187
166 216
166 272
166 284
166 287
166 293
167 183
167 194
167 227
167 264
167 275
168 208
168 260
168 297
169 172
169 173
169 202
169 245
169 257
170 235
170 259
170 266
170 273
170 284
171 184
171 197
171 199
171 205
171 234
171 244
171 258
171 264
171 281
172 186
172 200
172 210
172 221
172 236
172 245
172 286
173 201
173 202
173 257
174 188
174 191
174 193
174 229
174 242
174 261
174 268
174 279
176 233
177 200
177 210
177 220
177 248
177 299
178 209
178 233
179 185
179 192
179 215
179 222
179 262
179 289
179 290
180 223
180 250
180 251
180 254
180 291
181 198
181 216
181 252
181 272
181 293
182 196
182 210
182 243
182 269
182 299
183 227
183 255
183 275
184 197
184 199
184 205
184 234
184 258
184 280
184 281
185 192
185 215
185 222
185 262
185 289
185 290
186 200
186 210
186 220
186 221
186 236
186 245
186 269
186 286
186 299
187 216
187 270
187 293
187 295
188 191
188 193
188 219
188 242
188 261
188 279
188 280
189 214
190 203
190 217
190 228
190 232
190 239
190 240
190 247
190 250
190 267
191 193
191 219
191 229
191 242
191 261
191 268
191 279
192 215
192 222
192 262
192 289
192 290
193 205
193 242
193 258
193 261
193 268
193 279
193 280
193 281
194 211
194 227
194 249
194 255
194 264
194 275
195 197
195 205
195 234
195 244
195 258
195 264
195 288
196 235
196 259
197 199
197 205
197 234
197 244
197 258
197 264
197 281
197 288
198 212
198 252
198 272
199 205
199 234
199 244
199 258
199 264
199 281
200 210
200 220
200 221
200 236
200 245
200 286
200 299
201 202
201 257
201 282
201 291
202 257
203 208
203 228
203 232
203 297
204 207
204 224
204 265
204 292
205 234
205 244
205 258
205 281
205 288
206 212
206 218
206 241
206 252
206 268
207 224
207 255
207 263
207 265
207 292
207 298
208 297
209 233
210 220
210 221
210 236
210 245
210 269
210 286
210 299
211 226
211 246
211 249
211 255
212 218
212 252
212 268
213 225
213 230
213 231
213 237
213 239
213 240
213 247
213 274
213 276
213 277
214 223
214 238
214 251
214 283
214 290
215 222
215 223
215 238
215 251
215 254
215 262
215 283
215 290
216 293
216 295
217 228
217 232
217 239
217 240
217 267
217 276
218 252
218 268
220 221
220 248
220 269
220 299
221 236
221 245
221 269
221 286
221 299
222 223
222 238
222 254
222 262
222 283
222 290
223 238
223 251
223 254
223 262
223 283
223 290
224 263
224 296
224 298
225 239
225 240
225 274
225 276
226 246
226 249
226 260
227 234
227 264
227 275
228 232
228 297
229 241
229 261
230 231
230 232
230 237
230 240
230 247
230 250
230 267
230 277
231 237
231 239
231 240
231 247
231 250
231 267
231 274
231 276
231 277
232 240
232 247
232 250
232 267
234 244
234 258
234 264
234 288
235 259
235 266
235 273
235 284
236 245
236 286
236 299
237 247
237 250
237 267
237 277
238 262
238 283
238 290
239 240
239 247
239 274
239 276
240 247
240 267
240 274
240 276
241 261
242 279
242 280
242 281
243 269
243 270
244 258
244 264
244 281
244 288
245 286
246 249
246 260
247 250
247 267
247 276
247 277
250 254
250 267
251 254
251 290
251 291
253 260
254 262
254 283
254 290
255 265
255 275
255 292
256 285
257 291
258 281
258 288
259 266
259 273
261 268
262 283
262 290
263 265
263 298
264 288
265 275
265 292
265 298
266 273
267 277
269 299
270 295
271 282
271 294
272 285
272 287
273 284
274 276
278 296
279 280
279 281
280 281
282 291
283 290
284 287
285 287
293 295
