50 164
0 2
0 7
0 18
0 21
0 22
0 32
0 38
0 41
1 3
1 10
1 18
1 19
1 21
1 22
1 36
1 38
2 7
2 18
2 19
2 21
2 22
2 32
2 38
2 41
3 10
3 13
3 16
3 30
3 47
4 29
4 37
4 42
4 44
4 45
4 49
5 8
5 28
5 30
5 40
6 9
6 20
6 25
6 26
6 43
6 46
7 18
7 19
7 21
7 22
7 32
7 38
7 41
8 11
8 13
8 14
8 26
8 30
8 31
8 35
8 40
8 43
9 11
9 14
9 20
9 25
9 26
9 35
9 43
9 46
10 13
10 16
10 30
10 47
11 13
11 14
11 25
11 26
11 27
11 35
11 46
12 29
12 45
13 27
13 35
14 25
14 26
14 31
14 40
14 43
15 16
15 23
15 34
15 48
16 23
16 47
16 48
17 19
17 24
17 27
17 29
17 35
17 37
17 46
18 19
18 21
18 22
18 33
18 36
18 38
18 41
19 21
19 27
19 36
19 37
19 41
19 42
20 24
20 25
20 39
20 46
21 22
21 36
21 37
21 41
21 42
22 32
22 33
22 36
22 38
22 41
23 34
23 48
24 27
24 29
24 46
25 26
25 35
25 43
25 46
26 31
26 40
26 43
27 35
27 36
27 46
28 30
28 40
29 37
29 45
30 40
30 47
31 40
31 43
32 38
32 41
33 38
34 48
35 46
37 42
37 44
37 49
42 44
42 49
44 49
