200 1047
0 11
0 40
0 42
0 55
0 67
0 142
0 143
0 147
0 173
0 184
1 36
1 87
1 97
1 153
1 159
2 5
2 28
2 46
2 87
2 88
2 98
2 115
2 138
2 157
2 159
2 178
2 183
3 22
3 69
3 76
3 101
3 108
3 117
3 149
3 188
4 25
4 99
4 131
4 167
4 181
4 199
5 46
5 115
5 128
5 136
5 156
5 178
5 183
5 187
5 195
6 7
6 25
6 39
6 57
6 61
6 68
6 161
6 167
6 199
7 25
7 39
7 61
7 68
7 150
7 161
7 167
7 199
8 26
8 92
8 148
8 166
9 17
9 22
9 74
9 75
9 103
9 108
9 130
9 177
10 82
10 86
10 107
10 119
10 139
10 146
10 196
11 40
11 42
11 55
11 67
11 142
11 143
11 169
12 14
12 24
12 52
12 56
12 102
12 109
13 23
13 26
13 31
13 51
13 60
13 64
13 93
13 112
13 125
13 165
13 172
13 197
14 56
14 109
15 19
15 27
15 33
15 43
15 49
15 53
15 54
15 70
15 104
15 121
15 143
15 152
15 155
15 169
15 179
15 184
15 192
16 20
16 35
16 36
16 41
16 47
16 66
16 133
16 145
16 153
16 168
17 33
17 49
17 54
17 72
17 74
17 75
17 103
17 130
17 177
18 38
18 59
18 66
18 154
18 158
19 27
19 33
19 43
19 49
19 53
19 70
19 91
19 104
19 121
19 143
19 152
19 155
19 179
19 184
19 192
20 32
20 35
20 36
20 41
20 47
20 48
20 65
20 89
20 100
20 133
20 145
20 153
20 168
20 185
21 32
21 65
21 77
21 89
21 124
21 166
21 185
22 74
22 75
22 76
22 101
22 108
22 117
22 130
22 149
22 177
23 26
23 31
23 51
23 64
23 112
23 125
23 165
23 172
23 186
23 197
24 52
24 56
24 72
24 78
24 102
24 109
25 39
25 57
25 61
25 68
25 99
25 131
25 161
25 167
25 199
26 31
26 51
26 64
26 92
26 96
26 112
26 124
26 148
26 165
26 166
26 172
27 33
27 43
27 49
27 54
27 70
27 72
27 121
27 152
27 155
27 179
27 192
28 44
28 46
28 62
28 87
28 88
28 90
28 94
28 95
28 116
28 128
28 138
28 176
28 183
28 190
29 48
29 58
29 62
29 90
29 100
29 174
29 175
29 176
29 193
30 50
30 51
30 96
30 110
30 134
30 151
30 165
30 170
30 197
31 51
31 64
31 69
31 93
31 112
31 125
31 165
31 172
31 197
32 41
32 65
32 89
32 133
32 168
32 185
33 43
33 49
33 53
33 54
33 70
33 72
33 103
33 104
33 114
33 121
33 137
33 152
33 155
33 179
33 192
34 59
34 73
34 80
34 154
34 164
34 171
35 36
35 38
35 41
35 47
35 66
35 133
35 145
35 153
35 168
36 41
36 47
36 145
36 153
36 158
36 168
37 64
37 77
37 112
37 124
37 166
37 186
38 59
38 66
38 80
38 145
38 154
38 158
39 57
39 61
39 68
39 86
39 139
39 150
39 160
39 161
39 167
39 199
40 42
40 55
40 83
40 142
40 143
40 147
40 173
40 184
41 47
41 48
41 65
41 89
41 100
41 133
41 153
41 168
41 185
42 55
42 67
42 83
42 142
42 143
42 169
42 173
42 184
43 49
43 53
43 54
43 70
43 104
43 114
43 121
43 152
43 155
43 179
43 184
43 192
44 62
44 87
44 88
44 90
44 94
44 95
44 106
44 116
44 132
44 138
44 140
44 174
44 176
44 183
44 190
45 63
45 69
45 71
45 76
45 120
45 122
45 123
45 125
45 135
45 180
45 188
45 191
46 87
46 88
46 98
46 115
46 118
46 129
46 138
46 157
46 159
46 162
46 182
46 183
47 48
47 58
47 100
47 153
47 168
48 58
48 100
48 153
49 54
49 70
49 72
49 103
49 121
49 137
49 152
49 155
49 179
49 192
50 96
50 134
50 151
50 170
51 64
51 96
51 112
51 134
51 148
51 151
51 165
51 172
51 197
52 56
52 78
52 102
52 109
53 54
53 79
53 84
53 91
53 104
53 106
53 114
53 121
53 137
53 155
53 179
53 192
54 91
54 104
54 114
54 121
54 137
54 155
54 179
54 192
55 67
55 70
55 78
55 142
55 143
55 152
55 169
56 78
56 102
56 109
57 61
57 68
57 107
57 136
57 141
57 156
57 160
57 167
57 195
57 199
58 90
58 100
58 175
58 193
59 66
59 80
59 154
59 158
59 164
59 194
60 69
60 93
60 110
60 197
61 68
61 161
61 167
61 199
62 87
62 88
62 90
62 95
62 116
62 122
62 132
62 138
62 140
62 174
62 175
62 176
62 190
62 193
63 71
63 79
63 120
63 122
63 123
63 132
63 135
63 140
63 174
63 175
63 180
63 189
63 190
63 191
64 112
64 124
64 125
64 172
64 186
65 77
65 89
65 133
65 168
65 185
66 145
66 154
66 158
67 142
67 143
67 169
68 136
68 167
68 199
69 76
69 93
69 101
69 120
69 125
69 188
70 72
70 78
70 121
70 143
70 152
70 169
70 179
70 192
71 79
71 95
71 120
71 122
71 123
71 132
71 135
71 140
71 174
71 175
71 180
71 189
71 190
71 191
72 75
72 102
72 103
72 121
72 152
72 179
73 80
73 113
73 144
73 164
73 171
73 194
73 198
74 75
74 103
74 108
74 177
75 103
75 130
75 177
76 101
76 108
76 120
76 130
76 149
76 188
76 191
77 100
77 124
77 166
77 186
78 102
78 109
78 169
79 84
79 91
79 95
79 104
79 106
79 114
79 116
79 122
79 132
79 137
79 140
79 174
79 189
79 190
80 154
80 158
80 164
80 171
80 194
80 198
81 113
81 144
81 181
82 83
82 85
82 105
82 107
82 127
82 139
82 141
82 146
82 147
82 160
82 173
82 196
83 85
83 105
83 127
83 147
83 173
83 184
84 91
84 94
84 104
84 106
84 114
84 116
84 128
84 155
84 187
85 105
85 107
85 146
85 147
85 173
85 196
86 111
86 119
86 126
86 139
86 150
87 88
87 97
87 115
87 129
87 138
87 157
87 159
87 176
87 183
88 94
88 95
88 106
88 116
88 128
88 138
88 176
88 183
88 190
89 133
89 168
89 185
90 95
90 122
90 132
90 140
90 174
90 175
90 176
90 190
90 193
91 94
91 104
91 106
91 114
91 116
91 137
91 155
91 189
91 192
92 124
92 148
92 166
93 125
93 188
93 197
94 106
94 116
94 128
94 178
94 187
95 106
95 116
95 122
95 132
95 140
95 174
95 175
95 176
95 189
95 190
95 193
96 134
96 148
96 151
96 165
96 170
97 129
97 138
97 153
97 159
98 115
98 118
98 129
98 157
98 159
98 162
98 163
98 181
98 182
99 131
99 167
99 181
99 199
101 108
101 117
101 149
101 188
102 109
103 130
103 177
104 106
104 114
104 121
104 137
104 155
104 179
104 192
105 107
105 127
105 136
105 141
105 146
105 156
105 160
105 173
105 195
106 114
106 116
106 128
106 132
106 140
106 190
107 127
107 136
107 139
107 141
107 146
107 160
107 195
107 196
108 117
108 130
108 149
108 177
110 134
110 165
110 197
111 119
111 126
111 150
112 124
112 125
112 172
112 186
113 144
113 164
113 198
114 121
114 137
114 155
114 179
114 189
114 192
115 118
115 129
115 138
115 157
115 159
115 162
115 163
115 182
115 183
116 128
116 132
116 140
116 176
116 189
116 190
117 149
118 129
118 157
118 159
118 162
118 163
118 181
118 182
119 126
119 139
119 150
120 122
120 123
120 125
120 135
120 180
120 188
120 191
121 152
121 155
121 179
121 192
122 123
122 132
122 135
122 140
122 174
122 175
122 176
122 180
122 189
122 190
123 125
123 132
123 135
123 140
123 174
123 175
123 180
123 189
123 191
124 166
124 186
125 135
125 180
125 186
125 188
126 150
127 136
127 141
127 156
127 160
127 178
127 187
127 195
128 156
128 178
128 187
129 157
129 159
129 162
129 163
129 182
130 137
130 191
131 167
131 181
131 199
132 135
132 140
132 174
132 175
132 176
132 180
132 189
132 190
133 145
133 168
133 185
134 151
134 165
134 170
134 197
135 140
135 174
135 175
135 180
135 189
135 191
136 141
136 156
136 160
136 178
136 187
136 195
137 155
137 179
137 189
138 157
138 159
138 176
138 183
139 146
139 196
140 174
140 175
140 176
140 189
140 190
141 156
141 160
141 178
141 195
142 143
142 169
143 152
143 169
143 184
144 164
144 171
144 194
144 198
145 168
146 147
146 173
146 196
147 173
148 151
148 165
148 170
149 177
150 161
151 165
151 170
151 172
152 155
152 169
152 179
152 192
154 158
155 179
155 184
155 192
156 160
156 178
156 187
156 195
157 159
157 162
157 163
157 182
157 183
158 194
158 198
159 162
159 163
159 183
160 195
160 196
161 167
161 199
162 163
162 182
163 181
163 182
164 171
164 194
164 198
165 172
165 197
167 199
168 185
171 198
172 197
174 175
174 176
174 189
174 190
174 193
175 176
175 180
175 189
175 190
175 193
176 190
176 193
178 187
178 195
179 192
180 188
180 189
180 191
181 182
184 192
187 195
188 191
189 190
189 191
194 198
