500 2737
0 90
0 139
0 142
0 184
0 201
0 219
0 297
0 302
0 310
0 385
0 450
0 466
1 34
1 39
1 86
1 114
1 122
1 123
1 146
1 181
1 199
1 220
1 260
1 370
1 375
1 419
1 432
1 456
1 478
2 37
2 108
2 145
2 213
2 304
2 426
3 76
3 96
3 192
3 194
3 266
3 303
3 324
3 387
3 400
3 405
3 484
3 485
4 6
4 14
4 148
4 185
4 328
4 398
4 404
4 499
5 46
5 99
5 168
5 204
5 214
5 254
5 256
5 269
5 320
5 350
5 368
5 384
5 420
5 463
6 64
6 89
6 118
6 148
6 238
6 323
6 353
6 365
6 404
6 418
6 437
7 41
7 49
7 95
7 289
7 314
7 317
7 360
7 431
7 477
8 144
8 165
8 250
8 378
8 491
9 85
9 123
9 161
9 272
9 432
9 456
9 462
9 471
9 482
10 64
10 67
10 101
10 178
10 365
10 435
11 246
11 253
11 457
11 467
12 18
12 57
12 74
12 99
12 156
12 160
12 206
12 214
12 256
12 308
12 314
12 320
12 360
12 368
12 402
12 407
12 420
12 422
12 461
12 464
12 474
12 475
12 477
12 479
12 483
13 84
13 93
13 143
13 179
13 194
13 207
13 259
13 301
13 331
13 351
14 87
14 169
14 185
14 328
14 398
14 499
15 29
15 120
15 132
15 180
15 182
15 208
15 244
15 267
15 270
15 319
15 362
15 367
15 445
15 469
15 494
16 22
16 59
16 173
16 211
16 274
16 311
16 330
16 336
16 354
16 381
16 408
16 443
16 476
17 130
17 141
17 217
17 222
17 225
17 257
17 291
17 332
17 355
17 490
18 35
18 49
18 57
18 74
18 119
18 160
18 223
18 248
18 299
18 314
18 317
18 360
18 401
18 402
18 407
18 461
18 474
18 475
19 70
19 103
19 159
19 184
19 312
19 325
19 383
19 446
20 98
20 112
20 177
20 191
20 247
20 280
20 318
20 329
20 341
20 386
20 413
21 139
21 151
21 162
21 226
21 282
21 488
22 59
22 173
22 211
22 336
22 354
22 381
22 443
22 476
23 53
23 113
23 149
23 271
23 305
23 359
23 458
24 110
24 182
24 237
24 290
24 364
25 57
25 85
25 273
25 308
25 402
25 407
25 412
25 420
25 462
25 464
25 474
26 235
26 237
26 290
26 337
26 364
26 393
27 31
27 38
27 52
27 83
27 121
27 164
27 187
28 128
28 170
28 173
28 274
28 276
28 287
28 311
28 336
29 120
29 182
29 235
29 237
29 267
29 270
29 290
29 337
29 364
29 367
29 445
30 54
30 61
30 133
30 154
30 176
30 190
30 240
30 300
30 430
30 498
31 52
31 83
31 164
31 181
32 47
32 136
32 287
32 292
32 342
32 343
32 382
32 427
33 42
33 72
33 102
33 166
33 215
33 231
33 241
33 249
33 293
33 371
33 397
33 406
33 436
33 472
33 486
33 492
34 62
34 85
34 114
34 122
34 123
34 134
34 146
34 161
34 203
34 220
34 260
34 419
34 432
34 456
34 462
34 478
35 49
35 74
35 119
35 234
35 248
35 299
35 314
35 317
35 356
35 401
35 407
35 461
35 475
36 53
36 113
36 149
36 200
36 305
36 359
36 458
37 108
37 145
37 284
37 312
37 325
37 426
38 40
38 83
38 121
38 187
38 193
38 406
39 61
39 133
39 181
40 187
40 193
40 213
40 304
41 49
41 95
41 229
41 289
41 317
41 358
41 360
41 400
41 431
42 72
42 102
42 166
42 183
42 215
42 231
42 241
42 249
42 293
42 344
42 371
42 372
42 397
42 436
42 451
42 486
42 489
42 492
43 55
43 91
43 174
43 186
43 207
43 221
43 421
43 468
43 496
44 58
44 75
44 277
44 278
44 344
44 371
44 372
44 424
45 71
45 109
45 117
45 138
45 140
45 188
45 228
45 229
45 281
45 289
45 338
45 352
45 388
45 433
45 439
46 124
46 171
46 204
46 254
46 269
46 272
46 273
46 350
46 412
46 453
46 463
47 56
47 60
47 73
47 292
47 342
47 427
48 68
48 105
48 115
48 116
48 129
48 157
48 158
48 175
48 227
48 233
48 262
48 316
48 334
48 374
48 438
48 470
48 495
49 95
49 289
49 314
49 317
49 360
49 431
49 461
49 477
50 54
50 97
50 106
50 203
50 216
50 243
50 300
50 313
50 326
50 390
50 444
50 497
50 498
51 259
51 275
51 298
51 301
51 331
51 341
51 351
51 411
51 493
52 83
52 121
52 164
52 181
52 187
52 472
53 113
53 149
53 271
53 305
53 359
53 391
53 414
53 458
53 459
54 190
54 240
54 242
54 288
54 300
54 396
54 430
54 481
54 498
55 91
55 174
55 186
55 207
55 221
55 250
55 366
55 468
55 496
56 60
56 73
56 294
56 427
57 74
57 160
57 223
57 248
57 308
57 314
57 360
57 402
57 407
57 461
57 464
57 474
57 475
57 479
58 75
58 277
58 278
58 344
58 424
59 211
59 330
59 354
59 381
59 443
60 73
60 92
60 165
60 294
60 378
60 415
60 427
61 133
61 154
61 176
61 240
61 430
62 85
62 106
62 114
62 122
62 134
62 167
62 203
62 216
62 220
62 260
62 295
62 326
62 419
62 428
62 462
62 478
62 497
63 78
63 100
63 155
63 225
63 291
63 296
63 332
63 440
63 490
64 67
64 89
64 101
64 323
64 353
64 365
64 404
64 435
65 78
65 131
65 195
65 217
65 239
65 264
65 283
65 291
65 313
65 321
65 452
65 480
66 87
66 189
66 196
66 198
66 210
66 224
66 285
66 328
66 389
66 447
67 101
67 335
67 435
68 105
68 115
68 116
68 129
68 158
68 246
68 262
68 316
68 438
68 470
68 495
69 119
69 195
69 223
69 239
69 248
69 295
69 321
69 347
69 401
69 428
69 480
70 159
70 184
70 201
70 284
70 312
70 325
70 394
70 446
71 95
71 109
71 117
71 138
71 140
71 188
71 228
71 229
71 289
71 338
71 352
71 358
71 431
71 433
71 439
72 102
72 166
72 183
72 215
72 231
72 241
72 249
72 277
72 293
72 371
72 372
72 436
72 451
72 486
72 489
72 492
73 92
73 292
73 294
73 342
73 415
73 427
74 119
74 160
74 223
74 248
74 299
74 314
74 317
74 360
74 401
74 402
74 407
74 461
74 474
74 475
75 277
75 278
75 344
75 424
76 84
76 96
76 143
76 179
76 192
76 194
76 247
76 259
76 266
76 324
76 351
76 387
76 405
76 411
76 485
77 178
77 205
77 369
77 435
78 79
78 195
78 217
78 239
78 264
78 291
78 321
78 452
79 239
79 321
79 401
79 452
80 135
80 202
80 236
80 263
80 286
80 330
80 346
80 408
80 454
81 124
81 152
81 171
81 183
81 349
81 373
81 380
82 125
82 126
82 129
82 157
82 158
82 209
82 227
82 233
82 268
82 334
82 374
82 448
82 495
83 121
83 187
83 406
83 472
84 93
84 96
84 143
84 179
84 194
84 259
84 331
84 351
84 410
85 123
85 134
85 161
85 260
85 272
85 419
85 462
86 146
86 181
86 199
86 370
86 375
86 403
86 472
86 482
87 185
87 189
87 198
87 210
87 328
87 398
87 447
87 499
88 94
88 107
88 137
88 222
88 242
88 335
88 396
88 409
88 429
88 434
88 449
88 481
89 118
89 148
89 323
89 353
89 365
89 404
89 418
89 437
90 103
90 172
90 219
90 385
90 441
90 450
90 466
91 174
91 186
91 207
91 221
91 366
91 421
91 468
91 496
92 144
92 250
92 294
92 315
92 366
92 378
92 415
92 491
93 143
93 179
93 207
93 221
93 259
93 301
93 331
93 351
94 137
94 288
94 357
94 363
94 379
94 396
94 429
94 434
94 449
94 481
95 229
95 289
95 314
95 358
95 360
95 431
95 477
96 143
96 179
96 194
96 266
96 324
96 356
96 387
96 400
96 405
96 410
96 485
97 106
97 131
97 216
97 242
97 243
97 283
97 313
97 326
97 390
97 444
97 497
97 498
98 112
98 177
98 191
98 247
98 280
98 318
98 329
98 341
98 386
98 411
98 413
98 423
99 156
99 160
99 168
99 206
99 214
99 256
99 320
99 368
99 384
99 420
99 422
99 463
99 477
99 479
99 483
100 155
100 225
100 252
100 296
100 332
100 440
101 353
101 365
101 393
101 435
102 166
102 215
102 344
102 371
102 397
102 406
102 436
102 492
103 184
103 383
103 385
103 446
103 450
103 466
104 120
104 136
104 186
104 197
104 377
104 445
105 115
105 116
105 246
105 262
105 316
105 340
105 457
105 467
105 470
106 167
106 203
106 216
106 243
106 283
106 313
106 326
106 390
106 444
106 497
106 498
107 130
107 222
107 242
107 396
107 409
107 429
107 434
107 481
108 127
108 145
108 164
108 284
108 395
108 426
108 455
109 117
109 138
109 140
109 188
109 228
109 229
109 289
109 338
109 352
109 433
109 439
110 237
110 258
110 421
110 468
111 288
111 357
111 363
111 425
112 153
112 177
112 318
112 329
112 386
112 413
113 149
113 271
113 305
113 359
113 414
113 458
114 122
114 123
114 134
114 146
114 161
114 203
114 220
114 260
114 419
114 432
114 456
114 478
115 116
115 158
115 262
115 316
115 340
115 417
115 457
115 467
115 470
115 488
116 158
116 246
116 316
116 438
116 470
116 495
117 138
117 140
117 188
117 228
117 255
117 265
117 289
117 338
117 352
117 433
118 148
118 323
118 365
118 404
118 418
118 437
118 448
119 223
119 234
119 248
119 299
119 317
119 401
119 402
119 407
119 461
119 475
120 136
120 182
120 267
120 362
120 445
120 469
120 494
121 187
121 397
121 406
121 472
122 134
122 146
122 203
122 220
122 260
122 419
122 432
122 478
123 146
123 161
123 260
123 272
123 403
123 419
123 432
123 456
123 462
123 471
123 482
124 147
124 152
124 171
124 322
124 339
124 349
124 373
124 380
124 453
125 129
125 157
125 175
125 227
125 230
125 233
125 262
125 334
126 129
126 157
126 158
126 209
126 233
126 316
126 374
126 438
126 470
126 495
127 154
127 164
127 395
128 170
128 173
128 251
128 274
128 276
128 287
128 311
128 336
128 476
129 157
129 158
129 175
129 209
129 227
129 230
129 233
129 262
129 316
129 334
129 374
129 438
129 470
129 495
130 131
130 141
130 217
130 222
130 257
130 291
130 355
130 409
130 490
131 195
131 217
131 264
131 283
131 291
131 313
131 390
131 444
132 180
132 212
132 245
132 267
132 270
132 309
132 337
132 345
132 361
132 367
132 473
132 487
133 154
133 176
133 240
133 430
134 167
134 203
134 216
134 220
134 260
134 295
134 326
134 419
134 432
134 462
134 478
134 497
135 163
135 202
135 236
135 263
135 286
135 327
135 330
135 346
135 408
135 454
136 292
136 342
136 362
136 377
136 382
136 469
136 494
137 288
137 335
137 357
137 363
137 379
137 396
137 429
137 434
137 449
138 140
138 188
138 228
138 229
138 289
138 338
138 352
138 433
138 439
139 142
139 162
139 172
139 219
139 282
139 297
139 302
139 310
139 450
140 188
140 228
140 229
140 289
140 338
140 352
140 433
140 439
141 222
141 225
141 257
141 332
141 355
142 201
142 297
142 302
142 310
143 179
143 194
143 259
143 266
143 301
143 331
143 351
143 410
144 165
144 250
144 294
144 315
144 366
144 378
144 415
144 491
145 213
145 304
145 426
146 161
146 181
146 199
146 220
146 260
146 370
146 375
146 403
146 419
146 432
146 456
146 478
146 482
147 152
147 171
147 231
147 322
147 339
147 373
147 380
147 399
147 403
147 471
147 482
148 323
148 353
148 365
148 404
148 418
148 437
149 359
149 458
150 172
150 392
150 417
150 441
150 467
151 175
151 226
151 262
151 282
151 340
151 488
152 171
152 322
152 349
152 373
152 380
152 453
153 177
153 192
153 200
153 247
153 306
153 318
153 386
153 413
153 484
154 176
154 190
154 240
154 333
154 395
154 430
155 225
155 252
155 296
155 332
155 440
156 160
156 168
156 206
156 214
156 256
156 265
156 314
156 320
156 360
156 368
156 422
156 461
156 474
156 477
156 479
156 483
157 158
157 209
157 227
157 233
157 316
157 334
157 374
157 438
157 470
157 495
158 175
158 209
158 227
158 233
158 262
158 316
158 334
158 374
158 438
158 470
158 495
159 312
159 325
159 383
159 446
160 206
160 214
160 256
160 308
160 314
160 360
160 402
160 407
160 420
160 422
160 461
160 464
160 474
160 475
160 477
160 479
160 483
161 260
161 272
161 403
161 419
161 432
161 456
161 462
161 471
161 482
162 226
162 282
163 202
163 224
163 232
163 285
163 286
163 345
163 346
163 361
163 389
163 416
163 454
165 294
165 378
165 415
165 491
166 183
166 215
166 231
166 241
166 249
166 293
166 371
166 372
166 397
166 436
166 451
166 486
166 489
166 492
167 203
167 216
167 243
167 283
167 295
167 313
167 326
167 390
167 428
167 497
168 204
168 206
168 214
168 256
168 320
168 368
168 384
168 422
168 463
168 479
168 483
169 185
169 268
169 307
169 448
170 251
170 263
170 274
170 276
170 287
170 311
170 343
170 382
170 408
170 476
171 269
171 322
171 349
171 350
171 373
171 453
172 219
172 385
172 392
172 417
172 441
172 450
172 466
173 274
173 276
173 287
173 311
173 336
173 476
174 186
174 197
174 221
174 258
174 421
174 468
174 496
175 227
175 230
175 262
175 316
175 334
175 340
175 470
175 495
176 190
176 240
176 300
176 333
176 430
177 191
177 247
177 280
177 318
177 329
177 386
177 413
178 205
178 365
178 369
178 418
178 435
179 194
179 266
179 351
179 376
179 405
179 410
180 212
180 267
180 270
180 309
180 319
180 337
180 345
180 361
180 367
180 473
180 487
181 199
182 237
182 267
182 364
182 367
182 445
183 215
183 231
183 241
183 249
183 293
183 380
183 399
183 451
183 486
184 201
184 297
184 310
184 383
184 446
185 307
185 398
185 499
186 197
186 258
186 377
186 445
186 468
186 496
187 193
188 228
188 255
188 265
188 289
188 338
188 352
188 433
189 196
189 198
189 210
189 224
189 232
189 261
189 285
189 328
189 389
189 398
189 447
190 240
190 288
190 300
190 333
190 396
190 430
190 481
190 498
191 275
191 280
191 298
191 318
191 329
191 386
191 423
191 465
192 194
192 247
192 303
192 306
192 318
192 387
192 411
192 484
192 485
193 213
193 304
194 247
194 259
194 266
194 301
194 341
194 351
194 405
194 411
195 239
195 264
195 283
195 313
195 321
195 347
195 428
195 452
195 480
196 198
196 210
196 224
196 232
196 261
196 285
196 345
196 389
196 447
196 473
197 258
197 377
197 445
198 210
198 224
198 232
198 261
198 285
198 328
198 389
198 398
198 447
199 370
199 375
199 403
199 432
199 456
199 472
199 482
200 413
201 297
201 310
201 394
202 208
202 236
202 244
202 263
202 286
202 309
202 319
202 327
202 345
202 361
202 454
202 487
203 216
203 220
203 243
203 260
203 295
203 326
203 419
203 478
203 497
204 254
204 256
204 269
204 320
204 350
204 368
204 384
204 463
205 357
205 369
205 379
205 435
206 214
206 255
206 256
206 265
206 314
206 320
206 360
206 368
206 422
206 461
206 474
206 475
206 477
206 479
206 483
207 221
207 331
207 351
207 421
207 468
207 496
208 244
208 263
208 309
208 319
208 327
208 343
208 361
208 362
208 469
208 487
208 494
209 233
209 268
209 374
209 438
209 495
210 261
210 285
210 328
210 389
210 398
210 447
210 499
211 330
211 354
211 381
211 443
211 476
212 235
212 238
212 245
212 267
212 270
212 337
212 367
212 393
212 460
212 473
213 304
214 256
214 269
214 273
214 308
214 320
214 350
214 368
214 412
214 420
214 463
214 464
214 474
214 479
214 483
215 231
215 241
215 249
215 293
215 371
215 397
215 406
215 436
215 451
215 486
215 489
215 492
216 243
216 283
216 313
216 326
216 390
216 444
216 497
216 498
217 264
217 291
217 332
217 490
218 281
218 303
218 306
218 348
218 358
218 484
219 297
219 302
219 310
219 385
219 441
219 450
219 466
220 260
220 419
220 432
220 478
220 497
221 331
221 468
221 496
222 257
222 335
222 355
222 409
222 429
222 434
223 239
223 248
223 299
223 321
223 347
223 401
223 402
223 407
223 428
223 480
224 232
224 285
224 286
224 389
224 416
225 291
225 296
225 332
225 490
226 282
226 340
226 488
227 230
227 233
227 262
227 316
227 334
227 374
227 470
227 495
228 255
228 265
228 289
228 338
228 352
228 433
229 289
229 338
229 358
229 431
229 439
230 233
230 262
230 334
231 241
231 249
231 293
231 339
231 373
231 380
231 399
231 486
232 261
232 285
232 309
232 345
232 361
232 389
232 416
232 473
233 268
233 316
233 334
233 374
233 470
233 495
234 266
234 299
234 317
234 356
234 376
234 410
234 442
235 237
235 270
235 290
235 337
235 364
235 367
235 393
236 263
236 286
236 327
236 330
236 346
236 354
236 408
236 454
237 290
237 364
238 245
238 353
238 404
238 460
238 473
239 264
239 283
239 295
239 313
239 321
239 347
239 401
239 428
239 452
239 480
240 300
240 430
240 498
241 249
241 277
241 293
241 371
241 372
241 436
241 451
241 486
241 489
241 492
242 396
242 429
242 444
242 481
243 326
243 390
243 444
243 497
243 498
244 263
244 309
244 319
244 327
244 343
244 345
244 361
244 362
244 469
244 487
244 494
245 261
245 337
245 460
245 473
246 457
247 280
247 306
247 318
247 341
247 386
247 411
248 299
248 314
248 317
248 401
248 402
248 407
248 461
248 475
249 293
249 380
249 399
249 451
249 486
250 315
250 366
250 378
250 415
250 491
251 263
251 287
251 311
251 327
251 343
251 382
251 408
252 296
252 421
252 440
253 457
253 467
254 256
254 269
254 320
254 350
254 368
254 384
254 453
254 463
255 265
255 289
255 352
255 422
255 433
255 477
256 269
256 273
256 308
256 320
256 350
256 368
256 384
256 412
256 420
256 463
256 464
256 479
256 483
257 355
257 409
257 434
258 421
258 445
258 468
258 496
259 301
259 331
259 341
259 351
259 411
260 419
260 432
260 462
260 478
261 285
261 328
261 389
261 447
261 473
262 316
262 334
262 340
262 470
262 495
263 319
263 327
263 343
263 362
263 408
264 283
264 291
264 313
264 321
264 452
264 480
265 289
265 352
265 422
265 477
265 483
266 324
266 356
266 387
266 400
266 405
266 410
266 485
267 270
267 309
267 319
267 337
267 367
267 469
267 487
267 494
268 307
268 448
269 273
269 320
269 350
269 368
269 412
269 420
269 453
269 463
269 464
270 337
270 364
270 367
271 305
271 359
271 391
271 414
271 458
271 459
272 273
272 322
272 412
272 453
272 456
272 471
273 308
273 320
273 350
273 368
273 412
273 420
273 464
273 479
274 276
274 287
274 311
274 336
274 476
275 298
275 423
275 465
275 493
276 287
276 311
276 336
277 278
277 344
277 371
277 372
277 424
277 436
277 451
277 489
277 492
278 344
278 371
278 372
278 424
278 489
279 333
279 394
279 395
279 425
279 455
280 298
280 318
280 329
280 341
280 386
280 411
280 423
280 465
281 348
281 388
281 391
281 439
281 459
282 340
282 488
283 295
283 313
283 326
283 347
283 390
283 428
283 480
284 312
284 325
284 394
284 395
284 426
284 455
285 389
285 416
285 447
286 346
286 416
286 454
287 292
287 311
287 342
287 382
288 363
288 396
288 425
288 449
288 481
289 338
289 352
289 431
289 433
289 477
290 364
290 393
291 296
291 332
291 490
292 342
292 343
292 382
292 427
293 371
293 397
293 436
293 451
293 486
293 489
293 492
294 315
294 378
294 415
294 427
294 491
295 326
295 347
295 428
295 462
295 480
296 332
296 440
296 490
297 302
297 310
297 450
298 423
298 465
298 493
299 314
299 317
299 401
299 402
299 407
299 461
299 475
300 396
300 430
300 481
300 498
301 331
301 341
301 351
301 411
302 310
302 385
302 450
303 306
303 324
303 348
303 358
303 387
303 400
303 405
303 484
303 485
305 359
305 388
305 391
305 414
305 458
305 459
306 348
306 484
306 485
307 448
308 320
308 368
308 402
308 407
308 412
308 420
308 464
308 474
308 475
308 479
309 319
309 345
309 361
309 473
309 487
310 385
310 450
311 336
311 354
311 408
311 476
312 325
312 426
312 446
313 326
313 390
313 444
313 480
314 360
314 402
314 407
314 422
314 461
314 474
314 475
314 477
315 366
315 377
315 378
315 415
316 334
316 374
316 438
316 470
316 495
317 356
317 442
318 329
318 341
318 386
318 413
319 327
319 345
319 361
319 362
319 469
319 487
319 494
320 350
320 368
320 384
320 412
320 420
320 463
320 464
320 479
320 483
321 347
321 401
321 428
321 452
321 480
322 339
322 373
322 399
322 403
322 453
322 471
322 482
323 353
323 365
323 404
323 418
323 435
323 437
324 358
324 387
324 400
324 405
324 485
325 394
325 426
325 446
326 390
326 478
326 497
327 343
327 361
327 362
327 469
327 487
328 398
328 447
328 499
329 386
329 413
330 346
330 354
330 381
330 408
330 443
331 341
331 351
331 411
332 355
332 490
333 394
333 395
333 425
333 455
334 374
334 470
334 495
335 409
335 429
335 434
335 449
336 354
336 476
337 364
337 367
337 393
338 352
338 358
338 431
338 433
338 439
339 370
339 373
339 375
339 399
339 403
339 456
339 471
339 482
340 417
340 488
341 411
342 343
342 382
342 427
343 362
343 382
344 371
344 372
344 424
344 436
344 451
344 489
344 492
345 361
345 389
345 473
345 487
346 416
346 454
347 401
347 428
347 480
348 484
349 373
349 380
350 368
350 412
350 420
350 453
350 463
351 411
352 433
353 365
353 404
353 437
353 460
354 381
354 408
354 443
354 476
355 409
356 376
356 400
356 405
356 410
356 442
357 379
357 449
358 387
358 400
358 431
359 414
359 458
359 459
360 422
360 431
360 461
360 474
360 475
360 477
360 479
360 483
361 487
362 382
362 469
362 494
363 425
363 449
364 367
364 393
365 404
365 418
365 435
365 437
366 378
366 491
368 384
368 412
368 420
368 463
368 464
368 479
368 483
369 435
370 375
370 399
370 403
370 456
370 471
370 472
370 482
371 372
371 424
371 436
371 451
371 489
371 492
372 424
372 436
372 451
372 489
372 492
373 380
373 399
373 403
373 453
373 471
373 482
374 438
374 470
374 495
375 399
375 403
375 456
375 471
375 472
375 482
376 410
376 442
377 445
378 415
378 491
379 449
380 399
380 486
381 408
381 443
381 476
382 427
383 446
384 463
384 483
385 441
385 450
385 466
386 413
387 400
387 405
387 484
387 485
388 391
388 414
388 439
388 458
388 459
389 416
389 447
390 444
390 497
390 498
391 414
391 439
391 458
391 459
392 417
392 441
392 467
394 395
394 455
395 426
395 455
396 429
396 449
396 481
397 406
397 436
397 472
397 492
398 447
398 499
399 403
399 471
399 482
399 486
400 405
400 485
401 402
401 407
401 480
402 407
402 461
402 464
402 474
402 475
403 456
403 471
403 482
404 418
404 437
405 410
405 485
406 472
406 492
407 461
407 464
407 474
407 475
408 443
408 476
409 429
409 434
410 442
412 420
412 464
412 474
412 479
414 458
414 459
415 491
416 454
417 457
417 467
417 488
418 437
418 448
419 432
419 456
419 478
420 463
420 464
420 474
420 479
420 483
421 468
421 496
422 477
422 479
422 483
423 465
426 455
428 480
429 434
429 449
429 481
430 498
432 456
432 478
434 449
436 451
436 486
436 489
436 492
438 470
438 495
439 459
441 450
441 466
444 481
444 498
447 499
450 466
451 486
451 489
451 492
452 480
456 471
456 482
457 467
458 459
460 473
461 474
461 475
461 477
461 479
463 479
463 483
464 474
464 479
468 496
469 487
469 494
470 495
471 482
474 475
474 479
475 479
477 479
477 483
478 497
479 483
481 498
484 485
486 489
486 492
489 492
