30 106
0 3
0 7
0 20
0 25
0 28
1 6
1 9
1 10
1 14
1 17
1 18
1 22
1 23
2 5
2 10
2 11
2 13
2 15
2 16
2 19
2 21
2 26
3 4
3 7
3 8
3 20
3 25
3 28
4 7
4 8
4 15
4 16
4 25
5 8
5 11
5 13
5 15
5 16
5 19
5 21
5 24
5 26
6 9
6 10
6 12
6 17
6 18
6 23
6 27
7 8
7 15
7 16
7 25
8 15
8 16
8 19
9 10
9 17
9 18
9 22
9 23
9 27
10 14
10 17
10 18
10 22
10 23
11 13
11 19
11 21
11 26
11 29
12 27
13 19
13 21
13 24
13 26
14 17
14 18
14 22
14 23
14 26
14 29
15 16
15 19
15 21
15 24
16 19
16 21
16 25
17 18
17 22
17 23
17 29
18 22
18 23
19 21
19 24
19 26
20 28
21 24
21 26
22 23
22 29
25 28
26 29
