400 1703
0 49
0 93
0 94
0 133
0 168
0 220
0 311
0 313
0 338
0 341
1 46
1 100
1 117
1 140
1 226
1 242
1 268
1 271
1 291
1 317
1 330
1 365
1 376
2 42
2 113
2 223
2 238
2 262
2 283
2 321
2 325
2 392
3 6
3 22
3 159
3 200
3 215
3 252
3 315
3 344
3 352
3 368
4 33
4 112
4 150
4 154
4 217
4 221
4 297
4 300
4 333
4 342
5 43
5 91
5 132
5 156
5 249
5 263
5 294
5 327
5 334
5 347
5 359
5 373
6 22
6 159
6 200
6 231
6 252
6 344
6 349
6 358
6 368
7 30
7 40
7 85
7 96
7 101
7 145
7 176
7 187
7 191
7 261
7 275
7 276
8 31
8 72
8 89
8 170
8 228
8 240
8 289
8 383
9 110
9 233
9 386
10 36
10 80
10 107
10 156
10 202
10 350
10 367
11 26
11 37
11 120
11 162
11 201
11 244
11 316
11 361
12 18
12 55
12 61
12 90
12 190
12 203
12 345
12 381
13 20
13 21
13 27
13 35
13 96
13 101
13 108
13 147
13 210
13 214
13 245
13 275
13 393
14 58
14 62
14 141
14 158
14 162
14 199
14 207
14 212
14 230
14 253
14 260
14 278
14 331
14 336
14 357
14 399
15 59
15 61
15 105
15 192
15 229
15 266
15 307
16 24
16 170
16 232
16 270
16 284
16 288
16 341
16 360
17 67
17 122
17 129
17 137
17 150
17 151
17 153
17 175
17 188
17 208
17 236
17 300
17 353
18 61
18 86
18 152
18 190
18 314
18 345
19 53
19 60
19 73
19 104
19 138
19 183
19 269
19 303
19 371
20 21
20 35
20 59
20 96
20 108
20 203
20 381
20 393
21 27
21 35
21 96
21 101
21 108
21 210
21 214
21 245
21 275
21 393
22 159
22 200
22 215
22 239
22 252
22 344
22 349
22 352
23 28
23 70
23 125
23 343
24 93
24 168
24 170
24 193
24 270
24 313
24 341
24 360
25 38
25 47
25 135
25 305
25 350
25 367
26 37
26 44
26 162
26 201
26 230
26 316
26 336
27 35
27 65
27 108
27 147
27 210
27 214
27 245
27 279
27 393
28 157
28 246
28 282
28 343
28 369
28 385
29 75
29 77
29 80
29 171
29 202
29 280
30 40
30 85
30 95
30 124
30 187
30 261
30 285
31 72
31 83
31 89
31 149
31 170
31 228
31 240
31 270
31 289
31 360
32 79
32 97
32 134
32 209
32 235
32 290
33 84
33 112
33 154
33 221
33 339
34 39
34 109
34 113
34 181
34 216
34 223
34 262
34 283
34 312
34 335
34 387
35 108
35 203
35 210
35 245
35 381
35 393
36 80
36 107
36 156
36 202
36 327
36 350
36 367
37 120
37 201
37 244
37 257
37 316
37 361
37 372
38 273
38 303
39 167
39 181
39 216
39 312
39 329
40 85
40 95
40 118
40 187
40 261
40 275
40 276
40 285
41 63
41 64
41 79
41 186
41 209
42 113
42 238
42 255
42 310
42 321
42 325
42 392
43 92
43 263
43 294
43 347
43 373
44 45
44 71
44 73
44 166
44 272
44 331
44 336
45 73
45 166
45 183
45 225
45 272
46 103
46 226
46 234
46 271
46 365
47 135
47 305
47 354
47 367
48 62
48 130
48 141
48 206
48 207
48 212
48 230
48 253
48 267
48 278
48 328
48 384
48 389
49 93
49 94
49 133
49 168
49 193
49 220
49 246
49 313
49 338
50 115
50 231
50 251
50 287
50 322
50 358
50 366
50 374
51 76
51 146
51 161
51 192
51 195
51 229
51 247
51 248
51 296
51 382
51 391
51 397
52 97
52 134
52 244
52 290
52 387
53 60
53 71
53 104
53 106
53 269
53 320
53 371
54 81
54 103
54 164
54 197
54 234
54 256
54 281
54 287
54 363
55 61
55 90
55 190
55 203
55 345
55 381
56 130
56 173
56 206
56 238
56 255
56 325
56 384
56 389
57 277
57 346
57 351
58 122
58 158
58 199
58 207
58 212
58 253
58 260
58 278
58 357
58 399
59 105
59 203
59 243
59 266
59 307
59 381
60 104
60 106
60 138
60 302
60 303
60 320
60 371
61 152
61 190
61 203
61 307
61 314
61 345
61 381
62 141
62 162
62 207
62 212
62 230
62 253
62 260
62 278
62 384
62 389
63 64
63 79
63 97
63 186
63 209
64 79
64 97
64 186
64 209
65 147
65 210
65 214
65 245
65 393
66 179
66 198
66 222
66 237
66 265
66 299
66 308
66 337
66 370
66 375
67 137
67 150
67 151
67 153
67 175
67 184
67 188
67 236
67 300
68 98
68 102
68 174
68 255
68 304
68 355
68 356
68 388
69 196
69 254
69 267
69 328
69 377
69 378
70 93
70 128
70 193
70 228
70 246
70 343
70 383
71 104
71 199
71 269
71 320
71 331
71 336
71 357
72 83
72 89
72 149
72 170
72 240
72 270
72 289
73 166
73 183
73 225
73 272
74 83
74 149
74 197
74 250
74 256
74 396
75 77
75 80
75 91
75 107
75 156
75 171
75 202
75 249
75 280
75 327
75 334
75 359
76 126
76 161
76 192
76 220
76 247
76 338
76 364
76 397
77 80
77 91
77 171
77 202
77 280
78 124
78 143
78 187
78 264
78 279
78 395
79 186
79 209
79 362
80 107
80 156
80 171
80 202
80 249
80 280
80 350
81 103
81 164
81 234
81 256
81 281
81 363
82 114
82 165
82 205
82 258
82 332
82 340
82 394
83 149
83 197
83 256
83 396
84 95
84 112
84 154
84 218
84 221
84 339
85 96
85 101
85 124
85 187
85 210
85 214
85 245
85 275
85 279
85 395
86 139
86 152
86 213
86 314
86 323
86 348
87 88
87 121
87 123
87 155
87 160
87 179
87 198
87 224
87 299
87 319
87 375
88 119
88 123
88 155
88 182
88 274
88 284
88 293
88 319
89 128
89 170
89 228
89 240
89 270
89 289
89 383
90 190
90 345
90 381
91 107
91 156
91 171
91 202
91 249
91 280
91 294
91 334
91 359
92 263
92 373
93 94
93 128
93 168
93 193
93 228
93 246
93 313
94 133
94 168
94 193
94 220
94 311
94 313
94 338
95 194
95 218
95 285
95 339
96 101
96 108
96 187
96 210
96 214
96 261
96 275
96 276
97 186
98 142
98 174
98 255
98 304
98 355
98 380
99 123
99 149
99 232
99 250
99 284
99 288
99 326
99 396
100 117
100 140
100 242
100 268
100 291
100 317
101 108
101 187
101 210
101 214
101 245
101 261
101 275
101 276
102 130
102 174
102 196
102 206
102 267
102 304
102 355
102 356
102 388
102 390
103 226
103 234
103 281
103 332
103 363
104 106
104 269
104 320
104 371
105 203
105 243
105 266
105 364
106 111
106 129
106 177
106 208
106 269
106 302
106 320
106 371
107 156
107 171
107 180
107 202
107 249
107 327
107 347
107 359
107 367
108 203
108 210
108 245
108 275
108 381
108 393
109 181
109 235
109 295
109 312
109 335
110 324
110 386
111 137
111 144
111 175
111 177
111 184
111 208
111 236
111 302
111 305
112 154
112 218
112 221
112 297
112 333
112 339
112 342
113 181
113 216
113 223
113 262
113 283
113 325
113 329
113 392
114 165
114 205
114 258
114 332
114 340
114 394
115 116
115 231
115 251
115 287
115 322
115 366
115 374
116 250
116 251
116 287
116 322
116 374
116 388
117 140
117 242
117 268
117 291
117 317
118 136
118 145
118 176
118 194
118 224
118 261
118 285
119 196
119 293
119 326
119 390
120 201
120 244
120 257
120 316
120 361
121 155
121 160
121 163
121 182
121 219
121 224
121 274
121 306
121 319
122 129
122 151
122 153
122 199
122 208
122 320
122 357
123 179
123 232
123 284
123 288
123 319
124 143
124 187
124 214
124 279
124 395
125 169
125 178
125 211
125 241
125 289
125 309
125 379
125 383
126 192
126 220
126 247
126 266
126 364
126 397
127 145
127 176
127 191
127 222
127 237
127 261
127 276
127 337
127 370
128 193
128 228
128 246
128 383
129 137
129 151
129 153
129 175
129 177
129 208
129 236
129 302
129 320
129 357
130 206
130 255
130 267
130 304
130 328
130 356
130 384
130 389
131 151
131 153
131 163
131 188
131 306
131 353
131 377
132 263
132 294
132 334
132 373
133 168
133 220
133 247
133 311
133 313
133 338
134 223
134 235
134 290
134 335
134 387
135 204
135 305
135 354
135 367
136 145
136 176
136 224
136 261
136 285
136 370
136 375
137 144
137 150
137 175
137 177
137 184
137 208
137 236
138 183
138 273
138 303
138 371
139 152
139 213
139 314
139 323
139 348
140 242
140 291
140 317
140 346
140 376
141 162
141 207
141 212
141 230
141 253
141 278
141 384
141 389
142 231
142 322
142 349
142 358
142 380
143 264
143 279
143 318
143 395
144 150
144 175
144 184
144 204
144 217
144 236
144 342
144 354
145 176
145 191
145 224
145 237
145 261
145 285
145 370
145 375
146 161
146 195
146 248
146 259
146 296
146 382
146 391
147 210
147 214
147 245
147 393
148 166
148 189
148 225
148 227
148 257
148 298
148 372
149 170
149 232
149 270
149 360
149 396
150 175
150 184
150 236
150 297
150 300
150 342
151 153
151 353
152 190
152 213
152 314
152 323
152 348
153 353
153 357
154 194
154 218
154 221
154 286
154 297
154 300
154 301
154 333
154 339
154 342
155 160
155 182
155 219
155 274
155 293
155 319
156 171
156 180
156 202
156 249
156 294
156 327
156 347
156 359
156 367
157 259
157 282
157 343
157 369
157 385
158 199
158 207
158 212
158 253
158 260
158 278
158 357
158 399
159 239
159 344
159 349
160 179
160 198
160 224
160 299
160 319
160 370
160 375
161 192
161 195
161 247
161 248
161 259
161 296
161 338
161 382
161 397
162 201
162 207
162 230
162 331
162 336
163 188
163 219
163 306
163 353
163 377
164 197
164 256
164 281
164 287
164 363
164 366
165 205
165 258
165 332
165 340
165 394
166 189
166 225
166 227
166 272
166 372
167 216
167 239
167 329
168 193
168 220
168 311
168 313
168 341
169 178
169 211
169 240
169 241
169 289
169 309
169 383
170 228
170 240
170 270
170 360
171 202
171 249
171 280
171 327
171 334
171 347
171 359
172 268
172 309
172 379
173 238
173 321
173 325
174 304
174 355
174 356
174 388
175 177
175 184
175 208
175 236
175 302
176 191
176 237
176 261
176 276
176 337
176 370
177 184
177 208
177 236
177 269
177 302
177 320
178 211
178 241
178 271
178 289
178 309
179 198
179 265
179 288
179 299
179 370
179 375
180 204
180 217
180 327
180 347
180 354
181 216
181 223
181 262
181 283
181 295
181 312
181 335
181 387
182 219
182 274
182 293
182 319
182 377
183 371
184 204
184 208
184 236
185 292
186 209
187 214
187 275
187 279
187 395
188 286
188 300
188 306
188 333
188 353
189 227
189 257
189 298
189 372
190 314
190 345
191 222
191 237
191 261
191 275
191 276
191 337
192 229
192 247
192 307
192 397
193 228
193 246
193 313
194 218
194 285
194 286
194 301
194 339
195 229
195 248
195 296
195 382
195 391
196 254
196 267
196 293
196 328
196 356
196 378
196 390
197 251
197 256
197 281
197 287
198 224
198 237
198 265
198 299
198 337
198 370
198 375
199 207
199 212
199 260
199 278
199 331
199 357
199 399
200 233
200 252
200 315
200 352
200 368
201 316
202 249
202 280
203 345
203 381
204 217
204 305
204 354
204 367
205 258
205 330
205 332
205 340
205 365
206 255
206 267
206 304
206 328
206 355
206 356
206 384
206 389
207 212
207 230
207 253
207 260
207 278
207 331
207 384
207 389
207 399
208 236
208 302
208 320
209 362
210 214
210 245
210 275
210 279
211 241
211 289
211 309
211 383
212 230
212 253
212 260
212 278
212 331
212 357
212 389
212 399
213 229
213 314
213 323
214 245
214 275
214 279
214 395
215 252
215 344
215 352
216 223
216 262
216 283
216 312
216 329
217 297
217 342
218 221
218 286
218 300
218 301
218 333
218 339
219 274
219 293
219 306
219 319
219 377
220 247
220 311
220 338
220 364
220 397
221 297
221 333
221 342
222 237
222 243
222 308
222 337
222 364
223 262
223 283
223 290
223 335
223 387
224 299
224 370
224 375
225 227
225 272
225 372
226 234
226 271
226 365
227 257
227 272
227 372
228 289
228 383
229 307
229 382
230 253
230 260
230 278
230 384
230 389
230 399
231 322
231 349
231 358
231 374
232 270
232 284
232 288
232 360
233 252
233 315
233 368
234 271
234 281
234 363
235 290
235 295
235 335
236 302
237 265
237 299
237 337
237 370
237 375
238 255
238 310
238 321
238 325
238 392
239 329
239 344
239 349
239 380
240 289
240 383
241 271
241 309
242 291
242 317
242 330
242 351
242 365
242 376
243 266
244 316
244 361
245 279
245 393
246 282
246 343
246 369
246 385
247 338
247 364
247 397
248 296
248 382
248 391
249 294
249 327
249 334
249 347
249 359
250 326
250 396
251 287
251 322
251 366
251 374
252 315
252 352
252 368
253 260
253 278
253 328
253 384
253 389
253 399
254 267
254 328
254 377
254 378
255 304
255 310
255 325
255 355
255 392
256 281
257 298
257 316
257 361
257 372
258 332
258 340
258 386
258 394
259 282
259 338
259 369
260 278
260 331
260 357
260 399
261 275
261 276
262 283
262 290
262 312
262 335
262 387
263 294
263 347
263 359
263 373
264 318
264 395
265 299
265 311
265 337
265 341
265 370
265 375
266 308
266 364
267 328
267 356
267 378
267 384
267 389
267 390
269 302
269 320
269 357
269 371
270 360
272 336
272 372
273 303
274 293
274 319
274 377
275 276
277 346
277 351
277 376
278 328
278 384
278 389
278 399
279 395
281 363
282 343
282 369
282 385
283 290
283 312
283 335
283 387
284 288
285 301
286 297
286 300
286 301
286 333
286 342
287 322
287 366
287 374
289 383
290 335
290 387
291 317
291 330
291 346
291 351
291 365
291 376
292 373
293 319
293 390
294 327
294 334
294 347
294 359
294 373
295 312
295 335
296 382
296 391
297 300
297 333
297 342
298 361
298 398
299 337
299 370
299 375
300 333
300 342
301 333
302 320
303 371
304 355
304 356
304 388
305 354
306 353
306 377
308 311
308 337
308 364
309 379
310 325
310 380
310 392
311 313
311 341
312 335
313 341
314 323
315 352
315 368
316 361
316 372
317 346
317 376
318 395
320 371
321 325
321 392
322 358
322 374
323 348
324 386
325 392
326 396
327 347
327 359
328 378
328 384
328 389
330 332
330 351
330 365
330 376
331 336
331 357
331 399
332 340
332 363
332 365
333 342
334 359
335 387
337 370
337 375
338 397
340 363
340 394
343 369
343 385
344 349
345 381
346 351
346 376
347 359
349 358
349 380
350 367
351 376
353 377
354 367
355 356
355 388
356 388
356 390
357 399
366 374
366 394
369 385
370 375
377 378
378 390
382 391
384 389
