400 1875
0 38
0 114
0 116
0 141
0 154
0 189
0 276
0 288
0 295
0 332
0 343
0 386
0 390
1 88
1 131
1 219
1 246
1 312
1 330
2 27
2 42
2 46
2 89
2 95
2 183
2 223
2 225
2 251
2 254
2 392
3 150
3 164
3 197
3 258
3 283
3 374
3 376
4 13
4 31
4 49
4 97
4 106
4 128
4 137
4 161
4 162
4 166
4 173
4 178
4 222
4 291
4 329
4 356
5 35
5 58
5 98
5 100
5 113
5 186
5 282
5 337
5 355
5 364
6 10
6 145
6 265
6 336
7 53
7 155
7 252
7 263
7 380
8 19
8 43
8 72
8 92
8 136
8 149
8 180
8 196
8 245
8 270
8 281
8 380
9 66
9 123
9 167
9 177
9 211
9 233
9 240
9 342
9 357
9 373
10 145
10 247
10 265
10 267
10 391
11 22
11 36
11 44
11 73
11 188
11 212
11 389
12 21
12 24
12 51
12 105
12 210
12 234
12 248
12 275
12 352
13 31
13 106
13 128
13 137
13 162
13 166
13 173
13 222
13 310
13 329
13 356
13 369
14 35
14 37
14 105
14 204
14 206
14 285
14 395
15 87
15 125
15 134
15 190
15 201
15 238
15 239
15 290
15 372
16 32
16 148
16 195
16 199
16 269
16 270
16 280
16 304
16 319
16 334
16 344
16 385
17 20
17 84
17 96
17 108
17 194
17 229
17 262
17 307
17 324
17 383
18 70
18 121
18 130
18 183
18 200
18 235
18 251
18 284
18 326
18 345
18 354
19 72
19 92
19 149
19 180
19 196
19 257
19 281
19 344
20 107
20 194
20 229
20 264
20 299
20 307
20 324
21 24
21 210
21 234
21 248
21 272
21 275
21 342
21 352
22 36
22 44
22 103
22 188
22 199
22 212
22 269
22 293
22 389
23 30
23 62
23 65
23 123
23 159
23 224
23 233
23 261
23 278
23 279
23 363
24 51
24 105
24 206
24 248
24 352
25 33
25 55
25 110
25 133
25 140
25 181
25 332
25 343
25 359
25 370
26 160
26 202
26 216
26 237
26 271
26 328
26 331
27 46
27 70
27 86
27 121
27 126
27 183
27 185
27 191
27 223
28 29
28 49
28 63
28 67
28 71
28 97
28 147
28 170
28 178
28 228
28 244
28 291
28 340
28 377
29 49
29 63
29 71
29 97
29 147
29 170
29 178
29 228
29 291
29 340
29 377
30 224
30 261
30 278
30 363
31 49
31 97
31 106
31 128
31 137
31 161
31 162
31 166
31 173
31 178
31 222
31 291
31 329
31 356
32 148
32 195
32 199
32 269
32 270
32 280
32 293
32 304
32 319
32 334
32 385
32 389
33 55
33 110
33 133
33 140
33 181
33 332
33 343
33 359
33 370
34 43
34 53
34 99
34 124
34 136
34 180
34 289
34 360
34 368
34 375
34 380
34 382
34 388
35 37
35 52
35 102
35 204
35 282
35 395
36 44
36 103
36 188
36 212
36 293
36 336
36 389
37 52
37 94
37 102
37 176
37 204
37 260
37 305
37 395
38 40
38 57
38 114
38 116
38 154
38 189
38 218
38 220
38 256
38 276
38 288
38 295
38 298
38 332
38 338
38 384
38 386
38 390
39 85
39 132
39 214
39 226
40 57
40 112
40 114
40 116
40 189
40 218
40 220
40 256
40 298
40 302
40 312
40 338
40 384
40 386
41 76
41 83
41 274
41 296
41 301
42 46
42 89
42 95
42 183
42 223
42 225
42 251
42 254
42 314
42 392
43 48
43 99
43 136
43 149
43 163
43 180
43 242
43 281
43 294
43 368
43 380
44 103
44 127
44 188
44 199
44 293
44 304
44 389
45 62
45 112
45 142
45 174
45 261
45 279
45 302
46 68
46 86
46 95
46 111
46 126
46 183
46 191
46 223
46 225
46 346
46 378
47 169
47 182
47 231
47 277
47 351
48 163
48 242
48 243
48 294
48 316
49 63
49 71
49 97
49 147
49 170
49 178
49 222
49 291
49 340
49 377
50 122
50 203
50 227
50 303
50 338
50 366
51 105
51 137
51 161
51 166
51 171
51 173
51 206
51 367
52 94
52 102
52 176
52 204
52 248
52 260
52 297
52 305
52 395
53 115
53 124
53 136
53 252
53 289
53 360
53 368
53 375
53 380
53 382
53 388
54 257
54 273
54 371
54 374
54 398
55 110
55 119
55 129
55 133
55 140
55 181
55 343
55 359
55 370
56 134
56 169
56 182
56 192
56 225
56 238
56 239
56 254
56 314
56 394
56 399
57 112
57 114
57 116
57 154
57 189
57 208
57 218
57 220
57 256
57 298
57 384
57 386
58 98
58 113
58 186
58 337
58 355
58 364
59 99
59 117
59 163
59 193
59 294
59 316
59 350
60 64
60 119
60 138
60 156
60 215
60 320
60 371
60 398
61 96
61 158
61 236
61 262
61 307
61 322
61 339
61 383
62 167
62 174
62 177
62 233
62 261
62 278
62 279
63 147
63 170
63 340
63 376
63 377
64 138
64 156
64 215
64 243
64 309
64 320
64 371
65 81
65 123
65 159
65 211
65 224
65 233
66 123
66 142
66 167
66 174
66 177
66 233
66 255
66 292
66 357
66 373
67 71
67 73
67 101
67 139
67 228
67 244
67 306
67 377
68 86
68 101
68 111
68 126
68 139
68 191
68 223
68 346
68 378
68 393
69 125
69 161
69 171
69 190
69 290
69 348
69 367
70 108
70 121
70 130
70 185
70 200
70 230
70 266
70 317
70 326
70 354
71 97
71 139
71 170
71 178
71 228
71 244
72 149
72 180
72 196
72 257
72 270
72 281
72 334
72 344
73 139
73 228
73 306
73 377
74 79
74 93
74 232
74 268
74 301
74 311
74 333
74 361
74 387
74 396
75 76
75 152
75 249
75 296
75 353
76 79
76 83
76 249
76 274
76 296
76 301
76 333
77 127
77 132
77 187
77 221
77 341
77 379
77 381
78 142
78 167
78 210
78 213
78 234
78 255
78 272
78 275
78 292
78 310
78 325
78 352
78 357
78 369
79 184
79 249
79 268
79 301
79 333
79 361
79 396
80 144
80 175
80 176
80 179
80 198
80 211
80 260
80 297
80 305
81 159
81 179
81 224
82 122
82 227
82 363
82 366
83 274
83 296
84 108
84 185
84 217
84 230
84 287
84 317
84 324
84 347
84 383
85 132
85 214
85 226
86 101
86 111
86 126
86 143
86 191
86 223
86 346
86 378
86 393
87 93
87 134
87 190
87 201
87 232
87 238
87 239
87 285
87 311
87 372
87 387
88 90
88 153
88 165
88 205
88 207
88 208
88 246
88 330
88 398
89 235
89 251
89 284
89 392
90 153
90 197
90 207
90 246
90 283
90 335
90 397
90 398
91 168
91 259
91 307
91 322
91 339
92 136
92 151
92 155
92 180
92 196
92 245
92 252
92 263
92 270
92 281
92 319
92 334
92 380
93 192
93 201
93 232
93 238
93 311
93 361
93 387
94 102
94 176
94 240
94 248
94 297
94 305
94 342
94 395
95 111
95 223
95 225
95 239
95 254
95 346
95 378
96 108
96 230
96 236
96 262
96 307
96 317
96 322
96 383
97 147
97 161
97 162
97 166
97 170
97 173
97 178
97 222
97 291
98 113
98 184
98 186
98 249
98 282
98 333
98 337
98 355
98 364
98 396
99 124
99 163
99 193
99 242
99 289
99 294
99 316
99 350
99 360
99 368
99 375
99 382
99 388
100 144
100 175
100 260
100 286
101 111
101 139
101 143
101 191
101 306
101 327
101 393
102 176
102 204
102 260
102 297
102 305
102 395
103 118
103 127
103 188
103 199
103 293
103 304
103 389
104 118
104 157
104 187
104 209
104 221
104 253
104 323
104 381
105 206
106 128
106 137
106 162
106 173
106 222
106 310
106 329
106 356
106 369
107 194
107 241
107 264
107 299
108 185
108 217
108 230
108 262
108 266
108 317
108 354
108 383
109 321
109 358
110 119
110 129
110 133
110 140
110 181
110 343
110 359
110 370
111 126
111 139
111 191
111 223
111 346
111 378
111 393
112 114
112 218
112 220
112 256
112 298
112 302
112 312
112 338
112 384
112 386
113 184
113 186
113 249
113 337
113 353
113 355
113 364
114 116
114 154
114 189
114 218
114 220
114 256
114 276
114 288
114 295
114 298
114 338
114 384
114 386
114 390
115 124
115 160
115 202
115 237
115 271
115 289
115 308
115 328
115 331
115 360
115 365
115 375
115 382
115 388
116 154
116 165
116 189
116 208
116 218
116 220
116 276
116 298
116 315
116 384
117 193
117 271
117 388
118 145
118 209
118 323
118 341
118 381
119 129
119 133
119 138
119 156
119 165
119 181
119 215
119 315
119 343
119 359
119 370
120 130
120 135
120 158
120 230
120 262
120 266
120 317
120 345
120 354
120 383
121 130
121 183
121 185
121 200
121 266
121 326
121 354
122 227
122 261
122 279
122 303
122 366
123 159
123 177
123 211
123 233
123 278
123 373
124 289
124 328
124 360
124 368
124 375
124 380
124 382
124 388
125 171
125 190
125 239
125 290
125 348
125 367
125 372
126 143
126 185
126 191
126 346
126 347
126 378
126 393
127 199
127 221
127 293
127 304
127 319
127 341
127 379
128 137
128 161
128 162
128 166
128 173
128 222
128 310
128 329
128 356
128 369
129 133
129 146
129 181
129 359
129 370
130 135
130 200
130 235
130 266
130 284
130 326
130 345
130 354
131 219
131 330
132 187
132 221
132 341
132 379
133 140
133 181
133 343
133 359
133 370
134 190
134 192
134 201
134 238
134 239
134 290
134 311
134 314
134 372
134 394
134 399
135 158
135 266
135 345
135 354
136 149
136 180
136 196
136 245
136 252
136 281
136 368
136 380
136 382
137 161
137 162
137 166
137 173
137 222
137 329
137 356
137 369
138 156
138 181
138 215
138 320
138 371
139 191
139 228
139 306
139 393
140 332
140 359
140 370
141 276
141 288
141 295
141 313
141 332
141 390
142 167
142 174
142 177
142 255
142 292
142 302
142 325
142 357
143 191
143 287
143 306
143 327
143 347
143 393
144 175
144 198
144 260
144 286
144 297
144 305
145 209
145 247
145 265
145 267
145 323
145 336
145 391
146 181
146 309
146 370
147 170
147 178
147 340
147 376
147 377
148 195
148 269
148 270
148 280
148 304
148 334
148 344
148 385
149 180
149 196
149 281
150 164
150 197
150 257
150 258
150 283
150 374
150 397
151 155
151 245
151 252
151 263
151 270
151 304
151 319
151 334
151 379
151 385
152 249
152 353
153 165
153 205
153 207
153 208
153 246
153 315
153 398
154 165
154 189
154 208
154 276
154 288
154 295
154 315
154 332
154 343
154 390
155 245
155 252
155 263
155 270
155 319
155 379
156 215
156 320
156 371
157 187
157 209
157 253
157 318
157 349
158 236
158 262
158 322
158 339
159 224
159 233
160 202
160 216
160 237
160 271
160 308
160 328
160 331
161 162
161 166
161 171
161 173
161 178
161 291
162 166
162 173
162 178
162 222
162 291
162 329
162 356
163 193
163 242
163 243
163 294
163 316
163 350
164 258
164 269
164 340
164 376
165 205
165 208
165 315
165 343
166 171
166 173
166 178
166 291
167 174
167 177
167 255
167 292
167 302
167 357
167 373
168 194
168 307
168 322
169 182
169 192
169 231
169 277
169 351
169 394
169 399
170 178
170 228
170 291
170 340
170 377
171 173
171 291
171 367
172 358
173 178
173 222
173 291
173 329
173 356
174 177
174 261
174 278
174 279
174 302
174 357
175 198
175 260
175 286
175 297
176 204
176 260
176 297
176 305
176 395
177 233
177 255
177 357
177 373
178 222
178 291
179 198
179 211
180 196
180 245
180 281
180 368
180 380
181 215
181 343
181 359
181 370
182 192
182 231
182 277
182 314
182 351
182 394
182 399
183 200
183 235
183 251
183 284
183 326
184 186
184 249
184 301
184 333
184 396
185 217
185 230
185 287
185 317
185 347
186 249
186 337
186 353
186 355
186 364
187 221
187 341
187 381
188 199
188 212
188 293
188 336
188 389
189 218
189 220
189 256
189 276
189 288
189 295
189 298
189 332
189 338
189 384
189 386
189 390
190 239
190 290
190 348
190 372
191 223
191 346
191 378
191 393
192 231
192 238
192 277
192 311
192 361
192 394
192 399
193 294
193 316
193 350
193 375
193 388
194 264
194 299
194 307
195 199
195 269
195 280
195 304
195 334
195 344
195 385
196 245
196 270
196 281
196 334
196 344
197 258
197 283
197 335
197 374
197 397
198 211
198 297
198 305
199 280
199 293
199 304
199 319
199 334
199 341
199 385
199 389
200 235
200 266
200 284
200 326
200 345
200 354
201 232
201 238
201 268
201 285
201 311
201 372
201 387
202 237
202 271
202 308
202 328
202 331
203 295
203 303
203 313
203 386
204 260
204 282
204 395
205 208
205 315
205 398
206 285
206 367
207 246
207 283
207 335
207 397
207 398
208 220
208 315
209 323
209 381
210 213
210 234
210 240
210 248
210 255
210 272
210 275
210 292
210 325
210 342
210 352
210 369
211 240
211 373
212 269
212 389
213 234
213 255
213 272
213 275
213 292
213 310
213 325
213 329
213 352
213 369
214 226
215 320
215 371
216 331
217 230
217 287
217 317
217 324
217 347
218 220
218 256
218 298
218 302
218 338
218 384
218 386
219 310
219 312
219 330
220 256
220 298
220 302
220 312
220 384
220 386
221 341
221 381
222 329
222 356
223 225
223 254
223 346
223 378
225 254
225 314
225 378
227 303
227 366
228 244
228 377
229 247
229 265
229 324
230 262
230 266
230 317
230 354
230 383
231 277
231 399
232 238
232 268
232 285
232 311
232 361
232 372
232 387
233 278
233 373
234 240
234 248
234 272
234 275
234 292
234 325
234 342
234 352
234 369
235 251
235 284
235 326
236 262
236 322
236 339
237 308
237 328
237 331
237 365
238 311
238 361
238 372
238 387
238 394
238 399
239 254
239 290
239 314
239 348
239 372
240 248
240 275
240 342
240 373
241 264
241 267
241 299
241 300
241 362
242 243
242 294
242 316
242 350
243 294
243 309
243 316
243 320
244 348
245 252
245 263
245 270
245 281
245 319
245 334
245 380
246 330
246 335
246 398
247 265
247 267
247 391
248 275
248 342
248 352
249 301
249 333
249 353
249 396
250 313
250 321
251 284
251 326
251 392
252 263
252 380
253 267
253 300
253 318
253 349
253 362
254 314
254 378
255 292
255 325
255 357
256 298
256 338
256 384
256 386
257 273
257 283
257 344
257 374
258 283
258 374
258 397
259 339
260 286
260 297
260 305
260 395
261 278
261 279
261 363
261 366
262 266
262 317
262 322
262 383
263 270
263 319
263 334
263 379
264 299
265 267
265 391
266 317
266 345
266 354
266 383
267 300
267 349
267 362
267 391
268 285
268 333
268 387
268 396
269 280
269 376
269 389
270 304
270 319
270 334
270 385
271 328
271 331
271 375
271 388
272 275
272 292
272 310
272 325
272 329
272 352
272 369
273 371
273 374
274 296
274 301
275 292
275 342
275 352
275 369
276 288
276 295
276 332
276 386
276 390
277 351
277 394
277 399
278 279
278 363
278 366
279 303
279 363
279 366
280 304
280 334
280 344
280 385
281 380
282 355
282 395
283 335
283 374
283 397
284 326
285 372
285 387
287 347
288 295
288 332
288 390
289 360
289 368
289 375
289 380
289 382
289 388
290 348
290 372
292 310
292 325
292 357
292 369
293 304
293 319
293 341
293 385
293 389
294 316
294 350
295 332
295 386
295 390
297 305
297 395
298 338
298 384
298 386
300 318
300 349
300 362
300 391
301 333
301 361
301 396
302 312
302 384
303 338
303 366
303 386
304 319
304 334
304 385
305 395
306 327
306 393
307 322
308 328
308 331
308 365
309 320
310 325
310 329
310 356
310 369
311 361
311 372
311 387
311 399
312 330
312 384
314 394
314 399
315 343
316 350
317 354
317 383
318 349
318 362
319 334
319 379
319 385
320 371
322 339
323 336
323 381
325 329
325 369
326 345
326 354
327 347
327 393
328 331
328 365
328 375
329 352
329 356
329 369
331 365
332 390
333 396
334 385
335 397
335 398
337 355
337 364
338 384
338 386
340 376
340 377
341 379
341 381
342 352
342 373
343 359
344 374
345 354
346 378
346 393
349 362
351 392
352 369
353 364
355 364
356 369
357 373
359 370
360 368
360 375
360 380
360 382
360 388
361 387
368 375
368 380
368 382
368 388
372 387
375 382
375 388
376 377
380 382
382 388
384 386
386 390
394 399
