400 1891
0 105
0 117
0 136
0 149
0 173
0 363
1 31
1 41
1 73
1 88
1 111
1 114
1 170
1 239
1 255
1 262
1 280
1 308
1 312
1 349
1 392
2 218
2 233
2 293
2 314
2 366
3 84
3 179
3 258
3 268
3 291
3 350
4 15
4 49
4 79
4 99
4 192
4 218
4 229
4 246
4 277
4 293
4 316
4 320
4 336
4 374
5 34
5 64
5 112
5 113
5 122
5 153
5 154
5 176
5 259
5 307
5 381
5 387
6 8
6 26
6 74
6 90
6 165
6 186
6 202
6 220
6 231
6 300
7 52
7 107
7 126
7 128
7 130
7 182
7 254
7 342
8 20
8 38
8 61
8 90
8 160
8 202
8 217
8 220
8 231
8 250
9 81
9 110
9 116
9 188
9 206
9 347
9 367
10 30
10 35
10 68
10 159
10 247
10 358
10 360
10 365
10 373
11 78
11 98
11 156
11 355
11 384
12 84
12 109
12 175
12 177
12 179
12 197
12 227
12 284
12 350
13 44
13 89
13 122
13 137
13 194
13 219
13 223
13 337
13 352
13 385
14 28
14 42
14 65
14 102
14 115
14 131
14 201
14 285
14 345
15 79
15 192
15 218
15 229
15 233
15 246
15 277
15 293
15 320
15 374
16 24
16 29
16 71
16 183
16 237
16 265
16 279
16 283
16 372
16 379
16 386
17 39
17 69
17 124
17 132
17 169
17 184
17 189
17 286
17 339
17 394
18 74
18 165
18 186
18 223
18 337
18 385
19 35
19 100
19 176
19 247
19 263
19 298
19 359
19 364
20 90
20 160
20 217
20 310
20 328
20 396
21 63
21 123
21 177
21 190
21 215
22 172
22 181
22 221
22 269
22 321
22 328
23 86
23 152
23 155
23 159
23 204
23 243
23 327
23 335
23 373
24 29
24 110
24 116
24 146
24 183
24 188
24 237
24 238
24 283
24 292
24 333
24 347
24 367
24 379
25 60
25 106
25 119
25 121
25 195
25 283
25 371
26 38
26 74
26 90
26 182
26 186
26 202
26 231
26 250
26 254
26 300
27 39
27 44
27 76
27 89
27 91
27 137
27 171
27 264
28 65
28 102
28 131
28 174
28 201
28 212
28 285
28 345
29 71
29 183
29 237
29 238
29 265
29 279
29 283
29 292
29 333
29 372
29 379
29 386
30 35
30 68
30 159
30 247
30 358
30 365
30 373
31 41
31 73
31 170
31 209
31 239
31 255
31 281
31 308
31 312
31 349
32 40
32 80
32 86
32 105
32 155
32 234
32 243
32 262
32 303
32 335
32 346
32 353
32 375
33 48
33 66
33 72
33 126
33 128
33 140
33 187
33 322
33 340
33 348
33 370
33 376
34 64
34 112
34 113
34 122
34 153
34 154
34 176
34 194
34 259
34 307
34 381
34 387
35 68
35 100
35 247
35 263
35 298
35 358
35 364
35 365
36 102
36 115
36 205
36 278
37 45
37 51
37 59
37 62
37 124
37 133
37 168
37 180
37 184
37 198
37 257
37 271
37 323
37 388
37 389
37 399
38 61
38 90
38 94
38 202
38 220
38 231
38 250
38 267
38 274
39 76
39 137
39 169
39 264
39 394
39 399
40 105
40 117
40 173
40 234
40 236
40 303
41 73
41 88
41 114
41 170
41 239
41 255
41 262
41 280
41 281
41 308
41 312
41 349
41 392
42 65
42 85
42 115
42 135
42 138
42 273
42 282
42 331
42 357
43 77
43 274
43 351
44 89
44 122
44 137
44 194
44 219
44 223
44 337
44 385
45 51
45 62
45 124
45 168
45 184
45 198
45 271
45 388
45 389
45 399
46 120
46 147
46 199
46 240
46 251
46 289
46 302
46 326
46 332
46 383
47 58
47 70
47 185
47 230
47 248
47 256
47 311
47 338
47 382
48 66
48 112
48 113
48 140
48 307
48 317
48 322
48 340
48 352
49 79
49 99
49 139
49 246
49 277
49 316
49 320
49 336
50 108
50 143
50 148
50 200
50 213
50 270
50 272
50 287
50 299
50 330
50 368
50 393
51 54
51 59
51 62
51 91
51 92
51 133
51 150
51 168
51 180
51 257
51 271
51 323
51 388
51 389
51 399
52 72
52 107
52 126
52 128
52 130
52 206
52 242
52 253
53 54
53 62
53 92
53 103
53 133
53 143
53 257
53 258
53 271
53 272
53 287
53 299
54 59
54 62
54 92
54 127
54 133
54 143
54 150
54 180
54 241
54 257
54 271
54 272
54 287
54 299
54 323
54 388
55 106
55 119
55 121
55 158
55 161
55 196
55 296
55 311
56 83
56 96
56 230
56 369
57 67
57 162
57 174
57 212
57 245
58 70
58 185
58 230
58 248
58 256
58 338
58 382
59 76
59 91
59 133
59 150
59 180
59 257
59 264
59 323
59 362
59 388
59 389
59 399
60 121
60 156
60 195
60 371
60 390
61 94
61 97
61 202
61 217
61 220
61 267
61 274
62 92
62 133
62 168
62 198
62 257
62 258
62 271
62 287
62 291
62 323
62 388
62 389
63 123
63 215
63 244
63 361
63 378
64 112
64 113
64 154
64 176
64 259
64 298
64 317
64 343
64 359
64 381
64 387
65 102
65 115
65 131
65 135
65 273
66 72
66 107
66 126
66 128
66 140
66 187
66 216
66 322
66 348
66 376
67 131
67 193
67 208
67 232
67 245
67 282
67 319
67 356
68 100
68 170
68 247
68 281
68 353
68 358
68 365
68 373
69 132
69 169
69 189
69 252
69 260
69 286
69 294
69 339
69 394
70 158
70 164
70 185
70 222
70 256
70 261
70 295
70 296
70 311
70 338
70 360
70 382
71 265
71 372
71 386
71 390
72 107
72 126
72 128
72 140
72 216
72 242
72 376
73 88
73 114
73 170
73 239
73 255
73 262
73 280
73 281
73 308
73 312
73 349
73 392
74 186
74 187
74 223
74 300
74 322
74 340
74 348
74 370
75 136
75 166
75 211
76 89
76 91
76 137
76 171
76 180
76 264
77 224
77 351
77 356
78 98
78 156
78 384
79 99
79 139
79 192
79 218
79 229
79 246
79 277
79 316
79 320
79 336
79 374
80 86
80 88
80 114
80 155
80 170
80 243
80 262
80 281
80 335
80 346
80 349
80 353
80 373
80 375
81 206
81 275
82 127
82 147
82 200
82 241
82 251
82 270
82 288
82 326
82 341
82 383
83 166
83 210
83 211
83 230
83 395
84 109
84 168
84 175
84 179
84 198
84 268
84 291
84 350
85 135
85 138
85 144
85 224
85 273
85 290
85 331
85 342
85 357
86 155
86 243
86 262
86 281
86 335
86 346
86 353
86 373
86 375
87 158
87 161
87 164
87 196
87 296
87 365
88 111
88 114
88 170
88 255
88 262
88 280
88 281
88 313
88 349
88 353
88 392
89 137
89 171
89 219
89 223
89 264
89 337
89 385
90 160
90 165
90 202
90 217
90 220
90 231
90 300
91 150
91 171
91 172
91 180
91 264
91 323
91 362
92 108
92 127
92 133
92 143
92 150
92 241
92 257
92 271
92 272
92 287
92 299
92 323
93 200
93 213
93 305
93 330
93 368
93 393
94 97
94 220
94 267
94 274
95 100
95 141
95 153
95 176
95 209
95 263
95 298
95 301
95 364
95 381
96 118
96 266
96 369
96 380
97 217
97 274
98 384
99 246
99 277
99 316
99 320
99 336
100 209
100 247
100 263
100 298
100 358
100 364
100 381
101 141
101 153
101 260
101 301
101 304
101 329
101 339
101 397
102 115
102 201
102 285
102 345
103 143
103 258
103 287
103 299
104 157
104 297
104 344
104 377
105 117
105 149
105 173
105 236
105 303
105 335
105 346
105 375
106 119
106 121
106 158
106 161
106 196
106 256
106 296
106 311
106 338
106 382
107 126
107 128
107 130
107 206
107 242
107 253
107 376
108 143
108 148
108 200
108 270
108 272
108 287
108 299
108 330
108 368
109 179
109 197
109 227
109 284
109 350
110 116
110 188
110 237
110 238
110 283
110 292
110 333
110 347
110 367
111 114
111 226
111 262
111 276
111 280
111 313
111 349
111 392
112 113
112 140
112 154
112 176
112 259
112 307
112 317
112 343
112 387
113 154
113 176
113 259
113 307
113 317
113 343
113 387
114 170
114 255
114 262
114 280
114 281
114 312
114 313
114 349
114 353
114 392
115 205
115 273
115 275
116 146
116 183
116 188
116 237
116 238
116 249
116 292
116 333
116 347
116 379
117 149
117 173
117 236
117 303
117 363
118 129
118 163
118 214
118 266
118 380
119 121
119 158
119 161
119 196
119 296
119 311
119 371
120 270
120 332
120 383
121 195
121 371
122 194
122 219
122 259
122 307
122 337
122 352
123 167
123 190
123 215
123 306
124 168
124 175
124 184
124 189
124 198
124 294
124 389
124 399
125 142
125 207
125 244
125 309
125 325
125 361
125 378
126 128
126 206
126 216
126 242
126 253
126 376
127 147
127 241
127 251
127 270
127 272
127 288
127 341
128 130
128 206
128 216
128 242
128 253
128 376
129 163
129 214
129 225
129 380
130 144
130 206
130 253
130 342
130 357
131 135
131 212
131 282
131 285
131 345
132 189
132 252
132 260
132 286
132 294
132 304
132 306
132 339
132 397
133 150
133 168
133 180
133 257
133 271
133 323
133 388
134 139
134 234
134 235
134 276
134 313
134 316
134 318
134 336
135 138
135 224
135 273
135 282
135 290
135 331
135 357
136 149
136 152
136 363
137 169
137 194
137 219
137 264
137 329
137 394
138 144
138 224
138 290
138 331
138 342
138 357
139 235
139 246
139 276
139 313
139 316
139 318
139 320
139 336
139 374
140 187
140 307
140 322
140 340
140 348
140 352
140 370
140 376
141 153
141 176
141 209
141 263
141 301
141 381
141 387
142 151
142 309
142 324
142 366
143 148
143 272
143 287
143 299
144 273
144 290
144 342
144 357
145 191
145 216
145 228
145 317
145 376
146 183
146 249
146 379
146 391
147 172
147 241
147 251
147 288
147 302
147 321
147 326
147 332
147 341
148 200
148 213
148 270
148 272
148 287
148 299
148 330
148 368
148 393
149 173
149 236
149 303
149 363
150 180
150 241
150 257
150 264
150 323
150 362
150 388
151 324
151 366
152 204
152 315
152 327
152 334
152 363
153 154
153 176
153 209
153 259
153 301
153 381
153 387
154 176
154 259
154 307
154 343
154 381
154 387
155 243
155 262
155 281
155 335
155 346
155 353
155 373
155 375
156 355
156 384
157 177
157 197
157 227
157 344
158 161
158 164
158 196
158 256
158 296
158 311
158 338
158 382
159 164
159 204
159 222
159 295
159 327
159 360
159 365
160 217
160 310
160 328
160 396
161 196
161 296
162 174
162 212
162 245
163 214
163 225
163 266
163 355
163 384
164 196
164 222
164 256
164 295
164 296
164 311
164 360
164 365
164 382
165 186
165 231
165 269
165 328
166 211
166 395
167 175
167 184
167 189
167 284
167 294
168 184
168 198
168 258
168 271
168 291
168 388
168 389
168 399
169 194
169 260
169 329
169 339
169 394
170 239
170 255
170 262
170 281
170 308
170 312
170 349
170 353
170 358
171 264
171 385
172 241
172 288
172 321
172 326
172 362
173 236
173 303
174 201
174 212
174 285
174 345
175 184
175 189
175 198
175 284
175 294
176 259
176 263
176 298
176 343
176 364
176 381
176 387
177 190
177 197
177 284
178 199
178 203
178 221
178 240
178 289
178 302
178 396
178 398
179 197
179 227
179 268
179 350
180 257
180 264
180 323
180 362
180 388
180 389
180 399
181 199
181 221
181 240
181 269
181 289
181 302
181 321
181 328
181 396
182 186
182 187
182 254
182 300
182 348
183 188
183 237
183 238
183 249
183 265
183 279
183 292
183 333
183 379
183 386
184 189
184 198
184 294
184 389
184 399
185 230
185 248
185 256
185 338
185 382
186 202
186 231
186 250
186 300
187 322
187 340
187 348
187 352
187 370
188 237
188 238
188 283
188 292
188 333
188 347
188 367
188 379
189 286
189 294
189 339
189 394
190 325
190 377
191 216
191 228
191 317
191 376
192 218
192 229
192 246
192 293
192 309
192 320
192 324
192 374
193 208
193 224
193 232
193 282
193 319
193 351
193 356
194 219
194 259
194 329
195 283
195 371
195 390
196 256
196 296
196 311
196 382
197 227
197 284
197 350
198 271
198 388
198 389
198 399
199 203
199 221
199 240
199 289
199 302
199 321
199 326
199 332
199 396
200 213
200 251
200 270
200 305
200 330
200 341
200 368
200 383
200 393
201 212
201 285
201 345
202 220
202 231
202 250
202 254
202 267
202 300
203 221
203 240
203 289
203 302
203 396
203 398
204 222
204 261
204 315
204 327
204 334
204 363
205 275
205 278
205 391
206 242
206 253
207 226
207 244
207 309
207 361
207 378
208 224
208 232
208 282
208 319
208 351
208 356
209 239
209 263
209 301
209 308
209 381
210 211
210 230
210 261
210 295
210 315
210 334
210 395
211 315
211 334
211 395
212 245
212 285
212 345
213 270
213 305
213 330
213 368
213 383
213 393
214 225
214 266
214 380
215 306
215 361
215 378
216 228
216 242
216 376
217 220
217 310
218 229
218 233
218 246
218 293
218 314
218 320
218 374
219 337
220 231
220 250
221 240
221 289
221 302
221 321
221 326
221 328
221 332
221 396
221 398
222 261
222 295
222 315
222 327
222 334
222 360
223 337
223 340
223 352
223 370
223 385
224 282
224 290
224 331
224 356
226 280
226 313
226 361
226 378
226 392
227 284
227 350
228 317
228 359
229 233
229 246
229 277
229 293
229 320
230 248
230 261
230 295
230 315
230 395
231 250
231 300
232 282
232 319
232 351
232 356
233 293
233 314
234 235
234 236
234 276
234 303
234 313
234 318
234 346
234 375
235 276
235 313
235 318
235 336
235 354
236 303
237 238
237 283
237 292
237 333
237 347
237 379
238 283
238 292
238 333
238 347
238 367
238 379
239 255
239 280
239 281
239 308
239 312
239 349
239 392
240 289
240 302
240 321
240 326
240 332
240 396
240 398
241 251
241 288
241 341
241 362
242 253
242 376
243 262
243 335
243 346
243 353
243 373
243 375
244 325
244 361
244 377
244 378
246 277
246 316
246 320
246 336
246 374
247 263
247 298
247 358
247 364
247 365
247 373
248 256
248 338
248 382
249 379
249 391
250 254
250 267
250 300
251 270
251 288
251 326
251 341
251 383
252 260
252 286
252 304
252 306
252 339
252 397
254 267
254 300
254 342
255 262
255 280
255 281
255 308
255 312
255 349
255 392
256 296
256 311
256 338
256 382
257 258
257 271
257 323
257 388
258 271
258 287
258 291
258 299
259 307
259 387
260 286
260 301
260 304
260 329
260 339
260 397
261 295
261 315
261 334
261 360
261 395
262 280
262 281
262 346
262 349
262 353
262 375
263 298
263 364
263 381
264 399
265 279
265 372
265 379
265 386
266 369
266 380
267 274
268 291
268 350
269 328
270 305
270 330
270 341
270 368
270 383
270 393
271 323
271 388
271 389
272 287
272 299
272 341
272 368
273 357
276 313
276 318
276 336
277 316
277 320
277 336
278 391
279 379
279 386
280 308
280 312
280 349
280 392
281 349
281 353
281 358
281 373
282 331
282 356
283 292
283 333
283 347
283 371
283 386
284 350
285 345
286 294
286 304
286 306
286 339
286 397
287 299
288 321
288 326
288 362
289 302
289 321
289 326
289 332
289 396
289 398
290 331
290 342
290 357
291 350
292 333
292 347
292 367
292 379
293 314
295 315
295 334
295 360
295 382
295 395
296 311
296 338
296 382
297 325
297 344
297 377
298 364
298 381
301 304
301 329
301 381
301 397
302 321
302 326
302 332
303 335
303 346
303 375
304 306
304 308
304 312
304 339
304 397
305 330
305 368
305 383
305 393
306 339
306 397
307 352
307 387
308 312
308 349
308 392
308 397
309 324
309 374
310 328
310 396
310 398
311 338
311 382
312 349
312 392
313 318
314 366
315 334
315 395
316 320
316 336
316 374
317 343
317 359
318 336
319 351
319 356
320 336
320 374
321 326
321 332
322 340
322 348
322 352
322 370
323 362
323 388
323 389
324 366
324 374
325 377
326 332
327 334
327 360
327 363
328 396
329 339
329 394
330 368
330 393
331 357
333 347
333 367
333 379
334 363
334 395
335 346
335 353
335 375
336 374
337 385
338 382
339 397
340 348
340 352
340 370
341 368
341 383
342 357
343 359
344 377
346 353
346 375
347 367
348 352
348 370
349 353
349 392
351 356
352 370
353 373
353 375
355 384
358 373
360 365
361 378
364 381
368 383
368 393
369 380
372 386
372 390
379 386
381 387
383 393
388 389
388 399
389 399
394 399
396 398
