500 2761
0 48
0 59
0 145
0 285
0 361
0 402
0 426
0 445
0 460
1 91
1 147
1 201
1 211
1 212
1 298
1 332
1 478
2 34
2 193
2 209
2 250
2 293
2 355
2 394
2 411
2 413
3 5
3 7
3 22
3 49
3 92
3 126
3 138
3 156
3 178
3 195
3 210
3 257
3 309
3 311
3 347
4 58
4 69
4 71
4 132
4 231
4 244
4 322
4 402
4 427
4 432
4 456
4 494
5 7
5 22
5 49
5 65
5 126
5 174
5 178
5 195
5 210
5 257
5 309
5 311
5 363
5 452
5 459
6 35
6 88
6 100
6 137
6 140
6 145
6 283
6 314
6 316
6 333
6 364
6 435
6 477
7 22
7 49
7 92
7 126
7 138
7 156
7 174
7 195
7 210
7 257
7 268
7 309
7 311
7 347
8 38
8 52
8 106
8 180
8 213
8 227
8 277
8 349
8 367
9 81
9 122
9 153
9 247
9 274
9 296
9 379
9 410
9 436
9 442
9 489
10 191
10 223
10 225
10 259
10 274
10 296
10 410
10 436
10 471
10 487
11 73
11 89
11 134
11 244
11 246
11 322
11 427
11 432
11 440
11 481
11 493
12 55
12 99
12 162
12 164
12 176
12 248
12 377
12 409
12 419
12 448
13 150
13 186
13 187
13 229
13 265
13 269
13 326
13 331
13 334
13 373
13 422
13 465
14 143
14 272
14 294
14 303
14 320
14 350
14 353
14 371
14 392
14 401
15 46
15 58
15 132
15 152
15 376
15 415
15 494
16 155
16 207
16 372
16 380
17 26
17 144
17 174
17 210
17 326
17 334
17 365
17 414
17 465
17 467
18 30
18 39
18 42
18 98
18 113
18 182
18 215
18 275
18 286
18 386
18 397
18 407
18 469
19 28
19 95
19 188
19 211
19 239
19 243
19 332
19 344
20 33
20 146
20 220
20 281
20 312
20 338
20 352
20 490
21 161
21 191
21 225
21 237
21 271
21 306
21 307
21 323
21 393
21 403
22 25
22 49
22 126
22 138
22 156
22 174
22 195
22 210
22 241
22 245
22 257
22 309
22 311
22 347
23 27
23 169
23 170
23 240
23 261
23 262
23 321
23 375
23 387
23 455
23 476
24 30
24 42
24 79
24 86
24 125
24 215
24 232
24 234
24 275
24 304
24 317
24 390
24 397
24 407
24 416
24 451
25 33
25 138
25 142
25 156
25 173
25 195
25 220
25 245
25 281
25 338
25 347
26 144
26 174
26 210
26 241
26 414
26 461
26 467
27 170
27 198
27 240
27 261
27 262
27 284
27 321
27 375
27 387
27 455
27 476
28 95
28 206
28 211
28 239
28 243
28 332
28 383
29 75
29 109
29 175
29 254
29 264
29 294
29 458
29 495
30 39
30 42
30 116
30 182
30 215
30 234
30 275
30 386
30 397
30 407
30 457
31 34
31 94
31 96
31 117
31 124
31 143
31 189
31 214
31 222
31 279
31 310
31 327
31 337
31 394
31 413
31 418
32 133
32 183
32 194
32 221
32 288
32 366
32 443
33 142
33 146
33 173
33 220
33 252
33 281
33 338
34 94
34 96
34 193
34 214
34 279
34 327
34 340
34 394
34 413
35 88
35 100
35 145
35 166
35 283
35 285
35 314
35 316
35 333
35 361
35 364
35 435
35 444
35 477
35 499
36 155
36 177
36 329
36 359
36 393
36 398
36 408
37 41
37 53
37 76
37 119
37 148
37 278
37 291
37 383
37 404
38 52
38 127
38 180
38 218
38 227
38 266
38 277
38 318
38 349
38 367
39 116
39 182
39 275
39 386
39 397
39 407
39 457
40 78
40 98
40 113
40 181
40 207
40 286
40 345
40 372
40 386
41 53
41 87
41 111
41 119
41 148
41 278
41 404
42 98
42 113
42 182
42 215
42 234
42 275
42 304
42 345
42 386
42 390
42 397
42 407
42 469
43 74
43 93
43 121
43 128
43 203
43 287
43 324
43 454
43 475
44 191
44 249
44 259
44 276
44 306
44 343
44 403
44 406
44 438
44 487
45 101
45 108
45 125
45 136
45 217
45 232
45 235
45 317
45 399
45 475
46 51
46 103
46 152
46 376
46 415
47 142
47 173
47 252
47 280
47 325
47 473
48 59
48 145
48 166
48 231
48 285
48 361
48 402
48 426
48 445
48 456
48 460
48 477
49 126
49 138
49 156
49 174
49 178
49 195
49 210
49 257
49 309
49 311
49 347
49 452
50 60
50 299
50 421
50 462
50 479
51 60
51 103
51 313
51 354
51 421
51 447
51 483
52 61
52 106
52 172
52 213
52 227
52 277
52 328
52 342
52 349
52 367
52 381
52 431
53 76
53 87
53 111
53 119
53 148
53 278
54 67
54 75
54 104
54 139
54 273
54 290
54 350
54 357
54 420
54 425
54 458
54 474
54 480
54 486
55 99
55 162
55 164
55 176
55 248
55 377
55 409
55 419
55 448
56 66
56 107
56 114
56 120
56 159
56 216
56 219
56 319
56 341
56 389
56 424
57 84
57 95
57 188
57 206
57 239
57 243
57 249
57 346
57 438
58 69
58 71
58 132
58 152
58 231
58 244
58 358
58 376
58 402
58 415
58 456
58 494
59 285
59 361
59 426
59 445
59 460
60 103
60 299
60 391
60 421
60 462
60 479
61 106
61 172
61 227
61 335
61 349
61 423
61 485
62 79
62 179
62 213
62 289
62 304
62 342
62 381
62 390
62 428
62 431
62 433
62 469
63 339
63 382
64 297
64 356
64 374
65 77
65 85
65 102
65 126
65 165
65 178
65 190
65 320
65 362
65 363
65 385
65 429
65 434
65 452
65 459
65 482
66 82
66 107
66 114
66 120
66 159
66 216
66 219
66 389
66 424
67 77
67 85
67 102
67 104
67 139
67 199
67 350
67 353
67 362
67 385
67 401
67 429
67 434
67 463
67 474
68 116
68 457
69 71
69 132
69 152
69 231
69 244
69 322
69 376
69 402
69 445
69 456
69 494
70 112
70 168
70 197
70 218
70 251
70 292
70 302
70 318
70 395
70 425
70 442
70 468
70 486
70 488
71 166
71 231
71 244
71 246
71 322
71 402
71 427
71 432
71 494
72 162
72 253
73 89
73 134
73 244
73 322
73 427
73 432
73 440
73 453
73 493
74 93
74 121
74 203
74 287
74 324
74 454
74 475
75 109
75 139
75 149
75 202
75 290
75 294
75 350
75 425
75 458
75 495
76 278
76 291
77 85
77 102
77 190
77 199
77 350
77 362
77 363
77 385
77 401
77 429
77 434
77 463
77 474
77 482
78 80
78 161
78 256
78 360
78 372
78 417
78 484
79 86
79 125
79 179
79 213
79 289
79 304
79 342
79 381
79 390
79 416
79 428
79 431
79 451
79 469
80 154
80 161
80 184
80 223
80 224
80 256
80 271
80 360
80 471
80 484
81 122
81 153
81 247
81 379
81 410
81 436
81 442
81 489
82 205
82 216
82 219
82 301
82 319
82 351
82 389
82 409
82 439
82 448
82 464
82 466
82 491
83 147
83 150
83 201
83 211
83 212
83 229
83 300
83 331
83 332
83 373
83 396
83 437
83 449
83 478
84 90
84 206
84 236
84 243
84 249
84 259
84 276
84 343
84 400
84 406
84 412
84 438
85 102
85 186
85 199
85 326
85 334
85 362
85 363
85 385
85 429
85 434
85 459
85 463
85 465
85 482
86 108
86 125
86 179
86 215
86 232
86 234
86 275
86 304
86 317
86 390
86 416
86 451
87 105
87 111
87 119
87 258
87 336
87 339
87 470
88 100
88 140
88 288
88 314
88 316
88 333
88 497
89 134
89 158
89 246
89 427
89 432
89 481
90 148
90 236
90 249
90 276
90 343
90 400
90 404
90 406
90 412
90 438
91 97
91 147
91 201
91 298
91 330
91 478
92 123
92 230
92 238
92 267
92 268
92 281
92 311
92 347
92 450
92 490
93 121
93 203
93 287
93 324
93 454
94 96
94 124
94 143
94 193
94 214
94 222
94 279
94 337
94 394
94 413
94 418
94 443
95 206
95 239
95 243
95 383
96 124
96 143
96 214
96 222
96 272
96 279
96 303
96 337
96 371
96 394
96 413
96 418
97 147
97 201
97 212
97 330
97 478
98 113
98 182
98 207
98 286
98 372
98 380
98 386
98 397
99 162
99 164
99 176
99 248
99 377
99 409
99 419
99 448
100 140
100 145
100 283
100 314
100 316
100 333
100 388
100 477
101 136
101 217
101 235
101 391
101 399
101 475
102 186
102 199
102 362
102 363
102 385
102 401
102 429
102 434
102 463
102 474
102 482
103 421
103 479
104 139
104 196
104 199
104 204
104 273
104 290
104 350
104 357
104 420
104 425
104 430
104 463
104 474
104 480
104 486
105 111
105 119
105 169
105 170
105 208
105 258
105 260
105 321
105 336
105 339
105 455
105 470
106 168
106 172
106 180
106 227
106 277
106 318
106 335
106 349
106 367
106 423
106 485
107 114
107 120
107 159
107 216
107 308
107 341
107 388
107 424
107 441
108 115
108 125
108 217
108 232
108 235
108 317
108 368
108 370
108 391
108 416
108 451
108 472
108 498
109 149
109 171
109 175
109 202
109 254
109 294
109 458
109 495
110 117
110 124
110 165
110 178
110 189
110 190
110 214
110 272
110 303
110 310
110 320
110 337
110 418
111 119
111 148
111 208
111 258
111 260
111 336
111 339
111 404
111 470
112 127
112 168
112 180
112 218
112 247
112 251
112 266
112 318
112 335
112 442
113 181
113 182
113 286
113 304
113 345
113 386
113 397
113 433
113 469
114 159
114 216
114 308
114 341
114 388
114 424
114 441
115 118
115 368
115 370
115 391
115 416
115 451
115 472
115 498
116 407
116 457
117 124
117 165
117 178
117 189
117 214
117 272
117 303
117 310
117 337
117 418
118 151
118 226
118 368
118 370
118 447
118 453
118 472
118 492
118 498
119 148
119 208
119 258
119 336
119 404
119 470
120 216
120 219
120 270
120 305
120 319
120 341
120 389
121 203
121 287
121 324
121 454
122 153
122 188
122 263
122 274
122 296
122 348
122 379
122 436
122 489
123 129
123 131
123 189
123 230
123 238
123 267
123 327
123 450
124 143
124 214
124 222
124 272
124 279
124 303
124 310
124 337
124 371
124 418
125 215
125 217
125 232
125 234
125 235
125 275
125 304
125 317
125 407
125 416
125 451
126 174
126 178
126 195
126 210
126 257
126 309
126 311
126 363
126 452
126 459
127 180
127 184
127 218
127 247
127 251
127 266
127 318
127 410
127 442
128 136
128 203
128 287
129 131
129 230
129 238
129 250
129 267
129 293
129 327
129 450
130 143
130 222
130 264
130 279
130 366
130 371
130 443
131 230
131 238
131 250
131 267
131 293
131 327
131 450
132 152
132 313
132 354
132 358
132 376
132 402
132 415
132 456
132 483
132 494
133 183
133 194
133 221
133 366
133 443
134 244
134 427
134 432
134 440
134 493
135 137
135 141
135 158
135 171
135 175
135 185
135 315
135 364
135 435
135 481
135 495
136 217
136 235
136 287
136 391
136 399
136 475
137 158
137 171
137 175
137 185
137 283
137 314
137 315
137 364
137 435
137 444
137 481
137 499
138 156
138 174
138 195
138 245
138 257
138 268
138 309
138 311
138 347
139 273
139 290
139 350
139 357
139 420
139 425
139 458
139 474
139 480
139 486
140 288
140 316
140 333
140 446
140 497
141 149
141 163
141 171
141 175
141 185
141 202
141 242
141 292
141 295
141 495
142 173
142 220
142 252
142 280
142 325
142 338
143 214
143 222
143 264
143 272
143 279
143 303
143 337
143 371
143 392
143 418
144 174
144 210
144 326
144 334
144 365
144 414
144 465
144 467
145 166
145 283
145 285
145 333
145 361
145 444
145 477
145 499
146 220
146 252
147 201
147 211
147 212
147 300
147 332
147 396
147 437
147 449
147 478
148 236
148 404
148 412
149 163
149 171
149 185
149 197
149 202
149 242
149 292
149 295
149 425
149 458
149 468
149 495
150 186
150 200
150 265
150 269
150 331
150 334
150 365
150 369
150 373
150 396
150 422
150 437
150 449
150 465
151 192
151 226
151 328
151 384
151 440
151 447
151 453
151 472
151 492
151 498
152 313
152 354
152 358
152 376
152 415
152 483
152 494
153 157
153 188
153 263
153 296
153 348
153 378
153 379
153 405
153 430
153 489
154 184
154 224
154 256
154 360
155 177
155 359
156 174
156 195
156 245
156 257
156 268
156 311
156 347
157 187
157 196
157 204
157 229
157 263
157 269
157 344
157 348
157 378
157 405
157 430
157 489
158 185
158 246
158 314
158 315
158 364
158 435
158 444
158 481
158 499
159 308
159 341
159 388
159 424
159 441
160 175
160 254
160 446
161 256
161 271
161 307
161 323
161 360
161 398
161 417
161 484
162 164
162 176
162 377
162 419
163 185
163 197
163 202
163 242
163 292
163 295
163 395
163 423
163 468
163 488
163 495
164 176
164 377
164 409
164 419
165 178
165 190
165 272
165 303
165 310
165 320
165 353
165 363
165 385
165 434
165 452
165 459
165 482
166 231
166 246
166 283
166 285
166 322
166 361
166 444
166 445
166 477
166 499
167 183
167 221
167 228
167 255
167 340
167 411
168 180
168 197
168 218
168 242
168 251
168 266
168 292
168 318
168 335
168 395
168 423
168 468
168 485
168 488
169 170
169 208
169 258
169 260
169 262
169 321
169 336
169 455
169 470
170 208
170 240
170 260
170 261
170 262
170 321
170 336
170 455
170 470
170 476
171 175
171 185
171 202
171 315
171 495
172 328
172 384
172 440
172 493
173 220
173 252
173 280
173 325
173 338
174 195
174 210
174 241
174 245
174 257
174 309
174 461
174 467
175 254
175 294
175 315
175 364
175 446
175 495
176 248
176 377
176 409
176 419
176 448
177 237
177 307
177 323
177 329
177 359
177 393
177 398
177 408
178 190
178 210
178 257
178 309
178 310
178 320
178 363
178 434
178 452
178 459
178 482
179 213
179 289
179 304
179 342
179 381
179 390
179 416
179 428
179 431
179 451
179 469
180 218
180 227
180 251
180 266
180 277
180 318
180 335
180 349
180 367
181 345
181 433
182 215
182 275
182 286
182 304
182 386
182 397
182 407
182 469
183 221
183 228
183 255
183 340
183 366
183 443
184 223
184 224
184 247
184 274
184 410
184 436
184 442
184 471
185 242
185 295
185 315
185 481
185 495
186 265
186 269
186 326
186 331
186 334
186 365
186 373
186 414
186 422
186 429
186 465
187 229
187 263
187 265
187 269
187 331
187 348
187 373
187 378
187 396
187 405
187 422
188 229
188 239
188 296
188 344
188 346
189 214
189 238
189 267
189 310
189 311
189 327
189 337
189 418
189 450
190 272
190 303
190 320
190 353
190 362
190 363
190 385
190 401
190 434
190 452
190 459
190 482
191 225
191 259
191 306
191 403
191 471
191 487
192 244
192 313
192 354
192 358
192 440
192 447
192 453
192 483
192 492
192 493
193 209
193 255
193 340
193 355
193 394
193 411
193 413
194 288
194 497
195 210
195 245
195 257
195 309
195 311
195 347
196 204
196 263
196 273
196 348
196 357
196 378
196 405
196 420
196 430
196 463
196 480
196 486
196 489
197 202
197 242
197 292
197 295
197 302
197 395
197 425
197 468
197 488
198 237
198 240
198 261
198 284
198 375
198 387
198 393
198 408
198 476
199 273
199 357
199 362
199 385
199 401
199 420
199 429
199 463
199 474
200 330
200 356
200 365
200 369
200 437
201 212
201 300
201 330
201 332
201 369
201 437
201 449
201 478
202 292
202 295
202 425
202 458
202 468
202 495
203 287
203 324
203 454
203 475
204 263
204 273
204 348
204 357
204 378
204 405
204 420
204 430
204 463
204 480
204 486
204 489
205 248
205 301
205 351
205 409
205 439
205 448
205 464
205 466
205 491
205 496
206 239
206 243
206 249
206 276
206 346
206 383
206 400
206 412
206 438
207 286
207 372
207 380
207 386
208 258
208 260
208 321
208 336
208 339
208 404
208 455
208 470
209 255
209 355
209 411
210 257
210 309
210 363
210 414
210 452
210 459
211 212
211 239
211 298
211 300
211 332
211 449
211 478
212 300
212 332
212 396
212 449
212 478
213 289
213 304
213 342
213 367
213 381
213 390
213 428
213 431
213 433
214 222
214 272
214 279
214 310
214 327
214 337
214 394
214 413
214 418
215 232
215 234
215 275
215 304
215 317
215 390
215 397
215 407
215 451
215 469
216 219
216 389
216 424
217 232
217 235
217 317
217 370
217 399
217 475
218 251
218 266
218 277
218 318
218 335
218 442
218 488
219 319
219 389
219 424
220 252
220 281
220 338
221 228
221 253
221 255
222 264
222 272
222 279
222 371
222 418
222 443
223 224
223 225
223 274
223 360
223 379
223 410
223 436
223 471
224 225
224 271
224 274
224 360
224 410
224 436
224 471
225 259
225 271
225 274
225 471
225 487
226 328
226 384
226 447
226 453
226 472
226 492
226 498
227 277
227 335
227 349
227 367
228 255
228 340
228 355
228 411
229 263
229 269
229 331
229 344
229 348
229 373
229 378
229 396
229 405
229 449
230 238
230 250
230 267
230 268
230 312
230 352
230 450
230 490
231 244
231 285
231 322
231 402
231 445
231 456
231 494
232 234
232 235
232 275
232 317
232 416
232 451
233 305
234 275
234 304
234 317
234 390
234 397
234 407
234 416
234 451
235 317
235 399
235 475
236 249
236 276
236 343
236 400
236 404
236 406
236 412
236 438
237 284
237 306
237 307
237 323
237 329
237 359
237 393
237 403
237 408
238 267
238 268
238 311
238 327
238 450
239 243
239 344
239 346
239 383
240 261
240 262
240 284
240 321
240 375
240 387
240 455
240 476
241 245
241 374
241 461
241 467
242 292
242 295
242 335
242 395
242 423
242 468
242 485
242 488
243 383
243 438
244 246
244 322
244 358
244 427
244 432
244 440
245 461
246 322
246 427
246 432
246 444
246 481
246 499
247 274
247 379
247 410
247 436
247 442
248 301
248 351
248 409
248 448
248 464
248 466
248 491
248 496
249 259
249 276
249 343
249 400
249 406
249 412
249 438
249 487
250 267
250 293
250 327
250 450
251 266
251 318
251 335
251 395
251 442
251 488
252 280
252 338
252 473
254 264
254 294
254 446
255 340
255 355
255 411
256 271
256 360
256 398
256 417
256 484
257 309
257 311
257 347
257 452
258 260
258 336
258 339
258 404
258 470
259 276
259 306
259 343
259 406
259 438
259 487
260 262
260 321
260 336
260 339
260 455
260 470
261 262
261 321
261 375
261 387
261 455
261 476
262 321
262 387
262 455
262 476
263 269
263 344
263 348
263 357
263 378
263 405
263 430
263 489
264 279
264 371
264 392
265 269
265 326
265 331
265 334
265 369
265 373
265 396
265 422
265 437
265 465
266 277
266 318
266 335
266 367
266 442
267 327
267 450
268 281
268 311
268 347
268 352
268 490
269 331
269 373
269 378
269 396
269 405
269 422
270 305
270 319
271 307
271 323
271 360
271 398
271 417
271 471
271 484
272 279
272 303
272 310
272 320
272 337
272 353
272 371
272 392
272 418
273 290
273 357
273 378
273 420
273 430
273 463
273 474
273 480
273 486
273 489
274 296
274 379
274 410
274 436
274 471
275 304
275 317
275 397
275 407
275 451
275 457
275 469
276 343
276 400
276 406
276 412
276 438
276 487
277 318
277 335
277 349
277 367
278 291
279 303
279 337
279 371
279 418
280 325
280 473
281 312
281 338
281 347
281 352
281 490
282 325
282 374
282 461
283 285
283 314
283 333
283 361
283 364
283 435
283 444
283 477
283 499
284 306
284 375
284 387
284 393
284 403
284 476
285 361
285 426
285 445
285 460
285 477
286 372
286 380
286 386
287 324
287 454
287 475
288 497
289 304
289 342
289 381
289 390
289 416
289 428
289 431
290 302
290 350
290 357
290 420
290 425
290 458
290 474
290 480
290 486
291 298
291 383
292 295
292 302
292 395
292 423
292 425
292 468
292 488
294 392
294 458
294 495
295 395
295 423
295 468
295 488
295 495
296 346
296 379
296 436
297 356
299 391
299 421
299 462
299 479
300 331
300 332
300 373
300 396
300 437
300 449
300 478
301 351
301 409
301 439
301 448
301 464
301 466
301 491
301 496
302 395
302 425
302 468
302 486
302 488
303 310
303 320
303 337
303 353
303 392
303 418
304 381
304 390
304 397
304 416
304 428
304 431
304 451
304 469
305 319
306 307
306 323
306 343
306 403
306 406
306 487
307 323
307 329
307 359
307 393
307 398
307 403
307 408
307 484
308 316
308 341
308 388
308 424
308 441
309 311
309 347
309 452
309 459
310 337
310 418
311 347
312 352
312 490
313 354
313 358
313 376
313 415
313 447
313 453
313 483
313 492
314 315
314 316
314 333
314 364
314 435
314 444
314 477
314 499
315 364
315 435
315 446
316 333
316 388
316 497
317 416
317 451
318 335
318 395
318 488
319 389
320 353
320 385
320 392
320 401
320 434
320 459
321 387
321 455
321 470
321 476
322 427
322 432
322 444
322 499
323 329
323 359
323 393
323 398
323 403
323 408
323 484
324 399
324 475
325 473
326 334
326 363
326 365
326 414
326 422
326 429
326 465
326 482
327 337
327 394
327 413
327 450
328 384
328 440
328 453
328 493
329 359
329 393
329 398
329 408
330 356
331 334
331 369
331 373
331 396
331 422
331 437
331 449
332 396
332 449
332 478
333 361
333 388
333 477
334 365
334 369
334 373
334 414
334 422
334 429
334 437
334 465
335 349
335 395
335 423
335 485
335 488
336 339
336 382
336 470
337 418
339 382
339 470
340 394
340 411
340 413
340 443
341 388
342 381
342 390
342 428
342 431
343 400
343 406
343 412
343 438
343 487
344 346
344 348
344 396
344 405
345 433
345 469
348 378
348 405
348 430
348 489
349 367
350 353
350 401
350 458
350 474
351 409
351 439
351 448
351 464
351 466
351 491
351 496
352 490
353 385
353 392
353 401
353 434
354 358
354 376
354 415
354 447
354 483
354 492
355 411
356 467
357 378
357 420
357 430
357 463
357 474
357 480
357 486
357 489
358 376
358 415
358 453
358 483
358 492
359 393
359 398
359 408
359 417
360 471
360 484
361 388
361 445
361 477
362 363
362 385
362 401
362 429
362 434
362 463
362 474
362 482
363 385
363 429
363 434
363 452
363 459
363 482
364 435
364 444
364 446
365 369
365 414
365 422
365 437
365 465
365 467
366 443
368 370
368 391
368 416
368 451
368 472
368 498
369 373
369 422
369 437
369 465
370 391
370 416
370 451
370 472
370 498
371 392
372 380
372 417
373 396
373 422
373 437
373 449
374 461
375 387
375 476
376 415
376 483
376 494
377 419
378 405
378 420
378 430
378 480
378 489
379 410
379 436
379 442
381 390
381 428
381 431
381 433
381 469
384 440
384 453
384 493
385 401
385 429
385 434
385 452
385 459
385 474
385 482
386 397
387 455
387 476
389 424
390 397
390 416
390 428
390 431
390 451
390 469
391 462
391 498
393 403
393 408
394 411
394 413
395 425
395 468
395 488
396 449
396 478
397 407
397 469
398 408
398 417
398 484
399 475
400 406
400 412
400 438
401 434
401 474
402 426
402 445
402 456
402 460
402 494
403 487
404 412
404 470
405 430
405 489
406 412
406 438
406 487
407 457
409 448
409 464
409 491
410 436
410 442
410 471
411 413
412 438
414 465
415 483
416 451
416 472
416 498
417 484
419 441
420 425
420 430
420 463
420 474
420 480
420 486
420 489
421 462
421 479
422 437
422 465
423 485
423 488
424 441
425 458
425 468
425 480
425 486
426 445
426 456
426 460
427 432
427 440
427 493
428 431
428 469
429 434
429 463
429 465
429 482
430 480
430 489
431 433
431 469
432 440
432 493
433 469
434 452
434 459
434 482
435 444
435 477
435 499
436 442
436 471
437 449
437 478
438 487
439 448
439 464
439 466
439 491
439 496
440 453
440 492
440 493
444 477
444 499
445 456
445 460
445 494
447 472
447 483
447 492
447 498
448 464
448 466
448 491
448 496
449 478
452 459
452 482
453 492
453 493
455 470
455 476
456 460
456 494
458 474
458 495
459 482
461 467
462 479
463 474
463 480
464 466
464 491
464 496
466 491
466 496
468 488
472 498
474 486
477 499
480 486
480 489
483 492
485 488
491 496
492 493
