200 1056
0 7
0 9
0 53
0 67
0 76
0 80
0 113
0 115
0 117
0 160
0 190
0 197
1 10
1 31
1 54
1 77
1 90
1 129
1 134
1 153
1 155
2 25
2 30
2 44
2 45
2 46
2 59
2 64
2 66
2 78
2 84
2 170
2 184
2 186
2 189
3 19
3 63
3 65
3 68
3 96
3 135
3 159
3 164
4 43
4 47
4 58
4 95
4 109
4 130
4 165
4 179
4 181
4 194
4 199
5 6
5 36
5 56
5 57
5 67
5 80
5 106
5 115
5 123
5 143
5 149
5 178
5 196
6 18
6 36
6 85
6 91
6 133
6 140
6 149
6 154
7 9
7 27
7 33
7 38
7 53
7 67
7 76
7 80
7 113
7 128
7 133
7 197
8 27
8 33
8 38
8 48
8 98
8 100
8 102
8 104
8 110
8 116
8 128
8 136
8 138
8 191
9 27
9 33
9 38
9 53
9 67
9 76
9 128
9 133
9 160
9 190
9 197
10 13
10 32
10 39
10 62
10 77
10 90
10 108
10 119
10 129
10 161
10 198
11 21
11 99
11 111
11 146
11 163
11 166
11 168
11 187
12 59
12 64
12 66
12 81
12 87
12 103
12 105
12 187
12 189
13 28
13 39
13 71
13 77
13 90
13 108
13 112
13 119
13 148
13 152
13 161
13 198
14 19
14 21
14 65
14 96
14 99
14 111
14 162
14 163
15 43
15 51
15 57
15 61
15 106
15 109
15 121
15 137
15 156
15 178
15 195
16 17
16 47
16 73
16 75
16 124
16 144
16 150
16 158
16 194
16 199
17 47
17 73
17 75
17 124
17 144
17 150
17 158
17 194
17 199
18 27
18 33
18 34
18 48
18 85
18 104
18 110
18 118
18 128
18 133
18 138
18 140
18 173
18 180
19 63
19 65
19 68
19 96
19 111
19 135
19 159
19 164
20 26
20 79
20 92
20 122
20 131
21 99
21 111
21 146
21 162
21 163
21 166
21 168
21 181
22 40
22 52
22 114
22 122
22 127
22 130
22 165
22 179
22 192
22 193
23 37
23 120
23 151
23 171
23 174
23 177
24 72
24 141
24 142
24 147
24 157
24 174
24 177
25 44
25 59
25 66
25 184
25 186
25 189
26 79
26 89
26 92
26 122
26 131
27 33
27 38
27 48
27 53
27 85
27 100
27 104
27 110
27 116
27 128
27 133
27 138
27 197
28 29
28 70
28 71
28 112
28 118
28 119
28 125
28 148
28 161
29 32
29 34
29 70
29 71
29 86
29 91
29 101
29 112
29 118
29 119
29 198
30 45
30 46
30 59
30 64
30 78
30 84
30 137
30 169
30 170
30 189
31 54
31 89
31 134
31 153
31 155
32 62
32 70
32 71
32 86
32 90
32 91
32 101
32 112
32 119
32 126
32 198
33 38
33 85
33 104
33 110
33 128
33 133
33 138
33 140
34 70
34 85
34 86
34 110
34 118
34 138
34 173
34 180
35 41
35 83
35 93
35 98
35 102
35 116
35 132
35 172
35 176
36 91
36 126
36 133
36 140
36 149
36 154
37 75
37 114
37 120
37 124
37 142
37 158
37 171
37 174
37 177
37 192
37 199
38 48
38 53
38 100
38 102
38 104
38 110
38 116
38 128
38 138
38 185
38 197
39 77
39 108
39 152
39 161
40 43
40 52
40 109
40 114
40 122
40 127
40 130
40 165
40 179
40 192
40 193
40 195
41 50
41 55
41 83
41 107
41 132
41 176
42 43
42 58
42 61
42 81
42 121
42 137
42 146
42 156
42 168
42 169
42 187
43 58
43 95
43 109
43 121
43 130
43 156
43 165
43 179
43 195
44 45
44 46
44 59
44 64
44 66
44 87
44 184
44 186
44 189
45 46
45 59
45 64
45 78
45 84
45 170
45 186
45 189
46 64
46 78
46 84
46 170
46 186
46 189
47 73
47 75
47 95
47 114
47 130
47 158
47 165
47 192
47 194
47 199
48 98
48 100
48 102
48 104
48 110
48 116
48 128
48 136
48 138
48 191
49 74
49 94
49 151
49 157
49 167
50 55
50 83
50 88
50 107
50 132
50 183
51 57
51 61
51 106
51 115
51 121
51 137
51 156
51 169
51 178
51 195
52 122
52 127
52 130
52 165
52 179
52 192
52 193
52 195
53 67
53 76
53 78
53 80
53 82
53 113
53 117
53 160
53 170
53 175
53 185
53 190
53 197
54 89
54 129
54 134
54 153
54 155
55 69
55 83
55 88
55 97
55 107
55 176
55 183
56 57
56 106
56 122
56 123
56 127
56 143
56 178
56 193
56 195
56 196
57 67
57 80
57 106
57 115
57 121
57 123
57 143
57 149
57 178
57 195
57 196
58 95
58 109
58 130
58 156
58 168
58 179
59 64
59 66
59 87
59 103
59 105
59 189
60 69
60 78
60 82
60 117
60 145
60 160
60 170
60 172
60 175
60 185
60 190
60 197
61 81
61 121
61 137
61 156
61 169
61 187
62 71
62 90
62 91
62 92
62 101
62 119
62 126
62 129
62 153
62 188
62 198
63 65
63 68
63 96
63 103
63 111
63 135
63 159
63 164
64 66
64 78
64 84
64 87
64 105
64 137
64 169
64 186
64 189
65 68
65 96
65 111
65 135
66 87
66 103
66 105
66 184
66 189
67 76
67 80
67 106
67 113
67 115
67 133
67 149
67 178
67 190
68 96
68 111
68 135
68 159
68 164
69 82
69 93
69 97
69 107
69 117
69 145
69 160
69 172
69 175
69 176
69 183
69 185
70 71
70 86
70 91
70 101
70 112
70 118
70 119
70 198
71 86
71 90
71 91
71 101
71 112
71 118
71 119
71 198
72 142
72 147
73 75
73 124
73 144
73 150
73 158
73 194
73 199
74 94
74 151
74 167
75 120
75 124
75 144
75 158
75 177
75 199
76 78
76 80
76 84
76 113
76 115
76 117
76 160
76 170
76 175
76 190
77 90
77 108
77 129
78 84
78 117
78 160
78 170
78 175
78 186
78 190
79 92
79 131
79 188
80 106
80 113
80 115
80 149
80 178
81 87
81 105
81 137
81 146
81 156
81 169
81 187
82 93
82 117
82 145
82 160
82 172
82 175
82 176
82 185
82 197
83 88
83 107
83 132
83 176
83 183
84 169
84 170
84 186
84 189
84 190
85 104
85 110
85 118
85 128
85 133
85 138
85 140
85 173
85 180
86 91
86 101
86 112
86 118
86 119
86 154
86 180
86 198
87 103
87 105
87 137
87 169
87 187
87 189
88 97
88 107
88 183
89 134
89 155
90 101
90 108
90 119
90 129
90 153
90 198
91 101
91 112
91 118
91 119
91 126
91 154
91 188
91 198
92 126
92 134
92 153
92 188
93 102
93 117
93 132
93 145
93 160
93 172
93 176
93 185
93 197
94 151
94 157
94 167
95 109
95 130
95 165
95 179
95 194
95 199
96 111
96 135
96 164
97 107
97 183
98 100
98 102
98 116
98 136
99 111
99 162
99 163
99 166
100 102
100 104
100 110
100 116
100 128
100 136
100 138
100 191
101 112
101 118
101 119
101 126
101 154
101 188
101 198
102 116
102 136
102 172
103 105
103 159
103 164
104 110
104 116
104 128
104 136
104 138
104 191
105 137
105 169
105 187
105 189
106 115
106 123
106 143
106 149
106 178
106 195
106 196
107 132
107 176
107 183
108 119
108 148
108 152
108 161
108 198
109 121
109 130
109 156
109 165
109 179
109 193
109 195
110 128
110 133
110 138
110 140
110 173
110 180
110 191
111 135
111 159
111 163
111 164
112 118
112 119
112 125
112 148
112 198
113 115
113 149
113 190
114 130
114 142
114 147
114 158
114 165
114 177
114 192
114 199
115 149
115 178
116 128
116 136
116 138
117 145
117 160
117 170
117 172
117 175
117 185
117 190
117 197
118 125
118 173
118 180
119 148
119 198
120 124
120 142
120 171
120 174
120 177
121 137
121 156
121 178
121 179
121 195
122 123
122 127
122 131
122 193
122 196
123 127
123 143
123 149
123 178
123 193
123 195
123 196
124 144
124 150
124 158
124 199
125 173
125 180
126 154
126 188
127 143
127 165
127 179
127 193
127 195
127 196
128 133
128 138
128 140
129 134
129 153
129 155
130 165
130 179
130 192
130 193
130 194
130 195
132 172
132 176
133 140
133 149
134 153
134 155
135 159
135 164
136 138
136 191
137 156
137 169
137 187
138 173
138 180
138 191
139 150
139 162
139 181
140 154
141 157
141 182
142 147
142 157
142 171
142 174
142 177
143 149
143 178
143 193
143 196
144 150
144 158
144 194
145 160
145 172
145 175
145 176
145 185
145 197
146 163
146 166
146 168
146 187
147 174
147 192
148 152
148 161
149 178
149 196
150 158
150 181
150 194
150 199
151 157
151 167
151 171
151 174
152 161
153 155
154 188
156 169
156 179
156 187
157 167
157 174
157 182
158 194
158 199
159 164
160 170
160 172
160 175
160 185
160 190
160 197
162 163
162 166
162 181
163 166
163 168
163 181
165 179
165 192
165 193
165 195
166 168
166 181
168 187
169 187
170 175
170 186
170 190
171 174
171 177
172 175
172 176
172 185
172 197
173 180
173 191
174 177
175 185
175 190
175 197
176 185
178 195
178 196
179 193
179 195
181 194
184 186
184 189
185 190
185 197
186 189
190 197
192 199
193 195
193 196
194 199
