500 2750
0 5
0 15
0 44
0 111
0 124
0 170
0 174
0 184
0 319
0 348
0 418
1 42
1 49
1 171
1 181
1 200
1 213
1 227
1 259
1 332
1 387
1 402
1 438
1 464
1 494
2 19
2 66
2 104
2 116
2 148
2 247
2 316
2 323
2 349
2 359
2 384
2 442
2 468
2 478
2 499
3 13
3 21
3 74
3 164
3 166
3 173
3 206
3 217
3 218
3 249
3 340
3 342
3 371
3 420
3 436
3 482
4 31
4 106
4 144
4 172
4 176
4 203
4 258
4 302
4 408
4 485
4 486
5 111
5 124
5 170
5 174
5 184
5 348
5 457
6 46
6 49
6 55
6 89
6 178
6 181
6 200
6 208
6 213
6 227
6 233
6 243
6 297
6 367
6 438
7 48
7 90
7 186
7 197
7 312
7 374
7 421
7 467
7 493
8 97
8 117
8 149
8 179
8 193
8 202
8 214
8 229
8 253
8 293
8 311
8 491
9 92
9 108
9 169
9 260
9 285
9 377
9 431
9 451
10 12
10 28
10 52
10 64
10 71
10 84
10 132
10 138
10 219
10 225
10 338
10 339
10 375
10 380
10 476
11 16
11 89
11 103
11 110
11 181
11 208
11 209
11 231
11 233
11 243
11 264
11 273
11 287
11 367
11 405
11 495
12 71
12 81
12 84
12 107
12 121
12 138
12 219
12 226
12 339
12 341
12 364
12 380
12 476
13 21
13 93
13 164
13 217
13 218
13 221
13 234
13 249
13 342
13 420
13 436
13 482
14 31
14 32
14 47
14 61
14 256
14 302
15 44
15 83
15 111
15 112
15 122
15 124
15 128
15 182
15 192
15 319
15 373
15 418
15 472
16 89
16 103
16 110
16 208
16 209
16 231
16 233
16 243
16 264
16 273
16 287
16 367
16 385
16 397
16 405
16 425
16 495
17 68
17 125
17 185
17 188
17 210
17 315
17 318
17 321
17 370
17 394
17 404
17 410
17 423
17 434
17 454
18 50
18 99
18 142
18 146
18 152
18 177
18 215
18 261
18 266
18 335
18 352
18 354
18 357
18 393
18 449
18 477
19 43
19 66
19 76
19 130
19 134
19 148
19 161
19 180
19 247
19 359
19 384
19 468
19 478
20 64
20 94
20 123
20 141
20 165
20 437
20 475
20 479
21 74
21 164
21 166
21 173
21 206
21 217
21 249
21 340
21 342
21 371
21 482
22 92
22 231
22 259
22 260
22 285
22 414
22 422
23 31
23 78
23 106
23 120
23 224
23 237
23 238
23 241
23 258
23 307
23 325
23 336
23 366
23 455
23 469
23 485
23 486
24 37
24 156
24 282
24 368
25 74
25 281
25 290
25 346
26 73
26 109
26 127
26 133
26 205
26 216
26 255
26 286
26 299
26 322
26 379
26 393
26 477
26 483
26 489
26 492
27 34
27 100
27 183
27 254
27 272
27 313
27 317
27 350
27 383
27 445
27 471
28 52
28 64
28 132
28 141
28 165
28 212
28 225
28 298
28 310
28 427
29 42
29 140
29 168
29 171
29 239
29 387
29 401
29 402
29 435
29 464
30 119
30 150
30 184
30 199
30 361
30 457
31 32
31 78
31 106
31 120
31 224
31 276
31 302
31 336
31 366
31 486
32 47
32 61
32 256
32 302
33 126
33 129
33 137
33 147
33 178
33 297
34 62
34 100
34 254
34 272
34 295
34 313
34 317
34 350
34 383
34 426
34 445
34 471
34 480
35 45
35 229
35 327
35 329
35 334
35 389
35 390
35 426
35 430
35 441
35 491
36 92
36 139
36 271
36 279
36 419
36 458
36 466
37 156
37 220
37 282
37 303
37 368
38 75
38 98
38 113
38 145
38 444
38 490
39 54
39 103
39 147
39 209
39 233
39 264
39 385
39 397
39 405
39 413
39 425
40 67
40 90
40 96
40 114
40 135
40 197
40 244
40 305
40 308
40 330
40 374
40 391
40 440
40 493
41 57
41 114
41 283
41 330
41 360
41 429
41 440
41 474
42 49
42 168
42 171
42 181
42 200
42 259
42 332
42 387
42 402
42 414
42 422
42 464
43 66
43 76
43 130
43 148
43 161
43 180
43 338
43 359
43 364
43 384
43 468
43 478
44 102
44 111
44 124
44 128
44 170
44 174
44 196
44 319
44 348
44 418
44 446
44 472
45 62
45 132
45 225
45 327
45 375
45 389
45 390
45 441
45 491
46 55
46 136
46 163
46 178
46 200
46 213
46 227
46 297
46 347
46 438
46 494
47 61
47 183
47 251
47 256
47 356
47 471
48 90
48 197
48 244
48 305
48 308
48 374
48 421
48 493
49 171
49 181
49 200
49 213
49 227
49 259
49 332
49 402
49 414
49 438
49 464
49 494
50 142
50 146
50 204
50 216
50 322
50 352
50 354
50 393
50 395
50 477
51 117
51 126
51 136
51 137
51 163
51 193
51 195
51 229
51 253
51 347
51 376
52 64
52 84
52 132
52 165
52 212
52 219
52 225
52 310
52 327
52 375
52 389
53 125
53 162
53 175
53 284
53 318
53 326
53 391
53 410
53 456
54 103
54 147
54 209
54 233
54 243
54 264
54 287
54 385
54 397
54 405
54 413
54 425
54 495
55 178
55 200
55 213
55 227
55 297
55 438
55 494
56 127
56 146
56 222
56 242
56 252
56 288
56 353
56 357
56 439
56 449
56 477
56 483
56 489
57 114
57 360
57 378
57 429
57 440
57 474
58 186
58 198
58 304
58 315
58 351
58 421
58 467
59 108
59 189
59 453
59 460
59 463
59 484
60 70
60 91
60 144
60 203
60 245
60 294
60 355
60 369
60 403
60 461
61 256
61 296
61 356
62 180
62 295
62 313
62 350
62 375
62 383
62 389
62 426
63 172
63 280
63 289
63 291
63 309
63 407
64 84
64 132
64 141
64 165
64 219
64 225
64 310
64 380
64 427
64 476
65 73
65 101
65 167
65 255
65 283
65 286
65 299
65 337
65 379
65 433
65 492
66 76
66 148
66 161
66 247
66 323
66 349
66 359
66 384
66 468
66 478
67 114
67 135
67 159
67 160
67 232
67 244
67 305
67 308
67 488
67 493
68 125
68 185
68 188
68 315
68 318
68 321
68 370
68 394
68 404
68 410
68 434
68 454
68 467
69 109
69 157
69 190
69 201
69 205
69 223
69 337
69 358
69 399
69 415
69 428
70 91
70 144
70 203
70 245
70 252
70 294
70 369
70 403
70 407
70 443
70 461
71 81
71 84
71 86
71 107
71 121
71 138
71 219
71 226
71 339
71 341
71 380
71 476
72 153
72 239
72 268
72 301
72 325
72 331
72 401
72 451
72 455
72 463
72 484
73 109
73 133
73 167
73 205
73 255
73 286
73 299
73 337
73 379
73 433
73 489
73 492
74 194
74 217
74 249
74 281
74 342
74 371
74 420
74 436
75 98
75 110
75 113
75 145
75 287
75 397
75 444
75 490
76 130
76 148
76 161
76 180
76 359
76 364
76 384
76 468
76 478
77 123
77 154
77 156
77 220
77 303
77 314
77 333
77 345
77 388
77 400
77 479
78 120
78 224
78 238
78 241
78 268
78 276
78 325
78 336
78 366
78 455
78 469
78 485
78 486
79 134
79 148
79 183
79 254
79 323
79 356
79 471
79 478
79 480
80 91
80 157
80 250
80 267
80 355
80 358
80 448
80 452
81 86
81 87
81 88
81 107
81 121
81 138
81 166
81 207
81 226
81 228
81 339
81 341
81 473
81 476
81 481
82 95
82 151
82 269
82 275
82 280
82 496
83 112
83 122
83 128
83 182
83 192
83 248
83 300
83 319
83 320
83 372
83 373
83 382
83 418
83 472
84 138
84 165
84 219
84 226
84 339
84 380
84 476
85 120
85 158
85 251
85 268
85 276
85 306
85 325
85 366
85 435
85 445
86 87
86 88
86 107
86 138
86 166
86 206
86 207
86 211
86 226
86 228
86 278
86 341
86 417
86 470
86 473
87 88
87 154
87 206
87 207
87 211
87 228
87 236
87 278
87 333
87 388
87 417
87 470
87 473
87 481
88 154
88 206
88 207
88 211
88 226
88 228
88 278
88 333
88 341
88 388
88 400
88 417
88 473
88 481
89 103
89 110
89 181
89 208
89 209
89 231
89 233
89 243
89 264
89 273
89 287
89 367
89 385
89 405
89 425
89 495
90 197
90 305
90 312
90 374
90 421
90 493
91 157
91 222
91 245
91 250
91 294
91 355
91 358
91 369
91 403
91 428
92 169
92 260
92 271
92 285
92 414
92 419
92 422
92 458
92 466
93 107
93 121
93 161
93 164
93 217
93 218
93 221
93 234
93 249
93 364
93 420
93 482
94 123
94 141
94 314
94 345
94 437
94 475
94 479
95 102
95 196
95 257
95 269
95 270
95 280
95 309
96 114
96 135
96 175
96 305
96 330
96 374
96 391
96 429
96 440
96 493
97 149
97 179
97 193
97 202
97 212
97 214
97 229
97 253
97 293
97 298
97 310
97 311
97 427
97 491
98 113
98 145
98 444
98 490
99 152
99 177
99 191
99 215
99 261
99 266
99 335
99 365
100 254
100 272
100 313
100 317
100 350
100 383
100 426
100 445
101 255
101 283
101 299
101 379
102 196
102 257
102 270
102 406
102 446
103 110
103 208
103 209
103 233
103 243
103 264
103 287
103 367
103 385
103 397
103 405
103 413
103 425
103 495
104 116
104 247
104 262
104 296
104 316
104 349
104 432
104 442
104 447
104 499
105 115
105 131
105 230
105 248
105 300
105 406
105 416
105 453
106 144
106 172
106 176
106 203
106 258
106 302
106 408
106 469
106 485
106 486
107 121
107 161
107 164
107 166
107 206
107 341
107 364
107 473
107 482
108 377
108 431
108 451
108 460
108 463
109 127
109 133
109 190
109 205
109 223
109 242
109 286
109 337
109 477
109 483
109 489
109 492
110 145
110 209
110 231
110 243
110 264
110 273
110 287
110 367
110 385
110 397
110 405
110 425
110 495
111 124
111 128
111 170
111 174
111 192
111 319
111 348
111 373
111 418
111 472
112 122
112 128
112 182
112 192
112 319
112 320
112 372
112 373
112 418
112 472
113 145
113 209
113 264
113 287
113 385
113 397
113 425
113 444
113 490
113 495
114 135
114 159
114 330
114 360
114 429
114 440
114 474
115 131
115 230
115 248
115 300
115 320
115 363
115 372
115 382
115 416
115 453
115 459
116 247
116 262
116 296
116 316
116 349
116 356
116 432
116 442
116 499
117 136
117 137
117 193
117 195
117 229
117 253
117 311
117 376
118 235
118 313
118 329
118 334
118 396
118 426
118 430
118 464
118 494
118 498
119 143
119 151
119 361
119 398
119 496
120 158
120 224
120 241
120 251
120 268
120 276
120 306
120 325
120 336
120 366
121 161
121 164
121 166
121 339
121 341
121 364
121 482
122 128
122 182
122 192
122 319
122 320
122 372
122 373
122 382
122 418
122 472
123 314
123 345
123 437
123 475
123 479
124 128
124 170
124 192
124 319
124 348
124 373
124 418
125 185
125 187
125 188
125 284
125 318
125 321
125 324
125 326
125 370
125 394
125 404
125 410
125 454
126 129
126 136
126 137
126 178
126 376
127 133
127 146
127 205
127 242
127 352
127 357
127 393
127 477
127 483
127 489
128 182
128 192
128 319
128 373
128 418
128 472
129 137
129 147
129 178
129 297
130 134
130 148
130 180
130 295
130 338
130 359
130 478
130 480
131 230
131 248
131 300
131 320
131 406
131 416
132 212
132 225
132 310
132 327
132 375
132 389
132 427
133 205
133 223
133 255
133 286
133 299
133 337
133 379
133 477
133 483
133 489
133 492
134 148
134 180
134 183
134 254
134 323
134 359
134 471
134 478
134 480
135 159
135 197
135 232
135 244
135 305
135 308
135 374
135 493
136 137
136 163
136 178
136 195
136 347
136 376
137 178
137 195
137 376
138 219
138 226
138 228
138 339
138 341
138 380
138 476
138 481
139 271
139 279
139 419
139 458
139 466
140 168
140 239
140 260
140 285
140 387
140 401
140 422
140 451
141 165
141 212
141 298
141 310
141 427
141 437
141 475
142 146
142 152
142 204
142 216
142 322
142 335
142 352
142 354
142 393
142 395
143 151
143 191
143 261
143 275
143 365
143 398
143 496
144 176
144 203
144 245
144 258
144 294
144 302
144 369
144 403
144 408
144 461
145 287
145 444
145 490
146 152
146 242
146 261
146 266
146 352
146 357
146 393
146 449
146 477
146 483
147 233
147 413
148 180
148 247
148 323
148 359
148 384
148 468
148 478
148 480
149 179
149 193
149 202
149 212
149 214
149 229
149 253
149 293
149 311
149 327
149 390
149 427
149 491
150 184
150 199
150 457
151 269
151 398
151 496
152 177
152 215
152 266
152 335
152 352
153 301
153 331
153 451
153 463
153 484
154 228
154 278
154 303
154 333
154 345
154 388
154 400
154 481
155 198
155 210
155 246
155 304
155 315
155 344
155 346
155 351
155 424
156 220
156 282
156 303
156 345
156 368
157 190
157 201
157 222
157 223
157 250
157 355
157 358
157 399
157 428
157 452
158 224
158 239
158 251
158 268
158 276
158 306
158 325
158 336
158 366
158 401
159 160
159 232
159 244
159 305
159 308
159 378
159 440
159 488
160 232
160 378
160 488
161 234
161 359
161 364
161 384
161 468
161 482
162 175
162 284
162 318
162 326
162 391
162 456
163 195
163 229
163 329
163 334
163 347
163 376
163 396
163 430
164 166
164 173
164 206
164 217
164 218
164 221
164 249
164 342
164 420
164 482
165 310
165 380
165 475
165 476
166 173
166 206
166 207
166 341
166 470
166 473
166 482
167 286
167 299
167 337
167 379
167 415
167 433
168 171
168 239
168 387
168 401
168 402
168 435
169 274
169 377
169 419
169 431
169 466
170 174
170 184
170 196
170 348
171 181
171 200
171 227
171 259
171 332
171 387
171 402
171 435
171 464
171 494
172 176
172 258
172 289
172 307
172 408
172 469
172 485
172 486
173 206
173 340
173 342
173 371
173 470
173 473
174 184
174 196
174 257
174 348
174 361
175 326
175 330
175 391
175 456
175 487
176 203
176 258
176 302
176 408
176 485
176 486
177 191
177 215
177 266
177 335
178 213
178 227
178 297
178 438
179 202
179 212
179 214
179 298
179 311
179 427
180 295
180 338
180 350
180 359
180 478
180 480
181 200
181 208
181 213
181 227
181 259
181 273
181 332
181 438
181 464
181 494
182 192
182 248
182 300
182 319
182 320
182 372
182 373
182 382
182 418
182 472
183 254
183 256
183 323
183 471
183 480
184 199
184 348
184 361
184 457
185 187
185 188
185 277
185 321
185 324
185 370
185 394
185 404
185 409
185 410
185 423
185 434
185 454
185 465
186 198
186 304
186 315
186 351
186 421
186 467
187 201
187 263
187 265
187 277
187 284
187 321
187 324
187 381
187 409
187 411
187 452
187 497
188 315
188 318
188 321
188 370
188 394
188 404
188 410
188 454
188 467
189 453
189 460
190 205
190 222
190 223
190 358
190 399
190 428
191 215
191 261
191 365
191 398
192 319
192 373
192 418
192 472
193 195
193 202
193 229
193 253
193 293
193 311
193 376
193 491
194 217
194 249
194 281
194 342
194 362
194 420
194 436
195 229
195 253
195 347
195 376
195 491
196 257
196 270
196 348
196 446
197 244
197 305
197 308
197 374
197 493
198 304
198 315
198 351
198 424
199 361
199 457
200 213
200 227
200 259
200 332
200 402
200 438
200 464
200 494
200 498
201 250
201 263
201 265
201 267
201 358
201 381
201 399
201 411
201 415
201 448
201 452
201 497
202 212
202 214
202 253
202 293
202 298
202 310
202 311
202 427
202 491
203 245
203 294
203 302
203 369
203 403
203 408
203 461
204 216
204 322
204 335
204 354
204 393
204 395
205 223
205 286
205 337
205 399
205 483
205 489
205 492
206 207
206 211
206 340
206 341
206 417
206 470
206 473
207 211
207 226
207 228
207 278
207 341
207 417
207 470
207 473
207 481
208 209
208 233
208 243
208 264
208 273
208 297
208 367
208 405
208 438
208 495
209 233
209 243
209 264
209 287
209 367
209 385
209 397
209 405
209 413
209 425
209 495
210 370
210 404
210 424
210 434
210 465
211 236
211 278
211 392
211 417
211 470
211 473
212 214
212 293
212 298
212 310
212 311
212 427
213 227
213 297
213 438
213 494
214 293
214 298
214 311
214 427
215 266
215 335
215 365
216 255
216 322
216 354
216 393
216 395
216 492
217 218
217 221
217 249
217 342
217 362
217 420
217 436
217 482
218 221
218 234
218 249
218 292
218 342
218 362
218 386
218 420
218 436
218 482
219 225
219 226
219 338
219 339
219 380
219 476
220 282
220 303
220 314
220 345
221 234
221 249
221 292
221 362
221 386
221 420
221 436
221 482
222 252
222 294
222 353
222 369
222 399
222 428
223 337
223 399
223 415
223 428
224 237
224 238
224 241
224 268
224 276
224 325
224 336
224 366
224 455
224 469
224 485
224 486
225 310
225 327
225 338
225 375
225 389
226 228
226 339
226 341
226 380
226 400
226 476
226 481
227 259
227 297
227 332
227 438
227 464
227 494
228 333
228 380
228 388
228 400
228 476
228 481
229 253
229 293
229 311
229 327
229 334
229 347
229 390
229 441
229 491
230 406
230 416
230 453
231 273
231 414
231 458
232 244
232 308
232 378
232 488
233 243
233 264
233 367
233 385
233 405
233 413
233 425
233 495
234 240
234 292
234 349
234 386
234 442
234 447
234 482
235 313
235 329
235 334
235 396
235 426
235 430
235 464
235 494
235 498
236 278
236 392
236 417
236 462
236 470
237 238
237 241
237 307
237 336
237 455
237 469
237 485
237 486
238 241
238 307
238 336
238 455
238 469
238 485
238 486
239 268
239 301
239 401
239 451
240 262
240 292
240 343
240 349
240 386
240 432
240 442
240 447
240 499
241 268
241 307
241 325
241 336
241 366
241 455
241 469
241 485
241 486
242 288
242 352
242 353
242 357
242 439
242 449
242 477
242 483
242 489
243 264
243 273
243 287
243 367
243 385
243 405
243 413
243 425
243 495
244 305
244 308
244 374
244 493
245 294
245 369
245 403
245 443
245 461
246 281
246 290
246 344
246 346
246 424
247 316
247 323
247 349
247 359
247 384
247 442
247 468
247 478
247 499
248 300
248 320
248 363
248 372
248 382
248 416
248 459
249 342
249 362
249 420
249 436
249 482
250 263
250 265
250 267
250 355
250 358
250 399
250 428
250 448
250 452
250 497
251 276
251 306
251 366
251 445
252 288
252 353
252 369
252 407
252 439
252 443
252 461
253 293
253 311
253 376
253 491
254 272
254 317
254 350
254 383
254 445
254 471
254 480
255 286
255 299
255 322
255 379
255 395
255 492
256 356
256 471
257 269
257 270
258 408
258 469
258 485
258 486
259 332
259 387
259 402
259 414
259 438
259 464
260 285
260 414
260 422
261 266
261 275
261 288
261 352
261 357
261 365
261 439
261 449
262 296
262 316
262 343
262 349
262 432
262 442
262 447
262 450
262 499
263 265
263 267
263 358
263 381
263 409
263 411
263 448
263 450
263 452
263 497
264 287
264 367
264 385
264 397
264 405
264 413
264 425
264 495
265 267
265 358
265 381
265 409
265 411
265 448
265 452
265 497
266 275
266 352
266 357
266 365
266 449
267 409
267 432
267 448
267 450
267 452
268 276
268 301
268 325
268 336
268 366
268 401
268 455
269 496
270 309
270 406
270 446
271 279
271 419
271 458
271 466
272 313
272 317
272 350
272 383
272 445
272 471
273 367
273 405
273 495
274 377
274 431
275 288
275 357
275 439
275 449
275 496
276 306
276 325
276 336
276 366
277 321
277 324
277 404
277 409
277 411
277 423
277 434
277 450
277 454
278 417
278 470
278 473
279 419
279 458
279 466
280 289
280 291
280 407
281 290
281 344
281 346
282 303
282 368
283 360
283 429
283 474
283 487
284 318
284 321
284 324
284 326
284 381
284 410
284 411
284 415
284 497
285 414
285 422
285 451
286 299
286 337
286 379
286 433
286 489
286 492
287 367
287 385
287 397
287 405
287 425
287 495
288 353
288 357
288 439
288 449
289 291
289 309
289 407
290 344
290 346
291 407
291 443
292 343
292 362
292 386
292 442
292 447
293 311
293 327
293 390
293 491
294 355
294 369
294 403
294 461
295 338
295 350
295 375
295 383
295 389
295 480
296 316
296 356
297 438
298 310
298 427
298 437
298 475
299 337
299 379
299 433
299 492
300 320
300 372
300 382
300 416
300 446
300 472
301 325
301 331
301 336
301 401
301 451
301 455
301 463
301 484
302 403
302 408
303 314
303 333
303 345
303 388
303 479
304 315
304 351
304 467
305 308
305 374
305 493
306 325
306 366
306 435
306 445
307 455
307 469
307 485
307 486
308 374
308 493
309 406
310 327
310 427
311 491
312 374
312 421
312 456
312 467
312 493
313 317
313 350
313 383
313 426
314 345
314 437
314 479
315 351
315 370
315 421
315 467
316 349
316 356
316 432
316 499
317 350
317 383
317 445
317 471
318 321
318 326
318 370
318 394
318 410
318 454
318 456
319 373
319 418
319 472
320 363
320 372
320 382
320 416
320 472
321 324
321 370
321 394
321 404
321 410
321 423
321 434
321 454
322 354
322 379
322 395
322 492
323 356
323 471
323 478
323 480
324 381
324 394
324 404
324 409
324 410
324 411
324 423
324 454
325 336
325 366
325 455
326 391
326 410
326 456
327 375
327 389
327 390
327 441
327 491
328 340
328 371
328 392
328 412
328 462
329 334
329 347
329 390
329 396
329 430
329 498
330 360
330 391
330 429
330 440
330 474
330 487
331 451
331 463
331 484
332 387
332 402
332 414
332 438
332 464
332 494
333 345
333 388
333 400
333 481
334 347
334 390
334 396
334 426
334 430
334 441
334 498
335 354
336 366
336 455
336 469
336 485
336 486
337 379
337 415
337 433
337 492
338 375
338 389
339 341
339 380
339 476
340 371
340 392
340 412
340 470
341 473
341 476
342 371
342 420
342 436
342 482
343 349
343 386
343 432
343 442
343 447
343 465
343 499
344 346
344 424
345 388
345 400
345 479
346 424
347 390
347 396
347 430
349 386
349 432
349 442
349 447
349 499
350 383
350 426
350 480
352 357
352 393
352 449
352 477
353 357
353 439
353 443
354 393
354 395
355 358
355 403
355 448
357 439
357 449
357 477
357 483
358 399
358 428
358 448
358 452
358 497
359 384
359 468
359 478
360 429
360 440
360 474
360 487
361 457
362 386
362 420
362 436
362 465
363 372
363 382
363 416
363 459
364 384
364 468
364 482
365 398
367 385
367 405
367 425
367 495
369 403
369 443
369 461
370 394
370 404
370 410
370 434
370 454
370 467
371 412
372 382
372 416
372 459
373 418
373 472
374 391
374 421
374 493
375 389
377 431
378 488
379 433
379 492
380 400
380 476
380 481
381 411
381 415
381 452
381 497
382 416
382 459
383 426
383 445
384 468
384 478
385 397
385 405
385 413
385 425
385 495
386 442
386 447
386 499
387 401
387 402
387 414
387 422
387 435
387 464
388 400
388 481
389 441
390 430
390 441
390 491
391 440
391 456
391 487
392 417
392 462
392 470
393 395
393 477
394 404
394 410
394 434
394 454
396 426
396 430
396 494
396 498
397 405
397 413
397 425
397 490
397 495
398 496
399 428
400 481
401 435
402 435
402 464
402 494
403 461
404 423
404 434
404 454
404 465
405 413
405 425
405 495
406 446
407 443
407 461
408 486
409 411
409 423
409 432
409 450
409 497
410 454
410 456
410 467
411 450
411 452
411 497
413 425
414 422
415 433
415 497
417 470
417 473
418 472
419 458
419 466
420 436
420 482
421 467
423 434
423 454
423 465
425 495
426 430
426 441
427 475
429 440
429 474
429 487
430 441
430 498
432 447
432 450
432 499
434 454
434 465
436 482
437 475
437 479
438 464
438 494
439 449
440 474
440 487
441 491
442 447
442 499
443 461
444 490
446 472
447 499
448 450
448 452
449 477
451 463
451 484
452 497
453 459
455 469
455 485
455 486
458 466
460 463
460 484
463 484
464 494
464 498
468 478
469 485
469 486
470 473
471 480
474 487
475 479
476 481
477 483
477 489
478 480
483 489
485 486
489 492
494 498
