100 464
0 3
0 7
0 18
0 20
0 22
0 24
0 40
0 47
0 93
0 98
1 26
1 27
1 49
1 50
1 63
1 67
1 80
1 88
1 89
1 91
1 95
1 97
2 4
2 10
2 15
2 61
2 72
2 73
2 87
2 90
2 92
3 7
3 18
3 20
3 24
3 40
3 47
3 93
3 98
4 10
4 13
4 28
4 35
4 36
4 38
4 64
4 71
4 72
4 74
4 90
5 11
5 17
5 30
5 48
5 53
5 67
5 83
6 11
6 12
6 27
6 45
6 60
6 67
6 69
6 75
6 89
6 94
6 96
7 22
7 24
7 30
7 53
7 78
7 83
7 93
8 12
8 41
8 45
8 59
8 60
8 69
8 94
8 96
9 16
9 29
9 33
9 54
9 66
9 82
10 65
10 72
10 74
10 87
10 90
10 92
11 12
11 27
11 45
11 48
11 67
11 75
12 41
12 45
12 60
12 69
12 75
12 94
12 96
13 17
13 30
13 36
13 38
13 64
13 72
13 74
13 83
13 90
14 16
14 29
14 54
14 65
14 66
14 68
14 71
14 84
15 31
15 32
15 37
15 58
15 61
15 72
15 73
16 29
16 54
16 66
16 71
16 84
17 22
17 23
17 30
17 36
17 38
17 39
17 48
17 53
17 64
17 78
17 83
18 24
18 34
18 43
18 47
18 76
18 81
18 93
18 98
19 31
19 42
19 52
19 58
19 70
19 77
20 40
20 47
21 33
21 51
21 57
21 62
21 66
21 68
21 99
22 24
22 30
22 39
22 53
22 78
22 81
22 83
22 93
23 24
23 28
23 30
23 35
23 36
23 38
23 39
23 51
23 57
23 64
23 68
23 76
23 78
23 81
23 83
24 39
24 76
24 78
24 81
24 83
24 93
24 98
25 56
25 59
25 60
25 69
25 86
25 96
26 49
26 50
26 63
26 80
26 88
26 89
26 91
26 95
26 97
27 49
27 50
27 60
27 63
27 67
27 69
27 75
27 88
27 89
27 91
28 35
28 36
28 38
28 51
28 57
28 64
28 68
28 74
28 90
29 54
29 65
29 66
29 71
29 84
30 36
30 38
30 39
30 48
30 53
30 64
30 78
30 83
31 32
31 37
31 42
31 52
31 55
31 58
31 70
31 77
32 37
32 58
32 61
32 73
32 79
32 85
33 54
33 62
33 66
33 68
33 82
33 99
34 43
34 62
34 76
34 81
35 36
35 38
35 51
35 57
35 64
35 68
35 71
35 74
35 90
36 38
36 64
36 72
36 74
36 90
37 58
37 70
37 79
37 85
38 39
38 51
38 57
38 64
38 68
38 74
38 78
38 83
38 90
39 51
39 57
39 64
39 76
39 78
39 81
39 83
39 93
40 47
40 98
41 45
41 69
41 75
41 79
41 85
41 94
41 96
42 52
42 55
42 58
42 70
42 77
43 47
43 76
43 81
43 98
44 46
44 55
44 87
44 92
45 60
45 69
45 75
45 85
45 94
45 96
46 55
46 77
46 87
46 92
47 93
47 98
48 53
48 67
48 83
49 50
49 63
49 80
49 88
49 89
49 91
49 95
49 97
50 63
50 67
50 80
50 88
50 89
50 91
50 95
51 57
51 64
51 68
51 74
52 58
52 70
52 77
53 80
53 83
53 93
54 66
54 82
54 99
55 58
55 70
55 77
56 59
56 60
56 86
56 88
57 64
57 68
57 74
57 78
57 81
58 70
58 77
59 60
59 69
59 86
59 96
60 67
60 69
60 75
60 89
60 94
60 96
61 72
61 73
62 68
62 76
62 81
62 99
63 67
63 80
63 88
63 89
63 91
63 95
63 97
64 74
64 78
64 83
64 90
65 71
65 84
65 87
65 92
66 68
66 71
66 82
66 84
66 99
67 69
67 75
67 89
67 91
68 74
68 99
69 75
69 89
69 94
69 96
70 77
71 74
71 84
72 73
72 74
72 90
72 92
74 90
75 89
75 94
75 96
76 78
76 81
76 98
78 81
78 83
78 93
79 85
80 91
80 95
80 97
83 93
85 94
87 92
88 89
88 91
88 95
89 91
91 95
93 98
94 96
95 97
