300 1939
0 1
0 7
0 14
0 34
0 46
0 52
0 74
0 92
0 123
0 137
0 138
0 142
0 150
0 154
0 168
0 182
1 7
1 14
1 24
1 33
1 34
1 46
1 52
1 60
1 74
1 101
1 138
1 142
1 150
1 154
1 167
1 168
1 228
2 16
2 67
2 80
2 91
2 98
2 102
2 104
2 114
2 129
2 145
2 149
2 188
2 252
2 265
3 32
3 38
3 39
3 55
3 77
3 79
3 102
3 107
3 119
3 136
3 155
3 235
3 258
3 270
3 281
4 139
4 177
4 183
4 194
4 234
4 240
4 266
5 57
5 58
5 64
5 89
5 151
5 161
5 174
5 181
5 199
5 215
5 243
5 246
5 250
5 262
5 263
5 276
5 282
6 23
6 30
6 35
6 44
6 78
6 106
6 163
6 189
6 200
6 208
6 217
6 255
6 271
6 275
6 291
7 17
7 33
7 48
7 52
7 60
7 74
7 127
7 138
7 150
7 168
7 210
8 14
8 34
8 46
8 68
8 73
8 87
8 154
8 179
8 192
8 195
8 203
8 222
8 225
8 254
8 292
9 42
9 105
9 117
9 141
9 158
9 169
9 209
9 221
9 245
9 285
9 288
10 80
10 104
10 114
10 116
10 120
10 134
10 136
10 188
10 198
10 202
11 22
11 56
11 90
11 118
11 140
11 159
11 273
11 278
11 287
11 295
12 27
12 62
12 65
12 75
12 85
12 89
12 121
12 144
12 162
12 175
12 181
12 226
12 237
12 243
12 250
12 286
12 289
13 47
13 48
13 127
13 133
13 156
13 184
13 216
13 218
13 233
13 238
13 241
13 248
13 277
13 293
14 15
14 24
14 34
14 46
14 52
14 74
14 87
14 101
14 142
14 150
14 154
14 167
14 168
14 228
14 292
15 24
15 101
15 130
15 142
15 150
15 153
15 166
15 167
15 224
15 228
15 259
16 38
16 67
16 77
16 102
16 104
16 107
16 122
16 129
16 136
16 145
16 149
16 155
16 172
16 188
16 196
16 235
16 252
16 258
16 265
16 281
17 33
17 48
17 60
17 74
17 127
17 138
17 210
18 49
18 73
18 80
18 91
18 97
18 114
18 120
18 134
18 179
18 198
18 222
18 225
18 230
18 251
18 254
18 272
19 40
19 43
19 92
19 111
19 113
19 123
19 137
19 152
19 182
19 185
19 296
19 299
20 21
20 25
20 53
20 81
20 115
20 147
20 190
20 214
20 260
21 25
21 53
21 115
21 147
21 190
21 212
21 214
21 242
21 260
21 264
21 283
22 36
22 90
22 287
23 30
23 35
23 44
23 54
23 59
23 78
23 106
23 163
23 189
23 197
23 200
23 207
23 208
23 217
23 249
23 255
23 271
23 277
23 291
24 60
24 74
24 101
24 130
24 142
24 150
24 167
24 209
24 228
24 245
24 267
25 53
25 75
25 81
25 115
25 147
25 190
25 212
25 214
25 260
26 177
26 268
27 62
27 75
27 85
27 89
27 108
27 162
27 243
27 286
28 66
28 76
28 88
28 157
28 256
28 257
28 268
28 269
28 297
29 41
29 65
29 83
29 84
29 99
29 100
29 121
29 132
29 144
29 148
29 152
29 160
29 175
29 181
29 223
29 226
29 237
29 253
29 280
29 289
29 290
30 35
30 106
30 156
30 163
30 189
30 200
30 217
30 218
30 238
30 241
30 249
30 271
30 277
31 32
31 38
31 55
31 107
31 109
31 136
31 164
31 178
31 235
32 38
32 55
32 79
32 107
32 109
32 119
32 178
32 235
32 258
33 48
33 52
33 60
33 74
33 138
33 142
33 150
33 209
33 210
33 267
34 46
34 52
34 68
34 87
34 92
34 123
34 137
34 154
34 168
34 182
34 192
34 203
34 296
35 44
35 59
35 78
35 106
35 163
35 189
35 197
35 200
35 208
35 217
35 249
35 255
35 271
35 291
36 131
36 173
36 287
37 39
37 69
37 77
37 122
37 125
37 128
37 159
37 172
37 196
37 201
37 204
37 211
37 258
37 270
37 279
37 284
38 39
38 55
38 102
38 104
38 107
38 109
38 136
38 155
38 178
38 235
38 252
38 258
38 281
39 55
39 77
39 102
39 107
39 119
39 122
39 125
39 155
39 172
39 235
39 258
39 270
39 279
39 281
39 284
40 43
40 61
40 83
40 84
40 99
40 100
40 113
40 152
40 199
40 223
40 280
40 290
40 299
41 71
41 72
41 86
41 100
41 103
41 121
41 132
41 144
41 148
41 160
41 237
41 239
41 253
41 280
41 289
41 290
41 294
42 51
42 105
42 117
42 169
42 209
42 210
42 221
42 245
42 267
42 288
43 84
43 92
43 100
43 111
43 113
43 137
43 152
43 180
43 182
43 185
43 296
43 299
44 54
44 59
44 78
44 106
44 189
44 197
44 200
44 207
44 208
44 231
44 249
44 255
44 291
45 50
45 98
45 110
45 143
45 180
45 186
45 191
45 195
45 205
45 229
45 294
46 52
46 68
46 87
46 137
46 154
46 168
46 192
46 203
46 225
46 228
46 254
46 292
47 57
47 93
47 133
47 170
47 184
47 216
47 248
47 263
47 293
48 123
48 127
48 138
48 184
48 248
49 73
49 80
49 91
49 97
49 114
49 120
49 134
49 179
49 198
49 222
49 225
49 230
49 251
49 254
49 272
50 98
50 110
50 143
50 186
50 191
50 205
50 213
50 229
51 82
51 105
51 117
51 207
51 210
51 231
51 288
52 60
52 74
52 123
52 137
52 138
52 142
52 150
52 154
52 168
52 182
52 228
53 65
53 75
53 81
53 115
53 147
53 190
53 212
53 214
53 226
53 260
53 261
53 264
54 59
54 82
54 189
54 197
54 200
54 207
54 208
54 231
54 249
54 255
54 291
55 77
55 79
55 102
55 107
55 119
55 136
55 155
55 235
55 258
55 270
55 281
56 69
56 90
56 118
56 128
56 140
56 159
56 172
56 211
56 273
56 278
56 279
56 284
56 295
57 58
57 64
57 93
57 95
57 151
57 161
57 170
57 174
57 199
57 215
57 216
57 262
57 263
57 282
57 293
58 95
58 151
58 161
58 170
58 174
58 181
58 199
58 215
58 246
58 250
58 262
58 263
58 276
58 282
59 82
59 189
59 197
59 200
59 207
59 208
59 231
59 249
59 255
59 291
60 74
60 101
60 117
60 138
60 142
60 150
60 167
60 169
60 209
60 210
60 245
60 267
61 83
61 84
61 99
61 100
61 113
61 151
61 152
61 181
61 199
61 223
61 246
61 280
61 289
61 290
61 299
62 75
62 85
62 89
62 108
62 162
62 243
62 286
63 70
63 71
63 72
63 86
63 103
63 110
63 124
63 126
63 173
63 191
63 205
63 213
63 219
63 239
63 294
64 95
64 161
64 174
64 215
64 262
64 276
64 282
65 75
65 85
65 121
65 144
65 175
65 226
65 237
65 253
65 289
65 290
66 76
66 88
66 177
66 256
66 257
66 268
66 297
67 80
67 91
67 98
67 102
67 104
67 114
67 129
67 134
67 145
67 149
67 188
67 252
67 265
68 87
68 137
68 154
68 168
68 179
68 182
68 192
68 195
68 203
68 225
68 254
68 296
69 77
69 128
69 140
69 159
69 201
69 204
69 211
69 270
69 273
69 278
69 279
69 284
69 295
70 86
70 90
70 103
70 110
70 124
70 126
70 173
70 205
70 213
70 219
70 239
71 72
71 86
71 100
71 103
71 124
71 132
71 143
71 148
71 160
71 180
71 191
71 205
71 239
71 253
71 294
72 86
72 103
72 124
72 132
72 148
72 160
72 173
72 239
72 253
72 261
73 80
73 91
73 97
73 114
73 179
73 192
73 195
73 198
73 203
73 222
73 225
73 230
73 251
73 254
73 292
74 101
74 138
74 142
74 150
74 167
74 168
74 209
74 210
74 267
75 85
75 121
75 144
75 162
75 175
75 226
75 286
76 88
76 157
76 220
76 257
76 268
76 269
76 297
77 102
77 122
77 128
77 155
77 172
77 196
77 258
77 270
77 279
77 281
77 284
78 106
78 189
78 197
78 200
78 208
78 255
79 119
79 227
80 91
80 114
80 120
80 134
80 149
80 179
80 188
80 198
80 230
80 251
81 147
81 190
81 214
81 260
82 207
82 231
82 249
82 291
83 84
83 99
83 100
83 121
83 144
83 152
83 175
83 181
83 199
83 223
83 237
83 246
83 253
83 280
83 289
83 290
83 299
84 99
84 100
84 113
84 151
84 152
84 181
84 199
84 223
84 237
84 246
84 253
84 280
84 289
84 290
84 299
85 89
85 108
85 162
85 175
85 181
85 226
85 243
85 250
85 286
86 103
86 110
86 124
86 132
86 148
86 160
86 173
86 191
86 205
86 219
86 239
86 294
87 154
87 168
87 192
87 203
87 222
87 225
87 228
87 254
87 292
88 157
88 220
88 232
88 257
88 269
89 108
89 162
89 181
89 243
89 246
89 250
89 276
89 286
90 118
90 126
90 159
90 213
90 219
90 287
90 295
91 98
91 114
91 149
91 179
91 192
91 195
91 198
91 225
91 251
91 254
92 111
92 113
92 123
92 137
92 182
92 296
93 95
93 133
93 170
93 216
93 218
93 233
93 241
93 274
93 293
93 298
94 135
94 146
94 164
94 171
94 176
94 202
94 244
94 247
95 161
95 170
95 174
95 215
95 262
95 263
95 282
95 293
95 298
96 97
96 130
96 165
96 222
96 232
96 256
96 259
96 292
97 198
97 222
97 225
97 230
97 232
97 251
97 254
97 259
97 272
97 292
98 129
98 145
98 149
98 179
98 186
98 195
98 229
99 100
99 113
99 151
99 152
99 181
99 199
99 223
99 237
99 246
99 280
99 289
99 290
99 299
100 132
100 152
100 180
100 185
100 191
100 223
100 253
100 280
100 290
100 294
100 299
101 130
101 142
101 150
101 167
101 209
101 228
101 245
101 267
102 104
102 107
102 122
102 129
102 136
102 145
102 155
102 188
102 196
102 235
102 252
102 258
102 265
102 281
103 110
103 124
103 148
103 160
103 173
103 219
103 239
104 107
104 114
104 134
104 136
104 149
104 155
104 188
104 235
104 252
104 265
104 281
105 117
105 141
105 169
105 221
105 285
105 288
106 163
106 189
106 197
106 200
106 208
106 217
106 249
106 255
106 271
106 277
106 291
107 109
107 136
107 155
107 178
107 235
107 252
107 258
107 281
108 162
108 243
108 250
108 276
108 286
109 164
109 178
110 124
110 126
110 191
110 205
110 213
110 219
110 239
111 113
111 123
111 137
111 182
111 184
111 296
111 299
112 119
112 125
112 193
112 201
112 204
112 211
112 227
112 270
112 284
113 123
113 152
113 182
113 184
113 223
113 299
114 120
114 134
114 149
114 179
114 188
114 198
114 230
114 251
115 147
115 190
115 212
115 214
115 242
115 260
115 264
115 283
116 120
116 134
116 135
116 171
116 188
116 198
116 202
116 220
116 230
116 232
116 244
116 247
116 272
117 169
117 209
117 210
117 221
117 245
117 267
117 285
117 288
118 140
118 159
118 273
118 278
118 287
118 295
119 125
119 193
119 227
119 270
120 134
120 198
120 202
120 220
120 230
120 232
120 251
120 272
121 132
121 144
121 148
121 160
121 175
121 181
121 226
121 237
121 253
121 280
121 289
121 290
122 128
122 129
122 145
122 155
122 172
122 196
122 206
122 252
122 258
122 265
122 270
122 279
122 281
122 284
123 127
123 137
123 138
123 168
123 182
124 126
124 160
124 173
124 219
124 239
125 193
125 201
125 204
125 211
125 227
125 270
125 284
126 173
126 213
126 219
126 287
127 138
127 184
127 248
128 159
128 172
128 196
128 206
128 270
128 278
128 279
128 284
128 295
129 145
129 149
129 172
129 196
129 206
129 252
129 265
130 153
130 165
130 166
130 224
130 228
130 236
130 259
131 242
131 283
132 144
132 148
132 160
132 191
132 237
132 239
132 253
132 280
132 289
132 290
132 294
133 156
133 170
133 216
133 217
133 218
133 233
133 238
133 241
133 277
133 293
134 136
134 149
134 188
134 198
134 202
134 251
135 146
135 171
135 176
135 202
135 220
135 244
135 247
136 155
136 178
136 188
136 235
136 252
136 258
136 265
136 281
137 168
137 182
137 296
138 210
138 248
139 141
139 158
139 183
139 240
140 159
140 273
140 278
140 295
141 169
141 221
141 285
141 288
142 150
142 154
142 167
142 168
142 209
142 228
142 245
142 267
143 180
143 185
143 186
143 191
143 205
143 229
143 239
143 294
143 296
144 148
144 175
144 181
144 226
144 237
144 253
144 280
144 289
144 290
145 149
145 172
145 196
145 206
145 252
145 265
146 171
146 176
146 244
146 247
147 190
147 212
147 214
147 226
147 260
147 264
148 160
148 187
148 237
148 239
148 253
148 261
148 289
148 290
149 188
149 251
149 252
149 265
150 154
150 167
150 168
150 209
150 228
150 245
150 267
151 161
151 174
151 181
151 199
151 215
151 223
151 246
151 250
151 262
151 263
151 282
152 181
152 199
152 223
152 280
152 289
152 290
152 299
153 158
153 165
153 166
153 224
153 236
153 240
154 168
154 192
154 228
154 292
155 188
155 196
155 235
155 252
155 258
155 265
155 281
156 163
156 217
156 218
156 233
156 238
156 241
156 277
157 220
157 232
157 247
157 257
157 269
158 166
158 224
158 236
158 240
158 285
159 172
159 211
159 273
159 278
159 279
159 284
159 295
160 187
160 237
160 239
160 253
160 261
161 170
161 174
161 181
161 199
161 215
161 243
161 246
161 250
161 262
161 263
161 276
161 282
162 243
162 286
163 189
163 200
163 217
163 218
163 238
163 241
163 249
163 271
163 277
164 171
164 176
164 178
164 202
164 244
165 166
165 194
165 224
165 236
165 256
165 259
166 194
166 224
166 236
166 240
167 169
167 209
167 228
167 245
167 267
168 182
168 228
169 209
169 221
169 245
169 267
169 285
169 288
170 174
170 215
170 216
170 233
170 262
170 263
170 282
170 293
170 298
171 176
171 202
171 244
171 247
172 196
172 206
172 252
172 265
172 279
172 295
173 219
173 287
174 199
174 215
174 246
174 250
174 262
174 263
174 276
174 282
175 181
175 226
175 237
175 253
175 280
175 289
175 290
176 244
176 247
177 183
177 194
177 234
177 266
179 192
179 195
179 203
179 225
179 251
179 254
180 185
180 191
180 294
180 296
181 199
181 223
181 237
181 243
181 246
181 250
181 262
181 280
181 282
181 289
181 290
182 296
183 194
183 234
183 240
183 266
184 216
184 248
184 293
185 191
185 294
185 296
186 195
186 205
186 229
187 242
187 261
187 264
187 283
188 202
188 235
188 252
189 197
189 200
189 208
189 249
189 255
189 291
190 212
190 214
190 260
190 264
190 283
191 205
191 239
191 294
192 195
192 203
192 225
192 254
192 292
193 227
194 224
194 236
194 240
194 256
194 266
195 203
195 225
195 229
195 254
196 206
196 252
196 265
196 279
196 281
197 200
197 207
197 208
197 231
197 249
197 255
197 291
198 222
198 225
198 230
198 232
198 251
198 254
198 272
199 215
199 223
199 246
199 250
199 262
199 263
199 280
199 282
199 299
200 207
200 208
200 217
200 249
200 255
200 291
201 204
201 211
201 270
201 284
202 244
203 225
203 254
203 296
204 211
204 270
204 278
204 284
205 213
205 219
205 229
205 239
205 294
206 265
206 279
206 295
207 231
207 249
207 291
208 249
208 255
208 291
209 210
209 221
209 245
209 267
209 285
210 245
210 267
211 270
211 278
211 284
212 214
212 242
212 260
212 264
212 283
213 219
214 260
215 216
215 246
215 250
215 262
215 263
215 276
215 282
215 293
216 218
216 233
216 248
216 263
216 293
217 218
217 233
217 238
217 241
217 271
217 277
218 233
218 238
218 241
218 271
218 274
218 277
218 293
219 287
220 230
220 232
220 247
220 269
220 272
221 245
221 267
221 285
221 288
222 225
222 230
222 232
222 251
222 254
222 259
222 272
222 292
223 246
223 280
223 289
223 290
223 299
224 236
224 240
224 256
224 259
225 230
225 251
225 254
225 292
226 237
226 253
226 261
226 289
228 292
230 232
230 251
230 254
230 272
230 292
231 249
231 291
232 269
232 272
233 238
233 241
233 271
233 274
233 277
233 293
233 298
234 266
235 252
235 258
235 265
235 281
236 240
236 256
236 259
236 266
237 253
237 280
237 289
237 290
238 241
238 271
238 277
239 294
240 266
241 271
241 277
242 261
242 264
242 283
243 246
243 250
243 276
243 282
243 286
244 247
245 267
245 285
245 288
246 250
246 262
246 276
246 280
246 282
246 289
246 290
247 269
248 293
249 255
249 291
250 262
250 276
250 282
251 254
251 272
252 258
252 265
252 281
253 280
253 289
253 290
254 292
255 291
256 257
256 259
256 266
257 268
257 269
257 297
258 270
258 281
261 264
261 283
262 263
262 276
262 282
263 282
263 293
264 283
265 281
268 297
270 279
270 284
271 274
271 275
273 278
273 295
274 275
274 298
276 282
278 279
278 284
278 295
279 284
279 295
280 289
280 290
280 299
285 288
289 290
