50 164
0 2
0 6
0 14
0 23
0 26
0 29
0 37
1 12
1 22
1 24
1 27
1 28
1 31
1 44
1 49
2 6
2 9
2 23
2 29
2 37
3 11
3 14
3 15
3 16
3 33
3 35
3 41
3 42
3 45
4 10
4 13
4 33
4 35
4 42
4 48
5 32
5 34
5 40
5 43
6 14
6 23
6 26
6 29
6 32
6 39
7 8
7 9
7 19
7 20
8 9
8 19
8 20
8 30
9 30
9 37
10 18
10 36
10 38
10 48
11 14
11 15
11 16
11 39
11 41
11 45
12 22
12 24
12 27
12 28
12 31
12 39
12 44
12 49
13 15
13 16
13 29
13 33
13 35
13 41
13 42
13 48
14 15
14 16
14 23
14 26
14 29
14 33
14 39
14 41
14 42
14 45
15 16
15 33
15 35
15 41
15 42
15 45
16 29
16 33
16 35
16 41
16 42
17 25
17 30
17 38
18 36
18 38
18 48
19 20
20 34
21 24
21 27
21 32
21 40
21 43
21 49
22 27
22 28
22 31
22 39
22 44
22 45
23 26
23 29
23 32
23 37
24 27
24 31
24 49
25 30
26 32
26 39
26 44
27 28
27 31
27 44
27 49
28 31
28 44
29 33
29 37
29 42
29 48
31 44
31 49
32 43
33 35
33 41
33 42
33 48
34 40
34 46
35 41
35 42
35 47
36 38
39 44
39 45
40 43
41 42
41 45
42 48
44 45
44 49
