400 1942
0 24
0 64
0 88
0 143
0 178
0 182
0 294
0 365
1 49
1 53
1 122
1 155
1 180
1 248
1 264
1 353
1 397
1 398
2 56
2 176
2 361
2 367
3 31
3 38
3 49
3 53
3 78
3 96
3 139
3 155
3 251
3 253
3 264
3 285
4 13
4 29
4 107
4 110
4 115
4 164
4 171
4 263
4 265
4 327
4 342
5 33
5 135
5 211
5 217
5 228
5 232
5 252
5 324
5 335
5 340
5 389
6 61
6 81
6 203
6 315
7 27
7 55
7 111
7 140
7 158
7 192
7 258
7 266
7 338
8 48
8 128
8 145
8 163
8 188
8 205
8 207
8 224
8 267
8 291
8 302
8 356
9 95
9 137
9 297
9 347
9 352
10 137
10 337
10 347
10 352
11 71
11 116
11 199
11 201
11 341
12 25
12 47
12 66
12 72
12 98
12 134
12 144
12 171
12 221
12 245
12 289
12 354
13 29
13 45
13 107
13 110
13 115
13 164
13 186
13 263
13 265
13 327
13 342
14 45
14 51
14 69
14 80
14 153
14 156
14 223
14 290
14 308
14 311
14 399
15 26
15 48
15 75
15 132
15 133
15 166
15 188
15 207
15 225
15 267
15 302
15 335
15 356
15 389
16 126
16 193
16 355
16 382
16 384
16 390
17 198
17 206
17 229
17 235
17 318
17 346
17 348
17 372
17 376
18 30
18 36
18 89
18 121
18 141
18 154
18 227
18 241
18 298
18 312
18 369
19 143
19 173
19 275
19 286
19 345
19 365
20 22
20 37
20 77
20 105
20 126
20 210
20 223
20 236
20 237
20 274
20 293
20 325
20 375
20 382
21 24
21 106
21 131
21 139
21 163
21 178
22 37
22 73
22 77
22 118
22 126
22 236
22 237
22 274
22 293
22 325
22 375
22 382
22 390
23 67
23 85
23 151
23 219
23 243
23 270
23 320
23 339
23 396
24 53
24 64
24 88
24 96
24 139
24 178
24 182
24 294
24 394
25 47
25 72
25 76
25 98
25 144
25 221
25 250
25 354
26 75
26 128
26 133
26 163
26 173
26 207
26 224
26 225
26 231
26 267
26 275
26 302
27 31
27 38
27 111
27 125
27 158
27 179
27 184
27 192
27 258
27 266
27 338
28 61
28 102
28 136
28 203
28 292
28 360
28 362
28 388
29 65
29 105
29 110
29 115
29 146
29 162
29 164
29 169
29 186
29 263
29 265
29 310
29 327
30 36
30 89
30 121
30 141
30 154
30 227
30 298
30 312
30 369
31 38
31 78
31 87
31 125
31 179
31 184
31 187
31 251
31 253
31 285
32 49
32 122
32 123
32 180
32 257
32 362
33 134
33 135
33 171
33 211
33 228
33 252
33 309
33 340
34 62
34 204
34 255
34 283
34 313
34 334
34 377
35 39
35 57
35 73
35 90
35 118
35 124
35 168
35 191
35 262
35 284
35 287
35 383
36 89
36 141
36 227
36 298
36 369
37 77
37 126
37 210
37 223
37 236
37 237
37 240
37 274
37 293
37 325
37 336
37 375
37 382
38 78
38 125
38 139
38 184
38 187
38 251
38 253
38 264
38 285
39 73
39 90
39 114
39 161
39 191
39 218
39 262
39 284
39 287
39 383
40 41
40 94
40 147
40 174
40 220
40 308
40 385
41 45
41 69
41 147
41 220
41 290
41 308
41 385
42 66
42 107
42 142
42 144
42 230
42 245
42 289
42 391
43 118
43 168
43 175
43 194
43 226
43 277
44 62
44 70
44 113
44 148
44 149
44 177
44 202
44 214
44 255
44 257
44 278
44 315
44 317
44 326
44 344
45 69
45 164
45 290
45 342
46 71
46 91
46 92
46 116
46 332
46 341
47 72
47 76
47 98
47 144
47 221
47 245
47 250
47 354
48 128
48 145
48 163
48 188
48 205
48 207
48 267
48 291
48 302
48 356
49 122
49 123
49 155
49 180
49 264
49 285
49 397
49 398
50 99
50 138
50 183
50 189
50 190
50 206
50 212
50 256
50 273
50 288
50 316
50 329
51 80
51 105
51 153
51 156
51 209
51 223
51 237
51 240
51 290
51 311
51 336
51 399
52 185
52 246
52 299
52 300
52 358
52 363
53 64
53 88
53 96
53 139
53 155
53 264
53 294
53 394
54 120
54 242
54 301
54 305
54 314
54 371
54 380
54 387
55 140
55 172
55 195
55 258
55 266
55 338
56 63
56 100
56 176
56 197
56 361
57 90
57 104
57 124
57 159
57 168
57 191
57 208
57 262
57 331
57 359
57 368
58 119
58 213
58 222
58 249
58 301
58 307
58 373
58 380
58 386
59 89
59 100
59 151
59 219
59 396
60 84
60 280
60 281
60 351
60 370
60 378
61 203
61 292
61 360
62 113
62 148
62 149
62 177
62 202
62 255
62 278
62 313
62 317
62 334
63 103
63 261
63 269
63 282
63 322
64 88
64 96
64 182
64 294
64 394
65 110
65 146
65 162
65 169
65 186
65 211
65 217
65 228
65 232
65 263
65 310
65 324
65 327
65 379
66 72
66 98
66 107
66 134
66 144
66 171
66 221
66 230
66 245
66 289
66 354
67 79
67 85
67 151
67 219
67 243
67 270
67 320
67 339
67 364
67 365
67 396
68 281
69 80
69 147
69 164
69 290
69 308
69 342
69 385
70 82
70 102
70 203
70 214
70 257
70 315
70 326
70 360
70 362
71 92
71 116
71 199
71 201
71 341
72 98
72 134
72 144
72 171
72 221
72 245
72 354
73 118
73 126
73 168
73 191
73 284
73 382
73 383
74 97
74 152
74 157
74 159
74 233
74 238
74 260
74 296
74 331
74 333
75 128
75 133
75 163
75 173
75 207
75 224
75 225
75 231
75 267
75 275
75 302
76 144
76 221
76 250
76 354
77 126
77 223
77 236
77 237
77 274
77 293
77 325
77 375
77 382
77 390
78 96
78 125
78 139
78 155
78 184
78 187
78 251
78 253
78 264
78 285
79 85
79 181
79 243
79 270
79 339
79 364
79 365
79 396
80 105
80 153
80 156
80 223
80 290
80 336
80 399
81 170
81 203
81 315
81 326
81 344
82 102
82 203
82 214
82 257
82 278
82 315
82 326
82 360
82 362
83 117
83 121
83 141
83 154
83 160
83 241
83 298
83 312
83 323
83 369
84 167
84 200
84 280
84 306
84 314
84 370
84 378
84 387
85 219
85 270
85 320
85 339
85 365
86 136
86 140
86 195
86 357
86 395
87 125
87 131
87 179
87 187
87 229
87 251
87 253
87 346
87 348
87 372
88 96
88 139
88 155
88 294
88 394
89 121
89 141
89 154
89 241
89 298
89 312
89 369
90 124
90 191
90 238
90 262
90 284
90 287
90 331
90 368
90 383
91 93
91 234
91 276
91 332
91 366
92 116
92 332
92 341
93 157
93 234
93 276
93 332
93 366
94 174
95 297
95 347
95 371
96 139
96 155
96 264
96 285
96 294
96 394
97 152
97 161
97 165
97 215
97 233
97 238
97 321
98 134
98 144
98 171
98 221
98 245
98 289
98 354
99 138
99 183
99 190
99 212
99 256
99 273
99 288
99 329
99 351
100 151
100 181
100 197
100 219
100 396
101 104
101 124
101 194
101 208
101 226
101 277
101 286
101 345
101 359
101 368
101 392
102 203
102 214
102 326
102 360
102 362
102 388
103 254
103 282
103 322
104 124
104 127
104 159
104 208
104 244
104 262
104 272
104 286
104 331
104 333
104 350
104 359
104 368
105 162
105 169
105 186
105 210
105 223
105 263
105 290
105 293
105 310
106 131
106 139
106 187
106 251
106 253
106 348
107 110
107 115
107 134
107 142
107 171
107 265
107 289
107 327
107 391
108 239
108 248
108 283
108 353
108 377
108 398
109 181
109 197
109 239
109 243
109 248
109 322
109 353
109 364
110 115
110 164
110 171
110 186
110 263
110 265
110 327
111 140
111 184
111 192
111 258
111 266
111 338
112 142
112 271
112 342
112 391
113 148
113 149
113 177
113 202
113 255
113 278
113 313
113 315
113 317
113 344
114 161
114 218
114 284
114 287
114 321
114 383
115 164
115 171
115 263
115 265
115 289
115 327
116 201
116 276
116 332
116 341
116 366
117 121
117 154
117 160
117 241
117 296
117 298
117 312
117 323
117 369
118 126
118 168
118 175
118 191
118 236
118 375
118 382
119 120
119 213
119 222
119 249
119 301
119 306
119 307
119 314
119 373
119 380
119 386
120 200
120 249
120 301
120 305
120 306
120 314
120 373
120 380
120 387
121 141
121 154
121 160
121 241
121 298
121 312
121 323
121 369
122 123
122 180
122 257
122 278
122 393
122 397
122 398
123 180
123 362
124 159
124 191
124 208
124 262
124 331
124 359
124 368
125 131
125 179
125 184
125 187
125 229
125 251
125 253
125 285
125 348
126 236
126 237
126 274
126 293
126 325
126 375
126 382
126 390
127 159
127 208
127 244
127 272
127 286
127 350
127 359
127 374
128 133
128 163
128 173
128 178
128 207
128 224
128 225
128 231
128 267
128 275
128 302
128 356
129 135
129 145
129 150
129 188
129 198
129 205
129 252
129 279
129 291
129 309
129 335
129 340
129 389
130 158
130 172
130 189
130 206
130 259
130 266
130 316
130 318
130 343
130 372
130 376
131 139
131 187
131 251
131 253
131 348
132 133
132 166
132 225
132 226
132 328
133 163
133 166
133 207
133 224
133 225
133 231
133 267
133 275
133 302
134 144
134 171
134 265
134 289
134 327
134 354
135 188
135 211
135 217
135 228
135 252
135 309
135 335
135 340
135 389
136 292
136 357
136 388
136 395
137 216
137 337
137 347
137 352
138 183
138 190
138 212
138 249
138 256
138 273
138 288
138 373
139 155
139 187
139 251
139 253
139 264
139 285
139 394
140 195
140 258
140 338
141 154
141 241
141 298
141 312
141 369
142 230
142 289
142 391
143 173
143 178
143 182
143 270
143 275
143 365
144 221
144 230
144 245
144 250
144 289
144 354
145 188
145 198
145 205
145 235
145 279
145 291
145 309
145 356
146 162
146 169
146 186
146 211
146 217
146 232
146 247
146 263
146 295
146 310
146 324
146 379
147 174
147 220
147 308
147 385
148 149
148 177
148 202
148 214
148 255
148 257
148 278
148 313
148 317
148 334
148 393
149 202
149 299
149 313
149 317
149 319
149 344
149 358
150 198
150 206
150 279
150 309
150 329
150 340
151 181
151 197
151 219
151 243
151 320
151 364
151 396
152 157
152 165
152 215
152 233
152 238
152 260
152 333
153 156
153 209
153 223
153 240
153 274
153 311
153 336
153 355
153 384
153 399
154 241
154 298
154 312
154 323
154 369
155 264
155 285
155 394
155 397
156 209
156 223
156 240
156 311
156 336
156 384
156 399
157 165
157 233
157 260
157 276
157 330
157 366
158 172
158 179
158 229
158 258
158 259
158 266
158 318
158 338
158 372
158 376
159 208
159 244
159 262
159 272
159 296
159 331
159 333
159 350
159 359
159 368
160 201
160 298
160 330
160 369
161 215
161 218
161 238
161 284
161 287
161 321
162 169
162 186
162 210
162 247
162 263
162 295
162 310
162 379
163 173
163 178
163 207
163 224
163 225
163 267
163 302
163 356
164 263
164 290
164 342
165 215
165 233
165 234
165 260
166 217
166 232
166 247
166 324
166 328
166 379
167 200
167 280
167 314
167 370
167 378
167 387
168 175
168 277
169 186
169 210
169 211
169 217
169 232
169 247
169 263
169 295
169 310
169 324
169 379
170 246
170 299
170 317
170 319
170 344
171 211
171 265
171 289
171 327
172 189
172 258
172 259
172 266
172 318
172 343
172 372
172 376
173 178
173 182
173 224
173 231
173 267
173 275
174 220
174 385
175 194
175 226
175 277
175 375
176 361
176 367
177 202
177 255
177 257
177 278
177 334
177 393
178 182
178 224
179 187
179 229
179 251
179 253
179 266
179 346
179 348
179 372
180 393
180 397
180 398
181 197
181 239
181 243
181 322
181 364
181 396
182 275
182 294
182 365
183 189
183 190
183 206
183 212
183 256
183 273
183 288
183 316
183 329
184 187
184 192
184 253
184 285
185 246
185 299
185 300
185 358
185 363
186 210
186 263
186 310
186 327
187 229
187 251
187 253
187 285
187 348
188 205
188 207
188 252
188 291
188 302
188 335
188 356
188 389
189 190
189 206
189 212
189 259
189 273
189 316
189 318
189 343
189 376
190 212
190 249
190 256
190 273
190 288
190 316
191 262
191 284
191 287
191 383
192 338
192 388
193 209
193 240
193 274
193 336
193 355
193 384
193 390
194 226
194 277
194 345
194 392
195 258
195 338
196 204
196 268
196 300
196 303
196 304
196 349
196 358
197 243
197 322
197 364
197 396
198 206
198 235
198 279
198 309
198 340
199 201
200 249
200 301
200 306
200 314
200 351
200 370
200 373
200 378
200 387
202 214
202 255
202 257
202 278
202 313
202 315
202 317
202 344
203 214
203 292
203 315
203 326
203 360
203 362
204 268
204 303
204 304
204 313
204 349
204 358
205 235
205 291
205 356
206 235
206 259
206 273
206 279
206 316
206 318
206 376
207 224
207 225
207 231
207 267
207 291
207 302
207 356
208 244
208 272
208 286
208 331
208 333
208 350
208 359
208 368
209 223
209 240
209 274
209 311
209 336
209 355
209 384
209 399
210 223
210 236
210 237
210 247
210 293
210 295
210 310
210 325
210 375
211 217
211 228
211 232
211 324
211 327
211 379
212 256
212 273
212 288
212 316
213 222
213 297
213 301
213 307
213 373
213 380
213 386
214 257
214 278
214 315
214 326
214 360
214 362
215 233
215 238
215 321
216 222
216 307
216 337
216 347
216 352
217 228
217 232
217 247
217 252
217 324
217 328
217 335
217 379
217 389
218 238
218 284
218 287
218 321
218 383
219 320
219 396
220 308
220 311
220 385
221 230
221 245
221 250
221 354
222 297
222 301
222 307
222 386
223 237
223 240
223 274
223 293
223 325
223 336
223 399
224 225
224 231
224 267
224 275
224 302
225 231
225 267
225 302
225 356
226 277
226 345
226 392
227 367
228 232
228 252
228 324
228 335
228 379
228 389
229 251
229 253
229 266
229 346
229 348
229 372
229 376
230 245
230 250
230 289
230 354
231 267
231 275
231 302
231 345
231 392
232 247
232 324
232 328
232 379
233 238
233 260
233 321
234 276
234 332
234 366
235 279
235 346
235 348
235 376
236 237
236 274
236 293
236 325
236 375
236 382
237 240
237 274
237 293
237 325
237 336
237 355
237 375
237 382
238 262
238 287
238 321
238 333
239 248
239 282
239 322
239 353
240 274
240 325
240 336
240 355
240 384
240 399
241 312
241 323
241 369
242 305
242 381
242 387
243 270
243 320
243 339
243 364
243 396
244 272
244 296
244 331
244 333
244 350
244 359
244 374
245 250
245 289
245 354
246 299
246 300
246 319
246 358
246 363
247 295
247 324
247 328
247 379
248 353
248 394
249 256
249 288
249 301
249 306
249 314
249 370
249 373
249 378
250 354
251 253
251 285
251 348
252 309
252 335
252 340
252 389
253 285
253 348
254 283
255 278
255 313
255 334
255 393
256 273
256 288
256 351
256 378
257 278
257 315
257 326
257 362
257 393
258 266
258 338
259 316
259 318
259 343
259 372
259 376
260 296
260 330
260 333
261 269
262 284
262 287
262 331
262 368
263 310
263 327
264 285
264 394
265 289
265 327
266 318
266 338
266 372
267 275
267 302
267 356
268 300
268 303
268 304
268 349
268 358
269 282
270 320
270 339
270 364
270 365
271 342
272 286
272 296
272 350
272 359
272 374
273 288
273 316
273 329
274 293
274 325
274 336
274 355
274 382
274 384
274 390
274 399
275 345
275 392
276 330
276 332
276 366
277 345
277 392
278 393
279 309
279 340
280 370
280 378
281 351
282 322
283 334
283 377
284 287
284 383
286 345
286 350
286 359
286 374
286 392
287 383
289 391
291 302
291 335
291 356
293 325
293 375
293 382
294 394
295 328
295 375
295 379
296 323
296 330
296 333
296 350
297 347
297 371
297 386
298 312
298 369
299 300
299 319
299 344
299 358
300 349
300 358
300 363
301 305
301 306
301 314
301 373
301 380
301 386
302 356
303 304
303 349
304 349
305 314
305 371
305 380
306 314
306 351
306 370
306 373
306 378
306 380
306 387
307 343
307 386
308 385
309 340
311 336
311 399
312 323
312 369
313 317
313 334
313 358
314 370
314 373
314 378
314 380
314 387
315 317
315 326
315 344
315 360
316 318
316 376
317 319
317 344
317 358
318 372
318 376
319 344
320 339
320 396
323 369
324 328
324 379
325 336
325 355
325 375
325 382
326 360
326 362
328 379
330 366
331 333
331 359
331 368
332 366
334 377
335 340
335 389
336 355
336 384
336 399
337 347
337 352
339 365
340 389
342 391
345 392
346 348
346 372
346 376
347 352
348 372
350 359
350 374
351 370
351 378
353 394
353 398
355 384
355 390
355 399
357 388
357 395
359 368
360 362
361 367
362 388
364 396
370 378
370 387
371 381
372 376
373 378
373 380
373 386
375 382
378 387
380 386
382 390
384 390
384 399
393 397
393 398
397 398
