400 1998
0 23
0 268
0 279
0 319
1 20
1 36
1 117
1 131
1 310
1 326
1 365
2 21
2 28
2 42
2 122
2 207
2 222
2 307
2 371
2 391
2 394
3 25
3 43
3 108
3 239
3 280
3 352
3 356
3 374
4 261
4 271
4 294
4 383
5 53
5 214
5 219
5 362
6 17
6 80
6 126
6 186
6 193
6 207
6 275
6 321
6 369
6 370
7 32
7 47
7 104
7 105
7 203
7 227
7 235
7 376
7 395
8 40
8 49
8 245
8 349
8 375
9 324
9 354
9 399
10 151
10 160
10 172
10 217
10 304
10 329
10 336
10 358
10 380
10 387
11 14
11 74
11 89
11 172
11 196
11 252
11 288
11 291
11 309
11 336
11 358
11 387
12 29
12 35
12 63
12 206
12 216
12 223
12 234
12 243
12 258
12 262
12 308
12 342
12 343
13 185
13 296
13 362
14 74
14 89
14 103
14 144
14 172
14 196
14 252
14 288
14 291
14 309
14 336
14 387
15 24
15 41
15 54
15 65
15 87
15 127
15 128
15 148
15 168
15 171
15 197
15 199
15 298
15 316
15 328
15 330
15 359
15 396
16 83
16 95
16 98
16 127
16 156
16 197
16 253
16 267
16 298
16 316
17 70
17 82
17 119
17 126
17 193
17 207
17 275
17 321
17 370
18 72
18 85
18 91
18 174
18 305
18 378
19 37
19 58
19 123
19 200
19 350
19 378
19 393
20 36
20 131
20 142
20 241
20 266
20 281
20 310
20 326
20 365
20 395
21 28
21 38
21 42
21 70
21 73
21 81
21 122
21 222
21 286
21 307
21 338
21 371
21 391
22 51
22 132
22 170
22 245
22 255
22 276
22 332
22 385
23 175
23 221
23 248
23 268
23 279
23 360
24 54
24 65
24 116
24 127
24 128
24 171
24 197
24 220
24 298
24 328
24 330
24 367
24 396
25 43
25 50
25 120
25 184
25 200
25 202
25 229
25 300
25 301
25 318
25 352
25 356
26 44
26 92
26 109
26 111
26 161
26 169
26 189
26 225
26 236
26 246
26 282
26 283
26 284
26 299
26 312
26 322
26 339
27 46
27 100
27 176
27 212
27 325
27 340
27 357
28 38
28 42
28 122
28 155
28 222
28 286
28 307
28 333
28 371
28 391
29 76
29 125
29 149
29 206
29 216
29 234
29 243
29 258
29 262
29 308
29 342
30 195
30 311
31 45
31 59
31 112
31 114
31 136
31 208
31 211
31 259
31 264
31 315
31 368
31 388
32 47
32 104
32 105
32 142
32 203
32 227
32 235
32 241
32 281
32 285
32 313
32 376
32 395
33 77
33 80
33 101
33 115
33 143
33 190
33 201
33 263
33 270
33 369
34 71
34 106
34 137
34 138
34 238
34 247
35 118
35 146
35 206
35 216
35 223
35 234
35 258
35 297
35 308
35 342
35 343
36 131
36 310
36 326
36 365
37 43
37 123
37 135
37 200
37 293
38 73
38 110
38 155
38 272
38 286
38 307
38 338
38 371
38 384
39 75
39 120
39 229
39 257
39 278
39 318
39 333
39 366
40 49
40 57
40 97
40 194
40 213
40 226
40 292
40 349
40 375
41 67
41 83
41 87
41 95
41 127
41 148
41 168
41 171
41 197
41 298
41 316
41 332
41 347
41 359
41 377
42 122
42 222
42 286
42 307
42 333
42 371
42 391
43 108
43 184
43 239
43 280
43 352
43 356
43 374
44 109
44 161
44 169
44 176
44 182
44 188
44 224
44 225
44 236
44 246
44 283
44 284
44 299
44 322
45 59
45 103
45 114
45 130
45 136
45 144
45 177
45 211
45 218
45 251
45 259
45 264
45 315
45 368
46 176
46 178
46 212
46 269
46 283
46 325
46 340
46 357
47 104
47 105
47 139
47 142
47 165
47 203
47 227
47 235
47 241
47 260
47 266
47 281
47 313
47 395
48 50
48 64
48 75
48 121
48 202
48 229
48 233
48 254
48 300
48 301
48 345
48 348
49 213
49 226
49 245
49 255
49 349
49 375
49 385
50 75
50 121
50 184
50 202
50 229
50 233
50 254
50 257
50 300
50 301
51 132
51 170
51 180
51 198
51 245
51 255
51 276
51 332
51 385
52 62
52 84
52 94
52 150
52 157
52 192
52 228
52 287
52 302
52 317
52 363
52 388
53 214
53 219
53 362
54 65
54 87
54 128
54 148
54 168
54 171
54 187
54 197
54 199
54 328
54 330
54 359
54 381
54 396
55 60
55 208
55 209
55 291
55 314
55 367
55 382
55 386
55 398
56 66
56 92
56 166
56 183
56 191
56 195
56 311
56 312
56 346
57 69
57 79
57 86
57 88
57 97
57 194
57 215
57 249
57 292
57 349
57 372
57 389
58 72
58 85
58 91
58 123
58 174
58 350
58 378
58 393
59 94
59 114
59 124
59 136
59 211
59 259
59 287
59 363
59 368
59 388
60 144
60 208
60 209
60 252
60 291
60 314
60 315
60 367
60 382
60 386
61 77
61 179
61 190
61 270
61 289
61 294
61 335
61 373
62 94
62 140
62 150
62 181
62 287
62 302
62 317
62 363
63 72
63 84
63 91
63 153
63 234
63 262
63 334
63 350
64 121
64 173
64 233
64 305
64 306
64 345
64 348
64 355
65 87
65 116
65 127
65 128
65 148
65 168
65 171
65 197
65 220
65 298
65 328
65 330
65 396
66 92
66 166
66 183
66 191
66 195
66 311
67 83
67 95
67 230
67 267
67 276
67 316
67 332
67 344
67 347
68 99
68 113
68 134
68 205
68 256
68 327
68 337
69 70
69 88
69 194
69 215
69 249
69 370
69 372
70 81
70 122
70 194
70 215
70 249
70 307
70 370
70 371
70 372
71 106
71 138
71 231
71 247
71 273
72 85
72 91
72 153
72 174
72 334
72 350
72 378
72 393
73 81
73 97
73 110
73 194
73 272
73 286
73 292
73 307
73 338
73 371
73 372
73 384
74 89
74 103
74 144
74 172
74 196
74 252
74 288
74 291
74 309
74 314
74 336
74 358
74 387
75 202
75 229
75 233
75 254
75 257
75 300
75 301
76 84
76 125
76 149
76 243
76 262
76 302
77 143
77 179
77 190
77 261
77 270
77 271
77 289
77 294
77 335
77 373
78 108
78 220
78 244
78 293
78 320
78 328
78 374
78 398
79 86
79 88
79 167
79 324
79 364
79 389
79 399
80 101
80 126
80 193
80 201
80 207
80 263
80 275
80 323
80 351
80 369
80 394
81 97
81 110
81 194
81 292
81 307
81 338
81 371
81 372
82 119
82 139
82 186
82 249
82 260
82 275
82 321
82 370
83 95
83 156
83 230
83 253
83 267
83 276
83 316
83 332
83 344
83 397
84 125
84 153
84 262
84 334
85 91
85 153
85 174
85 334
85 350
85 378
85 393
86 88
86 167
86 324
86 354
86 364
86 389
86 399
87 148
87 168
87 171
87 187
87 199
87 272
87 330
87 347
87 359
87 377
87 384
87 396
88 104
88 165
88 167
88 215
88 249
88 364
88 389
89 151
89 172
89 196
89 209
89 252
89 288
89 291
89 309
89 314
89 336
89 358
89 387
90 115
90 154
90 237
90 290
90 392
91 153
91 174
91 334
91 350
91 378
91 393
92 111
92 161
92 166
92 169
92 183
92 188
92 191
92 219
92 225
92 312
92 346
93 153
93 192
93 228
93 350
93 353
93 379
94 140
94 150
94 181
94 287
94 302
94 317
94 363
95 156
95 230
95 253
95 267
95 276
95 316
95 332
95 344
95 397
96 117
96 204
96 265
96 281
96 365
97 110
97 194
97 213
97 292
97 338
97 349
97 372
98 304
99 113
99 156
99 253
99 256
99 327
99 397
100 159
100 164
100 325
100 340
101 115
101 126
101 154
101 193
101 201
101 237
101 263
101 290
101 323
101 351
101 369
102 106
102 113
102 137
102 138
102 231
102 238
102 247
102 256
102 273
102 327
102 361
102 397
103 144
103 196
103 208
103 252
103 264
103 288
103 291
103 314
103 315
104 139
104 165
104 167
104 227
104 364
104 376
105 142
105 203
105 227
105 235
105 241
105 266
105 281
105 285
105 313
105 395
106 137
106 138
106 231
106 238
106 247
106 361
107 137
107 170
107 180
107 198
107 238
107 295
108 135
108 244
108 280
108 293
108 320
108 328
108 374
108 381
109 111
109 161
109 169
109 189
109 225
109 236
109 246
109 250
109 282
109 283
109 284
109 299
109 312
109 339
110 194
110 213
110 272
110 292
110 307
110 338
110 349
110 372
110 384
111 152
111 161
111 169
111 189
111 225
111 246
111 282
111 283
111 299
111 312
111 339
111 346
112 150
112 157
112 192
112 228
112 287
112 353
112 368
112 379
112 388
113 134
113 205
113 231
113 256
113 327
113 337
113 397
114 136
114 177
114 211
114 218
114 251
114 259
114 264
114 368
115 143
115 154
115 201
115 237
115 263
115 290
116 127
116 128
116 197
116 209
116 220
116 298
116 367
117 204
117 365
118 129
118 146
118 162
118 206
118 223
118 297
118 308
118 343
119 131
119 139
119 158
119 165
119 186
119 260
119 266
119 275
119 321
119 370
120 318
120 333
120 352
120 356
121 233
121 254
121 306
121 345
122 207
122 222
122 307
122 371
122 391
123 200
123 350
123 355
123 378
123 393
124 136
124 140
124 232
124 363
125 149
125 262
125 302
126 158
126 186
126 193
126 201
126 207
126 275
126 321
126 323
126 351
126 369
126 394
127 128
127 148
127 168
127 171
127 197
127 298
127 316
128 148
128 168
128 171
128 197
128 220
128 298
128 328
128 330
128 396
129 146
129 162
129 223
129 277
129 297
130 136
130 177
130 218
130 251
130 303
131 158
131 186
131 260
131 266
131 275
131 310
131 321
131 323
131 326
132 170
132 180
132 198
132 240
132 385
133 190
133 207
133 270
133 369
133 394
134 205
134 242
134 274
134 337
134 390
135 244
135 293
136 177
136 211
136 218
136 251
136 259
136 264
136 368
137 138
137 170
137 180
137 231
137 238
137 295
137 361
138 231
138 238
138 247
138 295
138 361
139 165
139 227
139 249
139 260
139 266
139 321
139 370
140 181
140 232
140 302
140 317
140 360
140 363
141 163
141 176
141 178
141 212
141 269
141 357
142 203
142 227
142 235
142 241
142 260
142 266
142 281
142 313
142 395
143 261
143 335
143 373
144 196
144 208
144 252
144 264
144 288
144 291
144 314
144 315
145 205
145 242
145 273
145 274
145 390
146 162
146 206
146 223
146 258
146 297
146 308
146 343
147 305
147 325
148 168
148 171
148 197
148 298
148 316
148 330
148 347
148 359
148 396
149 243
149 262
149 319
149 331
150 157
150 192
150 228
150 287
150 317
150 363
150 368
150 388
151 172
151 217
151 288
151 291
151 304
151 329
151 336
151 358
151 387
152 166
152 189
152 191
152 210
152 312
152 346
153 192
153 334
153 350
153 393
154 201
154 237
154 263
154 290
154 323
154 351
154 392
155 199
155 239
155 280
155 286
155 338
155 381
155 384
156 230
156 253
156 256
156 267
156 327
156 344
156 397
157 192
157 228
157 287
157 353
157 368
157 379
157 388
158 186
158 193
158 275
158 310
158 321
158 323
158 326
158 351
159 162
159 164
159 277
159 340
160 217
160 304
160 329
160 380
161 169
161 182
161 188
161 189
161 224
161 225
161 236
161 246
161 283
161 284
161 299
161 312
161 322
161 339
162 223
162 277
162 297
162 343
163 176
163 178
163 212
163 269
163 284
163 322
163 357
164 277
164 340
165 167
165 227
165 249
165 260
165 266
165 364
166 183
166 191
166 312
166 346
167 324
167 364
167 389
168 171
168 187
168 197
168 298
168 316
168 330
168 347
168 359
168 377
168 396
169 182
169 188
169 224
169 225
169 236
169 246
169 283
169 284
169 299
169 312
169 322
169 339
170 180
170 198
170 238
170 276
170 295
170 361
170 385
171 197
171 298
171 316
171 330
171 347
171 359
171 396
172 196
172 217
172 288
172 291
172 309
172 314
172 329
172 336
172 358
172 387
173 305
173 306
173 345
173 348
173 355
173 378
174 350
174 378
174 393
175 181
175 221
175 232
175 248
175 360
176 178
176 212
176 236
176 246
176 269
176 283
176 284
176 322
176 357
177 218
177 251
177 264
177 303
178 212
178 269
178 284
178 322
178 357
179 190
179 270
179 289
179 294
179 335
179 373
180 198
180 238
180 295
180 361
181 232
181 248
181 279
181 302
181 317
181 360
181 363
182 188
182 214
182 219
182 224
182 225
182 236
182 246
182 284
182 299
182 322
183 188
183 191
183 195
183 311
183 312
183 346
184 200
184 202
184 229
184 254
184 300
184 301
184 318
184 356
185 296
185 362
186 193
186 275
186 310
186 321
186 323
186 326
186 351
187 199
187 226
187 272
187 341
187 347
187 359
187 377
187 384
188 214
188 219
188 224
188 236
188 322
189 225
189 246
189 250
189 282
189 283
189 299
189 312
189 339
189 346
190 270
190 335
190 369
191 346
192 228
192 287
192 353
192 388
193 201
193 207
193 275
193 321
193 323
193 351
193 369
194 215
194 292
194 338
194 349
194 372
195 311
196 252
196 288
196 291
196 309
196 336
196 358
196 387
197 298
197 316
198 240
198 385
199 280
199 328
199 330
199 381
199 396
200 300
200 301
200 348
201 237
201 263
201 290
201 323
201 351
201 369
202 229
202 233
202 254
202 257
202 300
202 301
203 235
203 241
203 281
203 285
203 313
203 395
204 265
204 365
205 242
205 273
205 274
205 337
205 390
206 216
206 223
206 234
206 243
206 258
206 262
206 297
206 308
206 342
206 343
207 222
207 369
207 391
207 394
208 252
208 264
208 291
208 314
208 315
208 382
208 386
209 291
209 314
209 367
209 386
210 257
210 366
211 218
211 259
211 264
211 315
211 368
212 269
212 284
212 357
213 226
213 245
213 255
213 292
213 341
213 349
213 375
214 219
214 224
214 362
215 249
215 370
215 372
215 389
216 223
216 234
216 243
216 258
216 262
216 308
216 331
216 342
217 304
217 329
217 336
217 358
217 380
218 251
218 259
218 264
218 303
219 224
220 244
220 320
220 367
220 398
221 232
221 248
221 360
222 307
222 333
222 371
222 391
222 394
223 234
223 258
223 297
223 308
223 342
223 343
224 225
224 236
224 246
224 284
224 299
224 322
225 236
225 246
225 282
225 283
225 284
225 299
225 312
225 322
225 339
226 245
226 255
226 272
226 292
226 341
226 347
226 349
226 359
226 375
226 377
227 235
227 241
227 260
227 266
227 281
227 395
228 287
228 353
228 379
228 388
229 233
229 254
229 257
229 300
229 301
229 318
230 253
230 267
230 276
230 316
230 332
230 344
230 397
231 238
231 247
231 273
231 361
232 248
232 360
232 363
233 254
233 257
233 300
233 301
233 348
234 243
234 258
234 262
234 308
234 342
234 343
235 241
235 281
235 285
235 313
235 395
236 246
236 283
236 284
236 299
236 322
237 263
237 290
237 323
237 351
237 392
238 295
238 361
239 280
239 352
239 356
239 374
239 381
240 385
241 260
241 266
241 281
241 313
241 395
242 274
242 390
243 258
243 262
243 308
243 331
243 342
244 293
244 320
244 374
244 398
245 255
245 341
245 375
245 385
246 282
246 283
246 284
246 299
246 322
246 339
247 273
248 268
248 279
248 360
249 370
249 372
249 389
250 282
250 283
250 306
250 325
250 339
250 345
251 303
252 288
252 291
252 309
252 314
252 315
252 387
253 256
253 267
253 327
253 344
253 397
254 257
254 300
254 301
254 348
255 332
255 341
255 375
255 385
256 327
256 397
257 366
258 262
258 297
258 308
258 342
258 343
259 264
259 368
259 388
260 266
260 321
261 271
261 289
261 294
261 335
261 373
261 383
262 342
263 290
263 323
263 351
264 315
265 365
266 395
267 276
267 316
267 332
267 344
267 397
268 279
268 319
269 357
270 335
271 289
271 294
271 335
271 373
271 383
272 338
272 341
272 359
272 377
272 384
273 274
273 390
274 337
274 390
275 321
275 323
275 351
275 370
276 295
276 332
276 344
276 361
276 385
278 366
279 360
280 328
280 352
280 374
280 381
281 313
281 365
281 395
282 283
282 299
282 306
282 339
283 284
283 299
283 322
283 339
284 299
284 322
284 357
285 313
285 395
286 307
286 338
286 371
286 384
287 353
287 368
287 388
288 291
288 309
288 314
288 336
288 358
288 387
289 294
289 335
289 373
289 383
290 392
291 309
291 314
291 336
291 358
291 386
291 387
292 349
292 372
292 375
293 320
293 374
294 335
294 373
294 383
295 361
296 362
297 308
297 343
298 316
299 312
299 322
299 339
300 301
300 348
301 348
301 355
302 317
302 363
304 329
304 358
304 380
305 345
305 355
305 378
306 345
307 338
307 371
308 342
308 343
309 336
309 358
309 387
310 323
310 326
312 339
312 346
313 395
314 336
314 386
314 387
315 382
316 332
316 347
317 363
318 333
318 352
318 356
319 331
320 328
320 330
320 374
320 381
320 396
321 370
323 326
323 351
324 354
324 364
324 389
324 399
325 340
327 397
328 330
328 374
328 381
328 396
329 336
329 358
329 380
330 359
330 381
330 396
332 347
333 352
333 356
333 391
334 350
335 373
336 358
336 387
338 371
338 372
338 384
339 346
341 347
341 359
341 377
341 384
342 343
344 397
347 359
347 377
348 355
349 372
349 375
350 378
350 393
352 356
353 379
353 388
354 399
355 378
358 387
359 377
359 384
364 389
367 386
368 388
369 394
371 391
373 383
374 381
377 384
378 393
379 382
379 388
379 398
381 396
382 386
382 398
386 398
391 394
