50 201
0 3
0 6
0 9
0 10
0 15
0 18
0 23
0 39
0 47
0 49
1 2
1 8
1 12
1 20
1 26
1 42
2 8
2 12
2 20
2 24
2 25
2 26
2 42
3 6
3 9
3 10
3 15
3 18
3 23
3 29
3 39
3 46
3 47
3 49
4 16
4 17
4 27
4 35
4 37
4 43
5 11
5 16
5 17
5 28
5 37
5 43
5 48
6 7
6 9
6 15
6 18
6 23
6 25
6 32
6 44
6 47
7 9
7 15
7 21
7 23
7 30
7 32
7 44
7 45
7 46
8 12
8 20
8 26
8 42
9 15
9 23
9 29
9 31
9 32
9 44
9 45
9 46
10 15
10 18
10 27
10 29
10 35
10 39
10 47
10 49
11 13
11 22
11 24
11 28
11 37
11 48
12 14
12 20
12 26
12 33
12 42
13 14
13 20
13 22
13 24
13 33
14 20
14 22
14 24
14 26
14 33
14 42
15 18
15 23
15 29
15 32
15 39
15 44
15 46
15 47
15 49
16 17
16 27
16 28
16 35
16 37
16 43
16 48
17 27
17 35
17 37
17 43
18 29
18 35
18 39
18 47
18 49
19 31
19 34
19 38
19 46
20 22
20 24
20 26
20 33
20 42
21 30
21 32
21 44
21 45
22 24
22 33
23 29
23 31
23 39
23 44
23 46
23 47
24 33
25 36
25 40
25 41
26 33
26 42
27 35
27 37
27 39
27 43
27 49
28 37
28 43
28 48
29 31
29 39
29 46
29 49
30 32
30 44
30 45
31 34
31 38
31 39
31 46
32 40
32 44
32 45
33 42
34 38
34 46
35 37
35 39
35 43
35 49
36 40
36 41
37 43
37 48
39 46
39 47
39 49
40 41
43 48
44 45
44 46
45 46
47 49
