200 1066
0 2
0 4
0 13
0 25
0 32
0 47
0 79
0 107
0 119
0 134
0 164
0 174
1 52
1 57
1 59
1 121
1 167
1 168
1 170
1 180
1 190
1 193
1 196
2 47
2 68
2 79
2 103
2 174
3 32
3 41
3 54
3 71
3 140
3 164
4 11
4 13
4 19
4 25
4 32
4 46
4 48
4 71
4 84
4 107
4 119
4 130
4 164
5 14
5 21
5 75
5 80
5 120
5 124
5 128
5 146
5 175
5 184
5 195
5 198
5 199
6 7
6 42
6 58
6 62
6 86
6 91
6 98
6 106
6 137
6 144
6 156
6 179
6 181
6 188
7 23
7 58
7 61
7 62
7 91
7 93
7 98
7 115
7 137
7 144
7 151
7 179
7 181
7 188
8 24
8 36
8 49
8 54
8 100
8 104
8 110
8 136
8 152
9 11
9 13
9 22
9 25
9 43
9 48
9 55
9 77
9 82
9 134
9 150
9 157
9 172
10 78
11 13
11 19
11 22
11 25
11 43
11 46
11 48
11 77
11 82
11 84
11 107
11 119
11 130
11 150
11 157
12 15
12 65
12 90
12 105
12 147
12 148
12 158
12 195
12 199
13 22
13 25
13 43
13 48
13 55
13 77
13 79
13 82
13 107
13 134
13 150
13 157
14 34
14 42
14 60
14 73
14 75
14 86
14 87
14 124
14 128
14 135
14 156
14 175
14 184
14 191
15 20
15 65
15 90
15 105
15 147
15 148
15 158
15 195
15 199
16 26
16 33
16 39
16 53
16 113
16 125
16 155
16 159
16 177
17 27
17 41
17 67
17 116
17 140
17 176
17 187
17 194
18 40
18 50
18 56
18 64
18 92
18 111
18 149
18 153
18 189
18 192
19 25
19 32
19 46
19 48
19 63
19 69
19 72
19 84
19 107
19 108
19 119
19 130
19 131
19 150
20 65
20 89
20 90
20 127
20 148
20 158
20 199
21 42
21 75
21 80
21 86
21 106
21 120
21 124
21 128
21 146
21 156
21 175
21 184
21 198
22 25
22 43
22 48
22 55
22 77
22 82
22 134
22 150
22 157
23 61
23 74
23 76
23 115
23 122
23 141
23 144
23 172
23 188
24 26
24 49
24 100
24 102
24 104
24 110
24 118
24 136
24 152
25 32
25 46
25 48
25 77
25 79
25 82
25 107
25 119
25 130
25 134
25 150
25 164
25 174
26 49
26 102
26 104
26 118
26 125
26 155
26 159
27 41
27 67
27 116
27 140
27 176
27 187
27 194
27 197
28 29
28 30
28 88
28 94
28 129
28 133
28 138
28 142
28 143
28 154
28 160
28 171
28 173
28 186
29 30
29 88
29 94
29 99
29 112
29 129
29 138
29 142
29 143
29 160
29 192
30 88
30 94
30 117
30 129
30 149
30 160
31 36
31 66
31 69
31 81
31 83
31 95
31 104
31 108
31 114
31 136
31 155
31 169
31 177
32 46
32 71
32 84
32 107
32 119
32 130
32 140
32 164
33 39
33 51
33 53
33 70
33 85
33 94
33 96
33 125
33 129
33 154
33 159
33 173
33 186
34 60
34 73
34 75
34 87
34 113
34 135
34 175
34 191
35 37
35 67
35 166
35 183
35 185
35 194
36 49
36 54
36 63
36 69
36 72
36 83
36 100
36 104
36 114
36 136
36 152
36 169
37 161
38 39
38 51
38 70
38 85
38 89
38 97
38 113
38 123
38 127
39 51
39 53
39 60
39 70
39 97
39 113
39 125
39 159
39 173
39 191
40 50
40 52
40 101
40 111
40 117
40 132
40 149
40 153
40 178
40 189
41 71
41 116
41 140
41 164
41 176
41 187
41 197
42 62
42 73
42 75
42 86
42 87
42 98
42 106
42 124
42 128
42 135
42 156
42 175
42 179
43 48
43 77
43 82
43 150
43 157
43 172
44 92
44 126
44 139
44 153
44 182
45 56
45 64
45 99
45 112
45 138
45 142
45 145
45 192
46 63
46 69
46 72
46 84
46 107
46 108
46 119
46 130
46 131
46 150
46 164
47 68
47 103
47 174
47 197
48 77
48 82
48 107
48 134
48 150
48 157
49 54
49 100
49 102
49 104
49 110
49 118
49 136
49 152
50 101
50 111
50 117
50 132
50 149
50 153
50 178
50 189
50 192
51 53
51 70
51 85
51 96
51 97
51 113
51 173
51 186
52 57
52 59
52 101
52 110
52 121
52 132
52 168
52 180
52 190
53 70
53 85
53 113
53 125
53 159
53 173
53 186
54 100
54 110
54 116
54 136
54 152
54 176
55 77
55 79
55 82
55 134
55 157
56 64
56 92
56 111
56 162
56 192
57 59
57 110
57 116
57 121
57 132
57 168
57 176
57 180
57 190
57 193
58 62
58 66
58 81
58 91
58 93
58 95
58 137
58 151
58 179
58 181
58 188
59 121
59 167
59 168
59 170
59 180
59 190
59 193
59 196
60 73
60 113
60 191
61 91
61 93
61 115
61 137
61 141
61 144
61 188
62 66
62 75
62 86
62 87
62 91
62 98
62 106
62 135
62 137
62 156
62 175
62 179
62 181
62 188
63 69
63 72
63 83
63 84
63 108
63 114
63 130
63 131
63 169
64 162
64 192
65 89
65 90
65 105
65 127
65 147
65 148
65 158
65 195
65 199
66 81
66 91
66 93
66 95
66 135
66 151
66 181
67 166
67 183
67 185
67 187
67 194
68 103
68 109
68 165
68 166
68 183
68 185
68 187
68 197
69 72
69 83
69 84
69 108
69 114
69 131
69 136
69 169
70 85
70 96
70 97
70 113
70 123
70 154
70 173
70 186
71 107
71 119
71 130
71 140
71 164
71 197
72 83
72 84
72 108
72 114
72 130
72 131
72 136
72 169
73 75
73 87
73 128
73 135
73 156
73 175
73 191
74 76
74 115
74 122
74 141
74 172
75 86
75 87
75 106
75 124
75 128
75 135
75 156
75 175
75 184
76 115
76 122
76 141
76 172
77 82
77 134
77 150
77 157
78 145
79 134
79 174
80 120
80 124
80 128
80 146
80 184
80 198
81 83
81 93
81 95
81 108
81 114
81 131
81 151
81 169
81 181
82 134
82 150
82 157
83 84
83 108
83 114
83 131
83 136
83 169
84 107
84 108
84 114
84 119
84 130
84 131
85 94
85 96
85 123
85 154
85 171
85 173
85 186
86 87
86 98
86 106
86 124
86 128
86 156
86 175
86 179
87 106
87 128
87 135
87 156
87 175
88 94
88 129
88 138
88 142
88 154
88 160
88 171
88 173
88 186
89 97
89 127
89 158
90 105
90 147
90 148
90 158
90 195
90 199
91 93
91 137
91 144
91 151
91 179
91 181
91 188
92 111
92 126
92 139
92 153
92 162
92 182
92 189
93 108
93 115
93 131
93 137
93 151
93 181
93 188
94 96
94 129
94 133
94 154
94 160
94 171
94 173
94 186
95 135
95 155
95 169
95 177
95 181
96 123
96 133
96 154
96 171
96 173
96 186
97 113
97 127
98 106
98 137
98 156
98 179
98 188
99 112
99 138
99 142
99 143
99 145
100 104
100 110
100 118
100 136
100 152
101 110
101 111
101 117
101 118
101 132
101 149
101 153
101 178
101 189
102 104
102 118
102 125
102 152
102 159
103 109
103 165
103 166
103 183
103 185
103 187
103 197
104 118
104 136
104 152
104 169
105 120
105 146
105 147
105 148
105 184
105 195
105 198
105 199
106 128
106 156
106 175
106 179
107 119
107 130
107 150
107 164
108 114
108 131
108 151
108 169
109 165
109 166
109 183
109 185
110 118
110 132
110 152
110 178
111 117
111 149
111 153
111 178
111 189
111 192
112 138
112 142
112 143
112 145
113 191
114 131
114 136
114 169
115 122
115 141
115 144
115 172
115 188
116 140
116 176
117 118
117 149
117 178
117 189
117 192
118 149
118 152
118 178
119 130
119 164
120 124
120 146
120 147
120 184
120 195
120 198
120 199
121 132
121 168
121 180
121 190
121 193
121 196
122 141
122 172
123 133
123 154
123 171
123 186
124 128
124 146
124 156
124 175
124 184
124 198
125 155
125 159
125 177
126 139
126 182
126 196
127 148
127 158
128 135
128 156
128 175
128 184
129 159
129 160
129 173
129 186
130 164
131 151
131 169
132 153
132 168
132 178
132 180
132 189
133 142
133 143
133 154
133 160
133 171
133 186
134 174
135 156
135 175
135 181
136 152
136 169
137 144
137 151
137 179
137 181
137 188
138 142
138 145
138 160
138 192
139 153
139 162
139 182
140 164
140 176
140 197
141 144
141 172
142 143
142 145
142 160
142 171
143 160
143 171
144 179
144 188
146 147
146 184
146 195
146 198
146 199
147 148
147 158
147 195
147 198
147 199
148 158
148 195
148 199
149 178
149 189
149 192
150 157
150 172
151 181
151 188
153 162
153 182
153 189
154 160
154 171
154 173
154 186
155 177
156 175
156 179
157 172
158 195
158 199
159 173
160 171
160 173
160 186
163 167
163 170
163 193
163 196
164 197
165 166
165 183
165 185
165 187
166 183
166 185
166 187
166 194
166 197
167 170
167 190
167 193
167 196
168 170
168 180
168 190
168 193
168 196
170 180
170 190
170 193
170 196
171 173
171 186
173 186
175 184
176 180
178 189
179 181
179 188
180 190
180 193
181 188
182 196
183 185
183 187
183 194
184 195
184 198
185 187
185 194
185 197
187 194
187 197
190 193
190 196
193 196
195 198
195 199
198 199
