200 1098
0 39
0 51
0 93
0 107
0 120
0 123
0 128
0 134
0 162
0 175
0 192
1 8
1 30
1 49
1 56
1 62
1 82
1 134
1 139
1 167
1 177
1 182
1 183
1 187
1 192
2 8
2 56
2 59
2 76
2 82
2 139
2 158
2 171
2 182
2 183
2 187
3 28
3 34
3 54
3 173
3 197
3 199
4 9
4 24
4 116
5 25
5 49
5 50
5 56
5 60
5 62
5 75
5 87
5 96
5 113
5 115
5 130
5 135
5 151
5 159
5 177
5 186
6 23
6 40
6 45
6 59
6 66
6 83
6 137
6 150
6 156
6 194
7 14
7 45
7 52
7 58
7 59
7 66
7 76
7 89
7 122
7 131
7 150
7 156
7 158
7 194
8 56
8 82
8 139
8 158
8 182
8 183
8 187
9 24
9 116
10 16
10 19
10 25
10 43
10 48
10 65
10 70
10 75
10 87
10 91
10 113
10 115
10 124
10 142
10 151
10 159
10 184
10 186
11 17
11 55
11 81
11 92
11 129
11 132
11 149
11 161
11 165
11 174
11 191
11 195
12 18
12 37
12 53
12 79
12 80
12 90
12 104
12 112
12 114
12 157
12 172
13 15
13 22
13 88
13 101
13 103
13 144
13 154
14 45
14 52
14 59
14 66
14 83
14 89
14 137
14 150
14 156
14 194
15 16
15 22
15 25
15 50
15 60
15 101
15 117
15 154
15 160
16 19
16 25
16 43
16 48
16 60
16 88
16 91
16 111
16 138
16 142
16 151
16 154
16 159
17 81
17 92
17 165
17 174
18 28
18 37
18 47
18 53
18 78
18 79
18 80
18 90
18 114
18 116
18 125
18 157
18 172
18 189
19 25
19 43
19 48
19 65
19 70
19 75
19 87
19 91
19 124
19 142
19 151
19 159
19 184
19 186
20 21
20 73
20 141
21 46
21 73
21 119
21 141
21 169
22 60
22 101
22 117
22 154
22 160
23 40
23 45
23 59
23 83
23 137
23 150
23 156
23 187
23 194
24 116
25 43
25 48
25 60
25 65
25 75
25 87
25 91
25 135
25 142
25 151
25 154
25 159
26 33
26 35
26 42
26 61
26 93
26 100
26 107
26 118
26 120
26 121
26 123
26 128
26 145
26 146
27 74
27 99
27 144
28 54
28 116
28 172
28 173
28 197
28 199
29 31
29 32
29 36
29 57
29 155
29 163
29 178
29 179
29 185
30 82
30 134
30 143
30 147
30 167
30 170
30 182
30 187
30 192
30 198
31 32
31 36
31 57
31 64
31 69
31 71
31 127
31 155
31 163
31 178
31 179
31 185
31 190
32 36
32 57
32 69
32 155
32 163
32 178
32 179
32 185
32 190
33 35
33 41
33 42
33 61
33 68
33 145
33 168
33 181
34 98
34 100
34 102
34 173
34 176
34 197
34 199
35 42
35 61
35 93
35 100
35 107
35 118
35 121
35 123
35 128
35 145
35 176
36 57
36 64
36 69
36 127
36 133
36 155
36 163
36 178
36 179
36 185
36 190
37 53
37 79
37 80
37 90
37 94
37 104
37 112
37 114
37 125
37 157
37 172
37 189
37 193
38 64
38 67
38 68
38 86
38 105
38 127
38 133
38 178
38 181
38 188
39 51
39 93
39 107
39 120
39 128
39 134
39 162
39 167
39 175
39 177
39 192
40 45
40 59
40 83
40 137
40 150
40 156
40 194
41 42
41 61
41 68
41 168
41 175
41 181
42 61
42 68
42 93
42 107
42 123
42 145
42 168
42 175
42 181
43 46
43 48
43 88
43 91
43 97
43 108
43 111
43 119
43 138
43 142
43 154
43 166
43 169
43 184
43 196
44 50
44 96
44 171
44 180
45 52
45 59
45 66
45 83
45 137
45 150
45 156
45 194
46 84
46 88
46 97
46 103
46 108
46 111
46 119
46 138
46 166
46 169
46 196
47 53
47 72
47 78
47 79
47 80
47 90
47 114
47 125
47 157
47 189
48 60
48 65
48 87
48 91
48 111
48 138
48 142
48 151
48 154
48 159
49 56
49 62
49 96
49 113
49 115
49 130
49 135
49 177
49 182
49 183
50 60
50 96
50 117
50 130
50 135
50 160
51 62
51 93
51 113
51 115
51 120
51 128
51 134
51 162
51 175
51 177
51 186
51 192
52 58
52 59
52 66
52 76
52 83
52 89
52 122
52 137
52 150
52 156
52 158
52 194
53 78
53 79
53 80
53 90
53 114
53 125
53 157
53 172
53 189
54 116
54 173
54 197
54 199
55 69
55 92
55 129
55 149
55 161
55 165
55 174
55 191
56 62
56 96
56 130
56 135
56 139
56 171
56 177
56 182
56 183
57 64
57 69
57 71
57 127
57 155
57 163
57 178
57 179
57 185
57 190
58 76
58 89
58 122
58 131
58 180
59 66
59 76
59 83
59 137
59 150
59 156
59 158
59 194
60 96
60 117
60 135
60 151
60 154
60 160
61 68
61 145
61 168
61 175
61 181
62 113
62 115
62 130
62 177
62 182
62 183
62 192
63 129
63 132
63 134
63 143
63 148
63 167
63 168
63 170
63 175
63 195
64 67
64 69
64 86
64 127
64 133
64 155
64 178
64 179
64 188
64 190
65 70
65 75
65 87
65 91
65 113
65 115
65 124
65 142
65 151
65 159
65 184
65 186
66 83
66 89
66 137
66 150
66 156
66 194
67 68
67 86
67 105
67 127
67 136
67 181
67 188
68 105
68 168
68 181
68 188
69 127
69 133
69 155
69 178
69 179
69 185
69 191
70 75
70 87
70 91
70 113
70 115
70 124
70 142
70 151
70 153
70 159
70 162
70 184
70 186
71 86
71 127
71 155
71 178
71 179
71 185
71 188
71 190
72 79
72 80
72 95
72 112
72 125
72 126
72 157
72 189
72 193
73 141
74 85
74 99
75 87
75 91
75 113
75 115
75 124
75 142
75 151
75 159
75 162
75 177
75 186
76 122
76 131
76 139
76 150
76 158
76 171
76 180
77 94
77 110
77 112
77 126
77 141
77 164
77 193
78 79
78 80
78 90
78 114
78 125
78 157
78 172
78 189
79 80
79 90
79 112
79 114
79 125
79 157
79 172
79 189
79 193
80 90
80 104
80 112
80 114
80 125
80 157
80 172
80 189
80 193
81 92
81 143
81 147
81 165
81 170
81 174
81 198
82 143
82 147
82 167
82 182
82 183
82 187
82 192
82 198
83 137
83 150
83 156
83 194
84 88
84 97
84 103
84 108
84 111
84 119
84 138
84 169
84 196
86 105
86 127
86 133
86 155
86 178
86 188
86 190
87 91
87 113
87 115
87 124
87 142
87 151
87 159
87 186
88 97
88 103
88 108
88 111
88 119
88 138
88 154
88 169
89 122
89 150
90 114
90 125
90 157
90 172
90 189
91 124
91 142
91 151
91 159
91 184
91 186
92 129
92 132
92 149
92 161
92 165
92 174
92 191
92 195
93 107
93 120
93 121
93 123
93 128
93 153
93 162
93 175
94 104
94 106
94 109
94 110
94 112
94 164
94 193
95 112
95 126
95 164
95 189
95 193
96 130
96 135
96 171
97 103
97 108
97 111
97 119
97 138
97 140
97 166
97 169
97 196
98 136
98 152
99 144
100 102
100 109
100 118
100 121
100 145
100 146
100 176
101 117
101 144
101 160
102 104
102 109
102 118
102 176
103 108
103 111
103 138
103 169
104 109
104 112
104 146
104 176
105 136
105 152
105 181
105 188
106 110
106 124
106 140
106 146
106 153
106 184
107 120
107 121
107 123
107 128
107 153
107 162
107 175
108 111
108 119
108 138
108 166
108 169
108 196
109 121
109 146
109 176
110 140
110 141
110 164
110 184
111 119
111 138
111 140
111 142
111 166
111 169
111 184
111 196
112 125
112 126
112 157
112 189
112 193
113 115
113 130
113 151
113 159
113 162
113 177
113 186
114 125
114 157
114 172
114 189
115 120
115 151
115 159
115 162
115 177
115 186
116 197
117 154
117 160
118 121
118 145
118 176
119 138
119 140
119 166
119 169
119 196
120 121
120 123
120 128
120 153
120 162
120 175
121 123
121 128
121 146
121 153
121 176
122 131
122 158
122 180
123 128
123 153
123 162
123 175
124 140
124 142
124 151
124 153
124 159
124 184
124 186
125 157
125 172
125 189
125 193
126 164
126 193
127 133
127 155
127 178
127 179
127 188
127 190
128 146
128 153
128 162
129 132
129 133
129 148
129 149
129 161
129 165
129 174
129 191
129 195
130 135
130 177
130 182
130 183
131 158
131 171
131 180
132 148
132 149
132 161
132 165
132 168
132 170
132 174
132 195
133 155
133 178
133 188
133 191
133 195
134 143
134 167
134 170
134 175
134 192
135 151
136 152
136 188
137 150
137 156
137 194
138 154
138 166
138 169
138 196
139 158
139 171
139 182
139 183
139 187
140 142
140 166
140 184
140 196
141 164
142 151
142 159
142 166
142 184
143 147
143 167
143 170
143 192
143 198
145 176
145 181
146 153
146 176
147 167
147 170
147 198
148 161
148 165
148 168
148 170
148 175
148 195
149 161
149 165
149 174
149 191
149 195
150 156
150 158
150 194
151 159
151 186
153 162
153 186
155 163
155 178
155 179
155 185
155 190
156 194
157 172
157 189
157 193
158 171
158 187
159 186
161 165
161 174
161 191
161 195
162 177
162 186
163 179
163 185
163 190
164 193
165 174
165 191
165 195
166 169
166 184
166 196
167 170
167 192
167 198
168 175
168 181
168 195
169 196
170 192
170 198
171 180
172 189
173 197
173 199
174 191
174 195
177 182
177 183
177 186
177 192
178 179
178 185
178 190
179 185
179 190
182 183
182 187
182 192
183 187
183 192
184 196
185 190
189 193
191 195
197 199
