50 174
0 18
0 34
0 46
0 49
1 8
1 11
1 15
1 19
1 24
1 26
1 32
1 33
1 41
2 3
2 13
2 15
2 25
2 30
2 32
2 39
2 48
3 13
3 25
3 39
3 44
3 48
4 24
4 26
4 27
4 29
4 33
4 34
4 46
4 49
5 12
5 16
5 18
5 27
5 34
5 35
5 47
5 49
6 9
6 14
6 31
6 37
6 43
6 44
7 12
7 17
7 20
7 23
7 28
7 36
7 38
7 40
7 42
8 11
8 26
8 33
8 41
9 13
9 16
9 24
9 37
9 43
10 21
10 22
10 35
10 47
11 26
11 33
11 41
12 16
12 20
12 23
12 35
12 38
12 40
12 42
12 43
12 47
13 25
13 39
13 44
13 48
14 31
14 37
14 44
15 19
15 24
15 25
15 30
15 32
15 39
15 48
16 20
16 37
16 38
16 42
16 43
17 20
17 23
17 38
17 40
17 42
18 22
18 27
18 34
18 46
18 49
19 24
19 32
19 33
19 41
20 23
20 28
20 36
20 38
20 40
20 42
21 22
22 47
23 35
23 38
23 47
24 27
24 29
24 33
25 30
25 32
25 39
25 48
26 29
26 33
26 41
27 29
27 34
27 46
27 49
28 31
28 36
28 38
28 40
28 42
29 33
29 34
29 46
29 49
30 32
30 39
30 48
31 36
31 40
31 42
32 39
32 41
33 41
34 46
34 49
35 47
36 38
36 40
37 40
37 42
37 43
38 40
38 42
39 48
40 42
42 43
44 48
45 46
47 49
