80 348
0 11
0 22
0 33
0 76
1 13
1 22
1 23
1 24
1 37
1 42
1 45
1 57
1 67
1 68
1 71
1 74
1 75
2 9
2 25
2 34
2 35
2 48
2 49
2 55
2 62
3 4
3 5
3 18
3 26
3 31
3 46
3 51
3 52
3 56
3 61
3 77
4 26
4 51
4 52
4 56
4 61
5 18
5 31
5 46
5 73
5 77
6 7
6 25
6 28
6 35
6 41
6 44
6 65
6 70
6 79
7 28
7 41
7 44
7 68
7 70
7 79
8 12
8 16
8 25
8 28
8 34
8 48
8 55
8 65
8 69
8 78
9 34
9 35
9 48
9 49
9 54
9 55
9 62
10 17
10 20
10 27
10 32
10 47
10 50
10 64
11 22
11 33
11 76
12 16
12 17
12 26
12 30
12 38
12 40
12 53
12 56
12 63
12 69
13 24
13 28
13 38
13 42
13 65
13 67
13 68
13 71
13 74
13 78
14 34
14 54
14 55
14 62
15 21
15 27
15 39
15 58
16 38
16 42
16 53
16 63
16 66
16 67
16 69
16 74
16 78
17 20
17 30
17 38
17 40
17 47
17 53
17 63
17 64
17 66
18 31
18 46
18 61
18 73
18 77
19 33
19 36
19 60
20 27
20 30
20 32
20 40
20 47
20 50
20 64
21 27
21 32
21 39
21 58
22 23
22 24
22 29
22 37
22 45
22 57
22 59
23 24
23 29
23 37
23 45
23 57
23 59
23 75
24 29
24 37
24 45
24 57
24 67
24 68
24 71
24 75
25 28
25 34
25 35
25 44
25 48
25 49
25 55
25 62
25 65
25 69
25 70
25 78
25 79
26 30
26 51
26 52
26 56
26 61
26 63
27 32
27 39
27 50
27 58
28 35
28 44
28 48
28 65
28 68
28 69
28 70
28 71
28 78
28 79
29 37
29 45
29 57
29 59
29 72
29 75
30 40
30 47
30 51
30 53
30 56
30 63
30 64
30 66
31 46
31 61
31 73
31 77
32 39
32 43
32 47
32 50
32 58
32 64
33 36
33 60
33 76
34 48
34 49
34 54
34 55
34 62
34 69
34 78
35 48
35 49
35 55
35 62
35 70
36 60
37 45
37 57
37 59
37 75
38 40
38 42
38 53
38 63
38 66
38 67
38 71
38 74
38 78
39 58
40 42
40 47
40 53
40 63
40 64
40 66
40 74
41 44
41 68
41 70
41 79
42 53
42 60
42 63
42 66
42 67
42 71
42 74
43 47
43 50
44 65
44 68
44 70
44 79
45 57
45 59
45 68
45 75
46 73
46 77
47 50
47 51
47 64
48 49
48 55
48 62
48 69
48 78
49 55
49 62
50 58
50 64
51 52
51 56
51 61
52 56
52 61
53 63
53 66
53 67
53 74
54 55
54 62
55 62
55 69
56 61
57 59
57 75
59 72
59 75
60 66
60 74
63 66
63 69
64 66
65 67
65 68
65 69
65 71
65 78
65 79
66 67
66 74
67 68
67 69
67 71
67 74
67 78
68 71
68 75
68 79
69 78
70 79
71 74
71 78
73 77
