100 477
0 1
0 22
0 37
0 38
0 46
0 57
0 58
0 72
1 22
1 38
1 46
1 66
2 7
2 13
2 31
2 36
2 52
2 55
2 56
2 95
3 8
3 11
3 21
3 24
3 37
3 44
3 45
3 79
3 94
4 15
4 23
4 32
4 35
4 40
4 54
4 62
4 63
4 67
4 73
4 83
4 86
5 13
5 27
5 77
6 13
6 21
6 36
6 43
6 70
6 77
6 95
7 31
7 52
7 55
7 56
7 60
8 20
8 37
8 44
8 57
8 76
9 16
9 28
9 29
9 48
9 51
9 65
9 74
9 82
9 84
9 87
9 91
9 99
10 12
10 30
10 33
10 39
10 49
10 53
10 59
10 61
10 71
10 85
10 88
10 92
10 93
11 43
11 64
11 79
11 81
11 86
11 98
12 30
12 33
12 49
12 53
12 57
12 58
12 59
12 61
12 72
12 80
12 85
12 88
12 92
12 93
13 36
13 55
13 70
13 95
14 16
14 24
14 25
14 29
14 50
14 74
14 75
14 78
14 79
14 84
14 94
14 96
14 98
15 27
15 32
15 35
15 54
15 62
15 63
15 67
15 73
15 83
16 25
16 28
16 29
16 48
16 50
16 51
16 65
16 74
16 75
16 78
16 84
16 87
16 89
16 97
16 99
17 23
17 26
17 40
17 41
17 54
17 62
17 64
17 69
17 73
17 81
17 86
18 19
18 63
18 83
19 63
19 83
20 37
20 44
20 49
20 57
20 68
20 72
20 76
20 80
20 85
20 93
21 36
21 37
21 95
22 38
22 46
22 57
22 72
23 26
23 40
23 41
23 54
23 62
23 63
23 67
23 69
23 73
24 29
24 34
24 44
24 45
24 50
24 74
24 79
24 90
24 94
24 96
25 29
25 50
25 64
25 75
25 78
25 79
25 94
25 96
25 97
25 98
26 41
26 69
26 78
26 97
27 32
27 35
27 70
27 77
27 83
28 48
28 51
28 65
28 82
28 84
28 87
28 89
28 91
28 99
29 50
29 51
29 74
29 75
29 78
29 79
29 84
29 94
29 96
29 98
30 33
30 39
30 49
30 53
30 58
30 59
30 61
30 71
30 80
30 85
30 88
30 92
30 93
31 52
31 55
31 56
31 60
32 35
32 54
32 62
32 63
32 67
32 73
32 77
32 83
33 49
33 53
33 58
33 59
33 61
33 71
33 80
33 85
33 88
33 92
33 93
34 42
34 44
34 45
34 68
34 90
34 94
34 96
35 54
35 62
35 63
35 67
35 70
35 73
35 77
35 83
35 86
36 55
36 95
37 44
37 46
37 57
37 72
37 76
38 46
38 57
38 72
39 42
39 49
39 59
39 61
39 68
39 71
39 80
39 92
39 93
40 41
40 62
40 63
40 67
40 69
40 73
41 69
41 97
42 49
42 68
42 80
43 70
43 81
44 45
44 76
45 50
45 74
45 79
45 90
45 94
45 96
46 47
46 57
46 72
47 95
48 51
48 65
48 87
48 89
48 99
49 59
49 61
49 68
49 71
49 76
49 80
49 85
49 92
49 93
50 74
50 75
50 79
50 84
50 94
50 96
50 98
51 65
51 74
51 82
51 84
51 87
51 89
51 91
51 99
52 55
52 56
53 58
53 61
53 85
53 88
53 93
54 62
54 64
54 69
54 73
54 81
54 86
55 56
55 95
57 58
57 72
57 76
57 85
57 93
58 61
58 72
58 85
58 88
58 93
59 61
59 68
59 71
59 80
59 85
59 88
59 92
59 93
61 71
61 80
61 85
61 88
61 92
61 93
62 64
62 69
62 73
62 81
62 86
63 67
63 73
63 83
64 79
64 81
64 86
64 98
65 75
65 78
65 87
65 89
65 97
67 69
67 73
68 71
68 80
68 85
68 92
68 93
69 73
69 86
70 77
70 81
71 80
71 85
71 92
71 93
72 76
73 86
74 84
74 90
74 94
74 96
75 78
75 97
75 98
76 80
76 85
76 93
78 97
78 98
79 94
79 96
79 98
80 85
80 92
80 93
81 86
82 84
82 91
82 99
84 87
84 90
84 94
84 96
84 99
85 88
85 92
85 93
87 89
87 91
87 99
88 92
88 93
89 99
90 94
90 96
91 99
92 93
94 96
97 98
