100 487
0 7
0 8
0 37
0 39
0 47
0 54
0 55
0 68
0 69
0 78
0 79
0 93
1 12
1 13
1 18
1 43
1 59
1 60
1 63
1 67
1 74
1 92
1 95
1 97
1 98
2 3
2 4
2 6
2 26
2 29
2 38
2 44
2 70
2 83
2 85
3 4
3 5
3 19
3 20
3 22
3 26
3 29
3 30
3 38
3 44
3 66
3 70
3 71
3 83
3 85
4 5
4 17
4 19
4 22
4 38
4 44
4 64
4 70
4 85
5 19
5 20
5 22
5 29
5 38
5 44
5 64
5 66
5 70
5 71
5 83
5 85
6 8
6 12
6 36
6 38
6 44
6 63
6 83
6 92
7 37
7 39
7 54
7 78
7 79
7 93
8 36
8 37
8 39
8 54
8 78
8 79
8 81
9 13
9 18
9 43
9 59
9 60
9 67
9 80
9 97
10 25
10 32
10 35
10 48
10 77
10 82
10 84
11 16
11 24
11 27
11 28
11 30
11 51
11 53
11 56
11 62
11 65
11 71
11 72
11 73
11 75
11 90
11 94
12 13
12 18
12 43
12 59
12 60
12 63
12 67
12 74
12 92
12 97
13 18
13 43
13 59
13 60
13 67
13 80
13 95
13 97
14 86
14 87
14 96
15 63
15 74
15 92
15 98
16 24
16 27
16 47
16 50
16 51
16 61
16 62
16 68
16 72
16 73
16 75
16 94
17 19
17 22
17 35
17 41
17 42
17 48
17 64
17 89
18 32
18 43
18 59
18 60
18 67
18 80
18 97
19 22
19 38
19 42
19 44
19 64
19 70
19 85
20 29
20 30
20 65
20 66
20 71
20 99
21 23
21 31
21 33
21 34
21 41
21 46
21 89
21 91
21 99
22 38
22 44
22 64
22 70
22 85
23 31
23 33
23 34
23 46
23 65
23 86
23 91
23 96
23 99
24 26
24 29
24 30
24 51
24 62
24 66
24 68
24 71
24 72
24 73
24 75
24 81
24 94
25 32
25 35
25 48
25 77
25 82
25 84
26 29
26 30
26 36
26 71
26 81
26 83
27 50
27 53
27 56
27 61
27 62
27 72
27 73
27 75
27 94
28 51
28 53
28 56
28 65
28 73
28 90
28 91
28 94
29 30
29 36
29 44
29 66
29 70
29 71
29 81
29 83
30 51
30 62
30 66
30 71
30 73
30 75
30 81
30 83
30 94
31 33
31 34
31 46
31 57
31 86
31 91
31 96
31 99
32 35
32 60
32 77
32 80
32 84
33 34
33 46
33 57
33 86
33 89
33 96
33 99
34 46
34 65
34 86
34 91
34 96
34 99
35 42
35 48
35 77
36 39
36 54
36 68
36 81
36 83
37 39
37 47
37 54
37 55
37 68
37 69
37 78
37 79
37 81
37 93
38 44
38 70
38 83
38 85
39 47
39 54
39 55
39 68
39 78
39 79
39 81
39 93
40 45
40 49
41 42
41 46
41 57
41 58
41 64
41 89
42 48
42 52
42 58
42 64
42 89
43 59
43 60
43 67
43 80
43 97
44 70
44 83
44 85
45 47
45 49
45 55
45 61
45 69
46 57
46 86
46 89
46 91
46 96
46 99
47 54
47 55
47 61
47 62
47 68
47 69
47 75
47 81
47 93
48 52
48 77
48 88
49 69
50 61
50 62
50 72
50 73
50 75
50 94
51 53
51 56
51 62
51 65
51 66
51 71
51 72
51 73
51 75
51 90
51 94
52 58
52 88
53 56
53 72
53 73
53 90
53 94
54 55
54 68
54 69
54 78
54 81
54 93
55 61
55 68
55 69
55 93
56 72
56 73
56 90
56 94
57 89
58 89
59 60
59 63
59 67
59 74
59 95
59 97
60 67
60 80
60 97
61 62
61 68
61 72
61 75
62 68
62 72
62 73
62 75
62 81
62 94
63 74
63 92
64 70
64 89
65 66
65 71
65 73
65 90
65 91
65 99
66 71
66 91
66 99
67 80
67 97
68 75
68 81
68 93
69 93
70 83
70 85
71 73
72 73
72 75
72 94
73 75
73 90
73 94
74 76
74 92
74 95
74 98
75 94
76 95
76 98
77 82
77 84
77 88
78 79
78 93
80 84
80 97
81 83
82 84
86 87
86 91
86 96
86 99
87 96
89 99
90 91
90 94
91 96
91 99
95 97
95 98
96 99
