300 1481
0 1
0 49
0 95
0 114
0 117
0 165
0 185
0 210
0 236
0 294
1 6
1 49
1 69
1 95
1 122
1 182
1 183
1 195
1 236
1 294
1 298
2 31
2 104
2 222
2 260
3 16
3 36
3 38
3 44
3 52
3 58
3 70
3 98
3 123
3 133
3 168
3 184
3 197
3 214
3 216
3 232
3 234
3 238
3 251
3 272
4 10
4 115
4 126
4 128
4 141
4 171
4 175
4 241
4 265
4 271
4 278
4 299
5 53
5 65
5 71
5 117
5 136
5 148
5 155
5 208
5 213
5 256
5 258
5 262
5 279
5 289
6 15
6 22
6 54
6 69
6 102
6 122
6 157
6 162
6 183
6 194
6 195
6 204
6 212
7 14
7 28
7 43
7 68
7 89
7 90
7 129
7 131
7 248
7 253
8 42
8 50
8 78
8 81
8 94
8 134
8 217
8 276
8 295
9 56
9 87
9 124
9 190
9 237
9 293
10 29
10 88
10 113
10 126
10 141
10 259
10 265
10 273
10 299
11 45
11 66
11 82
11 205
11 209
11 242
11 277
11 290
11 297
12 23
12 51
12 63
12 67
12 72
12 84
12 127
12 176
12 230
12 264
12 282
13 18
13 40
13 62
13 112
13 173
13 244
13 274
14 28
14 68
14 89
14 90
14 129
14 131
14 248
14 253
14 272
15 22
15 34
15 54
15 69
15 102
15 135
15 154
15 157
15 183
15 194
15 204
15 212
15 233
16 38
16 44
16 58
16 83
16 98
16 123
16 168
16 180
16 184
16 197
16 216
16 232
16 234
16 238
16 251
16 283
17 47
17 75
17 79
17 112
17 149
17 153
17 187
17 224
17 281
17 296
18 40
18 62
18 104
18 112
18 173
18 224
19 20
19 130
19 181
19 200
19 280
20 130
20 181
20 200
20 280
21 36
21 38
21 52
21 58
21 70
21 105
21 123
21 202
21 225
21 234
21 238
22 54
22 102
22 135
22 154
22 162
22 204
22 212
23 30
23 39
23 51
23 63
23 67
23 72
23 84
23 127
23 176
23 230
23 264
23 292
24 48
24 53
24 85
24 108
24 148
24 189
24 250
24 256
24 279
24 286
24 287
25 53
25 65
25 71
25 101
25 116
25 140
25 172
25 174
25 191
25 208
25 262
25 275
25 289
26 51
26 67
26 72
26 82
26 87
26 118
26 127
26 176
26 226
26 228
26 231
26 264
26 268
26 292
27 64
27 124
27 158
27 160
27 193
27 205
27 242
27 261
27 263
28 43
28 68
28 89
28 90
28 129
28 131
28 214
28 248
28 272
29 41
29 88
29 113
29 259
29 273
30 39
30 57
30 67
30 240
31 50
31 78
31 94
31 192
32 41
32 88
32 100
32 107
32 267
33 152
33 235
33 237
33 284
34 54
34 102
34 157
34 194
34 196
34 212
34 233
35 47
35 55
35 80
35 130
35 142
35 149
35 179
35 245
35 249
35 266
35 281
35 288
36 38
36 52
36 70
36 89
36 123
36 125
36 184
36 214
36 216
36 234
36 238
36 272
37 85
37 103
37 160
37 193
37 261
37 285
38 44
38 52
38 58
38 70
38 98
38 105
38 123
38 138
38 184
38 234
38 238
39 56
39 57
39 67
39 240
40 104
40 119
40 173
40 244
41 88
41 273
42 50
42 78
42 81
42 94
42 217
42 276
42 295
43 92
43 133
43 147
43 164
43 177
43 211
44 58
44 60
44 83
44 98
44 105
44 138
44 180
44 197
44 238
44 251
45 66
45 137
45 209
45 225
45 290
45 297
46 73
46 76
46 91
46 166
46 186
46 188
46 201
46 215
46 252
47 149
47 187
47 245
47 296
48 53
48 85
48 116
48 189
48 250
48 256
48 279
48 286
48 287
49 95
49 96
49 114
49 182
49 185
49 195
49 210
49 223
49 236
49 246
49 257
49 294
49 298
50 78
50 81
50 94
50 203
50 217
50 276
50 295
51 63
51 72
51 77
51 84
51 118
51 127
51 167
51 176
51 226
51 230
51 231
51 264
51 282
52 58
52 70
52 123
52 125
52 184
52 225
52 234
52 238
52 272
53 65
53 71
53 85
53 101
53 116
53 148
53 174
53 189
53 191
53 208
53 250
53 256
53 262
53 279
53 289
54 69
54 102
54 135
54 154
54 157
54 194
54 204
54 212
54 233
55 142
55 153
55 163
55 179
55 249
55 266
55 270
55 281
55 288
56 57
56 67
56 87
56 240
56 268
56 292
56 293
57 67
57 240
58 70
58 98
58 105
58 123
58 138
58 180
58 197
58 234
58 238
58 251
59 100
59 107
59 115
59 119
59 126
59 143
59 175
59 198
59 241
59 244
59 255
59 265
59 274
60 180
60 222
61 73
61 76
61 91
61 121
61 144
61 150
61 164
61 177
61 211
61 232
61 283
62 75
62 112
62 128
62 153
62 173
62 175
62 241
62 244
62 274
63 72
63 84
63 167
63 230
63 264
63 282
64 124
64 158
64 193
64 205
64 228
64 242
64 268
64 277
64 293
65 71
65 101
65 116
65 148
65 174
65 191
65 208
65 213
65 256
65 262
65 279
65 289
66 82
66 109
66 137
66 151
66 206
66 209
66 290
67 72
67 87
67 127
67 176
67 240
67 292
68 89
68 90
68 129
68 131
68 248
68 253
69 95
69 102
69 122
69 157
69 162
69 183
69 194
69 195
69 204
69 236
69 294
70 105
70 123
70 184
70 225
70 234
70 238
71 101
71 117
71 191
71 208
71 213
71 227
71 262
71 275
71 289
72 84
72 118
72 127
72 176
72 226
72 230
72 264
72 282
72 292
73 76
73 91
73 121
73 144
73 166
73 186
73 188
73 201
73 215
73 252
74 99
74 169
74 218
75 112
75 128
75 149
75 153
75 163
75 270
75 281
75 296
76 91
76 121
76 144
76 186
76 188
77 82
77 97
77 118
77 120
77 159
77 167
77 199
77 206
77 226
77 231
77 264
77 282
78 94
78 217
78 276
78 295
79 111
79 139
79 161
79 187
79 219
79 224
79 239
79 291
79 296
80 130
80 142
80 179
80 181
80 249
80 266
80 288
81 217
82 97
82 118
82 205
82 206
82 226
82 228
82 231
82 242
82 277
83 98
83 132
83 134
83 180
83 197
83 251
83 252
84 127
84 230
84 264
84 282
85 103
85 116
85 174
85 189
85 191
85 256
85 279
86 96
86 114
86 156
86 178
86 185
86 220
86 223
86 246
86 257
86 284
87 127
87 176
87 268
87 292
87 293
88 259
88 273
89 90
89 125
89 129
89 131
89 214
89 248
89 272
90 125
90 129
90 131
90 214
90 248
90 253
90 272
91 121
91 146
91 150
91 188
91 221
91 229
92 147
92 164
92 177
92 211
93 170
93 207
93 243
93 269
94 134
94 276
94 295
95 117
95 165
95 210
95 236
95 294
96 110
96 114
96 156
96 178
96 185
96 210
96 220
96 223
96 227
96 246
96 257
97 109
97 118
97 120
97 159
97 167
97 199
97 206
97 226
97 231
98 133
98 168
98 184
98 197
98 216
98 232
98 234
98 251
98 283
99 218
99 285
100 107
100 115
100 119
100 126
100 141
100 143
100 198
100 241
100 255
100 265
100 267
101 110
101 116
101 140
101 172
101 174
101 191
101 208
101 227
101 262
101 275
101 289
102 122
102 135
102 154
102 157
102 162
102 183
102 194
102 204
102 212
102 233
103 116
103 174
103 189
103 193
103 261
104 260
105 138
105 238
106 110
106 140
106 152
106 172
106 190
106 235
106 237
106 275
106 284
107 115
107 119
107 126
107 143
107 198
107 244
107 255
107 265
107 267
108 111
108 136
108 139
108 148
108 155
108 250
108 256
108 258
108 286
108 287
109 120
109 151
109 206
109 247
109 290
110 140
110 152
110 156
110 172
110 220
110 235
110 237
110 262
110 275
110 284
111 139
111 161
111 187
111 219
111 239
111 287
111 291
111 296
112 153
112 224
112 296
113 259
113 273
113 299
114 178
114 185
114 210
114 220
114 223
114 227
114 246
114 257
115 126
115 141
115 143
115 171
115 175
115 198
115 241
115 244
115 255
115 265
115 274
115 278
115 299
116 140
116 174
116 189
116 191
116 256
116 263
116 279
116 289
117 148
117 165
117 208
117 210
117 213
117 227
117 262
118 127
118 159
118 167
118 176
118 199
118 206
118 226
118 230
118 231
118 264
118 282
119 143
119 170
119 173
119 192
119 198
119 244
119 255
119 269
120 159
120 199
120 206
120 247
121 146
121 150
121 177
121 221
121 229
122 162
122 183
122 195
122 204
123 125
123 184
123 214
123 216
123 234
123 238
123 272
124 140
124 190
124 193
124 263
124 293
125 137
125 184
125 234
125 272
126 141
126 143
126 175
126 198
126 241
126 255
126 265
126 278
126 299
127 176
127 226
127 230
127 231
127 264
127 292
128 153
128 163
128 171
128 175
128 270
128 271
128 278
128 281
129 131
129 248
129 253
130 179
130 181
130 200
130 245
130 280
131 248
131 253
132 134
132 166
132 180
132 197
132 201
132 215
132 251
132 252
133 144
133 164
133 168
133 177
133 184
133 211
133 214
133 216
133 232
133 272
133 283
134 166
134 201
134 215
134 252
134 276
134 295
135 154
135 162
135 204
135 212
136 145
136 148
136 155
136 250
136 258
136 286
137 151
137 209
137 290
137 297
138 169
138 238
139 161
139 219
139 239
139 250
139 286
139 287
139 291
140 172
140 174
140 190
140 191
140 237
140 263
140 275
141 143
141 171
141 175
141 198
141 241
141 255
141 265
141 271
141 274
141 278
141 299
142 153
142 163
142 179
142 249
142 266
142 270
142 281
142 288
143 173
143 175
143 198
143 241
143 244
143 255
143 265
143 274
144 164
144 168
144 177
144 211
144 216
144 232
144 283
145 155
145 254
145 258
146 150
146 221
146 229
147 164
147 177
147 211
148 155
148 208
148 213
148 250
148 256
148 258
148 279
148 286
149 187
149 245
149 296
150 177
150 221
150 229
151 247
151 253
151 290
152 156
152 172
152 235
152 237
152 284
153 163
153 270
153 271
153 281
154 162
154 212
155 250
155 254
155 258
156 172
156 178
156 220
156 235
156 284
157 183
157 194
157 212
157 233
157 236
158 160
158 193
158 205
158 242
158 261
158 263
159 167
159 199
159 206
159 226
159 231
160 193
160 202
160 261
160 297
161 219
161 239
161 287
161 291
162 183
162 195
162 204
162 212
163 270
163 271
163 281
164 168
164 177
164 211
164 232
165 210
165 213
165 236
165 294
166 201
166 215
166 252
167 199
167 226
167 230
167 231
167 264
167 282
168 177
168 184
168 211
168 214
168 216
168 232
168 272
168 283
169 218
169 222
169 260
170 203
170 207
170 243
170 267
170 269
171 175
171 241
171 270
171 271
171 274
171 278
171 299
172 220
172 235
172 237
172 262
172 275
173 244
173 274
174 189
174 191
174 256
174 279
174 289
175 198
175 241
175 244
175 255
175 265
175 271
175 274
175 278
175 299
176 226
176 228
176 231
176 264
176 268
176 292
177 211
177 232
178 185
178 220
178 223
178 246
178 257
179 181
179 249
179 266
179 288
180 197
180 251
181 200
181 266
181 280
182 185
182 195
182 223
182 246
182 257
182 298
183 194
183 195
183 204
183 236
183 294
184 214
184 216
184 232
184 234
184 238
184 272
185 210
185 220
185 223
185 227
185 246
185 257
185 298
186 188
186 201
186 215
187 219
187 245
187 296
188 201
188 215
189 191
189 250
189 256
189 279
189 286
190 193
190 237
190 263
191 208
191 256
191 262
191 275
191 279
191 289
192 203
192 269
193 205
193 261
193 263
194 212
194 233
194 236
195 204
195 294
195 298
196 200
196 254
197 216
197 251
197 283
198 241
198 244
198 255
198 265
198 274
199 206
199 226
199 230
199 231
199 264
199 282
200 280
201 215
201 252
202 225
202 297
203 207
203 243
203 269
205 228
205 242
205 277
205 293
206 226
206 231
207 243
207 269
208 213
208 227
208 256
208 262
208 279
208 289
209 290
209 297
210 213
210 227
210 236
210 294
211 214
211 216
211 232
212 233
213 227
213 262
214 216
214 232
214 234
214 272
215 252
216 232
216 234
216 272
216 283
217 276
217 295
219 224
219 239
219 287
219 291
219 296
220 235
220 284
221 229
222 260
223 246
223 257
223 298
224 239
224 291
224 296
225 297
226 230
226 231
226 264
226 282
227 262
228 242
228 268
228 277
228 292
228 293
230 264
230 282
231 264
231 282
232 272
232 283
234 238
234 272
235 237
235 275
235 284
236 294
237 275
237 284
239 291
241 244
241 255
241 265
241 271
241 274
241 278
242 268
242 277
242 293
243 267
243 269
244 255
244 274
246 257
246 298
248 253
249 266
249 288
250 256
250 279
250 286
250 287
251 283
254 258
255 265
255 274
256 279
256 286
256 289
257 298
259 273
261 263
262 275
262 289
264 282
265 274
265 278
265 299
266 288
268 277
268 292
268 293
270 271
270 281
271 278
271 299
276 295
278 299
279 286
279 289
286 287
287 291
290 297
291 296
292 293
