80 335
0 14
0 21
0 29
0 31
0 36
0 37
0 46
0 48
0 50
0 55
0 62
0 64
0 71
0 72
0 77
1 19
1 33
1 42
1 52
1 59
2 3
2 14
2 21
2 64
2 72
2 74
2 76
3 21
3 74
3 76
4 16
4 17
4 24
4 35
4 39
4 40
4 68
4 70
4 73
5 23
5 25
5 32
5 40
5 41
5 51
5 53
5 69
5 75
5 78
5 79
6 28
6 33
6 36
6 43
6 77
7 8
7 10
7 16
7 44
7 47
7 49
7 63
8 10
8 16
8 17
8 35
8 39
8 44
8 47
8 49
8 63
8 70
9 17
9 24
9 35
9 53
9 68
9 69
10 44
10 47
10 49
10 63
11 15
11 23
11 41
11 75
11 78
12 13
12 38
12 58
12 66
12 72
13 38
13 58
13 66
14 21
14 31
14 46
14 48
14 62
14 64
14 71
14 74
14 76
14 77
15 41
15 69
15 75
16 35
16 38
16 39
16 47
16 49
16 70
17 24
17 35
17 39
17 68
18 20
18 27
18 30
18 34
18 37
18 54
18 57
18 60
18 65
18 67
18 79
19 33
19 42
19 43
19 52
19 59
20 22
20 25
20 27
20 30
20 52
20 56
20 57
20 65
20 67
21 31
21 58
21 64
21 72
22 45
22 52
22 56
22 65
23 25
23 32
23 45
23 51
23 56
23 75
23 78
24 35
24 39
24 40
24 68
24 70
24 73
25 32
25 51
25 54
25 56
25 65
25 67
25 78
25 79
26 29
26 55
26 70
26 73
27 30
27 34
27 37
27 43
27 50
27 54
27 57
27 60
27 65
27 67
28 36
28 46
28 48
28 61
28 62
28 77
29 31
29 34
29 37
29 50
29 55
29 60
29 64
29 71
30 34
30 37
30 43
30 50
30 57
30 60
30 65
30 67
31 37
31 50
31 55
31 62
31 64
31 71
31 72
32 51
32 69
32 75
32 78
32 79
33 42
33 43
33 52
34 37
34 50
34 54
34 57
34 60
34 67
34 79
35 39
35 40
35 68
35 70
36 37
36 46
36 48
36 50
36 61
36 62
36 71
36 77
37 50
37 55
37 60
37 71
38 47
38 66
38 70
38 73
39 47
39 49
39 68
39 70
40 73
40 79
41 69
41 75
42 43
42 52
44 47
44 49
44 63
45 56
45 78
46 48
46 50
46 61
46 62
46 71
46 74
46 76
46 77
47 49
47 63
47 70
48 61
48 62
48 71
48 74
48 76
48 77
49 63
50 55
50 60
50 62
50 71
51 54
51 56
51 65
51 67
51 69
51 75
51 78
51 79
52 56
52 57
52 65
53 68
53 69
54 57
54 60
54 65
54 67
54 79
55 60
55 64
55 71
55 72
55 73
56 65
57 60
57 65
57 67
58 66
58 72
60 67
60 71
61 62
61 77
62 64
62 71
62 74
62 76
62 77
64 71
64 72
65 67
65 79
66 72
67 79
70 73
71 77
74 76
75 78
