300 2009
0 5
0 7
0 19
0 22
0 35
0 41
0 93
0 109
0 117
0 132
0 136
0 141
0 143
0 154
0 177
0 211
0 223
0 228
0 253
0 255
0 259
0 276
0 296
1 3
1 9
1 18
1 34
1 69
1 80
1 91
1 104
1 111
1 127
1 178
1 179
1 215
1 235
1 260
1 262
1 268
1 275
1 291
1 298
2 8
2 32
2 33
2 36
2 43
2 64
2 74
2 79
2 133
2 163
2 189
2 197
2 206
2 222
2 244
2 250
2 272
2 286
2 287
2 292
3 18
3 34
3 76
3 80
3 91
3 104
3 111
3 127
3 179
3 215
3 224
3 235
3 252
3 262
3 267
3 268
3 275
3 291
3 298
4 20
4 21
4 52
4 102
4 113
4 114
4 170
4 207
4 226
4 232
4 241
4 295
5 7
5 19
5 22
5 45
5 50
5 93
5 117
5 130
5 132
5 136
5 141
5 143
5 154
5 177
5 221
5 223
5 253
5 271
5 296
6 9
6 10
6 12
6 34
6 75
6 76
6 106
6 115
6 119
6 234
6 256
7 19
7 22
7 62
7 117
7 118
7 131
7 132
7 136
7 141
7 158
7 221
7 223
7 228
7 253
7 271
7 296
8 32
8 36
8 43
8 74
8 79
8 140
8 162
8 189
8 197
8 206
8 238
8 244
8 250
8 272
8 286
8 287
8 292
9 12
9 34
9 76
9 87
9 106
9 119
9 127
9 178
9 198
9 234
9 256
9 260
9 291
10 12
10 68
10 76
10 119
10 164
10 208
10 234
10 243
10 249
10 252
11 16
11 51
11 58
11 125
11 129
11 284
11 290
11 293
12 34
12 76
12 106
12 115
12 119
12 234
12 252
13 23
13 28
13 30
13 49
13 97
13 103
13 134
13 144
13 167
13 168
13 209
13 212
13 218
13 219
13 264
13 266
14 28
14 35
14 56
14 101
14 109
14 156
14 166
14 168
14 186
14 209
14 210
14 230
14 239
14 240
14 276
15 26
15 54
15 85
15 142
15 173
15 184
15 191
15 257
15 294
16 98
16 128
16 129
16 186
16 239
16 255
16 284
16 290
17 68
17 82
17 86
17 107
17 149
17 164
17 196
17 229
17 261
17 277
17 289
18 76
18 104
18 111
18 127
18 167
18 179
18 215
18 224
18 231
18 235
18 243
18 252
18 262
18 267
18 268
18 298
19 22
19 41
19 45
19 93
19 117
19 132
19 136
19 141
19 143
19 154
19 177
19 211
19 221
19 223
19 228
19 253
19 259
19 276
19 296
20 113
20 114
20 170
20 207
20 226
20 241
20 295
21 38
21 60
21 78
21 102
21 113
21 116
21 122
21 170
21 201
21 207
21 226
21 232
21 241
21 277
21 295
22 117
22 118
22 132
22 136
22 141
22 143
22 154
22 177
22 221
22 223
22 228
22 253
22 271
22 276
22 296
23 25
23 49
23 103
23 108
23 144
23 165
23 167
23 208
23 212
23 218
23 243
23 264
23 274
24 58
24 84
24 105
24 137
24 150
24 175
24 293
25 53
25 68
25 86
25 108
25 145
25 164
25 165
25 171
25 208
25 247
25 249
25 274
26 70
26 77
26 85
26 99
26 163
26 173
26 184
26 191
26 203
26 222
26 236
26 237
26 254
26 257
26 265
27 88
27 110
27 121
27 123
27 148
27 185
27 187
27 188
27 280
28 30
28 49
28 56
28 101
28 144
28 156
28 166
28 168
28 209
28 210
28 212
28 231
28 240
28 264
28 266
28 267
29 45
29 81
29 130
29 182
29 192
29 194
29 221
29 282
30 49
30 56
30 104
30 144
30 166
30 167
30 168
30 209
30 212
30 224
30 231
30 243
30 264
30 266
30 267
30 298
31 40
31 46
31 73
31 105
31 128
31 137
31 156
31 186
31 219
31 240
31 285
32 33
32 36
32 79
32 96
32 120
32 151
32 174
32 189
32 222
32 265
32 272
32 286
32 287
32 292
33 36
33 70
33 79
33 96
33 120
33 151
33 163
33 174
33 189
33 203
33 222
33 237
33 265
33 272
33 286
33 287
34 76
34 106
34 119
34 127
34 178
34 198
34 234
34 256
34 260
34 262
34 291
35 41
35 42
35 56
35 98
35 101
35 109
35 143
35 166
35 177
35 211
35 228
35 230
35 255
35 259
35 276
36 43
36 64
36 74
36 79
36 163
36 174
36 189
36 197
36 206
36 222
36 244
36 250
36 272
36 286
36 287
36 292
37 52
37 59
37 114
37 159
37 232
38 60
38 75
38 78
38 94
38 102
38 107
38 115
38 116
38 122
38 180
38 232
38 248
39 50
39 64
39 69
39 93
39 133
39 147
39 172
39 214
39 283
39 288
40 46
40 73
40 105
40 128
40 135
40 137
40 219
40 240
40 285
41 42
41 48
41 93
41 109
41 143
41 154
41 177
41 211
41 230
41 242
41 259
41 275
41 276
42 48
42 56
42 91
42 93
42 109
42 143
42 177
42 179
42 211
42 215
42 230
42 242
42 259
42 275
42 276
43 74
43 140
43 162
43 206
43 238
43 244
43 250
43 272
43 287
43 292
44 83
44 90
44 92
44 95
44 97
44 100
44 103
44 134
44 135
44 139
44 155
44 202
44 218
44 251
44 258
44 263
44 269
44 273
44 278
44 281
44 285
45 50
45 81
45 93
45 130
45 141
45 147
45 154
45 194
45 221
45 223
45 253
45 282
46 73
46 105
46 128
46 156
46 168
46 186
46 210
46 219
46 239
46 240
47 55
47 61
47 84
47 135
47 175
47 225
47 251
47 270
47 279
48 69
48 91
48 93
48 109
48 143
48 177
48 179
48 211
48 215
48 230
48 235
48 242
48 259
48 268
48 275
48 276
49 103
49 134
49 144
49 168
49 209
49 210
49 212
49 219
49 231
49 240
49 264
49 266
49 285
50 93
50 133
50 143
50 147
50 154
50 172
50 177
50 288
51 71
51 125
51 152
51 187
51 188
51 280
51 284
51 290
51 293
52 59
52 60
52 113
52 114
52 159
52 232
53 86
53 145
53 165
53 171
53 196
53 229
53 247
54 85
54 142
54 173
54 184
54 191
54 257
54 294
55 61
55 84
55 135
55 175
55 225
55 251
55 270
55 279
56 101
56 109
56 144
56 156
56 166
56 168
56 209
56 210
56 212
56 230
56 231
56 239
56 240
56 242
56 266
56 267
57 65
57 67
57 72
57 124
57 146
57 157
57 160
57 176
57 202
57 213
57 216
57 220
57 299
58 105
58 128
58 129
58 137
58 150
58 152
58 290
58 293
59 60
59 78
59 94
59 138
59 159
59 180
59 183
59 200
59 232
59 248
59 297
60 75
60 78
60 94
60 102
60 116
60 159
60 180
60 183
60 232
60 248
61 95
61 225
61 251
61 258
61 269
61 270
61 273
61 279
61 281
62 66
62 117
62 118
62 131
62 132
62 136
62 158
62 169
62 199
62 228
62 255
62 296
63 65
63 67
63 72
63 112
63 124
63 126
63 157
63 161
63 176
63 193
63 202
63 227
64 79
64 133
64 163
64 172
64 189
64 197
64 214
64 222
64 237
64 283
64 286
64 288
65 67
65 72
65 112
65 124
65 126
65 157
65 161
65 176
65 193
65 202
65 213
65 220
65 227
65 269
66 88
66 110
66 118
66 121
66 125
66 158
66 169
66 187
66 199
66 280
66 284
67 72
67 124
67 146
67 157
67 160
67 176
67 202
67 213
67 216
67 220
67 227
67 299
68 82
68 86
68 164
68 196
68 208
68 229
68 249
68 289
69 80
69 91
69 111
69 127
69 172
69 179
69 214
69 215
69 235
69 242
69 262
69 268
69 275
69 283
69 291
70 85
70 96
70 120
70 151
70 174
70 203
70 265
71 125
71 148
71 187
71 188
71 280
71 284
72 112
72 124
72 126
72 157
72 161
72 176
72 193
72 202
72 213
72 220
72 227
73 105
73 128
73 137
73 156
73 186
73 210
73 219
73 240
73 264
73 285
74 140
74 162
74 197
74 204
74 206
74 238
74 244
74 250
74 272
74 286
74 287
74 292
75 78
75 94
75 102
75 115
75 116
75 180
75 183
75 248
75 256
76 119
76 208
76 224
76 234
76 243
76 252
77 87
77 99
77 173
77 184
77 198
77 205
77 236
77 237
77 254
77 260
78 94
78 102
78 116
78 138
78 159
78 180
78 183
78 200
78 232
78 248
79 163
79 174
79 189
79 197
79 222
79 265
79 272
79 286
79 287
79 292
80 91
80 111
80 127
80 172
80 179
80 214
80 215
80 235
80 262
80 268
80 275
80 283
80 291
81 130
81 147
81 194
81 221
81 282
82 86
82 149
82 196
82 229
82 261
82 289
83 90
83 92
83 97
83 100
83 103
83 108
83 134
83 135
83 139
83 155
83 218
83 258
83 263
83 273
83 278
83 285
84 137
84 175
84 225
84 251
84 270
85 142
85 173
85 174
85 203
85 257
85 265
86 145
86 164
86 196
86 208
86 229
86 249
87 106
87 138
87 178
87 183
87 198
87 200
87 205
87 254
87 256
87 260
87 291
88 110
88 121
88 148
88 169
88 181
88 185
88 190
88 199
88 246
89 96
89 120
89 151
89 174
89 245
90 92
90 95
90 97
90 100
90 103
90 134
90 135
90 139
90 155
90 225
90 251
90 258
90 263
90 269
90 270
90 273
90 278
90 281
90 285
91 104
91 111
91 127
91 179
91 215
91 235
91 242
91 262
91 268
91 275
91 283
91 291
91 298
92 95
92 97
92 100
92 124
92 134
92 135
92 139
92 155
92 202
92 220
92 258
92 263
92 269
92 273
92 278
92 281
93 109
93 141
93 143
93 147
93 154
93 177
93 211
93 223
93 253
93 259
93 288
94 115
94 116
94 138
94 180
94 183
94 200
94 232
94 248
94 256
95 124
95 126
95 139
95 202
95 258
95 269
95 273
95 279
95 281
96 120
96 151
96 174
96 203
96 265
97 100
97 103
97 108
97 134
97 135
97 139
97 155
97 218
97 219
97 258
97 263
97 273
97 278
97 285
98 158
98 228
98 255
99 163
99 173
99 184
99 205
99 214
99 236
99 237
99 254
100 103
100 108
100 134
100 139
100 146
100 160
100 165
100 218
100 220
100 247
100 274
100 278
100 299
101 109
101 156
101 166
101 168
101 186
101 209
101 210
101 230
101 231
101 239
101 240
101 266
101 276
102 113
102 116
102 122
102 170
102 201
102 207
102 226
102 232
102 241
102 277
102 295
103 108
103 134
103 155
103 218
103 219
103 263
103 264
103 278
103 285
104 111
104 127
104 167
104 179
104 212
104 215
104 224
104 230
104 231
104 235
104 242
104 262
104 266
104 267
104 268
104 275
104 298
105 128
105 129
105 137
105 156
105 186
105 219
105 240
105 290
106 119
106 178
106 183
106 198
106 234
106 256
106 260
106 291
107 115
107 116
107 122
107 149
107 261
107 277
107 289
108 146
108 160
108 165
108 218
108 247
108 274
108 299
109 143
109 154
109 177
109 211
109 230
109 242
109 259
109 276
110 121
110 125
110 148
110 158
110 169
110 187
110 188
110 190
110 199
110 280
110 284
111 127
111 179
111 215
111 224
111 230
111 235
111 242
111 262
111 267
111 268
111 275
111 298
112 124
112 126
112 157
112 161
112 176
112 193
112 227
113 170
113 201
113 207
113 226
113 232
113 241
113 295
114 159
115 116
115 119
115 180
115 234
115 248
116 122
116 180
116 232
116 248
116 277
117 118
117 131
117 132
117 136
117 141
117 158
117 223
117 228
117 253
117 255
117 271
117 296
118 131
118 132
118 136
118 158
118 199
118 228
118 246
118 271
118 296
119 178
119 234
119 256
120 151
120 174
120 203
120 265
121 123
121 148
121 169
121 181
121 185
121 187
121 188
121 190
121 280
122 170
122 201
122 207
122 226
122 261
122 277
122 289
122 295
123 148
123 185
123 188
123 280
124 126
124 139
124 146
124 157
124 161
124 176
124 202
124 220
124 227
124 269
125 169
125 187
125 188
125 280
125 284
126 161
126 176
126 193
126 202
126 227
126 269
127 179
127 215
127 235
127 260
127 262
127 268
127 275
127 291
127 298
128 129
128 137
128 156
128 186
128 210
128 239
128 240
128 290
129 186
129 239
129 290
130 141
130 147
130 192
130 194
130 221
130 282
131 132
131 136
131 192
131 199
131 217
131 246
131 271
131 296
132 136
132 141
132 154
132 221
132 223
132 228
132 253
132 271
132 296
133 147
133 163
133 172
133 197
133 214
133 237
133 283
133 286
133 288
134 135
134 155
134 218
134 219
134 258
134 263
134 264
134 273
134 278
134 285
135 155
135 219
135 225
135 251
135 258
135 263
135 270
135 273
135 278
135 285
136 141
136 158
136 223
136 228
136 253
136 271
136 296
137 175
137 225
138 180
138 183
138 198
138 200
138 248
138 256
139 155
139 202
139 220
139 258
139 263
139 269
139 273
139 278
139 281
140 153
140 162
140 206
140 238
140 244
140 250
140 272
140 287
140 292
141 143
141 154
141 177
141 221
141 223
141 253
141 271
141 296
142 173
142 184
142 191
142 257
142 294
143 154
143 177
143 211
143 223
143 230
143 242
143 253
143 259
143 276
144 166
144 167
144 168
144 209
144 212
144 224
144 231
144 243
144 264
144 266
144 267
145 171
145 196
145 229
145 247
146 157
146 160
146 171
146 202
146 213
146 216
146 220
146 247
146 299
147 154
147 197
147 288
148 169
148 185
148 187
148 188
148 280
149 229
149 261
149 277
149 289
150 152
150 290
150 293
151 174
151 203
151 265
152 290
152 293
153 233
153 245
154 177
154 211
154 221
154 223
154 253
154 259
154 276
154 296
155 219
155 225
155 251
155 258
155 263
155 270
155 273
155 278
155 285
156 166
156 168
156 186
156 209
156 210
156 219
156 239
156 240
157 161
157 176
157 202
157 213
157 216
157 220
157 227
158 169
158 199
158 228
158 255
159 232
160 165
160 171
160 216
160 220
160 247
160 274
160 299
161 176
161 193
161 227
162 204
162 206
162 238
162 244
162 250
162 272
162 287
162 292
163 172
163 189
163 214
163 222
163 236
163 237
163 286
164 196
164 208
164 229
164 249
165 171
165 218
165 247
165 249
165 274
165 299
166 168
166 186
166 209
166 210
166 212
166 230
166 231
166 239
166 240
166 266
167 212
167 224
167 231
167 243
167 252
167 266
167 267
167 298
168 186
168 209
168 210
168 212
168 231
168 239
168 240
168 264
168 266
169 187
169 188
169 199
169 280
169 284
170 201
170 207
170 226
170 241
170 295
171 216
171 247
171 299
172 214
172 283
172 288
173 184
173 191
173 236
173 237
173 254
173 257
173 294
174 189
174 203
174 222
174 265
174 272
174 287
175 225
175 251
175 270
176 193
176 202
176 213
176 227
177 211
177 223
177 230
177 242
177 253
177 259
177 276
178 183
178 198
178 205
178 256
178 260
178 291
179 215
179 230
179 231
179 235
179 242
179 262
179 266
179 267
179 268
179 275
179 298
180 183
180 200
180 232
180 248
180 256
181 185
181 190
181 246
182 192
182 217
182 271
183 200
183 248
183 256
184 191
184 205
184 236
184 254
184 257
184 294
185 190
186 210
186 239
186 240
187 188
187 280
187 284
188 280
188 284
189 197
189 206
189 222
189 250
189 272
189 286
189 287
189 292
190 199
190 246
191 257
191 294
192 194
192 217
192 221
192 271
193 227
194 221
194 282
195 200
195 294
195 297
196 229
196 249
196 289
197 244
197 250
197 272
197 286
197 287
197 288
197 292
198 205
198 254
198 256
198 260
198 291
199 246
200 248
200 256
200 297
201 207
201 226
201 241
201 277
201 295
202 220
202 227
202 269
202 281
203 265
204 206
204 238
204 244
204 250
204 282
205 236
205 254
205 260
205 291
206 238
206 244
206 250
206 272
206 286
206 287
206 292
207 226
207 241
207 277
207 295
208 243
208 249
208 252
209 210
209 212
209 231
209 240
209 264
209 266
209 267
210 219
210 239
210 240
210 264
211 230
211 242
211 253
211 259
211 275
211 276
212 224
212 231
212 243
212 264
212 266
212 267
212 298
213 216
213 220
213 299
214 236
214 237
214 283
214 288
215 224
215 230
215 231
215 235
215 242
215 262
215 266
215 267
215 268
215 275
215 298
216 220
216 299
217 246
217 271
218 274
218 278
219 240
219 263
219 264
219 285
220 227
220 269
220 299
221 223
221 253
221 271
221 282
221 296
222 237
222 265
222 272
222 286
222 287
223 253
223 271
223 296
224 231
224 243
224 252
224 266
224 267
224 298
225 251
225 258
225 263
225 270
225 273
225 279
225 281
226 241
226 295
227 269
228 253
228 255
228 276
228 296
229 261
229 289
230 231
230 242
230 259
230 266
230 267
230 275
230 276
231 264
231 266
231 267
231 298
232 248
233 245
235 242
235 262
235 267
235 268
235 275
235 291
235 298
236 237
236 254
236 257
237 254
238 244
238 250
238 292
239 240
240 264
241 295
242 259
242 267
242 268
242 275
243 252
243 298
244 250
244 272
244 286
244 287
244 292
247 274
247 299
248 256
249 274
250 272
250 286
250 287
250 292
251 258
251 263
251 270
251 273
251 279
251 281
252 298
253 259
253 276
253 296
254 260
255 276
256 260
257 294
258 263
258 269
258 270
258 273
258 278
258 281
258 285
259 276
260 291
261 277
261 289
262 268
262 275
262 291
262 298
263 270
263 273
263 278
263 281
263 285
264 266
264 285
266 267
266 298
267 275
267 298
268 275
268 283
268 291
268 298
269 273
269 279
269 281
270 273
270 279
270 281
271 296
272 286
272 287
272 292
273 278
273 281
273 285
275 283
275 298
277 289
278 285
279 281
280 284
283 288
286 287
286 292
287 292
290 293
