300 2047
0 85
0 86
0 128
0 142
0 160
0 180
0 196
0 212
0 233
0 237
0 250
0 252
0 255
0 273
0 279
1 20
1 23
1 45
1 66
1 91
1 129
1 141
1 203
1 208
1 210
1 220
1 222
1 245
1 258
1 281
2 34
2 52
2 58
2 99
2 105
2 113
2 131
2 140
2 157
2 167
2 198
2 223
2 225
2 229
2 235
2 263
3 5
3 18
3 52
3 62
3 108
3 140
3 153
3 155
3 167
3 214
3 247
3 253
4 37
4 53
4 61
4 78
4 81
4 179
4 248
4 262
4 297
5 52
5 76
5 105
5 167
5 214
5 247
5 254
5 263
5 283
6 13
6 42
6 61
6 80
6 81
6 89
6 139
6 188
6 195
6 244
6 248
6 262
6 290
7 8
7 26
7 50
7 72
7 75
7 82
7 129
7 135
7 163
7 183
7 184
7 208
7 245
7 281
8 22
8 50
8 82
8 129
8 245
8 275
8 281
9 11
9 41
9 45
9 112
9 114
9 125
9 127
9 157
9 174
9 215
9 240
9 268
9 294
10 30
10 34
10 58
10 79
10 111
10 120
10 133
10 147
10 151
10 165
10 197
10 229
10 235
10 243
10 267
10 276
10 293
11 41
11 92
11 111
11 114
11 125
11 140
11 147
11 151
11 157
11 161
11 162
11 165
11 174
11 197
11 198
11 205
11 213
11 215
11 229
11 234
11 235
11 268
12 14
12 39
12 49
12 100
12 121
12 171
12 181
12 182
12 202
12 206
12 228
12 277
12 289
13 42
13 59
13 80
13 81
13 89
13 188
13 195
13 207
13 227
13 248
13 251
13 259
13 264
13 269
13 290
14 49
14 100
14 121
14 146
14 189
14 202
14 206
14 228
14 277
14 289
15 33
15 39
15 46
15 49
15 56
15 64
15 71
15 87
15 122
15 149
15 164
15 182
15 206
15 230
15 232
16 26
16 63
16 69
16 72
16 75
16 83
16 84
16 107
16 132
16 145
16 150
16 159
16 172
16 184
16 231
16 236
16 246
16 291
16 292
17 31
17 109
17 126
17 154
17 156
17 178
17 194
17 209
17 219
17 256
17 285
18 41
18 52
18 62
18 140
18 153
18 155
18 167
18 214
18 247
18 253
18 268
19 29
19 37
19 55
19 83
19 87
19 101
19 137
19 138
19 139
19 172
19 241
19 244
19 262
19 297
20 23
20 45
20 66
20 112
20 127
20 129
20 141
20 203
20 208
20 210
20 222
20 245
20 258
20 281
21 91
21 97
21 130
21 210
21 220
22 23
22 50
22 97
22 129
22 210
22 220
22 245
22 275
22 281
23 50
23 66
23 91
23 129
23 141
23 203
23 208
23 210
23 220
23 245
23 258
23 281
24 59
24 94
24 98
24 166
24 185
24 200
24 207
24 261
24 269
24 270
24 274
24 295
25 32
25 43
25 47
25 86
25 173
25 217
25 257
25 282
25 288
25 299
26 63
26 72
26 75
26 82
26 83
26 84
26 93
26 135
26 137
26 163
26 183
26 184
26 231
26 236
27 60
27 73
27 88
27 96
27 118
27 123
27 136
27 143
27 168
27 199
27 226
27 242
27 296
28 35
28 48
28 53
28 74
28 110
28 144
28 179
28 192
28 211
28 233
28 239
28 266
28 273
28 278
29 37
29 55
29 83
29 87
29 101
29 137
29 138
29 139
29 172
29 241
29 244
29 262
29 297
30 34
30 36
30 58
30 79
30 99
30 111
30 113
30 120
30 133
30 147
30 151
30 165
30 197
30 198
30 225
30 229
30 234
30 235
30 276
30 293
31 70
31 126
31 178
31 189
31 194
31 256
31 285
32 43
32 86
32 142
32 144
32 196
32 217
32 250
32 255
32 257
32 282
32 288
32 299
33 39
33 44
33 46
33 49
33 69
33 71
33 100
33 121
33 122
33 182
33 206
33 230
33 232
34 36
34 58
34 79
34 99
34 111
34 113
34 120
34 131
34 133
34 147
34 151
34 165
34 197
34 198
34 225
34 229
34 234
34 235
35 48
35 56
35 64
35 67
35 74
35 78
35 101
35 144
35 149
35 164
35 192
35 230
35 239
35 266
35 273
36 58
36 73
36 99
36 113
36 120
36 131
36 133
36 136
36 193
36 225
37 55
37 56
37 67
37 78
37 87
37 101
37 138
37 139
37 164
37 179
37 248
37 262
37 297
38 102
38 103
38 117
38 169
38 177
38 204
38 218
38 271
38 275
39 46
39 49
39 71
39 100
39 121
39 146
39 182
39 206
39 228
39 232
40 97
40 130
40 158
40 218
40 275
41 45
41 52
41 62
41 112
41 114
41 125
41 127
41 140
41 157
41 174
41 240
41 268
41 294
42 59
42 80
42 81
42 89
42 103
42 119
42 188
42 195
42 207
42 227
42 251
42 259
42 264
42 269
42 290
43 47
43 106
43 148
43 173
43 217
43 257
43 265
43 282
43 288
43 299
44 46
44 69
44 107
44 132
44 145
44 150
44 171
44 182
44 236
44 246
44 291
45 66
45 112
45 114
45 127
45 129
45 141
45 203
45 208
45 222
45 240
45 258
45 268
45 281
45 294
46 49
46 69
46 71
46 87
46 122
46 149
46 150
46 164
46 182
46 206
46 230
46 232
46 246
46 291
47 106
47 148
47 173
47 217
47 265
47 284
47 299
48 56
48 64
48 67
48 74
48 78
48 101
48 144
48 149
48 164
48 192
48 230
48 239
48 266
48 273
49 71
49 100
49 121
49 146
49 182
49 206
49 228
49 232
49 277
50 82
50 129
50 210
50 245
50 275
50 281
51 94
51 98
51 117
51 191
51 200
51 216
51 261
51 270
51 274
51 286
51 295
52 105
52 140
52 157
52 167
52 198
52 229
52 247
52 268
53 74
53 110
53 179
53 192
53 239
53 298
54 57
54 65
54 68
54 95
54 116
54 134
54 175
55 83
55 87
55 101
55 122
55 137
55 138
55 139
55 164
55 172
55 241
55 244
55 291
55 297
56 64
56 67
56 78
56 87
56 101
56 122
56 138
56 149
56 164
56 230
56 241
56 266
56 297
57 65
57 68
57 95
57 104
57 108
57 116
57 134
57 153
57 175
57 187
57 253
58 79
58 99
58 105
58 113
58 131
58 133
58 147
58 151
58 198
58 223
58 225
58 229
58 235
59 89
59 166
59 185
59 188
59 207
59 251
59 259
59 269
60 73
60 88
60 96
60 118
60 123
60 136
60 143
60 168
60 186
60 199
60 226
60 242
60 260
60 296
61 81
61 195
61 248
61 262
62 104
62 108
62 127
62 153
62 155
62 222
62 247
62 253
62 268
63 69
63 72
63 75
63 83
63 84
63 107
63 132
63 145
63 150
63 159
63 172
63 231
63 236
63 246
63 291
63 292
64 67
64 86
64 144
64 149
64 164
64 230
64 250
64 266
64 282
64 288
65 68
65 95
65 104
65 108
65 116
65 134
65 153
65 175
65 176
65 253
66 112
66 127
66 129
66 141
66 203
66 208
66 222
66 258
66 281
67 78
67 101
67 149
67 164
67 192
67 230
67 239
67 266
67 297
68 95
68 104
68 108
68 116
68 134
68 175
68 187
68 253
69 84
69 107
69 122
69 132
69 145
69 150
69 159
69 171
69 182
69 236
69 246
69 291
70 126
70 178
70 224
70 256
70 285
71 122
71 149
71 164
71 182
71 206
71 230
71 232
72 75
72 82
72 84
72 135
72 145
72 159
72 163
72 183
72 184
72 236
72 240
72 292
72 294
73 113
73 120
73 123
73 133
73 136
73 168
73 199
73 242
73 267
74 110
74 179
74 192
74 211
74 239
74 273
74 278
74 298
75 82
75 84
75 135
75 159
75 163
75 183
75 184
75 231
75 240
75 292
76 167
76 176
76 214
76 247
76 254
76 263
76 283
77 124
77 186
77 194
77 202
77 209
77 221
77 226
77 243
77 260
77 267
77 287
77 293
78 101
78 149
78 164
78 179
78 192
78 239
78 262
78 266
78 297
79 99
79 111
79 113
79 120
79 133
79 147
79 151
79 162
79 165
79 197
79 198
79 229
79 234
79 235
79 276
79 293
80 89
80 93
80 102
80 103
80 119
80 169
80 195
80 204
80 207
80 227
80 244
80 251
80 259
80 264
80 269
80 290
81 89
81 188
81 195
81 248
81 262
81 290
82 129
82 135
82 163
82 183
82 184
82 208
82 281
83 84
83 87
83 93
83 137
83 138
83 139
83 150
83 163
83 172
83 183
83 184
83 231
83 236
83 241
83 244
83 246
83 291
84 107
84 132
84 145
84 150
84 159
84 163
84 172
84 183
84 184
84 231
84 236
84 246
84 291
84 292
85 128
85 152
85 160
85 170
85 180
85 211
85 212
85 233
85 237
85 238
85 252
85 278
85 279
85 280
86 142
86 144
86 196
86 250
86 252
86 255
86 257
86 273
86 282
86 288
87 101
87 122
87 132
87 138
87 149
87 150
87 164
87 172
87 241
87 246
87 291
88 96
88 109
88 118
88 123
88 143
88 154
88 168
88 186
88 199
88 209
88 219
88 226
88 242
88 260
88 296
89 166
89 188
89 195
89 207
89 227
89 251
89 259
89 269
89 290
90 104
90 187
91 210
91 220
92 111
92 125
92 145
92 151
92 161
92 162
92 165
92 171
92 181
92 197
92 201
92 205
92 213
92 215
92 234
92 235
92 292
93 102
93 119
93 137
93 139
93 163
93 169
93 183
93 184
93 227
93 231
93 244
93 264
94 98
94 117
94 185
94 200
94 216
94 261
94 270
94 274
94 295
95 108
95 116
95 134
95 175
95 176
95 253
96 109
96 118
96 143
96 154
96 190
96 199
96 272
96 296
97 130
97 210
97 218
97 220
97 275
98 117
98 185
98 200
98 216
98 261
98 270
98 274
98 295
99 105
99 113
99 131
99 133
99 147
99 193
99 198
99 223
99 225
99 229
100 121
100 146
100 182
100 202
100 206
100 228
100 277
100 289
101 138
101 149
101 164
101 179
101 192
101 239
101 262
101 266
101 297
102 103
102 119
102 169
102 177
102 204
102 207
102 227
102 251
102 264
102 271
103 117
103 119
103 169
103 177
103 185
103 204
103 207
103 227
103 251
103 259
103 264
103 269
103 270
103 271
103 274
104 108
104 116
104 134
104 153
104 155
104 175
104 187
104 222
104 253
105 140
105 167
105 223
105 254
105 263
106 146
106 148
106 173
106 217
106 224
106 265
106 284
107 132
107 145
107 150
107 159
107 171
107 182
107 236
107 246
107 291
107 292
108 116
108 134
108 153
108 155
108 175
108 176
108 187
108 214
108 247
108 253
109 118
109 143
109 154
109 156
109 190
109 194
109 209
109 219
109 226
109 260
109 272
109 285
109 296
110 179
110 192
110 211
110 238
110 239
110 273
110 278
110 298
111 125
111 147
111 151
111 157
111 161
111 162
111 165
111 197
111 198
111 201
111 205
111 213
111 215
111 229
111 234
111 235
112 114
112 127
112 129
112 141
112 203
112 208
112 222
112 240
112 258
112 268
112 294
113 120
113 131
113 133
113 136
113 193
113 223
113 225
114 125
114 127
114 140
114 157
114 174
114 215
114 240
114 268
114 294
115 191
115 286
115 295
116 134
116 175
116 176
116 187
116 253
117 177
117 185
117 200
117 204
117 207
117 216
117 251
117 261
117 270
117 271
117 274
117 295
118 143
118 154
118 156
118 168
118 190
118 199
118 209
118 219
118 226
118 272
118 296
119 169
119 204
119 207
119 227
119 251
119 264
119 269
119 271
119 290
120 133
120 136
120 147
120 242
120 267
120 293
121 146
121 202
121 206
121 228
121 277
121 289
122 132
122 138
122 149
122 150
122 164
122 172
122 182
122 232
122 241
122 246
122 291
123 136
123 168
123 199
123 242
123 296
124 165
124 181
124 197
124 201
124 213
124 228
124 243
124 267
124 276
124 287
124 289
124 293
125 140
125 147
125 151
125 157
125 161
125 162
125 165
125 174
125 197
125 198
125 205
125 213
125 215
125 229
125 234
125 235
126 178
126 256
126 285
127 141
127 174
127 203
127 208
127 222
127 240
127 258
127 268
127 294
128 152
128 160
128 180
128 196
128 212
128 233
128 237
128 252
128 255
128 279
128 280
129 141
129 203
129 208
129 210
129 245
129 258
129 281
130 218
130 275
131 133
131 193
131 223
131 225
132 145
132 150
132 159
132 171
132 172
132 182
132 236
132 241
132 246
132 291
133 136
133 147
133 151
133 225
133 229
133 235
133 293
134 153
134 175
134 176
134 187
134 253
135 163
135 183
135 184
135 231
135 240
136 168
136 199
136 242
137 138
137 139
137 163
137 172
137 183
137 184
137 231
137 244
138 139
138 150
138 164
138 172
138 241
138 246
138 291
138 297
139 172
139 195
139 231
139 244
139 290
139 297
140 157
140 167
140 174
140 198
140 229
140 234
140 268
141 203
141 208
141 222
141 258
142 144
142 160
142 180
142 196
142 233
142 250
142 252
142 255
142 257
142 273
142 278
142 279
143 154
143 156
143 168
143 190
143 199
143 209
143 219
143 226
143 272
143 296
144 192
144 196
144 233
144 239
144 250
144 257
144 266
144 273
144 288
145 159
145 161
145 171
145 236
145 292
146 173
146 189
146 202
146 206
146 277
147 151
147 162
147 165
147 197
147 198
147 205
147 229
147 234
147 235
147 276
147 293
148 173
148 217
148 224
148 265
148 284
149 164
149 230
149 232
149 266
150 159
150 172
150 182
150 236
150 241
150 246
150 291
151 161
151 162
151 165
151 197
151 198
151 201
151 205
151 213
151 215
151 229
151 234
151 235
151 276
152 160
152 170
152 180
152 211
152 212
152 237
152 279
152 280
153 155
153 175
153 176
153 187
153 214
153 247
153 253
154 156
154 190
154 194
154 209
154 219
154 226
154 249
154 272
154 285
154 296
155 167
155 214
155 247
155 253
156 190
156 194
156 209
156 219
156 226
156 272
156 285
157 162
157 174
157 198
157 205
157 215
157 229
157 234
157 235
157 268
158 218
158 286
159 161
159 171
159 236
159 240
159 292
160 180
160 196
160 212
160 233
160 237
160 250
160 252
160 255
160 279
160 280
161 162
161 165
161 171
161 174
161 197
161 201
161 205
161 213
161 215
161 234
161 235
161 292
162 165
162 174
162 197
162 198
162 201
162 205
162 213
162 215
162 229
162 234
162 235
163 183
163 184
163 231
164 230
164 241
164 266
164 297
165 181
165 197
165 198
165 201
165 205
165 213
165 215
165 229
165 234
165 235
165 276
166 188
166 259
166 269
167 214
167 247
167 254
167 263
167 283
168 186
168 199
168 226
168 242
168 260
168 267
168 296
169 177
169 204
169 227
169 264
169 271
170 211
170 212
170 238
170 278
170 279
170 280
171 181
171 182
171 201
171 213
171 289
172 231
172 236
172 241
172 246
172 291
173 217
173 224
173 265
173 282
173 284
174 205
174 215
174 234
174 240
174 268
174 294
175 176
175 187
175 253
176 214
176 247
176 253
177 204
177 218
177 271
177 275
178 189
178 194
178 256
178 285
179 192
179 239
179 262
179 297
180 196
180 212
180 233
180 237
180 252
180 255
180 279
180 280
181 197
181 201
181 213
181 228
181 243
181 276
181 289
182 206
182 232
182 246
182 291
183 184
183 231
184 231
185 200
185 204
185 207
185 227
185 251
185 259
185 261
185 269
185 270
185 271
185 274
186 199
186 209
186 221
186 226
186 242
186 260
186 267
186 287
186 293
187 253
188 195
188 207
188 251
188 259
188 269
188 290
189 202
189 256
189 277
190 249
190 272
191 216
191 286
191 295
192 239
192 266
192 273
193 223
193 225
194 209
194 219
194 221
194 226
194 256
194 260
194 285
195 244
195 248
195 259
195 262
195 290
196 233
196 237
196 250
196 252
196 255
196 257
196 273
196 279
197 198
197 201
197 205
197 213
197 215
197 229
197 234
197 235
197 243
197 276
198 205
198 215
198 229
198 234
198 235
199 226
199 242
199 296
200 216
200 261
200 270
200 274
200 295
201 205
201 213
201 215
201 243
201 276
201 289
202 221
202 228
202 256
202 277
202 287
202 289
203 208
203 210
203 222
203 245
203 258
203 281
204 207
204 227
204 251
204 264
204 269
204 270
204 271
204 274
205 213
205 215
205 229
205 234
205 235
206 228
206 232
206 277
207 227
207 251
207 259
207 264
207 269
207 270
207 271
207 274
208 245
208 258
208 281
208 294
209 219
209 221
209 226
209 260
209 285
210 220
210 245
210 258
210 281
211 212
211 233
211 238
211 273
211 278
211 279
211 298
212 233
212 237
212 252
212 278
212 279
212 280
213 215
213 234
213 235
213 276
214 247
214 253
214 254
214 263
214 283
215 229
215 234
215 235
215 240
215 292
215 294
216 261
216 270
216 274
216 286
216 295
217 257
217 265
217 282
217 299
218 275
219 226
219 260
219 272
219 285
220 245
221 226
221 243
221 256
221 260
221 267
221 287
222 258
223 225
223 254
223 263
224 265
224 284
226 242
226 260
226 267
226 296
227 251
227 259
227 264
227 269
227 271
227 290
228 277
228 289
229 234
229 235
230 232
230 266
230 282
230 288
231 244
233 237
233 250
233 252
233 255
233 273
233 278
233 279
234 235
236 246
236 291
236 292
237 252
237 255
237 279
237 280
238 278
238 298
239 266
239 273
240 292
240 294
241 246
241 291
242 267
242 293
242 296
243 267
243 276
243 287
243 289
243 293
244 264
244 290
245 258
245 281
246 291
247 253
247 254
247 263
247 283
248 262
248 290
248 297
249 272
250 252
250 255
250 257
250 266
250 273
250 279
250 288
251 259
251 264
251 269
251 270
251 271
251 274
252 255
252 273
252 279
254 263
254 283
256 285
257 282
257 288
257 299
258 281
259 269
259 290
260 267
260 287
261 270
261 274
261 295
262 297
263 283
264 271
264 290
265 284
265 299
266 273
266 288
267 276
267 287
267 293
268 294
269 270
269 271
269 274
270 271
270 274
270 295
271 274
273 278
273 279
274 295
276 287
276 289
276 293
278 279
278 298
282 288
286 295
287 289
287 293
292 294
