100 449
0 8
0 37
0 45
0 87
0 88
0 93
1 5
1 31
1 32
1 36
1 38
1 56
1 57
1 69
1 95
2 7
2 19
2 39
2 66
2 84
2 87
3 6
3 13
3 43
3 63
3 76
3 97
4 9
4 16
4 20
4 52
4 53
4 74
4 83
4 89
5 31
5 36
5 38
5 40
5 41
5 53
5 65
5 69
5 79
5 80
5 82
5 91
5 95
6 13
6 43
6 58
6 63
6 76
6 97
7 8
7 19
7 39
7 66
7 84
7 87
7 93
8 37
8 45
8 66
8 84
8 87
8 88
8 93
9 20
9 22
9 25
9 35
9 52
9 53
9 67
9 74
10 11
10 15
10 27
10 46
10 50
10 70
10 73
10 75
10 78
10 96
11 15
11 46
11 50
11 70
11 73
11 78
11 96
12 13
12 42
12 43
12 58
12 60
12 63
12 92
13 43
13 58
13 60
13 63
13 76
13 92
13 97
14 30
14 42
14 44
14 47
14 81
14 98
15 46
15 70
15 73
15 75
15 78
15 96
16 34
16 50
16 51
16 53
16 55
16 79
16 80
16 86
16 91
17 20
17 22
17 23
17 24
17 29
17 35
17 38
17 57
17 62
17 68
18 25
18 26
18 33
18 35
18 48
18 49
18 64
18 67
18 72
18 90
19 39
19 66
19 84
19 87
19 93
20 22
20 23
20 24
20 25
20 35
20 52
20 53
20 74
20 79
20 80
21 33
21 37
21 45
21 71
21 72
21 84
21 88
21 89
21 93
22 23
22 24
22 25
22 35
22 52
22 53
22 67
22 68
22 74
22 79
23 24
23 29
23 31
23 35
23 38
23 52
23 53
23 57
23 68
23 74
23 79
24 25
24 29
24 35
24 38
24 52
24 57
24 62
24 68
24 74
25 26
25 35
25 49
25 52
25 64
25 67
25 68
25 74
25 90
26 35
26 49
26 59
26 64
26 67
26 90
26 99
27 28
27 70
27 73
27 75
27 83
27 89
28 71
28 75
28 83
28 89
29 38
29 44
29 57
29 62
29 68
30 42
30 44
30 47
30 60
30 62
30 81
30 92
31 34
31 36
31 38
31 41
31 53
31 69
31 79
31 80
31 82
31 86
31 91
31 95
32 36
32 38
32 56
32 57
32 85
32 98
33 37
33 45
33 48
33 71
33 72
33 88
33 89
34 41
34 50
34 51
34 53
34 55
34 69
34 79
34 80
34 86
34 91
35 49
35 52
35 64
35 67
35 68
35 74
35 90
36 38
36 56
36 57
36 69
36 95
37 45
37 48
37 71
37 72
37 84
37 88
37 93
38 56
38 57
38 69
38 95
39 66
39 84
39 87
40 41
40 54
40 65
40 82
41 54
41 55
41 69
41 79
41 80
41 82
41 86
41 91
42 44
42 47
42 58
42 60
42 81
42 92
43 58
43 63
43 76
43 97
44 47
44 57
44 60
44 62
44 81
44 92
45 48
45 71
45 72
45 84
45 88
45 93
46 70
46 73
46 78
46 96
47 81
47 98
48 64
48 72
48 88
48 90
49 59
49 64
49 67
49 90
49 94
49 99
50 51
50 55
50 73
50 80
50 86
50 91
51 53
51 55
51 73
51 79
51 80
51 86
51 91
52 53
52 67
52 74
53 69
53 79
53 80
53 86
53 91
54 55
55 80
55 86
55 91
56 57
56 85
56 98
57 62
58 60
58 63
58 92
58 94
59 61
59 77
59 90
59 99
60 62
60 63
60 92
60 94
61 77
61 99
62 68
63 76
63 92
63 94
63 97
64 67
64 72
64 90
64 99
65 82
65 95
66 84
66 87
66 93
67 68
67 74
67 90
69 79
69 80
69 82
69 91
69 95
70 73
70 75
70 78
70 96
71 83
71 89
72 88
72 93
73 75
73 78
73 96
75 83
75 89
76 97
77 99
78 96
79 80
79 86
79 91
80 86
80 91
81 98
82 95
83 89
84 87
84 88
84 93
85 98
86 91
87 93
88 93
90 99
92 94
