200 1067
0 88
0 144
0 169
1 5
1 7
1 32
1 112
1 119
1 176
1 192
2 33
2 39
2 60
2 125
2 131
2 132
2 179
3 24
3 34
3 64
3 76
3 81
3 92
3 122
3 140
3 142
3 155
3 160
3 162
3 171
4 21
4 44
4 54
4 56
4 58
4 69
4 102
4 107
4 115
4 130
4 175
5 12
5 32
5 43
5 94
5 112
5 119
5 176
5 189
5 192
6 13
6 15
6 17
6 27
6 42
6 70
6 93
6 126
6 147
6 181
6 187
7 25
7 53
7 71
7 85
7 112
7 154
8 18
8 19
8 23
8 24
8 30
8 34
8 36
8 76
8 81
8 110
8 122
8 149
8 162
8 167
8 174
8 188
8 193
8 199
9 129
9 148
9 166
9 170
9 172
9 177
9 198
10 29
10 33
10 45
10 91
10 96
10 121
10 131
10 146
10 156
10 186
11 22
11 44
11 73
11 93
11 102
11 104
11 197
12 32
12 43
12 49
12 89
12 94
12 112
12 116
12 136
12 176
12 185
13 17
13 65
13 70
13 73
13 93
13 127
14 34
14 108
14 151
14 162
14 183
15 17
15 26
15 27
15 42
15 70
15 93
15 126
15 147
15 181
15 187
16 41
16 48
16 52
16 57
16 74
16 79
16 97
16 105
16 150
16 160
16 161
16 190
17 58
17 65
17 70
17 73
17 93
17 127
17 130
17 181
17 187
18 19
18 23
18 30
18 36
18 110
18 149
18 167
18 174
18 188
18 193
18 195
18 199
19 23
19 36
19 123
19 149
19 153
19 167
19 174
19 188
19 195
19 199
20 41
20 52
20 64
20 74
20 78
20 86
20 105
20 128
20 140
20 160
20 161
20 171
20 180
21 51
21 54
21 56
21 83
21 107
21 138
21 157
21 175
21 178
22 44
22 73
22 93
22 102
22 104
22 197
23 24
23 30
23 36
23 76
23 110
23 122
23 123
23 149
23 167
23 174
23 188
23 193
23 195
23 199
24 30
24 34
24 36
24 76
24 81
24 122
24 149
24 155
24 162
24 165
24 174
24 199
25 31
25 53
25 71
25 85
25 154
26 27
26 42
26 50
26 66
26 72
26 101
26 111
26 117
26 118
26 133
26 137
26 147
26 181
26 182
26 191
26 196
27 50
27 66
27 70
27 111
27 118
27 126
27 147
27 181
28 50
28 66
28 67
28 72
28 88
28 111
28 118
28 134
28 144
28 145
28 169
28 173
29 33
29 40
29 55
29 87
29 91
29 96
29 103
29 120
29 121
29 124
29 131
29 146
29 156
29 184
29 186
30 34
30 36
30 76
30 81
30 110
30 122
30 149
30 162
30 167
30 174
30 193
30 199
31 39
31 53
31 85
31 125
31 154
32 43
32 94
32 112
32 119
32 176
32 189
32 192
33 60
33 91
33 103
33 121
33 131
33 146
33 156
33 179
33 186
34 76
34 81
34 122
34 151
34 162
34 183
34 199
35 83
35 106
35 113
35 135
35 138
35 141
36 59
36 76
36 81
36 122
36 123
36 149
36 165
36 167
36 174
36 188
36 199
37 47
37 68
37 69
37 75
37 95
37 115
37 129
37 159
38 43
38 48
38 79
38 80
38 82
38 89
38 92
38 136
38 164
38 185
38 189
38 190
39 60
39 125
39 132
39 179
40 55
40 63
40 87
40 96
40 133
40 137
40 156
40 158
40 184
40 186
40 194
41 48
41 52
41 57
41 64
41 74
41 79
41 97
41 105
41 140
41 142
41 150
41 160
41 161
41 171
41 190
42 70
42 93
42 101
42 117
42 181
42 187
42 191
42 196
42 197
43 80
43 89
43 94
43 136
43 164
43 176
43 185
43 189
43 190
44 54
44 69
44 77
44 102
44 107
44 115
44 130
45 186
46 61
46 99
46 133
46 137
46 163
46 173
47 68
47 75
47 78
47 90
47 98
47 128
47 129
47 143
47 180
47 198
48 57
48 74
48 79
48 97
48 140
48 142
48 150
48 160
48 161
48 190
49 116
49 125
49 132
49 179
49 185
50 61
50 66
50 67
50 72
50 88
50 101
50 111
50 117
50 118
50 134
50 145
50 147
50 169
50 173
50 182
50 196
51 62
51 83
51 106
51 109
51 138
51 141
51 157
51 175
52 57
52 64
52 74
52 78
52 97
52 105
52 128
52 140
52 155
52 160
52 161
52 171
52 180
53 71
53 85
53 154
54 56
54 69
54 102
54 107
54 115
54 130
54 175
55 63
55 87
55 96
55 103
55 120
55 121
55 124
55 146
55 156
55 158
55 184
55 194
56 69
56 84
56 95
56 107
56 152
56 159
56 168
56 175
56 178
57 74
57 79
57 97
57 105
57 114
57 139
57 150
57 161
58 65
58 73
58 102
58 107
58 127
58 130
58 175
59 76
59 81
59 90
59 98
59 122
59 123
59 148
59 149
59 165
59 166
59 170
59 172
59 174
59 188
59 198
60 91
60 125
60 131
60 132
60 179
61 67
61 88
61 99
61 101
61 117
61 133
61 137
61 145
61 163
61 169
61 173
61 182
61 196
62 65
62 106
62 109
62 157
62 175
63 87
63 120
63 158
63 184
63 194
64 105
64 128
64 140
64 142
64 155
64 160
64 161
64 171
64 180
65 73
65 127
65 130
66 67
66 72
66 88
66 111
66 118
66 134
66 145
66 147
66 169
66 173
66 182
67 72
67 88
67 111
67 118
67 134
67 145
67 169
67 173
68 69
68 75
68 78
68 115
68 129
68 143
68 159
69 75
69 115
69 159
70 93
70 126
70 147
70 181
70 187
71 85
71 112
71 154
72 88
72 111
72 118
72 134
72 145
72 147
72 169
72 173
73 93
73 102
73 127
73 130
73 187
74 79
74 97
74 105
74 114
74 139
74 150
74 160
74 161
75 84
75 95
75 115
75 129
75 159
76 81
76 122
76 123
76 149
76 155
76 162
76 165
76 174
76 199
77 78
77 86
77 114
77 115
77 139
78 86
78 105
78 115
78 128
78 143
78 180
79 80
79 82
79 89
79 97
79 136
79 142
79 150
79 190
80 82
80 89
80 136
80 185
80 190
81 90
81 98
81 122
81 123
81 149
81 155
81 162
81 165
81 174
81 199
82 89
82 120
82 136
82 185
82 190
83 106
83 109
83 113
83 135
83 138
83 141
83 152
83 157
83 178
84 95
84 152
84 159
84 168
84 178
85 154
86 105
86 114
86 115
86 128
86 139
86 161
87 96
87 156
87 158
87 184
87 186
87 194
88 111
88 134
88 144
88 145
88 169
88 173
89 94
89 136
89 164
89 185
89 190
90 98
90 122
90 123
90 143
90 149
90 155
90 165
90 166
90 170
90 172
90 174
90 180
90 198
91 96
91 103
91 121
91 124
91 131
91 146
91 156
91 179
91 186
92 100
92 108
92 142
92 164
92 183
92 189
92 190
93 102
93 181
93 187
93 197
94 112
94 116
94 136
94 164
94 176
94 185
94 189
94 192
95 152
95 159
95 168
95 178
96 103
96 121
96 124
96 146
96 156
96 184
96 186
97 105
97 114
97 139
97 150
97 160
97 161
98 128
98 143
98 155
98 165
98 180
98 198
99 163
100 108
100 151
100 164
100 183
100 189
100 190
101 117
101 133
101 137
101 182
101 191
101 196
102 107
102 130
103 120
103 121
103 124
103 131
103 146
103 156
103 184
104 114
104 139
104 197
105 128
105 140
105 155
105 160
105 161
105 171
105 180
106 109
106 138
106 141
106 157
107 130
107 175
108 151
108 164
108 183
108 189
109 138
109 141
109 157
109 175
110 167
110 193
110 195
110 199
111 118
111 134
111 145
111 147
111 169
111 173
112 119
112 176
112 192
113 135
113 138
113 141
114 139
114 150
114 161
116 132
116 185
117 118
117 133
117 137
117 147
117 182
117 191
117 196
118 126
118 134
118 145
118 147
118 173
118 182
119 176
119 192
120 121
120 124
120 146
120 156
120 184
120 194
121 124
121 131
121 146
121 156
121 184
121 186
122 123
122 149
122 155
122 162
122 165
122 174
122 199
123 148
123 149
123 153
123 165
123 167
123 172
123 174
123 188
123 199
124 131
124 146
124 156
124 184
125 132
125 179
126 147
126 181
127 130
128 140
128 143
128 155
128 160
128 161
128 171
128 180
129 143
129 166
129 170
129 177
129 198
130 175
131 132
131 146
131 156
131 179
132 179
133 137
133 182
133 191
133 196
134 144
134 145
134 169
134 173
135 138
135 152
135 178
136 164
136 185
136 190
137 182
137 191
137 196
138 141
138 157
139 150
139 161
140 142
140 155
140 160
140 161
140 171
141 157
142 160
142 171
142 190
143 180
143 198
144 145
144 169
145 169
145 173
146 156
146 186
147 181
148 153
148 165
148 166
148 170
148 172
148 177
148 198
149 155
149 165
149 167
149 174
149 188
149 199
150 161
151 183
152 159
152 168
152 178
153 167
153 188
153 195
155 160
155 165
155 171
155 174
155 180
155 199
156 184
156 186
157 175
158 184
158 194
158 197
159 168
159 178
160 161
160 171
161 171
162 183
162 199
163 173
164 189
164 190
165 166
165 172
165 174
165 180
165 198
166 170
166 172
166 177
166 198
167 174
167 188
167 195
167 199
168 178
169 173
170 172
170 177
170 198
172 177
172 198
173 182
174 188
174 199
176 192
177 198
181 187
181 191
182 191
182 196
184 186
184 194
185 190
187 191
187 197
188 195
188 199
189 190
191 196
191 197
193 195
