30 120
0 1
0 5
0 9
0 11
0 15
0 16
0 23
0 25
0 26
0 27
1 6
1 9
1 12
1 16
1 19
1 27
1 29
2 8
2 14
2 15
2 22
2 23
3 6
3 9
3 10
3 12
3 13
3 14
3 17
3 18
3 19
3 20
3 21
3 29
4 7
4 24
4 25
5 9
5 11
5 14
5 15
5 23
5 25
5 26
5 27
6 9
6 12
6 19
6 29
7 24
7 25
8 10
8 13
8 14
8 15
8 22
8 28
9 11
9 12
9 14
9 15
9 16
9 19
9 23
9 26
9 27
9 29
10 13
10 14
10 15
10 19
10 20
10 21
10 22
10 23
10 28
11 16
11 26
11 27
12 19
12 29
13 14
13 17
13 18
13 19
13 20
13 21
13 28
14 15
14 19
14 22
14 23
14 26
14 27
14 28
15 19
15 22
15 23
15 26
15 27
17 18
17 19
17 20
17 21
17 29
18 19
18 20
18 21
19 20
19 21
19 29
20 21
21 29
22 23
22 28
23 26
23 27
24 25
25 26
26 27
