80 347
0 10
0 26
0 31
0 33
0 42
0 53
0 55
0 56
0 64
0 77
1 5
1 11
1 16
1 24
1 25
1 34
1 40
1 42
1 43
1 55
1 56
1 59
2 3
2 8
2 18
2 28
2 48
2 49
2 60
3 4
3 8
3 14
3 17
3 18
3 27
3 28
3 46
3 48
3 49
4 6
4 8
4 11
4 14
4 17
4 35
4 37
4 43
4 49
4 67
4 77
5 16
5 24
5 40
5 55
5 59
5 70
6 9
6 10
6 14
6 17
6 20
6 29
6 35
6 37
6 54
6 67
6 76
7 36
7 41
7 48
7 72
7 75
8 11
8 14
8 17
8 18
8 28
8 35
8 37
8 43
8 49
8 77
9 14
9 17
9 27
9 37
9 38
9 46
9 50
9 51
9 66
10 15
10 19
10 20
10 31
10 33
10 35
10 44
10 54
10 58
10 64
10 67
10 76
10 77
11 16
11 34
11 42
11 43
11 56
11 59
11 77
12 36
12 52
12 68
12 75
13 47
13 69
14 17
14 18
14 27
14 28
14 37
14 46
14 48
14 49
15 19
15 20
15 23
15 31
15 33
15 44
15 57
15 58
15 64
15 69
15 76
16 24
16 26
16 34
16 42
16 43
16 55
16 56
16 59
17 27
17 37
17 46
17 48
17 49
18 28
18 36
18 46
18 48
18 49
18 75
19 20
19 23
19 31
19 33
19 44
19 57
19 58
19 64
19 76
20 31
20 33
20 35
20 54
20 58
20 67
20 69
20 76
21 29
21 32
21 39
21 45
21 50
21 54
21 62
22 39
22 65
22 73
22 74
22 79
23 44
23 57
23 58
23 69
24 26
24 34
24 42
24 55
24 56
24 59
25 40
25 60
25 63
26 33
26 34
26 42
26 53
26 55
26 56
26 59
26 64
26 77
27 37
27 38
27 46
27 48
27 49
27 51
27 72
28 46
28 48
28 49
29 32
29 39
29 45
29 50
29 54
29 62
30 38
30 51
30 61
30 65
30 66
30 71
30 74
31 33
31 44
31 53
31 58
31 64
31 76
32 39
32 45
32 50
32 62
32 73
33 35
33 44
33 53
33 56
33 58
33 64
33 76
33 77
34 42
34 43
34 55
34 56
34 59
34 77
35 37
35 54
35 67
35 76
35 77
36 41
36 48
36 52
36 72
36 75
37 46
37 67
38 46
38 50
38 51
38 61
38 65
38 66
38 71
38 72
39 45
39 50
39 62
39 73
40 63
40 70
41 48
41 72
41 75
42 43
42 55
42 56
42 59
42 77
43 56
43 59
43 77
44 57
44 58
44 64
45 54
45 62
46 48
46 49
46 72
47 69
48 49
48 72
48 75
50 62
50 65
50 66
51 61
51 65
51 66
51 71
51 72
52 68
52 75
52 78
53 64
54 58
54 62
54 67
54 69
54 76
55 56
55 59
56 59
56 64
56 77
57 58
58 69
58 76
59 77
60 63
61 65
61 66
61 71
61 74
65 66
65 71
65 73
65 74
65 79
66 74
67 76
68 75
68 78
69 76
73 74
73 79
74 79
