50 159
0 2
0 30
0 32
0 35
0 39
0 43
1 5
1 10
1 12
1 13
1 18
1 23
1 28
2 15
2 30
2 32
2 35
3 5
3 8
3 9
3 21
3 26
3 34
3 36
3 45
4 11
4 25
4 41
4 44
5 8
5 9
5 13
5 18
5 23
5 28
5 37
6 29
6 33
6 49
7 20
7 36
7 38
7 40
7 45
8 9
8 13
8 18
8 21
8 26
8 34
8 42
9 20
9 23
9 28
9 36
9 37
9 38
10 12
10 18
10 23
10 25
11 16
11 25
11 41
11 44
12 13
12 14
12 18
12 30
12 39
12 47
13 14
13 17
13 18
13 19
13 42
13 47
14 18
14 19
14 30
14 39
14 42
14 43
14 47
15 24
15 31
15 32
15 35
16 25
16 41
16 44
17 19
17 21
17 22
17 29
17 34
17 42
17 47
17 48
18 28
18 42
19 21
19 22
19 29
19 34
19 42
19 47
19 48
20 28
20 36
20 37
20 38
20 40
20 45
21 22
21 26
21 34
21 42
22 29
22 34
22 42
22 48
23 28
23 37
23 38
24 31
25 41
25 44
26 34
26 36
26 45
27 46
28 37
28 38
29 33
29 48
29 49
30 32
30 35
30 39
30 43
30 47
32 35
33 48
33 49
34 42
35 39
36 40
36 45
37 38
39 43
39 47
40 45
41 44
42 47
43 46
43 47
43 48
47 48
