80 935
0 2
0 3
0 10
0 12
0 14
0 15
0 23
0 25
0 29
0 30
0 31
0 33
0 34
0 38
0 40
0 42
0 43
0 45
0 46
0 52
0 53
0 54
0 57
0 58
0 60
0 64
0 65
0 66
0 68
0 69
0 79
1 3
1 6
1 9
1 13
1 29
1 33
1 34
1 35
1 42
1 43
1 47
1 60
1 62
1 68
1 77
2 4
2 6
2 7
2 12
2 14
2 15
2 18
2 22
2 23
2 36
2 41
2 43
2 56
2 57
2 60
2 65
2 72
2 74
2 78
3 6
3 7
3 13
3 14
3 17
3 21
3 25
3 27
3 28
3 31
3 40
3 41
3 42
3 45
3 46
3 49
3 50
3 57
3 59
3 62
3 66
3 69
3 71
3 76
3 77
3 78
3 79
4 8
4 9
4 11
4 13
4 16
4 18
4 24
4 26
4 31
4 32
4 35
4 36
4 39
4 40
4 41
4 43
4 49
4 50
4 60
4 63
4 64
4 66
4 67
4 71
4 75
4 76
4 79
5 9
5 11
5 13
5 14
5 15
5 16
5 19
5 22
5 24
5 28
5 29
5 30
5 31
5 35
5 38
5 43
5 44
5 45
5 53
5 56
5 59
5 64
5 67
5 68
5 70
5 71
5 76
5 79
6 18
6 20
6 24
6 27
6 28
6 30
6 33
6 34
6 38
6 41
6 44
6 46
6 47
6 48
6 53
6 55
6 57
6 62
6 63
6 66
6 72
6 73
6 77
7 9
7 14
7 15
7 18
7 21
7 25
7 27
7 31
7 32
7 45
7 52
7 63
7 64
7 66
7 67
7 68
7 77
7 78
8 13
8 15
8 18
8 19
8 24
8 25
8 32
8 33
8 37
8 43
8 47
8 54
8 58
8 60
8 64
8 74
9 10
9 11
9 12
9 16
9 18
9 19
9 22
9 23
9 24
9 26
9 28
9 31
9 37
9 40
9 41
9 44
9 48
9 55
9 61
9 62
9 64
9 66
9 67
9 70
9 73
10 13
10 17
10 20
10 23
10 25
10 26
10 27
10 28
10 39
10 42
10 44
10 46
10 57
10 59
10 64
10 69
10 71
10 74
10 78
11 17
11 18
11 23
11 28
11 33
11 34
11 35
11 41
11 43
11 50
11 51
11 52
11 54
11 56
11 57
11 63
11 66
11 67
11 72
11 73
11 74
11 78
11 79
12 13
12 14
12 15
12 18
12 22
12 23
12 24
12 28
12 30
12 31
12 34
12 35
12 36
12 38
12 39
12 41
12 47
12 48
12 51
12 53
12 58
12 60
12 64
12 72
12 73
12 74
12 75
12 76
13 14
13 15
13 17
13 19
13 26
13 29
13 34
13 39
13 42
13 45
13 48
13 53
13 56
13 58
13 59
13 62
13 64
13 74
13 77
13 78
14 15
14 23
14 29
14 32
14 37
14 41
14 42
14 43
14 46
14 48
14 49
14 50
14 51
14 57
14 58
14 60
14 62
14 63
14 64
14 66
14 68
14 70
15 18
15 21
15 24
15 25
15 29
15 34
15 35
15 38
15 39
15 41
15 49
15 57
15 59
15 64
15 65
15 66
15 68
15 72
15 73
16 17
16 24
16 27
16 30
16 35
16 36
16 37
16 40
16 43
16 44
16 45
16 46
16 48
16 50
16 58
16 59
16 60
16 61
16 71
16 72
16 74
16 75
16 79
17 19
17 21
17 24
17 26
17 34
17 40
17 41
17 42
17 44
17 46
17 48
17 61
17 62
17 63
17 69
17 76
17 77
17 78
18 22
18 23
18 33
18 34
18 37
18 38
18 41
18 45
18 47
18 50
18 62
18 70
18 71
18 73
18 76
18 77
18 78
18 79
19 23
19 27
19 30
19 32
19 33
19 36
19 39
19 43
19 46
19 52
19 56
19 57
19 67
19 70
19 74
19 75
20 26
20 28
20 30
20 33
20 34
20 35
20 38
20 41
20 44
20 46
20 47
20 48
20 60
20 62
20 63
20 76
20 77
20 78
20 79
21 27
21 32
21 36
21 41
21 44
21 45
21 51
21 54
21 55
21 60
21 67
21 69
21 71
21 77
21 79
22 23
22 26
22 29
22 32
22 41
22 44
22 50
22 53
22 58
22 60
22 64
22 66
22 71
22 79
23 24
23 25
23 26
23 28
23 29
23 32
23 35
23 36
23 38
23 39
23 40
23 46
23 47
23 57
23 61
23 68
23 71
23 73
23 76
24 25
24 29
24 33
24 41
24 46
24 47
24 48
24 55
24 57
24 61
24 62
24 68
24 75
24 76
24 78
24 79
25 28
25 29
25 32
25 33
25 34
25 35
25 37
25 38
25 40
25 44
25 46
25 48
25 52
25 59
25 62
25 74
25 76
25 78
26 32
26 39
26 40
26 46
26 49
26 58
26 59
26 62
26 71
26 73
26 76
26 78
27 32
27 36
27 39
27 40
27 46
27 49
27 55
27 57
27 58
27 60
27 62
27 63
27 64
27 66
27 68
27 70
27 71
27 72
27 74
28 40
28 43
28 48
28 49
28 50
28 59
28 60
28 62
28 64
28 70
28 77
28 79
29 33
29 38
29 40
29 41
29 52
29 59
29 64
29 66
29 72
29 76
30 35
30 37
30 38
30 40
30 42
30 43
30 45
30 54
30 55
30 60
30 61
30 64
30 67
30 69
30 73
30 74
30 78
30 79
31 32
31 38
31 58
31 65
31 69
31 71
31 72
31 75
32 33
32 35
32 38
32 42
32 43
32 47
32 49
32 51
32 52
32 53
32 60
32 61
32 62
32 70
32 76
32 79
33 36
33 37
33 51
33 52
33 53
33 62
33 63
33 69
33 71
33 72
33 74
34 35
34 42
34 43
34 44
34 50
34 53
34 54
34 56
34 57
34 59
34 60
34 65
34 67
34 69
34 72
34 74
35 37
35 40
35 42
35 43
35 44
35 46
35 47
35 51
35 52
35 57
35 58
35 60
35 61
35 62
35 63
35 65
35 77
35 79
36 40
36 43
36 47
36 49
36 52
36 56
36 62
36 65
36 66
36 69
36 71
36 72
36 74
36 75
36 77
37 39
37 46
37 47
37 50
37 53
37 54
37 58
37 79
38 45
38 46
38 48
38 50
38 52
38 53
38 55
38 56
38 57
38 62
38 63
38 77
39 40
39 42
39 47
39 51
39 52
39 58
39 59
39 64
39 65
39 67
39 75
40 43
40 46
40 57
40 61
40 68
41 43
41 44
41 48
41 54
41 56
41 57
41 60
41 65
41 66
41 76
41 77
41 79
42 46
42 47
42 48
42 52
42 54
42 55
42 61
42 62
42 68
42 72
42 74
43 46
43 55
43 60
43 65
43 73
43 78
44 45
44 49
44 51
44 56
44 59
44 60
44 62
44 71
44 72
44 73
44 78
45 48
45 50
45 54
45 64
45 67
45 69
45 73
45 75
45 78
46 47
46 53
46 55
46 61
46 64
46 65
46 69
46 72
46 76
46 79
47 50
47 53
47 57
47 66
47 70
47 72
47 75
47 76
48 49
48 51
48 57
48 60
48 68
48 73
48 74
48 76
48 78
49 53
49 56
49 57
49 61
49 62
49 63
49 71
49 76
49 77
49 79
50 51
50 56
50 58
50 61
50 62
50 64
50 70
50 72
50 75
51 52
51 55
51 59
51 66
51 68
51 78
52 56
52 57
52 59
52 66
52 68
52 76
52 77
52 78
52 79
53 56
53 61
53 62
53 66
53 71
53 72
53 73
53 75
53 77
53 79
54 59
54 60
54 66
54 74
54 76
55 56
55 60
55 63
55 65
55 68
55 74
55 76
56 57
56 61
56 70
56 73
56 75
56 79
57 58
57 60
57 62
57 66
57 67
57 68
57 69
58 64
58 68
58 70
58 77
59 66
59 67
59 68
59 69
59 70
59 73
60 61
60 65
60 66
60 73
60 74
60 79
61 69
62 65
62 69
62 71
62 75
62 76
62 78
62 79
63 70
63 72
63 77
64 66
64 68
64 78
65 66
65 69
65 70
65 73
66 68
66 72
66 74
66 75
66 78
66 79
67 69
67 70
67 73
67 74
68 70
68 72
68 76
68 79
69 71
69 75
70 76
71 73
71 74
71 78
71 79
72 73
72 79
73 74
73 77
73 78
74 77
75 76
76 78
