300 8891
0 1
0 6
0 7
0 8
0 11
0 13
0 20
0 24
0 29
0 35
0 39
0 41
0 46
0 58
0 63
0 65
0 67
0 79
0 85
0 86
0 90
0 96
0 100
0 102
0 107
0 119
0 120
0 122
0 126
0 130
0 133
0 146
0 175
0 178
0 179
0 190
0 194
0 200
0 205
0 211
0 217
0 224
0 229
0 232
0 243
0 251
0 254
0 265
0 270
0 271
0 272
0 275
0 277
0 279
0 289
0 298
0 299
1 6
1 15
1 18
1 20
1 22
1 24
1 28
1 31
1 50
1 51
1 71
1 76
1 77
1 80
1 89
1 96
1 97
1 105
1 109
1 119
1 121
1 122
1 123
1 134
1 146
1 152
1 153
1 173
1 185
1 190
1 191
1 195
1 196
1 199
1 211
1 212
1 213
1 224
1 231
1 243
1 247
1 253
1 256
1 259
1 261
1 269
1 277
1 281
1 287
1 291
1 294
1 296
2 12
2 22
2 24
2 26
2 31
2 35
2 40
2 45
2 50
2 53
2 54
2 64
2 66
2 68
2 69
2 72
2 81
2 83
2 90
2 91
2 92
2 95
2 96
2 98
2 102
2 104
2 108
2 114
2 115
2 129
2 141
2 146
2 149
2 152
2 154
2 155
2 158
2 162
2 163
2 166
2 183
2 184
2 185
2 186
2 199
2 201
2 208
2 210
2 217
2 219
2 220
2 221
2 222
2 229
2 234
2 238
2 239
2 241
2 243
2 246
2 255
2 264
2 267
2 269
2 271
2 272
2 275
2 276
2 277
2 278
2 281
2 284
3 4
3 11
3 12
3 27
3 31
3 44
3 45
3 47
3 54
3 55
3 57
3 58
3 70
3 71
3 72
3 81
3 96
3 100
3 107
3 108
3 111
3 116
3 117
3 119
3 127
3 135
3 137
3 141
3 150
3 151
3 158
3 159
3 160
3 165
3 182
3 184
3 188
3 194
3 197
3 198
3 200
3 221
3 232
3 235
3 237
3 240
3 241
3 245
3 248
3 250
3 256
3 267
3 276
3 278
3 295
3 299
4 7
4 8
4 13
4 23
4 29
4 31
4 32
4 40
4 57
4 59
4 72
4 77
4 81
4 82
4 87
4 88
4 90
4 97
4 98
4 113
4 118
4 126
4 132
4 136
4 144
4 145
4 149
4 154
4 155
4 162
4 164
4 169
4 176
4 178
4 179
4 186
4 189
4 191
4 198
4 201
4 203
4 214
4 221
4 224
4 226
4 227
4 237
4 241
4 249
4 253
4 254
4 261
4 266
4 280
4 285
4 286
4 288
4 290
4 292
4 298
5 19
5 30
5 33
5 43
5 44
5 51
5 52
5 59
5 67
5 74
5 81
5 90
5 95
5 97
5 99
5 101
5 102
5 109
5 113
5 115
5 119
5 120
5 122
5 123
5 124
5 128
5 129
5 130
5 132
5 133
5 134
5 138
5 144
5 148
5 153
5 163
5 166
5 171
5 172
5 177
5 187
5 195
5 197
5 198
5 202
5 203
5 212
5 219
5 223
5 224
5 225
5 226
5 231
5 236
5 240
5 247
5 252
5 258
5 262
5 277
5 281
5 282
5 283
5 287
5 291
5 299
6 12
6 16
6 27
6 31
6 34
6 35
6 41
6 45
6 50
6 60
6 61
6 63
6 74
6 76
6 81
6 82
6 85
6 94
6 102
6 105
6 111
6 121
6 122
6 125
6 128
6 131
6 136
6 140
6 146
6 148
6 152
6 154
6 158
6 163
6 164
6 167
6 178
6 179
6 180
6 183
6 188
6 194
6 198
6 203
6 209
6 212
6 228
6 230
6 233
6 257
6 262
6 266
6 269
6 276
6 281
6 286
7 14
7 19
7 22
7 25
7 28
7 31
7 33
7 35
7 36
7 38
7 40
7 42
7 52
7 57
7 62
7 64
7 69
7 77
7 79
7 82
7 90
7 96
7 97
7 100
7 101
7 104
7 110
7 115
7 130
7 133
7 134
7 141
7 142
7 146
7 148
7 150
7 156
7 165
7 167
7 168
7 177
7 189
7 194
7 209
7 212
7 219
7 221
7 222
7 229
7 235
7 240
7 253
7 263
7 276
7 285
7 290
7 295
7 296
8 10
8 21
8 22
8 28
8 31
8 37
8 46
8 48
8 51
8 53
8 62
8 68
8 74
8 75
8 77
8 78
8 81
8 88
8 99
8 103
8 107
8 109
8 120
8 125
8 126
8 129
8 138
8 142
8 143
8 144
8 145
8 147
8 151
8 158
8 162
8 166
8 168
8 170
8 180
8 192
8 193
8 199
8 200
8 201
8 204
8 214
8 215
8 219
8 220
8 227
8 231
8 232
8 235
8 243
8 245
8 246
8 247
8 248
8 250
8 251
8 279
8 284
8 291
8 296
8 298
9 13
9 24
9 25
9 31
9 34
9 37
9 46
9 55
9 62
9 63
9 64
9 68
9 69
9 72
9 74
9 77
9 83
9 88
9 91
9 94
9 99
9 102
9 103
9 105
9 108
9 112
9 127
9 130
9 134
9 135
9 136
9 141
9 142
9 144
9 146
9 153
9 162
9 163
9 169
9 177
9 182
9 194
9 198
9 202
9 203
9 210
9 216
9 222
9 224
9 228
9 233
9 236
9 239
9 243
9 254
9 259
9 264
9 270
9 273
9 281
9 288
9 295
10 11
10 16
10 17
10 23
10 29
10 32
10 45
10 53
10 57
10 63
10 65
10 68
10 70
10 77
10 82
10 89
10 94
10 98
10 105
10 111
10 118
10 126
10 132
10 134
10 148
10 155
10 162
10 164
10 167
10 174
10 176
10 181
10 185
10 192
10 193
10 195
10 196
10 200
10 211
10 213
10 214
10 215
10 218
10 223
10 224
10 230
10 233
10 237
10 240
10 241
10 248
10 251
10 259
10 271
10 275
10 276
10 286
10 287
10 288
10 289
10 299
11 13
11 15
11 19
11 22
11 34
11 36
11 39
11 46
11 48
11 53
11 77
11 82
11 83
11 94
11 101
11 105
11 114
11 126
11 128
11 129
11 130
11 134
11 142
11 143
11 147
11 151
11 152
11 158
11 160
11 161
11 169
11 174
11 180
11 191
11 208
11 223
11 226
11 227
11 237
11 242
11 244
11 254
11 263
11 264
11 269
11 272
11 274
11 276
11 281
11 282
11 295
11 296
12 14
12 17
12 21
12 31
12 35
12 36
12 38
12 46
12 58
12 60
12 73
12 78
12 85
12 86
12 87
12 99
12 100
12 105
12 109
12 112
12 123
12 126
12 134
12 136
12 139
12 150
12 156
12 157
12 158
12 168
12 172
12 173
12 175
12 194
12 195
12 197
12 203
12 204
12 211
12 218
12 219
12 227
12 236
12 238
12 240
12 242
12 245
12 249
12 251
12 252
12 253
12 262
12 266
12 277
12 279
12 288
13 14
13 16
13 18
13 19
13 26
13 27
13 28
13 35
13 38
13 40
13 41
13 46
13 57
13 59
13 63
13 64
13 88
13 91
13 93
13 94
13 97
13 116
13 123
13 125
13 128
13 133
13 147
13 159
13 169
13 177
13 178
13 184
13 187
13 189
13 190
13 195
13 197
13 201
13 202
13 209
13 224
13 228
13 233
13 236
13 246
13 250
13 255
13 256
13 258
13 263
13 273
13 279
13 280
13 282
13 290
13 295
14 23
14 26
14 45
14 46
14 47
14 53
14 60
14 61
14 63
14 74
14 76
14 83
14 85
14 89
14 91
14 97
14 100
14 112
14 143
14 153
14 161
14 163
14 164
14 165
14 168
14 170
14 177
14 179
14 184
14 192
14 197
14 200
14 207
14 208
14 211
14 213
14 216
14 217
14 219
14 227
14 228
14 229
14 235
14 239
14 244
14 246
14 248
14 255
14 274
14 277
14 280
14 285
14 290
14 296
14 298
15 28
15 36
15 41
15 45
15 51
15 53
15 60
15 63
15 67
15 68
15 83
15 88
15 90
15 95
15 99
15 101
15 110
15 114
15 126
15 133
15 134
15 141
15 146
15 148
15 150
15 162
15 170
15 172
15 176
15 177
15 180
15 181
15 192
15 194
15 203
15 204
15 205
15 212
15 214
15 215
15 218
15 221
15 230
15 233
15 247
15 252
15 271
15 296
16 17
16 21
16 24
16 29
16 34
16 39
16 45
16 46
16 48
16 51
16 53
16 56
16 58
16 59
16 60
16 68
16 69
16 71
16 73
16 74
16 89
16 91
16 109
16 114
16 118
16 130
16 131
16 133
16 137
16 142
16 143
16 147
16 154
16 155
16 175
16 190
16 193
16 197
16 201
16 206
16 207
16 208
16 211
16 217
16 220
16 221
16 230
16 234
16 239
16 240
16 243
16 256
16 261
16 266
16 267
16 274
16 280
16 281
16 290
16 294
16 295
16 297
17 27
17 30
17 31
17 32
17 37
17 47
17 52
17 54
17 56
17 58
17 62
17 64
17 69
17 74
17 77
17 78
17 80
17 83
17 89
17 95
17 98
17 104
17 108
17 122
17 131
17 132
17 137
17 145
17 148
17 149
17 151
17 155
17 156
17 159
17 161
17 165
17 166
17 168
17 170
17 172
17 173
17 176
17 177
17 179
17 180
17 185
17 186
17 200
17 202
17 205
17 219
17 227
17 228
17 240
17 244
17 248
17 252
17 254
17 261
17 267
17 287
18 22
18 23
18 24
18 31
18 32
18 44
18 52
18 53
18 58
18 59
18 61
18 62
18 74
18 75
18 76
18 77
18 80
18 81
18 92
18 98
18 100
18 106
18 107
18 110
18 114
18 121
18 130
18 132
18 134
18 139
18 150
18 163
18 168
18 171
18 172
18 174
18 177
18 181
18 183
18 186
18 188
18 212
18 215
18 217
18 224
18 228
18 230
18 237
18 242
18 248
18 250
18 258
18 261
18 275
18 276
18 285
18 291
18 295
18 296
18 297
18 298
19 25
19 29
19 33
19 35
19 37
19 39
19 65
19 68
19 69
19 72
19 76
19 83
19 84
19 90
19 91
19 97
19 104
19 106
19 109
19 110
19 115
19 118
19 119
19 129
19 136
19 139
19 147
19 148
19 157
19 164
19 171
19 173
19 178
19 182
19 184
19 186
19 187
19 191
19 201
19 204
19 218
19 220
19 222
19 226
19 227
19 232
19 235
19 238
19 245
19 247
19 248
19 254
19 257
19 262
19 270
19 281
19 285
19 290
20 27
20 37
20 46
20 47
20 48
20 52
20 56
20 58
20 60
20 61
20 66
20 67
20 68
20 75
20 77
20 83
20 87
20 98
20 100
20 103
20 105
20 107
20 112
20 118
20 131
20 142
20 144
20 146
20 151
20 153
20 154
20 168
20 171
20 177
20 179
20 180
20 188
20 197
20 205
20 226
20 227
20 238
20 240
20 244
20 246
20 250
20 253
20 256
20 257
20 261
20 264
20 265
20 266
20 274
20 278
20 292
20 296
20 299
21 22
21 36
21 47
21 49
21 52
21 60
21 63
21 65
21 72
21 93
21 94
21 98
21 100
21 103
21 105
21 117
21 125
21 127
21 137
21 150
21 155
21 157
21 165
21 166
21 167
21 172
21 173
21 184
21 186
21 192
21 194
21 195
21 200
21 214
21 215
21 217
21 221
21 235
21 237
21 240
21 241
21 245
21 253
21 268
21 272
21 277
21 283
21 295
21 297
22 24
22 48
22 52
22 59
22 64
22 72
22 78
22 85
22 88
22 96
22 110
22 114
22 115
22 116
22 118
22 134
22 141
22 143
22 149
22 152
22 154
22 161
22 172
22 183
22 184
22 190
22 191
22 194
22 196
22 202
22 208
22 216
22 218
22 219
22 221
22 224
22 229
22 231
22 235
22 244
22 252
22 255
22 256
22 258
22 267
22 271
22 276
22 281
22 282
23 36
23 37
23 46
23 51
23 55
23 64
23 69
23 70
23 73
23 74
23 76
23 82
23 86
23 89
23 93
23 96
23 104
23 110
23 117
23 121
23 124
23 131
23 153
23 154
23 165
23 173
23 176
23 179
23 183
23 190
23 197
23 203
23 208
23 210
23 215
23 224
23 228
23 244
23 256
23 264
23 268
23 271
23 275
23 280
23 281
23 282
23 289
23 290
23 291
23 293
23 299
24 27
24 40
24 41
24 43
24 46
24 53
24 57
24 59
24 61
24 65
24 69
24 71
24 80
24 89
24 92
24 95
24 105
24 110
24 111
24 117
24 118
24 130
24 131
24 142
24 148
24 160
24 174
24 177
24 178
24 193
24 207
24 210
24 214
24 217
24 219
24 220
24 230
24 232
24 236
24 239
24 246
24 248
24 261
24 267
24 270
24 275
24 279
24 286
24 288
24 291
24 297
24 298
25 45
25 47
25 52
25 53
25 54
25 64
25 68
25 70
25 73
25 85
25 91
25 95
25 96
25 99
25 103
25 106
25 122
25 123
25 125
25 129
25 134
25 137
25 146
25 153
25 157
25 163
25 165
25 172
25 177
25 182
25 185
25 187
25 190
25 193
25 206
25 211
25 215
25 217
25 219
25 228
25 229
25 232
25 257
25 261
25 265
25 272
25 275
25 287
25 295
25 297
25 299
26 48
26 61
26 64
26 67
26 73
26 75
26 81
26 82
26 87
26 93
26 97
26 106
26 108
26 116
26 120
26 124
26 130
26 136
26 140
26 141
26 150
26 151
26 154
26 160
26 161
26 174
26 181
26 191
26 196
26 201
26 205
26 215
26 218
26 220
26 221
26 233
26 234
26 248
26 258
26 259
26 263
26 277
26 279
26 289
26 291
26 296
27 33
27 34
27 38
27 50
27 66
27 69
27 70
27 83
27 98
27 112
27 119
27 122
27 124
27 127
27 130
27 141
27 147
27 152
27 169
27 171
27 185
27 187
27 192
27 195
27 202
27 204
27 205
27 209
27 211
27 214
27 218
27 220
27 235
27 236
27 237
27 242
27 246
27 248
27 256
27 258
27 271
27 289
27 293
27 296
27 297
28 31
28 36
28 47
28 48
28 49
28 51
28 58
28 61
28 66
28 75
28 79
28 80
28 101
28 109
28 110
28 116
28 121
28 123
28 126
28 131
28 133
28 136
28 140
28 151
28 154
28 160
28 166
28 169
28 173
28 175
28 177
28 182
28 186
28 193
28 195
28 196
28 200
28 205
28 211
28 212
28 217
28 219
28 223
28 226
28 227
28 232
28 237
28 240
28 242
28 246
28 249
28 252
28 258
28 261
28 263
28 281
28 284
28 287
28 294
29 30
29 31
29 38
29 51
29 58
29 62
29 69
29 73
29 81
29 88
29 89
29 93
29 99
29 103
29 114
29 115
29 116
29 117
29 122
29 123
29 127
29 128
29 133
29 136
29 143
29 148
29 155
29 158
29 170
29 176
29 178
29 193
29 201
29 203
29 207
29 208
29 213
29 222
29 223
29 227
29 230
29 232
29 236
29 238
29 242
29 245
29 251
29 253
29 257
29 258
29 264
29 269
29 276
29 277
29 284
29 294
30 37
30 44
30 54
30 56
30 63
30 69
30 73
30 74
30 78
30 82
30 85
30 100
30 105
30 106
30 107
30 109
30 131
30 138
30 147
30 151
30 153
30 155
30 156
30 162
30 163
30 165
30 167
30 168
30 169
30 171
30 177
30 181
30 190
30 196
30 202
30 205
30 207
30 209
30 219
30 220
30 222
30 234
30 236
30 240
30 241
30 243
30 246
30 251
30 252
30 258
30 261
30 263
30 265
30 274
30 276
30 277
30 282
30 299
31 32
31 33
31 35
31 36
31 38
31 51
31 57
31 58
31 60
31 61
31 62
31 65
31 68
31 82
31 83
31 84
31 100
31 105
31 108
31 120
31 126
31 130
31 131
31 136
31 137
31 157
31 168
31 169
31 173
31 178
31 182
31 183
31 184
31 185
31 188
31 189
31 197
31 198
31 205
31 206
31 214
31 215
31 219
31 236
31 237
31 238
31 242
31 245
31 248
31 253
31 258
31 272
31 273
31 277
31 278
31 284
31 286
31 289
31 290
31 294
32 38
32 39
32 44
32 48
32 50
32 57
32 64
32 68
32 69
32 74
32 75
32 76
32 77
32 78
32 83
32 85
32 87
32 93
32 97
32 107
32 109
32 111
32 116
32 117
32 118
32 122
32 124
32 128
32 140
32 144
32 158
32 159
32 162
32 163
32 166
32 181
32 192
32 193
32 195
32 206
32 213
32 220
32 224
32 226
32 233
32 237
32 238
32 245
32 263
32 278
32 279
32 281
32 282
32 285
32 289
32 292
32 294
32 297
33 34
33 35
33 36
33 40
33 41
33 42
33 47
33 55
33 58
33 66
33 74
33 75
33 76
33 88
33 90
33 97
33 102
33 103
33 111
33 121
33 124
33 125
33 126
33 129
33 139
33 144
33 147
33 157
33 167
33 170
33 176
33 180
33 184
33 189
33 192
33 194
33 198
33 199
33 213
33 215
33 218
33 222
33 229
33 232
33 234
33 242
33 243
33 254
33 255
33 258
33 269
33 271
33 272
33 275
33 280
33 283
33 285
33 287
33 288
33 292
34 38
34 43
34 61
34 65
34 69
34 71
34 73
34 83
34 84
34 92
34 93
34 96
34 101
34 104
34 105
34 108
34 115
34 117
34 119
34 126
34 129
34 131
34 133
34 134
34 143
34 149
34 151
34 152
34 162
34 168
34 170
34 176
34 180
34 198
34 201
34 203
34 207
34 215
34 219
34 223
34 224
34 235
34 237
34 240
34 241
34 252
34 255
34 260
34 261
34 262
34 267
34 268
34 276
34 278
34 282
34 290
34 292
34 294
35 41
35 43
35 45
35 48
35 51
35 62
35 67
35 76
35 94
35 97
35 105
35 111
35 119
35 124
35 130
35 138
35 142
35 163
35 167
35 168
35 169
35 173
35 174
35 177
35 183
35 191
35 192
35 199
35 208
35 210
35 212
35 214
35 215
35 221
35 232
35 237
35 238
35 243
35 247
35 249
35 251
35 254
35 256
35 258
35 268
35 274
35 276
35 279
35 281
35 286
35 288
35 298
36 41
36 42
36 53
36 54
36 59
36 76
36 86
36 89
36 95
36 108
36 110
36 120
36 121
36 123
36 130
36 138
36 142
36 148
36 163
36 170
36 172
36 173
36 175
36 177
36 178
36 180
36 185
36 194
36 200
36 204
36 206
36 207
36 211
36 227
36 229
36 231
36 235
36 247
36 249
36 251
36 252
36 270
36 271
36 278
36 281
36 293
36 297
37 40
37 43
37 44
37 45
37 48
37 49
37 50
37 51
37 52
37 54
37 60
37 69
37 85
37 89
37 90
37 96
37 97
37 101
37 103
37 105
37 107
37 113
37 119
37 123
37 124
37 130
37 135
37 136
37 140
37 143
37 144
37 146
37 147
37 149
37 158
37 159
37 162
37 168
37 177
37 179
37 180
37 189
37 195
37 203
37 207
37 217
37 221
37 235
37 242
37 243
37 259
37 261
37 263
37 265
37 269
37 274
37 283
37 284
37 286
37 291
38 39
38 41
38 56
38 60
38 63
38 64
38 65
38 72
38 75
38 81
38 83
38 87
38 92
38 93
38 97
38 106
38 112
38 119
38 127
38 132
38 133
38 136
38 138
38 142
38 151
38 156
38 164
38 166
38 180
38 182
38 184
38 195
38 199
38 212
38 215
38 223
38 226
38 246
38 247
38 251
38 252
38 256
38 257
38 261
38 265
38 275
38 276
38 284
38 289
38 292
38 296
39 40
39 47
39 52
39 58
39 60
39 65
39 84
39 88
39 89
39 99
39 105
39 108
39 114
39 117
39 124
39 128
39 141
39 160
39 170
39 174
39 178
39 180
39 190
39 191
39 199
39 206
39 209
39 213
39 214
39 215
39 218
39 224
39 226
39 227
39 230
39 233
39 237
39 238
39 240
39 246
39 249
39 252
39 253
39 263
39 271
39 275
39 284
39 285
39 294
39 298
40 48
40 60
40 64
40 70
40 78
40 93
40 94
40 103
40 105
40 108
40 109
40 110
40 116
40 146
40 150
40 152
40 154
40 155
40 169
40 172
40 174
40 176
40 177
40 179
40 183
40 187
40 190
40 202
40 203
40 204
40 207
40 223
40 226
40 229
40 233
40 235
40 243
40 251
40 252
40 257
40 261
40 268
40 271
40 272
40 274
40 290
40 292
40 295
41 43
41 54
41 57
41 61
41 62
41 65
41 71
41 72
41 75
41 81
41 87
41 93
41 117
41 118
41 121
41 122
41 125
41 130
41 131
41 140
41 144
41 151
41 153
41 159
41 161
41 163
41 167
41 169
41 171
41 173
41 179
41 185
41 196
41 202
41 204
41 208
41 210
41 212
41 214
41 215
41 225
41 228
41 232
41 254
41 264
41 266
41 268
41 269
41 273
41 276
41 277
41 285
41 295
42 43
42 46
42 52
42 53
42 54
42 61
42 65
42 75
42 76
42 77
42 78
42 79
42 85
42 87
42 89
42 107
42 111
42 122
42 129
42 132
42 134
42 135
42 136
42 137
42 142
42 147
42 156
42 173
42 174
42 175
42 178
42 179
42 186
42 193
42 194
42 195
42 197
42 198
42 200
42 205
42 212
42 214
42 217
42 228
42 242
42 244
42 249
42 270
42 272
42 273
42 274
42 279
42 285
42 289
42 291
42 292
42 296
42 299
43 54
43 59
43 68
43 73
43 76
43 78
43 81
43 82
43 84
43 92
43 102
43 104
43 109
43 111
43 113
43 131
43 132
43 139
43 145
43 148
43 162
43 163
43 175
43 181
43 182
43 189
43 197
43 225
43 226
43 231
43 237
43 240
43 247
43 250
43 251
43 257
43 264
43 267
43 270
43 281
43 283
43 286
43 292
43 293
43 296
44 45
44 46
44 48
44 50
44 53
44 55
44 56
44 57
44 59
44 60
44 64
44 69
44 74
44 78
44 81
44 94
44 100
44 106
44 107
44 109
44 124
44 125
44 135
44 136
44 138
44 140
44 143
44 148
44 153
44 159
44 160
44 167
44 170
44 178
44 179
44 182
44 184
44 185
44 189
44 193
44 207
44 215
44 218
44 228
44 242
44 246
44 254
44 272
44 273
44 276
44 277
44 280
44 287
44 291
44 292
44 298
45 55
45 61
45 76
45 77
45 81
45 91
45 97
45 98
45 100
45 102
45 112
45 117
45 118
45 139
45 140
45 144
45 148
45 162
45 172
45 173
45 183
45 191
45 198
45 201
45 208
45 211
45 214
45 216
45 221
45 225
45 227
45 228
45 234
45 236
45 251
45 260
45 264
45 265
45 271
45 273
45 278
45 280
45 281
45 282
45 284
45 291
45 294
45 295
45 297
46 47
46 60
46 71
46 80
46 83
46 87
46 92
46 93
46 98
46 101
46 103
46 111
46 112
46 116
46 122
46 125
46 128
46 140
46 146
46 152
46 155
46 156
46 166
46 167
46 171
46 172
46 176
46 178
46 179
46 180
46 192
46 196
46 204
46 205
46 210
46 215
46 229
46 240
46 246
46 247
46 261
46 267
46 274
46 275
46 284
46 286
46 291
46 295
46 296
46 298
46 299
47 59
47 60
47 71
47 72
47 74
47 91
47 102
47 104
47 111
47 113
47 116
47 117
47 124
47 126
47 130
47 135
47 137
47 144
47 145
47 155
47 160
47 164
47 165
47 172
47 173
47 174
47 177
47 179
47 184
47 186
47 194
47 200
47 205
47 206
47 211
47 220
47 230
47 232
47 234
47 246
47 248
47 250
47 257
47 259
47 261
47 275
47 280
47 281
47 282
47 288
47 289
47 291
47 294
48 49
48 52
48 55
48 56
48 57
48 60
48 61
48 71
48 75
48 77
48 78
48 84
48 87
48 88
48 96
48 111
48 112
48 116
48 118
48 125
48 131
48 132
48 138
48 139
48 149
48 151
48 158
48 162
48 163
48 169
48 179
48 181
48 185
48 186
48 188
48 200
48 201
48 217
48 218
48 221
48 232
48 238
48 250
48 254
48 265
48 268
48 271
48 274
48 278
48 279
48 281
48 288
48 291
49 60
49 65
49 67
49 71
49 74
49 87
49 92
49 105
49 108
49 114
49 124
49 127
49 136
49 139
49 140
49 145
49 149
49 151
49 153
49 165
49 197
49 200
49 202
49 203
49 204
49 209
49 213
49 214
49 216
49 220
49 222
49 226
49 232
49 233
49 234
49 236
49 238
49 239
49 243
49 254
49 260
49 261
49 263
49 276
49 278
49 285
49 293
50 66
50 69
50 82
50 88
50 92
50 97
50 100
50 108
50 111
50 116
50 117
50 120
50 121
50 122
50 123
50 124
50 125
50 128
50 131
50 132
50 138
50 147
50 149
50 152
50 159
50 161
50 162
50 178
50 185
50 190
50 191
50 223
50 225
50 230
50 246
50 253
50 255
50 256
50 259
50 275
50 277
50 290
51 52
51 58
51 65
51 67
51 89
51 99
51 118
51 125
51 128
51 129
51 130
51 134
51 136
51 142
51 144
51 145
51 149
51 171
51 172
51 183
51 196
51 197
51 198
51 199
51 202
51 205
51 213
51 220
51 221
51 223
51 234
51 243
51 247
51 249
51 250
51 268
51 269
51 273
51 277
51 296
51 299
52 59
52 64
52 70
52 75
52 85
52 88
52 92
52 98
52 109
52 111
52 119
52 125
52 136
52 137
52 144
52 152
52 154
52 159
52 160
52 161
52 162
52 165
52 169
52 170
52 173
52 176
52 182
52 183
52 187
52 195
52 211
52 218
52 228
52 233
52 235
52 237
52 238
52 250
52 255
52 261
52 265
52 267
52 269
52 276
52 285
52 299
53 55
53 71
53 74
53 82
53 83
53 85
53 88
53 95
53 106
53 107
53 111
53 112
53 123
53 125
53 126
53 127
53 129
53 130
53 132
53 137
53 146
53 147
53 152
53 153
53 154
53 156
53 162
53 176
53 177
53 178
53 183
53 184
53 185
53 202
53 216
53 219
53 221
53 223
53 229
53 233
53 236
53 238
53 239
53 252
53 256
53 258
53 268
53 276
53 279
53 286
53 289
53 290
53 299
54 58
54 68
54 71
54 81
54 83
54 93
54 96
54 137
54 140
54 145
54 148
54 153
54 156
54 157
54 167
54 173
54 175
54 176
54 191
54 193
54 196
54 204
54 205
54 222
54 229
54 233
54 241
54 246
54 250
54 252
54 254
54 257
54 265
54 271
54 276
54 279
54 283
54 291
54 294
54 296
54 297
55 58
55 60
55 63
55 71
55 72
55 74
55 78
55 80
55 86
55 89
55 90
55 95
55 97
55 109
55 115
55 120
55 123
55 125
55 127
55 128
55 135
55 136
55 143
55 144
55 148
55 154
55 161
55 164
55 165
55 166
55 170
55 173
55 175
55 176
55 184
55 186
55 196
55 205
55 208
55 212
55 215
55 220
55 222
55 228
55 238
55 241
55 245
55 258
55 260
55 261
55 267
55 269
55 273
55 279
55 293
56 60
56 67
56 68
56 71
56 75
56 81
56 84
56 89
56 95
56 101
56 105
56 111
56 112
56 121
56 132
56 140
56 142
56 144
56 148
56 149
56 150
56 154
56 163
56 172
56 176
56 182
56 184
56 188
56 189
56 193
56 194
56 198
56 202
56 205
56 209
56 211
56 213
56 220
56 231
56 245
56 247
56 251
56 253
56 255
56 257
56 258
56 259
56 268
56 277
56 280
56 282
57 60
57 62
57 63
57 69
57 79
57 91
57 96
57 98
57 101
57 108
57 113
57 124
57 141
57 146
57 150
57 162
57 173
57 177
57 178
57 181
57 185
57 191
57 192
57 197
57 202
57 203
57 206
57 222
57 225
57 226
57 230
57 235
57 240
57 246
57 256
57 263
57 264
57 271
57 283
57 285
57 286
57 288
57 296
58 70
58 75
58 81
58 83
58 91
58 94
58 103
58 120
58 138
58 139
58 140
58 149
58 164
58 169
58 173
58 175
58 179
58 181
58 197
58 209
58 213
58 214
58 220
58 225
58 226
58 228
58 230
58 239
58 255
58 263
58 266
58 281
58 287
58 291
58 292
58 294
58 298
58 299
59 86
59 88
59 89
59 90
59 95
59 108
59 111
59 113
59 125
59 128
59 129
59 131
59 132
59 138
59 141
59 142
59 143
59 148
59 150
59 161
59 168
59 178
59 190
59 191
59 194
59 196
59 202
59 203
59 206
59 209
59 214
59 220
59 221
59 223
59 239
59 241
59 243
59 248
59 250
59 252
59 260
59 266
59 272
59 275
59 280
59 286
59 290
60 68
60 70
60 76
60 78
60 79
60 81
60 85
60 89
60 92
60 101
60 102
60 103
60 104
60 113
60 116
60 119
60 123
60 130
60 131
60 142
60 157
60 159
60 161
60 167
60 168
60 179
60 188
60 189
60 196
60 199
60 200
60 211
60 215
60 224
60 226
60 228
60 235
60 238
60 247
60 248
60 251
60 254
60 255
60 256
60 259
60 267
60 271
60 276
60 277
60 283
60 292
60 295
61 63
61 66
61 68
61 78
61 80
61 81
61 82
61 83
61 91
61 93
61 104
61 105
61 114
61 116
61 122
61 126
61 130
61 137
61 139
61 144
61 148
61 156
61 169
61 170
61 172
61 183
61 184
61 186
61 198
61 199
61 202
61 205
61 210
61 220
61 226
61 227
61 231
61 236
61 239
61 243
61 249
61 262
61 266
61 267
61 281
61 282
61 287
61 288
61 295
62 73
62 77
62 87
62 96
62 102
62 105
62 116
62 119
62 123
62 124
62 126
62 131
62 135
62 138
62 139
62 143
62 153
62 161
62 163
62 168
62 169
62 171
62 177
62 179
62 180
62 181
62 183
62 191
62 194
62 198
62 200
62 203
62 212
62 217
62 220
62 221
62 223
62 224
62 232
62 235
62 241
62 242
62 253
62 254
62 258
62 261
62 266
62 269
62 271
62 276
62 281
62 288
62 293
62 299
63 64
63 66
63 73
63 84
63 87
63 88
63 92
63 94
63 99
63 101
63 108
63 110
63 121
63 122
63 123
63 132
63 137
63 149
63 150
63 159
63 161
63 164
63 170
63 183
63 191
63 193
63 195
63 197
63 202
63 208
63 217
63 221
63 225
63 230
63 231
63 232
63 233
63 240
63 245
63 253
63 254
63 257
63 258
63 268
63 273
63 274
63 276
63 282
63 287
63 292
63 294
63 295
63 297
64 66
64 76
64 79
64 90
64 92
64 94
64 102
64 106
64 110
64 115
64 125
64 127
64 128
64 134
64 139
64 146
64 153
64 159
64 162
64 169
64 171
64 178
64 184
64 187
64 205
64 208
64 217
64 224
64 227
64 230
64 241
64 242
64 247
64 248
64 256
64 259
64 266
64 271
64 274
64 275
64 277
64 283
64 284
64 294
64 296
65 67
65 70
65 80
65 82
65 83
65 84
65 85
65 89
65 99
65 105
65 108
65 110
65 122
65 126
65 128
65 129
65 146
65 148
65 153
65 154
65 162
65 175
65 177
65 178
65 180
65 184
65 185
65 187
65 202
65 204
65 216
65 220
65 235
65 237
65 239
65 262
65 265
65 269
65 277
65 284
65 287
65 295
66 72
66 76
66 80
66 87
66 98
66 99
66 113
66 117
66 122
66 139
66 144
66 162
66 165
66 171
66 174
66 178
66 185
66 199
66 202
66 205
66 206
66 210
66 214
66 234
66 235
66 245
66 252
66 253
66 255
66 257
66 259
66 260
66 263
66 269
66 272
66 284
66 291
66 292
66 293
67 71
67 72
67 73
67 82
67 84
67 86
67 92
67 95
67 96
67 102
67 103
67 109
67 115
67 122
67 130
67 137
67 143
67 144
67 149
67 152
67 158
67 161
67 172
67 174
67 175
67 181
67 194
67 199
67 216
67 227
67 231
67 233
67 234
67 241
67 243
67 249
67 252
67 258
67 264
67 269
67 274
67 279
67 280
67 281
67 287
67 297
68 69
68 70
68 71
68 73
68 77
68 79
68 88
68 90
68 102
68 116
68 117
68 121
68 124
68 125
68 126
68 136
68 137
68 139
68 142
68 144
68 145
68 155
68 156
68 158
68 162
68 164
68 166
68 168
68 171
68 173
68 178
68 179
68 186
68 187
68 199
68 209
68 215
68 219
68 223
68 225
68 243
68 248
68 249
68 262
68 266
68 271
68 278
68 280
68 282
68 285
68 286
69 79
69 82
69 89
69 93
69 104
69 105
69 109
69 128
69 132
69 135
69 137
69 146
69 147
69 149
69 151
69 169
69 187
69 189
69 190
69 202
69 214
69 218
69 224
69 238
69 248
69 251
69 262
69 264
69 267
69 273
69 274
69 275
69 279
69 286
69 290
69 293
69 296
70 72
70 76
70 78
70 82
70 83
70 102
70 103
70 104
70 105
70 130
70 133
70 145
70 150
70 154
70 160
70 168
70 175
70 177
70 178
70 186
70 195
70 198
70 200
70 205
70 209
70 217
70 221
70 226
70 228
70 234
70 244
70 257
70 258
70 262
70 265
70 280
70 284
70 299
71 73
71 74
71 75
71 81
71 82
71 87
71 88
71 90
71 96
71 97
71 106
71 124
71 130
71 131
71 133
71 138
71 142
71 144
71 151
71 156
71 160
71 166
71 168
71 170
71 172
71 181
71 189
71 200
71 204
71 218
71 220
71 229
71 234
71 237
71 238
71 241
71 243
71 245
71 248
71 259
71 264
71 274
71 277
71 299
72 74
72 77
72 78
72 100
72 105
72 107
72 109
72 111
72 113
72 124
72 130
72 134
72 142
72 151
72 153
72 157
72 158
72 170
72 172
72 178
72 181
72 184
72 185
72 187
72 197
72 203
72 208
72 218
72 222
72 223
72 227
72 229
72 238
72 243
72 245
72 246
72 248
72 250
72 255
72 268
72 271
72 272
72 274
72 281
72 284
72 285
73 76
73 77
73 89
73 96
73 97
73 117
73 118
73 120
73 121
73 129
73 132
73 133
73 134
73 137
73 148
73 149
73 159
73 162
73 164
73 166
73 167
73 173
73 175
73 184
73 185
73 188
73 196
73 199
73 201
73 202
73 203
73 208
73 209
73 214
73 220
73 227
73 239
73 248
73 251
73 252
73 263
73 266
73 269
73 270
73 271
73 275
73 277
73 280
73 281
73 288
73 290
73 293
73 298
74 79
74 81
74 82
74 84
74 88
74 93
74 104
74 109
74 116
74 118
74 125
74 141
74 142
74 146
74 158
74 167
74 177
74 180
74 182
74 184
74 185
74 186
74 196
74 198
74 199
74 205
74 209
74 210
74 211
74 214
74 217
74 222
74 226
74 230
74 237
74 246
74 253
74 257
74 265
74 266
74 269
74 275
74 285
75 78
75 81
75 83
75 90
75 92
75 109
75 122
75 132
75 135
75 142
75 145
75 147
75 165
75 180
75 184
75 208
75 210
75 211
75 219
75 222
75 233
75 237
75 241
75 245
75 256
75 261
75 270
75 271
75 275
75 279
75 284
75 286
75 288
75 289
75 295
75 298
76 78
76 79
76 85
76 86
76 87
76 89
76 99
76 101
76 102
76 106
76 111
76 121
76 127
76 146
76 148
76 149
76 150
76 155
76 159
76 162
76 176
76 179
76 180
76 181
76 198
76 202
76 220
76 225
76 228
76 240
76 242
76 245
76 250
76 262
76 265
76 266
76 268
76 271
76 280
76 283
76 296
77 93
77 96
77 99
77 103
77 111
77 119
77 121
77 126
77 135
77 142
77 147
77 154
77 164
77 172
77 173
77 175
77 177
77 183
77 194
77 204
77 211
77 220
77 221
77 228
77 242
77 245
77 252
77 258
77 262
77 265
77 268
77 277
77 278
77 280
77 282
77 283
77 293
77 298
78 79
78 82
78 87
78 89
78 90
78 99
78 100
78 108
78 109
78 110
78 117
78 128
78 137
78 140
78 142
78 150
78 152
78 159
78 171
78 173
78 174
78 182
78 186
78 189
78 195
78 197
78 199
78 205
78 207
78 211
78 213
78 218
78 220
78 221
78 232
78 233
78 234
78 238
78 246
78 247
78 255
78 258
78 264
78 267
78 272
78 284
78 296
79 81
79 85
79 87
79 88
79 89
79 90
79 91
79 103
79 104
79 107
79 110
79 118
79 119
79 120
79 126
79 130
79 138
79 146
79 150
79 153
79 175
79 176
79 178
79 181
79 183
79 185
79 193
79 194
79 195
79 199
79 204
79 207
79 217
79 222
79 223
79 224
79 240
79 241
79 243
79 251
79 254
79 258
79 260
79 263
79 269
79 271
79 283
79 288
79 290
79 292
79 296
79 299
80 91
80 100
80 104
80 105
80 107
80 113
80 114
80 118
80 119
80 131
80 142
80 147
80 149
80 156
80 157
80 158
80 162
80 167
80 172
80 175
80 176
80 179
80 187
80 190
80 200
80 202
80 204
80 208
80 214
80 216
80 218
80 220
80 223
80 224
80 230
80 233
80 235
80 239
80 240
80 242
80 246
80 247
80 249
80 250
80 252
80 257
80 261
80 265
80 266
80 270
80 275
80 288
81 86
81 92
81 100
81 102
81 103
81 108
81 109
81 117
81 118
81 125
81 126
81 128
81 135
81 144
81 159
81 161
81 162
81 168
81 169
81 192
81 194
81 196
81 201
81 206
81 213
81 218
81 230
81 233
81 242
81 245
81 248
81 249
81 251
81 252
81 261
81 263
81 265
81 268
81 269
81 281
81 284
81 285
81 289
81 291
81 297
81 299
82 83
82 89
82 91
82 95
82 103
82 104
82 105
82 109
82 114
82 117
82 149
82 152
82 155
82 166
82 171
82 173
82 176
82 178
82 180
82 181
82 183
82 186
82 197
82 198
82 199
82 219
82 220
82 221
82 222
82 223
82 224
82 229
82 230
82 244
82 248
82 249
82 251
82 256
82 257
82 258
82 263
82 265
82 272
82 276
83 87
83 97
83 98
83 112
83 115
83 117
83 124
83 132
83 141
83 145
83 147
83 151
83 154
83 163
83 167
83 168
83 179
83 187
83 190
83 194
83 195
83 197
83 200
83 205
83 209
83 217
83 218
83 219
83 240
83 245
83 247
83 249
83 251
83 253
83 267
83 270
83 273
83 274
83 280
83 285
83 291
83 298
83 299
84 86
84 99
84 106
84 108
84 109
84 119
84 121
84 132
84 134
84 140
84 144
84 149
84 151
84 156
84 160
84 164
84 166
84 167
84 169
84 171
84 173
84 180
84 185
84 186
84 197
84 204
84 220
84 221
84 226
84 227
84 230
84 233
84 236
84 253
84 259
84 265
84 280
84 283
84 289
84 294
84 298
85 86
85 92
85 93
85 96
85 101
85 112
85 113
85 117
85 118
85 120
85 121
85 124
85 130
85 133
85 138
85 140
85 141
85 143
85 146
85 148
85 153
85 157
85 163
85 170
85 176
85 205
85 206
85 208
85 211
85 212
85 223
85 228
85 229
85 236
85 244
85 245
85 253
85 263
85 266
85 270
85 272
85 284
85 287
85 291
85 298
86 94
86 98
86 111
86 118
86 119
86 121
86 128
86 131
86 140
86 142
86 147
86 156
86 158
86 170
86 173
86 174
86 186
86 191
86 192
86 193
86 195
86 199
86 203
86 205
86 215
86 216
86 220
86 223
86 224
86 232
86 235
86 241
86 250
86 256
86 259
86 265
86 281
86 283
86 284
86 290
86 293
86 295
86 297
87 88
87 90
87 91
87 92
87 94
87 97
87 99
87 103
87 105
87 106
87 109
87 115
87 119
87 120
87 121
87 123
87 125
87 130
87 133
87 137
87 143
87 144
87 146
87 152
87 155
87 165
87 166
87 180
87 182
87 190
87 191
87 192
87 197
87 208
87 211
87 213
87 220
87 223
87 241
87 262
87 266
87 268
87 275
87 279
87 280
87 284
87 287
87 289
87 295
88 90
88 92
88 100
88 107
88 117
88 119
88 134
88 135
88 137
88 138
88 149
88 151
88 153
88 173
88 184
88 185
88 187
88 189
88 205
88 208
88 209
88 217
88 220
88 240
88 244
88 247
88 250
88 254
88 256
88 261
88 269
88 272
88 276
88 278
88 281
88 286
88 290
88 294
89 94
89 97
89 102
89 104
89 110
89 113
89 146
89 151
89 156
89 175
89 178
89 183
89 188
89 193
89 196
89 199
89 207
89 215
89 224
89 225
89 235
89 238
89 251
89 256
89 268
89 283
89 286
89 291
89 292
89 294
89 298
89 299
90 91
90 96
90 97
90 98
90 101
90 107
90 117
90 118
90 119
90 127
90 128
90 129
90 134
90 135
90 151
90 152
90 157
90 168
90 171
90 173
90 175
90 178
90 181
90 189
90 192
90 202
90 203
90 207
90 208
90 212
90 227
90 231
90 238
90 246
90 249
90 258
90 264
90 265
90 266
90 278
90 288
90 293
90 299
91 97
91 101
91 106
91 115
91 120
91 121
91 122
91 123
91 130
91 131
91 134
91 140
91 146
91 153
91 160
91 179
91 184
91 185
91 186
91 189
91 191
91 192
91 202
91 210
91 215
91 218
91 224
91 228
91 230
91 238
91 242
91 244
91 249
91 260
91 263
91 264
91 265
91 271
91 277
91 278
91 280
91 288
91 291
91 292
91 294
91 295
91 298
92 96
92 101
92 118
92 119
92 129
92 137
92 140
92 151
92 159
92 160
92 176
92 177
92 179
92 180
92 181
92 189
92 191
92 195
92 197
92 198
92 204
92 212
92 215
92 219
92 220
92 225
92 237
92 238
92 242
92 261
92 263
92 275
92 280
92 283
92 296
92 297
93 101
93 103
93 106
93 112
93 114
93 115
93 116
93 123
93 124
93 128
93 133
93 143
93 150
93 151
93 152
93 156
93 164
93 172
93 179
93 182
93 196
93 199
93 206
93 211
93 213
93 215
93 224
93 231
93 242
93 251
93 252
93 254
93 258
93 263
93 267
93 274
93 285
93 290
93 293
94 108
94 127
94 128
94 135
94 139
94 146
94 147
94 149
94 150
94 152
94 155
94 158
94 167
94 170
94 174
94 175
94 180
94 192
94 202
94 206
94 208
94 219
94 226
94 230
94 235
94 236
94 241
94 249
94 258
94 259
94 269
94 274
94 276
94 277
94 278
94 280
94 282
94 283
94 284
94 286
94 287
94 290
94 292
94 296
94 298
95 97
95 102
95 111
95 114
95 115
95 120
95 121
95 127
95 130
95 132
95 142
95 144
95 151
95 154
95 156
95 176
95 179
95 189
95 190
95 200
95 202
95 206
95 210
95 211
95 216
95 218
95 222
95 223
95 226
95 236
95 239
95 252
95 267
95 273
95 274
95 276
95 278
95 286
95 290
95 294
95 295
95 298
96 98
96 101
96 109
96 112
96 119
96 120
96 129
96 135
96 140
96 149
96 153
96 154
96 162
96 169
96 176
96 177
96 181
96 189
96 193
96 194
96 202
96 208
96 212
96 213
96 218
96 221
96 224
96 233
96 235
96 237
96 243
96 244
96 264
96 275
96 279
96 280
96 281
96 293
96 294
96 297
97 102
97 104
97 117
97 124
97 128
97 140
97 142
97 146
97 147
97 149
97 155
97 157
97 163
97 204
97 206
97 226
97 228
97 233
97 236
97 240
97 241
97 242
97 245
97 256
97 262
97 266
97 272
97 276
97 278
97 285
97 292
97 294
97 296
98 104
98 107
98 112
98 130
98 131
98 132
98 144
98 146
98 148
98 152
98 157
98 160
98 161
98 163
98 166
98 168
98 179
98 183
98 189
98 194
98 206
98 207
98 216
98 223
98 226
98 232
98 233
98 235
98 239
98 244
98 250
98 261
98 264
98 267
98 268
98 271
98 273
98 278
98 281
98 282
98 290
98 297
99 110
99 114
99 116
99 118
99 123
99 124
99 128
99 133
99 141
99 142
99 143
99 146
99 148
99 161
99 167
99 171
99 172
99 176
99 196
99 200
99 202
99 211
99 212
99 219
99 224
99 239
99 244
99 248
99 250
99 260
99 267
99 269
99 272
99 273
99 277
99 287
99 296
100 101
100 107
100 110
100 117
100 118
100 126
100 144
100 150
100 151
100 152
100 172
100 176
100 182
100 185
100 207
100 208
100 213
100 217
100 223
100 226
100 233
100 234
100 241
100 246
100 247
100 250
100 251
100 252
100 256
100 264
100 266
100 273
100 275
100 289
100 293
100 294
100 295
101 104
101 105
101 107
101 117
101 118
101 124
101 125
101 142
101 144
101 148
101 149
101 150
101 153
101 155
101 156
101 161
101 162
101 165
101 168
101 187
101 196
101 198
101 199
101 216
101 220
101 230
101 233
101 237
101 239
101 242
101 251
101 259
101 260
101 264
101 269
101 280
101 285
101 286
101 288
101 292
101 297
102 104
102 115
102 119
102 123
102 127
102 129
102 131
102 135
102 139
102 142
102 143
102 159
102 162
102 168
102 170
102 171
102 174
102 179
102 187
102 188
102 189
102 190
102 206
102 209
102 214
102 224
102 233
102 236
102 240
102 245
102 254
102 260
102 263
102 271
102 276
102 297
102 298
103 107
103 109
103 116
103 117
103 127
103 128
103 130
103 131
103 134
103 135
103 139
103 148
103 150
103 159
103 163
103 164
103 171
103 176
103 184
103 185
103 186
103 191
103 192
103 195
103 206
103 209
103 211
103 215
103 216
103 220
103 233
103 238
103 241
103 242
103 245
103 250
103 257
103 263
103 265
103 278
103 282
103 283
103 285
103 286
103 291
104 107
104 113
104 119
104 122
104 127
104 131
104 135
104 141
104 145
104 152
104 155
104 157
104 166
104 176
104 180
104 187
104 189
104 200
104 203
104 220
104 221
104 222
104 232
104 237
104 243
104 245
104 249
104 252
104 255
104 264
104 266
104 278
104 285
104 290
104 291
104 292
104 298
105 111
105 115
105 116
105 122
105 124
105 132
105 140
105 141
105 143
105 149
105 152
105 156
105 157
105 159
105 160
105 162
105 165
105 166
105 171
105 177
105 178
105 181
105 183
105 188
105 189
105 199
105 207
105 210
105 219
105 220
105 221
105 222
105 223
105 224
105 230
105 248
105 257
105 261
105 262
105 263
105 266
105 271
105 273
105 291
105 298
106 107
106 115
106 124
106 133
106 141
106 142
106 147
106 148
106 153
106 157
106 163
106 164
106 166
106 168
106 175
106 180
106 183
106 196
106 197
106 200
106 210
106 224
106 226
106 229
106 231
106 234
106 249
106 255
106 256
106 258
106 259
106 264
106 283
106 287
106 293
106 294
106 297
107 108
107 111
107 114
107 121
107 122
107 123
107 127
107 128
107 130
107 132
107 138
107 142
107 149
107 150
107 151
107 153
107 154
107 159
107 163
107 171
107 178
107 185
107 198
107 209
107 214
107 216
107 219
107 227
107 230
107 238
107 243
107 246
107 249
107 256
107 259
107 264
107 266
107 269
107 271
107 276
107 277
107 279
107 283
107 284
107 287
107 292
107 298
107 299
108 113
108 117
108 121
108 124
108 143
108 148
108 154
108 156
108 157
108 161
108 169
108 187
108 189
108 198
108 212
108 221
108 222
108 236
108 242
108 247
108 251
108 252
108 261
108 264
108 279
108 286
108 294
108 296
108 298
109 110
109 115
109 116
109 138
109 139
109 140
109 144
109 148
109 157
109 164
109 166
109 168
109 171
109 173
109 174
109 176
109 194
109 197
109 199
109 203
109 212
109 214
109 228
109 232
109 234
109 237
109 248
109 257
109 269
109 276
109 285
109 289
109 292
109 293
110 111
110 114
110 121
110 122
110 123
110 131
110 135
110 145
110 152
110 155
110 158
110 161
110 166
110 167
110 173
110 174
110 179
110 192
110 202
110 225
110 230
110 234
110 235
110 237
110 245
110 248
110 250
110 254
110 263
110 274
110 283
110 292
110 294
110 295
110 299
111 118
111 119
111 125
111 126
111 128
111 133
111 135
111 136
111 142
111 145
111 147
111 149
111 151
111 152
111 162
111 164
111 174
111 177
111 180
111 184
111 185
111 187
111 193
111 195
111 197
111 200
111 202
111 215
111 217
111 226
111 228
111 229
111 234
111 254
111 256
111 266
111 269
111 275
111 276
111 284
111 296
112 120
112 125
112 132
112 133
112 134
112 140
112 145
112 146
112 152
112 153
112 157
112 158
112 174
112 189
112 191
112 195
112 196
112 208
112 216
112 217
112 225
112 229
112 232
112 248
112 249
112 252
112 262
112 267
112 280
112 283
112 288
112 292
112 296
113 117
113 128
113 133
113 134
113 139
113 158
113 159
113 169
113 171
113 175
113 181
113 183
113 186
113 187
113 190
113 191
113 194
113 195
113 197
113 203
113 210
113 211
113 212
113 214
113 215
113 221
113 224
113 232
113 243
113 244
113 248
113 261
113 267
113 272
113 274
113 278
113 292
113 294
114 122
114 124
114 130
114 136
114 139
114 145
114 161
114 164
114 165
114 177
114 184
114 185
114 187
114 189
114 193
114 194
114 195
114 200
114 202
114 203
114 205
114 209
114 220
114 221
114 229
114 232
114 236
114 250
114 255
114 266
114 278
114 279
114 281
114 283
115 116
115 117
115 123
115 128
115 131
115 132
115 134
115 135
115 150
115 158
115 163
115 165
115 168
115 176
115 184
115 186
115 187
115 190
115 195
115 207
115 208
115 215
115 217
115 222
115 230
115 238
115 256
115 257
115 258
115 262
115 263
115 265
115 266
115 275
115 276
115 287
115 288
115 292
115 294
115 295
115 296
116 128
116 131
116 133
116 134
116 135
116 142
116 143
116 149
116 163
116 165
116 182
116 185
116 194
116 199
116 202
116 204
116 205
116 221
116 223
116 235
116 243
116 251
116 253
116 257
116 259
116 260
116 261
116 264
116 268
116 269
116 272
116 273
116 281
116 292
116 296
117 118
117 119
117 135
117 158
117 160
117 166
117 168
117 171
117 180
117 182
117 185
117 192
117 200
117 202
117 206
117 213
117 232
117 238
117 239
117 243
117 251
117 256
117 264
117 271
117 273
117 275
117 281
117 287
117 295
117 296
117 298
118 121
118 124
118 130
118 135
118 142
118 148
118 150
118 151
118 156
118 159
118 162
118 168
118 173
118 175
118 181
118 183
118 188
118 190
118 209
118 210
118 212
118 214
118 217
118 220
118 222
118 229
118 233
118 234
118 235
118 238
118 239
118 240
118 246
118 250
118 259
118 269
118 290
118 295
118 297
118 299
119 123
119 125
119 127
119 128
119 131
119 136
119 143
119 144
119 145
119 148
119 155
119 160
119 166
119 173
119 189
119 190
119 193
119 196
119 201
119 207
119 218
119 226
119 227
119 231
119 236
119 242
119 244
119 245
119 247
119 250
119 255
119 280
119 286
119 292
119 294
119 296
119 299
120 122
120 130
120 136
120 138
120 139
120 141
120 145
120 146
120 149
120 150
120 152
120 155
120 159
120 171
120 176
120 177
120 181
120 184
120 185
120 187
120 203
120 207
120 220
120 241
120 243
120 251
120 256
120 270
120 272
120 273
120 278
120 280
120 289
120 291
121 122
121 133
121 135
121 137
121 140
121 143
121 147
121 152
121 168
121 171
121 174
121 179
121 191
121 193
121 197
121 205
121 210
121 216
121 219
121 224
121 238
121 246
121 247
121 258
121 264
121 266
121 267
121 283
121 299
122 130
122 137
122 138
122 141
122 146
122 149
122 152
122 153
122 158
122 164
122 165
122 166
122 169
122 173
122 179
122 183
122 196
122 202
122 210
122 218
122 221
122 235
122 240
122 247
122 251
122 253
122 254
122 261
122 264
122 266
122 270
122 272
122 275
122 279
122 287
122 288
122 291
122 293
122 295
123 127
123 132
123 133
123 135
123 138
123 139
123 140
123 142
123 145
123 152
123 159
123 173
123 177
123 184
123 199
123 201
123 204
123 205
123 208
123 218
123 222
123 232
123 233
123 235
123 240
123 243
123 247
123 255
123 258
123 266
123 282
123 289
123 290
123 294
124 130
124 133
124 136
124 138
124 141
124 148
124 149
124 151
124 154
124 158
124 163
124 168
124 172
124 178
124 181
124 184
124 187
124 188
124 190
124 196
124 198
124 200
124 203
124 205
124 213
124 215
124 217
124 220
124 226
124 232
124 233
124 239
124 246
124 254
124 256
124 262
124 275
124 284
124 285
124 287
124 293
124 294
125 132
125 135
125 138
125 141
125 152
125 153
125 156
125 159
125 160
125 167
125 169
125 180
125 185
125 194
125 195
125 219
125 229
125 230
125 235
125 244
125 246
125 249
125 257
125 261
125 269
125 271
125 278
125 280
125 286
125 287
125 288
125 293
125 299
126 129
126 131
126 132
126 137
126 139
126 145
126 149
126 150
126 163
126 164
126 166
126 169
126 174
126 177
126 181
126 190
126 194
126 195
126 211
126 215
126 220
126 221
126 233
126 240
126 242
126 248
126 254
126 257
126 266
126 269
126 272
126 274
126 277
126 280
127 131
127 132
127 142
127 143
127 144
127 146
127 157
127 170
127 188
127 192
127 193
127 205
127 208
127 226
127 236
127 239
127 240
127 243
127 245
127 247
127 257
127 262
127 269
127 272
127 284
127 292
127 297
128 136
128 138
128 144
128 147
128 158
128 169
128 193
128 196
128 197
128 211
128 216
128 218
128 224
128 226
128 228
128 234
128 239
128 249
128 262
128 266
128 270
128 275
128 277
128 290
128 291
128 294
128 297
128 299
129 130
129 141
129 142
129 151
129 153
129 156
129 157
129 160
129 175
129 177
129 184
129 190
129 193
129 197
129 202
129 206
129 219
129 231
129 252
129 253
129 258
129 263
129 268
129 275
129 279
129 286
130 131
130 136
130 141
130 151
130 153
130 154
130 156
130 160
130 163
130 165
130 168
130 176
130 188
130 192
130 194
130 197
130 202
130 207
130 210
130 213
130 214
130 215
130 217
130 225
130 237
130 240
130 244
130 250
130 251
130 252
130 256
130 264
130 267
130 271
130 275
130 276
130 277
130 282
130 289
130 294
130 295
130 297
131 133
131 135
131 137
131 140
131 141
131 142
131 147
131 159
131 160
131 163
131 169
131 172
131 186
131 190
131 193
131 213
131 222
131 226
131 230
131 231
131 232
131 233
131 235
131 238
131 243
131 249
131 257
131 259
131 264
131 273
131 276
131 277
131 280
132 134
132 139
132 148
132 150
132 154
132 155
132 166
132 167
132 177
132 179
132 181
132 184
132 185
132 195
132 202
132 206
132 207
132 216
132 219
132 222
132 225
132 228
132 229
132 231
132 232
132 244
132 246
132 252
132 254
132 255
132 260
132 261
132 270
132 271
132 272
132 285
132 290
132 296
133 135
133 136
133 139
133 156
133 163
133 169
133 170
133 173
133 179
133 191
133 193
133 197
133 198
133 203
133 205
133 212
133 218
133 221
133 223
133 228
133 232
133 234
133 239
133 247
133 248
133 253
133 256
133 258
133 274
133 277
133 278
133 281
133 283
133 285
133 286
133 288
133 290
133 292
134 135
134 138
134 155
134 164
134 174
134 179
134 185
134 187
134 188
134 192
134 193
134 195
134 196
134 198
134 204
134 205
134 209
134 213
134 218
134 230
134 232
134 235
134 236
134 238
134 247
134 248
134 250
134 256
134 266
134 273
134 280
134 283
134 284
134 287
134 288
134 290
134 297
134 298
135 137
135 142
135 144
135 148
135 155
135 157
135 159
135 160
135 161
135 162
135 163
135 167
135 183
135 200
135 204
135 206
135 212
135 220
135 231
135 235
135 238
135 247
135 250
135 254
135 256
135 259
135 264
135 266
135 268
135 270
135 278
135 280
135 286
135 288
135 292
135 298
136 143
136 144
136 146
136 149
136 153
136 165
136 170
136 173
136 178
136 179
136 185
136 187
136 202
136 204
136 217
136 221
136 224
136 226
136 228
136 230
136 231
136 232
136 236
136 241
136 246
136 247
136 249
136 252
136 253
136 258
136 260
136 271
136 274
136 280
136 286
137 139
137 144
137 147
137 151
137 155
137 172
137 175
137 189
137 191
137 192
137 193
137 203
137 204
137 208
137 210
137 211
137 219
137 221
137 222
137 225
137 238
137 244
137 248
137 266
137 270
137 272
137 279
137 280
137 287
137 292
137 297
138 142
138 145
138 147
138 149
138 161
138 165
138 170
138 171
138 175
138 181
138 183
138 185
138 189
138 195
138 199
138 202
138 203
138 206
138 227
138 239
138 240
138 241
138 249
138 251
138 256
138 262
138 269
138 274
138 275
138 276
138 279
138 282
138 286
138 289
138 290
138 293
138 295
138 296
139 157
139 158
139 162
139 176
139 180
139 188
139 190
139 197
139 204
139 209
139 216
139 223
139 235
139 239
139 240
139 248
139 256
139 259
139 261
139 264
139 267
139 276
139 284
139 290
139 295
139 299
140 145
140 146
140 157
140 159
140 163
140 172
140 176
140 177
140 178
140 183
140 195
140 199
140 203
140 217
140 228
140 231
140 234
140 252
140 268
140 278
140 280
140 297
140 298
141 142
141 146
141 163
141 170
141 177
141 181
141 186
141 192
141 201
141 204
141 215
141 220
141 235
141 242
141 244
141 247
141 248
141 255
141 275
141 276
141 277
141 283
141 286
141 287
141 288
141 289
141 293
141 297
141 299
142 143
142 154
142 159
142 177
142 179
142 185
142 188
142 191
142 192
142 205
142 210
142 211
142 213
142 215
142 218
142 221
142 224
142 238
142 239
142 240
142 248
142 255
142 256
142 257
142 264
142 266
142 270
142 275
142 276
142 278
142 279
142 282
142 289
142 290
142 294
142 297
143 150
143 154
143 160
143 164
143 167
143 171
143 174
143 177
143 184
143 186
143 187
143 193
143 198
143 208
143 214
143 224
143 225
143 226
143 239
143 245
143 246
143 252
143 256
143 262
143 264
143 297
144 145
144 146
144 150
144 153
144 160
144 164
144 171
144 180
144 183
144 189
144 214
144 219
144 227
144 231
144 232
144 234
144 235
144 236
144 252
144 260
144 264
144 265
144 270
144 285
144 287
144 288
145 146
145 148
145 165
145 169
145 170
145 172
145 174
145 181
145 194
145 198
145 199
145 202
145 205
145 206
145 208
145 212
145 217
145 218
145 222
145 223
145 231
145 232
145 234
145 244
145 245
145 248
145 249
145 253
145 261
145 262
145 266
145 267
145 278
145 283
145 291
145 293
145 298
146 147
146 149
146 153
146 155
146 161
146 164
146 166
146 182
146 186
146 188
146 189
146 191
146 197
146 204
146 215
146 217
146 218
146 230
146 233
146 244
146 247
146 251
146 254
146 257
146 258
146 268
146 271
146 281
146 286
146 297
147 150
147 152
147 166
147 168
147 174
147 177
147 187
147 190
147 194
147 196
147 198
147 201
147 203
147 208
147 212
147 215
147 222
147 238
147 244
147 251
147 255
147 257
147 261
147 265
147 267
147 280
147 289
147 293
148 156
148 169
148 176
148 179
148 194
148 196
148 205
148 206
148 210
148 219
148 220
148 223
148 225
148 229
148 233
148 236
148 239
148 240
148 247
148 248
148 252
148 263
148 270
148 276
148 280
149 153
149 158
149 166
149 181
149 183
149 184
149 194
149 202
149 213
149 221
149 230
149 231
149 232
149 235
149 242
149 251
149 254
149 256
149 257
149 258
149 263
149 280
149 282
149 284
149 288
149 289
149 293
149 296
149 297
150 154
150 158
150 159
150 160
150 162
150 168
150 171
150 174
150 175
150 177
150 184
150 190
150 197
150 202
150 206
150 207
150 211
150 214
150 215
150 219
150 222
150 223
150 230
150 234
150 235
150 239
150 240
150 241
150 242
150 244
150 245
150 246
150 252
150 255
150 256
150 263
150 264
150 266
150 274
150 276
150 277
150 278
150 283
150 288
150 289
150 292
150 293
150 296
150 298
151 152
151 157
151 171
151 179
151 181
151 184
151 193
151 197
151 203
151 206
151 210
151 217
151 227
151 232
151 238
151 245
151 250
151 264
151 265
151 269
151 275
151 276
151 278
151 284
151 287
151 293
151 299
152 156
152 158
152 186
152 189
152 190
152 195
152 204
152 209
152 216
152 219
152 220
152 230
152 231
152 232
152 235
152 236
152 238
152 249
152 250
152 252
152 258
152 261
152 262
152 272
152 276
152 283
152 288
153 167
153 171
153 175
153 176
153 181
153 207
153 213
153 214
153 215
153 217
153 224
153 227
153 231
153 236
153 238
153 248
153 263
153 266
153 267
153 271
153 278
153 281
153 288
154 157
154 160
154 164
154 165
154 166
154 167
154 173
154 174
154 187
154 189
154 190
154 194
154 195
154 197
154 198
154 201
154 205
154 207
154 213
154 215
154 217
154 223
154 224
154 226
154 227
154 228
154 231
154 234
154 241
154 242
154 245
154 247
154 253
154 272
154 273
154 277
155 167
155 178
155 184
155 190
155 191
155 192
155 199
155 202
155 206
155 215
155 227
155 232
155 236
155 242
155 249
155 255
155 269
155 281
155 284
156 166
156 167
156 177
156 179
156 184
156 196
156 205
156 219
156 227
156 229
156 230
156 232
156 233
156 234
156 246
156 251
156 252
156 258
156 260
156 262
156 269
156 275
156 283
157 161
157 163
157 171
157 173
157 174
157 185
157 188
157 194
157 209
157 211
157 212
157 214
157 216
157 224
157 229
157 231
157 241
157 243
157 244
157 245
157 253
157 261
157 266
157 271
157 278
157 280
157 282
157 289
157 290
157 294
158 164
158 169
158 177
158 178
158 185
158 186
158 187
158 188
158 189
158 198
158 199
158 207
158 216
158 217
158 222
158 227
158 228
158 233
158 235
158 236
158 240
158 243
158 259
158 265
158 269
158 270
158 276
158 278
158 292
158 295
158 298
158 299
159 169
159 177
159 178
159 180
159 185
159 188
159 189
159 196
159 197
159 199
159 203
159 205
159 212
159 216
159 217
159 223
159 228
159 229
159 230
159 233
159 235
159 240
159 249
159 259
159 261
159 265
159 271
159 275
159 277
159 278
159 288
159 295
159 299
160 176
160 187
160 190
160 195
160 203
160 205
160 211
160 218
160 226
160 233
160 252
160 259
160 260
160 265
160 271
160 273
160 276
160 278
160 279
160 283
160 295
160 299
161 163
161 165
161 167
161 170
161 172
161 173
161 179
161 184
161 191
161 192
161 193
161 206
161 209
161 215
161 217
161 218
161 221
161 228
161 235
161 238
161 239
161 246
161 251
161 258
161 262
161 267
161 276
161 277
161 285
161 286
161 288
161 294
161 295
162 164
162 171
162 173
162 176
162 181
162 185
162 192
162 200
162 206
162 209
162 215
162 225
162 226
162 227
162 229
162 234
162 249
162 251
162 254
162 257
162 277
162 282
162 283
162 296
163 167
163 169
163 176
163 179
163 186
163 189
163 190
163 198
163 202
163 203
163 204
163 209
163 224
163 230
163 231
163 238
163 243
163 250
163 251
163 258
163 263
163 278
163 280
163 282
163 285
163 291
163 298
164 169
164 170
164 176
164 178
164 183
164 185
164 190
164 215
164 218
164 224
164 229
164 230
164 231
164 232
164 234
164 241
164 251
164 252
164 255
164 263
164 266
164 267
164 272
164 287
164 297
165 167
165 168
165 175
165 180
165 183
165 193
165 198
165 202
165 204
165 205
165 214
165 217
165 223
165 224
165 228
165 234
165 236
165 251
165 258
165 288
165 289
165 298
166 172
166 173
166 175
166 179
166 186
166 190
166 198
166 199
166 214
166 224
166 231
166 245
166 246
166 249
166 250
166 252
166 255
166 257
166 264
166 265
166 266
166 267
166 270
166 281
166 290
166 295
166 297
167 169
167 174
167 178
167 183
167 189
167 191
167 192
167 195
167 208
167 216
167 220
167 224
167 229
167 233
167 237
167 239
167 245
167 247
167 263
167 264
167 269
167 270
167 271
167 272
167 279
167 286
167 299
168 172
168 173
168 174
168 181
168 183
168 188
168 190
168 194
168 197
168 200
168 204
168 208
168 215
168 221
168 224
168 227
168 231
168 237
168 246
168 247
168 248
168 251
168 252
168 258
168 259
168 262
168 264
168 268
168 272
168 273
168 286
168 287
168 289
168 293
168 297
169 176
169 179
169 189
169 194
169 215
169 242
169 258
169 262
169 263
169 272
169 275
169 283
169 298
169 299
170 172
170 175
170 177
170 181
170 184
170 186
170 198
170 203
170 212
170 214
170 220
170 221
170 225
170 231
170 233
170 243
170 244
170 251
170 257
170 259
170 264
170 265
170 288
170 289
170 293
171 173
171 177
171 187
171 193
171 196
171 199
171 208
171 230
171 231
171 232
171 244
171 250
171 255
171 257
171 259
171 264
171 265
171 266
171 276
171 279
171 281
171 282
171 287
171 296
172 178
172 180
172 181
172 187
172 191
172 192
172 196
172 201
172 206
172 207
172 210
172 212
172 215
172 222
172 225
172 233
172 236
172 248
172 253
172 265
172 268
172 269
172 274
173 180
173 181
173 183
173 191
173 194
173 197
173 201
173 206
173 207
173 213
173 215
173 217
173 221
173 227
173 229
173 233
173 235
173 236
173 237
173 238
173 239
173 246
173 257
173 269
173 270
173 285
173 299
174 180
174 195
174 196
174 215
174 224
174 228
174 231
174 240
174 242
174 251
174 252
174 263
174 264
174 280
174 293
174 299
175 184
175 187
175 189
175 190
175 197
175 198
175 201
175 202
175 205
175 210
175 218
175 224
175 228
175 229
175 239
175 240
175 250
175 260
175 262
175 263
175 277
175 279
175 287
175 289
175 291
175 293
175 294
175 295
175 298
176 178
176 187
176 195
176 198
176 203
176 205
176 209
176 212
176 213
176 224
176 240
176 254
176 256
176 262
176 266
176 268
176 272
176 274
176 278
176 284
176 287
177 185
177 186
177 196
177 201
177 203
177 204
177 205
177 206
177 207
177 208
177 209
177 213
177 220
177 221
177 225
177 228
177 230
177 243
177 248
177 255
177 257
177 261
177 264
177 265
177 269
177 271
177 280
177 283
177 284
177 289
177 297
178 186
178 187
178 193
178 197
178 198
178 203
178 207
178 213
178 233
178 243
178 246
178 251
178 253
178 256
178 259
178 265
178 266
178 267
178 278
178 282
178 283
178 293
178 294
178 297
178 298
178 299
179 181
179 190
179 191
179 192
179 200
179 207
179 208
179 210
179 211
179 215
179 218
179 220
179 222
179 226
179 227
179 233
179 240
179 245
179 248
179 254
179 256
179 258
179 267
179 270
179 271
179 272
179 274
179 275
179 291
180 183
180 193
180 202
180 215
180 221
180 229
180 232
180 233
180 237
180 248
180 249
180 250
180 252
180 255
180 256
180 261
180 270
180 275
180 281
180 283
180 290
180 292
180 295
180 296
181 188
181 198
181 202
181 205
181 218
181 221
181 226
181 232
181 241
181 244
181 245
181 248
181 249
181 252
181 253
181 258
181 264
181 266
181 268
181 271
181 272
181 273
181 278
181 283
181 286
181 292
181 295
182 186
182 189
182 191
182 198
182 200
182 201
182 206
182 207
182 210
182 213
182 216
182 219
182 221
182 222
182 227
182 230
182 236
182 237
182 239
182 241
182 242
182 260
182 264
182 266
182 271
182 277
182 279
182 283
182 290
182 297
183 194
183 199
183 200
183 203
183 208
183 210
183 211
183 212
183 224
183 229
183 230
183 257
183 258
183 263
183 269
183 281
183 285
183 287
183 294
184 185
184 186
184 189
184 190
184 192
184 196
184 206
184 207
184 221
184 222
184 224
184 227
184 229
184 244
184 248
184 257
184 261
184 263
184 268
184 270
184 288
184 297
185 194
185 198
185 206
185 211
185 218
185 221
185 231
185 237
185 239
185 241
185 252
185 255
185 259
185 278
185 280
185 291
185 295
185 296
185 297
185 299
186 191
186 192
186 195
186 197
186 201
186 214
186 230
186 233
186 234
186 242
186 243
186 244
186 254
186 256
186 257
186 258
186 273
186 280
187 202
187 211
187 214
187 218
187 225
187 227
187 236
187 243
187 245
187 255
187 257
187 259
187 261
187 262
187 268
187 271
187 273
187 276
187 277
187 285
187 286
187 291
187 292
188 207
188 214
188 216
188 231
188 239
188 241
188 249
188 256
188 259
188 263
188 264
188 268
188 274
188 276
188 278
188 281
188 285
188 293
188 299
189 196
189 202
189 204
189 219
189 222
189 223
189 227
189 236
189 246
189 250
189 251
189 261
189 262
189 271
189 286
189 293
189 295
190 191
190 193
190 196
190 202
190 203
190 207
190 209
190 212
190 219
190 220
190 225
190 229
190 232
190 233
190 240
190 244
190 247
190 252
190 258
190 259
190 264
190 270
190 271
190 272
190 278
190 287
190 290
190 293
191 192
191 199
191 200
191 207
191 210
191 212
191 213
191 223
191 229
191 230
191 236
191 239
191 248
191 250
191 258
191 275
191 276
191 278
191 280
191 285
191 291
191 292
191 294
191 295
192 195
192 203
192 205
192 211
192 212
192 216
192 218
192 222
192 225
192 233
192 238
192 241
192 248
192 255
192 260
192 266
192 273
192 280
192 281
192 295
192 297
193 196
193 203
193 212
193 213
193 215
193 218
193 227
193 228
193 231
193 232
193 243
193 247
193 251
193 261
193 265
193 266
193 280
193 284
193 285
193 291
193 294
193 296
194 205
194 212
194 213
194 217
194 240
194 247
194 248
194 254
194 256
194 257
194 263
194 265
194 269
194 284
194 287
194 290
195 207
195 210
195 221
195 228
195 236
195 239
195 244
195 245
195 246
195 248
195 252
195 253
195 258
195 265
195 269
195 272
195 274
195 278
195 296
196 199
196 207
196 211
196 212
196 221
196 223
196 227
196 242
196 243
196 246
196 253
196 255
196 258
196 260
196 264
196 281
196 285
196 288
196 293
196 294
196 299
197 206
197 209
197 214
197 215
197 219
197 227
197 228
197 232
197 239
197 240
197 241
197 244
197 246
197 252
197 259
197 261
197 264
197 268
197 270
197 272
197 275
197 281
197 286
197 288
198 204
198 212
198 213
198 220
198 235
198 240
198 242
198 243
198 255
198 261
198 262
198 264
198 267
198 271
198 273
198 277
198 280
198 281
198 284
198 293
199 201
199 203
199 204
199 210
199 212
199 216
199 219
199 220
199 222
199 225
199 229
199 230
199 231
199 233
199 234
199 244
199 247
199 261
199 267
199 269
199 275
199 284
199 287
199 288
199 290
199 291
200 201
200 205
200 218
200 221
200 227
200 233
200 234
200 239
200 240
200 243
200 248
200 249
200 263
200 264
200 266
200 268
200 269
200 278
200 282
200 283
200 298
201 212
201 216
201 229
201 241
201 247
201 252
201 255
201 260
201 262
201 267
201 272
201 273
201 276
201 278
201 279
201 284
201 285
201 297
201 299
202 204
202 210
202 214
202 217
202 218
202 219
202 224
202 239
202 250
202 254
202 257
202 262
202 266
202 272
202 273
202 276
202 278
202 280
202 285
202 295
203 215
203 216
203 217
203 220
203 227
203 228
203 231
203 236
203 242
203 249
203 254
203 255
203 258
203 266
203 267
203 285
203 287
203 297
203 298
204 207
204 219
204 220
204 224
204 227
204 234
204 235
204 237
204 243
204 250
204 253
204 261
204 264
204 265
204 266
204 267
204 272
204 279
204 286
204 287
204 294
204 297
205 209
205 214
205 224
205 230
205 232
205 235
205 237
205 243
205 250
205 255
205 258
205 259
205 262
205 266
205 267
205 274
205 277
205 282
205 286
206 209
206 213
206 222
206 226
206 232
206 233
206 251
206 252
206 263
206 264
206 266
206 268
206 274
206 280
206 287
206 294
207 212
207 220
207 234
207 235
207 236
207 237
207 241
207 248
207 256
207 263
207 270
207 271
207 279
207 281
207 283
207 286
207 295
207 296
207 297
207 298
208 210
208 218
208 219
208 222
208 227
208 232
208 236
208 241
208 242
208 244
208 249
208 250
208 253
208 267
208 273
208 282
208 298
209 212
209 227
209 230
209 234
209 237
209 240
209 247
209 248
209 249
209 254
209 257
209 258
209 269
209 277
209 282
209 290
210 214
210 217
210 219
210 222
210 231
210 232
210 235
210 237
210 242
210 243
210 248
210 249
210 250
210 256
210 257
210 258
210 267
210 268
210 270
210 279
210 288
210 292
211 212
211 219
211 225
211 239
211 240
211 241
211 246
211 247
211 248
211 249
211 252
211 267
211 271
211 279
211 282
211 293
212 215
212 219
212 230
212 236
212 240
212 243
212 244
212 252
212 257
212 259
212 264
212 272
212 279
212 281
212 282
212 294
212 297
212 298
213 216
213 218
213 220
213 224
213 227
213 228
213 230
213 233
213 235
213 239
213 244
213 245
213 246
213 253
213 258
213 260
213 261
213 265
213 266
213 270
213 286
213 294
214 216
214 234
214 235
214 239
214 255
214 257
214 260
214 261
214 266
214 267
214 288
214 296
214 297
215 216
215 225
215 227
215 243
215 244
215 246
215 248
215 255
215 256
215 260
215 266
215 273
215 281
215 289
215 291
215 293
215 294
215 298
215 299
216 219
216 227
216 233
216 250
216 252
216 254
216 261
216 262
216 270
216 275
216 279
216 282
216 285
216 286
216 295
217 230
217 254
217 261
217 264
217 269
217 275
217 276
217 278
217 279
217 288
217 294
217 299
218 225
218 237
218 240
218 244
218 249
218 258
218 265
218 268
218 276
218 294
218 297
219 224
219 238
219 239
219 248
219 258
219 261
219 262
219 270
219 275
219 283
219 285
219 289
219 290
219 296
219 299
220 222
220 224
220 234
220 237
220 245
220 247
220 248
220 271
220 273
220 290
220 293
221 222
221 224
221 225
221 229
221 241
221 254
221 260
221 266
221 269
221 290
221 293
221 298
222 226
222 234
222 235
222 236
222 237
222 244
222 251
222 255
222 262
222 267
222 271
222 272
222 277
222 278
222 286
222 288
222 297
222 298
223 225
223 231
223 237
223 238
223 239
223 247
223 249
223 256
223 258
223 269
223 270
223 273
223 274
223 279
223 284
223 285
223 287
223 289
223 291
223 295
223 296
224 225
224 230
224 231
224 232
224 233
224 234
224 236
224 253
224 263
224 269
224 280
224 297
225 228
225 233
225 238
225 241
225 247
225 251
225 252
225 254
225 255
225 263
225 275
225 278
225 281
225 289
225 290
225 296
226 228
226 231
226 252
226 263
226 275
226 278
226 283
227 231
227 232
227 233
227 236
227 245
227 250
227 252
227 255
227 256
227 258
227 260
227 273
227 275
227 276
227 281
227 290
227 292
227 296
227 297
227 298
228 229
228 247
228 248
228 249
228 253
228 254
228 255
228 261
228 264
228 273
228 276
228 278
228 285
228 287
228 288
228 292
228 294
228 295
229 230
229 234
229 244
229 250
229 260
229 267
229 271
229 276
229 284
229 287
229 289
229 294
230 235
230 236
230 238
230 244
230 256
230 265
230 272
230 280
230 286
230 294
230 296
230 297
231 237
231 250
231 254
231 262
231 268
231 270
231 279
231 289
231 290
231 292
231 299
232 239
232 248
232 252
232 266
232 268
232 269
232 270
232 273
232 275
232 276
232 279
232 282
232 283
232 289
232 291
232 292
232 293
232 299
233 241
233 246
233 252
233 268
233 269
233 271
233 278
233 279
233 280
233 291
233 292
233 295
233 297
233 298
234 237
234 239
234 241
234 263
234 265
234 275
234 279
234 290
234 293
234 295
234 298
235 237
235 238
235 245
235 254
235 255
235 257
235 274
235 275
235 277
235 293
235 295
235 298
235 299
236 239
236 241
236 245
236 246
236 266
236 271
236 274
236 276
236 289
236 291
236 298
237 239
237 241
237 247
237 248
237 254
237 255
237 268
237 273
237 277
237 280
237 283
237 285
237 292
237 297
238 247
238 257
238 261
238 262
238 266
238 279
238 283
238 290
238 293
238 297
239 241
239 245
239 246
239 250
239 252
239 253
239 269
239 271
239 272
239 275
239 283
239 286
239 289
239 296
240 247
240 249
240 251
240 262
240 275
240 277
240 279
240 290
240 293
240 295
241 246
241 250
241 255
241 258
241 273
241 283
241 289
241 298
242 248
242 252
242 258
242 265
242 266
242 269
242 276
242 278
242 279
242 283
242 292
242 294
242 296
243 245
243 255
243 264
243 265
243 268
243 269
243 277
243 278
243 283
243 285
243 287
243 288
244 250
244 252
244 277
244 278
244 284
244 285
244 289
244 296
244 298
245 247
245 250
245 258
245 269
245 274
245 282
245 289
245 292
246 248
246 251
246 261
246 264
246 267
246 270
246 271
246 280
246 281
246 282
246 284
246 289
246 297
247 249
247 253
247 255
247 263
247 267
247 271
247 278
247 281
247 285
247 290
247 298
248 249
248 256
248 262
248 265
248 267
248 286
248 289
248 294
249 251
249 258
249 260
249 263
249 264
249 269
249 279
249 283
249 288
249 292
249 296
250 259
250 262
250 264
250 265
250 276
250 279
250 280
250 281
250 283
250 288
250 299
251 260
251 268
251 271
251 287
251 295
251 299
252 253
252 256
252 263
252 264
252 280
252 284
252 287
252 288
252 289
252 295
252 299
253 262
253 267
253 268
253 275
253 281
253 282
253 283
253 290
253 291
253 296
254 256
254 257
254 259
254 268
254 277
254 280
254 281
254 286
254 293
254 295
254 299
255 260
255 268
255 277
255 281
255 286
255 293
255 295
256 259
256 260
256 276
256 277
256 278
256 281
256 284
257 261
257 283
257 285
257 289
257 290
257 291
258 271
258 276
258 287
258 288
258 292
258 293
258 297
259 260
259 261
259 264
259 266
259 273
259 279
259 280
259 289
259 294
260 264
260 267
260 268
260 273
260 284
260 289
260 294
260 298
261 274
261 287
261 291
261 292
262 280
262 283
262 295
262 297
263 265
263 284
263 290
263 291
263 292
264 269
264 270
264 272
264 277
264 289
264 290
264 298
265 271
265 272
265 277
265 286
265 287
265 292
265 295
265 296
265 297
265 298
266 282
266 287
266 296
267 268
267 273
267 275
267 277
267 280
267 281
267 285
267 289
267 291
267 295
267 297
267 298
267 299
268 270
268 275
268 279
268 283
268 286
268 288
268 296
268 297
268 299
269 271
269 272
269 274
269 278
269 280
269 284
269 297
269 299
270 276
270 291
270 295
271 286
272 279
272 287
272 288
273 275
273 279
273 281
273 285
274 289
274 290
274 294
274 295
274 299
275 276
275 277
275 279
275 294
275 299
276 277
276 285
276 293
277 282
277 283
277 288
277 295
277 297
278 285
278 286
278 287
278 289
279 280
279 287
280 292
280 294
280 296
280 299
281 282
281 288
281 291
281 294
282 283
282 284
282 285
282 286
282 298
282 299
283 289
283 293
284 287
284 291
284 297
284 299
285 289
285 291
286 287
286 294
286 295
286 299
287 289
287 290
287 299
288 289
288 290
288 291
288 297
288 298
290 293
290 297
290 299
291 294
293 296
295 297
295 299
296 299
