200 3936
0 2
0 8
0 12
0 16
0 24
0 27
0 60
0 62
0 72
0 73
0 81
0 82
0 92
0 103
0 127
0 130
0 149
0 152
0 165
0 170
0 172
0 185
0 186
0 189
0 192
0 196
1 9
1 10
1 11
1 12
1 17
1 23
1 28
1 30
1 32
1 34
1 36
1 43
1 47
1 49
1 56
1 58
1 59
1 63
1 66
1 82
1 85
1 89
1 90
1 109
1 119
1 127
1 128
1 129
1 133
1 136
1 141
1 147
1 148
1 150
1 159
1 164
1 171
1 176
1 184
1 188
1 190
1 196
1 199
2 4
2 5
2 6
2 9
2 13
2 15
2 21
2 30
2 32
2 38
2 44
2 55
2 59
2 72
2 75
2 80
2 85
2 106
2 109
2 113
2 114
2 119
2 123
2 126
2 132
2 137
2 142
2 143
2 147
2 149
2 150
2 154
2 160
2 165
2 176
2 180
2 185
2 191
2 197
3 8
3 21
3 26
3 33
3 37
3 40
3 43
3 46
3 50
3 51
3 54
3 56
3 57
3 68
3 73
3 79
3 84
3 87
3 93
3 98
3 108
3 109
3 111
3 112
3 115
3 116
3 122
3 138
3 149
3 162
3 171
3 181
3 183
3 184
3 187
3 193
3 195
3 198
4 9
4 13
4 18
4 21
4 23
4 28
4 29
4 34
4 35
4 37
4 53
4 59
4 61
4 70
4 72
4 75
4 79
4 84
4 88
4 89
4 97
4 99
4 102
4 115
4 117
4 128
4 131
4 132
4 136
4 142
4 144
4 147
4 152
4 158
4 160
4 162
4 164
4 173
4 174
4 177
4 183
4 184
4 185
4 187
4 190
4 191
4 193
5 10
5 11
5 20
5 24
5 40
5 42
5 46
5 49
5 53
5 54
5 55
5 58
5 62
5 64
5 65
5 66
5 69
5 70
5 74
5 76
5 82
5 83
5 84
5 94
5 98
5 100
5 103
5 105
5 106
5 114
5 115
5 120
5 127
5 133
5 136
5 139
5 147
5 150
5 151
5 156
5 163
5 164
5 173
5 176
5 183
5 184
5 187
5 191
6 9
6 11
6 16
6 22
6 24
6 36
6 43
6 44
6 47
6 49
6 54
6 58
6 59
6 69
6 72
6 74
6 79
6 82
6 88
6 89
6 90
6 97
6 99
6 100
6 106
6 110
6 115
6 116
6 118
6 119
6 123
6 124
6 125
6 126
6 134
6 139
6 140
6 142
6 148
6 163
6 176
6 180
6 183
6 194
6 195
7 8
7 12
7 13
7 23
7 45
7 52
7 62
7 66
7 67
7 70
7 74
7 75
7 78
7 80
7 83
7 85
7 86
7 95
7 107
7 110
7 111
7 112
7 118
7 121
7 124
7 125
7 129
7 135
7 145
7 156
7 157
7 159
7 169
7 173
7 176
7 177
7 181
7 189
7 196
8 16
8 17
8 18
8 19
8 22
8 26
8 28
8 31
8 36
8 46
8 66
8 71
8 75
8 80
8 84
8 92
8 94
8 107
8 125
8 134
8 139
8 140
8 145
8 150
8 167
8 168
8 171
8 181
8 183
8 185
8 194
9 16
9 19
9 20
9 33
9 38
9 50
9 52
9 59
9 65
9 68
9 72
9 77
9 88
9 93
9 94
9 96
9 101
9 106
9 109
9 110
9 123
9 130
9 133
9 136
9 137
9 138
9 143
9 145
9 148
9 150
9 152
9 153
9 154
9 155
9 159
9 163
9 164
9 168
9 170
9 180
9 188
9 190
9 192
9 196
10 12
10 15
10 34
10 41
10 46
10 47
10 54
10 55
10 62
10 66
10 70
10 74
10 84
10 89
10 98
10 100
10 101
10 103
10 105
10 106
10 107
10 117
10 126
10 136
10 137
10 139
10 140
10 141
10 142
10 149
10 151
10 155
10 161
10 176
10 179
10 180
10 182
10 185
10 186
10 187
10 195
11 12
11 27
11 28
11 31
11 33
11 35
11 37
11 46
11 47
11 49
11 54
11 57
11 62
11 73
11 83
11 86
11 89
11 92
11 93
11 98
11 103
11 105
11 109
11 117
11 125
11 127
11 132
11 133
11 138
11 139
11 140
11 155
11 160
11 161
11 163
11 169
11 174
11 178
11 179
11 181
11 189
11 193
11 194
12 18
12 20
12 24
12 26
12 27
12 40
12 44
12 50
12 57
12 58
12 62
12 74
12 76
12 83
12 84
12 86
12 90
12 91
12 93
12 99
12 104
12 107
12 108
12 109
12 112
12 115
12 128
12 137
12 138
12 141
12 145
12 153
12 154
12 155
12 157
12 162
12 164
12 166
12 172
12 183
12 186
12 193
13 15
13 19
13 23
13 24
13 29
13 36
13 45
13 49
13 54
13 58
13 61
13 62
13 63
13 66
13 68
13 81
13 93
13 98
13 103
13 105
13 107
13 109
13 111
13 125
13 126
13 131
13 133
13 134
13 140
13 141
13 144
13 146
13 148
13 150
13 160
13 161
13 162
13 183
14 15
14 17
14 19
14 25
14 30
14 35
14 38
14 39
14 49
14 56
14 61
14 66
14 70
14 71
14 72
14 79
14 85
14 87
14 96
14 98
14 99
14 113
14 122
14 123
14 144
14 153
14 155
14 158
14 170
14 174
14 176
14 182
14 183
14 188
14 189
14 191
14 194
14 196
14 197
15 30
15 32
15 35
15 36
15 47
15 49
15 53
15 57
15 68
15 69
15 77
15 79
15 86
15 89
15 94
15 99
15 105
15 113
15 121
15 123
15 126
15 128
15 131
15 138
15 140
15 146
15 150
15 151
15 158
15 160
15 166
15 168
15 171
15 174
15 190
15 191
15 193
15 197
15 198
16 23
16 26
16 27
16 28
16 30
16 31
16 35
16 36
16 39
16 40
16 41
16 42
16 44
16 52
16 55
16 56
16 59
16 62
16 66
16 83
16 84
16 86
16 87
16 91
16 93
16 95
16 103
16 108
16 109
16 111
16 112
16 116
16 118
16 121
16 134
16 135
16 140
16 151
16 158
16 164
16 166
16 170
16 171
16 175
16 180
16 182
16 183
16 194
16 195
16 196
17 26
17 27
17 33
17 36
17 45
17 48
17 51
17 56
17 63
17 68
17 78
17 79
17 82
17 90
17 99
17 113
17 115
17 128
17 132
17 141
17 143
17 147
17 150
17 152
17 158
17 160
17 164
17 166
17 170
17 172
17 179
17 184
17 190
17 192
17 198
18 35
18 36
18 39
18 42
18 46
18 57
18 58
18 60
18 61
18 64
18 68
18 70
18 72
18 77
18 79
18 83
18 88
18 93
18 94
18 95
18 100
18 108
18 110
18 111
18 119
18 130
18 131
18 135
18 142
18 145
18 157
18 161
18 173
18 175
18 188
18 198
19 21
19 35
19 42
19 46
19 47
19 48
19 52
19 60
19 64
19 83
19 88
19 102
19 111
19 115
19 121
19 124
19 135
19 137
19 140
19 142
19 143
19 148
19 149
19 150
19 154
19 156
19 157
19 170
19 172
19 182
19 188
19 192
20 21
20 27
20 34
20 35
20 39
20 48
20 54
20 58
20 69
20 71
20 79
20 86
20 87
20 89
20 94
20 98
20 110
20 112
20 117
20 122
20 129
20 130
20 133
20 151
20 152
20 153
20 162
20 163
20 171
20 176
20 197
21 23
21 29
21 31
21 35
21 36
21 37
21 41
21 43
21 49
21 55
21 57
21 61
21 65
21 81
21 101
21 111
21 115
21 120
21 124
21 132
21 134
21 142
21 143
21 150
21 152
21 158
21 159
21 161
21 165
21 169
21 172
21 173
21 174
21 176
21 178
21 180
21 192
21 193
21 199
22 25
22 26
22 27
22 34
22 35
22 39
22 45
22 46
22 49
22 51
22 52
22 85
22 87
22 90
22 92
22 93
22 99
22 102
22 113
22 118
22 121
22 122
22 129
22 130
22 132
22 134
22 138
22 139
22 141
22 149
22 159
22 163
22 175
22 180
22 188
22 193
22 197
23 24
23 25
23 26
23 32
23 49
23 59
23 72
23 74
23 76
23 79
23 83
23 85
23 87
23 89
23 96
23 97
23 105
23 108
23 109
23 116
23 120
23 123
23 127
23 141
23 143
23 147
23 148
23 152
23 157
23 163
23 164
23 165
23 169
23 174
23 175
23 178
23 187
23 190
23 191
23 194
23 197
24 38
24 41
24 42
24 54
24 58
24 60
24 64
24 78
24 80
24 106
24 108
24 109
24 110
24 119
24 130
24 135
24 145
24 158
24 162
24 165
24 169
24 184
24 185
24 186
24 189
24 194
24 195
24 197
24 198
25 28
25 29
25 30
25 37
25 44
25 46
25 48
25 60
25 61
25 64
25 65
25 66
25 68
25 69
25 75
25 77
25 82
25 86
25 87
25 89
25 100
25 109
25 110
25 113
25 124
25 138
25 140
25 154
25 156
25 160
25 170
25 172
25 180
26 27
26 29
26 41
26 42
26 46
26 51
26 61
26 67
26 70
26 77
26 79
26 80
26 81
26 88
26 91
26 100
26 120
26 121
26 124
26 139
26 140
26 141
26 143
26 146
26 150
26 163
26 176
26 182
26 189
26 194
26 199
27 39
27 40
27 42
27 43
27 56
27 70
27 73
27 74
27 95
27 97
27 99
27 105
27 118
27 134
27 135
27 136
27 141
27 142
27 143
27 149
27 159
27 175
27 177
27 179
27 184
27 186
27 188
27 189
27 190
27 191
27 198
28 36
28 41
28 50
28 52
28 71
28 75
28 80
28 82
28 84
28 88
28 94
28 99
28 100
28 107
28 109
28 110
28 129
28 132
28 139
28 143
28 144
28 151
28 158
28 162
28 163
28 165
28 168
28 170
28 172
28 176
28 177
28 180
28 184
28 185
28 187
28 192
29 34
29 37
29 39
29 40
29 41
29 44
29 64
29 68
29 71
29 75
29 85
29 88
29 92
29 111
29 112
29 114
29 118
29 129
29 136
29 139
29 140
29 149
29 155
29 163
29 164
29 178
29 180
29 183
29 188
29 192
29 196
29 197
30 32
30 33
30 34
30 40
30 48
30 54
30 67
30 78
30 89
30 96
30 97
30 98
30 105
30 107
30 116
30 118
30 123
30 124
30 128
30 134
30 136
30 138
30 141
30 143
30 146
30 147
30 149
30 160
30 162
30 169
30 170
30 173
30 186
30 187
30 189
31 38
31 43
31 47
31 53
31 55
31 57
31 58
31 61
31 64
31 67
31 69
31 75
31 76
31 93
31 96
31 97
31 103
31 105
31 106
31 111
31 113
31 120
31 125
31 131
31 133
31 138
31 139
31 141
31 142
31 144
31 148
31 157
31 160
31 167
31 183
31 191
31 194
32 36
32 38
32 39
32 42
32 55
32 58
32 65
32 68
32 91
32 100
32 102
32 109
32 114
32 118
32 120
32 124
32 127
32 135
32 142
32 156
32 160
32 163
32 164
32 165
32 168
32 173
32 181
32 186
32 192
32 193
33 38
33 51
33 69
33 78
33 96
33 98
33 104
33 108
33 110
33 113
33 116
33 120
33 124
33 134
33 136
33 139
33 143
33 144
33 146
33 148
33 151
33 152
33 163
33 164
33 168
33 174
33 176
33 178
33 196
33 198
34 36
34 47
34 51
34 57
34 58
34 62
34 72
34 73
34 84
34 96
34 97
34 107
34 116
34 118
34 119
34 121
34 127
34 129
34 131
34 133
34 134
34 135
34 142
34 148
34 149
34 158
34 163
34 164
34 172
34 177
34 179
34 188
34 190
34 191
34 195
34 197
35 37
35 40
35 41
35 43
35 49
35 62
35 71
35 75
35 77
35 92
35 98
35 111
35 112
35 117
35 130
35 131
35 134
35 136
35 138
35 146
35 147
35 149
35 153
35 159
35 163
35 164
35 165
35 186
36 41
36 43
36 52
36 62
36 75
36 80
36 85
36 97
36 98
36 103
36 106
36 117
36 118
36 132
36 135
36 148
36 149
36 151
36 155
36 161
36 168
36 190
36 194
36 195
36 197
37 38
37 41
37 57
37 66
37 69
37 72
37 77
37 82
37 86
37 88
37 92
37 93
37 98
37 106
37 114
37 116
37 131
37 138
37 151
37 153
37 158
37 161
37 173
37 176
37 179
37 180
37 182
37 184
37 195
37 196
37 197
37 198
38 39
38 43
38 45
38 52
38 63
38 66
38 67
38 76
38 77
38 81
38 82
38 100
38 112
38 113
38 114
38 116
38 121
38 122
38 123
38 125
38 130
38 138
38 142
38 143
38 155
38 166
38 179
38 180
38 182
38 190
38 191
38 192
38 199
39 54
39 55
39 56
39 68
39 77
39 82
39 88
39 94
39 97
39 113
39 120
39 121
39 130
39 133
39 137
39 142
39 144
39 145
39 147
39 149
39 150
39 157
39 169
39 171
39 173
39 187
39 194
39 198
40 43
40 44
40 47
40 51
40 53
40 59
40 62
40 73
40 76
40 80
40 84
40 89
40 94
40 97
40 98
40 111
40 114
40 123
40 124
40 129
40 137
40 145
40 150
40 165
40 166
40 172
40 174
40 185
40 195
41 45
41 47
41 49
41 58
41 66
41 81
41 83
41 85
41 87
41 88
41 100
41 103
41 121
41 126
41 130
41 135
41 143
41 148
41 149
41 157
41 164
41 165
41 167
41 172
41 174
41 177
41 195
42 51
42 61
42 76
42 80
42 85
42 88
42 94
42 96
42 97
42 110
42 117
42 124
42 128
42 129
42 139
42 142
42 150
42 161
42 162
42 170
42 172
42 179
42 183
42 185
42 186
42 193
42 196
43 70
43 71
43 83
43 85
43 94
43 96
43 97
43 99
43 104
43 105
43 110
43 114
43 120
43 121
43 125
43 131
43 134
43 135
43 154
43 157
43 162
43 168
43 172
43 184
43 191
43 197
44 50
44 57
44 58
44 60
44 62
44 72
44 74
44 75
44 83
44 97
44 98
44 105
44 108
44 114
44 123
44 125
44 128
44 134
44 146
44 151
44 158
44 159
44 167
44 174
44 181
44 183
44 191
44 197
45 48
45 51
45 62
45 66
45 72
45 74
45 75
45 90
45 93
45 99
45 106
45 110
45 117
45 123
45 135
45 136
45 154
45 157
45 160
45 164
45 165
45 167
45 171
45 173
45 175
45 181
45 183
45 185
45 194
45 195
45 198
46 47
46 61
46 65
46 80
46 81
46 100
46 104
46 109
46 121
46 123
46 126
46 127
46 130
46 133
46 134
46 158
46 172
46 179
46 183
46 188
47 54
47 57
47 65
47 71
47 75
47 76
47 77
47 84
47 95
47 97
47 99
47 109
47 112
47 114
47 126
47 136
47 146
47 151
47 160
47 163
47 175
47 178
47 181
47 188
47 191
47 199
48 58
48 66
48 67
48 73
48 74
48 78
48 80
48 81
48 84
48 89
48 97
48 102
48 111
48 122
48 125
48 127
48 135
48 140
48 142
48 143
48 151
48 152
48 159
48 170
48 181
48 184
48 185
48 186
48 193
49 75
49 77
49 78
49 79
49 80
49 85
49 91
49 95
49 114
49 115
49 116
49 122
49 126
49 145
49 151
49 159
49 160
49 162
49 166
49 167
49 169
49 174
49 176
49 185
49 187
49 190
49 198
50 53
50 55
50 63
50 64
50 69
50 74
50 75
50 76
50 77
50 85
50 86
50 87
50 88
50 92
50 110
50 114
50 123
50 126
50 130
50 131
50 140
50 142
50 145
50 146
50 148
50 152
50 159
50 164
50 169
50 177
50 194
50 195
50 198
50 199
51 52
51 55
51 62
51 64
51 66
51 69
51 72
51 75
51 76
51 78
51 89
51 105
51 109
51 121
51 127
51 138
51 143
51 149
51 150
51 159
51 162
51 170
51 172
51 177
51 178
51 180
51 187
51 198
52 58
52 64
52 80
52 83
52 84
52 87
52 88
52 90
52 93
52 94
52 98
52 100
52 104
52 108
52 113
52 114
52 122
52 125
52 128
52 129
52 130
52 137
52 138
52 144
52 145
52 159
52 160
52 164
52 168
52 169
52 176
52 178
52 182
52 186
52 188
52 194
52 196
53 58
53 68
53 76
53 91
53 97
53 99
53 102
53 107
53 108
53 121
53 129
53 133
53 134
53 135
53 147
53 156
53 167
53 174
53 190
53 191
53 193
53 194
53 196
53 197
53 198
54 61
54 63
54 65
54 66
54 77
54 80
54 82
54 83
54 93
54 102
54 103
54 105
54 107
54 117
54 120
54 123
54 127
54 137
54 144
54 151
54 163
54 165
54 174
54 178
54 184
54 185
54 194
54 198
54 199
55 56
55 60
55 75
55 76
55 80
55 94
55 110
55 113
55 115
55 116
55 117
55 123
55 129
55 130
55 137
55 139
55 153
55 160
55 165
55 168
55 170
55 171
55 172
55 184
55 188
55 189
55 193
55 194
55 198
56 57
56 59
56 62
56 73
56 79
56 83
56 87
56 94
56 109
56 110
56 111
56 115
56 122
56 123
56 124
56 128
56 129
56 135
56 141
56 142
56 146
56 149
56 151
56 153
56 164
56 165
56 171
56 173
56 180
56 186
56 188
56 195
56 196
56 197
56 198
57 58
57 61
57 62
57 67
57 82
57 86
57 89
57 91
57 92
57 107
57 108
57 110
57 117
57 118
57 124
57 138
57 142
57 146
57 149
57 151
57 154
57 163
57 169
57 183
57 184
57 189
57 192
57 197
57 199
58 63
58 66
58 67
58 73
58 74
58 77
58 83
58 90
58 92
58 93
58 110
58 126
58 129
58 136
58 138
58 148
58 153
58 164
58 173
58 176
58 178
58 188
58 191
58 195
58 196
59 61
59 63
59 74
59 75
59 79
59 86
59 87
59 91
59 92
59 96
59 110
59 112
59 113
59 114
59 120
59 122
59 140
59 141
59 142
59 145
59 147
59 149
59 152
59 158
59 161
59 163
59 169
59 170
59 177
59 178
59 184
59 185
59 193
59 198
60 73
60 75
60 77
60 88
60 95
60 98
60 105
60 133
60 140
60 147
60 148
60 152
60 159
60 165
60 174
60 181
60 182
60 189
60 192
60 196
60 199
61 66
61 73
61 96
61 99
61 109
61 111
61 114
61 115
61 125
61 131
61 138
61 139
61 141
61 157
61 158
61 162
61 171
61 173
61 176
61 181
61 182
61 185
61 196
61 197
62 67
62 68
62 70
62 71
62 72
62 80
62 86
62 90
62 115
62 119
62 125
62 136
62 139
62 142
62 146
62 150
62 156
62 160
62 162
62 163
62 172
62 174
62 190
62 194
62 196
62 199
63 69
63 76
63 81
63 82
63 85
63 97
63 100
63 103
63 108
63 139
63 140
63 142
63 144
63 147
63 151
63 154
63 155
63 163
63 165
63 168
63 179
63 181
63 182
63 194
64 66
64 67
64 72
64 80
64 82
64 94
64 95
64 96
64 97
64 98
64 101
64 112
64 113
64 125
64 134
64 135
64 137
64 139
64 143
64 152
64 156
64 157
64 163
64 164
64 166
64 167
64 174
64 176
64 184
64 190
64 193
64 196
65 75
65 82
65 84
65 85
65 87
65 88
65 91
65 97
65 102
65 103
65 106
65 107
65 117
65 118
65 120
65 121
65 122
65 129
65 130
65 132
65 135
65 141
65 146
65 159
65 165
65 166
65 172
65 178
65 195
65 197
66 71
66 85
66 88
66 101
66 104
66 113
66 115
66 118
66 121
66 122
66 132
66 138
66 141
66 142
66 144
66 145
66 150
66 153
66 160
66 161
66 163
66 178
66 187
66 189
66 192
66 194
66 195
66 197
66 199
67 68
67 76
67 78
67 82
67 85
67 89
67 90
67 96
67 97
67 102
67 110
67 112
67 119
67 122
67 128
67 134
67 140
67 149
67 157
67 170
67 176
67 177
67 179
67 190
67 193
67 195
68 69
68 74
68 79
68 86
68 88
68 89
68 92
68 94
68 104
68 109
68 113
68 114
68 118
68 133
68 138
68 142
68 145
68 148
68 150
68 154
68 165
68 168
68 172
68 182
68 184
68 186
68 187
68 190
68 195
68 198
69 73
69 84
69 90
69 95
69 97
69 115
69 119
69 122
69 124
69 125
69 132
69 140
69 141
69 142
69 145
69 146
69 147
69 152
69 161
69 167
69 168
69 169
69 171
69 180
69 188
69 190
69 197
69 198
70 71
70 77
70 79
70 89
70 104
70 106
70 112
70 125
70 131
70 156
70 158
70 163
70 167
70 175
70 182
70 184
70 186
70 196
71 81
71 82
71 85
71 90
71 91
71 105
71 106
71 114
71 121
71 128
71 129
71 134
71 135
71 137
71 154
71 155
71 157
71 161
71 162
71 184
71 189
71 198
72 76
72 77
72 88
72 91
72 92
72 96
72 107
72 109
72 111
72 113
72 116
72 126
72 138
72 146
72 147
72 148
72 150
72 157
72 163
72 164
72 168
72 174
72 186
72 193
73 75
73 76
73 84
73 87
73 93
73 96
73 97
73 103
73 104
73 105
73 106
73 111
73 115
73 117
73 122
73 130
73 132
73 133
73 139
73 143
73 145
73 147
73 152
73 157
73 161
73 162
73 169
73 170
73 175
73 185
73 188
73 199
74 80
74 86
74 89
74 93
74 97
74 98
74 102
74 109
74 113
74 130
74 136
74 144
74 147
74 149
74 156
74 160
74 170
74 186
74 187
74 191
75 78
75 81
75 82
75 96
75 117
75 120
75 127
75 133
75 134
75 136
75 137
75 138
75 143
75 144
75 148
75 152
75 169
75 173
75 176
75 177
75 182
75 183
75 189
76 77
76 79
76 80
76 85
76 91
76 92
76 112
76 115
76 116
76 119
76 122
76 123
76 126
76 129
76 133
76 134
76 139
76 149
76 165
76 166
76 170
76 174
76 177
76 190
76 196
76 198
77 78
77 79
77 80
77 81
77 83
77 91
77 96
77 101
77 105
77 113
77 118
77 121
77 122
77 131
77 143
77 157
77 161
77 171
77 187
77 190
77 193
77 195
78 80
78 85
78 89
78 101
78 111
78 113
78 119
78 124
78 128
78 134
78 139
78 151
78 159
78 164
78 170
78 175
78 177
78 179
78 180
78 181
78 183
78 198
79 85
79 93
79 95
79 97
79 102
79 104
79 106
79 113
79 119
79 121
79 124
79 129
79 130
79 134
79 135
79 136
79 142
79 150
79 153
79 155
79 161
79 167
79 169
79 172
79 177
79 181
79 191
79 192
80 116
80 118
80 121
80 122
80 127
80 139
80 145
80 148
80 150
80 151
80 158
80 166
80 179
80 182
80 186
80 188
80 197
80 198
81 83
81 85
81 87
81 89
81 101
81 102
81 110
81 115
81 117
81 124
81 126
81 134
81 139
81 142
81 148
81 153
81 158
81 165
81 166
81 196
81 199
82 84
82 87
82 90
82 99
82 108
82 115
82 120
82 122
82 128
82 134
82 137
82 148
82 164
82 175
82 176
82 179
82 181
82 185
82 186
82 195
82 197
83 84
83 90
83 93
83 98
83 101
83 102
83 107
83 110
83 111
83 119
83 121
83 127
83 132
83 134
83 141
83 145
83 148
83 150
83 155
83 156
83 157
83 163
83 170
83 171
83 175
83 178
83 185
83 189
83 191
84 90
84 97
84 98
84 102
84 115
84 122
84 125
84 131
84 132
84 136
84 137
84 139
84 140
84 143
84 145
84 146
84 148
84 159
84 173
84 174
84 177
84 179
84 184
84 187
84 190
85 87
85 93
85 94
85 95
85 98
85 101
85 108
85 109
85 118
85 120
85 128
85 134
85 135
85 144
85 146
85 150
85 154
85 161
85 173
85 176
85 177
85 178
85 180
85 181
85 183
85 184
85 186
85 193
85 195
86 87
86 91
86 97
86 98
86 101
86 105
86 109
86 111
86 113
86 114
86 116
86 125
86 135
86 152
86 156
86 158
86 164
86 167
86 168
86 169
86 170
86 171
86 176
86 183
86 187
86 189
86 193
86 198
87 88
87 94
87 95
87 99
87 100
87 101
87 109
87 112
87 113
87 114
87 116
87 117
87 118
87 123
87 131
87 134
87 136
87 143
87 145
87 146
87 147
87 154
87 158
87 169
87 170
87 178
87 180
87 183
87 191
88 93
88 94
88 96
88 97
88 114
88 120
88 123
88 142
88 143
88 147
88 152
88 156
88 165
88 170
88 171
88 172
88 186
88 187
88 199
89 90
89 98
89 102
89 110
89 111
89 119
89 131
89 135
89 139
89 141
89 153
89 156
89 157
89 159
89 174
89 184
89 185
89 187
89 188
90 97
90 102
90 105
90 127
90 130
90 141
90 149
90 162
90 165
90 170
90 191
90 194
91 103
91 110
91 114
91 117
91 129
91 132
91 135
91 140
91 141
91 147
91 150
91 155
91 159
91 160
91 161
91 167
91 169
91 170
91 178
91 195
91 199
92 94
92 98
92 100
92 102
92 105
92 107
92 108
92 110
92 111
92 119
92 120
92 122
92 124
92 129
92 130
92 131
92 132
92 135
92 136
92 144
92 150
92 156
92 175
92 178
92 180
92 187
92 190
92 196
93 94
93 104
93 107
93 117
93 119
93 125
93 135
93 136
93 141
93 142
93 148
93 150
93 153
93 163
93 166
93 179
93 197
94 100
94 101
94 105
94 106
94 116
94 118
94 120
94 124
94 133
94 134
94 136
94 143
94 144
94 146
94 147
94 151
94 152
94 156
94 163
94 168
94 171
94 177
94 181
94 182
94 187
94 189
95 96
95 107
95 109
95 112
95 118
95 119
95 133
95 142
95 147
95 152
95 154
95 155
95 156
95 158
95 159
95 160
95 165
95 167
95 170
95 178
95 182
95 194
95 195
96 101
96 107
96 110
96 111
96 112
96 114
96 115
96 117
96 120
96 121
96 126
96 133
96 145
96 151
96 155
96 160
96 162
96 165
96 173
96 181
96 182
96 189
96 194
96 196
96 198
97 101
97 107
97 110
97 116
97 131
97 133
97 134
97 138
97 141
97 148
97 154
97 157
97 162
97 164
97 170
97 175
97 176
97 177
97 180
97 193
97 198
98 103
98 108
98 123
98 126
98 127
98 136
98 137
98 139
98 151
98 159
98 161
98 168
98 179
98 194
98 195
99 103
99 107
99 108
99 114
99 121
99 122
99 125
99 126
99 127
99 134
99 154
99 158
99 160
99 169
99 171
99 174
99 176
99 195
100 107
100 108
100 111
100 113
100 116
100 120
100 123
100 129
100 133
100 135
100 139
100 141
100 149
100 151
100 156
100 168
100 173
100 187
100 189
100 191
101 102
101 105
101 107
101 117
101 118
101 119
101 127
101 129
101 132
101 134
101 135
101 140
101 142
101 145
101 151
101 152
101 167
101 168
101 169
101 172
101 174
101 183
101 186
101 190
101 191
101 192
101 193
101 198
102 106
102 107
102 110
102 111
102 117
102 118
102 122
102 127
102 131
102 134
102 137
102 151
102 161
102 163
102 166
102 167
102 170
102 187
102 189
102 190
102 194
102 197
103 111
103 114
103 115
103 121
103 127
103 132
103 135
103 138
103 140
103 141
103 142
103 153
103 157
103 164
103 165
103 166
103 167
103 171
103 175
103 183
103 185
103 187
103 196
103 198
103 199
104 113
104 120
104 122
104 125
104 128
104 129
104 131
104 138
104 158
104 159
104 169
104 171
104 183
104 186
104 187
105 108
105 109
105 129
105 131
105 132
105 137
105 141
105 142
105 146
105 147
105 148
105 157
105 163
105 180
105 184
105 186
105 188
105 189
106 107
106 113
106 117
106 119
106 126
106 131
106 132
106 133
106 140
106 142
106 145
106 149
106 151
106 152
106 156
106 160
106 161
106 162
106 164
106 179
106 186
106 191
106 193
106 194
106 195
106 197
106 198
107 110
107 112
107 113
107 126
107 135
107 159
107 166
107 172
107 173
107 175
107 182
107 184
107 186
107 188
107 191
107 197
108 109
108 113
108 119
108 124
108 125
108 127
108 157
108 164
108 166
108 171
108 177
108 182
108 183
108 184
108 199
109 117
109 119
109 128
109 130
109 137
109 139
109 147
109 151
109 157
109 159
109 173
109 182
109 183
109 186
109 188
109 199
110 122
110 135
110 138
110 140
110 142
110 151
110 153
110 160
110 164
110 166
110 169
110 176
110 181
110 193
110 194
111 113
111 119
111 129
111 133
111 137
111 141
111 146
111 153
111 155
111 164
111 166
111 169
111 175
111 177
111 198
111 199
112 116
112 118
112 123
112 134
112 139
112 140
112 142
112 153
112 155
112 156
112 157
112 161
112 164
112 165
112 177
112 183
112 189
112 196
112 197
113 114
113 117
113 119
113 123
113 128
113 133
113 135
113 139
113 140
113 142
113 149
113 152
113 156
113 160
113 165
113 168
113 172
113 180
113 183
113 186
113 187
113 189
113 192
113 198
114 120
114 139
114 141
114 153
114 158
114 161
114 163
114 165
114 167
114 171
114 184
114 186
114 189
114 195
114 199
115 117
115 136
115 140
115 145
115 150
115 163
115 167
115 170
115 171
115 172
115 183
115 184
115 190
115 192
116 120
116 122
116 125
116 129
116 140
116 145
116 167
116 172
116 179
116 182
116 185
116 188
117 124
117 125
117 129
117 130
117 141
117 147
117 148
117 151
117 156
117 185
117 188
117 190
117 193
117 194
117 199
118 127
118 131
118 140
118 141
118 146
118 147
118 148
118 161
118 165
118 168
118 175
118 176
118 180
118 184
118 188
118 196
118 198
119 122
119 130
119 135
119 136
119 143
119 156
119 158
119 165
119 170
119 171
119 179
119 186
120 122
120 125
120 144
120 146
120 147
120 152
120 153
120 162
120 167
120 168
120 169
120 173
120 176
120 196
120 197
120 199
121 122
121 128
121 129
121 150
121 153
121 154
121 162
121 163
121 164
121 166
121 167
121 169
121 170
121 193
121 196
121 197
121 199
122 127
122 130
122 134
122 139
122 141
122 148
122 159
122 164
122 167
122 170
122 172
122 174
122 176
122 177
122 181
122 196
123 126
123 132
123 134
123 137
123 150
123 161
123 165
123 172
123 173
123 177
123 181
123 189
123 190
123 194
124 135
124 154
124 155
124 163
124 174
124 178
124 182
124 184
124 192
124 194
125 129
125 137
125 143
125 145
125 154
125 156
125 160
125 164
125 168
125 177
125 182
125 192
125 194
125 196
125 197
126 131
126 137
126 141
126 148
126 149
126 153
126 165
126 173
126 178
126 183
126 192
126 193
126 197
126 199
127 131
127 134
127 138
127 144
127 151
127 153
127 154
127 163
127 167
127 171
127 173
127 185
127 193
128 131
128 132
128 139
128 141
128 149
128 155
128 159
128 160
128 161
128 170
128 171
128 175
128 178
128 181
128 191
128 197
129 131
129 133
129 141
129 153
129 154
129 171
129 177
129 178
129 180
129 181
129 182
129 184
129 187
129 192
129 196
130 132
130 133
130 134
130 135
130 137
130 138
130 143
130 150
130 154
130 155
130 156
130 160
130 168
130 173
130 174
130 181
130 198
131 137
131 148
131 150
131 161
131 167
131 173
131 186
131 191
131 195
132 137
132 144
132 150
132 152
132 161
132 162
132 168
132 169
132 172
132 193
133 135
133 137
133 140
133 141
133 142
133 145
133 146
133 151
133 163
133 165
133 172
133 174
133 181
133 193
133 195
133 196
133 199
134 139
134 142
134 145
134 158
134 159
134 167
134 171
134 184
134 187
134 199
135 138
135 141
135 143
135 146
135 151
135 152
135 153
135 156
135 157
135 159
135 164
135 165
135 170
135 176
135 179
135 184
135 192
135 196
136 147
136 160
136 161
136 169
136 180
136 188
136 189
136 190
136 193
136 194
136 199
137 138
137 139
137 145
137 160
137 167
137 171
137 175
137 177
137 180
137 185
137 192
137 193
137 198
138 140
138 150
138 155
138 160
138 162
138 164
138 165
138 190
139 142
139 146
139 151
139 170
139 173
139 176
139 178
139 182
139 192
139 193
140 143
140 153
140 159
140 162
140 169
140 172
140 173
140 174
140 176
140 178
140 188
140 189
140 190
140 196
141 144
141 162
141 171
141 189
141 195
141 198
142 152
142 173
142 180
142 193
142 195
143 147
143 149
143 150
143 155
143 158
143 160
143 161
143 168
143 169
143 184
143 185
143 187
143 190
143 198
143 199
144 145
144 146
144 149
144 156
144 159
144 160
144 169
144 170
144 175
144 176
144 179
144 185
144 188
144 189
144 190
144 191
144 196
144 197
145 148
145 159
145 160
145 161
145 162
145 165
145 174
145 185
145 190
145 194
145 198
146 148
146 153
146 155
146 156
146 170
146 171
146 174
146 177
147 155
147 158
147 167
147 170
147 177
147 178
147 180
147 184
147 188
147 190
147 196
147 198
148 154
148 160
148 171
148 178
148 188
148 195
148 197
148 198
149 153
149 162
149 170
149 173
149 176
149 185
149 199
150 164
150 183
150 185
150 193
150 198
151 152
151 155
151 159
151 162
151 163
151 164
151 175
151 177
151 179
151 180
151 183
151 197
152 168
152 169
152 172
152 173
152 175
152 186
152 194
152 198
152 199
153 154
153 155
153 157
153 158
153 165
153 173
153 178
153 180
153 186
153 188
153 191
153 192
153 197
153 198
154 157
154 160
154 161
154 167
154 173
154 179
154 183
155 164
155 179
155 180
155 182
155 184
155 187
156 164
156 170
156 173
156 176
156 177
156 185
156 186
156 195
156 199
157 177
157 178
157 182
157 184
157 185
158 163
158 165
158 166
158 172
158 176
158 180
158 189
158 193
158 198
159 164
159 166
159 172
159 173
159 189
159 194
160 167
160 171
160 179
160 184
160 187
160 188
160 199
161 165
161 166
161 168
161 171
161 177
161 187
161 190
161 196
162 170
162 183
162 186
162 187
162 189
162 191
162 196
163 165
163 166
163 167
163 172
163 174
163 179
163 186
163 193
163 195
164 172
164 176
164 179
164 195
164 196
164 199
165 167
165 168
165 171
165 175
165 179
165 188
165 190
165 193
166 168
166 169
166 172
166 176
166 179
166 192
166 193
166 194
166 195
166 196
166 198
167 171
167 177
167 185
167 186
167 190
167 192
168 169
168 172
168 178
168 185
168 189
169 171
169 174
169 176
169 183
169 190
170 182
170 190
170 194
170 199
171 172
171 179
171 183
171 188
171 193
172 175
172 180
172 182
172 190
172 198
173 179
173 182
173 183
173 186
173 187
173 193
174 182
174 186
174 199
175 178
175 184
175 188
175 191
176 181
176 189
176 191
176 192
177 178
177 180
177 182
177 185
177 191
177 194
177 195
178 186
178 189
178 194
178 195
178 198
179 185
179 192
179 199
180 199
181 183
181 190
182 192
182 197
183 187
183 198
185 188
185 191
185 195
185 196
185 198
186 197
187 196
187 199
188 196
188 197
189 197
190 196
191 198
192 199
194 195
194 196
195 197
195 199
196 197
198 199
