100 1047
0 1
0 2
0 3
0 6
0 8
0 10
0 13
0 14
0 15
0 18
0 19
0 23
0 24
0 30
0 34
0 40
0 51
0 53
0 55
0 56
0 63
0 64
0 68
0 72
0 73
0 80
0 82
0 90
0 95
1 10
1 21
1 22
1 25
1 33
1 36
1 48
1 54
1 59
1 66
1 69
1 70
1 74
1 75
1 78
1 81
1 88
1 89
1 90
1 95
1 98
1 99
2 5
2 11
2 17
2 22
2 24
2 28
2 29
2 31
2 32
2 35
2 44
2 49
2 50
2 70
2 77
2 78
2 79
2 80
2 81
2 84
2 85
2 87
3 15
3 32
3 43
3 50
3 57
3 60
3 61
3 75
3 77
3 78
3 79
3 84
3 93
3 97
4 6
4 13
4 17
4 21
4 23
4 27
4 32
4 33
4 36
4 37
4 46
4 49
4 57
4 60
4 61
4 63
4 67
4 68
4 69
4 81
4 82
4 83
4 84
4 90
4 91
4 92
4 93
4 97
5 6
5 9
5 12
5 14
5 17
5 19
5 23
5 27
5 29
5 39
5 46
5 52
5 54
5 62
5 67
5 69
5 72
5 78
5 80
5 90
5 92
5 93
6 11
6 12
6 19
6 22
6 30
6 36
6 39
6 42
6 44
6 45
6 53
6 56
6 71
6 75
6 80
6 84
6 85
6 88
6 91
6 93
6 96
7 9
7 11
7 17
7 26
7 33
7 45
7 47
7 49
7 51
7 62
7 64
7 76
7 84
7 89
7 91
7 96
8 10
8 13
8 15
8 21
8 23
8 24
8 26
8 34
8 38
8 43
8 50
8 53
8 55
8 60
8 64
8 67
8 74
8 79
8 84
8 93
8 95
8 98
9 11
9 19
9 21
9 22
9 25
9 26
9 28
9 31
9 34
9 36
9 37
9 38
9 41
9 46
9 51
9 54
9 55
9 57
9 58
9 59
9 66
9 76
9 84
9 92
9 95
10 13
10 19
10 20
10 24
10 28
10 31
10 32
10 36
10 43
10 46
10 47
10 51
10 52
10 53
10 61
10 63
10 85
10 86
10 87
10 88
10 94
10 99
11 23
11 27
11 30
11 32
11 54
11 55
11 62
11 79
11 90
12 17
12 29
12 31
12 32
12 38
12 51
12 68
12 69
12 70
12 72
12 84
12 87
12 93
13 15
13 27
13 34
13 44
13 49
13 53
13 61
13 62
13 63
13 77
13 78
13 79
13 87
13 90
13 96
14 15
14 19
14 23
14 26
14 30
14 36
14 43
14 46
14 48
14 51
14 61
14 69
14 72
14 78
14 79
14 85
14 92
15 17
15 20
15 21
15 24
15 34
15 38
15 43
15 50
15 55
15 58
15 62
15 66
15 74
15 80
15 81
15 87
15 90
15 94
15 95
16 19
16 24
16 27
16 28
16 29
16 32
16 37
16 52
16 56
16 59
16 62
16 68
16 85
16 92
16 94
16 95
17 47
17 49
17 52
17 54
17 58
17 60
17 63
17 75
17 82
17 90
17 99
18 25
18 26
18 40
18 48
18 50
18 57
18 58
18 61
18 65
18 73
18 76
18 77
18 78
18 79
18 83
18 93
19 23
19 24
19 28
19 32
19 33
19 35
19 41
19 43
19 48
19 49
19 55
19 57
19 65
19 67
19 71
19 74
19 78
19 83
19 84
19 97
19 98
20 21
20 24
20 25
20 31
20 41
20 48
20 55
20 57
20 68
20 72
20 84
20 85
20 94
21 28
21 29
21 31
21 33
21 34
21 45
21 47
21 49
21 54
21 60
21 62
21 73
21 76
21 77
21 84
21 85
21 89
21 97
21 98
22 28
22 30
22 39
22 41
22 42
22 43
22 46
22 47
22 50
22 55
22 58
22 66
22 69
22 73
22 92
23 31
23 34
23 53
23 54
23 62
23 66
23 72
23 79
23 81
23 88
23 93
23 99
24 29
24 36
24 38
24 43
24 44
24 45
24 47
24 51
24 58
24 64
24 66
24 67
24 69
24 70
24 71
24 75
24 93
24 97
25 26
25 35
25 37
25 40
25 41
25 49
25 51
25 54
25 55
25 56
25 57
25 59
25 65
25 73
25 79
25 86
25 93
25 97
26 27
26 34
26 37
26 40
26 41
26 46
26 48
26 50
26 53
26 56
26 60
26 67
26 73
26 74
26 78
26 81
26 84
26 93
26 94
26 96
26 98
27 37
27 41
27 62
27 66
27 72
27 83
27 93
27 94
27 96
28 32
28 33
28 38
28 45
28 47
28 49
28 58
28 59
28 61
28 67
28 71
28 77
28 83
28 84
28 86
28 93
28 97
29 33
29 41
29 51
29 54
29 57
29 66
29 67
29 75
29 77
29 78
29 81
29 92
30 32
30 40
30 41
30 42
30 47
30 49
30 54
30 59
30 63
30 65
30 66
30 68
30 73
30 79
30 87
30 89
30 92
31 33
31 42
31 43
31 46
31 52
31 53
31 60
31 61
31 65
31 69
31 75
31 79
31 82
31 83
31 86
32 35
32 42
32 44
32 45
32 46
32 52
32 54
32 55
32 82
32 83
32 85
32 88
32 92
32 94
32 99
33 37
33 39
33 46
33 50
33 51
33 59
33 61
33 67
33 69
33 70
33 74
33 76
33 79
33 84
33 85
33 92
34 41
34 46
34 47
34 54
34 56
34 59
34 62
34 65
34 69
34 70
34 72
34 81
34 83
34 93
34 95
35 36
35 41
35 50
35 58
35 60
35 65
35 70
35 75
35 79
35 80
35 81
35 84
35 85
35 93
35 98
35 99
36 37
36 38
36 43
36 46
36 49
36 51
36 52
36 54
36 60
36 75
36 76
36 82
36 84
36 93
36 99
37 39
37 46
37 50
37 51
37 52
37 53
37 54
37 69
37 83
37 84
37 86
37 93
37 94
38 43
38 50
38 51
38 56
38 59
38 62
38 63
38 73
38 74
38 75
38 76
38 81
38 88
39 44
39 45
39 50
39 60
39 61
39 63
39 76
39 78
39 81
39 86
39 94
39 96
39 97
40 42
40 43
40 47
40 51
40 54
40 64
40 73
40 80
40 81
40 85
40 87
40 95
41 47
41 52
41 55
41 66
41 71
41 73
41 78
41 80
41 81
41 96
41 99
42 43
42 46
42 50
42 51
42 52
42 54
42 59
42 62
42 67
42 84
42 90
42 95
42 96
42 97
43 44
43 58
43 61
43 74
43 78
43 79
43 82
43 83
43 87
43 93
43 98
43 99
44 49
44 50
44 62
44 70
44 71
44 81
44 82
44 83
44 84
44 85
44 89
44 96
44 98
45 49
45 54
45 57
45 59
45 68
45 73
45 76
45 77
45 81
45 85
45 88
45 98
45 99
46 47
46 49
46 51
46 53
46 63
46 66
46 71
46 72
46 73
46 75
46 89
46 90
46 94
47 56
47 65
47 69
47 78
47 88
47 91
48 56
48 61
48 66
48 68
48 69
48 70
48 72
48 74
48 76
48 78
48 80
48 86
48 87
48 94
48 97
48 99
49 50
49 52
49 54
49 55
49 64
49 65
49 66
49 68
49 76
49 83
49 89
49 97
49 98
50 55
50 57
50 58
50 75
50 79
50 83
50 84
50 86
50 88
51 54
51 59
51 62
51 71
51 81
51 88
51 94
51 99
52 67
52 72
52 84
52 93
52 99
53 54
53 55
53 60
53 66
53 72
53 74
53 79
53 93
53 95
53 99
54 55
54 57
54 64
54 67
54 72
54 75
54 77
54 93
54 94
55 59
55 63
55 64
55 65
55 81
55 85
56 60
56 64
56 74
56 78
56 81
56 88
56 94
56 95
57 59
57 63
57 67
57 68
57 73
57 87
57 89
57 97
57 98
58 65
58 68
58 79
58 88
58 93
58 97
59 64
59 73
59 80
59 82
59 94
59 99
60 65
60 70
60 71
60 72
60 75
60 87
61 63
61 66
61 70
61 73
61 81
61 83
61 92
61 99
62 66
62 67
62 74
62 75
62 78
62 85
62 86
62 89
62 90
62 96
63 65
63 67
63 68
63 72
63 77
63 81
63 88
63 91
63 93
63 94
63 95
63 99
64 66
64 68
64 70
64 71
64 77
64 79
64 83
64 87
64 91
64 99
65 68
65 77
65 78
65 80
65 83
65 85
65 91
65 97
66 72
66 82
66 85
66 88
66 96
67 69
67 71
67 84
67 86
67 95
67 98
67 99
68 79
68 80
68 86
68 90
68 92
68 98
69 85
69 88
69 98
70 79
70 85
70 87
70 90
70 92
70 99
71 72
71 74
71 79
71 83
71 88
71 93
71 94
71 97
72 75
72 79
72 81
72 83
72 93
72 96
72 98
73 79
73 85
73 91
73 95
74 81
74 92
74 94
74 96
75 84
75 87
75 90
76 79
76 83
76 88
76 95
77 78
77 81
77 83
77 86
77 94
77 96
77 97
77 98
78 85
78 90
78 99
79 81
79 86
79 94
80 88
80 89
80 91
80 94
80 96
81 85
81 91
81 98
82 86
82 89
82 91
82 99
83 94
83 98
83 99
84 88
84 93
85 87
85 93
85 96
86 89
86 98
88 92
88 94
88 95
88 96
88 98
89 92
89 96
90 91
90 95
90 97
91 92
91 93
91 96
92 94
92 95
92 97
93 99
96 99
98 99
