80 910
0 6
0 7
0 10
0 11
0 15
0 24
0 27
0 28
0 29
0 30
0 33
0 37
0 38
0 41
0 44
0 45
0 46
0 50
0 51
0 53
0 57
0 59
0 60
0 62
0 64
0 65
0 66
0 68
0 69
0 72
0 74
0 79
1 4
1 8
1 10
1 14
1 17
1 23
1 40
1 53
1 54
1 57
1 59
1 69
1 70
1 79
2 7
2 11
2 12
2 15
2 17
2 28
2 31
2 32
2 34
2 39
2 40
2 44
2 49
2 52
2 62
2 64
2 68
2 71
2 77
2 79
3 4
3 5
3 8
3 13
3 14
3 19
3 21
3 26
3 29
3 30
3 32
3 36
3 38
3 39
3 44
3 46
3 49
3 51
3 54
3 56
3 57
3 59
3 63
3 75
3 79
4 6
4 12
4 19
4 22
4 24
4 30
4 31
4 33
4 35
4 39
4 41
4 47
4 56
4 58
4 59
4 60
4 61
4 63
4 69
4 73
4 75
4 77
5 6
5 10
5 11
5 17
5 23
5 28
5 33
5 34
5 35
5 37
5 41
5 43
5 44
5 45
5 46
5 47
5 57
5 62
5 64
5 69
5 70
5 74
5 75
6 16
6 20
6 21
6 24
6 37
6 43
6 44
6 45
6 47
6 50
6 53
6 55
6 63
6 71
6 76
6 79
7 8
7 14
7 15
7 16
7 22
7 25
7 31
7 33
7 35
7 38
7 40
7 47
7 54
7 60
7 64
7 71
7 74
7 78
7 79
8 10
8 13
8 16
8 22
8 24
8 25
8 26
8 28
8 33
8 36
8 40
8 41
8 42
8 52
8 53
8 62
8 63
8 67
8 70
8 74
8 76
9 16
9 21
9 24
9 32
9 33
9 43
9 45
9 47
9 53
9 58
9 59
9 60
9 68
9 69
9 70
9 73
9 76
10 11
10 12
10 17
10 18
10 23
10 24
10 29
10 30
10 31
10 32
10 34
10 36
10 42
10 43
10 44
10 45
10 48
10 49
10 55
10 60
10 63
10 66
10 68
10 74
11 12
11 13
11 17
11 21
11 25
11 26
11 37
11 42
11 45
11 52
11 55
11 58
11 62
11 63
11 64
11 65
11 66
11 67
11 69
11 70
11 71
11 75
11 77
12 19
12 21
12 25
12 26
12 33
12 34
12 37
12 39
12 49
12 50
12 52
12 53
12 60
12 62
12 70
12 71
12 73
12 77
12 78
12 79
13 15
13 16
13 17
13 20
13 23
13 24
13 35
13 36
13 49
13 50
13 54
13 58
13 60
13 62
13 65
13 67
13 72
13 75
13 76
13 78
14 20
14 22
14 28
14 30
14 31
14 41
14 45
14 46
14 50
14 52
14 53
14 54
14 57
14 62
14 66
14 68
14 69
14 70
14 71
14 75
14 78
15 19
15 23
15 24
15 26
15 28
15 29
15 30
15 40
15 45
15 59
15 62
15 63
15 68
15 71
15 75
15 76
15 78
15 79
16 28
16 30
16 31
16 35
16 36
16 38
16 45
16 46
16 48
16 60
16 61
16 62
16 65
16 66
17 18
17 24
17 29
17 40
17 43
17 44
17 48
17 49
17 54
17 55
17 56
17 61
17 72
17 79
18 21
18 24
18 26
18 32
18 33
18 34
18 38
18 39
18 40
18 41
18 45
18 46
18 64
18 65
18 76
19 20
19 22
19 24
19 27
19 29
19 31
19 35
19 36
19 41
19 43
19 47
19 48
19 51
19 52
19 53
19 57
19 64
19 68
19 69
19 74
19 78
19 79
20 26
20 37
20 40
20 42
20 47
20 50
20 52
20 54
20 55
20 56
20 57
20 61
20 65
20 68
20 70
20 75
20 79
21 22
21 28
21 30
21 40
21 44
21 48
21 50
21 51
21 56
21 57
21 59
21 72
21 75
21 77
21 78
21 79
22 24
22 28
22 37
22 39
22 40
22 43
22 45
22 48
22 49
22 50
22 54
22 55
22 56
22 58
22 61
22 64
22 69
22 70
22 72
22 77
23 24
23 25
23 35
23 36
23 38
23 42
23 43
23 59
23 63
23 65
23 68
23 72
23 75
23 77
24 26
24 29
24 35
24 37
24 38
24 40
24 43
24 51
24 52
24 57
24 58
24 63
24 67
24 69
24 70
24 71
24 75
24 77
25 32
25 35
25 37
25 39
25 46
25 51
25 56
25 57
25 59
25 63
25 67
25 68
25 70
25 76
25 79
26 28
26 34
26 38
26 44
26 49
26 53
26 55
26 58
26 61
26 63
26 65
26 66
26 69
26 74
26 75
27 29
27 36
27 43
27 45
27 48
27 50
27 55
27 58
27 60
27 61
27 62
27 63
27 68
27 69
27 75
27 77
27 78
27 79
28 32
28 34
28 36
28 43
28 48
28 56
28 60
28 63
28 69
28 70
28 72
28 76
29 31
29 34
29 40
29 48
29 50
29 51
29 52
29 56
29 57
29 58
29 60
29 66
29 68
29 73
30 35
30 36
30 37
30 39
30 42
30 43
30 44
30 53
30 54
30 55
30 59
30 71
30 72
30 78
31 34
31 38
31 39
31 46
31 47
31 49
31 50
31 51
31 52
31 56
31 58
31 59
31 66
31 68
31 70
31 71
31 75
31 79
32 34
32 35
32 37
32 38
32 43
32 51
32 53
32 59
32 64
32 67
32 68
32 69
32 73
32 75
32 77
33 36
33 39
33 41
33 46
33 49
33 50
33 58
33 66
33 68
33 69
33 75
34 35
34 38
34 41
34 42
34 47
34 51
34 52
34 55
34 58
34 61
34 62
34 68
34 70
34 73
34 77
35 37
35 41
35 42
35 46
35 55
35 62
35 65
36 43
36 52
36 55
36 63
36 65
36 67
36 74
36 75
36 76
36 78
36 79
37 39
37 42
37 45
37 46
37 48
37 51
37 53
37 54
37 58
37 60
37 61
37 65
37 69
37 70
37 72
37 73
37 74
37 76
37 77
37 78
37 79
38 44
38 47
38 48
38 52
38 56
38 60
38 62
38 65
38 68
38 71
38 73
38 74
38 78
38 79
39 41
39 44
39 51
39 54
39 64
39 69
39 70
39 73
39 75
40 41
40 48
40 49
40 61
40 62
40 66
40 72
40 74
41 44
41 45
41 48
41 50
41 53
41 54
41 56
41 57
41 63
41 64
41 65
41 67
41 68
42 46
42 48
42 49
42 50
42 53
42 55
42 56
42 57
42 59
42 61
42 62
42 64
42 72
42 76
42 77
42 78
43 44
43 46
43 50
43 51
43 57
43 58
43 61
43 62
43 66
43 69
43 70
43 74
43 75
43 76
43 78
44 49
44 52
44 54
44 63
44 73
45 47
45 49
45 50
45 51
45 52
45 54
45 55
45 60
45 65
45 68
45 69
45 71
46 54
46 58
46 59
46 62
46 63
46 66
46 71
46 76
47 52
47 53
47 54
47 61
47 65
47 69
47 70
47 71
47 72
48 49
48 55
48 61
48 62
48 67
48 69
48 74
48 77
48 78
49 50
49 57
49 59
49 64
49 67
49 68
49 70
49 72
49 75
50 51
50 52
50 62
50 64
50 69
50 72
50 77
51 55
51 57
51 64
51 67
51 69
51 70
51 76
51 77
51 78
51 79
52 58
52 60
52 63
52 69
52 73
53 54
53 59
53 63
53 67
53 69
53 71
53 74
54 57
54 64
54 71
54 78
55 57
55 62
55 63
55 66
55 70
56 58
56 64
56 78
57 59
57 60
57 61
57 62
57 67
57 68
57 69
57 70
57 79
58 76
58 77
59 63
59 64
59 68
59 70
60 62
60 64
60 68
60 75
60 76
60 77
60 78
60 79
61 63
61 65
61 76
61 79
62 70
62 72
62 73
62 77
63 64
63 65
63 68
63 69
63 70
63 72
63 75
64 70
64 78
65 68
65 70
65 75
65 78
66 75
66 79
67 69
67 70
67 72
68 70
68 73
68 75
68 79
69 71
69 75
69 76
69 78
70 71
70 75
70 77
70 79
71 73
71 74
71 75
72 75
72 78
73 78
74 76
74 79
76 78
77 79
