80 1539
0 1
0 2
0 3
0 7
0 8
0 10
0 15
0 21
0 22
0 24
0 25
0 28
0 29
0 32
0 35
0 36
0 41
0 43
0 44
0 45
0 48
0 49
0 50
0 51
0 52
0 53
0 56
0 57
0 59
0 60
0 65
0 67
0 69
0 75
0 76
0 78
0 79
1 2
1 3
1 4
1 7
1 10
1 14
1 15
1 20
1 23
1 25
1 27
1 29
1 32
1 33
1 34
1 36
1 37
1 43
1 45
1 46
1 47
1 48
1 49
1 50
1 52
1 53
1 54
1 59
1 60
1 63
1 64
1 65
1 68
1 69
1 72
1 73
1 75
1 78
2 3
2 7
2 8
2 12
2 17
2 18
2 20
2 22
2 24
2 25
2 26
2 27
2 30
2 31
2 32
2 34
2 36
2 41
2 43
2 44
2 45
2 46
2 50
2 51
2 52
2 53
2 54
2 55
2 57
2 61
2 62
2 63
2 66
2 70
2 71
2 72
2 73
2 75
2 76
2 78
2 79
3 4
3 8
3 10
3 12
3 14
3 15
3 18
3 19
3 20
3 21
3 23
3 24
3 25
3 29
3 31
3 32
3 34
3 36
3 37
3 38
3 42
3 46
3 48
3 49
3 54
3 55
3 56
3 57
3 60
3 61
3 66
3 67
3 68
3 72
3 75
3 77
3 78
3 79
4 5
4 6
4 8
4 14
4 15
4 19
4 21
4 22
4 24
4 27
4 28
4 29
4 33
4 34
4 35
4 36
4 38
4 39
4 41
4 45
4 49
4 50
4 51
4 58
4 62
4 64
4 65
4 66
4 67
4 71
4 72
4 75
4 78
4 79
5 7
5 12
5 13
5 14
5 15
5 17
5 19
5 22
5 24
5 27
5 28
5 30
5 31
5 33
5 34
5 37
5 39
5 42
5 45
5 49
5 50
5 51
5 53
5 54
5 58
5 59
5 64
5 65
5 68
5 69
5 71
5 72
5 73
5 75
5 76
5 77
5 78
5 79
6 8
6 9
6 10
6 12
6 14
6 16
6 18
6 19
6 20
6 21
6 22
6 23
6 25
6 28
6 29
6 32
6 33
6 35
6 38
6 39
6 40
6 43
6 46
6 47
6 48
6 50
6 51
6 54
6 56
6 57
6 60
6 63
6 64
6 67
6 71
6 73
6 74
7 10
7 11
7 14
7 15
7 16
7 19
7 21
7 23
7 24
7 25
7 32
7 33
7 35
7 36
7 37
7 40
7 43
7 46
7 50
7 51
7 52
7 54
7 55
7 58
7 61
7 63
7 73
7 75
7 76
7 78
7 79
8 13
8 14
8 20
8 27
8 29
8 30
8 32
8 37
8 38
8 39
8 40
8 44
8 45
8 48
8 51
8 53
8 54
8 58
8 65
8 66
8 69
8 71
8 72
8 74
8 75
8 77
9 10
9 11
9 12
9 13
9 16
9 18
9 19
9 28
9 29
9 31
9 32
9 35
9 37
9 38
9 39
9 41
9 46
9 47
9 48
9 50
9 51
9 52
9 54
9 55
9 56
9 58
9 61
9 63
9 68
9 70
9 76
10 13
10 14
10 15
10 19
10 21
10 29
10 30
10 31
10 39
10 40
10 42
10 43
10 44
10 46
10 47
10 48
10 53
10 54
10 55
10 60
10 61
10 62
10 63
10 65
10 66
10 67
10 69
10 72
10 76
11 13
11 14
11 18
11 19
11 24
11 28
11 35
11 36
11 39
11 40
11 41
11 42
11 44
11 45
11 47
11 48
11 49
11 50
11 51
11 52
11 56
11 57
11 58
11 59
11 60
11 61
11 62
11 63
11 65
11 67
11 68
11 69
11 71
11 72
11 73
11 76
11 79
12 13
12 14
12 16
12 17
12 19
12 22
12 23
12 25
12 26
12 30
12 33
12 34
12 36
12 37
12 38
12 41
12 42
12 44
12 47
12 48
12 52
12 53
12 60
12 61
12 63
12 64
12 65
12 66
12 68
12 69
12 72
12 73
12 75
12 76
12 78
12 79
13 14
13 15
13 18
13 19
13 21
13 22
13 30
13 32
13 36
13 37
13 42
13 44
13 45
13 48
13 49
13 50
13 52
13 53
13 54
13 56
13 57
13 59
13 60
13 61
13 62
13 63
13 65
13 67
13 68
13 72
13 74
13 75
13 76
13 77
14 16
14 17
14 18
14 19
14 20
14 22
14 23
14 27
14 29
14 31
14 32
14 33
14 34
14 37
14 39
14 41
14 44
14 48
14 51
14 52
14 55
14 57
14 58
14 59
14 60
14 62
14 67
14 78
15 17
15 18
15 19
15 27
15 30
15 32
15 33
15 34
15 42
15 43
15 44
15 47
15 48
15 49
15 50
15 53
15 57
15 59
15 62
15 63
15 64
15 66
15 67
15 70
15 71
15 73
15 76
16 18
16 19
16 20
16 21
16 22
16 23
16 25
16 27
16 29
16 30
16 31
16 34
16 36
16 37
16 38
16 39
16 42
16 44
16 45
16 46
16 47
16 49
16 50
16 54
16 57
16 58
16 63
16 65
16 66
16 68
16 72
16 74
16 75
16 76
16 77
16 78
17 18
17 20
17 22
17 25
17 26
17 27
17 28
17 29
17 30
17 31
17 32
17 35
17 37
17 38
17 39
17 42
17 43
17 47
17 48
17 53
17 56
17 57
17 58
17 60
17 61
17 62
17 63
17 66
17 71
17 72
17 73
17 74
17 77
17 78
18 22
18 24
18 27
18 31
18 32
18 33
18 35
18 37
18 40
18 47
18 49
18 54
18 56
18 58
18 59
18 64
18 68
18 70
18 72
18 73
18 74
18 76
18 79
19 22
19 23
19 24
19 28
19 29
19 31
19 34
19 35
19 43
19 44
19 46
19 48
19 50
19 51
19 52
19 54
19 55
19 56
19 62
19 66
19 68
19 71
19 77
19 78
20 25
20 27
20 31
20 32
20 36
20 37
20 38
20 39
20 41
20 42
20 43
20 44
20 46
20 48
20 49
20 50
20 53
20 57
20 59
20 62
20 66
20 67
20 70
20 71
20 74
20 76
20 77
20 78
20 79
21 23
21 24
21 26
21 27
21 29
21 31
21 32
21 36
21 38
21 39
21 40
21 42
21 44
21 46
21 47
21 48
21 52
21 53
21 55
21 56
21 58
21 60
21 61
21 62
21 63
21 64
21 67
21 70
21 72
21 74
21 76
21 79
22 23
22 28
22 30
22 31
22 32
22 34
22 37
22 38
22 39
22 40
22 41
22 42
22 43
22 45
22 47
22 50
22 55
22 58
22 59
22 60
22 62
22 63
22 65
22 66
22 70
22 71
22 72
22 74
22 77
22 79
23 25
23 26
23 30
23 31
23 33
23 44
23 45
23 46
23 47
23 51
23 52
23 53
23 58
23 59
23 60
23 61
23 63
23 65
23 69
23 71
23 73
23 75
23 77
23 78
24 26
24 29
24 30
24 32
24 33
24 40
24 42
24 49
24 52
24 54
24 56
24 57
24 59
24 60
24 63
24 64
24 66
24 69
24 70
24 71
24 73
25 26
25 27
25 29
25 30
25 37
25 38
25 39
25 40
25 41
25 43
25 45
25 47
25 49
25 52
25 53
25 54
25 57
25 60
25 61
25 62
25 63
25 65
25 66
25 70
25 73
25 76
25 77
25 78
26 30
26 33
26 34
26 35
26 36
26 39
26 41
26 42
26 43
26 45
26 48
26 52
26 54
26 58
26 62
26 63
26 64
26 65
26 67
26 69
26 70
26 71
26 72
26 74
26 75
27 28
27 31
27 33
27 37
27 42
27 44
27 46
27 47
27 48
27 49
27 50
27 51
27 52
27 55
27 57
27 58
27 60
27 61
27 63
27 64
27 65
27 66
27 67
27 73
27 79
28 33
28 34
28 40
28 41
28 42
28 43
28 46
28 47
28 51
28 52
28 53
28 55
28 58
28 59
28 60
28 62
28 63
28 64
28 67
28 69
28 70
28 71
28 72
28 77
28 78
28 79
29 30
29 32
29 35
29 36
29 43
29 44
29 48
29 51
29 55
29 57
29 59
29 62
29 63
29 67
29 68
29 70
29 72
29 73
29 75
29 76
29 77
30 34
30 35
30 37
30 38
30 39
30 40
30 41
30 43
30 46
30 48
30 50
30 53
30 54
30 55
30 57
30 60
30 65
30 68
30 69
30 70
30 72
30 74
30 75
30 76
31 37
31 39
31 40
31 41
31 43
31 45
31 46
31 50
31 52
31 53
31 56
31 59
31 63
31 65
31 67
31 68
31 69
31 71
31 72
31 73
31 74
31 76
31 79
32 33
32 35
32 37
32 38
32 39
32 40
32 43
32 44
32 45
32 48
32 49
32 51
32 52
32 53
32 56
32 59
32 61
32 62
32 63
32 64
32 69
32 72
32 74
32 77
32 78
33 34
33 36
33 37
33 39
33 40
33 41
33 43
33 46
33 47
33 48
33 52
33 53
33 55
33 56
33 57
33 58
33 60
33 62
33 63
33 64
33 65
33 68
33 69
33 70
33 72
33 73
33 74
33 75
33 76
33 78
34 37
34 38
34 40
34 41
34 42
34 43
34 44
34 45
34 46
34 51
34 55
34 57
34 60
34 61
34 68
34 69
34 71
34 73
34 74
34 78
34 79
35 38
35 41
35 43
35 47
35 49
35 50
35 52
35 55
35 58
35 59
35 61
35 62
35 63
35 64
35 65
35 66
35 69
35 71
35 72
35 75
35 76
35 77
35 78
36 37
36 38
36 40
36 42
36 45
36 46
36 47
36 49
36 53
36 55
36 57
36 58
36 59
36 63
36 66
36 69
36 71
36 72
36 76
36 79
37 38
37 39
37 40
37 41
37 43
37 45
37 47
37 48
37 49
37 50
37 51
37 53
37 54
37 57
37 59
37 60
37 62
37 63
37 68
37 70
37 71
37 72
37 73
37 74
37 75
37 79
38 39
38 43
38 47
38 49
38 50
38 52
38 55
38 56
38 57
38 63
38 64
38 66
38 69
38 74
39 40
39 41
39 42
39 43
39 44
39 47
39 48
39 50
39 51
39 53
39 54
39 58
39 59
39 60
39 65
39 66
39 67
39 68
39 70
39 72
39 79
40 42
40 43
40 44
40 47
40 49
40 51
40 53
40 54
40 57
40 59
40 61
40 63
40 64
40 66
40 68
40 77
40 78
40 79
41 42
41 45
41 46
41 48
41 49
41 51
41 53
41 55
41 56
41 57
41 58
41 59
41 61
41 63
41 68
41 71
41 72
41 73
41 74
41 76
41 78
41 79
42 45
42 46
42 47
42 50
42 51
42 52
42 53
42 57
42 61
42 62
42 63
42 64
42 65
42 66
42 67
42 68
42 71
42 73
42 74
42 75
42 76
42 78
43 44
43 45
43 46
43 50
43 51
43 52
43 53
43 54
43 56
43 57
43 64
43 65
43 66
43 70
43 71
43 73
43 75
43 77
43 79
44 47
44 48
44 49
44 50
44 52
44 57
44 61
44 64
44 65
44 66
44 70
44 75
44 77
44 78
45 49
45 50
45 51
45 52
45 53
45 54
45 55
45 60
45 63
45 64
45 66
45 68
45 69
45 70
45 74
45 75
45 76
45 77
45 78
45 79
46 48
46 51
46 57
46 58
46 60
46 63
46 66
46 68
46 70
46 71
46 72
46 73
46 74
46 77
47 50
47 56
47 58
47 61
47 62
47 63
47 64
47 67
47 69
47 70
47 71
47 72
47 73
47 77
47 78
47 79
48 49
48 51
48 54
48 56
48 59
48 60
48 62
48 63
48 64
48 66
48 70
48 71
48 73
48 75
48 76
48 79
49 51
49 52
49 54
49 59
49 60
49 63
49 64
49 66
49 67
49 70
49 71
49 72
49 73
49 74
49 75
49 76
49 78
50 51
50 58
50 60
50 61
50 62
50 63
50 65
50 66
50 68
50 69
50 72
50 74
50 75
50 76
51 53
51 54
51 55
51 59
51 60
51 63
51 64
51 65
51 66
51 67
51 68
51 69
51 70
51 73
51 74
51 76
51 78
52 53
52 57
52 58
52 59
52 61
52 63
52 64
52 69
52 71
52 72
52 73
52 75
52 77
53 54
53 56
53 58
53 59
53 61
53 64
53 65
53 66
53 69
53 71
53 75
53 77
53 78
54 58
54 59
54 62
54 64
54 65
54 66
54 70
54 73
54 74
55 58
55 60
55 64
55 66
55 67
55 68
55 70
55 71
55 72
55 73
55 74
55 75
55 76
56 57
56 60
56 61
56 62
56 63
56 64
56 67
56 68
56 69
56 71
56 72
56 74
56 78
56 79
57 60
57 62
57 63
57 64
57 65
57 67
57 68
57 69
57 70
57 72
57 73
57 75
57 76
57 78
57 79
58 59
58 60
58 62
58 63
58 65
58 71
58 73
58 77
59 60
59 61
59 65
59 66
59 71
59 74
59 75
59 76
59 79
60 61
60 63
60 65
60 66
60 67
60 68
60 71
60 74
60 75
60 76
61 62
61 65
61 67
61 68
61 69
61 70
61 73
61 78
62 64
62 65
62 67
62 68
62 69
62 70
62 72
62 73
62 74
62 75
62 76
62 77
63 64
63 65
63 66
63 67
63 69
63 70
63 71
63 73
63 76
63 77
64 65
64 68
64 70
64 71
64 73
64 74
64 75
64 77
64 79
65 66
65 67
65 68
65 73
65 77
65 78
66 67
66 69
66 70
66 71
66 76
66 79
67 72
67 74
67 76
68 72
68 78
69 71
69 72
69 74
69 75
69 76
69 77
70 77
71 77
72 73
72 74
72 75
72 76
73 74
73 77
73 78
74 77
74 78
74 79
75 76
76 79
77 78
77 79
78 79
