50 233
0 14
0 15
0 33
0 37
0 40
0 43
1 3
1 5
1 7
1 12
1 14
1 19
1 23
1 32
1 33
1 41
1 48
2 5
2 6
2 10
2 15
2 17
2 21
2 27
2 31
2 32
2 33
2 35
2 36
2 38
2 49
3 8
3 11
3 15
3 18
3 21
3 28
3 40
3 44
3 49
4 13
4 18
4 32
4 36
4 43
5 9
5 11
5 16
5 18
5 22
5 23
5 25
5 36
5 38
5 39
5 40
5 44
5 46
6 7
6 8
6 11
6 14
6 21
6 26
6 39
6 49
7 11
7 16
7 20
7 27
7 28
7 29
7 32
7 34
7 41
7 42
7 44
7 48
8 11
8 12
8 17
8 18
8 21
8 26
8 33
8 34
8 37
8 38
8 39
8 43
9 10
9 11
9 16
9 25
9 28
9 34
9 35
9 40
9 48
9 49
10 11
10 16
10 20
10 23
10 24
10 32
10 36
10 41
10 43
11 14
11 16
11 17
11 21
11 32
11 44
11 49
12 13
12 25
12 40
13 15
13 19
13 21
13 23
13 24
13 30
13 39
13 41
14 21
14 22
14 30
14 36
14 38
14 39
14 45
14 48
15 17
15 18
15 24
15 27
15 33
15 41
15 45
16 20
16 41
16 42
17 18
17 24
17 26
17 30
17 39
17 46
17 49
18 19
18 20
18 33
18 35
18 40
19 23
19 26
19 44
20 22
20 24
20 25
20 29
20 39
20 40
20 45
21 23
21 26
21 30
21 40
21 49
22 31
22 36
22 39
22 42
22 47
23 32
23 33
23 34
23 38
23 41
24 31
24 39
24 41
24 44
24 49
25 30
25 33
26 30
26 38
26 43
26 46
27 33
27 38
27 46
28 29
28 34
28 35
28 39
28 43
28 45
28 49
29 31
30 35
30 36
30 44
31 44
31 47
32 34
32 35
32 44
32 46
33 35
33 36
33 43
33 44
33 46
34 35
35 45
35 48
36 46
36 49
39 41
39 46
39 49
40 43
42 43
42 44
42 45
42 46
43 47
46 47
