50 623
0 2
0 4
0 5
0 7
0 10
0 11
0 14
0 15
0 16
0 18
0 21
0 24
0 25
0 28
0 30
0 33
0 34
0 36
0 37
0 42
0 43
0 45
0 48
0 49
1 2
1 3
1 4
1 6
1 8
1 12
1 15
1 18
1 22
1 24
1 28
1 32
1 34
1 36
1 37
1 38
1 40
1 44
1 45
1 46
1 49
2 3
2 11
2 12
2 13
2 15
2 17
2 20
2 22
2 23
2 25
2 27
2 31
2 33
2 34
2 37
2 38
2 40
2 42
2 44
2 45
2 47
2 48
2 49
3 5
3 6
3 7
3 11
3 13
3 14
3 15
3 19
3 20
3 21
3 23
3 26
3 27
3 28
3 32
3 33
3 36
3 37
3 38
3 39
3 42
3 43
3 44
3 45
3 46
3 47
4 6
4 7
4 12
4 14
4 16
4 19
4 20
4 22
4 23
4 25
4 29
4 30
4 33
4 34
4 37
4 38
4 39
4 44
4 45
4 47
4 48
4 49
5 7
5 9
5 10
5 13
5 14
5 17
5 18
5 19
5 21
5 22
5 25
5 26
5 28
5 30
5 32
5 34
5 35
5 38
5 42
5 43
5 44
5 45
5 46
5 47
5 49
6 8
6 10
6 11
6 13
6 14
6 21
6 23
6 24
6 25
6 26
6 27
6 28
6 29
6 30
6 31
6 34
6 40
6 42
6 45
6 46
6 47
7 10
7 11
7 12
7 13
7 16
7 17
7 18
7 19
7 20
7 22
7 23
7 26
7 28
7 32
7 34
7 35
7 37
7 38
7 39
7 41
7 44
7 47
7 48
8 9
8 11
8 12
8 13
8 14
8 15
8 21
8 22
8 25
8 27
8 28
8 30
8 31
8 33
8 34
8 36
8 37
8 39
8 40
8 44
8 45
8 46
8 47
8 48
9 10
9 16
9 17
9 18
9 22
9 24
9 26
9 29
9 33
9 34
9 36
9 37
9 40
9 42
9 43
9 45
9 46
9 48
10 12
10 13
10 14
10 15
10 17
10 20
10 21
10 27
10 28
10 29
10 31
10 34
10 37
10 38
10 43
10 44
10 46
10 47
10 48
10 49
11 13
11 16
11 19
11 20
11 25
11 26
11 27
11 28
11 29
11 30
11 31
11 32
11 33
11 35
11 37
11 38
11 39
11 43
11 44
11 48
12 13
12 17
12 20
12 21
12 23
12 24
12 25
12 26
12 28
12 29
12 30
12 33
12 34
12 35
12 37
12 38
12 39
12 40
12 42
12 43
12 44
12 46
13 14
13 15
13 18
13 20
13 23
13 25
13 29
13 30
13 32
13 33
13 35
13 36
13 39
13 41
13 44
13 45
13 46
13 47
13 48
13 49
14 15
14 17
14 19
14 20
14 23
14 24
14 25
14 27
14 28
14 29
14 32
14 33
14 34
14 35
14 36
14 38
14 39
14 44
14 45
14 48
14 49
15 17
15 19
15 21
15 22
15 23
15 24
15 26
15 28
15 29
15 31
15 33
15 34
15 36
15 38
15 40
15 43
15 44
15 46
15 48
16 22
16 24
16 25
16 30
16 31
16 32
16 33
16 38
16 39
16 42
16 44
16 48
17 23
17 25
17 28
17 29
17 31
17 32
17 33
17 36
17 38
17 40
17 42
17 44
17 45
17 46
17 48
17 49
18 20
18 21
18 23
18 24
18 25
18 26
18 27
18 28
18 32
18 33
18 34
18 35
18 38
18 39
18 41
18 42
18 45
18 47
19 21
19 22
19 25
19 28
19 29
19 30
19 34
19 35
19 36
19 38
19 39
19 41
19 44
19 45
19 48
20 21
20 22
20 26
20 27
20 31
20 32
20 35
20 37
20 38
20 39
20 41
20 44
20 45
20 46
20 49
21 23
21 25
21 26
21 30
21 31
21 33
21 36
21 37
21 40
21 41
21 42
21 45
21 47
21 48
22 24
22 30
22 31
22 34
22 35
22 38
22 39
22 40
22 41
22 43
22 44
23 25
23 27
23 29
23 30
23 31
23 33
23 34
23 39
23 40
23 43
23 47
23 48
24 27
24 29
24 36
24 37
24 38
24 40
24 41
24 42
24 46
24 47
24 48
24 49
25 26
25 29
25 31
25 33
25 36
25 37
25 39
25 41
25 43
25 45
25 47
26 28
26 30
26 35
26 36
26 37
26 41
26 42
26 45
26 48
27 29
27 32
27 33
27 34
27 36
27 38
27 39
27 42
27 48
28 29
28 31
28 33
28 35
28 36
28 37
28 38
28 39
28 41
28 43
28 44
28 45
28 46
28 47
28 48
29 32
29 34
29 38
29 39
29 41
29 42
29 43
29 44
29 47
29 48
30 31
30 32
30 33
30 34
30 36
30 38
30 39
30 44
30 46
30 47
30 48
31 34
31 35
31 36
31 39
31 40
31 43
31 46
31 47
31 49
32 33
32 35
32 37
32 38
32 39
32 40
32 43
32 44
32 46
33 34
33 35
33 37
33 38
33 40
33 42
33 43
33 44
33 45
33 48
33 49
34 35
34 36
34 37
34 41
34 43
34 44
34 46
34 47
34 48
35 37
35 38
35 39
35 40
35 43
35 46
35 48
36 37
36 38
36 41
36 42
36 44
36 45
36 46
36 48
37 38
37 39
37 43
37 44
37 49
38 39
38 42
38 45
38 46
39 44
39 46
40 43
40 46
40 47
40 49
41 42
41 44
41 48
41 49
42 43
42 46
42 49
43 44
43 48
44 45
44 46
44 47
44 49
45 46
45 49
48 49
