30 218
0 2
0 4
0 8
0 9
0 13
0 15
0 16
0 17
0 20
0 24
0 25
0 27
1 4
1 5
1 6
1 8
1 9
1 10
1 11
1 14
1 15
1 17
1 20
1 23
1 24
1 25
1 26
1 28
2 4
2 6
2 7
2 8
2 9
2 11
2 12
2 13
2 14
2 18
2 21
2 22
2 24
2 27
2 28
2 29
3 4
3 6
3 7
3 8
3 10
3 11
3 17
3 18
3 22
3 23
3 24
3 25
3 26
3 27
3 28
3 29
4 5
4 6
4 7
4 8
4 9
4 15
4 19
4 24
4 25
4 27
4 28
4 29
5 6
5 7
5 8
5 10
5 11
5 13
5 15
5 16
5 17
5 18
5 19
6 7
6 9
6 12
6 13
6 16
6 19
6 20
6 22
6 23
6 25
7 8
7 12
7 16
7 17
7 19
7 20
7 22
7 23
7 24
7 25
7 27
7 28
8 9
8 10
8 12
8 13
8 15
8 16
8 17
8 18
8 19
8 21
8 24
8 25
8 27
8 28
8 29
9 10
9 11
9 13
9 14
9 15
9 18
9 19
9 28
9 29
10 13
10 14
10 18
10 20
10 22
10 23
10 28
10 29
11 12
11 13
11 16
11 18
11 24
11 28
12 18
12 20
12 22
12 23
12 26
12 28
13 15
13 18
13 19
13 20
13 21
13 24
13 26
13 27
14 16
14 17
14 22
14 25
14 26
14 27
14 29
15 16
15 19
15 20
15 21
15 22
15 23
15 25
15 26
15 27
15 28
15 29
16 17
16 18
16 23
16 25
16 27
16 28
16 29
17 18
17 19
17 20
17 22
17 25
17 28
18 19
18 22
18 25
18 27
19 21
19 24
19 25
19 28
20 21
20 22
20 23
20 24
20 25
20 27
21 23
21 24
21 25
22 24
22 26
23 24
23 25
23 27
23 28
24 25
24 26
25 27
25 29
26 28
26 29
27 28
