300 13380
0 1
0 2
0 8
0 11
0 13
0 15
0 18
0 20
0 23
0 26
0 32
0 36
0 37
0 42
0 43
0 48
0 57
0 64
0 75
0 77
0 79
0 85
0 87
0 95
0 97
0 99
0 103
0 108
0 109
0 111
0 113
0 125
0 127
0 134
0 135
0 137
0 138
0 143
0 144
0 146
0 150
0 153
0 156
0 158
0 159
0 160
0 162
0 163
0 170
0 171
0 178
0 180
0 193
0 196
0 200
0 207
0 208
0 209
0 211
0 215
0 218
0 220
0 236
0 237
0 238
0 240
0 241
0 242
0 244
0 245
0 247
0 251
0 252
0 258
0 264
0 266
0 267
0 269
0 270
0 273
0 274
0 277
0 281
0 283
0 285
0 287
0 288
0 292
0 294
0 296
0 297
1 3
1 8
1 14
1 20
1 21
1 26
1 31
1 36
1 42
1 43
1 46
1 47
1 48
1 49
1 58
1 59
1 61
1 66
1 67
1 72
1 76
1 83
1 103
1 107
1 112
1 116
1 118
1 121
1 127
1 128
1 130
1 133
1 137
1 138
1 139
1 140
1 142
1 154
1 157
1 159
1 165
1 167
1 170
1 171
1 173
1 176
1 177
1 181
1 184
1 186
1 188
1 189
1 192
1 193
1 195
1 202
1 203
1 205
1 211
1 218
1 219
1 222
1 223
1 226
1 227
1 228
1 233
1 234
1 238
1 239
1 246
1 253
1 258
1 260
1 262
1 263
1 264
1 268
1 271
1 280
1 281
1 284
1 285
1 289
1 292
1 298
1 299
2 3
2 11
2 13
2 15
2 21
2 30
2 39
2 42
2 48
2 53
2 54
2 57
2 61
2 62
2 63
2 64
2 68
2 70
2 77
2 78
2 81
2 82
2 83
2 90
2 92
2 96
2 99
2 100
2 101
2 104
2 108
2 110
2 117
2 119
2 120
2 124
2 126
2 127
2 135
2 139
2 142
2 143
2 144
2 149
2 150
2 158
2 159
2 160
2 162
2 165
2 168
2 170
2 172
2 174
2 176
2 181
2 186
2 191
2 193
2 194
2 207
2 210
2 211
2 212
2 214
2 218
2 222
2 223
2 224
2 225
2 230
2 235
2 236
2 242
2 243
2 244
2 251
2 260
2 264
2 266
2 267
2 268
2 269
2 270
2 273
2 277
2 281
2 283
2 286
2 294
2 297
3 6
3 11
3 18
3 33
3 37
3 39
3 50
3 51
3 59
3 66
3 71
3 76
3 79
3 81
3 83
3 84
3 86
3 90
3 92
3 93
3 96
3 98
3 101
3 102
3 103
3 104
3 113
3 118
3 120
3 121
3 123
3 126
3 128
3 129
3 130
3 136
3 139
3 140
3 142
3 147
3 149
3 150
3 158
3 159
3 160
3 164
3 165
3 169
3 172
3 173
3 178
3 180
3 181
3 182
3 185
3 188
3 190
3 191
3 198
3 201
3 202
3 204
3 207
3 211
3 214
3 215
3 216
3 217
3 218
3 227
3 228
3 235
3 240
3 244
3 252
3 254
3 255
3 259
3 268
3 273
3 280
3 282
3 283
3 284
3 286
3 287
3 288
3 296
3 297
4 5
4 6
4 9
4 12
4 13
4 16
4 19
4 30
4 37
4 39
4 40
4 41
4 45
4 46
4 47
4 48
4 50
4 51
4 57
4 58
4 59
4 65
4 66
4 67
4 71
4 75
4 84
4 85
4 86
4 88
4 91
4 92
4 97
4 103
4 112
4 113
4 115
4 121
4 122
4 128
4 134
4 140
4 141
4 142
4 149
4 151
4 154
4 158
4 163
4 169
4 170
4 174
4 177
4 180
4 184
4 189
4 194
4 195
4 200
4 206
4 210
4 211
4 221
4 225
4 226
4 229
4 230
4 235
4 239
4 241
4 251
4 254
4 255
4 262
4 263
4 266
4 267
4 268
4 269
4 270
4 273
4 275
4 276
4 278
4 282
4 287
4 289
4 290
4 293
4 296
4 299
5 8
5 9
5 10
5 16
5 19
5 24
5 27
5 28
5 30
5 35
5 38
5 49
5 59
5 70
5 72
5 77
5 82
5 83
5 89
5 90
5 92
5 93
5 96
5 98
5 99
5 104
5 106
5 110
5 111
5 121
5 124
5 128
5 130
5 135
5 136
5 137
5 150
5 151
5 153
5 156
5 157
5 166
5 170
5 172
5 173
5 178
5 183
5 186
5 188
5 193
5 194
5 211
5 213
5 219
5 221
5 228
5 229
5 230
5 231
5 234
5 240
5 244
5 246
5 248
5 249
5 254
5 258
5 260
5 263
5 265
5 269
5 273
5 276
5 277
5 280
5 286
5 289
5 292
5 298
6 11
6 16
6 18
6 21
6 22
6 31
6 36
6 37
6 39
6 41
6 42
6 52
6 53
6 60
6 70
6 73
6 83
6 85
6 86
6 88
6 91
6 92
6 94
6 95
6 97
6 98
6 102
6 103
6 105
6 108
6 111
6 113
6 114
6 116
6 123
6 126
6 127
6 129
6 130
6 135
6 137
6 145
6 148
6 149
6 150
6 156
6 157
6 161
6 163
6 164
6 166
6 167
6 170
6 173
6 182
6 183
6 184
6 185
6 190
6 191
6 192
6 197
6 200
6 201
6 207
6 209
6 213
6 215
6 217
6 219
6 227
6 229
6 230
6 237
6 256
6 259
6 265
6 267
6 273
6 278
6 281
6 283
6 285
6 286
6 288
6 296
7 16
7 17
7 19
7 22
7 26
7 28
7 30
7 32
7 37
7 40
7 52
7 58
7 59
7 64
7 68
7 72
7 73
7 76
7 77
7 78
7 79
7 80
7 81
7 83
7 84
7 86
7 103
7 104
7 111
7 112
7 114
7 115
7 119
7 144
7 145
7 150
7 153
7 159
7 160
7 162
7 165
7 166
7 170
7 173
7 175
7 176
7 187
7 188
7 192
7 198
7 199
7 203
7 207
7 212
7 220
7 223
7 230
7 232
7 236
7 239
7 245
7 246
7 247
7 249
7 252
7 257
7 258
7 270
7 273
7 275
7 282
7 285
7 291
7 295
7 297
7 298
8 11
8 25
8 31
8 32
8 34
8 38
8 42
8 45
8 46
8 48
8 49
8 53
8 57
8 60
8 61
8 63
8 68
8 69
8 73
8 75
8 76
8 77
8 78
8 97
8 98
8 104
8 107
8 113
8 116
8 118
8 130
8 132
8 137
8 143
8 147
8 149
8 151
8 156
8 160
8 163
8 166
8 167
8 169
8 170
8 171
8 173
8 174
8 176
8 179
8 180
8 181
8 184
8 187
8 188
8 189
8 195
8 198
8 201
8 204
8 205
8 211
8 212
8 216
8 219
8 226
8 227
8 232
8 236
8 237
8 240
8 242
8 246
8 249
8 255
8 256
8 258
8 260
8 261
8 264
8 275
8 282
8 287
8 291
8 296
8 297
9 10
9 11
9 13
9 15
9 18
9 20
9 21
9 24
9 25
9 27
9 30
9 33
9 36
9 39
9 40
9 42
9 44
9 46
9 47
9 49
9 53
9 58
9 66
9 67
9 75
9 77
9 80
9 84
9 86
9 89
9 91
9 99
9 102
9 108
9 111
9 118
9 119
9 120
9 121
9 128
9 130
9 133
9 139
9 141
9 150
9 151
9 153
9 159
9 166
9 167
9 170
9 173
9 175
9 177
9 180
9 181
9 183
9 184
9 185
9 186
9 190
9 195
9 198
9 212
9 223
9 226
9 227
9 228
9 239
9 243
9 245
9 246
9 249
9 250
9 253
9 254
9 258
9 259
9 264
9 269
9 275
9 278
9 281
9 283
9 290
9 291
9 293
9 295
10 17
10 20
10 21
10 27
10 30
10 35
10 36
10 41
10 44
10 48
10 49
10 55
10 58
10 60
10 67
10 69
10 73
10 74
10 76
10 78
10 79
10 85
10 93
10 96
10 99
10 104
10 105
10 109
10 117
10 120
10 122
10 124
10 127
10 128
10 129
10 133
10 135
10 140
10 147
10 150
10 151
10 154
10 156
10 157
10 158
10 159
10 161
10 163
10 164
10 165
10 167
10 170
10 173
10 176
10 179
10 182
10 184
10 185
10 186
10 194
10 199
10 200
10 202
10 205
10 210
10 211
10 213
10 217
10 219
10 220
10 227
10 228
10 229
10 231
10 238
10 240
10 241
10 254
10 261
10 263
10 265
10 267
10 271
10 272
10 274
10 279
10 284
10 295
10 297
11 14
11 15
11 16
11 17
11 19
11 22
11 23
11 26
11 27
11 28
11 34
11 37
11 45
11 47
11 52
11 53
11 54
11 57
11 59
11 60
11 62
11 66
11 67
11 72
11 73
11 76
11 84
11 85
11 88
11 89
11 91
11 93
11 94
11 99
11 103
11 104
11 107
11 108
11 112
11 114
11 115
11 118
11 121
11 124
11 125
11 129
11 130
11 134
11 136
11 137
11 138
11 139
11 150
11 156
11 159
11 163
11 165
11 171
11 176
11 177
11 182
11 185
11 188
11 193
11 194
11 197
11 200
11 201
11 202
11 203
11 204
11 205
11 206
11 207
11 208
11 217
11 220
11 222
11 228
11 239
11 244
11 245
11 246
11 248
11 249
11 250
11 253
11 254
11 258
11 261
11 263
11 264
11 267
11 269
11 272
11 273
11 275
11 280
11 281
11 285
11 286
11 288
11 291
11 298
12 16
12 17
12 19
12 22
12 23
12 32
12 34
12 37
12 43
12 45
12 49
12 52
12 54
12 58
12 62
12 65
12 66
12 67
12 70
12 71
12 73
12 74
12 78
12 83
12 84
12 88
12 90
12 93
12 96
12 97
12 98
12 99
12 113
12 115
12 117
12 120
12 123
12 129
12 137
12 139
12 140
12 154
12 157
12 158
12 163
12 165
12 171
12 180
12 183
12 194
12 197
12 202
12 204
12 205
12 207
12 210
12 218
12 224
12 226
12 227
12 230
12 233
12 239
12 242
12 243
12 244
12 248
12 249
12 253
12 260
12 264
12 266
12 275
12 276
12 277
12 278
12 285
12 288
12 291
12 292
12 293
12 299
13 15
13 17
13 18
13 19
13 20
13 21
13 23
13 39
13 42
13 45
13 52
13 60
13 64
13 67
13 68
13 69
13 71
13 76
13 77
13 89
13 90
13 91
13 92
13 93
13 101
13 103
13 104
13 109
13 110
13 112
13 113
13 126
13 127
13 128
13 131
13 132
13 136
13 142
13 150
13 152
13 153
13 157
13 158
13 161
13 171
13 180
13 182
13 191
13 195
13 197
13 202
13 204
13 205
13 207
13 210
13 211
13 212
13 214
13 216
13 225
13 230
13 235
13 243
13 245
13 247
13 250
13 253
13 260
13 263
13 265
13 267
13 270
13 273
13 276
13 279
13 280
13 281
13 286
13 291
13 294
13 295
13 297
13 298
14 15
14 16
14 18
14 19
14 23
14 27
14 29
14 33
14 39
14 42
14 48
14 53
14 59
14 62
14 64
14 67
14 68
14 71
14 73
14 74
14 75
14 76
14 80
14 84
14 87
14 88
14 91
14 96
14 98
14 99
14 100
14 102
14 103
14 108
14 109
14 112
14 114
14 115
14 123
14 125
14 131
14 140
14 141
14 143
14 144
14 145
14 147
14 148
14 150
14 153
14 154
14 159
14 160
14 171
14 174
14 176
14 177
14 181
14 184
14 187
14 188
14 190
14 193
14 196
14 197
14 202
14 205
14 206
14 209
14 210
14 212
14 214
14 221
14 223
14 224
14 225
14 227
14 241
14 242
14 244
14 246
14 248
14 251
14 252
14 258
14 261
14 265
14 266
14 267
14 268
14 269
14 271
14 274
14 287
14 292
14 298
15 20
15 24
15 28
15 29
15 32
15 34
15 36
15 40
15 41
15 43
15 45
15 48
15 51
15 68
15 74
15 75
15 81
15 86
15 90
15 94
15 103
15 105
15 106
15 111
15 115
15 116
15 121
15 122
15 125
15 128
15 133
15 136
15 137
15 150
15 152
15 154
15 155
15 163
15 168
15 171
15 176
15 177
15 180
15 181
15 182
15 185
15 187
15 189
15 197
15 202
15 205
15 207
15 213
15 215
15 218
15 225
15 226
15 237
15 240
15 241
15 246
15 252
15 258
15 261
15 262
15 264
15 265
15 266
15 278
15 283
15 284
15 290
15 291
15 292
15 294
16 20
16 21
16 23
16 26
16 29
16 30
16 32
16 41
16 44
16 51
16 54
16 56
16 58
16 70
16 72
16 76
16 81
16 89
16 92
16 94
16 95
16 98
16 106
16 126
16 127
16 128
16 130
16 131
16 134
16 135
16 138
16 139
16 140
16 143
16 144
16 151
16 152
16 155
16 158
16 160
16 161
16 162
16 165
16 169
16 173
16 174
16 175
16 177
16 180
16 182
16 183
16 184
16 188
16 190
16 192
16 196
16 197
16 200
16 202
16 203
16 207
16 208
16 212
16 215
16 216
16 220
16 222
16 229
16 230
16 233
16 238
16 240
16 253
16 258
16 259
16 262
16 269
16 270
16 274
16 280
16 281
16 282
16 284
16 286
16 289
16 294
16 296
16 298
17 18
17 23
17 24
17 28
17 30
17 37
17 40
17 41
17 45
17 46
17 47
17 48
17 49
17 51
17 56
17 58
17 66
17 72
17 73
17 76
17 82
17 86
17 87
17 88
17 92
17 93
17 97
17 102
17 108
17 112
17 117
17 123
17 124
17 125
17 128
17 129
17 130
17 131
17 133
17 138
17 144
17 147
17 149
17 152
17 156
17 158
17 159
17 171
17 175
17 176
17 181
17 185
17 189
17 190
17 192
17 216
17 219
17 223
17 228
17 229
17 234
17 235
17 240
17 242
17 243
17 245
17 249
17 252
17 254
17 257
17 260
17 263
17 266
17 275
17 278
17 281
17 282
17 289
17 291
17 296
17 297
18 24
18 27
18 29
18 30
18 38
18 41
18 42
18 43
18 47
18 52
18 53
18 54
18 57
18 58
18 59
18 60
18 68
18 71
18 73
18 79
18 81
18 83
18 84
18 85
18 88
18 89
18 91
18 94
18 98
18 99
18 106
18 107
18 109
18 111
18 112
18 113
18 124
18 126
18 132
18 134
18 139
18 146
18 148
18 154
18 156
18 166
18 167
18 168
18 169
18 171
18 173
18 191
18 192
18 194
18 196
18 197
18 198
18 203
18 204
18 205
18 206
18 207
18 212
18 214
18 216
18 218
18 220
18 228
18 233
18 236
18 242
18 243
18 245
18 250
18 253
18 254
18 258
18 262
18 263
18 269
18 272
18 273
18 275
18 276
18 277
18 284
18 293
18 297
18 298
18 299
19 21
19 26
19 37
19 40
19 50
19 51
19 55
19 57
19 58
19 59
19 64
19 65
19 67
19 69
19 71
19 73
19 74
19 75
19 76
19 80
19 89
19 92
19 100
19 101
19 109
19 110
19 114
19 115
19 116
19 121
19 125
19 129
19 132
19 133
19 134
19 135
19 137
19 156
19 161
19 163
19 173
19 174
19 176
19 179
19 181
19 183
19 185
19 186
19 190
19 193
19 194
19 196
19 209
19 219
19 222
19 223
19 224
19 226
19 227
19 231
19 232
19 238
19 239
19 243
19 246
19 248
19 253
19 260
19 264
19 265
19 266
19 268
19 271
19 272
19 273
19 275
19 277
19 279
19 286
19 287
19 290
19 291
19 296
20 23
20 24
20 28
20 29
20 31
20 34
20 35
20 36
20 37
20 41
20 42
20 50
20 54
20 55
20 57
20 67
20 72
20 73
20 76
20 79
20 84
20 85
20 87
20 88
20 97
20 104
20 112
20 117
20 121
20 122
20 123
20 125
20 126
20 139
20 142
20 146
20 149
20 161
20 163
20 165
20 166
20 171
20 176
20 178
20 180
20 181
20 182
20 183
20 191
20 192
20 197
20 201
20 204
20 205
20 206
20 212
20 213
20 217
20 220
20 223
20 238
20 247
20 249
20 251
20 253
20 255
20 256
20 262
20 266
20 267
20 271
20 272
20 276
20 277
20 278
20 285
20 293
20 294
21 23
21 28
21 29
21 30
21 32
21 33
21 35
21 38
21 42
21 44
21 45
21 47
21 48
21 51
21 52
21 54
21 58
21 59
21 68
21 69
21 83
21 85
21 87
21 90
21 92
21 93
21 95
21 99
21 100
21 111
21 114
21 122
21 123
21 130
21 134
21 135
21 139
21 140
21 142
21 148
21 151
21 152
21 154
21 161
21 162
21 176
21 180
21 187
21 191
21 193
21 195
21 197
21 199
21 200
21 207
21 210
21 212
21 216
21 220
21 222
21 224
21 225
21 242
21 243
21 244
21 252
21 253
21 256
21 260
21 263
21 266
21 267
21 274
21 281
21 282
21 287
21 291
21 296
21 297
21 298
22 27
22 28
22 32
22 36
22 37
22 42
22 47
22 48
22 49
22 51
22 52
22 53
22 54
22 58
22 59
22 61
22 64
22 65
22 67
22 72
22 74
22 78
22 79
22 81
22 87
22 91
22 92
22 93
22 99
22 103
22 104
22 113
22 115
22 120
22 121
22 127
22 129
22 130
22 136
22 139
22 146
22 152
22 153
22 154
22 155
22 157
22 160
22 164
22 165
22 166
22 167
22 169
22 171
22 172
22 177
22 178
22 182
22 185
22 187
22 188
22 193
22 197
22 200
22 204
22 207
22 210
22 211
22 222
22 225
22 231
22 233
22 234
22 236
22 238
22 240
22 241
22 242
22 245
22 246
22 248
22 251
22 257
22 260
22 263
22 265
22 266
22 269
22 271
22 272
22 274
22 275
22 276
22 277
22 279
22 285
22 287
22 292
22 298
23 32
23 34
23 42
23 44
23 45
23 47
23 49
23 51
23 52
23 58
23 64
23 67
23 76
23 78
23 80
23 82
23 84
23 86
23 88
23 91
23 94
23 95
23 97
23 99
23 113
23 116
23 124
23 130
23 131
23 140
23 144
23 145
23 150
23 154
23 155
23 157
23 159
23 161
23 167
23 169
23 174
23 176
23 178
23 180
23 183
23 184
23 185
23 187
23 189
23 190
23 192
23 197
23 202
23 203
23 206
23 213
23 218
23 222
23 224
23 225
23 233
23 234
23 237
23 241
23 247
23 249
23 250
23 252
23 257
23 263
23 265
23 267
23 273
23 274
23 276
23 284
23 289
23 290
23 293
23 295
23 298
24 34
24 35
24 36
24 38
24 41
24 47
24 51
24 62
24 68
24 69
24 73
24 83
24 86
24 95
24 98
24 109
24 112
24 117
24 126
24 128
24 132
24 135
24 136
24 138
24 141
24 143
24 153
24 155
24 157
24 158
24 165
24 167
24 171
24 174
24 178
24 179
24 180
24 181
24 183
24 185
24 190
24 199
24 201
24 202
24 204
24 209
24 211
24 220
24 224
24 238
24 239
24 240
24 241
24 244
24 245
24 246
24 247
24 251
24 254
24 258
24 259
24 268
24 271
24 272
24 274
24 275
24 277
24 279
24 285
24 288
24 289
24 295
24 296
24 298
25 26
25 32
25 48
25 51
25 55
25 56
25 58
25 61
25 65
25 68
25 71
25 72
25 73
25 75
25 76
25 77
25 78
25 80
25 82
25 84
25 92
25 96
25 99
25 101
25 102
25 106
25 114
25 117
25 119
25 120
25 122
25 123
25 126
25 131
25 135
25 138
25 144
25 148
25 153
25 154
25 155
25 160
25 161
25 162
25 165
25 166
25 170
25 171
25 172
25 173
25 174
25 175
25 176
25 181
25 202
25 208
25 211
25 227
25 234
25 235
25 237
25 239
25 241
25 249
25 253
25 254
25 262
25 265
25 266
25 267
25 269
25 271
25 273
25 274
25 281
25 283
25 284
25 285
25 289
25 292
25 294
25 299
26 33
26 38
26 41
26 43
26 47
26 55
26 56
26 57
26 58
26 59
26 62
26 69
26 71
26 72
26 78
26 85
26 87
26 88
26 93
26 95
26 98
26 102
26 105
26 108
26 109
26 112
26 113
26 114
26 116
26 118
26 120
26 121
26 122
26 123
26 125
26 128
26 132
26 136
26 138
26 147
26 154
26 155
26 166
26 167
26 171
26 178
26 181
26 185
26 186
26 189
26 192
26 198
26 203
26 210
26 213
26 218
26 219
26 223
26 229
26 235
26 236
26 237
26 238
26 239
26 242
26 245
26 247
26 249
26 253
26 255
26 256
26 259
26 261
26 266
26 267
26 269
26 270
26 271
26 273
26 277
26 286
26 290
26 294
26 295
26 298
27 39
27 43
27 55
27 56
27 58
27 59
27 60
27 61
27 63
27 64
27 66
27 72
27 73
27 74
27 77
27 79
27 80
27 82
27 92
27 93
27 97
27 98
27 99
27 103
27 106
27 110
27 112
27 114
27 118
27 123
27 127
27 135
27 136
27 138
27 139
27 141
27 142
27 146
27 148
27 149
27 154
27 155
27 156
27 158
27 166
27 173
27 175
27 176
27 182
27 183
27 187
27 188
27 191
27 192
27 194
27 196
27 197
27 200
27 202
27 208
27 210
27 217
27 219
27 220
27 228
27 233
27 236
27 237
27 244
27 250
27 252
27 253
27 254
27 255
27 259
27 260
27 263
27 265
27 266
27 269
27 270
27 276
27 279
27 283
27 285
27 288
27 292
27 293
27 294
28 32
28 36
28 40
28 41
28 45
28 46
28 50
28 54
28 65
28 68
28 70
28 73
28 81
28 84
28 85
28 86
28 87
28 88
28 90
28 92
28 94
28 97
28 99
28 105
28 108
28 112
28 113
28 114
28 116
28 125
28 128
28 129
28 130
28 132
28 134
28 136
28 138
28 139
28 141
28 144
28 146
28 148
28 153
28 154
28 155
28 157
28 161
28 163
28 164
28 169
28 173
28 175
28 177
28 181
28 183
28 185
28 191
28 195
28 196
28 197
28 198
28 201
28 203
28 208
28 209
28 210
28 214
28 218
28 220
28 222
28 228
28 233
28 240
28 241
28 243
28 246
28 248
28 252
28 256
28 260
28 262
28 265
28 266
28 268
28 269
28 272
28 273
28 282
28 285
28 286
28 296
28 298
29 30
29 32
29 36
29 46
29 47
29 52
29 54
29 55
29 57
29 59
29 62
29 63
29 65
29 70
29 78
29 81
29 85
29 90
29 94
29 96
29 98
29 108
29 109
29 110
29 112
29 113
29 117
29 119
29 121
29 122
29 123
29 124
29 127
29 128
29 131
29 140
29 141
29 142
29 143
29 147
29 162
29 167
29 173
29 175
29 184
29 190
29 196
29 200
29 207
29 209
29 211
29 217
29 224
29 225
29 227
29 230
29 232
29 235
29 236
29 238
29 240
29 246
29 251
29 257
29 259
29 268
29 281
29 283
29 290
29 294
29 297
30 33
30 35
30 39
30 40
30 43
30 46
30 47
30 48
30 56
30 60
30 63
30 70
30 74
30 80
30 81
30 82
30 84
30 88
30 95
30 97
30 100
30 103
30 104
30 110
30 111
30 112
30 119
30 121
30 122
30 126
30 127
30 133
30 134
30 140
30 144
30 145
30 147
30 151
30 155
30 156
30 159
30 164
30 167
30 168
30 169
30 171
30 174
30 180
30 185
30 186
30 194
30 197
30 204
30 215
30 219
30 220
30 225
30 235
30 236
30 237
30 238
30 239
30 242
30 249
30 252
30 253
30 260
30 262
30 264
30 269
30 277
30 281
30 282
30 290
30 291
30 293
30 295
30 298
31 40
31 43
31 45
31 49
31 50
31 52
31 53
31 60
31 63
31 64
31 67
31 70
31 72
31 76
31 83
31 86
31 90
31 91
31 92
31 96
31 99
31 103
31 104
31 111
31 112
31 126
31 138
31 139
31 141
31 145
31 147
31 158
31 159
31 164
31 167
31 173
31 183
31 184
31 191
31 193
31 197
31 199
31 201
31 202
31 203
31 209
31 220
31 224
31 230
31 235
31 236
31 240
31 252
31 253
31 267
31 272
31 273
31 275
31 277
31 279
31 284
31 286
31 287
31 291
31 294
31 295
31 297
31 299
32 33
32 35
32 36
32 38
32 40
32 45
32 46
32 48
32 49
32 52
32 56
32 57
32 60
32 65
32 66
32 68
32 77
32 78
32 79
32 83
32 91
32 92
32 100
32 103
32 107
32 109
32 110
32 111
32 112
32 117
32 118
32 126
32 130
32 134
32 140
32 146
32 150
32 151
32 155
32 160
32 165
32 171
32 172
32 173
32 177
32 180
32 182
32 184
32 187
32 189
32 196
32 197
32 200
32 201
32 202
32 205
32 206
32 208
32 209
32 212
32 214
32 217
32 219
32 221
32 229
32 230
32 234
32 240
32 244
32 248
32 256
32 260
32 262
32 263
32 271
32 274
32 275
32 276
32 278
32 279
32 284
32 290
32 291
32 292
32 293
32 296
32 298
32 299
33 40
33 41
33 42
33 50
33 57
33 59
33 62
33 66
33 74
33 83
33 92
33 94
33 95
33 96
33 97
33 112
33 113
33 114
33 115
33 117
33 119
33 121
33 134
33 136
33 137
33 138
33 139
33 142
33 153
33 155
33 158
33 160
33 161
33 164
33 165
33 166
33 167
33 169
33 173
33 176
33 184
33 186
33 187
33 189
33 191
33 192
33 196
33 200
33 204
33 206
33 207
33 210
33 211
33 214
33 216
33 217
33 221
33 222
33 223
33 224
33 225
33 228
33 233
33 234
33 240
33 242
33 248
33 249
33 261
33 265
33 267
33 271
33 275
33 278
33 290
33 292
33 293
33 295
33 296
33 298
33 299
34 39
34 40
34 42
34 43
34 50
34 52
34 53
34 54
34 57
34 62
34 64
34 74
34 75
34 76
34 85
34 86
34 87
34 88
34 90
34 94
34 95
34 101
34 106
34 109
34 111
34 114
34 118
34 125
34 130
34 133
34 136
34 138
34 144
34 145
34 147
34 149
34 154
34 155
34 158
34 159
34 164
34 167
34 172
34 177
34 178
34 179
34 181
34 182
34 186
34 188
34 189
34 192
34 195
34 196
34 206
34 211
34 216
34 221
34 222
34 225
34 228
34 229
34 232
34 235
34 236
34 239
34 245
34 261
34 268
34 272
34 279
34 284
34 285
34 287
34 288
34 290
34 296
35 44
35 45
35 46
35 47
35 51
35 52
35 61
35 63
35 69
35 73
35 74
35 80
35 83
35 91
35 100
35 102
35 106
35 108
35 114
35 115
35 119
35 123
35 129
35 131
35 132
35 136
35 138
35 140
35 142
35 143
35 146
35 148
35 149
35 152
35 153
35 154
35 157
35 158
35 159
35 161
35 163
35 166
35 168
35 170
35 171
35 173
35 176
35 177
35 179
35 191
35 193
35 196
35 197
35 201
35 203
35 208
35 211
35 215
35 216
35 223
35 225
35 229
35 236
35 237
35 238
35 244
35 246
35 247
35 248
35 249
35 255
35 264
35 266
35 267
35 268
35 269
35 270
35 276
35 284
35 285
35 287
35 292
35 293
35 294
35 299
36 39
36 41
36 42
36 43
36 45
36 48
36 52
36 56
36 58
36 60
36 61
36 62
36 65
36 67
36 73
36 79
36 81
36 82
36 86
36 87
36 90
36 93
36 95
36 101
36 103
36 123
36 124
36 126
36 131
36 134
36 139
36 145
36 148
36 152
36 153
36 159
36 161
36 165
36 167
36 173
36 177
36 178
36 184
36 185
36 187
36 188
36 189
36 191
36 198
36 201
36 204
36 208
36 210
36 218
36 224
36 226
36 234
36 237
36 245
36 247
36 248
36 249
36 250
36 253
36 254
36 256
36 270
36 272
36 278
36 284
36 287
36 288
36 291
37 39
37 41
37 46
37 47
37 48
37 52
37 54
37 56
37 64
37 72
37 74
37 76
37 77
37 81
37 82
37 83
37 84
37 86
37 92
37 97
37 100
37 101
37 104
37 110
37 113
37 115
37 117
37 118
37 119
37 123
37 130
37 134
37 137
37 142
37 151
37 155
37 156
37 162
37 166
37 173
37 175
37 181
37 183
37 186
37 193
37 201
37 202
37 205
37 207
37 209
37 213
37 214
37 222
37 225
37 226
37 227
37 232
37 242
37 243
37 246
37 248
37 249
37 253
37 254
37 255
37 261
37 263
37 266
37 269
37 274
37 275
37 279
37 281
37 287
37 293
37 296
38 39
38 45
38 52
38 53
38 56
38 59
38 62
38 63
38 65
38 67
38 68
38 70
38 74
38 79
38 81
38 83
38 89
38 90
38 93
38 94
38 95
38 99
38 100
38 108
38 109
38 110
38 113
38 115
38 117
38 118
38 120
38 122
38 124
38 125
38 128
38 129
38 132
38 140
38 144
38 154
38 156
38 159
38 160
38 162
38 166
38 168
38 172
38 173
38 174
38 176
38 179
38 184
38 188
38 189
38 200
38 204
38 206
38 210
38 211
38 213
38 224
38 226
38 229
38 236
38 237
38 244
38 248
38 264
38 273
38 280
38 283
38 285
38 290
38 294
38 296
39 56
39 60
39 61
39 63
39 65
39 66
39 67
39 68
39 71
39 72
39 74
39 80
39 82
39 84
39 85
39 89
39 92
39 96
39 97
39 102
39 103
39 105
39 108
39 112
39 113
39 120
39 121
39 124
39 125
39 135
39 136
39 138
39 142
39 154
39 161
39 166
39 170
39 172
39 175
39 176
39 177
39 182
39 185
39 187
39 188
39 189
39 190
39 191
39 194
39 202
39 213
39 215
39 216
39 217
39 218
39 220
39 225
39 227
39 230
39 231
39 233
39 238
39 241
39 250
39 262
39 263
39 267
39 274
39 275
39 276
39 278
39 283
39 289
39 290
39 291
39 294
39 296
39 298
40 41
40 42
40 43
40 45
40 47
40 48
40 51
40 52
40 57
40 64
40 65
40 66
40 67
40 70
40 71
40 73
40 81
40 86
40 88
40 94
40 97
40 98
40 100
40 102
40 103
40 106
40 107
40 109
40 111
40 114
40 116
40 123
40 127
40 128
40 129
40 132
40 133
40 134
40 144
40 147
40 151
40 155
40 156
40 158
40 166
40 167
40 168
40 169
40 170
40 171
40 173
40 176
40 179
40 182
40 187
40 193
40 194
40 198
40 199
40 209
40 211
40 219
40 220
40 222
40 225
40 235
40 246
40 248
40 251
40 254
40 256
40 259
40 276
40 277
40 280
40 282
40 286
40 287
40 288
40 290
40 291
40 292
40 297
41 48
41 51
41 53
41 55
41 57
41 62
41 65
41 66
41 67
41 70
41 73
41 79
41 81
41 83
41 84
41 85
41 87
41 91
41 96
41 101
41 103
41 111
41 114
41 116
41 119
41 123
41 125
41 127
41 133
41 134
41 135
41 139
41 140
41 141
41 148
41 149
41 153
41 154
41 155
41 156
41 157
41 161
41 171
41 173
41 174
41 175
41 176
41 179
41 180
41 181
41 182
41 197
41 198
41 207
41 208
41 216
41 221
41 222
41 228
41 229
41 232
41 241
41 246
41 254
41 256
41 259
41 262
41 265
41 267
41 274
41 275
41 277
41 278
41 287
41 289
41 290
41 293
41 296
41 299
42 46
42 49
42 59
42 61
42 66
42 67
42 70
42 72
42 75
42 77
42 78
42 81
42 88
42 98
42 100
42 102
42 114
42 117
42 119
42 124
42 127
42 132
42 135
42 137
42 143
42 147
42 148
42 154
42 156
42 157
42 159
42 160
42 162
42 170
42 175
42 179
42 180
42 186
42 188
42 191
42 192
42 194
42 198
42 203
42 210
42 211
42 216
42 222
42 224
42 226
42 227
42 232
42 233
42 235
42 241
42 245
42 248
42 249
42 259
42 266
42 267
42 268
42 270
42 275
42 279
42 280
42 289
42 291
42 292
42 294
42 296
43 45
43 47
43 49
43 58
43 59
43 60
43 70
43 72
43 74
43 76
43 85
43 87
43 89
43 91
43 93
43 100
43 102
43 106
43 109
43 112
43 115
43 118
43 122
43 123
43 126
43 127
43 129
43 132
43 133
43 141
43 147
43 158
43 162
43 164
43 169
43 172
43 173
43 175
43 182
43 184
43 188
43 193
43 196
43 197
43 204
43 210
43 217
43 221
43 222
43 224
43 226
43 227
43 230
43 237
43 240
43 241
43 243
43 244
43 245
43 249
43 250
43 255
43 256
43 258
43 261
43 263
43 266
43 271
43 273
43 276
43 282
43 289
44 46
44 49
44 55
44 56
44 61
44 62
44 64
44 66
44 67
44 68
44 69
44 73
44 74
44 75
44 77
44 81
44 86
44 88
44 93
44 97
44 99
44 100
44 104
44 105
44 106
44 107
44 114
44 119
44 120
44 123
44 130
44 132
44 133
44 136
44 138
44 145
44 149
44 150
44 155
44 160
44 161
44 163
44 171
44 173
44 185
44 186
44 193
44 212
44 215
44 218
44 224
44 225
44 228
44 237
44 241
44 242
44 244
44 245
44 248
44 249
44 251
44 256
44 259
44 263
44 268
44 274
44 276
44 278
44 279
44 286
44 289
44 293
44 295
44 296
45 46
45 47
45 50
45 54
45 55
45 57
45 58
45 59
45 60
45 62
45 66
45 69
45 72
45 75
45 81
45 82
45 86
45 91
45 92
45 95
45 101
45 102
45 108
45 110
45 111
45 118
45 121
45 124
45 130
45 133
45 151
45 154
45 155
45 156
45 159
45 161
45 164
45 168
45 170
45 171
45 174
45 175
45 177
45 181
45 193
45 195
45 196
45 199
45 201
45 202
45 203
45 206
45 211
45 212
45 217
45 219
45 221
45 224
45 227
45 233
45 239
45 242
45 243
45 246
45 249
45 250
45 252
45 253
45 256
45 257
45 261
45 276
45 278
45 280
45 285
45 286
45 287
45 290
45 291
45 297
46 49
46 50
46 54
46 60
46 66
46 68
46 70
46 72
46 73
46 74
46 75
46 79
46 84
46 86
46 94
46 96
46 97
46 105
46 110
46 112
46 113
46 114
46 115
46 117
46 118
46 125
46 127
46 131
46 140
46 141
46 145
46 148
46 150
46 155
46 156
46 160
46 163
46 170
46 171
46 172
46 173
46 178
46 181
46 185
46 187
46 190
46 194
46 197
46 198
46 199
46 200
46 202
46 204
46 207
46 209
46 210
46 213
46 216
46 220
46 222
46 224
46 226
46 228
46 229
46 230
46 234
46 240
46 242
46 245
46 246
46 250
46 256
46 259
46 261
46 267
46 272
46 276
46 277
46 279
46 284
46 285
46 290
47 58
47 62
47 65
47 68
47 70
47 77
47 80
47 84
47 85
47 89
47 92
47 94
47 97
47 98
47 100
47 101
47 106
47 108
47 113
47 114
47 118
47 121
47 123
47 124
47 129
47 131
47 144
47 147
47 149
47 150
47 152
47 153
47 154
47 158
47 172
47 173
47 176
47 178
47 180
47 185
47 189
47 193
47 200
47 204
47 207
47 209
47 211
47 213
47 215
47 217
47 222
47 224
47 227
47 231
47 233
47 237
47 242
47 247
47 252
47 253
47 256
47 262
47 263
47 265
47 268
47 269
47 270
47 271
47 274
47 275
47 277
47 278
47 279
47 280
47 281
47 283
47 289
47 294
47 297
48 52
48 54
48 55
48 56
48 66
48 70
48 71
48 73
48 82
48 84
48 85
48 86
48 87
48 97
48 102
48 103
48 104
48 107
48 115
48 120
48 121
48 123
48 127
48 128
48 129
48 130
48 133
48 135
48 136
48 137
48 140
48 142
48 146
48 148
48 153
48 160
48 161
48 164
48 166
48 174
48 178
48 183
48 189
48 193
48 196
48 197
48 198
48 200
48 203
48 208
48 209
48 210
48 212
48 213
48 215
48 217
48 220
48 221
48 222
48 226
48 227
48 234
48 247
48 250
48 253
48 255
48 258
48 259
48 268
48 270
48 271
48 276
48 277
48 279
48 287
48 289
48 294
48 295
49 50
49 53
49 62
49 66
49 74
49 75
49 76
49 82
49 84
49 94
49 99
49 103
49 107
49 113
49 118
49 123
49 126
49 127
49 131
49 136
49 137
49 141
49 142
49 143
49 145
49 148
49 157
49 163
49 164
49 170
49 175
49 183
49 185
49 191
49 192
49 194
49 199
49 202
49 210
49 217
49 219
49 227
49 232
49 234
49 235
49 236
49 237
49 239
49 241
49 244
49 245
49 247
49 248
49 250
49 251
49 260
49 267
49 271
49 274
49 275
49 283
49 284
49 286
49 287
49 289
49 290
49 294
50 51
50 52
50 56
50 60
50 61
50 64
50 66
50 67
50 70
50 71
50 73
50 76
50 78
50 81
50 82
50 83
50 85
50 87
50 89
50 96
50 98
50 101
50 102
50 103
50 108
50 113
50 116
50 119
50 121
50 122
50 123
50 124
50 125
50 126
50 130
50 132
50 133
50 135
50 138
50 139
50 143
50 149
50 150
50 151
50 158
50 165
50 169
50 171
50 173
50 175
50 176
50 184
50 190
50 194
50 195
50 196
50 200
50 201
50 205
50 208
50 209
50 213
50 214
50 218
50 220
50 222
50 226
50 231
50 232
50 234
50 251
50 257
50 258
50 261
50 265
50 270
50 271
50 274
50 279
50 280
50 281
50 283
50 287
50 288
50 291
50 293
50 297
50 298
51 52
51 55
51 56
51 58
51 61
51 64
51 73
51 74
51 78
51 87
51 88
51 91
51 94
51 97
51 98
51 100
51 101
51 103
51 106
51 108
51 112
51 116
51 117
51 121
51 123
51 127
51 135
51 137
51 138
51 142
51 144
51 146
51 150
51 151
51 153
51 155
51 158
51 164
51 165
51 172
51 174
51 178
51 180
51 181
51 185
51 186
51 189
51 190
51 193
51 197
51 198
51 199
51 204
51 207
51 209
51 211
51 214
51 215
51 223
51 224
51 227
51 231
51 232
51 238
51 239
51 240
51 244
51 250
51 251
51 254
51 258
51 259
51 265
51 271
51 277
51 282
51 288
51 291
51 292
51 294
51 295
51 298
51 299
52 56
52 59
52 61
52 63
52 65
52 66
52 69
52 71
52 78
52 80
52 84
52 90
52 91
52 106
52 109
52 112
52 115
52 122
52 129
52 133
52 136
52 143
52 145
52 147
52 150
52 151
52 153
52 154
52 155
52 156
52 162
52 170
52 176
52 177
52 178
52 180
52 184
52 187
52 195
52 196
52 199
52 202
52 203
52 205
52 207
52 209
52 211
52 217
52 219
52 223
52 227
52 229
52 232
52 233
52 234
52 240
52 244
52 245
52 256
52 260
52 262
52 272
52 276
52 277
52 283
52 285
52 290
52 291
53 56
53 57
53 59
53 61
53 75
53 77
53 82
53 84
53 85
53 89
53 90
53 91
53 101
53 102
53 105
53 106
53 109
53 112
53 115
53 116
53 117
53 119
53 120
53 124
53 125
53 127
53 130
53 132
53 148
53 151
53 160
53 161
53 171
53 175
53 176
53 181
53 183
53 185
53 192
53 203
53 206
53 212
53 213
53 217
53 218
53 219
53 221
53 222
53 224
53 226
53 233
53 238
53 239
53 242
53 247
53 248
53 251
53 256
53 258
53 260
53 263
53 265
53 273
53 275
53 282
53 284
53 285
53 292
53 293
53 294
54 58
54 60
54 61
54 62
54 65
54 71
54 75
54 77
54 79
54 83
54 91
54 98
54 103
54 105
54 111
54 117
54 122
54 125
54 130
54 136
54 139
54 141
54 142
54 144
54 145
54 151
54 160
54 161
54 166
54 170
54 171
54 173
54 177
54 180
54 181
54 182
54 185
54 186
54 190
54 191
54 193
54 195
54 196
54 199
54 201
54 203
54 205
54 215
54 218
54 221
54 222
54 227
54 232
54 241
54 244
54 245
54 247
54 248
54 249
54 250
54 251
54 268
54 269
54 271
54 272
54 274
54 278
54 281
54 282
54 285
54 291
54 299
55 59
55 61
55 65
55 67
55 69
55 73
55 77
55 80
55 83
55 85
55 88
55 89
55 90
55 93
55 95
55 96
55 97
55 98
55 108
55 126
55 127
55 130
55 133
55 139
55 142
55 150
55 151
55 156
55 158
55 161
55 162
55 166
55 167
55 174
55 175
55 180
55 184
55 186
55 191
55 196
55 201
55 206
55 209
55 219
55 226
55 228
55 234
55 235
55 236
55 241
55 246
55 249
55 251
55 254
55 255
55 260
55 262
55 274
55 279
55 283
55 292
55 295
55 296
56 58
56 61
56 62
56 69
56 80
56 84
56 85
56 87
56 91
56 98
56 100
56 105
56 106
56 107
56 112
56 113
56 116
56 121
56 126
56 135
56 143
56 145
56 152
56 157
56 160
56 164
56 165
56 168
56 171
56 173
56 191
56 192
56 197
56 198
56 203
56 206
56 209
56 213
56 219
56 223
56 224
56 225
56 234
56 236
56 237
56 239
56 240
56 245
56 250
56 257
56 259
56 261
56 262
56 263
56 266
56 268
56 271
56 272
56 278
56 283
56 288
56 292
56 297
57 58
57 62
57 64
57 68
57 71
57 72
57 77
57 81
57 86
57 88
57 94
57 99
57 101
57 102
57 109
57 120
57 121
57 122
57 123
57 125
57 128
57 130
57 132
57 135
57 154
57 157
57 162
57 167
57 168
57 170
57 173
57 176
57 188
57 190
57 191
57 198
57 199
57 201
57 207
57 213
57 219
57 223
57 226
57 229
57 233
57 234
57 236
57 238
57 246
57 247
57 249
57 250
57 253
57 254
57 255
57 256
57 272
57 273
57 279
57 285
57 286
57 289
57 290
57 291
57 292
57 294
58 59
58 65
58 66
58 67
58 73
58 74
58 77
58 81
58 83
58 84
58 87
58 89
58 90
58 92
58 95
58 98
58 99
58 100
58 103
58 106
58 110
58 115
58 123
58 124
58 126
58 133
58 136
58 137
58 141
58 143
58 146
58 152
58 153
58 157
58 163
58 167
58 172
58 177
58 180
58 183
58 189
58 191
58 202
58 203
58 208
58 210
58 211
58 212
58 213
58 216
58 217
58 218
58 219
58 221
58 223
58 230
58 235
58 236
58 238
58 240
58 242
58 243
58 244
58 248
58 251
58 254
58 255
58 259
58 265
58 267
58 268
58 270
58 273
58 280
58 282
58 285
58 286
58 290
58 292
58 294
58 296
59 66
59 75
59 78
59 82
59 83
59 84
59 86
59 88
59 92
59 105
59 108
59 112
59 113
59 114
59 116
59 120
59 123
59 124
59 129
59 136
59 139
59 140
59 144
59 148
59 149
59 167
59 168
59 170
59 171
59 172
59 175
59 177
59 178
59 179
59 180
59 183
59 184
59 189
59 190
59 193
59 199
59 201
59 205
59 211
59 214
59 220
59 226
59 232
59 233
59 235
59 236
59 237
59 241
59 244
59 245
59 248
59 272
59 274
59 277
59 279
59 280
59 282
59 289
59 293
59 295
60 64
60 68
60 73
60 78
60 80
60 83
60 84
60 85
60 86
60 87
60 97
60 100
60 101
60 102
60 107
60 109
60 110
60 123
60 127
60 132
60 133
60 134
60 142
60 147
60 149
60 150
60 152
60 153
60 154
60 156
60 159
60 163
60 165
60 172
60 176
60 178
60 181
60 190
60 191
60 194
60 196
60 207
60 209
60 211
60 213
60 219
60 220
60 223
60 245
60 246
60 249
60 250
60 251
60 254
60 258
60 259
60 261
60 264
60 265
60 267
60 269
60 270
60 276
60 277
60 279
60 280
60 282
60 284
60 287
60 288
60 291
60 292
61 62
61 71
61 73
61 74
61 75
61 77
61 80
61 81
61 84
61 85
61 87
61 94
61 95
61 97
61 98
61 104
61 107
61 112
61 117
61 118
61 121
61 123
61 129
61 130
61 133
61 134
61 138
61 142
61 161
61 162
61 163
61 164
61 169
61 177
61 184
61 188
61 193
61 194
61 195
61 200
61 203
61 204
61 205
61 213
61 215
61 216
61 226
61 231
61 234
61 247
61 248
61 249
61 250
61 257
61 263
61 267
61 268
61 269
61 271
61 273
61 281
61 282
61 283
61 284
61 286
61 287
61 289
61 290
61 293
61 295
62 64
62 67
62 70
62 71
62 79
62 93
62 95
62 96
62 100
62 103
62 104
62 109
62 113
62 120
62 124
62 127
62 131
62 133
62 139
62 140
62 141
62 148
62 152
62 160
62 166
62 173
62 174
62 176
62 181
62 182
62 184
62 187
62 189
62 197
62 201
62 202
62 203
62 205
62 208
62 210
62 211
62 212
62 218
62 222
62 236
62 237
62 241
62 242
62 243
62 246
62 247
62 248
62 250
62 253
62 256
62 258
62 259
62 260
62 265
62 267
62 268
62 269
62 273
62 275
62 281
62 283
62 284
62 285
62 293
62 295
62 299
63 64
63 69
63 72
63 74
63 77
63 82
63 83
63 86
63 88
63 94
63 97
63 99
63 100
63 102
63 104
63 106
63 108
63 112
63 114
63 123
63 127
63 130
63 132
63 135
63 143
63 146
63 148
63 155
63 159
63 160
63 162
63 166
63 169
63 170
63 172
63 173
63 178
63 179
63 180
63 181
63 184
63 189
63 191
63 193
63 196
63 200
63 202
63 204
63 206
63 210
63 218
63 219
63 225
63 227
63 228
63 231
63 232
63 242
63 243
63 246
63 250
63 253
63 259
63 263
63 264
63 269
63 270
63 272
63 275
63 280
63 282
63 285
63 288
63 296
63 297
64 69
64 71
64 72
64 73
64 77
64 84
64 86
64 97
64 103
64 104
64 107
64 109
64 110
64 112
64 113
64 115
64 117
64 125
64 126
64 127
64 131
64 136
64 137
64 138
64 148
64 149
64 153
64 155
64 156
64 157
64 158
64 159
64 160
64 161
64 165
64 166
64 171
64 172
64 177
64 180
64 181
64 190
64 198
64 199
64 202
64 206
64 211
64 213
64 214
64 219
64 222
64 230
64 237
64 238
64 244
64 245
64 248
64 261
64 267
64 272
64 275
64 280
64 281
64 282
64 284
64 287
65 66
65 67
65 72
65 75
65 89
65 96
65 101
65 102
65 104
65 108
65 111
65 118
65 120
65 121
65 122
65 123
65 129
65 130
65 134
65 137
65 138
65 140
65 142
65 144
65 148
65 151
65 158
65 162
65 166
65 167
65 175
65 179
65 186
65 192
65 194
65 195
65 199
65 203
65 207
65 208
65 210
65 212
65 214
65 219
65 233
65 234
65 242
65 250
65 263
65 267
65 269
65 270
65 271
65 272
65 274
65 277
65 286
65 287
65 288
65 289
65 291
65 294
65 298
66 69
66 70
66 73
66 75
66 76
66 78
66 81
66 82
66 84
66 88
66 90
66 97
66 102
66 104
66 107
66 109
66 122
66 124
66 127
66 131
66 133
66 134
66 138
66 140
66 142
66 146
66 147
66 148
66 149
66 150
66 154
66 157
66 158
66 159
66 161
66 165
66 166
66 167
66 169
66 171
66 172
66 181
66 183
66 184
66 185
66 186
66 187
66 189
66 195
66 197
66 200
66 202
66 206
66 208
66 211
66 217
66 218
66 222
66 223
66 227
66 228
66 230
66 232
66 233
66 236
66 239
66 246
66 249
66 252
66 254
66 256
66 258
66 260
66 278
66 281
66 282
66 283
66 284
66 291
66 292
66 298
66 299
67 70
67 71
67 81
67 83
67 87
67 88
67 89
67 90
67 104
67 108
67 109
67 116
67 122
67 124
67 125
67 126
67 132
67 137
67 138
67 140
67 142
67 143
67 144
67 149
67 150
67 153
67 154
67 163
67 164
67 165
67 166
67 167
67 168
67 169
67 175
67 176
67 177
67 182
67 183
67 184
67 189
67 191
67 197
67 199
67 200
67 208
67 210
67 223
67 229
67 231
67 232
67 234
67 235
67 237
67 241
67 242
67 245
67 255
67 265
67 266
67 267
67 273
67 277
67 278
67 280
67 282
67 284
67 285
67 291
67 299
68 73
68 75
68 76
68 78
68 81
68 82
68 86
68 88
68 90
68 94
68 95
68 96
68 98
68 101
68 107
68 110
68 115
68 119
68 124
68 126
68 129
68 131
68 136
68 138
68 140
68 142
68 143
68 147
68 152
68 153
68 155
68 158
68 161
68 162
68 164
68 165
68 166
68 169
68 185
68 187
68 191
68 194
68 198
68 204
68 205
68 208
68 209
68 213
68 214
68 217
68 219
68 224
68 227
68 229
68 231
68 233
68 236
68 239
68 240
68 241
68 245
68 246
68 249
68 250
68 255
68 256
68 260
68 262
68 263
68 268
68 272
68 274
68 280
68 284
68 287
68 294
68 295
68 297
69 70
69 74
69 76
69 95
69 98
69 103
69 104
69 107
69 112
69 114
69 117
69 118
69 120
69 128
69 130
69 133
69 138
69 144
69 148
69 149
69 150
69 151
69 152
69 158
69 159
69 162
69 163
69 165
69 166
69 167
69 170
69 171
69 174
69 176
69 180
69 181
69 185
69 186
69 187
69 188
69 191
69 192
69 195
69 197
69 199
69 200
69 207
69 212
69 214
69 216
69 219
69 222
69 233
69 235
69 236
69 237
69 240
69 241
69 247
69 257
69 264
69 266
69 269
69 279
69 284
69 286
69 288
69 292
69 294
69 299
70 79
70 80
70 83
70 84
70 87
70 89
70 92
70 94
70 96
70 101
70 106
70 108
70 112
70 113
70 114
70 115
70 116
70 118
70 119
70 123
70 126
70 134
70 137
70 138
70 140
70 141
70 143
70 147
70 148
70 149
70 157
70 158
70 170
70 171
70 172
70 176
70 178
70 183
70 185
70 186
70 188
70 190
70 192
70 197
70 198
70 200
70 203
70 210
70 212
70 224
70 225
70 226
70 227
70 228
70 239
70 241
70 248
70 253
70 254
70 257
70 260
70 261
70 264
70 276
70 281
70 283
70 290
70 293
70 295
70 296
70 298
71 72
71 74
71 81
71 83
71 84
71 85
71 86
71 87
71 91
71 101
71 103
71 105
71 108
71 109
71 111
71 113
71 120
71 125
71 126
71 132
71 133
71 136
71 139
71 141
71 151
71 154
71 159
71 162
71 167
71 175
71 180
71 184
71 196
71 197
71 201
71 202
71 205
71 206
71 207
71 209
71 211
71 212
71 213
71 217
71 222
71 225
71 226
71 227
71 229
71 230
71 232
71 235
71 239
71 249
71 251
71 252
71 254
71 258
71 263
71 264
71 265
71 269
71 277
71 280
71 285
71 286
71 287
71 288
71 289
71 290
71 293
71 294
72 73
72 75
72 76
72 78
72 79
72 81
72 86
72 87
72 91
72 98
72 100
72 102
72 104
72 106
72 107
72 109
72 110
72 112
72 121
72 125
72 128
72 129
72 131
72 134
72 136
72 138
72 139
72 140
72 143
72 148
72 149
72 153
72 161
72 165
72 171
72 172
72 175
72 180
72 181
72 184
72 185
72 190
72 193
72 196
72 197
72 199
72 201
72 202
72 203
72 207
72 209
72 210
72 213
72 216
72 217
72 218
72 221
72 228
72 232
72 234
72 237
72 240
72 243
72 247
72 249
72 251
72 256
72 257
72 261
72 267
72 272
72 273
72 274
72 276
72 279
72 280
72 281
72 284
72 286
72 295
73 77
73 81
73 86
73 88
73 90
73 91
73 93
73 104
73 105
73 108
73 110
73 116
73 117
73 118
73 119
73 124
73 127
73 130
73 138
73 146
73 152
73 154
73 158
73 160
73 163
73 166
73 167
73 168
73 177
73 179
73 182
73 184
73 188
73 189
73 196
73 197
73 200
73 206
73 207
73 208
73 209
73 210
73 212
73 216
73 217
73 224
73 226
73 227
73 228
73 233
73 236
73 249
73 252
73 265
73 269
73 273
73 277
73 278
73 279
73 281
73 285
73 287
73 288
73 292
73 298
74 77
74 80
74 82
74 86
74 87
74 89
74 94
74 97
74 98
74 99
74 102
74 104
74 109
74 136
74 139
74 145
74 146
74 149
74 155
74 162
74 164
74 166
74 167
74 168
74 171
74 172
74 179
74 181
74 182
74 188
74 189
74 191
74 193
74 194
74 196
74 198
74 199
74 201
74 204
74 207
74 208
74 209
74 211
74 214
74 218
74 226
74 228
74 229
74 238
74 239
74 240
74 241
74 244
74 247
74 254
74 261
74 264
74 265
74 267
74 268
74 274
74 279
74 281
74 284
74 286
74 287
74 294
74 297
74 298
75 78
75 87
75 90
75 91
75 94
75 99
75 102
75 103
75 106
75 109
75 111
75 112
75 113
75 114
75 122
75 123
75 124
75 131
75 133
75 134
75 146
75 155
75 158
75 159
75 161
75 164
75 166
75 170
75 173
75 175
75 178
75 181
75 191
75 194
75 196
75 197
75 203
75 205
75 210
75 211
75 212
75 215
75 218
75 221
75 222
75 225
75 229
75 230
75 236
75 238
75 245
75 249
75 251
75 253
75 255
75 256
75 264
75 265
75 266
75 267
75 272
75 274
75 276
75 280
75 284
75 290
75 291
75 294
75 295
75 296
75 299
76 77
76 83
76 87
76 89
76 92
76 97
76 101
76 102
76 108
76 109
76 113
76 114
76 115
76 117
76 125
76 126
76 128
76 132
76 134
76 136
76 142
76 145
76 146
76 149
76 154
76 155
76 157
76 158
76 160
76 162
76 163
76 165
76 166
76 169
76 172
76 173
76 174
76 176
76 195
76 200
76 203
76 204
76 205
76 206
76 211
76 212
76 214
76 219
76 221
76 226
76 227
76 228
76 234
76 237
76 239
76 240
76 247
76 249
76 253
76 254
76 257
76 261
76 264
76 266
76 267
76 273
76 280
76 288
76 289
76 292
76 294
76 296
76 298
77 89
77 95
77 96
77 100
77 103
77 107
77 108
77 114
77 115
77 124
77 126
77 127
77 128
77 129
77 130
77 133
77 136
77 147
77 151
77 153
77 154
77 157
77 158
77 159
77 165
77 168
77 171
77 172
77 174
77 176
77 177
77 179
77 182
77 183
77 187
77 191
77 192
77 197
77 199
77 204
77 208
77 209
77 210
77 212
77 214
77 217
77 221
77 225
77 226
77 228
77 229
77 233
77 236
77 238
77 240
77 244
77 247
77 251
77 254
77 256
77 257
77 260
77 263
77 265
77 267
77 268
77 269
77 270
77 272
77 275
77 279
77 282
77 291
77 297
77 299
78 87
78 96
78 103
78 105
78 115
78 123
78 124
78 125
78 129
78 137
78 139
78 140
78 141
78 142
78 148
78 150
78 151
78 153
78 154
78 157
78 165
78 170
78 172
78 177
78 183
78 193
78 194
78 197
78 203
78 205
78 206
78 207
78 208
78 210
78 211
78 212
78 214
78 220
78 226
78 230
78 233
78 234
78 236
78 237
78 238
78 246
78 248
78 256
78 258
78 268
78 269
78 270
78 273
78 275
78 277
78 279
78 281
78 286
78 290
78 293
79 81
79 83
79 88
79 89
79 92
79 94
79 97
79 102
79 104
79 105
79 108
79 109
79 113
79 115
79 116
79 120
79 122
79 125
79 133
79 134
79 137
79 138
79 141
79 143
79 144
79 145
79 148
79 151
79 152
79 156
79 157
79 160
79 161
79 165
79 167
79 177
79 180
79 181
79 182
79 190
79 193
79 196
79 198
79 207
79 211
79 212
79 215
79 222
79 223
79 224
79 225
79 233
79 236
79 237
79 239
79 240
79 242
79 244
79 248
79 249
79 250
79 254
79 260
79 265
79 268
79 270
79 273
79 274
79 278
79 283
79 285
79 286
79 287
79 292
79 295
80 86
80 94
80 98
80 99
80 105
80 106
80 107
80 108
80 110
80 114
80 119
80 121
80 122
80 124
80 126
80 127
80 130
80 132
80 144
80 145
80 147
80 149
80 155
80 161
80 191
80 198
80 200
80 201
80 215
80 217
80 226
80 233
80 236
80 238
80 242
80 247
80 252
80 263
80 265
80 270
80 271
80 279
80 284
80 288
80 289
80 291
80 292
80 293
80 294
81 83
81 88
81 89
81 91
81 92
81 98
81 102
81 104
81 106
81 107
81 109
81 115
81 125
81 130
81 136
81 143
81 144
81 146
81 155
81 156
81 160
81 162
81 166
81 171
81 173
81 182
81 183
81 184
81 189
81 191
81 195
81 196
81 198
81 212
81 213
81 219
81 222
81 224
81 225
81 231
81 232
81 233
81 234
81 239
81 243
81 245
81 247
81 248
81 251
81 256
81 264
81 265
81 267
81 269
81 271
81 279
81 280
81 289
81 290
81 294
81 298
82 87
82 88
82 89
82 95
82 96
82 99
82 102
82 103
82 108
82 112
82 113
82 117
82 118
82 120
82 121
82 124
82 131
82 132
82 136
82 139
82 142
82 144
82 145
82 149
82 150
82 153
82 156
82 157
82 158
82 159
82 161
82 166
82 171
82 172
82 173
82 176
82 177
82 179
82 186
82 189
82 193
82 200
82 201
82 203
82 206
82 212
82 213
82 216
82 217
82 218
82 220
82 222
82 223
82 226
82 229
82 233
82 236
82 237
82 238
82 244
82 246
82 247
82 249
82 257
82 266
82 268
82 270
82 272
82 275
82 279
82 282
82 283
82 291
82 293
82 295
82 296
83 96
83 100
83 101
83 103
83 107
83 110
83 111
83 119
83 122
83 123
83 124
83 127
83 128
83 135
83 145
83 148
83 149
83 153
83 155
83 163
83 164
83 165
83 167
83 168
83 171
83 174
83 175
83 177
83 180
83 181
83 185
83 192
83 193
83 199
83 205
83 208
83 210
83 213
83 217
83 220
83 221
83 222
83 226
83 229
83 230
83 231
83 234
83 239
83 246
83 250
83 252
83 256
83 260
83 264
83 265
83 271
83 276
83 277
83 281
83 286
83 289
83 295
84 86
84 87
84 88
84 90
84 92
84 93
84 95
84 100
84 102
84 103
84 104
84 107
84 126
84 136
84 138
84 142
84 144
84 145
84 146
84 147
84 148
84 149
84 151
84 152
84 153
84 159
84 163
84 164
84 172
84 178
84 180
84 185
84 187
84 195
84 207
84 209
84 213
84 221
84 222
84 227
84 229
84 235
84 237
84 241
84 248
84 249
84 255
84 256
84 259
84 262
84 268
84 276
84 277
84 279
84 280
84 282
84 283
84 285
84 286
84 291
85 87
85 92
85 94
85 101
85 104
85 115
85 117
85 120
85 124
85 125
85 128
85 134
85 138
85 141
85 148
85 150
85 151
85 155
85 158
85 161
85 163
85 170
85 174
85 184
85 185
85 192
85 193
85 197
85 199
85 204
85 205
85 212
85 216
85 217
85 218
85 219
85 221
85 222
85 224
85 225
85 229
85 233
85 237
85 243
85 244
85 245
85 246
85 247
85 248
85 255
85 257
85 258
85 260
85 261
85 264
85 265
85 270
85 280
85 287
85 289
85 290
85 292
85 293
85 295
85 298
86 88
86 89
86 91
86 98
86 99
86 103
86 104
86 106
86 113
86 114
86 116
86 121
86 125
86 126
86 128
86 129
86 135
86 137
86 138
86 140
86 141
86 143
86 144
86 148
86 155
86 156
86 157
86 158
86 160
86 161
86 163
86 171
86 174
86 176
86 177
86 178
86 179
86 180
86 181
86 183
86 184
86 186
86 193
86 194
86 199
86 206
86 217
86 219
86 221
86 222
86 224
86 226
86 233
86 234
86 242
86 246
86 253
86 255
86 256
86 259
86 263
86 265
86 266
86 267
86 272
86 274
86 277
86 279
86 280
86 281
86 283
86 294
86 299
87 89
87 95
87 96
87 98
87 104
87 106
87 107
87 110
87 114
87 125
87 126
87 127
87 129
87 133
87 137
87 140
87 145
87 147
87 148
87 150
87 152
87 153
87 158
87 159
87 174
87 175
87 179
87 183
87 184
87 185
87 195
87 196
87 197
87 203
87 206
87 207
87 208
87 209
87 210
87 219
87 220
87 221
87 230
87 231
87 234
87 235
87 238
87 241
87 247
87 251
87 253
87 255
87 256
87 263
87 268
87 270
87 274
87 276
87 277
87 281
87 285
87 286
87 290
87 291
87 296
87 297
88 89
88 94
88 97
88 102
88 103
88 114
88 116
88 120
88 121
88 125
88 128
88 130
88 132
88 135
88 136
88 137
88 141
88 142
88 147
88 148
88 149
88 152
88 161
88 164
88 165
88 167
88 170
88 171
88 175
88 180
88 182
88 189
88 192
88 207
88 209
88 210
88 216
88 217
88 219
88 221
88 222
88 228
88 229
88 232
88 236
88 237
88 257
88 258
88 261
88 262
88 274
88 275
88 277
88 278
88 287
88 289
88 291
88 292
89 92
89 93
89 95
89 96
89 97
89 107
89 113
89 114
89 115
89 118
89 120
89 126
89 127
89 129
89 130
89 135
89 140
89 157
89 160
89 161
89 163
89 169
89 170
89 180
89 183
89 185
89 187
89 190
89 193
89 194
89 196
89 198
89 200
89 202
89 205
89 206
89 213
89 214
89 216
89 217
89 219
89 222
89 227
89 228
89 231
89 234
89 237
89 238
89 241
89 244
89 245
89 248
89 250
89 251
89 252
89 253
89 257
89 258
89 263
89 264
89 267
89 273
89 276
89 280
89 281
89 283
89 284
89 288
89 293
89 294
89 298
90 91
90 99
90 102
90 103
90 107
90 109
90 110
90 112
90 121
90 123
90 125
90 126
90 129
90 131
90 132
90 136
90 143
90 145
90 146
90 149
90 151
90 156
90 158
90 159
90 162
90 164
90 165
90 167
90 172
90 174
90 175
90 177
90 178
90 179
90 181
90 190
90 192
90 195
90 196
90 197
90 199
90 206
90 210
90 211
90 212
90 214
90 215
90 217
90 219
90 220
90 221
90 222
90 223
90 226
90 232
90 234
90 240
90 241
90 242
90 246
90 251
90 252
90 255
90 262
90 272
90 274
90 276
90 280
90 281
90 284
90 287
90 288
90 289
90 291
90 292
90 295
90 296
90 299
91 96
91 102
91 103
91 107
91 108
91 114
91 116
91 120
91 136
91 137
91 141
91 144
91 147
91 148
91 149
91 150
91 152
91 155
91 163
91 170
91 176
91 177
91 178
91 184
91 185
91 190
91 191
91 192
91 193
91 195
91 210
91 217
91 220
91 226
91 230
91 231
91 232
91 239
91 242
91 247
91 248
91 253
91 255
91 256
91 272
91 275
91 276
91 279
91 281
91 283
91 293
91 299
92 94
92 110
92 111
92 115
92 116
92 117
92 118
92 119
92 141
92 148
92 153
92 155
92 157
92 158
92 160
92 161
92 166
92 168
92 170
92 171
92 174
92 179
92 181
92 188
92 191
92 194
92 195
92 198
92 199
92 200
92 201
92 203
92 209
92 213
92 215
92 219
92 222
92 224
92 226
92 233
92 234
92 237
92 238
92 240
92 241
92 243
92 244
92 250
92 254
92 256
92 258
92 260
92 263
92 268
92 270
92 271
92 272
92 278
92 282
92 285
92 291
93 95
93 99
93 102
93 103
93 106
93 114
93 115
93 117
93 121
93 122
93 123
93 136
93 139
93 142
93 152
93 157
93 159
93 161
93 163
93 164
93 173
93 178
93 182
93 188
93 193
93 195
93 196
93 198
93 205
93 207
93 212
93 214
93 222
93 224
93 225
93 228
93 234
93 237
93 238
93 240
93 241
93 242
93 246
93 248
93 250
93 254
93 263
93 265
93 267
93 268
93 274
93 275
93 277
93 283
93 285
94 95
94 102
94 103
94 107
94 112
94 115
94 118
94 121
94 123
94 124
94 133
94 137
94 140
94 165
94 166
94 170
94 173
94 177
94 181
94 184
94 189
94 195
94 197
94 198
94 200
94 202
94 203
94 212
94 215
94 220
94 222
94 227
94 228
94 234
94 237
94 238
94 239
94 256
94 257
94 262
94 263
94 270
94 272
94 281
94 289
94 292
94 298
95 97
95 99
95 102
95 103
95 104
95 109
95 110
95 111
95 112
95 115
95 116
95 122
95 123
95 125
95 134
95 136
95 137
95 140
95 144
95 145
95 146
95 147
95 148
95 149
95 152
95 158
95 159
95 160
95 165
95 173
95 174
95 175
95 179
95 183
95 186
95 190
95 192
95 201
95 204
95 205
95 216
95 223
95 226
95 231
95 232
95 239
95 241
95 247
95 248
95 255
95 270
95 271
95 273
95 275
95 277
95 278
95 279
95 285
95 286
95 289
95 290
95 292
95 293
95 294
95 299
96 101
96 103
96 104
96 105
96 106
96 109
96 112
96 114
96 123
96 126
96 130
96 134
96 135
96 139
96 142
96 145
96 146
96 149
96 151
96 156
96 159
96 165
96 168
96 169
96 175
96 176
96 180
96 181
96 183
96 186
96 187
96 189
96 190
96 194
96 195
96 197
96 205
96 208
96 212
96 218
96 221
96 222
96 223
96 224
96 232
96 233
96 237
96 238
96 240
96 241
96 242
96 243
96 250
96 255
96 269
96 270
96 273
96 274
96 278
96 280
96 281
96 282
96 285
96 286
96 289
96 292
96 299
97 99
97 101
97 102
97 114
97 125
97 126
97 129
97 137
97 138
97 139
97 142
97 144
97 145
97 147
97 148
97 154
97 156
97 163
97 166
97 167
97 169
97 170
97 173
97 177
97 178
97 179
97 190
97 192
97 193
97 212
97 213
97 214
97 218
97 220
97 225
97 227
97 228
97 232
97 235
97 237
97 238
97 241
97 243
97 246
97 253
97 255
97 258
97 259
97 260
97 263
97 264
97 266
97 267
97 268
97 270
97 276
97 277
97 278
97 285
97 291
97 294
97 296
97 298
98 113
98 116
98 118
98 126
98 127
98 130
98 133
98 135
98 145
98 151
98 153
98 154
98 165
98 167
98 168
98 172
98 175
98 177
98 178
98 183
98 184
98 186
98 188
98 189
98 193
98 195
98 198
98 200
98 202
98 204
98 207
98 208
98 209
98 211
98 214
98 218
98 221
98 224
98 225
98 239
98 242
98 244
98 249
98 252
98 257
98 259
98 266
98 270
98 274
98 277
98 278
98 281
98 283
98 284
98 285
98 292
98 295
98 299
99 104
99 116
99 123
99 124
99 128
99 130
99 131
99 132
99 135
99 137
99 140
99 143
99 144
99 156
99 158
99 160
99 161
99 162
99 168
99 180
99 185
99 186
99 188
99 189
99 192
99 193
99 194
99 196
99 198
99 201
99 211
99 214
99 215
99 218
99 223
99 225
99 235
99 239
99 242
99 248
99 249
99 251
99 257
99 262
99 263
99 267
99 270
99 274
99 276
99 277
99 281
99 283
99 287
99 288
99 289
99 295
99 299
100 101
100 110
100 117
100 118
100 119
100 121
100 122
100 124
100 125
100 126
100 129
100 137
100 139
100 141
100 142
100 147
100 148
100 150
100 153
100 157
100 158
100 159
100 161
100 164
100 165
100 168
100 174
100 177
100 179
100 188
100 190
100 198
100 200
100 207
100 208
100 211
100 212
100 214
100 216
100 217
100 226
100 227
100 231
100 238
100 240
100 242
100 245
100 247
100 249
100 268
100 270
100 271
100 272
100 273
100 274
100 284
100 289
100 294
100 295
100 297
100 299
101 102
101 108
101 112
101 115
101 120
101 126
101 129
101 130
101 132
101 138
101 141
101 148
101 155
101 158
101 165
101 167
101 179
101 180
101 185
101 186
101 187
101 195
101 201
101 203
101 205
101 213
101 214
101 216
101 217
101 224
101 228
101 230
101 232
101 242
101 249
101 250
101 256
101 258
101 260
101 269
101 270
101 274
101 275
101 282
101 285
101 286
101 290
101 291
101 294
101 298
102 103
102 111
102 113
102 117
102 120
102 121
102 122
102 127
102 129
102 138
102 140
102 144
102 145
102 148
102 160
102 161
102 173
102 180
102 184
102 186
102 194
102 196
102 201
102 204
102 207
102 211
102 214
102 215
102 216
102 217
102 225
102 229
102 231
102 232
102 234
102 236
102 237
102 238
102 239
102 247
102 252
102 255
102 260
102 261
102 263
102 264
102 274
102 279
102 282
102 283
102 285
102 288
102 289
102 297
103 104
103 108
103 111
103 114
103 119
103 122
103 123
103 134
103 135
103 144
103 148
103 152
103 155
103 158
103 160
103 161
103 167
103 173
103 178
103 180
103 182
103 189
103 191
103 192
103 194
103 201
103 202
103 211
103 212
103 213
103 216
103 220
103 235
103 236
103 243
103 244
103 245
103 248
103 256
103 257
103 260
103 265
103 267
103 268
103 270
103 274
103 276
103 282
103 283
103 286
103 287
103 288
103 289
103 290
103 292
103 296
103 297
104 105
104 109
104 115
104 121
104 122
104 124
104 125
104 126
104 127
104 129
104 130
104 131
104 132
104 135
104 136
104 138
104 143
104 145
104 147
104 153
104 157
104 159
104 164
104 168
104 170
104 173
104 176
104 177
104 192
104 195
104 203
104 204
104 207
104 208
104 210
104 211
104 212
104 213
104 221
104 222
104 223
104 229
104 232
104 234
104 235
104 237
104 243
104 246
104 248
104 249
104 256
104 257
104 258
104 259
104 261
104 263
104 267
104 268
104 272
104 273
104 277
104 281
104 288
104 292
105 108
105 109
105 121
105 124
105 125
105 128
105 129
105 134
105 136
105 137
105 139
105 140
105 141
105 148
105 153
105 154
105 156
105 162
105 168
105 170
105 177
105 179
105 180
105 183
105 184
105 185
105 186
105 189
105 192
105 194
105 202
105 204
105 208
105 210
105 218
105 224
105 225
105 233
105 234
105 237
105 243
105 244
105 245
105 247
105 253
105 254
105 255
105 256
105 257
105 260
105 265
105 270
105 276
105 288
105 290
105 291
105 294
105 298
106 117
106 120
106 128
106 131
106 132
106 138
106 139
106 141
106 145
106 147
106 156
106 157
106 159
106 160
106 168
106 172
106 175
106 178
106 186
106 187
106 188
106 192
106 193
106 195
106 196
106 203
106 208
106 213
106 214
106 216
106 217
106 219
106 221
106 222
106 223
106 225
106 226
106 227
106 228
106 229
106 236
106 238
106 241
106 242
106 245
106 252
106 253
106 255
106 256
106 259
106 264
106 270
106 272
106 273
106 274
106 281
106 283
106 293
106 294
106 296
107 113
107 118
107 120
107 126
107 127
107 131
107 133
107 141
107 143
107 144
107 146
107 147
107 148
107 149
107 153
107 159
107 160
107 163
107 164
107 166
107 167
107 169
107 172
107 182
107 183
107 185
107 186
107 187
107 190
107 191
107 197
107 202
107 206
107 207
107 209
107 217
107 218
107 227
107 228
107 239
107 243
107 245
107 249
107 250
107 252
107 260
107 263
107 264
107 268
107 269
107 272
107 274
107 276
107 277
107 279
107 281
107 292
107 294
107 296
107 297
107 298
107 299
108 109
108 111
108 117
108 120
108 126
108 127
108 134
108 137
108 144
108 148
108 150
108 154
108 155
108 157
108 160
108 161
108 163
108 165
108 166
108 167
108 168
108 171
108 174
108 178
108 180
108 185
108 188
108 189
108 190
108 199
108 201
108 202
108 203
108 206
108 215
108 216
108 220
108 221
108 227
108 232
108 233
108 237
108 241
108 245
108 248
108 252
108 253
108 256
108 257
108 262
108 264
108 268
108 273
108 275
108 286
108 287
108 289
108 290
108 293
108 294
108 297
109 110
109 112
109 114
109 115
109 117
109 127
109 134
109 137
109 146
109 149
109 152
109 156
109 159
109 164
109 167
109 169
109 170
109 175
109 177
109 178
109 179
109 181
109 187
109 188
109 189
109 190
109 196
109 202
109 203
109 205
109 210
109 212
109 215
109 217
109 221
109 222
109 225
109 228
109 232
109 236
109 243
109 244
109 245
109 247
109 249
109 253
109 256
109 257
109 258
109 261
109 263
109 267
109 272
109 274
109 276
109 278
109 279
109 282
109 283
109 286
109 289
109 290
109 292
110 111
110 114
110 116
110 119
110 120
110 123
110 126
110 128
110 131
110 134
110 138
110 139
110 143
110 147
110 148
110 149
110 156
110 157
110 158
110 161
110 167
110 168
110 169
110 172
110 174
110 179
110 189
110 190
110 191
110 192
110 194
110 200
110 209
110 214
110 215
110 222
110 223
110 225
110 226
110 241
110 244
110 245
110 254
110 260
110 267
110 271
110 279
110 284
110 287
110 296
111 113
111 116
111 118
111 119
111 122
111 124
111 126
111 130
111 133
111 138
111 141
111 149
111 156
111 161
111 162
111 164
111 168
111 173
111 174
111 191
111 192
111 196
111 200
111 203
111 204
111 210
111 211
111 212
111 216
111 217
111 218
111 220
111 221
111 222
111 227
111 228
111 230
111 231
111 232
111 235
111 240
111 242
111 243
111 244
111 248
111 250
111 256
111 260
111 261
111 263
111 269
111 270
111 271
111 278
111 279
111 282
111 285
112 114
112 115
112 116
112 125
112 127
112 131
112 136
112 137
112 138
112 144
112 145
112 147
112 152
112 154
112 156
112 159
112 161
112 163
112 164
112 167
112 168
112 173
112 174
112 177
112 179
112 183
112 187
112 189
112 190
112 192
112 195
112 199
112 201
112 209
112 210
112 212
112 213
112 215
112 224
112 227
112 229
112 230
112 232
112 233
112 234
112 235
112 240
112 243
112 248
112 254
112 257
112 258
112 260
112 263
112 266
112 267
112 268
112 269
112 270
112 271
112 274
112 276
112 278
112 279
112 280
112 283
112 287
112 288
112 290
112 293
112 296
112 297
112 298
113 114
113 116
113 118
113 120
113 121
113 122
113 123
113 135
113 136
113 137
113 144
113 149
113 152
113 159
113 164
113 170
113 171
113 172
113 175
113 180
113 181
113 184
113 185
113 187
113 190
113 195
113 197
113 199
113 200
113 205
113 212
113 213
113 214
113 215
113 217
113 219
113 223
113 224
113 230
113 231
113 236
113 243
113 248
113 249
113 251
113 256
113 260
113 266
113 268
113 273
113 274
113 280
113 286
113 289
113 293
113 294
113 295
113 299
114 115
114 123
114 126
114 128
114 130
114 131
114 133
114 134
114 136
114 137
114 138
114 140
114 144
114 145
114 147
114 148
114 151
114 152
114 159
114 162
114 163
114 170
114 174
114 179
114 181
114 182
114 183
114 185
114 191
114 193
114 196
114 197
114 198
114 199
114 202
114 204
114 205
114 206
114 215
114 225
114 232
114 236
114 238
114 240
114 248
114 251
114 254
114 258
114 259
114 261
114 264
114 266
114 270
114 271
114 278
114 279
114 281
114 285
114 287
114 289
114 291
114 295
114 296
114 297
114 298
115 116
115 122
115 131
115 133
115 138
115 141
115 145
115 147
115 150
115 159
115 163
115 164
115 166
115 168
115 169
115 171
115 176
115 182
115 183
115 185
115 186
115 189
115 191
115 196
115 200
115 205
115 207
115 210
115 216
115 217
115 224
115 225
115 228
115 237
115 244
115 245
115 255
115 256
115 261
115 262
115 263
115 265
115 267
115 272
115 274
115 279
115 281
115 295
115 296
115 297
115 299
116 130
116 135
116 139
116 144
116 148
116 152
116 154
116 156
116 157
116 160
116 162
116 165
116 167
116 168
116 176
116 181
116 186
116 191
116 195
116 197
116 206
116 207
116 208
116 210
116 211
116 213
116 214
116 216
116 217
116 219
116 220
116 223
116 225
116 234
116 236
116 237
116 239
116 242
116 243
116 246
116 262
116 263
116 267
116 268
116 269
116 272
116 273
116 274
116 279
116 282
116 284
116 292
116 294
116 299
117 119
117 120
117 121
117 123
117 125
117 126
117 129
117 131
117 134
117 139
117 140
117 147
117 148
117 156
117 164
117 168
117 170
117 174
117 177
117 178
117 180
117 183
117 184
117 186
117 188
117 191
117 197
117 198
117 201
117 204
117 206
117 209
117 218
117 221
117 222
117 225
117 226
117 227
117 235
117 237
117 242
117 245
117 248
117 249
117 251
117 257
117 260
117 264
117 268
117 270
117 271
117 272
117 278
117 279
117 281
117 282
117 288
117 290
117 293
117 295
118 119
118 121
118 124
118 129
118 133
118 137
118 147
118 148
118 149
118 150
118 151
118 154
118 155
118 160
118 161
118 165
118 168
118 173
118 174
118 177
118 180
118 184
118 186
118 193
118 197
118 198
118 199
118 229
118 233
118 247
118 248
118 255
118 260
118 266
118 268
118 272
118 277
118 279
118 284
118 286
118 288
118 292
118 293
118 295
118 296
118 298
119 122
119 124
119 125
119 128
119 131
119 135
119 136
119 139
119 142
119 153
119 157
119 159
119 160
119 165
119 168
119 169
119 173
119 181
119 184
119 189
119 192
119 194
119 197
119 198
119 201
119 214
119 218
119 222
119 223
119 224
119 228
119 229
119 230
119 232
119 233
119 234
119 237
119 243
119 250
119 251
119 256
119 260
119 262
119 266
119 268
119 269
119 275
119 277
119 280
119 283
119 287
119 289
119 291
119 292
119 294
120 121
120 126
120 129
120 131
120 132
120 133
120 134
120 137
120 142
120 146
120 147
120 150
120 153
120 154
120 156
120 158
120 159
120 163
120 164
120 165
120 166
120 167
120 181
120 182
120 184
120 186
120 187
120 190
120 191
120 200
120 204
120 206
120 209
120 210
120 212
120 213
120 218
120 219
120 224
120 225
120 226
120 227
120 229
120 230
120 234
120 236
120 241
120 245
120 246
120 248
120 251
120 258
120 259
120 260
120 261
120 262
120 268
120 269
120 270
120 274
120 279
120 280
120 281
120 283
120 285
120 286
120 289
120 290
120 292
120 294
120 295
120 297
121 130
121 133
121 136
121 144
121 154
121 160
121 161
121 163
121 169
121 174
121 177
121 179
121 183
121 185
121 187
121 201
121 202
121 204
121 208
121 209
121 213
121 214
121 217
121 222
121 223
121 225
121 226
121 229
121 230
121 232
121 234
121 237
121 238
121 244
121 245
121 251
121 254
121 255
121 258
121 266
121 267
121 268
121 269
121 271
121 272
121 278
121 280
121 283
121 284
121 285
121 288
121 292
121 293
121 295
121 297
121 299
122 129
122 134
122 136
122 149
122 158
122 161
122 162
122 163
122 165
122 166
122 167
122 174
122 181
122 184
122 191
122 195
122 199
122 200
122 205
122 206
122 210
122 212
122 214
122 215
122 216
122 218
122 219
122 220
122 226
122 230
122 232
122 234
122 235
122 237
122 238
122 239
122 242
122 245
122 247
122 249
122 251
122 252
122 254
122 256
122 264
122 265
122 269
122 275
122 280
122 283
122 285
122 287
122 288
122 296
122 298
123 128
123 130
123 135
123 136
123 145
123 147
123 150
123 152
123 155
123 156
123 160
123 165
123 166
123 171
123 177
123 179
123 181
123 183
123 185
123 186
123 194
123 195
123 196
123 197
123 198
123 206
123 209
123 217
123 226
123 233
123 236
123 237
123 239
123 243
123 244
123 245
123 246
123 254
123 255
123 260
123 261
123 268
123 271
123 273
123 277
123 281
123 282
123 283
123 284
123 285
123 289
123 290
123 296
123 297
123 298
124 125
124 126
124 130
124 137
124 141
124 143
124 147
124 149
124 150
124 152
124 158
124 159
124 160
124 161
124 165
124 172
124 180
124 185
124 187
124 192
124 195
124 198
124 200
124 202
124 206
124 209
124 210
124 212
124 217
124 218
124 222
124 225
124 232
124 234
124 235
124 242
124 245
124 248
124 251
124 254
124 256
124 260
124 263
124 272
124 279
124 285
124 287
124 288
124 290
124 293
124 298
125 134
125 135
125 136
125 138
125 145
125 148
125 166
125 176
125 177
125 178
125 180
125 187
125 190
125 191
125 193
125 199
125 200
125 204
125 206
125 210
125 211
125 214
125 216
125 221
125 224
125 226
125 230
125 231
125 232
125 234
125 235
125 239
125 243
125 244
125 247
125 251
125 256
125 257
125 260
125 261
125 262
125 263
125 272
125 273
125 276
125 277
125 279
125 286
125 294
125 295
125 296
125 298
125 299
126 128
126 131
126 133
126 135
126 136
126 137
126 138
126 144
126 145
126 148
126 150
126 151
126 152
126 155
126 158
126 162
126 163
126 165
126 167
126 168
126 169
126 171
126 175
126 195
126 201
126 203
126 206
126 208
126 209
126 210
126 213
126 214
126 215
126 216
126 217
126 218
126 222
126 224
126 225
126 236
126 240
126 247
126 248
126 253
126 254
126 256
126 257
126 258
126 261
126 262
126 264
126 271
126 275
126 276
126 277
126 278
126 282
126 290
126 292
126 295
126 298
127 128
127 130
127 133
127 140
127 143
127 146
127 147
127 156
127 160
127 163
127 166
127 170
127 171
127 172
127 174
127 175
127 179
127 184
127 186
127 187
127 195
127 203
127 204
127 213
127 218
127 220
127 226
127 233
127 235
127 244
127 245
127 246
127 247
127 251
127 254
127 255
127 258
127 262
127 266
127 276
127 278
127 282
127 287
127 291
127 293
127 295
127 298
128 131
128 132
128 140
128 143
128 148
128 151
128 157
128 160
128 161
128 162
128 167
128 177
128 179
128 181
128 182
128 189
128 192
128 198
128 200
128 215
128 217
128 222
128 225
128 231
128 233
128 246
128 255
128 256
128 257
128 258
128 262
128 264
128 267
128 268
128 269
128 274
128 278
128 285
128 288
128 289
128 290
128 291
128 292
128 297
128 298
129 132
129 134
129 135
129 137
129 144
129 152
129 153
129 154
129 158
129 162
129 163
129 164
129 172
129 177
129 178
129 184
129 187
129 191
129 194
129 198
129 201
129 206
129 219
129 220
129 223
129 224
129 231
129 232
129 233
129 239
129 241
129 245
129 247
129 251
129 255
129 256
129 258
129 265
129 266
129 269
129 270
129 271
129 283
129 285
129 286
129 287
129 289
129 290
129 295
129 296
129 297
129 298
129 299
130 131
130 135
130 138
130 142
130 144
130 147
130 148
130 158
130 159
130 161
130 163
130 169
130 171
130 175
130 178
130 181
130 182
130 183
130 186
130 188
130 196
130 197
130 198
130 200
130 202
130 208
130 221
130 225
130 234
130 237
130 248
130 251
130 255
130 258
130 262
130 264
130 266
130 268
130 270
130 271
130 272
130 276
130 278
130 279
130 282
130 283
130 284
130 288
130 289
130 292
130 295
131 142
131 143
131 145
131 151
131 156
131 161
131 162
131 166
131 167
131 175
131 179
131 185
131 191
131 195
131 196
131 197
131 210
131 211
131 212
131 214
131 215
131 216
131 218
131 219
131 221
131 228
131 230
131 231
131 235
131 239
131 243
131 244
131 245
131 246
131 249
131 252
131 255
131 257
131 258
131 264
131 268
131 274
131 275
131 282
131 285
131 286
131 289
131 292
131 294
131 295
131 299
132 134
132 135
132 136
132 144
132 146
132 150
132 152
132 157
132 158
132 159
132 164
132 167
132 173
132 175
132 180
132 184
132 191
132 192
132 196
132 200
132 203
132 204
132 208
132 209
132 210
132 215
132 218
132 219
132 223
132 226
132 229
132 235
132 240
132 241
132 245
132 252
132 253
132 254
132 255
132 256
132 265
132 266
132 275
132 276
132 284
132 287
132 299
133 143
133 144
133 146
133 147
133 152
133 153
133 156
133 157
133 159
133 163
133 164
133 177
133 185
133 193
133 196
133 210
133 211
133 213
133 217
133 220
133 228
133 229
133 230
133 236
133 246
133 255
133 259
133 260
133 263
133 265
133 268
133 274
133 279
133 282
133 283
133 284
133 286
133 288
133 289
133 291
133 296
133 299
134 139
134 142
134 147
134 154
134 155
134 158
134 160
134 163
134 166
134 169
134 174
134 177
134 180
134 184
134 185
134 186
134 190
134 191
134 197
134 198
134 203
134 206
134 211
134 215
134 218
134 221
134 222
134 224
134 226
134 238
134 240
134 242
134 245
134 247
134 251
134 257
134 259
134 265
134 266
134 270
134 271
134 273
134 275
134 278
134 285
134 289
134 291
134 293
134 298
135 137
135 139
135 140
135 144
135 145
135 147
135 151
135 155
135 158
135 159
135 162
135 163
135 165
135 176
135 184
135 185
135 187
135 190
135 191
135 194
135 204
135 206
135 210
135 212
135 214
135 217
135 222
135 225
135 228
135 229
135 231
135 233
135 241
135 257
135 258
135 260
135 265
135 267
135 273
135 274
135 276
135 280
135 284
135 287
135 292
135 293
135 298
136 137
136 139
136 140
136 141
136 143
136 145
136 150
136 152
136 157
136 158
136 161
136 166
136 167
136 171
136 182
136 183
136 187
136 191
136 192
136 195
136 206
136 209
136 218
136 220
136 221
136 223
136 226
136 230
136 234
136 237
136 241
136 249
136 254
136 256
136 257
136 262
136 266
136 269
136 271
136 272
136 273
136 277
136 280
136 281
136 283
136 288
136 291
136 292
136 294
136 295
136 296
137 142
137 143
137 144
137 147
137 148
137 149
137 156
137 159
137 165
137 167
137 168
137 169
137 172
137 175
137 179
137 193
137 196
137 201
137 202
137 210
137 212
137 217
137 218
137 221
137 226
137 228
137 238
137 239
137 249
137 251
137 257
137 259
137 260
137 262
137 265
137 267
137 272
137 273
137 279
137 280
137 281
137 284
137 287
137 292
137 293
138 141
138 142
138 143
138 144
138 145
138 149
138 152
138 158
138 162
138 165
138 166
138 170
138 172
138 185
138 188
138 198
138 208
138 211
138 212
138 221
138 222
138 223
138 224
138 237
138 251
138 254
138 267
138 269
138 273
138 275
138 277
138 280
138 281
138 282
138 283
138 286
138 291
138 299
139 142
139 146
139 149
139 150
139 154
139 156
139 157
139 160
139 163
139 164
139 166
139 170
139 174
139 186
139 193
139 195
139 196
139 200
139 207
139 216
139 217
139 218
139 225
139 229
139 230
139 231
139 246
139 247
139 257
139 261
139 263
139 267
139 268
139 271
139 273
139 274
139 281
139 283
139 288
139 289
139 293
139 294
139 296
139 299
140 144
140 152
140 153
140 158
140 184
140 190
140 191
140 196
140 197
140 199
140 200
140 206
140 207
140 213
140 215
140 218
140 224
140 225
140 226
140 227
140 229
140 231
140 232
140 235
140 237
140 240
140 243
140 248
140 249
140 251
140 254
140 255
140 256
140 257
140 260
140 264
140 268
140 270
140 273
140 281
140 282
140 283
140 285
140 287
140 289
140 290
140 292
140 294
140 298
140 299
141 146
141 151
141 158
141 169
141 171
141 175
141 179
141 180
141 189
141 199
141 200
141 204
141 205
141 211
141 215
141 218
141 221
141 222
141 224
141 225
141 229
141 230
141 241
141 246
141 251
141 257
141 259
141 261
141 264
141 273
141 276
141 283
141 284
141 287
141 288
141 291
141 292
141 296
141 297
141 298
142 143
142 144
142 147
142 148
142 151
142 154
142 157
142 163
142 164
142 168
142 172
142 174
142 179
142 187
142 188
142 191
142 201
142 214
142 215
142 222
142 225
142 226
142 230
142 239
142 240
142 241
142 245
142 258
142 260
142 264
142 267
142 271
142 274
142 277
142 278
142 281
142 283
142 292
142 296
142 297
142 299
143 144
143 147
143 152
143 153
143 157
143 158
143 161
143 164
143 176
143 177
143 178
143 181
143 182
143 183
143 187
143 195
143 200
143 202
143 205
143 217
143 219
143 222
143 223
143 226
143 227
143 236
143 237
143 240
143 242
143 253
143 254
143 255
143 257
143 267
143 274
143 278
143 281
143 291
143 294
143 295
143 296
143 297
143 299
144 146
144 147
144 148
144 149
144 154
144 159
144 166
144 168
144 169
144 172
144 173
144 179
144 184
144 188
144 190
144 191
144 194
144 198
144 201
144 203
144 208
144 209
144 210
144 213
144 215
144 222
144 224
144 225
144 227
144 243
144 245
144 248
144 251
144 252
144 254
144 256
144 259
144 267
144 271
144 272
144 275
144 277
144 279
144 280
144 282
144 283
144 291
144 292
144 299
145 151
145 152
145 165
145 166
145 170
145 172
145 175
145 176
145 177
145 178
145 183
145 184
145 186
145 188
145 195
145 196
145 197
145 198
145 204
145 207
145 211
145 213
145 215
145 216
145 218
145 223
145 229
145 230
145 232
145 235
145 237
145 241
145 245
145 247
145 248
145 253
145 256
145 257
145 258
145 262
145 264
145 267
145 277
145 282
145 294
145 298
146 158
146 159
146 165
146 173
146 175
146 180
146 181
146 185
146 186
146 189
146 200
146 204
146 207
146 210
146 217
146 218
146 220
146 221
146 224
146 226
146 231
146 232
146 235
146 241
146 243
146 246
146 248
146 251
146 253
146 270
146 272
146 278
146 286
146 289
146 290
146 291
146 293
146 296
146 297
147 149
147 154
147 160
147 161
147 162
147 168
147 171
147 177
147 187
147 188
147 193
147 198
147 201
147 203
147 209
147 213
147 217
147 218
147 225
147 226
147 227
147 228
147 235
147 238
147 239
147 240
147 244
147 245
147 252
147 257
147 259
147 260
147 268
147 270
147 271
147 276
147 279
147 282
147 284
147 285
147 287
147 293
148 154
148 155
148 158
148 162
148 163
148 167
148 168
148 171
148 176
148 178
148 179
148 181
148 182
148 188
148 189
148 193
148 206
148 213
148 215
148 217
148 218
148 219
148 220
148 221
148 226
148 227
148 228
148 248
148 250
148 251
148 263
148 266
148 267
148 271
148 272
148 278
148 282
148 289
148 294
148 296
148 298
148 299
149 152
149 153
149 155
149 159
149 160
149 161
149 164
149 165
149 167
149 169
149 170
149 171
149 176
149 177
149 178
149 183
149 186
149 187
149 192
149 205
149 211
149 213
149 214
149 215
149 216
149 221
149 224
149 225
149 228
149 230
149 232
149 233
149 238
149 240
149 250
149 255
149 257
149 258
149 259
149 263
149 264
149 267
149 268
149 269
149 270
149 271
149 273
149 275
149 285
149 286
149 293
149 294
149 296
149 299
150 157
150 158
150 161
150 162
150 164
150 167
150 175
150 176
150 178
150 180
150 184
150 190
150 193
150 199
150 204
150 208
150 209
150 213
150 218
150 219
150 220
150 223
150 233
150 239
150 241
150 242
150 245
150 247
150 248
150 253
150 255
150 266
150 269
150 271
150 272
150 273
150 275
150 277
150 279
150 280
150 289
150 292
150 293
150 296
150 299
151 152
151 153
151 163
151 165
151 166
151 170
151 172
151 173
151 179
151 182
151 183
151 184
151 186
151 192
151 194
151 198
151 204
151 205
151 206
151 208
151 209
151 210
151 212
151 218
151 220
151 223
151 233
151 234
151 235
151 240
151 242
151 243
151 245
151 251
151 254
151 264
151 266
151 267
151 269
151 270
151 274
151 278
151 279
151 281
151 282
151 286
151 288
151 291
151 295
151 297
152 157
152 161
152 163
152 165
152 169
152 171
152 176
152 181
152 182
152 184
152 201
152 205
152 207
152 210
152 212
152 214
152 215
152 217
152 222
152 228
152 229
152 230
152 232
152 236
152 239
152 243
152 246
152 259
152 261
152 265
152 266
152 268
152 269
152 270
152 273
152 286
152 297
153 158
153 161
153 167
153 169
153 171
153 172
153 174
153 178
153 179
153 180
153 181
153 186
153 187
153 189
153 190
153 192
153 194
153 197
153 199
153 200
153 202
153 209
153 212
153 214
153 217
153 219
153 221
153 223
153 224
153 231
153 234
153 237
153 239
153 243
153 244
153 256
153 262
153 264
153 266
153 269
153 270
153 277
153 279
153 280
153 287
153 288
153 293
153 295
153 297
153 299
154 156
154 159
154 169
154 170
154 171
154 175
154 176
154 177
154 178
154 181
154 184
154 187
154 190
154 192
154 196
154 199
154 210
154 213
154 216
154 218
154 223
154 224
154 230
154 233
154 234
154 237
154 242
154 247
154 252
154 253
154 254
154 261
154 269
154 270
154 271
154 276
154 285
154 286
154 287
154 292
155 158
155 160
155 161
155 164
155 165
155 168
155 172
155 175
155 177
155 180
155 184
155 187
155 189
155 191
155 196
155 205
155 211
155 213
155 223
155 226
155 231
155 233
155 236
155 240
155 244
155 245
155 247
155 251
155 253
155 256
155 260
155 266
155 270
155 271
155 274
155 282
155 284
155 286
155 287
155 293
155 294
155 297
156 159
156 162
156 165
156 166
156 172
156 176
156 177
156 179
156 188
156 191
156 194
156 201
156 202
156 203
156 205
156 208
156 209
156 216
156 218
156 219
156 220
156 221
156 229
156 231
156 232
156 233
156 234
156 235
156 238
156 244
156 245
156 250
156 251
156 255
156 258
156 259
156 261
156 268
156 269
156 271
156 273
156 274
156 275
156 278
156 279
156 288
156 291
156 297
156 299
157 159
157 163
157 166
157 168
157 170
157 171
157 174
157 180
157 181
157 189
157 190
157 196
157 197
157 199
157 200
157 202
157 208
157 210
157 215
157 219
157 222
157 226
157 232
157 243
157 246
157 248
157 249
157 254
157 255
157 259
157 263
157 264
157 266
157 269
157 270
157 272
157 284
157 285
157 291
157 293
157 294
157 299
158 161
158 162
158 169
158 174
158 175
158 176
158 177
158 190
158 195
158 197
158 201
158 202
158 207
158 213
158 214
158 225
158 226
158 227
158 229
158 234
158 240
158 241
158 245
158 247
158 257
158 263
158 266
158 268
158 275
158 277
158 278
158 282
158 296
159 161
159 169
159 170
159 171
159 172
159 173
159 174
159 175
159 176
159 178
159 181
159 184
159 185
159 186
159 188
159 189
159 193
159 197
159 199
159 200
159 202
159 214
159 216
159 217
159 218
159 223
159 233
159 238
159 240
159 243
159 244
159 247
159 250
159 255
159 256
159 258
159 260
159 262
159 264
159 266
159 269
159 273
159 274
159 277
159 279
159 280
159 283
159 286
159 290
159 291
159 296
160 161
160 165
160 173
160 176
160 178
160 181
160 188
160 197
160 201
160 203
160 204
160 205
160 211
160 218
160 222
160 223
160 224
160 227
160 228
160 229
160 230
160 237
160 239
160 241
160 247
160 250
160 251
160 253
160 255
160 258
160 261
160 266
160 268
160 273
160 275
160 277
160 280
160 283
160 287
160 290
161 162
161 168
161 169
161 170
161 179
161 181
161 184
161 185
161 189
161 192
161 201
161 202
161 203
161 205
161 209
161 213
161 216
161 219
161 229
161 232
161 240
161 242
161 244
161 246
161 256
161 258
161 261
161 264
161 265
161 269
161 270
161 274
161 282
161 287
161 289
161 294
161 299
162 165
162 167
162 172
162 174
162 176
162 179
162 182
162 183
162 187
162 188
162 189
162 191
162 194
162 195
162 196
162 197
162 199
162 203
162 204
162 205
162 211
162 214
162 216
162 221
162 225
162 227
162 232
162 236
162 242
162 251
162 252
162 254
162 255
162 259
162 262
162 265
162 268
162 271
162 275
162 276
162 280
162 281
162 282
162 288
162 297
162 298
163 164
163 170
163 172
163 176
163 184
163 185
163 186
163 190
163 191
163 193
163 197
163 208
163 218
163 221
163 223
163 225
163 228
163 229
163 232
163 235
163 236
163 238
163 240
163 242
163 245
163 247
163 251
163 252
163 253
163 259
163 264
163 270
163 273
163 278
163 280
163 281
163 289
163 293
163 294
163 298
164 169
164 171
164 172
164 173
164 177
164 183
164 184
164 185
164 186
164 188
164 189
164 190
164 193
164 194
164 201
164 204
164 209
164 211
164 213
164 215
164 216
164 228
164 235
164 236
164 238
164 241
164 243
164 250
164 251
164 252
164 254
164 256
164 261
164 262
164 274
164 277
164 280
164 288
164 292
164 293
164 297
165 167
165 173
165 174
165 178
165 182
165 184
165 186
165 190
165 193
165 195
165 198
165 206
165 208
165 213
165 214
165 216
165 224
165 227
165 228
165 230
165 233
165 237
165 242
165 246
165 250
165 252
165 253
165 254
165 255
165 257
165 261
165 262
165 265
165 267
165 269
165 270
165 274
165 275
165 282
165 284
165 285
165 286
165 289
165 292
165 293
165 295
166 171
166 173
166 174
166 175
166 177
166 180
166 182
166 185
166 192
166 194
166 196
166 199
166 201
166 202
166 203
166 205
166 211
166 215
166 221
166 223
166 227
166 229
166 231
166 233
166 238
166 239
166 243
166 245
166 246
166 247
166 249
166 250
166 251
166 252
166 259
166 262
166 263
166 269
166 275
166 282
166 286
166 290
166 294
166 295
167 168
167 169
167 171
167 173
167 174
167 176
167 178
167 180
167 195
167 196
167 197
167 199
167 200
167 202
167 204
167 206
167 211
167 212
167 213
167 217
167 220
167 221
167 225
167 229
167 236
167 237
167 239
167 243
167 244
167 245
167 246
167 249
167 253
167 262
167 269
167 275
167 277
167 297
168 177
168 179
168 180
168 183
168 186
168 188
168 192
168 193
168 194
168 197
168 206
168 209
168 215
168 218
168 219
168 221
168 223
168 227
168 230
168 232
168 233
168 238
168 243
168 246
168 248
168 256
168 260
168 261
168 262
168 263
168 277
168 279
168 280
168 282
168 286
168 287
168 293
168 297
169 171
169 174
169 175
169 176
169 180
169 183
169 185
169 189
169 192
169 213
169 216
169 223
169 225
169 226
169 230
169 237
169 245
169 246
169 252
169 265
169 266
169 267
169 271
169 285
169 286
169 287
169 288
169 294
169 295
170 171
170 172
170 175
170 183
170 184
170 187
170 188
170 189
170 192
170 199
170 201
170 203
170 204
170 205
170 214
170 220
170 222
170 225
170 226
170 227
170 229
170 231
170 232
170 233
170 240
170 242
170 245
170 246
170 248
170 264
170 267
170 268
170 273
170 278
170 280
170 283
170 284
170 289
170 290
170 291
171 174
171 175
171 176
171 183
171 192
171 201
171 206
171 207
171 218
171 223
171 225
171 228
171 237
171 239
171 240
171 242
171 248
171 263
171 266
171 268
171 270
171 271
171 277
171 285
171 288
171 290
171 293
171 294
171 297
172 175
172 177
172 178
172 181
172 185
172 187
172 188
172 196
172 204
172 208
172 212
172 216
172 217
172 219
172 221
172 222
172 225
172 226
172 227
172 231
172 237
172 239
172 248
172 250
172 251
172 252
172 256
172 257
172 259
172 264
172 265
172 266
172 270
172 272
172 274
172 279
172 280
172 282
172 283
172 289
172 293
172 294
172 296
173 178
173 180
173 181
173 194
173 196
173 201
173 203
173 204
173 207
173 209
173 212
173 213
173 217
173 220
173 223
173 225
173 226
173 228
173 235
173 236
173 240
173 241
173 242
173 243
173 245
173 250
173 253
173 254
173 256
173 260
173 266
173 273
173 279
173 280
173 281
173 283
173 292
174 175
174 178
174 179
174 188
174 193
174 194
174 195
174 197
174 200
174 202
174 205
174 206
174 208
174 210
174 211
174 212
174 215
174 223
174 227
174 234
174 235
174 237
174 240
174 241
174 247
174 253
174 260
174 262
174 264
174 273
174 276
174 277
174 278
174 281
174 285
174 291
174 293
174 294
175 178
175 180
175 182
175 183
175 184
175 185
175 189
175 197
175 199
175 205
175 215
175 217
175 218
175 224
175 225
175 236
175 238
175 241
175 243
175 246
175 263
175 265
175 267
175 271
175 273
175 277
175 278
175 279
175 282
175 287
175 288
175 289
175 299
176 182
176 184
176 186
176 188
176 189
176 190
176 191
176 195
176 199
176 202
176 203
176 206
176 209
176 213
176 215
176 220
176 224
176 235
176 236
176 239
176 243
176 244
176 245
176 247
176 248
176 250
176 251
176 256
176 258
176 265
176 267
176 268
176 275
176 278
176 279
176 283
176 285
176 287
176 289
176 290
176 292
176 294
176 295
176 297
177 180
177 183
177 188
177 198
177 199
177 200
177 208
177 216
177 220
177 225
177 228
177 239
177 241
177 242
177 244
177 249
177 250
177 251
177 252
177 254
177 260
177 268
177 269
177 276
177 278
177 281
177 282
177 285
177 288
177 291
177 293
177 294
177 296
177 297
177 298
177 299
178 183
178 185
178 187
178 198
178 200
178 203
178 204
178 208
178 213
178 218
178 219
178 224
178 225
178 226
178 227
178 229
178 234
178 239
178 240
178 241
178 250
178 252
178 253
178 260
178 261
178 262
178 264
178 265
178 268
178 274
178 276
178 281
178 282
178 285
178 286
178 287
178 289
178 290
178 293
178 295
178 297
179 180
179 181
179 186
179 187
179 189
179 197
179 200
179 207
179 208
179 210
179 214
179 219
179 222
179 229
179 234
179 239
179 243
179 244
179 249
179 252
179 253
179 255
179 259
179 260
179 261
179 262
179 279
179 289
179 296
179 297
179 298
180 181
180 189
180 192
180 193
180 194
180 195
180 204
180 207
180 209
180 211
180 221
180 225
180 226
180 227
180 231
180 233
180 234
180 235
180 237
180 241
180 249
180 255
180 262
180 263
180 264
180 270
180 275
180 290
180 291
180 293
181 182
181 186
181 194
181 200
181 207
181 208
181 212
181 214
181 215
181 217
181 218
181 221
181 225
181 226
181 228
181 236
181 237
181 244
181 257
181 261
181 263
181 268
181 275
181 278
181 280
181 288
181 296
181 299
182 185
182 191
182 202
182 205
182 210
182 213
182 214
182 215
182 216
182 221
182 222
182 223
182 225
182 228
182 229
182 232
182 234
182 237
182 238
182 239
182 244
182 247
182 256
182 257
182 260
182 261
182 264
182 270
182 273
182 282
182 283
182 285
182 287
182 291
182 293
182 298
183 193
183 194
183 196
183 198
183 200
183 202
183 204
183 206
183 208
183 209
183 214
183 217
183 220
183 221
183 223
183 227
183 232
183 235
183 239
183 245
183 250
183 257
183 262
183 263
183 265
183 270
183 275
183 276
183 277
183 280
183 281
183 284
183 287
183 296
183 298
183 299
184 186
184 193
184 194
184 197
184 200
184 206
184 212
184 214
184 221
184 224
184 226
184 229
184 231
184 232
184 235
184 243
184 250
184 251
184 253
184 263
184 276
184 282
184 285
184 287
184 296
184 297
184 298
185 188
185 191
185 194
185 195
185 197
185 203
185 204
185 205
185 206
185 211
185 217
185 221
185 228
185 229
185 232
185 235
185 237
185 240
185 248
185 254
185 256
185 260
185 263
185 264
185 270
185 271
185 273
185 274
185 281
185 283
185 286
185 295
186 192
186 194
186 201
186 202
186 215
186 216
186 229
186 234
186 235
186 236
186 238
186 242
186 244
186 250
186 255
186 257
186 261
186 269
186 275
186 278
186 281
186 283
186 288
186 292
187 188
187 192
187 196
187 197
187 201
187 202
187 204
187 209
187 211
187 212
187 218
187 221
187 222
187 223
187 224
187 228
187 234
187 235
187 237
187 239
187 243
187 244
187 246
187 247
187 250
187 252
187 254
187 257
187 260
187 267
187 269
187 270
187 272
187 274
187 279
187 280
187 281
187 288
187 292
187 297
188 189
188 190
188 193
188 195
188 197
188 198
188 203
188 204
188 208
188 209
188 211
188 215
188 217
188 224
188 226
188 230
188 245
188 250
188 252
188 255
188 257
188 263
188 267
188 273
188 275
188 277
188 283
188 284
188 287
188 290
188 293
188 295
189 191
189 193
189 195
189 196
189 197
189 199
189 204
189 206
189 214
189 217
189 218
189 221
189 227
189 230
189 231
189 232
189 240
189 241
189 245
189 247
189 252
189 255
189 261
189 266
189 272
189 275
189 276
189 279
189 282
189 287
189 293
190 192
190 201
190 203
190 206
190 208
190 209
190 211
190 216
190 237
190 240
190 244
190 251
190 254
190 256
190 257
190 263
190 267
190 271
190 272
190 281
190 282
190 283
190 285
190 288
190 293
190 297
191 196
191 201
191 204
191 208
191 209
191 210
191 211
191 216
191 217
191 223
191 226
191 230
191 243
191 250
191 251
191 252
191 258
191 265
191 271
191 274
191 276
191 281
191 282
191 284
191 286
191 288
191 290
191 292
191 295
192 198
192 201
192 206
192 210
192 216
192 222
192 226
192 229
192 230
192 233
192 234
192 235
192 238
192 239
192 240
192 241
192 242
192 243
192 247
192 248
192 250
192 255
192 259
192 260
192 263
192 276
192 286
192 288
192 293
193 196
193 198
193 203
193 211
193 218
193 220
193 224
193 226
193 231
193 233
193 237
193 245
193 246
193 252
193 253
193 255
193 256
193 260
193 262
193 274
193 275
193 283
193 284
193 290
193 292
193 298
194 195
194 198
194 203
194 204
194 205
194 209
194 210
194 212
194 214
194 222
194 230
194 232
194 234
194 235
194 239
194 242
194 245
194 246
194 247
194 249
194 254
194 260
194 261
194 265
194 267
194 277
194 279
194 280
194 287
194 292
194 294
194 295
194 296
194 298
194 299
195 203
195 205
195 206
195 212
195 214
195 219
195 221
195 222
195 224
195 227
195 229
195 232
195 235
195 236
195 241
195 243
195 252
195 255
195 256
195 260
195 261
195 266
195 267
195 268
195 269
195 270
195 272
195 274
195 275
195 277
195 279
195 284
195 286
195 291
195 292
196 197
196 201
196 202
196 204
196 207
196 208
196 212
196 220
196 221
196 222
196 224
196 226
196 227
196 228
196 232
196 240
196 241
196 243
196 244
196 247
196 248
196 249
196 252
196 259
196 263
196 269
196 270
196 271
196 275
196 279
196 287
196 288
196 289
196 291
196 292
196 293
196 294
197 200
197 205
197 206
197 207
197 210
197 214
197 215
197 218
197 232
197 233
197 236
197 244
197 245
197 246
197 250
197 251
197 252
197 255
197 259
197 261
197 262
197 264
197 266
197 268
197 270
197 271
197 272
197 278
197 280
197 283
197 284
197 287
197 288
197 290
197 291
197 292
197 293
197 297
197 299
198 203
198 211
198 215
198 216
198 220
198 222
198 230
198 232
198 237
198 241
198 247
198 254
198 260
198 261
198 262
198 264
198 267
198 268
198 269
198 278
198 281
198 288
198 292
198 295
198 298
199 202
199 206
199 212
199 218
199 220
199 222
199 225
199 230
199 232
199 236
199 237
199 239
199 244
199 248
199 250
199 252
199 253
199 255
199 257
199 260
199 261
199 265
199 274
199 276
199 281
199 285
200 208
200 209
200 211
200 212
200 214
200 217
200 218
200 219
200 225
200 227
200 228
200 230
200 239
200 240
200 243
200 249
200 252
200 257
200 260
200 264
200 267
200 268
200 269
200 272
200 273
200 276
200 278
200 279
200 288
200 296
200 298
201 202
201 207
201 208
201 213
201 216
201 218
201 219
201 226
201 227
201 236
201 240
201 244
201 257
201 267
201 270
201 271
201 272
201 273
201 279
201 280
201 282
201 283
201 286
201 291
201 293
201 295
201 297
202 203
202 208
202 217
202 224
202 230
202 231
202 234
202 240
202 241
202 244
202 245
202 248
202 252
202 256
202 258
202 260
202 263
202 267
202 269
202 275
202 279
202 283
202 286
202 298
203 210
203 216
203 219
203 224
203 225
203 228
203 229
203 238
203 239
203 244
203 247
203 251
203 252
203 254
203 259
203 262
203 267
203 269
203 273
203 275
203 283
203 286
203 287
203 289
203 295
203 299
204 208
204 212
204 214
204 215
204 223
204 224
204 228
204 230
204 234
204 236
204 238
204 241
204 243
204 244
204 247
204 249
204 251
204 259
204 260
204 261
204 262
204 265
204 266
204 267
204 272
204 275
204 277
204 281
204 288
204 289
204 295
204 298
205 206
205 207
205 208
205 210
205 211
205 212
205 216
205 218
205 220
205 221
205 228
205 232
205 233
205 237
205 238
205 242
205 243
205 248
205 250
205 251
205 258
205 260
205 264
205 265
205 266
205 268
205 272
205 274
205 278
205 282
205 288
205 291
205 295
205 298
205 299
206 208
206 210
206 212
206 221
206 230
206 232
206 237
206 238
206 240
206 241
206 242
206 245
206 247
206 249
206 262
206 263
206 265
206 270
206 281
206 283
206 284
206 285
206 286
206 287
206 291
206 292
206 294
206 296
206 297
207 209
207 215
207 216
207 219
207 220
207 223
207 224
207 232
207 233
207 236
207 241
207 242
207 243
207 244
207 245
207 246
207 248
207 257
207 258
207 268
207 269
207 273
207 278
207 279
207 286
207 287
207 290
208 213
208 214
208 217
208 218
208 221
208 225
208 226
208 227
208 228
208 230
208 232
208 234
208 240
208 242
208 245
208 250
208 256
208 257
208 260
208 261
208 262
208 266
208 268
208 273
208 274
208 283
208 287
208 290
208 298
209 210
209 213
209 217
209 219
209 221
209 224
209 232
209 236
209 237
209 240
209 241
209 243
209 244
209 248
209 250
209 252
209 256
209 257
209 263
209 264
209 268
209 271
209 281
209 284
209 286
209 288
209 292
210 213
210 215
210 218
210 228
210 233
210 238
210 239
210 240
210 245
210 246
210 249
210 250
210 253
210 259
210 262
210 266
210 271
210 272
210 273
210 274
210 275
210 278
210 279
210 281
210 282
210 286
210 288
210 289
210 290
210 294
211 214
211 217
211 218
211 220
211 225
211 226
211 233
211 239
211 240
211 245
211 247
211 254
211 257
211 264
211 268
211 272
211 273
211 274
211 277
211 278
211 281
211 283
211 287
211 291
211 292
211 293
212 217
212 218
212 219
212 222
212 224
212 225
212 226
212 232
212 233
212 239
212 240
212 242
212 243
212 252
212 255
212 259
212 263
212 265
212 268
212 272
212 277
212 279
212 283
212 284
212 288
212 293
212 294
213 214
213 221
213 223
213 224
213 225
213 227
213 228
213 236
213 237
213 238
213 239
213 241
213 266
213 272
213 273
213 276
213 277
213 282
213 285
213 287
213 293
213 295
213 299
214 220
214 222
214 225
214 228
214 229
214 235
214 237
214 239
214 241
214 246
214 247
214 248
214 249
214 250
214 252
214 256
214 262
214 266
214 273
214 275
214 280
214 286
214 288
214 293
214 294
214 295
215 229
215 231
215 237
215 238
215 246
215 248
215 249
215 250
215 254
215 256
215 257
215 258
215 263
215 267
215 269
215 272
215 276
215 280
215 282
215 289
215 290
215 291
215 296
215 297
216 218
216 221
216 223
216 231
216 233
216 234
216 237
216 239
216 241
216 242
216 243
216 245
216 246
216 248
216 249
216 250
216 251
216 252
216 253
216 254
216 268
216 272
216 275
216 278
216 280
216 283
216 288
216 289
216 290
216 293
216 294
216 295
217 218
217 219
217 220
217 229
217 237
217 238
217 243
217 247
217 260
217 262
217 270
217 271
217 274
217 276
217 283
217 286
217 288
217 294
217 295
218 222
218 223
218 224
218 227
218 232
218 238
218 241
218 243
218 245
218 248
218 249
218 257
218 260
218 262
218 266
218 269
218 273
218 275
218 277
218 279
218 280
218 282
218 285
218 287
218 289
218 290
218 291
218 293
218 295
218 299
219 225
219 232
219 235
219 252
219 255
219 256
219 259
219 263
219 266
219 268
219 282
219 284
219 285
219 288
220 223
220 225
220 226
220 231
220 232
220 233
220 234
220 239
220 243
220 251
220 252
220 253
220 254
220 263
220 272
220 277
220 278
220 287
220 291
220 293
221 222
221 223
221 226
221 227
221 228
221 229
221 235
221 255
221 258
221 259
221 263
221 264
221 274
221 277
221 284
221 286
221 294
221 296
221 297
222 225
222 229
222 231
222 234
222 235
222 242
222 244
222 249
222 250
222 254
222 255
222 257
222 259
222 268
222 269
222 278
222 279
222 284
222 286
222 288
222 296
223 225
223 227
223 230
223 232
223 235
223 236
223 239
223 244
223 250
223 252
223 259
223 262
223 263
223 273
223 274
223 280
223 295
223 299
224 225
224 226
224 228
224 230
224 232
224 234
224 235
224 239
224 241
224 245
224 246
224 252
224 253
224 264
224 266
224 271
224 273
224 277
224 278
224 281
224 282
224 283
224 284
224 286
224 287
224 298
225 227
225 229
225 231
225 242
225 255
225 258
225 262
225 263
225 265
225 271
225 273
225 277
225 289
225 295
225 299
226 233
226 234
226 235
226 238
226 239
226 241
226 250
226 260
226 265
226 278
226 281
226 282
226 285
226 294
227 229
227 233
227 235
227 239
227 242
227 245
227 246
227 249
227 254
227 257
227 258
227 262
227 267
227 272
227 273
227 277
227 281
227 285
227 286
227 288
227 291
227 292
227 293
227 296
228 229
228 233
228 237
228 239
228 243
228 244
228 246
228 249
228 252
228 262
228 265
228 272
228 273
228 274
228 275
228 283
228 284
228 287
228 289
228 297
229 231
229 232
229 234
229 236
229 242
229 247
229 250
229 254
229 256
229 257
229 266
229 268
229 270
229 271
229 274
229 275
229 278
229 284
229 286
229 291
229 299
230 235
230 236
230 238
230 240
230 241
230 242
230 258
230 264
230 267
230 269
230 270
230 271
230 273
230 274
230 276
230 280
230 282
230 283
230 285
230 286
230 289
230 291
230 295
230 298
231 233
231 239
231 241
231 245
231 253
231 258
231 260
231 261
231 267
231 268
231 273
231 291
231 297
231 299
232 234
232 240
232 244
232 250
232 253
232 256
232 260
232 262
232 270
232 273
232 274
232 276
232 278
232 280
232 282
232 283
232 286
232 292
232 295
233 238
233 239
233 247
233 251
233 253
233 261
233 264
233 273
233 282
233 287
233 289
233 295
234 236
234 238
234 239
234 242
234 244
234 245
234 247
234 251
234 261
234 262
234 263
234 270
234 272
234 279
234 291
234 295
235 238
235 240
235 242
235 243
235 246
235 251
235 253
235 254
235 257
235 258
235 266
235 267
235 268
235 270
235 272
235 278
235 280
235 293
236 237
236 239
236 242
236 243
236 245
236 249
236 253
236 254
236 257
236 258
236 259
236 263
236 264
236 269
236 270
236 276
236 280
236 283
236 297
237 238
237 239
237 243
237 245
237 248
237 251
237 254
237 267
237 272
237 273
237 277
237 283
237 286
237 288
237 299
238 239
238 245
238 248
238 253
238 255
238 257
238 265
238 267
238 273
238 281
238 296
238 298
239 240
239 243
239 247
239 249
239 253
239 259
239 260
239 265
239 268
239 269
239 271
239 272
239 278
239 279
239 283
239 284
239 288
239 299
240 244
240 249
240 251
240 254
240 255
240 261
240 268
240 274
240 275
240 278
240 279
240 282
240 284
240 285
240 287
240 288
240 291
240 298
240 299
241 242
241 244
241 245
241 247
241 249
241 253
241 254
241 260
241 267
241 270
241 271
241 278
241 281
241 283
241 289
241 290
241 293
241 297
241 298
242 246
242 247
242 248
242 250
242 253
242 255
242 261
242 267
242 275
242 281
242 282
242 283
242 286
242 293
242 298
243 248
243 249
243 250
243 252
243 260
243 268
243 270
243 271
243 276
243 280
243 284
243 286
243 299
244 245
244 248
244 252
244 255
244 256
244 258
244 260
244 262
244 271
244 276
244 278
244 279
244 280
244 291
244 292
244 294
244 297
244 298
245 246
245 248
245 252
245 256
245 259
245 261
245 262
245 268
245 284
245 287
245 291
245 292
246 250
246 251
246 255
246 256
246 259
246 261
246 263
246 267
246 289
246 292
246 299
247 265
247 269
247 270
247 271
247 275
247 280
247 282
247 283
247 294
247 295
247 298
248 254
248 267
248 271
248 279
248 287
248 290
248 291
248 299
249 251
249 253
249 257
249 266
249 275
249 278
249 279
249 280
249 281
249 283
249 285
249 287
249 289
249 290
249 294
249 296
249 299
250 260
250 264
250 265
250 266
250 267
250 271
250 275
250 276
250 280
250 281
250 282
250 284
250 286
250 289
250 291
250 296
251 252
251 253
251 257
251 259
251 261
251 265
251 269
251 270
251 278
251 282
251 285
251 289
251 291
251 295
252 253
252 259
252 260
252 262
252 263
252 265
252 268
252 269
252 270
252 274
252 280
252 282
252 284
252 286
252 292
252 293
252 294
253 259
253 265
253 266
253 269
253 273
253 274
253 277
253 279
253 280
253 283
253 284
253 286
253 287
253 293
253 297
253 298
253 299
254 257
254 262
254 263
254 264
254 265
254 266
254 267
254 268
254 269
254 271
254 274
254 276
254 280
254 284
254 287
254 289
254 292
254 294
254 296
254 298
254 299
255 259
255 261
255 262
255 263
255 265
255 266
255 267
255 268
255 272
255 275
255 276
255 278
255 281
255 284
255 286
255 287
255 289
255 293
255 295
256 260
256 261
256 263
256 266
256 268
256 271
256 272
256 277
256 280
256 282
256 285
256 289
256 291
256 292
256 294
256 296
256 297
256 298
257 258
257 260
257 269
257 271
257 272
257 274
257 275
257 281
257 282
257 290
257 296
257 297
258 261
258 269
258 274
258 275
258 277
258 281
258 283
258 284
258 289
258 290
258 293
258 294
258 298
259 260
259 261
259 262
259 266
259 267
259 271
259 282
259 283
259 292
259 296
259 298
259 299
260 265
260 276
260 277
260 278
260 279
260 286
260 288
260 290
260 292
260 296
260 297
261 262
261 263
261 265
261 268
261 269
261 272
261 281
261 283
261 288
261 290
262 265
262 268
262 273
262 274
262 286
262 292
262 294
262 298
263 268
263 270
263 271
263 276
263 282
263 284
263 297
264 265
264 271
264 274
264 278
264 289
264 290
264 291
264 297
265 269
265 276
265 283
265 287
265 290
265 292
265 294
265 297
266 267
266 270
266 274
266 281
266 282
266 286
266 291
266 295
266 297
267 269
267 272
267 273
267 278
267 279
267 280
267 281
267 282
267 283
267 285
267 286
267 289
267 290
267 293
267 294
267 297
268 269
268 271
268 272
268 280
268 284
268 286
268 289
268 290
268 294
268 297
269 273
269 275
269 279
269 281
269 282
269 284
269 287
269 292
269 293
269 295
269 297
269 298
270 273
270 279
270 282
270 285
270 294
270 297
270 298
271 279
271 283
271 285
271 294
271 295
271 297
272 273
272 277
272 280
272 283
272 286
272 295
272 297
272 299
273 277
273 278
273 279
273 280
273 283
273 284
273 292
273 299
274 276
274 278
274 280
274 281
274 283
274 286
274 289
274 292
274 296
274 297
274 298
275 279
275 280
275 282
275 285
275 287
275 288
275 291
275 292
275 293
275 294
275 299
276 277
276 279
276 281
276 287
276 290
276 291
276 293
276 295
277 282
277 287
277 290
277 297
278 284
278 285
278 299
279 286
279 288
279 289
279 290
279 292
279 294
279 297
279 298
280 286
280 292
281 284
281 286
281 289
282 283
282 286
282 288
282 290
282 292
282 298
283 287
283 288
283 289
283 295
284 286
284 287
284 288
284 294
284 295
284 297
285 286
285 290
285 294
285 297
285 299
286 287
286 297
286 298
286 299
287 292
287 293
287 296
287 297
288 289
288 295
289 295
289 299
290 292
290 293
290 294
290 295
290 296
291 293
291 297
292 294
292 295
293 296
294 295
295 298
296 298
296 299
