50 230
0 9
0 14
0 20
0 22
0 24
0 32
0 35
0 38
0 39
0 44
1 17
1 23
1 31
1 37
1 41
2 11
2 15
2 29
2 33
3 14
3 24
3 35
3 42
3 47
4 11
4 12
4 18
4 19
4 27
4 28
4 34
5 9
5 13
5 26
5 27
5 36
5 38
5 43
5 44
5 45
6 8
6 13
6 16
6 17
6 18
6 21
6 25
6 26
6 29
6 32
6 33
6 34
6 36
6 40
7 14
7 27
7 34
8 9
8 17
8 19
8 21
8 23
8 24
8 27
8 35
8 37
8 45
8 47
9 15
9 18
9 23
9 29
9 30
9 31
9 34
9 36
10 12
10 13
10 14
10 37
10 38
10 39
10 40
10 42
10 47
11 18
11 22
11 27
11 28
11 30
11 34
11 35
11 37
11 44
11 46
12 15
12 20
12 24
12 25
12 26
12 33
12 36
12 39
12 46
13 17
13 22
13 23
13 24
13 26
13 36
13 37
13 42
14 17
14 22
14 27
14 28
14 34
14 41
15 35
15 37
15 39
15 42
16 18
16 20
16 22
16 23
16 33
16 43
16 44
16 46
17 24
17 27
17 28
17 34
17 45
18 23
18 24
18 31
18 36
18 42
18 48
19 22
19 23
19 25
19 28
19 30
19 31
19 33
20 21
20 27
20 29
20 32
20 38
20 40
20 43
20 44
20 46
20 49
21 23
21 37
21 48
22 23
22 24
22 25
22 47
23 25
23 26
23 33
23 37
23 42
23 46
23 49
24 36
24 41
24 42
24 45
24 46
25 28
25 41
26 36
26 37
26 41
26 42
26 43
26 44
26 48
27 31
27 33
27 45
28 31
28 35
28 36
28 38
28 41
28 42
28 43
29 30
29 33
29 38
29 45
29 46
30 45
31 38
31 39
31 42
32 38
32 43
32 44
32 49
33 36
34 36
34 44
34 48
35 44
35 48
36 38
36 42
36 47
37 48
37 49
38 42
38 46
39 43
39 45
40 41
40 45
40 49
41 44
44 45
45 46
