80 673
0 3
0 8
0 12
0 36
0 39
0 42
0 49
0 56
0 57
0 59
0 60
0 67
0 72
1 8
1 15
1 18
1 24
1 27
1 31
1 34
1 37
1 41
1 43
1 47
1 49
1 50
1 53
1 57
1 60
1 61
1 62
1 69
1 74
1 78
2 4
2 5
2 8
2 11
2 20
2 30
2 63
2 65
2 75
3 6
3 9
3 10
3 14
3 22
3 23
3 28
3 32
3 36
3 42
3 44
3 45
3 48
3 51
3 53
3 54
3 55
3 59
3 61
3 71
3 74
3 75
4 11
4 13
4 24
4 33
4 36
4 41
4 44
4 49
4 53
4 60
4 61
4 65
4 66
4 72
4 74
4 77
4 78
5 10
5 11
5 17
5 18
5 19
5 20
5 24
5 25
5 27
5 32
5 41
5 54
5 70
5 72
5 77
6 7
6 11
6 16
6 18
6 22
6 24
6 26
6 35
6 39
6 52
6 54
6 57
6 63
6 64
6 65
6 67
6 73
6 78
7 8
7 12
7 13
7 17
7 19
7 30
7 41
7 48
7 49
7 55
7 57
7 58
7 59
7 62
7 63
7 74
8 9
8 22
8 24
8 46
8 60
8 62
8 63
8 77
9 17
9 23
9 25
9 36
9 37
9 38
9 47
9 49
9 55
9 63
9 70
9 75
9 77
9 78
9 79
10 12
10 17
10 24
10 27
10 35
10 38
10 43
10 48
10 52
10 59
10 65
10 67
10 71
10 72
10 76
11 21
11 23
11 31
11 35
11 36
11 37
11 44
11 47
11 49
11 62
11 67
11 75
12 26
12 31
12 35
12 37
12 39
12 49
12 57
12 63
12 64
13 22
13 23
13 25
13 38
13 40
13 45
13 49
13 53
13 56
13 67
13 72
13 76
13 77
14 15
14 27
14 29
14 44
14 56
14 61
14 64
14 71
14 73
14 74
14 75
14 77
15 16
15 22
15 27
15 30
15 31
15 32
15 33
15 38
15 43
15 48
15 58
15 70
15 73
15 76
15 77
16 17
16 20
16 22
16 28
16 29
16 32
16 38
16 42
16 49
16 50
16 60
16 63
16 66
16 71
16 74
16 75
16 76
16 77
17 21
17 24
17 41
17 46
17 51
17 53
17 55
17 56
17 59
17 60
17 63
17 64
18 21
18 28
18 35
18 38
18 49
18 50
18 51
18 57
18 58
18 59
18 61
18 66
18 70
18 78
19 20
19 31
19 32
19 44
19 45
19 51
19 58
19 59
19 64
19 70
19 72
19 78
20 23
20 26
20 29
20 38
20 39
20 40
20 47
20 50
20 51
20 53
20 56
20 72
21 22
21 23
21 26
21 28
21 30
21 36
21 38
21 39
21 43
21 44
21 52
21 55
21 63
21 64
21 66
21 71
21 78
22 30
22 32
22 33
22 36
22 54
22 60
22 64
22 69
22 75
23 54
23 58
23 62
23 64
23 78
24 25
24 26
24 27
24 29
24 30
24 31
24 37
24 39
24 40
24 41
24 49
24 50
24 58
24 66
24 68
24 70
25 26
25 27
25 34
25 35
25 40
25 43
25 48
25 53
25 55
25 59
25 67
26 33
26 37
26 43
26 51
26 73
26 75
26 77
27 31
27 34
27 44
27 47
27 59
27 61
27 66
27 68
27 69
27 71
27 73
28 31
28 32
28 34
28 35
28 37
28 39
28 42
28 48
28 51
28 53
28 74
29 32
29 35
29 45
29 51
29 53
29 54
29 56
29 60
29 65
29 69
29 75
30 37
30 42
30 44
30 46
30 51
30 55
30 58
30 62
30 64
30 65
30 67
30 75
30 77
31 38
31 41
31 42
31 55
31 63
31 77
31 79
32 36
32 43
32 51
32 53
32 54
32 55
32 57
32 61
32 66
32 69
32 74
32 75
33 54
33 68
33 73
33 79
34 39
34 40
34 41
34 48
34 49
34 61
34 62
34 63
34 65
34 66
34 70
34 71
34 76
34 77
35 36
35 49
35 52
35 53
35 54
35 56
35 64
35 69
35 70
35 74
35 76
36 42
36 45
36 47
36 48
36 61
36 75
36 76
36 78
37 39
37 44
37 49
37 55
37 57
37 58
37 59
37 65
37 73
37 75
37 77
38 41
38 51
38 54
38 57
38 63
38 68
38 69
38 70
38 74
38 75
38 78
39 40
39 41
39 49
39 51
39 76
40 48
40 50
40 60
40 61
40 62
40 67
40 70
40 71
41 45
41 61
41 64
41 69
41 75
41 76
42 46
42 47
42 53
42 63
42 64
42 65
42 69
42 78
43 50
43 54
43 58
43 59
43 60
43 62
43 66
43 78
44 45
44 50
44 53
44 58
44 61
44 77
44 79
45 57
45 59
45 70
46 48
46 50
46 56
46 64
46 66
46 68
46 70
46 72
46 73
46 78
47 49
47 57
47 58
47 67
47 71
47 73
47 77
47 79
48 49
48 55
48 57
48 58
48 68
48 69
48 73
48 74
48 78
49 52
49 57
49 61
49 64
49 78
50 51
50 52
50 55
50 61
50 63
50 66
50 68
50 69
50 71
50 73
50 78
51 55
51 57
51 58
51 63
51 64
51 70
51 77
51 79
52 53
52 56
52 59
52 65
52 72
53 59
53 61
53 67
53 77
53 78
53 79
54 56
54 59
54 60
54 61
54 62
54 64
54 77
54 79
55 58
55 60
55 61
55 68
55 78
56 59
56 60
56 63
56 64
56 68
56 69
56 70
56 71
56 76
57 61
57 62
57 63
57 64
57 66
57 75
58 76
59 62
59 65
59 71
59 79
60 65
60 71
60 72
61 69
61 70
61 71
61 74
61 78
62 67
62 69
63 71
63 73
63 74
63 76
63 78
64 65
64 77
64 78
65 67
65 71
65 73
65 74
65 76
65 79
66 69
66 73
66 74
67 79
68 74
68 75
68 77
69 78
70 71
70 74
70 75
71 72
71 76
73 75
73 78
74 75
74 76
74 77
74 78
76 78
76 79
78 79
