200 9961
0 2
0 3
0 4
0 5
0 6
0 7
0 8
0 9
0 10
0 12
0 13
0 15
0 16
0 18
0 20
0 23
0 25
0 26
0 27
0 32
0 33
0 35
0 36
0 37
0 38
0 39
0 44
0 45
0 46
0 47
0 49
0 50
0 52
0 53
0 59
0 62
0 63
0 64
0 65
0 66
0 67
0 70
0 71
0 72
0 73
0 74
0 75
0 77
0 78
0 79
0 82
0 83
0 84
0 85
0 88
0 89
0 91
0 93
0 94
0 97
0 98
0 99
0 101
0 104
0 105
0 109
0 112
0 114
0 116
0 118
0 121
0 123
0 124
0 126
0 129
0 130
0 134
0 135
0 136
0 137
0 139
0 140
0 141
0 143
0 144
0 145
0 146
0 147
0 150
0 151
0 153
0 155
0 157
0 158
0 162
0 163
0 164
0 167
0 168
0 169
0 171
0 172
0 173
0 174
0 178
0 179
0 181
0 188
0 189
0 191
0 193
0 198
1 3
1 4
1 8
1 9
1 10
1 11
1 13
1 15
1 16
1 18
1 24
1 25
1 27
1 28
1 29
1 33
1 35
1 36
1 37
1 38
1 40
1 43
1 46
1 50
1 52
1 53
1 54
1 56
1 59
1 65
1 66
1 69
1 70
1 71
1 72
1 75
1 76
1 77
1 78
1 79
1 85
1 88
1 90
1 92
1 95
1 99
1 101
1 106
1 107
1 108
1 110
1 112
1 114
1 116
1 117
1 125
1 126
1 134
1 136
1 137
1 139
1 141
1 145
1 146
1 147
1 149
1 152
1 154
1 155
1 157
1 161
1 163
1 166
1 167
1 172
1 175
1 178
1 179
1 184
1 187
1 189
1 190
1 191
1 192
1 197
1 198
2 5
2 6
2 10
2 11
2 12
2 13
2 17
2 19
2 20
2 21
2 25
2 26
2 27
2 29
2 30
2 32
2 33
2 34
2 35
2 38
2 40
2 41
2 42
2 43
2 45
2 47
2 49
2 51
2 53
2 59
2 65
2 66
2 69
2 72
2 76
2 77
2 78
2 79
2 80
2 82
2 89
2 91
2 97
2 99
2 100
2 101
2 103
2 104
2 106
2 107
2 111
2 112
2 113
2 114
2 122
2 123
2 124
2 126
2 128
2 129
2 130
2 131
2 132
2 133
2 137
2 141
2 143
2 144
2 145
2 146
2 147
2 148
2 149
2 154
2 158
2 160
2 162
2 163
2 164
2 165
2 166
2 172
2 177
2 178
2 179
2 180
2 181
2 182
2 187
2 188
2 190
2 191
2 193
2 196
2 198
3 5
3 7
3 9
3 10
3 11
3 14
3 16
3 17
3 18
3 21
3 24
3 27
3 28
3 29
3 34
3 35
3 36
3 38
3 41
3 42
3 43
3 47
3 48
3 49
3 51
3 52
3 53
3 54
3 56
3 57
3 58
3 59
3 61
3 62
3 63
3 64
3 66
3 67
3 68
3 69
3 70
3 71
3 72
3 77
3 79
3 82
3 85
3 86
3 87
3 89
3 91
3 92
3 96
3 98
3 99
3 101
3 102
3 103
3 105
3 109
3 110
3 111
3 113
3 114
3 115
3 119
3 120
3 123
3 124
3 127
3 128
3 129
3 131
3 134
3 136
3 137
3 138
3 143
3 144
3 146
3 148
3 149
3 150
3 156
3 157
3 161
3 164
3 165
3 168
3 170
3 174
3 175
3 178
3 179
3 181
3 183
3 185
3 187
3 188
3 189
3 192
3 193
3 196
4 6
4 8
4 9
4 10
4 11
4 15
4 16
4 17
4 18
4 19
4 20
4 24
4 25
4 26
4 27
4 28
4 29
4 32
4 33
4 34
4 35
4 37
4 38
4 41
4 42
4 43
4 44
4 45
4 47
4 49
4 50
4 51
4 55
4 56
4 57
4 60
4 62
4 64
4 68
4 69
4 73
4 75
4 81
4 82
4 83
4 84
4 85
4 86
4 87
4 88
4 91
4 92
4 93
4 94
4 95
4 96
4 98
4 99
4 100
4 101
4 102
4 103
4 104
4 106
4 108
4 109
4 110
4 111
4 112
4 113
4 117
4 119
4 122
4 123
4 124
4 126
4 128
4 131
4 138
4 140
4 144
4 146
4 147
4 148
4 149
4 151
4 152
4 153
4 154
4 155
4 157
4 158
4 159
4 161
4 162
4 163
4 166
4 171
4 172
4 173
4 174
4 178
4 179
4 184
4 187
4 190
4 192
4 193
4 195
4 196
4 197
4 198
5 8
5 10
5 14
5 18
5 19
5 21
5 22
5 23
5 25
5 28
5 29
5 32
5 33
5 34
5 35
5 36
5 38
5 41
5 43
5 47
5 48
5 49
5 50
5 52
5 53
5 54
5 57
5 60
5 62
5 64
5 65
5 68
5 72
5 76
5 77
5 78
5 84
5 85
5 86
5 87
5 88
5 89
5 91
5 93
5 94
5 96
5 97
5 99
5 100
5 101
5 102
5 104
5 107
5 108
5 109
5 110
5 111
5 114
5 116
5 120
5 121
5 123
5 124
5 125
5 126
5 127
5 129
5 130
5 132
5 143
5 147
5 148
5 154
5 156
5 158
5 161
5 163
5 164
5 165
5 166
5 167
5 170
5 171
5 173
5 176
5 177
5 178
5 179
5 181
5 183
5 184
5 186
5 187
5 189
5 194
5 195
5 196
5 197
6 7
6 8
6 10
6 12
6 16
6 19
6 20
6 22
6 23
6 26
6 28
6 29
6 34
6 35
6 37
6 38
6 40
6 43
6 45
6 46
6 49
6 50
6 51
6 52
6 53
6 54
6 57
6 59
6 60
6 61
6 63
6 64
6 65
6 70
6 71
6 75
6 76
6 78
6 80
6 81
6 84
6 87
6 90
6 91
6 94
6 95
6 96
6 101
6 102
6 104
6 105
6 109
6 110
6 111
6 114
6 115
6 117
6 119
6 123
6 124
6 125
6 126
6 127
6 128
6 129
6 131
6 136
6 144
6 147
6 150
6 151
6 152
6 153
6 154
6 155
6 156
6 157
6 158
6 159
6 161
6 162
6 171
6 172
6 175
6 178
6 180
6 181
6 184
6 186
6 187
6 191
6 195
6 196
6 197
6 199
7 8
7 10
7 11
7 15
7 17
7 19
7 20
7 21
7 22
7 23
7 25
7 26
7 28
7 29
7 30
7 31
7 34
7 35
7 38
7 39
7 46
7 47
7 48
7 49
7 50
7 51
7 52
7 54
7 55
7 56
7 57
7 59
7 60
7 61
7 65
7 66
7 67
7 68
7 70
7 71
7 72
7 73
7 74
7 75
7 79
7 84
7 85
7 87
7 88
7 89
7 92
7 93
7 95
7 96
7 97
7 99
7 101
7 103
7 104
7 105
7 107
7 110
7 112
7 113
7 114
7 116
7 119
7 121
7 122
7 125
7 126
7 127
7 128
7 129
7 130
7 131
7 132
7 135
7 137
7 138
7 139
7 140
7 141
7 144
7 145
7 148
7 149
7 150
7 151
7 154
7 157
7 158
7 159
7 162
7 163
7 168
7 169
7 170
7 172
7 173
7 175
7 180
7 181
7 182
7 183
7 185
7 186
7 190
7 191
7 192
7 195
8 10
8 11
8 15
8 17
8 18
8 19
8 20
8 22
8 24
8 26
8 28
8 29
8 30
8 31
8 33
8 34
8 38
8 39
8 40
8 41
8 42
8 47
8 49
8 50
8 53
8 55
8 56
8 58
8 60
8 62
8 63
8 64
8 65
8 67
8 69
8 70
8 72
8 73
8 74
8 76
8 77
8 78
8 80
8 81
8 86
8 87
8 90
8 91
8 94
8 95
8 96
8 97
8 98
8 99
8 101
8 102
8 104
8 105
8 106
8 107
8 108
8 111
8 112
8 115
8 116
8 123
8 124
8 125
8 126
8 127
8 128
8 131
8 135
8 136
8 137
8 138
8 140
8 144
8 145
8 146
8 148
8 150
8 152
8 157
8 158
8 159
8 164
8 169
8 170
8 174
8 175
8 178
8 180
8 189
8 194
8 195
8 199
9 10
9 12
9 13
9 15
9 20
9 22
9 24
9 25
9 27
9 28
9 29
9 30
9 32
9 33
9 34
9 36
9 39
9 41
9 46
9 47
9 50
9 52
9 54
9 55
9 56
9 59
9 60
9 62
9 63
9 64
9 66
9 67
9 68
9 69
9 71
9 73
9 74
9 75
9 76
9 77
9 80
9 83
9 89
9 90
9 93
9 98
9 99
9 104
9 105
9 106
9 111
9 112
9 113
9 114
9 115
9 118
9 119
9 121
9 122
9 123
9 125
9 126
9 127
9 128
9 129
9 132
9 137
9 139
9 140
9 142
9 143
9 146
9 147
9 148
9 149
9 151
9 156
9 157
9 159
9 161
9 163
9 165
9 168
9 169
9 170
9 171
9 174
9 175
9 176
9 177
9 179
9 180
9 181
9 184
9 185
9 186
9 188
9 190
9 191
9 193
9 196
9 197
10 11
10 12
10 13
10 14
10 15
10 16
10 18
10 21
10 24
10 25
10 27
10 29
10 30
10 32
10 33
10 34
10 35
10 37
10 39
10 40
10 44
10 45
10 51
10 52
10 55
10 56
10 57
10 59
10 62
10 64
10 65
10 67
10 68
10 69
10 70
10 71
10 72
10 73
10 75
10 78
10 79
10 80
10 82
10 83
10 85
10 86
10 87
10 88
10 90
10 92
10 99
10 100
10 101
10 102
10 104
10 106
10 109
10 111
10 112
10 118
10 119
10 122
10 125
10 127
10 131
10 132
10 133
10 135
10 136
10 137
10 141
10 142
10 143
10 144
10 146
10 148
10 149
10 151
10 153
10 154
10 157
10 158
10 159
10 162
10 163
10 164
10 167
10 168
10 169
10 172
10 176
10 178
10 181
10 182
10 183
10 186
10 187
10 188
10 189
10 190
10 192
10 193
10 194
10 195
10 196
10 197
10 198
10 199
11 12
11 13
11 17
11 19
11 20
11 22
11 23
11 26
11 28
11 29
11 30
11 32
11 33
11 37
11 38
11 42
11 43
11 45
11 47
11 48
11 50
11 54
11 55
11 57
11 58
11 59
11 61
11 62
11 64
11 66
11 70
11 71
11 72
11 75
11 80
11 81
11 82
11 83
11 86
11 88
11 92
11 93
11 97
11 99
11 101
11 103
11 104
11 105
11 112
11 114
11 115
11 116
11 117
11 120
11 121
11 125
11 126
11 128
11 129
11 131
11 135
11 136
11 137
11 140
11 141
11 144
11 148
11 150
11 155
11 156
11 157
11 160
11 162
11 163
11 169
11 174
11 176
11 179
11 181
11 182
11 183
11 184
11 187
11 188
11 189
11 191
11 195
11 198
11 199
12 13
12 14
12 16
12 18
12 21
12 22
12 24
12 26
12 27
12 31
12 37
12 38
12 39
12 43
12 44
12 45
12 49
12 53
12 55
12 57
12 58
12 59
12 60
12 62
12 66
12 68
12 69
12 73
12 76
12 77
12 78
12 80
12 85
12 86
12 87
12 88
12 90
12 91
12 92
12 93
12 99
12 101
12 103
12 105
12 106
12 110
12 114
12 117
12 118
12 120
12 121
12 122
12 123
12 124
12 126
12 128
12 129
12 131
12 132
12 134
12 135
12 138
12 142
12 145
12 147
12 150
12 151
12 161
12 167
12 168
12 169
12 170
12 172
12 174
12 177
12 179
12 181
12 182
12 183
12 184
12 185
12 187
12 190
12 191
12 193
12 194
13 15
13 16
13 18
13 21
13 22
13 23
13 27
13 30
13 31
13 32
13 33
13 35
13 36
13 38
13 39
13 40
13 41
13 42
13 43
13 45
13 46
13 47
13 48
13 49
13 50
13 51
13 55
13 57
13 60
13 61
13 63
13 64
13 65
13 67
13 69
13 73
13 76
13 77
13 79
13 80
13 81
13 84
13 86
13 91
13 92
13 100
13 102
13 103
13 109
13 110
13 114
13 117
13 118
13 122
13 126
13 127
13 128
13 130
13 135
13 138
13 139
13 140
13 141
13 142
13 143
13 144
13 146
13 148
13 151
13 157
13 158
13 162
13 165
13 166
13 168
13 169
13 170
13 173
13 174
13 175
13 177
13 179
13 180
13 181
13 182
13 185
13 187
13 188
13 189
13 191
13 193
13 195
13 196
13 197
13 198
13 199
14 16
14 17
14 18
14 19
14 20
14 22
14 23
14 26
14 27
14 30
14 31
14 33
14 38
14 39
14 40
14 41
14 45
14 46
14 49
14 50
14 53
14 56
14 57
14 58
14 61
14 62
14 65
14 67
14 69
14 70
14 71
14 73
14 74
14 77
14 78
14 79
14 81
14 82
14 86
14 88
14 92
14 94
14 95
14 97
14 100
14 101
14 105
14 106
14 107
14 108
14 110
14 111
14 112
14 113
14 114
14 116
14 117
14 121
14 125
14 128
14 134
14 135
14 136
14 137
14 138
14 139
14 141
14 143
14 144
14 145
14 146
14 147
14 149
14 150
14 151
14 153
14 157
14 159
14 166
14 167
14 170
14 172
14 173
14 175
14 177
14 180
14 182
14 184
14 186
14 188
14 191
14 194
14 199
15 17
15 18
15 19
15 23
15 24
15 25
15 26
15 27
15 28
15 31
15 38
15 41
15 42
15 44
15 47
15 52
15 53
15 57
15 58
15 59
15 60
15 63
15 64
15 65
15 67
15 68
15 71
15 74
15 76
15 77
15 80
15 83
15 90
15 91
15 92
15 93
15 95
15 96
15 101
15 105
15 106
15 107
15 108
15 109
15 110
15 111
15 112
15 114
15 116
15 119
15 120
15 121
15 122
15 124
15 125
15 127
15 130
15 131
15 132
15 135
15 138
15 139
15 140
15 141
15 142
15 143
15 144
15 146
15 148
15 149
15 150
15 153
15 154
15 157
15 159
15 160
15 161
15 163
15 165
15 166
15 170
15 171
15 172
15 173
15 176
15 177
15 180
15 181
15 182
15 184
15 185
15 186
15 187
15 189
15 190
15 192
15 193
15 198
16 19
16 23
16 25
16 26
16 27
16 28
16 30
16 31
16 33
16 37
16 38
16 40
16 41
16 43
16 45
16 46
16 48
16 50
16 51
16 54
16 55
16 56
16 57
16 58
16 60
16 62
16 66
16 67
16 68
16 69
16 76
16 80
16 81
16 83
16 84
16 89
16 92
16 94
16 96
16 97
16 98
16 103
16 105
16 106
16 107
16 109
16 110
16 111
16 113
16 119
16 122
16 123
16 124
16 126
16 127
16 130
16 131
16 133
16 134
16 135
16 138
16 141
16 144
16 145
16 147
16 148
16 156
16 162
16 163
16 164
16 167
16 169
16 170
16 171
16 174
16 175
16 177
16 180
16 181
16 182
16 183
16 184
16 186
16 187
16 190
16 191
16 192
16 193
16 196
16 197
16 198
16 199
17 21
17 23
17 25
17 32
17 33
17 34
17 35
17 37
17 38
17 39
17 40
17 42
17 45
17 47
17 49
17 51
17 63
17 64
17 67
17 69
17 71
17 73
17 76
17 77
17 78
17 79
17 84
17 86
17 90
17 91
17 92
17 95
17 96
17 98
17 99
17 102
17 104
17 105
17 112
17 114
17 116
17 120
17 123
17 125
17 126
17 127
17 128
17 130
17 131
17 132
17 134
17 135
17 136
17 142
17 143
17 146
17 147
17 148
17 149
17 150
17 153
17 154
17 155
17 156
17 157
17 158
17 159
17 161
17 162
17 164
17 166
17 167
17 168
17 171
17 178
17 180
17 181
17 182
17 183
17 186
17 187
17 188
17 192
17 194
17 195
18 21
18 22
18 25
18 26
18 27
18 32
18 33
18 34
18 35
18 38
18 47
18 49
18 52
18 54
18 55
18 57
18 58
18 59
18 62
18 63
18 64
18 67
18 69
18 70
18 71
18 72
18 74
18 75
18 76
18 77
18 78
18 82
18 83
18 86
18 88
18 89
18 90
18 91
18 96
18 97
18 98
18 99
18 102
18 105
18 106
18 107
18 108
18 110
18 113
18 115
18 121
18 122
18 125
18 126
18 128
18 130
18 132
18 133
18 136
18 137
18 139
18 140
18 141
18 142
18 144
18 145
18 147
18 151
18 153
18 156
18 161
18 163
18 164
18 165
18 166
18 167
18 168
18 169
18 171
18 172
18 178
18 179
18 182
18 185
18 187
18 188
18 190
18 195
18 196
18 198
19 22
19 23
19 25
19 28
19 29
19 30
19 31
19 32
19 35
19 37
19 41
19 44
19 45
19 49
19 51
19 52
19 56
19 58
19 59
19 60
19 61
19 62
19 64
19 69
19 71
19 73
19 75
19 76
19 77
19 78
19 81
19 82
19 86
19 88
19 90
19 93
19 99
19 100
19 102
19 104
19 105
19 108
19 109
19 110
19 111
19 113
19 114
19 118
19 119
19 120
19 121
19 123
19 126
19 129
19 130
19 132
19 135
19 136
19 137
19 138
19 139
19 140
19 141
19 142
19 143
19 144
19 146
19 147
19 149
19 150
19 151
19 152
19 153
19 156
19 157
19 159
19 162
19 164
19 165
19 166
19 168
19 169
19 178
19 179
19 180
19 184
19 186
19 189
19 190
19 192
19 194
19 197
19 198
19 199
20 23
20 27
20 30
20 32
20 33
20 34
20 35
20 36
20 37
20 40
20 43
20 44
20 45
20 48
20 50
20 51
20 53
20 54
20 55
20 56
20 58
20 60
20 61
20 62
20 64
20 65
20 70
20 71
20 76
20 77
20 78
20 80
20 81
20 82
20 83
20 90
20 91
20 92
20 94
20 96
20 98
20 100
20 101
20 102
20 108
20 109
20 110
20 112
20 113
20 116
20 117
20 121
20 123
20 125
20 126
20 132
20 133
20 134
20 137
20 139
20 140
20 142
20 147
20 148
20 152
20 155
20 156
20 157
20 160
20 164
20 165
20 169
20 171
20 172
20 173
20 174
20 178
20 180
20 183
20 185
20 187
20 189
20 191
20 195
20 197
20 199
21 23
21 24
21 25
21 29
21 30
21 31
21 32
21 33
21 34
21 36
21 37
21 40
21 41
21 45
21 47
21 48
21 50
21 51
21 52
21 53
21 55
21 56
21 60
21 64
21 65
21 66
21 71
21 73
21 76
21 77
21 78
21 79
21 82
21 85
21 86
21 88
21 90
21 91
21 92
21 96
21 98
21 102
21 104
21 105
21 106
21 111
21 112
21 113
21 115
21 116
21 117
21 120
21 121
21 122
21 123
21 124
21 127
21 129
21 132
21 133
21 135
21 136
21 137
21 140
21 141
21 142
21 144
21 146
21 150
21 152
21 155
21 157
21 159
21 160
21 161
21 162
21 167
21 168
21 170
21 174
21 178
21 179
21 180
21 181
21 185
21 187
21 193
21 195
21 196
21 199
22 23
22 25
22 29
22 30
22 31
22 32
22 33
22 37
22 42
22 43
22 44
22 46
22 47
22 48
22 52
22 53
22 56
22 57
22 58
22 59
22 60
22 62
22 63
22 64
22 65
22 68
22 69
22 72
22 73
22 76
22 77
22 79
22 80
22 86
22 87
22 90
22 91
22 92
22 93
22 94
22 96
22 98
22 101
22 102
22 104
22 106
22 108
22 109
22 111
22 113
22 114
22 115
22 118
22 121
22 123
22 126
22 127
22 131
22 132
22 134
22 136
22 137
22 138
22 140
22 141
22 142
22 143
22 144
22 146
22 147
22 148
22 149
22 151
22 155
22 157
22 159
22 160
22 161
22 163
22 164
22 167
22 171
22 172
22 173
22 174
22 178
22 179
22 182
22 183
22 184
22 185
22 195
22 196
22 199
23 24
23 26
23 27
23 28
23 29
23 30
23 31
23 32
23 33
23 34
23 37
23 38
23 39
23 41
23 43
23 44
23 46
23 50
23 51
23 52
23 55
23 56
23 58
23 60
23 64
23 65
23 66
23 67
23 69
23 70
23 71
23 74
23 75
23 76
23 78
23 81
23 85
23 86
23 87
23 91
23 92
23 93
23 94
23 95
23 96
23 97
23 100
23 101
23 102
23 105
23 106
23 108
23 113
23 115
23 117
23 118
23 120
23 121
23 122
23 127
23 132
23 134
23 135
23 137
23 138
23 139
23 140
23 142
23 145
23 146
23 150
23 151
23 154
23 156
23 157
23 158
23 159
23 160
23 165
23 166
23 167
23 168
23 169
23 170
23 174
23 177
23 179
23 180
23 182
23 184
23 185
23 187
23 188
23 189
23 190
23 192
23 195
23 196
23 197
23 198
23 199
24 25
24 26
24 29
24 34
24 37
24 38
24 39
24 40
24 43
24 45
24 51
24 52
24 53
24 54
24 57
24 58
24 59
24 60
24 64
24 65
24 66
24 68
24 71
24 72
24 73
24 74
24 75
24 76
24 77
24 79
24 81
24 83
24 84
24 86
24 87
24 89
24 90
24 91
24 92
24 93
24 96
24 102
24 103
24 104
24 106
24 108
24 110
24 112
24 116
24 118
24 121
24 122
24 128
24 131
24 133
24 134
24 135
24 139
24 146
24 147
24 151
24 152
24 153
24 154
24 162
24 163
24 164
24 166
24 167
24 168
24 172
24 173
24 174
24 175
24 176
24 177
24 179
24 182
24 183
24 186
24 187
24 188
24 189
24 193
24 194
24 196
24 197
24 199
25 26
25 29
25 32
25 38
25 39
25 40
25 41
25 42
25 43
25 44
25 46
25 47
25 48
25 49
25 50
25 53
25 55
25 57
25 59
25 60
25 62
25 63
25 65
25 69
25 70
25 71
25 80
25 82
25 85
25 86
25 88
25 89
25 91
25 92
25 93
25 94
25 95
25 99
25 100
25 101
25 102
25 103
25 105
25 108
25 114
25 115
25 116
25 120
25 121
25 122
25 125
25 126
25 127
25 130
25 131
25 132
25 133
25 134
25 137
25 138
25 142
25 143
25 144
25 149
25 150
25 155
25 157
25 159
25 160
25 161
25 162
25 164
25 166
25 167
25 169
25 170
25 171
25 173
25 176
25 177
25 180
25 182
25 185
25 186
25 187
25 188
25 191
25 192
25 194
25 195
25 197
25 199
26 27
26 29
26 32
26 33
26 34
26 36
26 37
26 38
26 39
26 40
26 41
26 43
26 44
26 45
26 47
26 48
26 52
26 53
26 54
26 55
26 59
26 62
26 63
26 64
26 65
26 68
26 70
26 72
26 73
26 75
26 76
26 77
26 78
26 79
26 83
26 85
26 86
26 87
26 88
26 91
26 94
26 97
26 99
26 101
26 103
26 105
26 106
26 108
26 110
26 114
26 115
26 116
26 118
26 125
26 126
26 127
26 128
26 132
26 133
26 137
26 139
26 141
26 142
26 143
26 144
26 146
26 151
26 152
26 156
26 159
26 160
26 161
26 162
26 163
26 164
26 167
26 169
26 170
26 171
26 176
26 178
26 179
26 180
26 181
26 187
26 189
26 190
26 193
26 195
26 196
27 29
27 32
27 38
27 39
27 40
27 42
27 43
27 44
27 47
27 49
27 55
27 57
27 60
27 61
27 63
27 64
27 65
27 66
27 67
27 68
27 69
27 70
27 71
27 74
27 75
27 78
27 83
27 84
27 86
27 87
27 89
27 90
27 91
27 92
27 93
27 94
27 99
27 101
27 102
27 103
27 106
27 107
27 108
27 111
27 114
27 117
27 120
27 124
27 125
27 126
27 128
27 130
27 133
27 136
27 137
27 139
27 140
27 144
27 145
27 148
27 149
27 150
27 151
27 152
27 153
27 156
27 158
27 159
27 160
27 161
27 165
27 166
27 168
27 170
27 172
27 174
27 175
27 177
27 180
27 181
27 182
27 187
27 189
27 190
27 191
27 193
27 194
27 196
27 199
28 30
28 33
28 34
28 36
28 37
28 39
28 40
28 42
28 43
28 44
28 46
28 48
28 49
28 51
28 52
28 53
28 54
28 55
28 58
28 59
28 60
28 62
28 64
28 66
28 67
28 68
28 69
28 70
28 71
28 72
28 73
28 76
28 78
28 80
28 81
28 86
28 88
28 90
28 91
28 92
28 93
28 94
28 96
28 97
28 101
28 103
28 108
28 109
28 110
28 114
28 116
28 122
28 123
28 125
28 126
28 131
28 132
28 133
28 136
28 137
28 139
28 140
28 142
28 145
28 146
28 154
28 155
28 157
28 162
28 163
28 165
28 171
28 173
28 175
28 177
28 179
28 182
28 186
28 187
28 188
28 191
28 192
28 193
28 194
28 195
28 196
28 198
28 199
29 31
29 32
29 34
29 36
29 37
29 40
29 41
29 44
29 52
29 53
29 56
29 57
29 64
29 65
29 66
29 68
29 69
29 71
29 72
29 74
29 77
29 78
29 79
29 80
29 81
29 84
29 86
29 89
29 91
29 92
29 93
29 94
29 95
29 98
29 100
29 101
29 103
29 105
29 109
29 110
29 112
29 113
29 115
29 120
29 121
29 125
29 127
29 130
29 132
29 133
29 134
29 135
29 136
29 137
29 139
29 141
29 142
29 147
29 148
29 151
29 153
29 154
29 157
29 159
29 160
29 163
29 164
29 167
29 168
29 176
29 180
29 184
29 186
29 187
29 190
29 191
29 195
29 197
29 198
30 32
30 33
30 34
30 35
30 36
30 39
30 41
30 42
30 43
30 47
30 48
30 49
30 50
30 51
30 52
30 56
30 58
30 59
30 61
30 62
30 65
30 67
30 68
30 69
30 71
30 72
30 78
30 79
30 81
30 82
30 83
30 84
30 85
30 87
30 89
30 91
30 92
30 97
30 99
30 101
30 103
30 104
30 105
30 106
30 109
30 110
30 112
30 113
30 114
30 116
30 119
30 121
30 123
30 126
30 128
30 129
30 130
30 133
30 134
30 135
30 139
30 144
30 147
30 149
30 150
30 152
30 154
30 155
30 158
30 159
30 160
30 161
30 162
30 163
30 166
30 167
30 171
30 173
30 174
30 175
30 177
30 179
30 180
30 181
30 183
30 186
30 187
30 188
30 189
30 191
30 192
30 199
31 33
31 36
31 37
31 42
31 43
31 44
31 45
31 46
31 49
31 50
31 51
31 54
31 55
31 58
31 61
31 62
31 63
31 64
31 66
31 67
31 73
31 75
31 76
31 77
31 78
31 85
31 89
31 91
31 95
31 99
31 100
31 101
31 103
31 104
31 107
31 108
31 109
31 114
31 121
31 123
31 126
31 127
31 128
31 129
31 131
31 132
31 133
31 134
31 138
31 142
31 143
31 146
31 147
31 148
31 151
31 154
31 155
31 156
31 158
31 159
31 162
31 163
31 164
31 166
31 168
31 169
31 170
31 172
31 173
31 176
31 177
31 178
31 180
31 181
31 182
31 187
31 191
31 192
31 194
31 196
31 197
31 198
31 199
32 34
32 37
32 41
32 44
32 45
32 46
32 48
32 49
32 52
32 56
32 58
32 60
32 61
32 62
32 63
32 64
32 65
32 67
32 68
32 69
32 73
32 77
32 78
32 79
32 80
32 81
32 82
32 85
32 87
32 88
32 90
32 91
32 93
32 94
32 95
32 96
32 97
32 98
32 101
32 103
32 106
32 107
32 109
32 110
32 111
32 114
32 122
32 124
32 125
32 129
32 132
32 141
32 145
32 147
32 149
32 150
32 153
32 154
32 155
32 156
32 157
32 158
32 159
32 161
32 162
32 165
32 167
32 169
32 173
32 174
32 178
32 179
32 180
32 183
32 185
32 186
32 189
32 190
32 191
32 192
32 195
32 197
32 198
32 199
33 34
33 37
33 38
33 40
33 42
33 43
33 46
33 48
33 51
33 54
33 56
33 57
33 60
33 61
33 62
33 65
33 68
33 70
33 71
33 73
33 77
33 78
33 80
33 84
33 86
33 88
33 94
33 102
33 105
33 107
33 108
33 109
33 110
33 111
33 113
33 114
33 115
33 120
33 122
33 123
33 127
33 128
33 129
33 130
33 132
33 133
33 135
33 136
33 138
33 139
33 143
33 144
33 148
33 150
33 151
33 153
33 154
33 157
33 158
33 159
33 160
33 161
33 163
33 165
33 169
33 170
33 171
33 172
33 175
33 176
33 177
33 178
33 179
33 181
33 182
33 183
33 184
33 186
33 187
33 189
33 192
33 197
33 198
33 199
34 35
34 39
34 40
34 41
34 42
34 43
34 46
34 51
34 52
34 53
34 54
34 56
34 58
34 60
34 61
34 63
34 65
34 67
34 70
34 72
34 75
34 76
34 78
34 79
34 83
34 84
34 85
34 86
34 89
34 91
34 92
34 96
34 97
34 99
34 101
34 104
34 105
34 106
34 108
34 111
34 113
34 116
34 117
34 118
34 122
34 123
34 126
34 127
34 128
34 129
34 130
34 131
34 133
34 134
34 138
34 140
34 141
34 147
34 148
34 149
34 151
34 152
34 153
34 154
34 156
34 157
34 159
34 160
34 161
34 163
34 164
34 167
34 169
34 170
34 172
34 173
34 174
34 175
34 176
34 178
34 180
34 182
34 183
34 184
34 185
34 186
34 187
34 188
34 189
34 192
34 195
34 196
34 197
34 199
35 36
35 41
35 44
35 46
35 47
35 49
35 50
35 53
35 54
35 56
35 57
35 59
35 62
35 64
35 67
35 68
35 69
35 70
35 72
35 73
35 76
35 77
35 78
35 79
35 80
35 82
35 84
35 86
35 87
35 88
35 89
35 91
35 92
35 93
35 94
35 96
35 99
35 100
35 101
35 102
35 108
35 109
35 110
35 113
35 114
35 115
35 118
35 119
35 121
35 122
35 125
35 126
35 128
35 130
35 131
35 132
35 133
35 134
35 136
35 138
35 139
35 140
35 142
35 145
35 154
35 156
35 158
35 159
35 162
35 163
35 166
35 168
35 169
35 171
35 172
35 173
35 175
35 179
35 180
35 182
35 188
35 189
35 194
36 38
36 39
36 44
36 47
36 54
36 55
36 56
36 58
36 60
36 61
36 63
36 66
36 68
36 71
36 72
36 73
36 75
36 76
36 77
36 78
36 80
36 86
36 87
36 88
36 92
36 94
36 95
36 97
36 99
36 103
36 104
36 107
36 112
36 113
36 114
36 115
36 116
36 118
36 121
36 122
36 125
36 128
36 129
36 131
36 132
36 133
36 136
36 139
36 142
36 146
36 147
36 148
36 149
36 151
36 152
36 154
36 155
36 160
36 163
36 167
36 171
36 172
36 175
36 178
36 179
36 181
36 182
36 184
36 187
36 196
36 198
36 199
37 38
37 40
37 41
37 44
37 51
37 53
37 54
37 55
37 56
37 59
37 60
37 61
37 62
37 63
37 64
37 67
37 68
37 69
37 70
37 71
37 73
37 81
37 82
37 83
37 84
37 85
37 87
37 88
37 90
37 94
37 95
37 96
37 97
37 98
37 99
37 100
37 104
37 109
37 111
37 113
37 116
37 117
37 120
37 122
37 125
37 126
37 128
37 135
37 136
37 137
37 139
37 140
37 145
37 146
37 147
37 151
37 152
37 153
37 154
37 155
37 157
37 158
37 162
37 164
37 165
37 168
37 169
37 170
37 172
37 173
37 176
37 178
37 180
37 182
37 183
37 189
37 194
38 39
38 41
38 42
38 45
38 47
38 52
38 55
38 56
38 57
38 59
38 65
38 66
38 67
38 68
38 69
38 71
38 73
38 74
38 75
38 77
38 78
38 79
38 81
38 83
38 84
38 85
38 90
38 93
38 94
38 95
38 97
38 98
38 103
38 107
38 108
38 112
38 113
38 117
38 118
38 124
38 127
38 132
38 135
38 137
38 140
38 142
38 143
38 144
38 146
38 153
38 154
38 155
38 156
38 157
38 158
38 160
38 162
38 163
38 165
38 166
38 167
38 169
38 171
38 177
38 179
38 180
38 183
38 184
38 186
38 188
38 190
38 191
38 197
38 198
39 47
39 50
39 52
39 53
39 59
39 60
39 62
39 63
39 64
39 65
39 68
39 69
39 74
39 81
39 83
39 84
39 87
39 88
39 89
39 90
39 91
39 92
39 93
39 94
39 98
39 99
39 100
39 106
39 107
39 108
39 110
39 112
39 114
39 115
39 116
39 117
39 119
39 120
39 121
39 122
39 124
39 125
39 126
39 129
39 130
39 131
39 132
39 133
39 136
39 138
39 140
39 147
39 155
39 157
39 159
39 161
39 163
39 165
39 167
39 169
39 171
39 175
39 176
39 181
39 182
39 185
39 186
39 190
39 193
39 195
39 196
39 197
39 198
40 41
40 44
40 46
40 47
40 49
40 51
40 54
40 57
40 58
40 60
40 61
40 62
40 63
40 64
40 68
40 72
40 74
40 76
40 77
40 82
40 83
40 86
40 87
40 89
40 91
40 94
40 97
40 98
40 100
40 103
40 106
40 107
40 108
40 110
40 111
40 113
40 118
40 119
40 120
40 121
40 122
40 123
40 124
40 126
40 127
40 128
40 129
40 131
40 132
40 134
40 135
40 136
40 139
40 140
40 144
40 146
40 149
40 150
40 151
40 154
40 155
40 156
40 157
40 159
40 160
40 161
40 164
40 171
40 172
40 173
40 174
40 175
40 178
40 180
40 181
40 182
40 184
40 186
40 189
40 192
40 194
40 197
40 198
41 42
41 43
41 44
41 46
41 47
41 56
41 59
41 61
41 64
41 66
41 68
41 70
41 73
41 75
41 76
41 79
41 80
41 84
41 86
41 88
41 90
41 93
41 94
41 95
41 96
41 98
41 101
41 102
41 105
41 107
41 108
41 111
41 113
41 115
41 117
41 118
41 119
41 121
41 122
41 126
41 127
41 137
41 138
41 139
41 141
41 143
41 151
41 153
41 155
41 156
41 158
41 160
41 161
41 162
41 164
41 165
41 167
41 168
41 175
41 179
41 180
41 182
41 183
41 188
41 193
41 195
41 196
41 197
41 198
42 43
42 45
42 47
42 49
42 51
42 54
42 56
42 60
42 64
42 65
42 70
42 72
42 76
42 80
42 82
42 86
42 87
42 89
42 90
42 91
42 93
42 94
42 95
42 96
42 97
42 99
42 100
42 101
42 105
42 106
42 108
42 109
42 110
42 114
42 120
42 122
42 123
42 124
42 125
42 126
42 127
42 128
42 129
42 130
42 131
42 135
42 136
42 137
42 139
42 141
42 142
42 143
42 144
42 148
42 149
42 154
42 155
42 156
42 162
42 163
42 164
42 166
42 167
42 168
42 173
42 174
42 175
42 176
42 177
42 182
42 183
42 185
42 187
42 188
42 194
42 196
42 198
43 44
43 46
43 47
43 48
43 52
43 54
43 55
43 56
43 59
43 63
43 64
43 65
43 66
43 68
43 69
43 70
43 74
43 78
43 79
43 80
43 82
43 84
43 85
43 86
43 87
43 89
43 90
43 91
43 94
43 96
43 99
43 100
43 101
43 103
43 104
43 107
43 108
43 113
43 114
43 115
43 116
43 117
43 120
43 121
43 125
43 126
43 127
43 128
43 133
43 135
43 138
43 141
43 142
43 144
43 145
43 148
43 152
43 155
43 156
43 158
43 160
43 161
43 162
43 164
43 166
43 170
43 174
43 182
43 187
43 188
43 189
43 191
43 193
43 196
43 198
44 45
44 48
44 49
44 51
44 53
44 55
44 56
44 57
44 59
44 60
44 61
44 62
44 63
44 64
44 65
44 72
44 73
44 74
44 78
44 81
44 83
44 84
44 87
44 88
44 89
44 92
44 93
44 95
44 96
44 98
44 99
44 102
44 103
44 105
44 107
44 108
44 110
44 112
44 113
44 114
44 117
44 123
44 129
44 130
44 131
44 132
44 133
44 136
44 137
44 138
44 139
44 143
44 144
44 147
44 150
44 151
44 153
44 154
44 155
44 157
44 158
44 159
44 160
44 161
44 162
44 165
44 168
44 170
44 172
44 174
44 175
44 176
44 177
44 179
44 182
44 183
44 184
44 187
44 193
44 195
44 198
44 199
45 46
45 49
45 50
45 52
45 53
45 56
45 57
45 58
45 59
45 60
45 68
45 69
45 73
45 80
45 83
45 85
45 88
45 89
45 90
45 91
45 97
45 102
45 103
45 108
45 109
45 117
45 118
45 121
45 122
45 123
45 125
45 127
45 128
45 131
45 134
45 135
45 136
45 137
45 140
45 142
45 144
45 145
45 151
45 152
45 153
45 158
45 161
45 162
45 164
45 166
45 168
45 169
45 170
45 174
45 180
45 181
45 182
45 184
45 185
45 186
45 188
45 189
45 190
45 191
45 193
45 195
45 196
45 197
45 198
45 199
46 49
46 50
46 52
46 56
46 57
46 59
46 60
46 62
46 64
46 68
46 69
46 72
46 73
46 74
46 81
46 82
46 87
46 89
46 91
46 92
46 95
46 96
46 101
46 106
46 108
46 110
46 113
46 116
46 119
46 120
46 121
46 124
46 127
46 130
46 131
46 136
46 137
46 138
46 139
46 140
46 142
46 146
46 148
46 149
46 150
46 152
46 153
46 155
46 156
46 158
46 160
46 161
46 164
46 166
46 168
46 170
46 171
46 172
46 174
46 176
46 179
46 180
46 184
46 185
46 187
46 188
46 191
46 196
46 199
47 48
47 49
47 50
47 53
47 54
47 55
47 57
47 58
47 59
47 60
47 62
47 69
47 71
47 72
47 75
47 76
47 78
47 81
47 83
47 85
47 86
47 88
47 89
47 90
47 92
47 93
47 94
47 99
47 101
47 106
47 110
47 112
47 113
47 115
47 116
47 119
47 120
47 122
47 123
47 124
47 126
47 129
47 130
47 133
47 135
47 136
47 137
47 141
47 147
47 149
47 156
47 157
47 158
47 159
47 160
47 161
47 162
47 168
47 169
47 172
47 174
47 175
47 177
47 178
47 179
47 180
47 181
47 183
47 184
47 188
47 191
47 193
47 195
47 197
47 198
47 199
48 50
48 51
48 52
48 53
48 55
48 58
48 59
48 62
48 63
48 64
48 66
48 67
48 68
48 69
48 76
48 79
48 80
48 82
48 83
48 84
48 86
48 89
48 90
48 92
48 93
48 95
48 97
48 98
48 99
48 100
48 101
48 102
48 103
48 104
48 106
48 110
48 112
48 113
48 114
48 118
48 119
48 120
48 121
48 122
48 125
48 129
48 130
48 134
48 136
48 140
48 141
48 142
48 145
48 146
48 149
48 152
48 153
48 154
48 156
48 160
48 164
48 166
48 167
48 168
48 169
48 171
48 172
48 177
48 178
48 182
48 185
48 188
48 192
48 194
48 195
48 196
48 197
48 198
49 50
49 51
49 52
49 53
49 54
49 55
49 56
49 61
49 63
49 64
49 65
49 66
49 67
49 68
49 69
49 71
49 72
49 73
49 74
49 75
49 79
49 80
49 81
49 87
49 89
49 90
49 91
49 92
49 94
49 96
49 98
49 99
49 100
49 103
49 104
49 105
49 106
49 107
49 109
49 111
49 112
49 114
49 115
49 116
49 118
49 119
49 121
49 122
49 125
49 126
49 130
49 131
49 132
49 134
49 135
49 138
49 140
49 143
49 145
49 146
49 147
49 150
49 153
49 155
49 157
49 160
49 161
49 162
49 171
49 172
49 174
49 175
49 182
49 187
49 188
49 189
49 190
49 191
49 192
49 197
49 198
50 52
50 53
50 54
50 55
50 56
50 57
50 62
50 65
50 66
50 69
50 70
50 71
50 75
50 76
50 77
50 80
50 81
50 82
50 83
50 85
50 89
50 91
50 92
50 93
50 95
50 96
50 98
50 104
50 105
50 108
50 109
50 110
50 111
50 120
50 121
50 122
50 123
50 124
50 130
50 132
50 133
50 136
50 138
50 139
50 144
50 145
50 146
50 147
50 149
50 153
50 155
50 156
50 159
50 161
50 162
50 163
50 164
50 166
50 167
50 168
50 169
50 173
50 175
50 176
50 178
50 179
50 180
50 182
50 184
50 185
50 186
50 187
50 189
50 192
50 194
50 195
50 197
50 199
51 53
51 57
51 61
51 66
51 68
51 76
51 77
51 81
51 82
51 84
51 86
51 90
51 92
51 97
51 98
51 100
51 105
51 110
51 111
51 112
51 116
51 121
51 122
51 123
51 124
51 125
51 126
51 128
51 130
51 132
51 133
51 136
51 137
51 138
51 142
51 145
51 146
51 147
51 154
51 155
51 156
51 157
51 162
51 164
51 167
51 168
51 174
51 176
51 177
51 180
51 181
51 183
51 184
51 185
51 186
51 188
51 189
51 190
51 193
51 195
51 196
51 198
52 55
52 57
52 58
52 59
52 61
52 63
52 64
52 65
52 68
52 70
52 71
52 73
52 74
52 75
52 76
52 78
52 81
52 82
52 83
52 85
52 86
52 87
52 88
52 89
52 91
52 93
52 95
52 96
52 99
52 100
52 101
52 102
52 105
52 106
52 108
52 110
52 111
52 112
52 113
52 114
52 116
52 117
52 120
52 123
52 127
52 128
52 129
52 132
52 133
52 134
52 135
52 136
52 137
52 139
52 143
52 145
52 146
52 147
52 149
52 151
52 152
52 153
52 154
52 155
52 156
52 158
52 159
52 161
52 162
52 163
52 165
52 166
52 167
52 168
52 170
52 171
52 175
52 177
52 179
52 183
52 184
52 186
52 188
52 189
52 191
52 199
53 58
53 60
53 61
53 62
53 66
53 70
53 72
53 73
53 74
53 76
53 78
53 85
53 86
53 88
53 90
53 92
53 94
53 95
53 97
53 98
53 99
53 102
53 106
53 107
53 109
53 110
53 111
53 113
53 115
53 117
53 119
53 122
53 124
53 126
53 127
53 129
53 130
53 135
53 136
53 138
53 139
53 140
53 142
53 143
53 144
53 145
53 147
53 148
53 157
53 159
53 160
53 165
53 166
53 168
53 170
53 175
53 176
53 179
53 182
53 183
53 189
53 191
53 192
53 193
53 194
53 198
54 55
54 56
54 59
54 60
54 63
54 64
54 66
54 68
54 69
54 72
54 73
54 74
54 75
54 78
54 80
54 83
54 84
54 85
54 86
54 87
54 92
54 94
54 96
54 102
54 104
54 106
54 107
54 108
54 109
54 111
54 112
54 113
54 114
54 115
54 118
54 119
54 120
54 123
54 124
54 125
54 126
54 128
54 130
54 134
54 135
54 136
54 138
54 139
54 140
54 144
54 146
54 148
54 149
54 150
54 151
54 156
54 158
54 159
54 160
54 161
54 163
54 164
54 166
54 171
54 175
54 177
54 180
54 182
54 184
54 189
54 190
54 192
54 193
54 195
55 61
55 62
55 63
55 65
55 66
55 67
55 69
55 70
55 71
55 72
55 74
55 75
55 76
55 84
55 85
55 88
55 89
55 92
55 93
55 96
55 97
55 99
55 100
55 102
55 103
55 104
55 106
55 109
55 115
55 117
55 118
55 122
55 123
55 124
55 125
55 126
55 127
55 130
55 133
55 135
55 139
55 142
55 143
55 144
55 145
55 147
55 148
55 149
55 150
55 153
55 155
55 156
55 157
55 161
55 165
55 166
55 167
55 169
55 172
55 174
55 176
55 177
55 182
55 183
55 189
55 192
55 193
55 196
55 199
56 57
56 61
56 62
56 63
56 66
56 67
56 68
56 69
56 71
56 72
56 76
56 79
56 82
56 83
56 84
56 87
56 89
56 94
56 95
56 97
56 98
56 99
56 101
56 102
56 104
56 106
56 108
56 109
56 111
56 113
56 116
56 118
56 122
56 124
56 129
56 130
56 132
56 138
56 140
56 141
56 142
56 146
56 148
56 151
56 152
56 153
56 160
56 163
56 164
56 165
56 166
56 169
56 172
56 173
56 174
56 175
56 181
56 182
56 184
56 185
56 186
56 187
56 188
56 189
56 192
56 193
56 194
56 195
56 197
57 58
57 59
57 61
57 62
57 64
57 66
57 68
57 69
57 70
57 71
57 72
57 73
57 76
57 77
57 83
57 85
57 86
57 87
57 89
57 90
57 93
57 96
57 98
57 100
57 101
57 102
57 103
57 105
57 106
57 108
57 109
57 110
57 111
57 113
57 114
57 115
57 116
57 120
57 121
57 123
57 131
57 132
57 133
57 134
57 136
57 138
57 140
57 142
57 146
57 149
57 150
57 151
57 159
57 160
57 161
57 162
57 163
57 165
57 166
57 168
57 169
57 170
57 171
57 172
57 173
57 174
57 176
57 178
57 180
57 181
57 183
57 185
57 187
57 192
57 196
57 197
57 198
58 59
58 63
58 64
58 65
58 66
58 69
58 73
58 75
58 76
58 82
58 83
58 84
58 86
58 88
58 89
58 92
58 93
58 94
58 96
58 98
58 100
58 101
58 102
58 105
58 106
58 107
58 108
58 109
58 110
58 112
58 113
58 114
58 115
58 116
58 117
58 118
58 119
58 122
58 124
58 126
58 128
58 129
58 130
58 132
58 133
58 135
58 137
58 141
58 145
58 150
58 153
58 154
58 155
58 157
58 159
58 162
58 164
58 166
58 167
58 168
58 169
58 170
58 173
58 174
58 176
58 177
58 178
58 179
58 181
58 184
58 186
58 190
58 191
58 192
59 60
59 63
59 64
59 65
59 67
59 70
59 72
59 73
59 74
59 76
59 77
59 78
59 84
59 85
59 86
59 92
59 96
59 97
59 100
59 105
59 106
59 111
59 118
59 120
59 121
59 124
59 125
59 128
59 131
59 132
59 134
59 136
59 139
59 141
59 143
59 144
59 146
59 153
59 154
59 155
59 156
59 157
59 159
59 160
59 162
59 165
59 166
59 168
59 169
59 170
59 171
59 174
59 175
59 177
59 179
59 180
59 184
59 185
59 186
59 189
59 191
59 192
59 193
59 196
59 197
60 64
60 66
60 67
60 68
60 71
60 73
60 75
60 76
60 77
60 78
60 79
60 80
60 82
60 83
60 85
60 86
60 88
60 90
60 95
60 96
60 98
60 101
60 102
60 103
60 107
60 109
60 110
60 111
60 113
60 114
60 116
60 118
60 119
60 121
60 123
60 126
60 129
60 131
60 132
60 134
60 135
60 136
60 138
60 142
60 143
60 147
60 150
60 153
60 154
60 155
60 156
60 157
60 160
60 162
60 164
60 165
60 167
60 170
60 171
60 172
60 173
60 178
60 179
60 180
60 181
60 183
60 185
60 187
60 189
60 191
60 193
60 195
60 197
61 62
61 64
61 65
61 66
61 70
61 71
61 73
61 76
61 78
61 79
61 84
61 85
61 87
61 88
61 90
61 91
61 92
61 95
61 102
61 104
61 108
61 110
61 112
61 114
61 116
61 120
61 121
61 123
61 124
61 125
61 129
61 130
61 131
61 132
61 133
61 134
61 135
61 137
61 139
61 140
61 141
61 144
61 148
61 149
61 151
61 155
61 156
61 157
61 160
61 163
61 167
61 170
61 175
61 176
61 179
61 180
61 181
61 187
61 188
61 189
61 192
61 196
62 63
62 64
62 65
62 66
62 67
62 69
62 70
62 71
62 73
62 77
62 79
62 80
62 81
62 86
62 89
62 90
62 91
62 92
62 93
62 95
62 97
62 98
62 101
62 106
62 109
62 111
62 114
62 115
62 119
62 121
62 126
62 127
62 131
62 134
62 135
62 138
62 139
62 143
62 144
62 146
62 153
62 155
62 157
62 158
62 161
62 168
62 172
62 173
62 174
62 177
62 179
62 181
62 182
62 190
62 192
62 193
62 194
62 195
62 197
62 198
63 66
63 68
63 69
63 70
63 73
63 74
63 76
63 78
63 79
63 83
63 85
63 90
63 91
63 93
63 96
63 97
63 100
63 102
63 103
63 106
63 107
63 108
63 110
63 111
63 115
63 119
63 120
63 121
63 127
63 128
63 130
63 131
63 132
63 134
63 136
63 137
63 138
63 140
63 144
63 145
63 146
63 147
63 153
63 161
63 164
63 165
63 166
63 167
63 172
63 174
63 175
63 176
63 178
63 185
63 189
63 190
63 191
63 192
63 193
63 194
63 197
63 198
63 199
64 65
64 67
64 68
64 72
64 73
64 74
64 75
64 81
64 82
64 84
64 85
64 89
64 90
64 92
64 93
64 94
64 95
64 96
64 98
64 99
64 100
64 108
64 111
64 114
64 115
64 117
64 123
64 124
64 126
64 128
64 129
64 130
64 131
64 132
64 136
64 139
64 141
64 142
64 146
64 147
64 148
64 149
64 152
64 154
64 155
64 158
64 159
64 160
64 161
64 164
64 165
64 167
64 169
64 170
64 178
64 179
64 180
64 181
64 183
64 184
64 186
64 189
64 197
64 198
65 66
65 67
65 69
65 70
65 73
65 75
65 76
65 82
65 84
65 86
65 90
65 92
65 96
65 97
65 98
65 99
65 102
65 103
65 106
65 108
65 109
65 111
65 112
65 113
65 115
65 116
65 117
65 125
65 126
65 128
65 129
65 130
65 131
65 136
65 137
65 139
65 140
65 143
65 144
65 146
65 150
65 151
65 153
65 155
65 159
65 161
65 162
65 164
65 165
65 166
65 174
65 175
65 177
65 183
65 185
65 186
65 187
65 190
65 193
65 194
65 198
66 67
66 74
66 75
66 77
66 78
66 81
66 84
66 86
66 91
66 92
66 94
66 97
66 98
66 99
66 103
66 104
66 105
66 106
66 108
66 110
66 111
66 113
66 114
66 117
66 119
66 120
66 121
66 123
66 125
66 126
66 127
66 131
66 132
66 134
66 135
66 137
66 138
66 139
66 140
66 142
66 143
66 144
66 147
66 148
66 152
66 153
66 154
66 156
66 157
66 159
66 160
66 161
66 162
66 163
66 164
66 169
66 173
66 176
66 181
66 183
66 188
66 189
66 191
66 192
66 194
66 196
67 68
67 69
67 70
67 71
67 73
67 74
67 76
67 78
67 79
67 81
67 82
67 84
67 85
67 86
67 88
67 92
67 93
67 94
67 95
67 98
67 99
67 100
67 102
67 105
67 106
67 107
67 109
67 110
67 111
67 114
67 115
67 116
67 117
67 126
67 127
67 128
67 130
67 133
67 138
67 139
67 141
67 143
67 144
67 149
67 150
67 152
67 153
67 162
67 164
67 169
67 171
67 173
67 175
67 176
67 177
67 180
67 183
67 184
67 186
67 187
67 188
67 190
67 195
67 196
67 197
67 198
67 199
68 77
68 78
68 80
68 82
68 83
68 85
68 86
68 90
68 92
68 94
68 95
68 97
68 99
68 100
68 102
68 105
68 107
68 108
68 110
68 112
68 116
68 117
68 119
68 121
68 122
68 125
68 126
68 128
68 129
68 131
68 133
68 134
68 137
68 138
68 140
68 141
68 142
68 144
68 147
68 149
68 151
68 152
68 153
68 154
68 157
68 158
68 159
68 160
68 161
68 164
68 167
68 168
68 171
68 172
68 173
68 174
68 176
68 177
68 178
68 180
68 182
68 185
68 186
68 188
68 189
68 191
68 193
68 196
68 198
69 70
69 71
69 72
69 73
69 75
69 80
69 81
69 83
69 86
69 87
69 88
69 89
69 90
69 92
69 93
69 95
69 97
69 98
69 103
69 106
69 109
69 110
69 111
69 112
69 115
69 119
69 123
69 125
69 126
69 127
69 128
69 133
69 135
69 138
69 142
69 145
69 146
69 147
69 149
69 151
69 152
69 153
69 154
69 155
69 161
69 162
69 163
69 165
69 166
69 167
69 171
69 172
69 174
69 177
69 178
69 179
69 181
69 183
69 185
69 187
69 189
69 190
69 191
69 192
69 193
69 194
69 196
69 197
69 198
70 74
70 76
70 77
70 78
70 80
70 84
70 87
70 88
70 91
70 93
70 94
70 97
70 98
70 99
70 100
70 101
70 105
70 106
70 108
70 109
70 112
70 113
70 115
70 116
70 120
70 122
70 124
70 127
70 129
70 132
70 134
70 139
70 140
70 142
70 145
70 146
70 147
70 152
70 153
70 154
70 155
70 156
70 157
70 159
70 161
70 162
70 165
70 166
70 168
70 169
70 170
70 173
70 177
70 178
70 179
70 182
70 185
70 186
70 187
70 190
70 193
70 196
70 198
71 72
71 73
71 74
71 75
71 77
71 79
71 80
71 82
71 84
71 85
71 87
71 89
71 92
71 93
71 94
71 97
71 100
71 102
71 104
71 106
71 107
71 108
71 109
71 111
71 113
71 114
71 115
71 116
71 118
71 121
71 122
71 123
71 124
71 127
71 128
71 134
71 136
71 140
71 141
71 143
71 147
71 148
71 149
71 151
71 153
71 154
71 155
71 158
71 163
71 166
71 170
71 171
71 172
71 173
71 181
71 185
71 187
71 188
71 190
71 191
71 195
72 73
72 77
72 78
72 82
72 83
72 85
72 86
72 89
72 91
72 92
72 95
72 98
72 100
72 104
72 106
72 108
72 111
72 115
72 116
72 126
72 127
72 128
72 129
72 131
72 132
72 133
72 134
72 135
72 137
72 139
72 140
72 143
72 145
72 147
72 150
72 154
72 155
72 156
72 157
72 161
72 163
72 166
72 170
72 171
72 175
72 176
72 177
72 179
72 183
72 184
72 186
72 192
72 194
72 195
72 196
72 197
72 198
72 199
73 74
73 76
73 77
73 78
73 79
73 81
73 83
73 84
73 85
73 87
73 89
73 90
73 91
73 93
73 99
73 103
73 104
73 105
73 107
73 115
73 121
73 123
73 125
73 126
73 127
73 128
73 129
73 133
73 134
73 136
73 140
73 142
73 143
73 145
73 146
73 147
73 150
73 154
73 156
73 160
73 162
73 163
73 168
73 169
73 170
73 171
73 172
73 173
73 175
73 178
73 179
73 184
73 185
73 186
73 189
73 190
73 192
73 194
74 75
74 76
74 78
74 79
74 80
74 81
74 82
74 83
74 87
74 88
74 91
74 92
74 95
74 96
74 98
74 99
74 101
74 102
74 104
74 106
74 109
74 113
74 114
74 115
74 116
74 121
74 123
74 127
74 128
74 131
74 134
74 136
74 137
74 138
74 140
74 141
74 143
74 147
74 151
74 152
74 154
74 155
74 157
74 158
74 159
74 160
74 162
74 164
74 166
74 170
74 176
74 179
74 180
74 183
74 185
74 187
74 189
74 190
74 191
74 193
74 195
74 196
74 197
75 76
75 77
75 78
75 79
75 80
75 83
75 86
75 88
75 89
75 92
75 93
75 94
75 95
75 96
75 97
75 98
75 99
75 100
75 107
75 110
75 111
75 112
75 114
75 115
75 117
75 119
75 120
75 124
75 126
75 131
75 133
75 134
75 137
75 138
75 140
75 146
75 152
75 154
75 155
75 156
75 157
75 158
75 162
75 163
75 164
75 165
75 167
75 168
75 169
75 174
75 175
75 177
75 178
75 179
75 182
75 184
75 185
75 187
75 188
75 192
75 193
75 196
75 199
76 79
76 81
76 86
76 88
76 89
76 92
76 93
76 94
76 97
76 99
76 102
76 103
76 105
76 106
76 107
76 109
76 110
76 111
76 117
76 118
76 119
76 120
76 121
76 122
76 124
76 125
76 128
76 129
76 130
76 131
76 134
76 136
76 137
76 139
76 140
76 142
76 146
76 147
76 149
76 150
76 151
76 152
76 157
76 158
76 161
76 163
76 165
76 167
76 168
76 169
76 172
76 173
76 174
76 175
76 176
76 177
76 178
76 182
76 183
76 187
76 188
76 189
76 190
76 194
76 195
76 196
76 198
76 199
77 80
77 86
77 87
77 89
77 91
77 92
77 94
77 96
77 99
77 101
77 102
77 104
77 105
77 106
77 107
77 109
77 112
77 114
77 119
77 120
77 121
77 122
77 125
77 126
77 129
77 133
77 134
77 135
77 136
77 137
77 139
77 140
77 143
77 144
77 146
77 149
77 150
77 154
77 155
77 156
77 157
77 159
77 160
77 161
77 162
77 165
77 168
77 169
77 171
77 172
77 173
77 174
77 175
77 176
77 177
77 180
77 183
77 184
77 185
77 186
77 190
77 194
77 195
77 197
77 198
78 79
78 80
78 81
78 82
78 83
78 84
78 85
78 86
78 88
78 92
78 96
78 97
78 99
78 106
78 107
78 116
78 118
78 120
78 122
78 123
78 125
78 128
78 129
78 130
78 132
78 134
78 135
78 136
78 137
78 142
78 146
78 152
78 154
78 155
78 158
78 159
78 161
78 162
78 165
78 168
78 169
78 171
78 173
78 175
78 181
78 182
78 183
78 185
78 188
78 190
78 191
78 192
78 194
78 195
78 196
78 197
79 80
79 83
79 88
79 89
79 90
79 91
79 92
79 93
79 95
79 96
79 97
79 101
79 102
79 103
79 104
79 107
79 109
79 111
79 112
79 113
79 114
79 116
79 119
79 121
79 123
79 126
79 129
79 133
79 137
79 139
79 142
79 143
79 145
79 146
79 149
79 151
79 153
79 155
79 156
79 157
79 158
79 159
79 161
79 162
79 163
79 164
79 165
79 167
79 168
79 170
79 172
79 175
79 182
79 188
79 189
79 192
79 193
79 194
79 195
79 198
80 82
80 87
80 90
80 93
80 94
80 95
80 96
80 98
80 100
80 101
80 102
80 103
80 104
80 106
80 108
80 109
80 110
80 111
80 114
80 115
80 117
80 118
80 119
80 123
80 124
80 125
80 126
80 128
80 129
80 130
80 132
80 133
80 138
80 140
80 141
80 143
80 147
80 150
80 154
80 155
80 156
80 158
80 159
80 161
80 162
80 163
80 164
80 165
80 166
80 168
80 169
80 171
80 175
80 177
80 186
80 187
80 188
80 190
80 191
80 193
80 194
80 196
80 197
80 198
80 199
81 83
81 85
81 86
81 93
81 96
81 97
81 98
81 99
81 100
81 104
81 105
81 106
81 108
81 109
81 111
81 113
81 114
81 116
81 119
81 120
81 121
81 126
81 127
81 128
81 129
81 130
81 131
81 138
81 140
81 147
81 148
81 149
81 150
81 153
81 159
81 161
81 162
81 166
81 167
81 168
81 171
81 174
81 175
81 178
81 180
81 181
81 187
81 190
81 193
81 197
82 83
82 84
82 85
82 88
82 90
82 92
82 93
82 96
82 98
82 100
82 102
82 103
82 104
82 105
82 106
82 109
82 111
82 112
82 114
82 115
82 120
82 121
82 122
82 123
82 124
82 126
82 128
82 130
82 132
82 134
82 135
82 136
82 139
82 140
82 141
82 145
82 147
82 148
82 149
82 156
82 159
82 164
82 167
82 168
82 170
82 173
82 174
82 177
82 179
82 180
82 182
82 184
82 190
82 192
82 193
82 194
82 199
83 84
83 86
83 87
83 90
83 92
83 97
83 99
83 100
83 102
83 103
83 104
83 106
83 107
83 109
83 110
83 111
83 113
83 116
83 117
83 119
83 120
83 122
83 123
83 124
83 128
83 129
83 130
83 133
83 135
83 138
83 139
83 141
83 142
83 145
83 146
83 147
83 148
83 149
83 151
83 152
83 153
83 155
83 156
83 157
83 158
83 160
83 161
83 163
83 164
83 167
83 169
83 171
83 173
83 174
83 175
83 176
83 177
83 179
83 181
83 186
83 189
83 190
83 193
83 194
83 198
84 89
84 93
84 94
84 95
84 96
84 98
84 99
84 102
84 104
84 105
84 106
84 107
84 108
84 109
84 110
84 112
84 114
84 115
84 117
84 122
84 124
84 125
84 127
84 129
84 131
84 132
84 134
84 136
84 139
84 140
84 141
84 143
84 144
84 147
84 149
84 153
84 154
84 158
84 160
84 161
84 162
84 163
84 164
84 165
84 167
84 170
84 174
84 178
84 179
84 180
84 181
84 185
84 187
84 188
84 189
84 191
84 193
84 194
84 195
84 197
84 198
84 199
85 86
85 88
85 89
85 94
85 95
85 98
85 99
85 104
85 105
85 107
85 110
85 111
85 114
85 115
85 117
85 119
85 123
85 124
85 125
85 127
85 128
85 131
85 132
85 134
85 135
85 137
85 138
85 139
85 140
85 143
85 144
85 145
85 147
85 149
85 152
85 154
85 155
85 165
85 166
85 168
85 169
85 172
85 176
85 177
85 178
85 180
85 181
85 183
85 184
85 187
85 193
85 194
85 196
85 199
86 87
86 90
86 92
86 93
86 94
86 97
86 98
86 100
86 106
86 108
86 111
86 112
86 117
86 122
86 123
86 125
86 126
86 127
86 129
86 131
86 134
86 135
86 136
86 138
86 139
86 140
86 141
86 143
86 144
86 145
86 149
86 150
86 154
86 155
86 159
86 160
86 161
86 167
86 168
86 172
86 173
86 174
86 175
86 178
86 181
86 182
86 184
86 185
86 187
86 189
86 190
86 193
86 194
86 198
86 199
87 91
87 93
87 94
87 95
87 96
87 99
87 100
87 104
87 105
87 106
87 107
87 111
87 113
87 114
87 115
87 116
87 117
87 127
87 128
87 129
87 132
87 134
87 135
87 137
87 139
87 142
87 143
87 144
87 146
87 147
87 151
87 154
87 160
87 165
87 166
87 174
87 175
87 177
87 180
87 181
87 185
87 186
87 187
87 188
87 189
87 191
87 194
87 195
87 198
87 199
88 89
88 90
88 91
88 92
88 93
88 95
88 96
88 97
88 98
88 100
88 104
88 105
88 106
88 112
88 115
88 116
88 117
88 118
88 122
88 125
88 127
88 132
88 133
88 134
88 135
88 136
88 137
88 139
88 141
88 142
88 144
88 146
88 148
88 151
88 152
88 153
88 154
88 156
88 161
88 162
88 165
88 167
88 168
88 170
88 172
88 174
88 182
88 184
88 185
88 186
88 191
88 193
88 194
88 195
88 196
88 197
88 199
89 90
89 91
89 92
89 93
89 94
89 98
89 101
89 105
89 106
89 111
89 112
89 113
89 114
89 115
89 118
89 119
89 123
89 124
89 135
89 138
89 140
89 144
89 146
89 150
89 152
89 153
89 154
89 158
89 161
89 162
89 164
89 166
89 167
89 168
89 174
89 175
89 176
89 178
89 182
89 183
89 187
89 188
89 189
89 190
90 91
90 92
90 95
90 97
90 99
90 101
90 103
90 106
90 109
90 112
90 114
90 115
90 117
90 119
90 120
90 121
90 123
90 124
90 125
90 126
90 128
90 132
90 134
90 135
90 136
90 137
90 139
90 140
90 141
90 145
90 148
90 149
90 150
90 151
90 152
90 153
90 154
90 155
90 156
90 158
90 159
90 161
90 163
90 164
90 166
90 167
90 169
90 170
90 171
90 172
90 174
90 178
90 179
90 180
90 184
90 185
90 186
90 189
90 190
90 191
90 192
90 196
90 198
90 199
91 92
91 93
91 95
91 97
91 100
91 104
91 105
91 106
91 110
91 112
91 114
91 116
91 117
91 118
91 121
91 122
91 123
91 124
91 135
91 137
91 142
91 146
91 149
91 151
91 153
91 154
91 157
91 158
91 160
91 162
91 164
91 165
91 166
91 167
91 168
91 169
91 175
91 177
91 179
91 180
91 183
91 184
91 186
91 194
91 195
91 197
91 198
92 95
92 97
92 101
92 109
92 111
92 112
92 113
92 117
92 119
92 121
92 122
92 125
92 128
92 131
92 132
92 133
92 134
92 138
92 139
92 142
92 146
92 147
92 148
92 149
92 150
92 151
92 152
92 154
92 155
92 157
92 158
92 160
92 161
92 162
92 167
92 170
92 172
92 173
92 175
92 176
92 178
92 179
92 181
92 185
92 186
92 188
92 189
92 190
92 191
92 192
92 195
92 196
92 197
93 95
93 97
93 98
93 102
93 106
93 107
93 111
93 114
93 115
93 116
93 126
93 129
93 133
93 135
93 138
93 142
93 145
93 146
93 148
93 149
93 150
93 152
93 153
93 154
93 157
93 161
93 165
93 166
93 168
93 170
93 173
93 174
93 175
93 179
93 181
93 184
93 185
93 187
93 188
93 191
93 193
93 195
93 198
93 199
94 95
94 96
94 99
94 100
94 101
94 102
94 103
94 106
94 107
94 112
94 118
94 119
94 121
94 122
94 123
94 127
94 129
94 131
94 132
94 133
94 135
94 136
94 137
94 138
94 139
94 140
94 145
94 146
94 152
94 154
94 156
94 160
94 164
94 165
94 166
94 168
94 169
94 170
94 173
94 174
94 176
94 177
94 182
94 186
94 187
94 191
94 192
94 193
94 196
94 197
95 96
95 97
95 101
95 105
95 106
95 108
95 109
95 110
95 111
95 114
95 116
95 117
95 120
95 121
95 122
95 123
95 125
95 126
95 127
95 128
95 129
95 131
95 132
95 136
95 139
95 140
95 141
95 145
95 147
95 149
95 150
95 158
95 160
95 161
95 164
95 165
95 168
95 169
95 170
95 173
95 174
95 180
95 182
95 183
95 186
95 187
95 192
95 193
95 194
95 197
95 198
95 199
96 99
96 101
96 102
96 104
96 110
96 111
96 113
96 116
96 117
96 121
96 123
96 124
96 126
96 128
96 130
96 131
96 139
96 140
96 141
96 142
96 143
96 145
96 149
96 150
96 152
96 153
96 154
96 155
96 156
96 157
96 159
96 160
96 162
96 163
96 166
96 167
96 168
96 170
96 172
96 174
96 177
96 178
96 179
96 181
96 182
96 189
96 192
96 193
96 194
96 196
97 104
97 109
97 114
97 115
97 116
97 119
97 121
97 122
97 124
97 125
97 126
97 132
97 133
97 134
97 136
97 137
97 138
97 139
97 141
97 147
97 153
97 155
97 156
97 158
97 160
97 162
97 167
97 168
97 172
97 174
97 178
97 180
97 181
97 182
97 184
97 185
97 187
97 190
97 191
97 192
97 194
97 195
97 196
97 197
97 198
97 199
98 99
98 101
98 102
98 106
98 109
98 110
98 115
98 117
98 119
98 120
98 121
98 124
98 129
98 130
98 133
98 134
98 135
98 138
98 139
98 141
98 142
98 146
98 148
98 149
98 151
98 155
98 156
98 158
98 159
98 160
98 161
98 162
98 165
98 168
98 169
98 171
98 173
98 175
98 177
98 179
98 180
98 181
98 182
98 183
98 184
98 186
98 189
98 190
98 191
98 192
98 195
98 196
99 100
99 101
99 102
99 104
99 105
99 106
99 107
99 112
99 113
99 115
99 116
99 118
99 120
99 122
99 125
99 126
99 127
99 129
99 130
99 132
99 136
99 138
99 139
99 140
99 141
99 144
99 145
99 146
99 148
99 150
99 151
99 153
99 155
99 156
99 157
99 158
99 159
99 160
99 161
99 162
99 163
99 164
99 166
99 167
99 170
99 171
99 173
99 176
99 177
99 179
99 180
99 182
99 184
99 185
99 186
99 187
99 188
99 196
99 198
99 199
100 102
100 104
100 107
100 109
100 110
100 112
100 113
100 117
100 118
100 119
100 121
100 127
100 128
100 129
100 135
100 136
100 137
100 138
100 139
100 143
100 151
100 152
100 153
100 155
100 157
100 162
100 163
100 164
100 168
100 170
100 173
100 178
100 179
100 182
100 183
100 184
100 188
100 189
100 190
100 191
100 193
100 195
100 197
101 102
101 104
101 106
101 108
101 110
101 111
101 112
101 114
101 115
101 117
101 118
101 123
101 125
101 126
101 127
101 128
101 132
101 133
101 134
101 135
101 136
101 138
101 140
101 143
101 145
101 146
101 147
101 148
101 150
101 152
101 153
101 161
101 163
101 164
101 167
101 170
101 172
101 175
101 176
101 178
101 179
101 181
101 182
101 183
101 184
101 187
101 188
101 189
101 190
101 194
102 103
102 105
102 111
102 114
102 115
102 116
102 117
102 119
102 123
102 126
102 129
102 130
102 131
102 132
102 135
102 138
102 139
102 140
102 143
102 144
102 145
102 146
102 147
102 149
102 150
102 151
102 160
102 161
102 162
102 163
102 164
102 167
102 170
102 172
102 173
102 174
102 175
102 176
102 183
102 184
102 189
102 190
102 192
102 193
102 196
102 198
102 199
103 104
103 107
103 108
103 109
103 110
103 111
103 112
103 113
103 114
103 115
103 118
103 119
103 120
103 121
103 122
103 123
103 124
103 126
103 129
103 130
103 133
103 134
103 138
103 139
103 141
103 142
103 143
103 144
103 146
103 151
103 152
103 153
103 154
103 155
103 156
103 158
103 159
103 161
103 163
103 172
103 174
103 175
103 176
103 180
103 181
103 182
103 185
103 186
103 187
103 189
103 192
103 195
103 196
103 198
103 199
104 106
104 109
104 110
104 111
104 113
104 114
104 115
104 116
104 119
104 122
104 124
104 125
104 126
104 127
104 128
104 130
104 133
104 134
104 136
104 137
104 138
104 140
104 144
104 146
104 148
104 149
104 150
104 151
104 154
104 155
104 156
104 158
104 159
104 161
104 163
104 167
104 168
104 172
104 173
104 175
104 178
104 179
104 185
104 186
104 188
104 190
104 192
104 193
104 194
104 195
104 196
104 197
104 199
105 107
105 110
105 111
105 112
105 113
105 114
105 115
105 119
105 121
105 125
105 127
105 128
105 129
105 131
105 132
105 133
105 136
105 137
105 138
105 139
105 146
105 147
105 149
105 150
105 152
105 153
105 161
105 164
105 170
105 175
105 176
105 179
105 180
105 183
105 184
105 186
105 187
105 188
105 190
105 193
105 195
105 196
105 197
105 198
106 108
106 112
106 114
106 115
106 116
106 120
106 122
106 124
106 125
106 127
106 129
106 130
106 132
106 133
106 138
106 139
106 140
106 146
106 147
106 149
106 151
106 153
106 157
106 158
106 160
106 162
106 163
106 165
106 166
106 167
106 168
106 170
106 171
106 172
106 174
106 175
106 176
106 179
106 181
106 184
106 185
106 189
106 190
106 191
106 192
106 194
106 196
106 198
106 199
107 110
107 112
107 113
107 114
107 117
107 118
107 122
107 124
107 126
107 127
107 129
107 130
107 132
107 133
107 136
107 138
107 139
107 140
107 141
107 142
107 143
107 144
107 147
107 149
107 152
107 154
107 157
107 158
107 160
107 161
107 162
107 165
107 173
107 175
107 176
107 177
107 179
107 181
107 182
107 183
107 184
107 188
107 191
107 192
107 197
108 110
108 112
108 114
108 117
108 121
108 122
108 123
108 125
108 126
108 130
108 133
108 135
108 137
108 138
108 139
108 142
108 144
108 145
108 147
108 148
108 151
108 154
108 155
108 157
108 160
108 163
108 166
108 170
108 175
108 176
108 177
108 179
108 180
108 181
108 182
108 183
108 184
108 185
108 186
108 187
108 189
108 194
108 196
109 110
109 111
109 113
109 114
109 115
109 117
109 121
109 122
109 123
109 124
109 125
109 128
109 132
109 135
109 139
109 145
109 147
109 148
109 149
109 152
109 155
109 157
109 158
109 163
109 165
109 168
109 172
109 174
109 175
109 176
109 177
109 179
109 180
109 182
109 184
109 185
109 187
109 188
109 189
109 194
109 197
110 111
110 114
110 116
110 118
110 120
110 122
110 124
110 127
110 128
110 130
110 132
110 133
110 134
110 135
110 137
110 138
110 139
110 140
110 151
110 152
110 153
110 160
110 162
110 163
110 165
110 166
110 168
110 169
110 170
110 171
110 172
110 173
110 176
110 178
110 180
110 181
110 187
110 190
110 191
110 192
110 196
110 198
110 199
111 113
111 116
111 118
111 119
111 121
111 123
111 124
111 128
111 130
111 131
111 133
111 134
111 136
111 138
111 141
111 142
111 145
111 146
111 149
111 150
111 151
111 154
111 157
111 159
111 160
111 162
111 164
111 165
111 166
111 168
111 170
111 172
111 173
111 174
111 179
111 180
111 181
111 185
111 186
111 189
111 190
111 191
111 193
111 194
111 197
111 198
112 114
112 115
112 117
112 119
112 120
112 122
112 123
112 124
112 125
112 127
112 128
112 129
112 130
112 136
112 137
112 140
112 142
112 143
112 144
112 145
112 146
112 147
112 149
112 150
112 151
112 152
112 156
112 159
112 160
112 161
112 162
112 164
112 165
112 166
112 171
112 173
112 176
112 177
112 179
112 184
112 186
112 188
112 190
112 191
112 192
112 194
112 195
112 196
112 197
112 198
113 114
113 115
113 116
113 118
113 120
113 122
113 123
113 124
113 126
113 127
113 129
113 134
113 135
113 136
113 137
113 138
113 140
113 141
113 142
113 143
113 146
113 151
113 153
113 157
113 158
113 159
113 162
113 163
113 164
113 166
113 169
113 171
113 173
113 174
113 176
113 178
113 180
113 182
113 183
113 185
113 187
113 189
113 190
113 192
113 196
113 199
114 122
114 123
114 127
114 128
114 131
114 133
114 134
114 135
114 139
114 141
114 142
114 143
114 146
114 148
114 149
114 150
114 153
114 157
114 158
114 159
114 165
114 167
114 168
114 170
114 172
114 173
114 174
114 175
114 178
114 183
114 184
114 185
114 186
114 187
114 188
114 193
114 195
114 197
114 199
115 116
115 117
115 121
115 124
115 127
115 131
115 132
115 133
115 139
115 140
115 143
115 144
115 152
115 153
115 155
115 161
115 162
115 163
115 169
115 170
115 173
115 174
115 176
115 179
115 181
115 189
115 190
115 194
115 196
115 197
116 117
116 118
116 119
116 122
116 123
116 124
116 127
116 128
116 130
116 131
116 132
116 136
116 137
116 138
116 139
116 141
116 142
116 143
116 146
116 148
116 151
116 156
116 159
116 160
116 162
116 163
116 164
116 166
116 168
116 169
116 175
116 176
116 178
116 181
116 182
116 183
116 189
116 198
117 118
117 121
117 122
117 124
117 125
117 127
117 129
117 130
117 133
117 134
117 137
117 139
117 145
117 147
117 148
117 149
117 151
117 152
117 156
117 158
117 161
117 163
117 164
117 169
117 174
117 175
117 182
117 183
117 184
117 185
117 186
117 187
117 190
117 192
117 193
117 194
117 196
117 198
117 199
118 120
118 121
118 124
118 125
118 126
118 127
118 134
118 135
118 136
118 138
118 139
118 140
118 141
118 142
118 143
118 145
118 147
118 148
118 154
118 156
118 161
118 162
118 163
118 164
118 165
118 166
118 168
118 169
118 172
118 174
118 175
118 177
118 179
118 181
118 182
118 183
118 184
118 186
118 187
118 189
118 191
118 192
118 194
118 195
118 199
119 121
119 124
119 125
119 127
119 128
119 132
119 133
119 136
119 137
119 138
119 141
119 142
119 148
119 149
119 153
119 154
119 156
119 159
119 162
119 163
119 164
119 172
119 173
119 174
119 175
119 179
119 181
119 182
119 185
119 186
119 187
119 191
119 195
119 197
120 121
120 122
120 123
120 124
120 125
120 126
120 127
120 129
120 130
120 133
120 135
120 138
120 141
120 148
120 150
120 152
120 153
120 155
120 157
120 160
120 161
120 163
120 164
120 165
120 166
120 171
120 173
120 174
120 177
120 178
120 180
120 181
120 185
120 187
120 188
120 189
120 191
120 195
120 198
121 122
121 124
121 125
121 129
121 130
121 131
121 132
121 133
121 134
121 136
121 139
121 140
121 141
121 143
121 148
121 150
121 151
121 153
121 154
121 155
121 158
121 162
121 163
121 164
121 166
121 168
121 169
121 172
121 173
121 175
121 178
121 179
121 183
121 185
121 186
121 187
121 188
121 191
121 192
121 194
121 199
122 123
122 124
122 129
122 131
122 132
122 135
122 136
122 138
122 140
122 143
122 144
122 147
122 148
122 149
122 151
122 153
122 154
122 156
122 157
122 160
122 161
122 162
122 163
122 164
122 166
122 167
122 172
122 173
122 176
122 177
122 178
122 181
122 182
122 183
122 184
122 186
122 188
122 189
122 193
122 196
123 124
123 126
123 128
123 133
123 134
123 136
123 137
123 144
123 145
123 147
123 148
123 151
123 152
123 153
123 155
123 157
123 158
123 159
123 162
123 164
123 165
123 166
123 167
123 172
123 177
123 178
123 181
123 182
123 183
123 184
123 186
123 187
123 188
123 190
123 192
123 196
123 197
123 198
123 199
124 130
124 131
124 133
124 134
124 135
124 136
124 139
124 140
124 142
124 143
124 144
124 145
124 148
124 149
124 151
124 152
124 153
124 154
124 157
124 162
124 164
124 165
124 170
124 172
124 173
124 174
124 177
124 178
124 179
124 183
124 185
124 186
124 187
124 190
124 191
124 192
124 194
124 195
124 196
124 197
124 198
125 126
125 127
125 128
125 131
125 132
125 134
125 135
125 138
125 139
125 143
125 148
125 152
125 155
125 158
125 162
125 165
125 166
125 168
125 171
125 172
125 173
125 174
125 175
125 177
125 183
125 184
125 185
125 186
125 187
125 188
125 189
125 190
125 191
125 192
125 193
125 196
125 199
126 128
126 131
126 133
126 138
126 140
126 141
126 142
126 145
126 146
126 147
126 149
126 152
126 154
126 155
126 156
126 157
126 162
126 163
126 166
126 170
126 171
126 173
126 174
126 175
126 176
126 178
126 179
126 186
126 187
126 188
126 192
126 199
127 128
127 129
127 130
127 131
127 133
127 135
127 136
127 137
127 138
127 140
127 141
127 142
127 143
127 146
127 149
127 150
127 153
127 154
127 156
127 157
127 159
127 160
127 161
127 162
127 167
127 168
127 169
127 172
127 173
127 174
127 175
127 177
127 180
127 182
127 186
127 187
127 188
127 190
127 195
127 196
127 198
128 129
128 131
128 133
128 136
128 137
128 138
128 139
128 141
128 143
128 145
128 150
128 152
128 153
128 154
128 155
128 156
128 157
128 161
128 162
128 164
128 165
128 166
128 168
128 169
128 171
128 177
128 178
128 180
128 185
128 186
128 187
128 189
128 190
128 191
128 192
128 194
128 195
128 196
128 197
128 198
129 130
129 131
129 132
129 134
129 137
129 141
129 145
129 148
129 149
129 152
129 153
129 154
129 156
129 160
129 161
129 162
129 163
129 164
129 167
129 169
129 170
129 171
129 172
129 173
129 174
129 176
129 177
129 178
129 179
129 182
129 185
129 186
129 187
129 188
129 190
129 194
129 196
130 134
130 142
130 148
130 149
130 153
130 156
130 158
130 159
130 165
130 166
130 171
130 174
130 176
130 177
130 179
130 180
130 181
130 183
130 184
130 188
130 191
130 194
130 196
130 198
130 199
131 134
131 137
131 138
131 139
131 140
131 144
131 147
131 150
131 151
131 153
131 154
131 158
131 159
131 160
131 161
131 163
131 164
131 171
131 173
131 176
131 178
131 179
131 182
131 183
131 185
131 187
131 189
131 190
131 193
131 198
132 134
132 142
132 144
132 145
132 146
132 147
132 149
132 150
132 152
132 153
132 156
132 160
132 163
132 165
132 166
132 168
132 169
132 170
132 171
132 172
132 173
132 174
132 175
132 176
132 179
132 180
132 183
132 185
132 188
132 189
132 190
132 192
132 193
132 194
132 196
133 136
133 137
133 138
133 139
133 140
133 141
133 142
133 145
133 148
133 153
133 154
133 155
133 157
133 159
133 160
133 161
133 163
133 164
133 165
133 167
133 168
133 170
133 173
133 174
133 175
133 176
133 178
133 179
133 181
133 184
133 186
133 188
133 189
133 190
133 191
133 192
133 193
133 196
133 197
133 199
134 135
134 136
134 138
134 140
134 143
134 144
134 145
134 146
134 149
134 151
134 155
134 157
134 159
134 162
134 163
134 164
134 165
134 168
134 170
134 171
134 172
134 173
134 174
134 175
134 176
134 179
134 180
134 182
134 183
134 185
134 189
134 193
134 196
134 197
134 199
135 136
135 137
135 138
135 140
135 144
135 145
135 147
135 148
135 149
135 150
135 151
135 153
135 155
135 157
135 158
135 159
135 160
135 165
135 167
135 168
135 169
135 171
135 172
135 173
135 174
135 178
135 179
135 181
135 183
135 185
135 188
135 189
135 190
135 192
135 193
135 194
135 195
135 197
135 198
136 138
136 142
136 143
136 145
136 158
136 159
136 160
136 162
136 164
136 166
136 169
136 171
136 172
136 173
136 174
136 179
136 181
136 185
136 190
136 191
136 192
136 193
136 194
136 198
137 139
137 140
137 142
137 144
137 145
137 146
137 147
137 148
137 149
137 150
137 151
137 154
137 157
137 158
137 160
137 161
137 164
137 165
137 171
137 172
137 173
137 174
137 176
137 178
137 179
137 180
137 181
137 182
137 184
137 185
137 186
137 187
137 193
137 195
137 196
137 199
138 139
138 141
138 142
138 145
138 146
138 148
138 149
138 150
138 152
138 154
138 155
138 156
138 158
138 160
138 161
138 162
138 164
138 166
138 169
138 170
138 174
138 175
138 177
138 178
138 179
138 182
138 183
138 187
138 188
138 189
138 190
138 191
138 192
138 197
138 198
139 140
139 141
139 145
139 151
139 153
139 158
139 159
139 160
139 161
139 164
139 165
139 167
139 168
139 169
139 172
139 173
139 175
139 178
139 179
139 180
139 183
139 184
139 185
139 186
139 188
139 189
139 194
139 195
139 196
139 197
139 198
140 142
140 143
140 147
140 151
140 152
140 153
140 154
140 158
140 162
140 164
140 165
140 166
140 169
140 172
140 174
140 175
140 177
140 178
140 179
140 181
140 182
140 184
140 186
140 190
140 194
140 197
141 142
141 143
141 144
141 146
141 147
141 148
141 152
141 155
141 156
141 161
141 163
141 164
141 166
141 167
141 168
141 170
141 171
141 173
141 177
141 178
141 179
141 182
141 185
141 187
141 188
141 190
141 193
141 194
141 195
141 198
142 144
142 145
142 146
142 147
142 149
142 151
142 153
142 154
142 155
142 156
142 161
142 162
142 163
142 164
142 166
142 168
142 174
142 176
142 178
142 179
142 181
142 182
142 184
142 185
142 187
142 189
142 191
142 195
142 197
142 198
143 144
143 145
143 146
143 147
143 149
143 150
143 154
143 155
143 157
143 158
143 159
143 160
143 165
143 166
143 167
143 170
143 171
143 173
143 174
143 176
143 177
143 179
143 182
143 183
143 184
143 185
143 186
143 191
143 192
143 193
143 194
143 195
143 196
143 197
144 145
144 147
144 148
144 150
144 153
144 154
144 155
144 156
144 158
144 165
144 166
144 168
144 171
144 173
144 174
144 177
144 179
144 181
144 183
144 185
144 186
144 187
144 188
144 191
144 192
144 195
144 198
144 199
145 146
145 148
145 150
145 152
145 153
145 154
145 156
145 157
145 158
145 159
145 160
145 161
145 162
145 163
145 164
145 165
145 168
145 169
145 170
145 172
145 173
145 174
145 176
145 178
145 180
145 182
145 186
145 188
145 189
145 190
145 191
145 193
145 195
146 147
146 149
146 151
146 153
146 154
146 155
146 157
146 159
146 161
146 162
146 163
146 164
146 165
146 166
146 167
146 169
146 177
146 179
146 180
146 182
146 183
146 184
146 188
146 190
146 194
146 195
146 196
147 148
147 152
147 155
147 157
147 166
147 169
147 172
147 173
147 175
147 176
147 177
147 179
147 181
147 185
147 186
147 190
147 191
147 193
147 194
147 198
147 199
148 150
148 153
148 157
148 160
148 161
148 164
148 165
148 167
148 168
148 169
148 172
148 173
148 175
148 176
148 178
148 180
148 181
148 183
148 184
148 187
148 189
148 195
148 197
149 150
149 153
149 154
149 155
149 158
149 159
149 160
149 162
149 164
149 165
149 168
149 169
149 171
149 172
149 176
149 177
149 178
149 179
149 180
149 186
149 187
149 189
149 190
149 196
149 197
149 198
150 153
150 155
150 156
150 157
150 158
150 159
150 160
150 161
150 162
150 163
150 166
150 167
150 169
150 170
150 174
150 176
150 180
150 181
150 182
150 183
150 185
150 186
150 187
150 188
150 190
150 194
150 195
150 197
150 198
150 199
151 153
151 155
151 156
151 160
151 165
151 167
151 168
151 169
151 170
151 173
151 176
151 177
151 182
151 187
151 189
151 190
151 192
151 194
151 195
151 196
151 199
152 154
152 156
152 161
152 163
152 164
152 165
152 166
152 167
152 168
152 171
152 172
152 173
152 176
152 177
152 178
152 179
152 181
152 186
152 188
152 192
152 193
152 194
152 197
152 198
152 199
153 155
153 157
153 158
153 159
153 162
153 163
153 164
153 165
153 167
153 171
153 174
153 176
153 184
153 185
153 186
153 187
153 188
153 190
153 194
153 195
153 196
154 156
154 157
154 162
154 166
154 169
154 171
154 172
154 173
154 174
154 175
154 176
154 177
154 181
154 182
154 184
154 186
154 187
154 190
154 193
154 194
154 195
154 196
154 197
155 156
155 158
155 159
155 160
155 162
155 163
155 168
155 170
155 172
155 173
155 174
155 175
155 179
155 181
155 182
155 185
155 186
155 187
155 188
155 189
155 190
155 193
155 195
155 197
155 198
156 158
156 159
156 161
156 164
156 165
156 166
156 168
156 175
156 177
156 178
156 179
156 181
156 183
156 189
156 192
156 195
156 196
156 198
157 158
157 167
157 168
157 172
157 175
157 176
157 180
157 182
157 184
157 186
157 187
157 192
157 194
157 195
157 197
158 161
158 163
158 166
158 169
158 173
158 175
158 176
158 177
158 178
158 183
158 184
158 188
158 193
158 195
158 197
158 198
158 199
159 160
159 163
159 164
159 165
159 167
159 168
159 171
159 176
159 178
159 179
159 182
159 184
159 186
159 190
159 191
159 193
159 194
159 196
160 161
160 163
160 164
160 165
160 166
160 172
160 173
160 174
160 175
160 177
160 179
160 180
160 181
160 182
160 183
160 185
160 187
160 188
160 191
160 193
160 195
160 197
160 198
161 162
161 163
161 167
161 170
161 172
161 173
161 174
161 175
161 178
161 180
161 182
161 183
161 184
161 185
161 189
161 190
161 193
161 195
161 196
161 198
162 164
162 166
162 169
162 170
162 175
162 180
162 181
162 182
162 184
162 186
162 187
162 193
162 195
162 197
162 199
163 166
163 167
163 171
163 172
163 177
163 178
163 179
163 180
163 181
163 182
163 183
163 184
163 186
163 189
163 190
163 191
163 192
163 195
163 196
163 197
163 199
164 166
164 168
164 169
164 170
164 171
164 173
164 175
164 178
164 179
164 183
164 184
164 186
164 187
164 189
164 191
164 192
164 194
164 196
164 199
165 168
165 169
165 170
165 173
165 175
165 177
165 178
165 182
165 183
165 184
165 186
165 187
165 190
165 191
165 193
165 195
166 169
166 175
166 176
166 178
166 182
166 185
166 186
166 188
166 190
166 192
166 199
167 169
167 170
167 171
167 174
167 176
167 177
167 182
167 184
167 193
167 194
167 196
167 197
168 169
168 171
168 172
168 175
168 176
168 177
168 179
168 183
168 185
168 186
168 188
168 190
168 196
168 197
168 199
169 170
169 172
169 176
169 177
169 178
169 180
169 181
169 182
169 183
169 184
169 186
169 187
169 189
169 194
169 195
169 196
169 198
170 172
170 173
170 175
170 176
170 177
170 180
170 181
170 182
170 183
170 185
170 188
170 190
170 191
170 194
170 195
170 196
170 198
171 173
171 175
171 177
171 180
171 183
171 185
171 186
171 187
171 189
171 191
171 199
172 174
172 177
172 178
172 182
172 183
172 184
172 185
172 186
172 188
172 190
172 193
172 194
172 195
172 196
173 176
173 177
173 178
173 179
173 180
173 181
173 183
173 185
173 187
173 188
173 189
173 192
173 194
173 195
173 197
173 199
174 175
174 178
174 179
174 180
174 181
174 184
174 186
174 188
174 190
174 195
174 196
174 197
174 198
174 199
175 177
175 178
175 179
175 180
175 183
175 184
175 185
175 187
175 188
175 196
175 197
175 199
176 179
176 181
176 182
176 186
176 187
176 188
176 190
176 193
176 195
176 196
176 197
176 198
176 199
177 184
177 185
177 187
177 188
177 189
177 190
177 191
177 192
177 194
177 195
177 196
177 197
177 198
177 199
178 179
178 180
178 183
178 184
178 186
178 187
178 191
178 193
178 194
178 195
178 197
178 198
179 183
179 186
179 187
179 193
179 195
179 197
180 182
180 186
180 187
180 189
180 190
180 191
180 195
180 196
180 197
180 198
180 199
181 187
181 188
181 190
181 192
181 194
181 199
182 183
182 185
182 188
182 189
182 192
182 195
182 197
182 198
183 185
183 188
183 192
183 195
183 199
184 187
184 188
184 189
184 191
184 195
184 196
184 199
185 187
185 188
185 190
185 196
185 197
185 198
186 187
186 189
186 190
186 192
186 193
186 194
186 195
186 196
186 197
187 189
187 190
187 191
187 192
187 193
187 195
187 196
187 197
188 189
188 191
188 192
188 196
188 197
188 198
189 190
189 191
189 192
189 195
190 191
190 192
190 193
190 195
190 196
190 199
191 194
191 197
192 197
192 198
193 194
193 195
193 197
193 199
194 195
194 196
194 198
194 199
195 196
195 198
195 199
196 197
196 199
198 199
