50 370
0 1
0 4
0 10
0 11
0 13
0 14
0 16
0 17
0 22
0 23
0 24
0 29
0 30
0 32
0 33
0 35
0 37
0 40
0 41
0 43
0 49
1 13
1 25
1 30
1 35
1 39
1 40
1 43
1 47
2 4
2 5
2 7
2 9
2 10
2 11
2 12
2 15
2 19
2 20
2 22
2 23
2 24
2 25
2 29
2 30
2 32
2 38
2 42
2 44
3 4
3 8
3 9
3 10
3 11
3 18
3 25
3 26
3 27
3 28
3 36
3 43
3 46
4 5
4 12
4 13
4 14
4 17
4 21
4 23
4 28
4 36
4 38
4 41
4 44
4 48
5 10
5 13
5 14
5 18
5 20
5 26
5 31
5 33
5 35
5 36
5 42
6 12
6 14
6 17
6 21
6 23
6 25
6 26
6 44
6 47
7 8
7 13
7 14
7 18
7 21
7 26
7 33
7 39
7 40
7 42
7 44
7 48
8 13
8 16
8 20
8 25
8 29
8 30
8 41
8 42
8 46
8 48
9 11
9 14
9 15
9 19
9 24
9 34
9 36
9 45
9 46
9 47
10 13
10 14
10 24
10 29
10 31
10 34
10 37
10 38
10 39
10 45
11 20
11 23
11 26
11 29
11 34
11 40
11 44
11 45
11 48
11 49
12 18
12 21
12 23
12 26
12 27
12 33
12 34
12 37
12 41
12 43
12 45
12 48
13 18
13 19
13 20
13 24
13 29
13 34
13 37
13 40
13 41
13 45
13 46
13 49
14 15
14 20
14 23
14 27
14 28
14 37
14 45
14 47
15 17
15 18
15 25
15 32
15 34
15 35
15 41
15 46
15 47
15 48
15 49
16 19
16 32
16 36
16 44
16 47
16 49
17 18
17 21
17 23
17 24
17 25
17 26
17 29
17 32
17 35
17 36
17 42
17 43
17 46
18 19
18 21
18 36
18 38
18 44
18 47
19 20
19 34
19 36
19 45
19 47
19 49
20 21
20 25
20 27
20 30
20 31
20 33
20 34
20 37
20 45
20 48
21 30
21 31
21 39
21 43
21 44
21 46
21 48
22 27
22 28
22 29
22 33
22 34
22 39
22 41
22 44
22 47
22 48
23 25
23 29
23 30
23 31
23 34
23 35
23 38
23 41
23 43
23 46
23 49
24 27
24 31
24 32
24 43
24 44
24 47
24 48
25 26
25 30
25 32
25 33
25 38
25 48
26 33
26 34
26 35
26 40
26 42
26 43
26 45
26 49
27 29
27 31
27 32
27 33
27 34
27 35
27 47
28 32
28 37
28 38
28 39
28 40
28 42
28 46
29 35
29 36
29 39
29 42
29 44
30 36
30 37
30 41
30 44
31 33
31 34
31 37
31 38
31 40
31 42
31 43
31 44
31 45
31 46
31 47
31 49
32 37
32 42
32 44
32 49
33 38
33 40
33 41
33 43
33 47
33 48
34 37
34 38
34 41
34 43
34 45
34 46
35 37
35 39
35 42
35 44
35 47
36 40
36 44
36 45
36 46
36 48
37 40
37 41
37 46
37 48
38 39
38 43
38 44
38 45
38 46
39 41
39 43
39 45
40 42
40 43
40 47
40 49
41 45
42 45
42 47
42 49
43 44
43 45
43 47
44 47
45 46
45 48
46 47
46 49
47 49
