30 139
0 2
0 3
0 5
0 6
0 10
0 11
0 12
0 20
0 21
1 2
1 5
1 9
1 11
1 12
1 15
1 22
1 23
1 25
1 29
2 3
2 9
2 18
2 19
2 21
2 24
2 27
2 29
3 15
3 20
3 26
4 10
4 12
4 14
4 16
4 19
4 23
4 24
4 28
5 9
5 11
5 16
5 20
5 21
5 23
5 24
5 25
5 27
6 12
6 24
6 26
6 29
7 11
7 14
7 22
7 24
7 25
8 9
8 13
8 14
8 16
8 17
8 19
8 22
8 24
8 25
8 28
9 13
9 14
9 18
9 22
9 25
9 29
10 15
10 16
10 19
10 21
10 23
10 24
10 26
10 29
11 14
11 16
11 19
11 26
11 28
11 29
12 16
12 18
12 22
12 29
13 19
13 22
13 23
13 24
13 25
14 15
14 16
14 17
14 18
14 19
14 22
14 23
14 28
15 22
15 25
15 26
16 17
16 21
16 25
16 26
17 22
17 23
17 26
17 27
17 28
17 29
18 19
19 20
19 21
19 22
19 26
19 28
20 22
20 23
20 25
20 27
21 24
21 26
22 26
23 24
23 25
23 27
23 28
23 29
24 25
25 28
27 28
27 29
28 29
