50 348
0 2
0 7
0 8
0 9
0 10
0 17
0 18
0 21
0 22
0 28
0 34
0 36
0 37
0 38
0 44
0 46
1 3
1 4
1 9
1 14
1 16
1 20
1 21
1 30
1 33
1 42
1 45
1 47
1 48
2 5
2 8
2 13
2 16
2 17
2 21
2 25
2 27
2 31
2 32
2 35
2 37
3 8
3 11
3 16
3 18
3 19
3 20
3 21
3 23
3 25
3 26
3 30
3 34
3 35
3 41
3 49
4 10
4 13
4 14
4 20
4 22
4 25
4 26
4 32
4 34
4 38
4 44
4 48
5 6
5 10
5 11
5 13
5 16
5 18
5 23
5 25
5 28
5 29
5 31
5 42
5 44
5 47
5 48
5 49
6 7
6 9
6 16
6 20
6 25
6 26
6 30
6 32
6 36
6 38
6 42
6 44
6 46
6 48
6 49
7 9
7 11
7 15
7 20
7 21
7 26
7 30
7 31
7 34
7 35
7 37
7 43
7 44
7 46
7 47
8 9
8 14
8 16
8 18
8 24
8 26
8 27
8 28
8 34
8 37
8 40
8 42
8 46
8 47
9 12
9 15
9 18
9 19
9 20
9 29
9 30
9 39
9 45
10 12
10 14
10 20
10 22
10 23
10 25
10 26
10 28
10 31
10 33
10 38
11 12
11 14
11 15
11 17
11 19
11 25
11 27
11 34
11 39
11 41
11 42
11 43
11 46
12 16
12 23
12 24
12 29
12 30
12 31
12 37
12 39
12 41
12 44
13 16
13 17
13 18
13 22
13 31
13 33
13 36
13 48
13 49
14 18
14 25
14 29
14 32
14 34
14 43
14 46
14 47
15 27
15 28
15 29
15 37
15 42
15 45
15 48
16 26
16 31
16 33
16 34
16 40
16 47
16 48
17 23
17 25
17 28
17 29
17 31
17 37
17 41
17 42
17 43
17 45
17 48
18 19
18 21
18 27
18 31
18 35
18 42
18 43
18 44
18 46
19 27
19 28
19 32
19 37
20 22
20 38
20 48
20 49
21 22
21 25
21 33
21 40
21 43
21 44
21 47
21 48
22 31
22 34
22 43
22 45
23 25
23 27
23 32
23 36
23 37
23 39
23 41
23 45
23 47
24 29
24 35
24 39
24 41
24 43
24 45
24 49
25 31
25 32
25 33
25 39
25 43
25 48
26 29
26 31
26 34
26 37
26 40
26 41
26 42
26 48
26 49
27 29
27 34
27 36
27 37
27 39
27 46
27 47
27 49
28 29
28 38
28 40
28 43
28 46
28 48
29 30
29 31
29 32
29 35
29 47
30 32
30 34
30 46
30 48
31 32
31 47
32 33
32 36
32 38
32 48
33 34
33 41
33 47
33 49
34 40
34 44
34 46
34 47
34 48
35 38
35 39
35 43
35 48
36 37
36 43
36 44
37 41
37 42
37 48
38 40
38 41
38 42
38 45
38 48
38 49
39 42
39 49
40 41
40 43
40 46
40 49
41 43
41 44
41 47
42 45
42 47
42 48
43 45
43 47
43 48
44 46
44 47
44 48
46 48
46 49
48 49
