80 646
0 3
0 6
0 17
0 22
0 33
0 35
0 37
0 42
0 43
0 49
0 56
0 59
0 60
0 62
1 6
1 9
1 10
1 14
1 30
1 32
1 33
1 37
1 38
1 39
1 40
1 43
1 47
1 48
1 49
1 51
1 52
1 57
1 64
1 71
1 75
1 79
2 10
2 13
2 14
2 15
2 16
2 21
2 28
2 43
2 44
2 50
2 53
2 59
2 61
2 63
2 65
2 68
2 74
3 5
3 9
3 15
3 18
3 19
3 23
3 24
3 27
3 38
3 56
3 58
3 62
3 69
3 71
3 72
3 76
4 13
4 16
4 23
4 35
4 38
4 42
4 43
4 44
4 47
4 48
4 54
4 55
4 56
4 60
4 65
4 66
4 67
4 69
4 73
4 77
5 17
5 20
5 21
5 22
5 23
5 24
5 26
5 28
5 33
5 39
5 41
5 45
5 46
5 52
5 54
5 64
5 65
5 68
5 74
5 76
5 78
5 79
6 9
6 10
6 12
6 17
6 23
6 30
6 31
6 40
6 56
6 73
6 75
6 77
6 79
7 9
7 12
7 30
7 31
7 34
7 37
7 41
7 50
7 53
7 77
7 79
8 10
8 22
8 25
8 37
8 38
8 39
8 46
8 58
8 60
8 64
8 75
9 16
9 18
9 20
9 23
9 27
9 30
9 32
9 34
9 35
9 46
9 49
9 65
9 79
10 13
10 20
10 23
10 26
10 27
10 33
10 47
10 50
10 51
10 64
10 74
11 12
11 15
11 16
11 19
11 22
11 27
11 32
11 33
11 40
11 44
11 48
11 66
11 67
11 73
11 75
12 13
12 14
12 18
12 22
12 25
12 28
12 29
12 38
12 45
12 60
12 62
12 73
13 16
13 20
13 22
13 27
13 28
13 32
13 33
13 34
13 42
13 49
13 50
13 52
13 55
13 56
13 57
13 58
14 15
14 24
14 26
14 32
14 42
14 49
14 52
14 53
14 56
14 57
14 59
14 63
14 67
14 69
14 70
14 75
14 77
15 18
15 23
15 30
15 38
15 41
15 43
15 45
15 53
15 61
15 62
15 65
15 70
15 73
15 78
16 18
16 24
16 41
16 45
16 56
16 57
16 59
16 64
16 65
17 26
17 33
17 34
17 43
17 44
17 45
17 55
17 56
17 57
17 69
17 72
17 73
17 74
18 24
18 41
18 50
18 52
18 55
18 59
18 70
18 76
18 77
19 20
19 23
19 24
19 41
19 43
19 61
19 69
19 70
20 24
20 28
20 31
20 36
20 38
20 39
20 46
20 49
20 53
20 55
20 66
20 72
20 73
20 79
21 22
21 23
21 35
21 38
21 39
21 41
21 44
21 50
21 53
21 54
21 57
21 58
21 63
21 72
21 73
21 74
21 75
21 77
22 29
22 39
22 42
22 45
22 57
22 70
22 72
23 33
23 36
23 38
23 42
23 43
23 44
23 55
23 56
23 60
23 65
23 68
23 72
24 26
24 27
24 33
24 45
24 54
24 68
24 73
25 28
25 47
25 54
25 61
25 64
25 65
25 73
25 75
25 77
26 27
26 36
26 40
26 43
26 44
26 49
26 51
26 56
26 63
26 67
26 69
26 74
27 30
27 31
27 38
27 44
27 50
27 51
27 55
27 66
27 69
27 71
27 74
27 76
28 33
28 41
28 47
28 57
28 62
28 67
28 73
28 76
29 36
29 38
29 40
29 42
29 43
29 47
29 50
29 51
29 55
29 57
29 58
29 70
29 74
29 79
30 41
30 44
30 46
30 51
30 56
30 61
30 62
30 63
30 67
30 71
30 72
30 76
31 34
31 41
31 47
31 49
31 51
31 57
31 58
31 61
31 67
31 69
31 72
31 73
32 33
32 43
32 49
32 51
32 60
32 61
32 62
32 69
32 70
32 72
32 76
33 43
33 44
33 49
33 56
33 58
33 60
33 61
33 67
33 68
33 72
33 74
34 35
34 52
34 55
34 60
34 61
34 64
34 66
34 67
34 70
34 71
34 77
34 78
34 79
35 38
35 39
35 42
35 43
35 54
35 56
35 64
35 75
35 78
35 79
36 38
36 39
36 43
36 57
36 68
36 79
37 39
37 50
37 59
37 72
37 79
38 45
38 46
38 49
38 53
38 56
38 59
38 66
38 77
38 78
38 79
39 44
39 46
39 75
39 76
40 41
40 51
40 52
40 55
40 58
40 67
40 71
40 74
40 77
41 52
41 53
41 56
41 60
41 62
41 67
41 71
42 53
42 72
42 76
43 46
43 49
43 53
43 54
43 61
43 67
43 73
43 74
44 50
44 51
44 53
44 59
44 63
44 66
44 75
44 76
44 78
45 53
45 77
46 48
46 54
46 70
46 75
46 78
47 48
47 51
47 54
47 61
47 62
47 63
48 54
48 63
48 77
49 53
49 55
49 63
49 65
49 66
49 74
49 76
49 78
50 55
50 58
50 62
50 63
50 64
50 68
50 69
50 70
50 73
51 64
51 75
51 78
52 53
52 57
52 58
52 72
52 75
52 76
53 56
53 59
53 65
53 66
54 57
54 60
54 72
54 74
54 75
54 77
55 63
55 64
55 66
55 71
55 77
55 79
56 58
56 60
56 63
56 71
57 58
57 65
57 68
57 79
58 61
58 71
58 73
59 60
59 61
59 66
59 67
59 70
59 79
60 67
61 62
62 65
62 66
62 68
62 69
62 70
62 74
62 77
63 73
63 75
63 78
64 65
64 68
64 69
64 73
64 78
64 79
65 66
65 71
65 72
65 73
65 75
65 76
65 78
66 71
67 68
67 72
67 77
67 79
68 73
69 73
69 75
69 77
69 78
69 79
70 71
70 74
71 79
72 76
73 77
74 77
75 79
76 77
77 78
