50 379
0 1
0 3
0 4
0 8
0 10
0 11
0 12
0 13
0 19
0 26
0 31
0 35
0 39
0 42
0 43
0 44
0 45
0 46
0 49
1 3
1 5
1 10
1 13
1 24
1 32
1 33
1 35
1 39
1 41
1 42
1 45
1 49
2 3
2 7
2 17
2 23
2 24
2 26
2 27
2 28
2 30
2 32
2 33
2 34
2 35
2 38
2 39
2 43
2 46
2 47
2 49
3 5
3 7
3 8
3 10
3 12
3 14
3 15
3 17
3 19
3 22
3 24
3 25
3 29
3 30
3 31
3 32
3 39
3 45
3 47
3 48
3 49
4 13
4 16
4 18
4 21
4 22
4 23
4 25
4 26
4 28
4 32
4 38
4 39
4 49
5 10
5 11
5 16
5 17
5 23
5 24
5 34
5 39
5 48
5 49
6 8
6 9
6 13
6 15
6 18
6 19
6 20
6 30
6 36
6 38
6 42
6 45
6 49
7 12
7 14
7 16
7 23
7 24
7 27
7 28
7 29
7 35
7 36
7 40
7 42
7 45
7 47
8 13
8 14
8 15
8 21
8 28
8 29
8 30
8 31
8 37
8 38
8 42
8 44
8 47
9 11
9 16
9 17
9 21
9 23
9 26
9 31
9 41
9 47
9 49
10 16
10 19
10 25
10 26
10 35
10 39
11 14
11 15
11 16
11 25
11 26
11 27
11 29
11 33
11 34
11 36
11 37
11 38
11 43
11 44
11 45
11 47
11 48
12 14
12 17
12 20
12 22
12 23
12 24
12 27
12 31
12 32
12 33
12 35
12 40
12 48
13 29
13 31
13 35
13 36
13 37
13 39
13 41
14 19
14 20
14 21
14 27
14 28
14 32
14 33
14 41
14 42
14 46
14 47
14 48
14 49
15 25
15 26
15 28
15 36
15 40
15 42
15 47
15 49
16 17
16 19
16 20
16 22
16 28
16 29
16 36
16 41
17 20
17 25
17 26
17 30
17 36
17 43
17 44
17 45
17 47
18 22
18 26
18 27
18 32
18 36
18 38
18 41
18 46
18 48
18 49
19 21
19 25
19 29
19 30
19 31
19 32
19 34
19 35
19 36
19 37
19 43
19 44
19 49
20 21
20 22
20 31
20 35
20 40
20 41
20 43
20 49
21 25
21 29
21 32
21 33
21 37
21 40
21 41
21 48
22 26
22 27
22 31
22 32
22 33
22 36
22 40
22 41
22 45
23 24
23 25
23 28
23 29
23 30
23 34
23 37
23 40
23 45
23 47
23 49
24 25
24 27
24 33
24 40
24 42
24 43
24 46
24 49
25 27
25 31
25 33
25 37
25 38
25 39
25 42
25 44
25 46
25 48
25 49
26 35
26 40
26 41
27 30
27 32
27 33
27 36
27 37
27 39
27 40
27 45
28 30
28 33
28 38
28 41
28 49
29 33
29 35
29 40
29 43
29 45
29 46
30 32
30 38
30 44
31 42
31 44
32 33
32 37
32 41
32 46
33 36
33 40
33 47
33 48
34 35
34 41
34 46
34 47
35 45
35 46
35 48
36 42
36 46
37 44
37 48
37 49
38 39
38 41
38 42
38 43
38 44
38 47
38 48
39 45
39 47
39 49
40 42
40 43
40 44
40 47
40 48
41 49
42 43
42 45
43 44
43 47
43 48
43 49
44 45
44 47
45 46
46 47
47 49
48 49
