200 5860
0 4
0 5
0 6
0 13
0 15
0 16
0 19
0 21
0 22
0 25
0 29
0 32
0 35
0 41
0 44
0 46
0 48
0 55
0 58
0 59
0 63
0 65
0 68
0 73
0 74
0 78
0 80
0 81
0 82
0 83
0 84
0 94
0 98
0 99
0 102
0 103
0 107
0 111
0 116
0 122
0 125
0 135
0 143
0 146
0 148
0 149
0 153
0 154
0 156
0 157
0 164
0 166
0 169
0 172
0 175
0 176
0 182
0 183
0 184
0 186
0 189
0 191
0 194
1 2
1 5
1 8
1 11
1 15
1 29
1 37
1 39
1 41
1 42
1 49
1 51
1 54
1 60
1 65
1 66
1 69
1 70
1 73
1 80
1 82
1 85
1 88
1 91
1 94
1 100
1 101
1 104
1 106
1 111
1 120
1 122
1 128
1 129
1 137
1 141
1 144
1 145
1 150
1 151
1 159
1 160
1 161
1 164
1 166
1 171
1 178
1 179
1 184
1 185
1 195
1 199
2 7
2 9
2 10
2 12
2 13
2 18
2 21
2 25
2 32
2 33
2 35
2 39
2 42
2 48
2 50
2 52
2 53
2 56
2 60
2 64
2 65
2 66
2 69
2 70
2 71
2 72
2 76
2 83
2 84
2 85
2 86
2 93
2 98
2 99
2 102
2 103
2 112
2 113
2 115
2 133
2 134
2 140
2 144
2 151
2 154
2 157
2 158
2 166
2 167
2 169
2 170
2 176
2 182
2 184
2 188
2 195
2 198
2 199
3 5
3 6
3 7
3 25
3 26
3 28
3 31
3 32
3 42
3 45
3 46
3 47
3 50
3 52
3 55
3 56
3 57
3 59
3 60
3 62
3 71
3 73
3 75
3 76
3 83
3 85
3 86
3 88
3 92
3 93
3 96
3 100
3 107
3 108
3 111
3 112
3 114
3 116
3 120
3 121
3 128
3 129
3 132
3 138
3 141
3 142
3 147
3 151
3 155
3 159
3 160
3 164
3 165
3 174
3 175
3 176
3 177
3 181
3 197
4 7
4 8
4 9
4 10
4 14
4 20
4 34
4 36
4 38
4 40
4 42
4 46
4 47
4 48
4 51
4 52
4 53
4 55
4 58
4 59
4 65
4 68
4 70
4 76
4 77
4 83
4 86
4 88
4 90
4 91
4 92
4 93
4 94
4 100
4 101
4 106
4 108
4 111
4 112
4 113
4 114
4 125
4 128
4 135
4 136
4 139
4 144
4 145
4 148
4 150
4 153
4 154
4 155
4 156
4 161
4 163
4 167
4 169
4 175
4 176
4 182
4 189
4 195
4 199
5 6
5 8
5 12
5 14
5 21
5 23
5 29
5 33
5 38
5 40
5 44
5 46
5 56
5 58
5 62
5 70
5 73
5 75
5 77
5 85
5 86
5 88
5 93
5 99
5 101
5 102
5 104
5 106
5 114
5 121
5 125
5 137
5 138
5 141
5 142
5 154
5 160
5 169
5 170
5 176
5 181
5 190
5 191
5 192
5 198
6 8
6 15
6 17
6 20
6 21
6 22
6 25
6 26
6 31
6 41
6 42
6 45
6 52
6 54
6 57
6 62
6 65
6 70
6 73
6 74
6 75
6 79
6 82
6 85
6 87
6 90
6 91
6 93
6 94
6 95
6 100
6 101
6 103
6 107
6 110
6 112
6 113
6 117
6 118
6 119
6 121
6 123
6 125
6 126
6 128
6 129
6 130
6 131
6 139
6 140
6 142
6 143
6 145
6 146
6 149
6 153
6 154
6 160
6 161
6 165
6 166
6 167
6 170
6 171
6 172
6 173
6 177
6 184
6 190
6 193
6 195
6 196
7 11
7 19
7 20
7 27
7 32
7 33
7 34
7 39
7 44
7 46
7 49
7 55
7 56
7 58
7 59
7 61
7 64
7 73
7 75
7 79
7 90
7 100
7 108
7 117
7 118
7 119
7 122
7 128
7 129
7 131
7 138
7 139
7 140
7 144
7 146
7 147
7 151
7 156
7 157
7 161
7 168
7 171
7 175
7 176
7 177
7 179
7 183
7 187
7 189
7 191
7 193
7 194
8 9
8 10
8 11
8 15
8 17
8 20
8 21
8 27
8 32
8 37
8 43
8 47
8 48
8 51
8 58
8 64
8 65
8 67
8 68
8 73
8 79
8 83
8 85
8 86
8 87
8 89
8 91
8 93
8 97
8 98
8 99
8 100
8 103
8 106
8 108
8 109
8 111
8 114
8 117
8 119
8 120
8 122
8 123
8 126
8 127
8 129
8 139
8 144
8 145
8 146
8 150
8 158
8 165
8 166
8 167
8 168
8 169
8 176
8 182
8 184
8 188
8 193
8 195
8 196
8 198
8 199
9 10
9 12
9 14
9 16
9 18
9 20
9 37
9 40
9 45
9 46
9 48
9 50
9 52
9 53
9 60
9 61
9 62
9 64
9 76
9 78
9 83
9 86
9 87
9 89
9 92
9 94
9 97
9 99
9 104
9 107
9 111
9 118
9 121
9 122
9 124
9 125
9 126
9 139
9 141
9 147
9 150
9 152
9 153
9 154
9 155
9 159
9 165
9 167
9 168
9 173
9 175
9 181
9 182
9 188
9 194
10 13
10 16
10 17
10 20
10 21
10 24
10 26
10 33
10 45
10 49
10 51
10 56
10 61
10 63
10 80
10 81
10 85
10 86
10 87
10 89
10 90
10 94
10 99
10 100
10 102
10 108
10 113
10 115
10 117
10 119
10 121
10 122
10 124
10 128
10 133
10 137
10 138
10 141
10 148
10 149
10 158
10 161
10 163
10 167
10 168
10 174
10 175
10 179
10 180
10 183
10 184
10 185
10 190
10 195
10 197
10 198
11 13
11 16
11 17
11 19
11 23
11 25
11 27
11 33
11 39
11 47
11 50
11 51
11 54
11 59
11 60
11 76
11 78
11 80
11 85
11 88
11 92
11 97
11 101
11 102
11 108
11 111
11 113
11 119
11 121
11 133
11 135
11 136
11 139
11 142
11 145
11 151
11 153
11 161
11 164
11 166
11 170
11 171
11 172
11 173
11 176
11 181
11 195
11 197
11 198
12 13
12 17
12 18
12 19
12 21
12 23
12 28
12 30
12 35
12 36
12 39
12 42
12 45
12 53
12 54
12 55
12 56
12 57
12 58
12 61
12 68
12 76
12 81
12 82
12 83
12 88
12 89
12 93
12 97
12 98
12 100
12 102
12 107
12 109
12 110
12 112
12 114
12 117
12 120
12 122
12 123
12 124
12 131
12 135
12 147
12 151
12 153
12 157
12 163
12 170
12 171
12 174
12 186
12 188
12 190
12 191
13 16
13 18
13 26
13 33
13 34
13 35
13 38
13 48
13 50
13 54
13 61
13 63
13 64
13 69
13 74
13 83
13 85
13 90
13 96
13 101
13 103
13 107
13 108
13 110
13 116
13 120
13 122
13 124
13 135
13 136
13 140
13 152
13 154
13 160
13 162
13 163
13 167
13 169
13 181
13 192
13 198
14 23
14 26
14 32
14 33
14 35
14 36
14 37
14 40
14 45
14 48
14 49
14 50
14 54
14 56
14 65
14 66
14 70
14 71
14 76
14 84
14 91
14 94
14 97
14 98
14 100
14 110
14 111
14 115
14 122
14 124
14 125
14 126
14 127
14 128
14 130
14 131
14 133
14 138
14 142
14 154
14 158
14 159
14 160
14 164
14 170
14 171
14 172
14 177
14 178
14 189
14 194
14 195
14 198
14 199
15 18
15 19
15 20
15 21
15 22
15 23
15 24
15 28
15 29
15 31
15 35
15 42
15 43
15 48
15 53
15 55
15 59
15 68
15 69
15 70
15 74
15 77
15 78
15 79
15 83
15 89
15 90
15 91
15 92
15 96
15 105
15 112
15 114
15 122
15 123
15 124
15 126
15 132
15 134
15 136
15 137
15 140
15 146
15 148
15 150
15 156
15 158
15 159
15 160
15 163
15 165
15 167
15 170
15 171
15 175
15 177
15 180
15 181
15 182
15 185
15 186
15 191
15 195
16 23
16 25
16 26
16 27
16 31
16 32
16 34
16 35
16 38
16 44
16 45
16 53
16 54
16 57
16 61
16 62
16 65
16 72
16 73
16 77
16 79
16 80
16 81
16 93
16 95
16 98
16 99
16 100
16 101
16 104
16 108
16 110
16 113
16 119
16 121
16 123
16 126
16 128
16 131
16 132
16 134
16 135
16 138
16 139
16 147
16 149
16 163
16 164
16 168
16 169
16 173
16 174
16 177
16 178
16 179
16 195
16 196
17 21
17 26
17 28
17 32
17 33
17 34
17 37
17 45
17 49
17 53
17 57
17 58
17 66
17 71
17 76
17 83
17 85
17 87
17 88
17 89
17 100
17 101
17 106
17 107
17 110
17 114
17 115
17 120
17 121
17 124
17 135
17 138
17 139
17 140
17 142
17 151
17 152
17 153
17 163
17 165
17 170
17 171
17 172
17 173
17 175
17 176
17 182
17 186
17 188
17 191
17 194
18 27
18 28
18 30
18 34
18 36
18 50
18 53
18 56
18 59
18 64
18 65
18 73
18 74
18 79
18 85
18 87
18 88
18 89
18 91
18 92
18 94
18 100
18 101
18 102
18 103
18 107
18 112
18 121
18 122
18 126
18 134
18 139
18 140
18 145
18 146
18 155
18 158
18 159
18 160
18 161
18 162
18 165
18 166
18 170
18 171
18 184
18 187
18 190
18 195
18 198
19 29
19 36
19 39
19 40
19 46
19 59
19 62
19 65
19 68
19 70
19 73
19 75
19 76
19 88
19 99
19 108
19 115
19 121
19 122
19 123
19 125
19 131
19 133
19 134
19 135
19 139
19 140
19 144
19 147
19 156
19 158
19 160
19 162
19 164
19 166
19 173
19 178
19 180
19 183
19 187
19 189
19 192
19 194
19 197
19 198
20 21
20 31
20 33
20 54
20 55
20 58
20 61
20 65
20 66
20 73
20 74
20 77
20 78
20 87
20 90
20 92
20 95
20 96
20 103
20 105
20 111
20 112
20 113
20 114
20 115
20 128
20 129
20 133
20 141
20 142
20 150
20 151
20 166
20 167
20 170
20 171
20 172
20 175
20 177
20 178
20 185
20 197
20 198
20 199
21 22
21 23
21 25
21 30
21 39
21 40
21 45
21 47
21 52
21 54
21 58
21 60
21 67
21 70
21 71
21 72
21 84
21 88
21 92
21 95
21 98
21 103
21 108
21 115
21 116
21 117
21 118
21 122
21 125
21 126
21 127
21 132
21 134
21 136
21 137
21 139
21 140
21 143
21 144
21 146
21 150
21 152
21 153
21 154
21 156
21 163
21 167
21 168
21 170
21 171
21 173
21 174
21 176
21 178
21 179
21 180
21 184
21 186
21 188
21 198
22 23
22 34
22 37
22 38
22 42
22 46
22 47
22 49
22 50
22 51
22 52
22 59
22 63
22 65
22 78
22 79
22 80
22 83
22 84
22 86
22 93
22 96
22 98
22 101
22 102
22 105
22 107
22 108
22 110
22 112
22 121
22 122
22 129
22 135
22 139
22 140
22 147
22 150
22 151
22 153
22 157
22 165
22 166
22 168
22 169
22 170
22 172
22 174
22 177
22 182
22 184
22 188
22 190
22 198
23 25
23 32
23 34
23 35
23 38
23 40
23 42
23 43
23 62
23 66
23 70
23 72
23 73
23 77
23 84
23 85
23 86
23 89
23 90
23 94
23 98
23 99
23 105
23 106
23 107
23 111
23 114
23 117
23 124
23 126
23 127
23 133
23 134
23 137
23 141
23 145
23 148
23 149
23 151
23 154
23 161
23 163
23 167
23 168
23 170
23 171
23 173
23 177
23 187
23 190
23 192
23 199
24 29
24 31
24 33
24 35
24 38
24 40
24 44
24 47
24 48
24 49
24 51
24 52
24 53
24 56
24 59
24 61
24 68
24 70
24 75
24 79
24 81
24 84
24 90
24 91
24 97
24 101
24 103
24 104
24 106
24 107
24 112
24 115
24 117
24 119
24 123
24 126
24 128
24 129
24 136
24 137
24 141
24 143
24 145
24 149
24 153
24 158
24 162
24 165
24 167
24 168
24 173
24 174
24 176
24 178
24 180
24 182
24 190
24 191
24 198
24 199
25 28
25 34
25 35
25 36
25 39
25 40
25 44
25 45
25 46
25 56
25 59
25 61
25 68
25 69
25 76
25 85
25 86
25 94
25 99
25 105
25 108
25 109
25 113
25 114
25 115
25 117
25 124
25 125
25 126
25 128
25 134
25 135
25 136
25 138
25 152
25 153
25 154
25 155
25 157
25 160
25 167
25 168
25 169
25 171
25 177
25 183
25 184
25 185
25 187
25 188
25 192
25 197
25 199
26 27
26 35
26 41
26 43
26 44
26 45
26 51
26 52
26 53
26 73
26 74
26 75
26 83
26 84
26 85
26 91
26 92
26 98
26 101
26 103
26 105
26 106
26 107
26 108
26 111
26 113
26 119
26 120
26 121
26 124
26 127
26 129
26 131
26 135
26 137
26 140
26 143
26 146
26 147
26 149
26 151
26 152
26 153
26 161
26 162
26 165
26 170
26 174
26 175
26 177
26 178
26 179
26 186
26 194
26 196
27 29
27 30
27 33
27 34
27 35
27 36
27 40
27 42
27 43
27 46
27 55
27 56
27 59
27 62
27 71
27 75
27 76
27 78
27 85
27 90
27 96
27 98
27 99
27 101
27 104
27 122
27 128
27 129
27 130
27 131
27 134
27 140
27 143
27 145
27 146
27 149
27 150
27 152
27 154
27 157
27 158
27 170
27 171
27 179
27 189
27 192
27 194
27 195
27 198
27 199
28 30
28 36
28 40
28 43
28 46
28 48
28 62
28 64
28 65
28 66
28 69
28 70
28 72
28 76
28 77
28 88
28 90
28 95
28 99
28 101
28 106
28 112
28 113
28 114
28 116
28 117
28 122
28 126
28 135
28 140
28 142
28 150
28 152
28 158
28 160
28 175
28 178
28 179
28 187
28 189
28 195
28 197
29 30
29 35
29 38
29 39
29 51
29 56
29 63
29 64
29 71
29 72
29 74
29 77
29 79
29 81
29 82
29 84
29 87
29 90
29 92
29 97
29 104
29 108
29 127
29 131
29 133
29 141
29 142
29 144
29 145
29 149
29 151
29 153
29 156
29 157
29 160
29 162
29 163
29 166
29 172
29 175
29 176
29 177
29 182
29 187
29 191
29 196
29 197
30 36
30 37
30 40
30 41
30 42
30 45
30 47
30 52
30 53
30 57
30 60
30 65
30 67
30 70
30 71
30 76
30 80
30 83
30 89
30 91
30 100
30 101
30 106
30 109
30 113
30 117
30 122
30 123
30 124
30 125
30 126
30 127
30 128
30 130
30 137
30 139
30 141
30 147
30 148
30 149
30 152
30 153
30 156
30 159
30 171
30 173
30 177
30 180
31 33
31 46
31 47
31 49
31 50
31 51
31 52
31 53
31 54
31 57
31 58
31 61
31 68
31 70
31 71
31 77
31 79
31 80
31 91
31 92
31 93
31 96
31 99
31 102
31 103
31 104
31 106
31 112
31 115
31 120
31 124
31 129
31 131
31 132
31 133
31 140
31 146
31 150
31 155
31 156
31 157
31 158
31 159
31 165
31 168
31 169
31 182
31 185
31 186
31 193
32 36
32 38
32 44
32 45
32 46
32 51
32 63
32 74
32 77
32 79
32 80
32 81
32 86
32 90
32 94
32 96
32 97
32 98
32 100
32 114
32 125
32 134
32 136
32 138
32 152
32 158
32 163
32 164
32 165
32 167
32 169
32 170
32 173
32 175
32 178
32 180
32 181
32 182
32 189
32 191
33 37
33 38
33 43
33 44
33 45
33 46
33 47
33 54
33 55
33 63
33 65
33 68
33 73
33 83
33 84
33 85
33 88
33 89
33 97
33 98
33 104
33 105
33 108
33 109
33 113
33 114
33 115
33 119
33 124
33 127
33 129
33 130
33 131
33 133
33 138
33 139
33 140
33 142
33 143
33 148
33 152
33 153
33 154
33 156
33 157
33 162
33 172
33 178
33 179
33 181
33 184
33 187
33 188
33 192
33 194
33 197
33 199
34 36
34 37
34 38
34 42
34 43
34 44
34 49
34 51
34 58
34 61
34 63
34 65
34 69
34 70
34 72
34 78
34 86
34 88
34 89
34 94
34 97
34 98
34 104
34 107
34 112
34 114
34 115
34 117
34 122
34 130
34 131
34 135
34 141
34 147
34 153
34 155
34 163
34 166
34 167
34 168
34 170
34 171
34 174
34 187
34 190
34 197
34 198
35 39
35 40
35 42
35 50
35 53
35 55
35 58
35 62
35 63
35 64
35 66
35 75
35 78
35 85
35 86
35 92
35 93
35 94
35 96
35 107
35 108
35 109
35 114
35 115
35 118
35 123
35 125
35 130
35 134
35 138
35 139
35 148
35 152
35 153
35 158
35 159
35 160
35 161
35 163
35 166
35 168
35 170
35 171
35 177
35 181
35 185
35 186
35 187
35 190
35 193
35 194
35 198
35 199
36 42
36 43
36 49
36 52
36 59
36 60
36 61
36 67
36 68
36 72
36 75
36 77
36 81
36 91
36 92
36 94
36 97
36 100
36 102
36 107
36 109
36 118
36 119
36 129
36 131
36 134
36 135
36 137
36 138
36 139
36 140
36 141
36 144
36 149
36 153
36 170
36 172
36 177
36 178
36 179
36 183
36 186
36 190
36 194
36 196
37 39
37 40
37 43
37 45
37 46
37 53
37 54
37 58
37 61
37 62
37 64
37 72
37 78
37 79
37 80
37 81
37 84
37 89
37 90
37 91
37 96
37 98
37 100
37 101
37 103
37 106
37 107
37 108
37 111
37 113
37 120
37 121
37 122
37 126
37 127
37 131
37 134
37 137
37 144
37 145
37 146
37 150
37 152
37 154
37 155
37 156
37 157
37 160
37 163
37 164
37 170
37 171
37 180
37 184
37 186
37 188
37 189
37 190
37 193
37 198
38 40
38 42
38 43
38 48
38 51
38 61
38 66
38 69
38 76
38 78
38 85
38 98
38 100
38 101
38 107
38 110
38 114
38 115
38 123
38 126
38 130
38 136
38 137
38 143
38 145
38 146
38 148
38 150
38 151
38 157
38 159
38 183
38 187
38 189
38 193
39 40
39 41
39 44
39 50
39 53
39 54
39 60
39 62
39 65
39 67
39 71
39 72
39 80
39 85
39 86
39 88
39 91
39 97
39 102
39 103
39 111
39 113
39 114
39 115
39 119
39 123
39 127
39 131
39 133
39 137
39 138
39 144
39 145
39 148
39 149
39 152
39 156
39 166
39 176
39 179
39 180
39 182
39 183
39 184
39 185
39 191
39 197
39 198
39 199
40 41
40 42
40 43
40 44
40 46
40 48
40 50
40 52
40 65
40 66
40 76
40 77
40 78
40 81
40 86
40 94
40 100
40 115
40 116
40 119
40 122
40 124
40 134
40 135
40 140
40 141
40 143
40 144
40 146
40 148
40 154
40 155
40 157
40 162
40 166
40 175
40 179
40 186
40 189
40 198
40 199
41 43
41 45
41 47
41 49
41 50
41 51
41 56
41 62
41 64
41 65
41 66
41 67
41 73
41 79
41 85
41 86
41 87
41 91
41 95
41 97
41 103
41 106
41 111
41 112
41 113
41 118
41 120
41 125
41 136
41 138
41 140
41 142
41 145
41 146
41 147
41 150
41 157
41 168
41 169
41 171
41 182
41 183
41 187
41 197
41 198
41 199
42 44
42 50
42 51
42 52
42 55
42 56
42 59
42 62
42 66
42 68
42 70
42 72
42 77
42 82
42 87
42 89
42 90
42 92
42 93
42 105
42 110
42 113
42 114
42 115
42 116
42 117
42 121
42 135
42 136
42 137
42 140
42 144
42 145
42 146
42 148
42 150
42 152
42 154
42 158
42 159
42 163
42 171
42 178
42 179
42 181
42 184
42 185
42 186
42 187
42 194
43 45
43 47
43 51
43 52
43 53
43 58
43 60
43 63
43 66
43 69
43 76
43 89
43 91
43 93
43 95
43 117
43 121
43 122
43 123
43 126
43 127
43 131
43 136
43 139
43 140
43 143
43 144
43 145
43 147
43 149
43 150
43 151
43 157
43 158
43 159
43 160
43 172
43 178
43 182
43 184
43 188
43 189
43 196
43 198
43 199
44 48
44 52
44 55
44 56
44 58
44 60
44 62
44 63
44 67
44 68
44 69
44 74
44 78
44 79
44 84
44 95
44 108
44 110
44 112
44 115
44 118
44 122
44 127
44 129
44 131
44 132
44 136
44 138
44 142
44 145
44 147
44 148
44 153
44 154
44 155
44 158
44 165
44 168
44 173
44 174
44 181
44 184
44 186
44 189
44 191
44 196
44 198
45 46
45 53
45 55
45 58
45 59
45 61
45 65
45 67
45 72
45 73
45 74
45 78
45 82
45 83
45 84
45 87
45 96
45 98
45 99
45 100
45 102
45 103
45 114
45 115
45 117
45 122
45 123
45 129
45 135
45 139
45 140
45 141
45 147
45 150
45 154
45 155
45 156
45 161
45 165
45 166
45 170
45 172
45 179
45 180
45 185
45 187
45 193
45 195
45 197
46 48
46 50
46 51
46 52
46 54
46 55
46 59
46 60
46 62
46 66
46 67
46 70
46 77
46 79
46 81
46 83
46 86
46 89
46 92
46 97
46 99
46 108
46 110
46 114
46 118
46 119
46 130
46 134
46 142
46 148
46 149
46 151
46 163
46 167
46 168
46 173
46 181
46 184
46 185
46 188
46 189
46 191
46 192
46 199
47 51
47 52
47 57
47 68
47 79
47 81
47 82
47 85
47 86
47 87
47 89
47 96
47 101
47 105
47 106
47 117
47 118
47 125
47 126
47 131
47 132
47 133
47 137
47 140
47 146
47 150
47 156
47 157
47 158
47 162
47 166
47 170
47 171
47 172
47 176
47 178
47 179
47 181
47 182
47 183
47 187
47 188
47 196
47 198
47 199
48 50
48 53
48 54
48 55
48 59
48 60
48 61
48 63
48 65
48 66
48 69
48 73
48 74
48 76
48 81
48 85
48 86
48 89
48 90
48 96
48 103
48 109
48 126
48 128
48 134
48 136
48 137
48 139
48 140
48 142
48 153
48 154
48 155
48 156
48 157
48 167
48 168
48 169
48 171
48 175
48 176
48 177
48 180
48 184
48 190
48 191
48 197
48 199
49 50
49 51
49 59
49 60
49 61
49 65
49 68
49 76
49 82
49 83
49 84
49 86
49 87
49 99
49 101
49 102
49 104
49 106
49 107
49 111
49 112
49 113
49 114
49 121
49 123
49 131
49 134
49 140
49 142
49 145
49 147
49 148
49 151
49 153
49 156
49 159
49 163
49 164
49 168
49 169
49 174
49 177
49 190
49 195
49 198
50 56
50 58
50 64
50 65
50 68
50 70
50 76
50 78
50 85
50 88
50 89
50 90
50 92
50 93
50 95
50 99
50 103
50 105
50 123
50 125
50 127
50 130
50 132
50 136
50 139
50 140
50 142
50 144
50 147
50 148
50 150
50 151
50 152
50 153
50 154
50 163
50 164
50 170
50 172
50 175
50 176
50 178
50 180
50 182
50 185
50 187
50 188
50 192
50 193
50 198
50 199
51 56
51 57
51 60
51 66
51 68
51 72
51 74
51 75
51 76
51 81
51 88
51 89
51 90
51 91
51 94
51 95
51 97
51 98
51 101
51 102
51 105
51 106
51 110
51 112
51 115
51 124
51 125
51 126
51 128
51 130
51 138
51 146
51 147
51 148
51 164
51 171
51 173
51 176
51 178
51 181
51 184
51 186
51 188
51 190
51 195
51 198
52 58
52 59
52 69
52 70
52 73
52 79
52 81
52 92
52 98
52 102
52 107
52 113
52 114
52 115
52 117
52 118
52 119
52 121
52 123
52 128
52 129
52 132
52 135
52 136
52 137
52 140
52 145
52 147
52 149
52 150
52 155
52 156
52 161
52 165
52 166
52 167
52 171
52 173
52 176
52 178
52 179
52 180
52 183
52 186
52 189
52 190
52 192
52 194
52 198
52 199
53 54
53 56
53 62
53 64
53 68
53 70
53 72
53 74
53 77
53 82
53 83
53 86
53 90
53 92
53 93
53 96
53 105
53 106
53 109
53 110
53 123
53 127
53 137
53 145
53 150
53 152
53 155
53 157
53 160
53 164
53 165
53 170
53 171
53 174
53 178
53 181
53 184
53 185
53 187
53 189
53 191
53 192
53 193
53 197
54 58
54 61
54 64
54 68
54 70
54 71
54 73
54 74
54 75
54 82
54 88
54 91
54 107
54 110
54 114
54 116
54 117
54 122
54 125
54 126
54 127
54 130
54 132
54 133
54 142
54 149
54 164
54 167
54 169
54 172
54 173
54 178
54 184
54 187
54 191
54 192
54 195
54 197
55 57
55 59
55 63
55 64
55 65
55 74
55 80
55 81
55 84
55 90
55 91
55 92
55 94
55 98
55 112
55 113
55 124
55 127
55 129
55 132
55 136
55 137
55 146
55 150
55 154
55 155
55 156
55 160
55 163
55 166
55 167
55 170
55 173
55 176
55 177
55 178
55 189
55 193
55 198
56 58
56 70
56 71
56 77
56 85
56 87
56 93
56 97
56 99
56 101
56 103
56 106
56 109
56 110
56 111
56 113
56 117
56 122
56 127
56 128
56 133
56 143
56 146
56 151
56 153
56 155
56 159
56 165
56 175
56 176
56 177
56 179
56 186
56 196
57 58
57 62
57 66
57 69
57 73
57 76
57 79
57 87
57 89
57 98
57 103
57 106
57 108
57 111
57 115
57 117
57 119
57 120
57 136
57 137
57 144
57 147
57 149
57 152
57 160
57 161
57 162
57 166
57 167
57 169
57 176
57 178
57 180
57 182
57 184
57 189
58 64
58 68
58 70
58 75
58 81
58 83
58 84
58 86
58 89
58 93
58 96
58 97
58 101
58 102
58 105
58 107
58 108
58 113
58 119
58 126
58 127
58 130
58 132
58 140
58 141
58 143
58 145
58 149
58 152
58 153
58 156
58 157
58 158
58 159
58 176
58 180
58 185
58 186
58 189
58 193
58 196
58 198
59 61
59 63
59 69
59 70
59 73
59 78
59 81
59 84
59 85
59 86
59 87
59 88
59 91
59 93
59 96
59 99
59 102
59 103
59 106
59 110
59 111
59 112
59 114
59 121
59 122
59 125
59 127
59 131
59 132
59 142
59 146
59 149
59 150
59 151
59 153
59 154
59 155
59 156
59 160
59 165
59 166
59 172
59 173
59 174
59 176
59 179
59 183
59 184
59 185
59 192
59 195
59 199
60 65
60 66
60 68
60 69
60 73
60 74
60 80
60 82
60 88
60 103
60 107
60 110
60 111
60 112
60 119
60 121
60 134
60 137
60 138
60 139
60 141
60 152
60 156
60 157
60 167
60 177
60 178
60 183
60 186
60 190
60 191
60 192
60 197
61 63
61 67
61 69
61 74
61 75
61 80
61 82
61 85
61 88
61 90
61 93
61 94
61 96
61 102
61 107
61 109
61 110
61 111
61 113
61 121
61 126
61 130
61 132
61 134
61 140
61 144
61 145
61 149
61 154
61 156
61 159
61 162
61 177
61 183
61 188
61 189
61 198
62 63
62 64
62 69
62 74
62 80
62 82
62 83
62 84
62 87
62 93
62 94
62 96
62 97
62 98
62 99
62 100
62 105
62 106
62 107
62 112
62 115
62 117
62 118
62 124
62 132
62 133
62 142
62 151
62 154
62 167
62 171
62 172
62 173
62 180
62 186
62 192
62 197
62 199
63 65
63 69
63 75
63 77
63 79
63 80
63 81
63 82
63 84
63 89
63 90
63 91
63 101
63 103
63 109
63 113
63 114
63 118
63 119
63 123
63 125
63 127
63 129
63 133
63 135
63 139
63 140
63 154
63 158
63 163
63 164
63 165
63 167
63 170
63 174
63 176
63 177
63 178
63 186
63 187
63 194
63 197
63 199
64 70
64 77
64 78
64 80
64 82
64 83
64 92
64 95
64 96
64 102
64 108
64 110
64 113
64 122
64 123
64 124
64 129
64 130
64 136
64 143
64 144
64 155
64 156
64 160
64 164
64 170
64 172
64 178
64 179
64 183
64 185
64 187
64 188
64 191
64 193
64 196
65 68
65 69
65 76
65 79
65 81
65 84
65 87
65 88
65 89
65 91
65 98
65 99
65 105
65 106
65 111
65 112
65 117
65 119
65 120
65 122
65 124
65 131
65 135
65 139
65 140
65 141
65 142
65 149
65 161
65 166
65 168
65 170
65 173
65 174
65 180
65 185
65 190
65 192
65 194
65 195
65 196
66 67
66 71
66 80
66 81
66 92
66 94
66 97
66 98
66 101
66 102
66 109
66 113
66 120
66 130
66 132
66 133
66 137
66 141
66 144
66 151
66 152
66 166
66 171
66 172
66 180
66 183
66 192
66 194
66 196
66 199
67 70
67 77
67 83
67 86
67 87
67 88
67 96
67 97
67 99
67 101
67 102
67 103
67 105
67 106
67 111
67 112
67 119
67 124
67 127
67 138
67 139
67 141
67 143
67 149
67 155
67 156
67 158
67 159
67 164
67 165
67 166
67 167
67 168
67 169
67 171
67 176
67 177
67 178
67 181
67 184
67 185
67 186
67 189
67 192
67 193
67 196
67 199
68 71
68 79
68 80
68 89
68 90
68 96
68 98
68 100
68 112
68 114
68 126
68 130
68 131
68 133
68 138
68 143
68 153
68 159
68 161
68 162
68 163
68 172
68 176
68 178
68 184
68 190
68 191
68 192
68 198
69 70
69 71
69 72
69 73
69 77
69 83
69 86
69 89
69 91
69 97
69 98
69 100
69 101
69 108
69 115
69 116
69 125
69 127
69 134
69 148
69 151
69 157
69 162
69 164
69 183
69 186
69 187
69 188
69 192
69 193
69 194
69 198
70 73
70 77
70 86
70 95
70 98
70 103
70 108
70 111
70 115
70 118
70 119
70 121
70 124
70 125
70 130
70 131
70 132
70 136
70 147
70 148
70 151
70 152
70 158
70 162
70 163
70 164
70 165
70 168
70 170
70 171
70 176
70 178
70 182
70 184
70 193
70 194
70 197
70 198
71 77
71 79
71 82
71 84
71 85
71 86
71 87
71 88
71 90
71 93
71 101
71 103
71 104
71 109
71 110
71 113
71 121
71 124
71 133
71 134
71 135
71 142
71 147
71 149
71 152
71 154
71 157
71 158
71 159
71 163
71 166
71 172
71 176
71 177
71 179
71 185
71 188
71 197
72 77
72 78
72 79
72 87
72 94
72 97
72 100
72 102
72 106
72 107
72 109
72 117
72 120
72 122
72 124
72 131
72 132
72 140
72 141
72 143
72 146
72 159
72 162
72 168
72 171
72 174
72 178
72 179
72 188
72 189
72 190
72 193
72 194
73 76
73 80
73 82
73 84
73 85
73 87
73 89
73 96
73 103
73 104
73 108
73 111
73 112
73 113
73 114
73 115
73 117
73 124
73 126
73 129
73 135
73 137
73 139
73 142
73 145
73 151
73 154
73 155
73 156
73 157
73 161
73 167
73 169
73 170
73 174
73 176
73 181
73 188
73 195
73 198
74 79
74 83
74 84
74 87
74 90
74 91
74 103
74 108
74 113
74 116
74 118
74 122
74 130
74 133
74 138
74 140
74 141
74 143
74 145
74 146
74 147
74 152
74 153
74 159
74 163
74 165
74 168
74 174
74 178
74 182
74 184
74 192
74 199
75 76
75 78
75 81
75 82
75 83
75 85
75 88
75 89
75 96
75 99
75 100
75 104
75 108
75 112
75 122
75 124
75 125
75 126
75 128
75 135
75 136
75 137
75 140
75 141
75 148
75 149
75 150
75 153
75 163
75 164
75 167
75 168
75 177
75 187
75 188
75 193
75 194
75 198
76 77
76 84
76 85
76 88
76 90
76 92
76 98
76 102
76 105
76 107
76 108
76 109
76 110
76 116
76 121
76 122
76 125
76 126
76 132
76 140
76 145
76 153
76 157
76 158
76 168
76 171
76 172
76 173
76 182
76 190
76 191
76 196
77 82
77 83
77 87
77 94
77 97
77 107
77 109
77 115
77 121
77 125
77 127
77 130
77 131
77 132
77 133
77 135
77 144
77 152
77 153
77 154
77 159
77 164
77 165
77 166
77 170
77 171
77 172
77 181
77 182
77 185
77 186
77 191
78 79
78 81
78 87
78 89
78 95
78 98
78 101
78 107
78 109
78 110
78 113
78 114
78 117
78 123
78 125
78 128
78 133
78 134
78 137
78 138
78 140
78 141
78 144
78 145
78 151
78 152
78 156
78 158
78 159
78 162
78 166
78 170
78 174
78 183
78 185
78 186
78 187
78 188
78 193
78 196
79 80
79 81
79 83
79 84
79 88
79 89
79 95
79 98
79 99
79 101
79 106
79 107
79 111
79 113
79 122
79 125
79 127
79 131
79 134
79 135
79 137
79 139
79 140
79 143
79 148
79 151
79 153
79 155
79 158
79 159
79 160
79 173
79 180
79 182
79 183
79 185
79 192
79 196
79 197
79 199
80 86
80 99
80 100
80 106
80 108
80 112
80 114
80 115
80 119
80 121
80 122
80 124
80 128
80 131
80 134
80 137
80 139
80 140
80 142
80 143
80 144
80 145
80 146
80 147
80 148
80 152
80 154
80 160
80 165
80 168
80 169
80 177
80 187
80 191
80 192
80 194
80 195
80 198
81 89
81 94
81 99
81 108
81 109
81 110
81 116
81 126
81 134
81 137
81 140
81 142
81 148
81 149
81 151
81 152
81 160
81 161
81 168
81 172
81 173
81 175
81 179
81 186
81 187
81 188
81 190
81 194
81 195
81 196
81 199
82 84
82 85
82 87
82 88
82 89
82 90
82 95
82 98
82 99
82 101
82 107
82 108
82 114
82 118
82 124
82 136
82 143
82 146
82 151
82 158
82 160
82 165
82 168
82 170
82 176
82 180
82 183
82 187
82 195
83 86
83 95
83 105
83 108
83 114
83 118
83 122
83 127
83 133
83 137
83 149
83 150
83 154
83 155
83 156
83 157
83 159
83 161
83 167
83 169
83 172
83 174
83 175
83 176
83 178
83 180
83 181
83 182
83 187
83 189
83 193
83 194
83 197
83 198
84 85
84 92
84 93
84 95
84 96
84 97
84 100
84 116
84 121
84 122
84 123
84 124
84 125
84 126
84 127
84 128
84 133
84 139
84 142
84 149
84 152
84 165
84 167
84 170
84 173
84 174
84 175
84 176
84 179
84 180
84 181
84 186
84 188
84 191
84 196
84 198
84 199
85 86
85 93
85 94
85 99
85 100
85 103
85 106
85 114
85 116
85 118
85 135
85 136
85 137
85 141
85 143
85 148
85 151
85 152
85 153
85 155
85 157
85 159
85 164
85 165
85 166
85 167
85 174
85 175
85 177
85 179
85 180
85 182
85 183
85 189
85 190
85 196
85 197
86 89
86 92
86 95
86 102
86 109
86 113
86 114
86 126
86 128
86 130
86 135
86 138
86 140
86 141
86 153
86 154
86 156
86 161
86 166
86 171
86 173
86 175
86 181
86 187
86 188
86 192
86 196
86 197
86 199
87 90
87 94
87 96
87 101
87 103
87 108
87 109
87 116
87 117
87 121
87 125
87 132
87 133
87 134
87 135
87 136
87 137
87 142
87 147
87 148
87 157
87 158
87 163
87 165
87 170
87 177
87 180
87 186
87 187
87 189
87 192
88 93
88 95
88 100
88 105
88 109
88 123
88 132
88 133
88 134
88 138
88 140
88 143
88 153
88 157
88 171
88 174
88 176
88 178
88 179
88 181
88 183
88 184
88 188
88 193
88 197
88 199
89 96
89 105
89 107
89 115
89 118
89 119
89 121
89 122
89 126
89 128
89 129
89 134
89 137
89 139
89 141
89 142
89 144
89 145
89 146
89 150
89 153
89 156
89 160
89 161
89 166
89 169
89 176
89 182
89 187
89 189
90 95
90 99
90 100
90 101
90 102
90 105
90 113
90 117
90 118
90 122
90 124
90 128
90 141
90 152
90 154
90 159
90 160
90 169
90 172
90 173
90 179
90 184
90 191
90 197
90 199
91 92
91 93
91 96
91 100
91 103
91 107
91 111
91 113
91 114
91 126
91 129
91 130
91 134
91 145
91 149
91 150
91 154
91 159
91 175
91 176
91 184
91 191
91 193
91 194
91 196
92 94
92 95
92 101
92 103
92 105
92 108
92 109
92 117
92 122
92 126
92 128
92 131
92 135
92 136
92 140
92 149
92 150
92 154
92 156
92 164
92 168
92 170
92 176
92 179
92 180
92 185
92 186
92 187
92 189
92 190
92 192
92 193
92 195
92 197
92 198
93 94
93 96
93 105
93 108
93 109
93 111
93 112
93 118
93 119
93 123
93 126
93 131
93 133
93 138
93 141
93 151
93 152
93 153
93 157
93 162
93 167
93 169
93 174
93 177
93 182
93 183
93 184
93 185
93 189
93 190
93 194
93 195
93 196
93 197
94 98
94 102
94 114
94 118
94 124
94 127
94 129
94 130
94 135
94 137
94 138
94 145
94 146
94 149
94 150
94 152
94 161
94 162
94 164
94 165
94 168
94 170
94 173
94 175
94 180
94 187
94 191
94 195
94 197
95 96
95 97
95 101
95 106
95 109
95 110
95 113
95 114
95 116
95 119
95 127
95 130
95 143
95 147
95 154
95 157
95 160
95 163
95 166
95 170
95 171
95 173
95 176
95 187
95 191
95 193
95 194
95 195
95 196
96 98
96 100
96 103
96 106
96 110
96 117
96 119
96 120
96 124
96 127
96 131
96 138
96 140
96 142
96 144
96 146
96 148
96 156
96 159
96 168
96 170
96 174
96 179
96 182
96 183
96 185
96 189
96 192
96 197
97 102
97 103
97 109
97 112
97 113
97 115
97 116
97 118
97 122
97 127
97 130
97 132
97 135
97 136
97 137
97 145
97 146
97 150
97 152
97 153
97 154
97 155
97 156
97 163
97 173
97 174
97 185
97 186
97 189
97 199
98 99
98 105
98 107
98 113
98 116
98 118
98 123
98 130
98 132
98 136
98 140
98 142
98 144
98 145
98 154
98 155
98 160
98 162
98 163
98 165
98 167
98 168
98 170
98 171
98 180
98 184
98 188
98 192
98 194
99 100
99 108
99 109
99 110
99 111
99 115
99 117
99 121
99 123
99 124
99 127
99 129
99 130
99 133
99 140
99 145
99 152
99 155
99 161
99 165
99 166
99 167
99 168
99 170
99 171
99 172
99 174
99 186
99 189
99 192
99 193
99 195
99 199
100 104
100 108
100 109
100 114
100 116
100 119
100 121
100 125
100 126
100 127
100 133
100 136
100 138
100 139
100 140
100 142
100 144
100 147
100 148
100 150
100 157
100 161
100 176
100 180
100 181
100 191
100 194
101 104
101 106
101 107
101 108
101 110
101 114
101 115
101 118
101 122
101 123
101 126
101 127
101 128
101 135
101 138
101 141
101 150
101 151
101 155
101 156
101 162
101 164
101 165
101 168
101 171
101 173
101 177
101 178
101 183
101 186
101 193
101 194
101 197
101 199
102 103
102 115
102 116
102 118
102 119
102 122
102 124
102 126
102 132
102 134
102 135
102 138
102 140
102 145
102 147
102 148
102 154
102 162
102 165
102 179
102 189
103 104
103 108
103 110
103 112
103 116
103 118
103 122
103 126
103 128
103 132
103 139
103 150
103 157
103 158
103 159
103 161
103 167
103 172
103 174
103 177
103 178
103 179
103 186
103 188
103 197
103 198
104 106
104 107
104 109
104 112
104 115
104 120
104 122
104 123
104 126
104 128
104 129
104 135
104 136
104 139
104 140
104 144
104 145
104 150
104 153
104 161
104 166
104 167
104 169
104 170
104 171
104 176
104 181
104 182
104 184
104 185
104 187
104 190
104 194
105 106
105 111
105 121
105 125
105 126
105 133
105 135
105 136
105 137
105 138
105 139
105 140
105 141
105 145
105 147
105 154
105 157
105 159
105 165
105 166
105 169
105 171
105 175
105 176
105 177
105 179
105 182
105 183
105 187
105 188
105 189
105 192
105 198
106 110
106 112
106 115
106 117
106 121
106 122
106 128
106 130
106 136
106 137
106 139
106 148
106 150
106 151
106 153
106 155
106 162
106 170
106 172
106 173
106 177
106 179
106 181
106 188
106 189
106 192
106 195
107 109
107 116
107 119
107 120
107 121
107 126
107 130
107 136
107 137
107 144
107 146
107 149
107 153
107 156
107 157
107 160
107 162
107 163
107 168
107 171
107 172
107 179
107 181
107 186
107 192
107 198
107 199
108 113
108 114
108 116
108 118
108 122
108 127
108 128
108 132
108 136
108 137
108 146
108 149
108 150
108 158
108 159
108 161
108 164
108 171
108 173
108 177
108 178
108 179
108 180
108 182
108 184
108 188
108 189
108 191
108 199
109 110
109 122
109 124
109 127
109 128
109 130
109 132
109 133
109 136
109 139
109 140
109 146
109 154
109 156
109 157
109 162
109 166
109 167
109 168
109 172
109 177
109 182
109 185
109 186
109 187
109 189
109 190
109 191
109 192
109 195
109 199
110 115
110 118
110 119
110 124
110 132
110 152
110 153
110 159
110 162
110 166
110 167
110 168
110 170
110 174
110 175
110 178
110 185
110 186
110 189
110 190
110 192
111 113
111 118
111 120
111 124
111 135
111 141
111 144
111 145
111 146
111 147
111 152
111 164
111 167
111 168
111 176
111 179
111 181
111 182
111 185
111 187
112 114
112 116
112 117
112 119
112 123
112 129
112 131
112 132
112 140
112 142
112 143
112 144
112 147
112 151
112 153
112 157
112 164
112 167
112 170
112 185
112 186
112 187
112 188
112 191
112 192
112 193
112 195
112 196
112 198
112 199
113 114
113 118
113 121
113 127
113 128
113 130
113 134
113 137
113 138
113 142
113 147
113 150
113 155
113 156
113 159
113 161
113 163
113 166
113 171
113 174
113 176
113 178
113 179
113 190
113 191
113 192
114 115
114 119
114 128
114 130
114 132
114 133
114 136
114 137
114 142
114 144
114 146
114 149
114 150
114 155
114 157
114 160
114 163
114 165
114 172
114 174
114 177
114 179
114 182
114 183
114 188
114 195
114 196
114 197
115 116
115 117
115 118
115 119
115 126
115 130
115 131
115 136
115 138
115 144
115 145
115 148
115 150
115 151
115 154
115 160
115 164
115 166
115 169
115 175
115 178
115 182
115 187
115 188
115 193
116 118
116 121
116 126
116 127
116 129
116 130
116 131
116 135
116 136
116 137
116 138
116 140
116 144
116 145
116 148
116 153
116 155
116 157
116 158
116 159
116 160
116 162
116 163
116 164
116 165
116 166
116 170
116 171
116 174
116 178
116 179
116 180
116 181
116 184
116 187
116 189
116 190
116 191
116 193
116 194
116 195
117 126
117 132
117 134
117 140
117 142
117 148
117 154
117 155
117 156
117 157
117 161
117 163
117 165
117 166
117 169
117 182
117 192
118 120
118 121
118 123
118 125
118 128
118 130
118 132
118 133
118 134
118 136
118 137
118 143
118 146
118 147
118 150
118 153
118 155
118 157
118 162
118 168
118 169
118 179
118 181
118 185
118 191
118 193
118 195
118 196
119 124
119 126
119 134
119 140
119 150
119 156
119 157
119 161
119 163
119 166
119 167
119 168
119 172
119 173
119 175
119 179
119 180
119 183
119 184
119 185
119 186
119 190
119 191
119 197
119 199
120 121
120 139
120 146
120 147
120 155
120 159
120 161
120 165
120 168
120 173
120 174
120 176
120 181
120 182
120 184
120 187
120 189
120 190
120 193
120 194
120 197
120 198
121 127
121 128
121 131
121 140
121 143
121 146
121 154
121 158
121 160
121 163
121 165
121 170
121 175
121 179
121 183
121 187
121 190
121 196
122 129
122 136
122 137
122 140
122 141
122 143
122 144
122 147
122 151
122 156
122 157
122 160
122 162
122 166
122 177
122 187
122 190
122 191
122 193
122 194
122 198
122 199
123 126
123 128
123 130
123 131
123 133
123 136
123 138
123 140
123 141
123 142
123 148
123 152
123 155
123 156
123 158
123 168
123 169
123 170
123 171
123 172
123 175
123 177
123 180
123 185
123 187
123 189
123 190
123 191
123 192
123 193
123 194
123 195
123 196
123 197
124 129
124 133
124 136
124 137
124 138
124 140
124 146
124 147
124 165
124 167
124 168
124 169
124 172
124 173
124 176
124 181
124 182
124 184
124 186
124 190
124 193
124 199
125 127
125 133
125 137
125 142
125 145
125 147
125 150
125 151
125 155
125 160
125 161
125 165
125 169
125 173
125 175
125 177
125 178
125 181
125 183
125 186
125 191
125 192
125 193
126 128
126 129
126 130
126 132
126 135
126 137
126 145
126 146
126 150
126 151
126 152
126 157
126 158
126 164
126 165
126 171
126 173
126 187
126 192
126 194
126 195
126 197
127 128
127 134
127 137
127 139
127 146
127 150
127 151
127 153
127 159
127 161
127 163
127 164
127 167
127 168
127 171
127 173
127 176
127 186
127 189
127 190
127 193
127 195
127 199
128 129
128 130
128 133
128 134
128 145
128 148
128 149
128 150
128 152
128 155
128 156
128 157
128 160
128 163
128 165
128 167
128 168
128 171
128 172
128 173
128 174
128 184
128 187
128 194
128 199
129 133
129 135
129 142
129 145
129 147
129 148
129 152
129 153
129 154
129 161
129 164
129 167
129 168
129 175
129 176
129 180
129 184
129 188
130 132
130 134
130 135
130 137
130 138
130 140
130 143
130 145
130 150
130 153
130 156
130 161
130 165
130 166
130 167
130 171
130 175
130 178
130 183
130 185
130 187
130 188
130 190
130 191
130 194
130 197
130 198
130 199
131 133
131 134
131 135
131 136
131 140
131 142
131 144
131 145
131 147
131 148
131 149
131 154
131 161
131 163
131 173
131 175
131 176
131 184
131 186
131 188
131 192
131 197
132 133
132 140
132 144
132 145
132 148
132 151
132 152
132 153
132 160
132 162
132 165
132 166
132 167
132 169
132 173
132 181
132 186
132 189
132 190
132 191
132 196
132 198
133 139
133 140
133 149
133 151
133 153
133 156
133 159
133 166
133 167
133 169
133 170
133 173
133 175
133 182
133 186
133 187
133 190
134 136
134 138
134 141
134 142
134 144
134 147
134 150
134 156
134 165
134 166
134 169
134 174
134 185
134 191
134 194
134 197
134 198
135 136
135 141
135 143
135 145
135 150
135 152
135 156
135 158
135 161
135 162
135 165
135 167
135 168
135 169
135 172
135 173
135 175
135 176
135 177
135 178
135 179
135 183
135 189
135 194
135 197
136 137
136 141
136 144
136 149
136 153
136 156
136 157
136 160
136 162
136 172
136 173
136 174
136 180
136 182
136 183
136 184
136 187
136 189
136 192
136 193
136 194
137 140
137 146
137 148
137 150
137 151
137 152
137 163
137 173
137 174
137 179
137 183
137 184
137 194
137 197
137 198
138 147
138 148
138 151
138 152
138 157
138 161
138 163
138 164
138 168
138 169
138 171
138 173
138 175
138 180
138 187
138 188
138 194
138 198
139 140
139 143
139 153
139 154
139 160
139 163
139 168
139 174
139 180
139 181
139 182
139 184
139 193
139 195
139 196
139 197
139 198
140 142
140 144
140 148
140 149
140 150
140 151
140 152
140 153
140 158
140 159
140 164
140 171
140 172
140 173
140 175
140 176
140 178
140 181
140 198
141 143
141 144
141 147
141 148
141 158
141 166
141 167
141 170
141 178
141 186
141 190
141 197
141 199
142 155
142 156
142 159
142 161
142 163
142 164
142 167
142 169
142 171
142 174
142 175
142 180
142 186
142 187
142 188
142 191
142 194
142 198
143 147
143 151
143 152
143 154
143 158
143 163
143 171
143 179
143 180
143 182
143 186
143 187
143 188
143 190
143 193
143 195
143 197
143 199
144 154
144 157
144 158
144 160
144 162
144 163
144 169
144 177
144 179
144 180
144 184
144 185
144 187
144 189
144 190
144 191
144 193
144 195
144 199
145 150
145 155
145 156
145 160
145 162
145 165
145 166
145 170
145 176
145 184
145 185
145 187
145 190
145 192
145 198
146 147
146 156
146 158
146 159
146 161
146 162
146 164
146 168
146 171
146 172
146 180
146 186
146 193
146 194
146 197
146 199
147 149
147 153
147 158
147 159
147 161
147 168
147 169
147 173
147 175
147 177
147 178
147 185
147 189
147 191
147 193
147 194
148 154
148 156
148 160
148 162
148 165
148 171
148 176
148 184
148 189
148 193
148 194
148 195
149 156
149 158
149 159
149 160
149 162
149 168
149 170
149 171
149 176
149 178
149 179
149 181
149 183
149 184
149 186
149 188
149 189
149 190
149 192
149 193
149 194
149 196
149 197
150 151
150 152
150 154
150 156
150 157
150 166
150 168
150 177
150 179
150 187
150 189
150 193
150 196
150 197
151 154
151 157
151 159
151 161
151 163
151 166
151 169
151 172
151 185
151 186
151 194
151 195
152 153
152 154
152 156
152 157
152 162
152 174
152 175
152 180
152 182
152 183
152 184
152 194
153 155
153 157
153 158
153 160
153 162
153 170
153 189
153 193
154 159
154 160
154 162
154 167
154 171
154 173
154 174
154 182
154 186
154 188
154 190
154 194
154 196
155 158
155 159
155 161
155 167
155 173
155 176
155 177
155 185
155 192
155 198
156 163
156 165
156 171
156 179
156 181
156 182
156 183
156 184
156 188
156 190
156 191
156 194
156 195
156 197
157 160
157 169
157 176
157 177
157 178
157 181
157 184
157 185
157 187
157 189
157 192
157 193
157 194
158 161
158 163
158 168
158 171
158 172
158 190
158 192
158 193
158 195
158 197
159 161
159 166
159 167
159 168
159 169
159 171
159 173
159 176
159 182
159 187
159 188
159 195
159 196
160 161
160 162
160 163
160 165
160 168
160 173
160 177
160 181
160 183
160 185
160 190
160 193
160 197
161 162
161 163
161 164
161 166
161 167
161 169
161 170
161 172
161 175
161 178
161 179
161 183
161 189
161 191
161 194
161 197
162 163
162 164
162 167
162 169
162 174
162 182
162 194
162 195
163 166
163 167
163 168
163 171
163 179
163 183
163 186
163 192
163 195
163 198
164 165
164 167
164 168
164 172
164 174
164 179
164 185
164 186
164 188
164 192
164 195
165 166
165 169
165 172
165 173
165 178
165 182
165 183
165 185
165 189
165 191
165 192
165 198
165 199
166 168
166 170
166 174
166 180
166 192
166 195
166 198
167 178
167 180
167 184
167 186
167 189
167 190
167 195
168 187
168 188
168 196
168 198
169 172
169 175
169 181
169 184
169 186
169 189
169 194
169 196
169 198
169 199
170 176
170 184
170 185
170 188
170 194
170 197
170 199
171 173
171 175
171 178
171 182
171 185
171 186
171 187
171 188
171 190
171 192
171 195
171 197
172 173
172 177
172 178
172 182
172 188
172 189
172 198
173 175
173 176
173 179
173 182
173 185
173 186
173 190
173 191
173 192
173 194
173 196
173 199
174 176
174 181
174 182
174 184
174 191
174 194
174 198
175 179
175 181
175 185
175 188
175 191
175 196
175 197
176 179
176 181
176 183
176 189
176 192
176 196
176 198
177 182
177 183
177 186
177 187
177 193
177 195
178 180
178 184
178 185
178 187
178 190
178 192
178 195
178 198
179 185
179 187
179 188
179 194
179 195
180 189
180 191
180 193
180 196
180 198
180 199
181 182
181 185
181 186
181 190
181 192
181 195
181 198
181 199
182 184
182 186
182 189
182 196
183 187
183 191
183 196
183 198
183 199
184 186
184 187
184 189
184 190
184 191
184 194
185 186
185 187
185 189
185 190
185 191
185 192
185 197
185 199
186 188
186 189
186 191
186 193
186 194
186 196
187 189
187 194
187 195
188 189
188 191
188 193
188 198
189 193
189 196
191 192
191 198
191 199
192 193
192 194
192 198
193 194
193 198
194 195
194 196
195 196
196 197
