80 949
0 6
0 9
0 14
0 16
0 17
0 20
0 25
0 26
0 27
0 28
0 31
0 33
0 34
0 39
0 45
0 50
0 59
0 65
0 66
0 70
0 73
1 4
1 9
1 15
1 16
1 18
1 19
1 23
1 25
1 37
1 39
1 41
1 42
1 44
1 48
1 50
1 55
1 57
1 59
1 61
1 62
1 63
1 64
1 65
1 72
1 74
1 78
1 79
2 4
2 5
2 6
2 8
2 11
2 13
2 14
2 18
2 30
2 32
2 33
2 34
2 38
2 41
2 42
2 43
2 48
2 59
2 60
2 62
2 63
2 69
2 72
2 78
3 7
3 9
3 10
3 14
3 17
3 21
3 23
3 33
3 34
3 38
3 39
3 45
3 48
3 61
3 64
3 68
3 71
3 73
3 74
4 8
4 10
4 12
4 16
4 18
4 21
4 30
4 31
4 32
4 34
4 37
4 40
4 44
4 45
4 47
4 53
4 58
4 62
4 64
4 66
4 73
4 76
4 77
5 7
5 8
5 9
5 17
5 22
5 23
5 30
5 33
5 35
5 37
5 38
5 39
5 43
5 47
5 48
5 49
5 50
5 54
5 58
5 61
5 65
5 68
5 69
6 9
6 14
6 25
6 30
6 33
6 34
6 35
6 38
6 41
6 43
6 44
6 45
6 49
6 56
6 62
6 65
6 67
6 71
6 72
6 73
6 75
7 10
7 15
7 16
7 19
7 21
7 24
7 30
7 35
7 40
7 42
7 44
7 46
7 51
7 58
7 61
7 67
7 68
7 70
7 77
7 79
8 11
8 15
8 19
8 20
8 22
8 23
8 25
8 26
8 35
8 42
8 43
8 44
8 49
8 50
8 51
8 55
8 63
8 68
8 71
8 76
9 12
9 14
9 18
9 24
9 30
9 34
9 35
9 37
9 39
9 42
9 43
9 45
9 49
9 50
9 51
9 54
9 55
9 56
9 59
9 63
9 66
9 68
9 71
9 74
9 79
10 11
10 12
10 18
10 19
10 24
10 25
10 28
10 30
10 32
10 39
10 40
10 42
10 43
10 45
10 48
10 49
10 50
10 53
10 54
10 56
10 60
10 67
10 70
10 72
10 73
10 74
11 12
11 13
11 15
11 16
11 19
11 23
11 27
11 28
11 29
11 33
11 34
11 39
11 40
11 43
11 46
11 48
11 49
11 53
11 54
11 58
11 59
11 63
11 64
11 67
11 78
12 13
12 14
12 16
12 19
12 21
12 27
12 28
12 30
12 31
12 32
12 33
12 36
12 39
12 50
12 53
12 62
12 66
12 68
12 71
12 77
13 15
13 19
13 21
13 22
13 23
13 24
13 30
13 32
13 35
13 37
13 44
13 54
13 60
13 62
13 65
13 71
13 73
13 75
14 17
14 18
14 22
14 26
14 27
14 28
14 32
14 33
14 34
14 38
14 42
14 44
14 47
14 50
14 51
14 52
14 55
14 56
14 58
14 59
14 60
14 61
14 64
14 72
14 73
14 75
14 78
15 17
15 19
15 25
15 39
15 40
15 41
15 45
15 53
15 54
15 55
15 59
15 61
15 64
15 65
15 66
15 68
15 73
15 75
15 78
16 19
16 34
16 35
16 37
16 39
16 41
16 42
16 44
16 47
16 49
16 50
16 51
16 52
16 55
16 56
16 58
16 59
16 64
16 66
16 67
16 72
16 73
16 75
17 20
17 26
17 30
17 34
17 35
17 38
17 42
17 46
17 51
17 56
17 58
17 61
17 62
17 68
17 75
18 23
18 24
18 28
18 29
18 34
18 37
18 38
18 43
18 44
18 56
18 57
18 62
18 71
18 74
18 77
19 20
19 22
19 25
19 29
19 30
19 34
19 35
19 38
19 39
19 44
19 52
19 53
19 55
19 60
19 65
19 71
19 76
20 22
20 23
20 26
20 28
20 31
20 35
20 40
20 41
20 43
20 46
20 47
20 54
20 57
20 59
20 61
20 62
20 63
20 69
20 71
20 72
20 74
20 78
20 79
21 27
21 36
21 37
21 40
21 41
21 43
21 46
21 49
21 50
21 59
21 62
21 67
21 69
21 70
21 73
21 74
21 78
21 79
22 23
22 29
22 31
22 36
22 44
22 46
22 53
22 56
22 61
22 69
22 77
22 79
23 25
23 27
23 32
23 33
23 36
23 50
23 54
23 56
23 59
23 62
23 63
23 64
23 70
23 72
23 73
23 77
24 27
24 28
24 32
24 38
24 41
24 42
24 44
24 45
24 52
24 59
24 64
24 75
25 28
25 30
25 32
25 33
25 34
25 36
25 41
25 42
25 44
25 48
25 50
25 52
25 53
25 58
25 61
25 66
25 67
25 77
25 79
26 28
26 31
26 32
26 37
26 39
26 52
26 55
26 56
26 60
26 70
26 71
26 73
26 74
26 77
26 79
27 31
27 34
27 40
27 46
27 47
27 50
27 53
27 54
27 55
27 58
27 61
27 67
27 68
27 74
27 77
28 35
28 41
28 51
28 53
28 55
28 58
28 61
28 70
28 72
28 74
28 75
28 77
28 78
28 79
29 33
29 35
29 36
29 37
29 38
29 42
29 44
29 50
29 56
29 60
29 62
29 63
29 64
29 65
29 71
29 72
29 79
30 40
30 42
30 43
30 49
30 53
30 54
30 58
30 61
30 62
30 63
30 65
30 70
30 72
30 74
30 75
30 77
31 34
31 38
31 48
31 50
31 62
31 72
31 77
32 36
32 37
32 41
32 42
32 43
32 47
32 48
32 50
32 54
32 57
32 58
32 65
32 71
32 74
32 78
33 34
33 35
33 51
33 55
33 62
33 65
33 78
34 40
34 46
34 47
34 49
34 54
34 56
34 57
34 58
34 60
34 61
34 70
34 75
34 77
35 39
35 45
35 46
35 47
35 55
35 57
35 59
35 62
35 64
35 68
35 71
35 72
35 73
35 74
35 75
35 76
35 79
36 37
36 38
36 39
36 45
36 47
36 49
36 52
36 53
36 54
36 57
36 60
36 61
36 63
36 66
36 69
36 70
36 77
37 40
37 45
37 52
37 63
37 67
37 68
37 71
37 75
37 76
37 77
38 39
38 40
38 43
38 45
38 47
38 48
38 49
38 50
38 52
38 54
38 56
38 58
38 59
38 61
38 62
38 65
38 67
38 72
38 73
38 76
38 77
38 79
39 40
39 47
39 51
39 55
39 57
39 64
39 70
39 73
40 42
40 47
40 48
40 50
40 51
40 58
40 59
40 60
40 62
40 65
40 70
40 74
40 79
41 42
41 47
41 48
41 49
41 51
41 53
41 61
41 62
41 69
41 70
41 71
41 78
42 52
42 62
42 66
42 67
42 68
42 69
42 76
43 56
43 57
43 66
43 72
43 73
43 79
44 47
44 48
44 55
44 58
44 59
44 63
44 64
44 67
44 69
44 76
44 77
45 46
45 48
45 49
45 51
45 61
45 65
45 69
46 47
46 49
46 52
46 53
46 54
46 55
46 57
46 59
46 62
46 64
46 65
46 70
46 73
46 75
46 76
46 77
46 79
47 51
47 55
47 56
47 64
47 67
47 69
47 70
47 73
47 74
48 57
48 61
48 65
48 68
48 71
48 72
48 76
48 78
49 51
49 52
49 61
49 63
49 66
49 67
49 78
49 79
50 52
50 53
50 54
50 61
50 63
50 64
50 69
50 70
50 74
50 75
51 53
51 62
51 63
51 68
51 69
51 72
51 74
51 75
52 53
52 54
52 56
52 59
52 62
52 65
52 68
52 74
53 60
53 67
53 68
53 70
53 71
54 58
54 59
54 67
54 69
54 70
54 72
54 73
54 79
55 56
55 61
55 67
55 69
55 71
55 72
55 73
55 74
55 78
56 59
56 61
56 64
56 65
56 66
56 71
56 72
56 75
56 77
57 62
57 63
57 68
57 69
57 74
57 75
58 61
58 64
58 65
58 67
58 68
58 69
58 72
58 73
58 75
58 79
59 61
59 64
59 66
59 67
59 69
59 71
59 78
60 61
60 67
60 79
61 62
61 63
61 67
61 70
61 75
61 79
62 67
62 69
62 76
63 67
63 68
63 69
63 71
63 73
63 75
63 77
64 69
65 67
65 69
65 71
65 72
65 76
65 77
65 79
66 67
66 68
66 69
66 72
67 76
68 71
68 75
68 79
69 72
69 78
70 72
70 73
70 77
70 79
71 72
71 73
71 74
71 78
72 74
72 79
74 77
75 76
77 78
