100 1494
0 9
0 15
0 16
0 17
0 23
0 24
0 27
0 28
0 31
0 34
0 37
0 41
0 48
0 51
0 52
0 53
0 61
0 64
0 65
0 70
0 73
0 74
0 83
0 85
0 86
0 89
0 94
1 2
1 11
1 12
1 13
1 14
1 25
1 29
1 30
1 38
1 39
1 43
1 45
1 47
1 48
1 49
1 54
1 67
1 70
1 72
1 73
1 75
1 76
1 77
1 80
1 82
1 85
1 91
1 98
1 99
2 3
2 8
2 9
2 17
2 19
2 24
2 31
2 33
2 34
2 36
2 38
2 40
2 41
2 50
2 52
2 53
2 60
2 61
2 66
2 67
2 69
2 83
2 86
2 91
2 92
2 93
2 95
2 98
3 4
3 5
3 11
3 12
3 15
3 23
3 24
3 27
3 32
3 33
3 36
3 38
3 40
3 44
3 45
3 54
3 55
3 56
3 57
3 62
3 64
3 68
3 74
3 75
3 80
3 81
3 88
3 90
3 94
4 5
4 6
4 8
4 13
4 18
4 22
4 24
4 35
4 36
4 37
4 38
4 40
4 41
4 44
4 50
4 57
4 60
4 65
4 72
4 74
4 81
4 84
4 85
4 93
4 95
4 99
5 6
5 10
5 11
5 13
5 16
5 17
5 19
5 21
5 22
5 27
5 31
5 34
5 38
5 40
5 43
5 44
5 45
5 49
5 58
5 59
5 64
5 69
5 74
5 76
5 87
5 88
5 89
5 93
6 10
6 13
6 15
6 22
6 24
6 28
6 31
6 33
6 34
6 37
6 43
6 45
6 46
6 48
6 50
6 52
6 55
6 56
6 58
6 66
6 67
6 68
6 69
6 71
6 72
6 73
6 75
6 79
6 82
6 83
6 89
6 90
6 91
6 94
6 97
6 98
7 11
7 13
7 14
7 15
7 21
7 22
7 25
7 33
7 39
7 40
7 41
7 49
7 52
7 56
7 60
7 63
7 64
7 66
7 76
7 79
7 80
7 84
7 86
7 93
7 94
7 95
7 98
7 99
8 10
8 11
8 12
8 23
8 26
8 30
8 34
8 35
8 38
8 40
8 41
8 43
8 47
8 53
8 55
8 61
8 77
8 78
8 87
8 92
8 94
9 13
9 16
9 20
9 21
9 25
9 28
9 34
9 35
9 54
9 56
9 61
9 62
9 67
9 69
9 71
9 72
9 74
9 78
9 79
9 82
9 90
9 91
10 11
10 13
10 17
10 20
10 23
10 26
10 28
10 29
10 30
10 35
10 36
10 39
10 40
10 45
10 52
10 58
10 59
10 62
10 78
10 80
10 86
10 87
10 88
10 91
10 92
10 94
10 98
10 99
11 23
11 32
11 43
11 48
11 51
11 53
11 56
11 59
11 62
11 75
11 76
11 81
11 84
11 90
11 97
12 15
12 23
12 28
12 36
12 46
12 51
12 56
12 57
12 64
12 72
12 77
12 78
12 81
12 84
12 86
12 93
12 94
12 98
13 16
13 18
13 19
13 21
13 22
13 23
13 26
13 33
13 36
13 37
13 55
13 57
13 59
13 61
13 67
13 68
13 69
13 76
13 86
13 87
13 88
13 90
13 95
13 97
14 15
14 17
14 18
14 25
14 35
14 39
14 43
14 44
14 46
14 50
14 51
14 53
14 55
14 57
14 61
14 65
14 66
14 69
14 71
14 75
14 77
14 78
14 97
14 98
15 17
15 18
15 19
15 20
15 21
15 24
15 26
15 29
15 32
15 33
15 36
15 40
15 49
15 51
15 54
15 59
15 60
15 62
15 64
15 65
15 67
15 72
15 74
15 76
15 77
15 78
15 82
15 89
15 91
15 94
15 95
15 99
16 18
16 21
16 23
16 32
16 33
16 35
16 36
16 42
16 44
16 47
16 51
16 53
16 55
16 56
16 58
16 61
16 69
16 73
16 74
16 83
16 88
16 94
16 95
16 96
16 99
17 20
17 23
17 27
17 30
17 32
17 34
17 37
17 39
17 42
17 43
17 47
17 50
17 52
17 53
17 56
17 60
17 63
17 79
17 87
17 88
17 90
17 92
17 93
17 98
18 19
18 20
18 27
18 31
18 36
18 42
18 45
18 48
18 51
18 57
18 58
18 60
18 64
18 69
18 78
18 83
18 91
18 93
19 25
19 29
19 34
19 36
19 37
19 38
19 46
19 47
19 50
19 51
19 52
19 55
19 57
19 65
19 66
19 72
19 77
19 80
19 81
19 83
19 85
19 86
19 88
19 93
19 95
19 98
19 99
20 23
20 28
20 35
20 37
20 50
20 54
20 55
20 59
20 60
20 65
20 70
20 74
20 75
20 76
20 78
20 79
20 83
20 88
20 98
20 99
21 23
21 26
21 27
21 33
21 36
21 39
21 40
21 41
21 42
21 43
21 44
21 45
21 46
21 56
21 64
21 66
21 67
21 69
21 72
21 74
21 77
21 84
21 89
21 96
21 97
22 25
22 28
22 33
22 34
22 36
22 41
22 44
22 46
22 53
22 61
22 62
22 63
22 66
22 67
22 70
22 71
22 72
22 74
22 79
22 80
22 82
22 83
22 85
22 88
22 90
22 91
22 92
22 93
22 96
22 99
23 25
23 27
23 28
23 31
23 32
23 33
23 35
23 39
23 49
23 50
23 51
23 53
23 55
23 58
23 59
23 60
23 66
23 67
23 69
23 71
23 76
23 82
23 83
23 85
23 87
23 88
23 91
23 93
23 94
23 99
24 32
24 44
24 50
24 53
24 57
24 60
24 61
24 67
24 72
24 80
24 88
24 90
24 93
25 30
25 38
25 44
25 47
25 48
25 49
25 50
25 55
25 60
25 63
25 67
25 68
25 72
25 75
25 76
25 77
25 79
25 88
25 94
25 96
25 97
25 99
26 27
26 28
26 32
26 34
26 43
26 47
26 51
26 55
26 56
26 57
26 61
26 62
26 63
26 65
26 68
26 70
26 75
26 78
26 80
26 82
26 83
26 87
26 89
26 96
27 34
27 40
27 42
27 48
27 49
27 56
27 57
27 59
27 63
27 65
27 66
27 75
27 77
27 80
27 81
27 86
27 87
27 94
27 97
27 98
28 29
28 35
28 37
28 48
28 52
28 57
28 60
28 63
28 66
28 67
28 70
28 76
28 83
28 85
28 86
28 88
28 98
29 33
29 37
29 38
29 50
29 54
29 61
29 68
29 69
29 71
29 72
29 75
29 80
29 85
29 89
29 91
29 92
29 94
29 98
29 99
30 31
30 32
30 33
30 34
30 36
30 37
30 39
30 40
30 41
30 42
30 43
30 49
30 52
30 61
30 63
30 64
30 66
30 68
30 70
30 73
30 75
30 77
30 80
30 81
30 85
30 86
30 87
30 90
30 93
31 33
31 35
31 36
31 38
31 39
31 40
31 41
31 45
31 56
31 59
31 62
31 66
31 69
31 73
31 74
31 75
31 76
31 77
31 80
31 82
31 88
31 89
31 94
31 95
31 96
32 35
32 39
32 45
32 51
32 52
32 54
32 56
32 59
32 60
32 61
32 64
32 65
32 69
32 78
32 79
32 82
32 86
32 87
32 90
32 91
32 96
33 34
33 36
33 37
33 40
33 45
33 46
33 48
33 58
33 60
33 61
33 62
33 63
33 65
33 69
33 70
33 77
33 80
33 81
33 82
33 84
33 85
33 86
33 88
33 89
33 91
34 36
34 39
34 41
34 44
34 46
34 48
34 51
34 57
34 67
34 68
34 85
34 91
34 96
35 38
35 39
35 40
35 42
35 45
35 46
35 51
35 55
35 56
35 60
35 63
35 64
35 65
35 67
35 72
35 74
35 76
35 77
35 78
35 82
35 83
35 90
35 91
35 93
35 95
35 99
36 46
36 48
36 52
36 53
36 57
36 58
36 60
36 61
36 65
36 68
36 69
36 72
36 75
36 78
36 87
36 89
36 95
36 97
37 40
37 44
37 46
37 47
37 61
37 62
37 65
37 66
37 69
37 78
37 87
37 88
37 91
37 92
37 94
37 97
38 40
38 43
38 45
38 46
38 47
38 48
38 49
38 52
38 54
38 55
38 58
38 65
38 66
38 68
38 74
38 76
38 78
38 79
38 81
38 82
38 88
38 89
38 95
38 96
38 99
39 40
39 42
39 45
39 49
39 50
39 52
39 54
39 63
39 68
39 69
39 71
39 76
39 77
39 79
39 80
39 81
39 88
39 90
39 92
39 93
39 99
40 42
40 51
40 56
40 59
40 61
40 63
40 68
40 71
40 80
40 81
40 82
40 83
40 86
40 88
40 91
40 94
40 98
40 99
41 44
41 45
41 47
41 48
41 49
41 52
41 55
41 58
41 60
41 71
41 73
41 75
41 76
41 78
41 80
41 84
41 93
41 95
41 99
42 45
42 46
42 47
42 48
42 51
42 52
42 53
42 54
42 55
42 58
42 61
42 62
42 65
42 69
42 70
42 75
42 76
42 78
42 79
42 80
42 83
42 90
42 92
42 96
42 97
43 45
43 49
43 50
43 51
43 56
43 60
43 63
43 66
43 68
43 73
43 76
43 82
43 83
43 84
43 86
43 87
43 91
43 96
44 49
44 51
44 52
44 57
44 66
44 67
44 69
44 70
44 71
44 92
44 94
44 96
45 55
45 59
45 60
45 61
45 67
45 69
45 70
45 72
45 74
45 79
45 81
45 83
45 85
45 87
45 89
45 91
45 93
45 94
45 95
45 96
45 98
46 48
46 50
46 51
46 52
46 58
46 60
46 61
46 67
46 68
46 72
46 73
46 76
46 96
47 48
47 54
47 55
47 57
47 58
47 60
47 64
47 66
47 82
47 83
47 89
47 90
47 99
48 52
48 54
48 56
48 60
48 70
48 71
48 72
48 75
48 76
48 78
48 82
48 85
48 89
48 91
48 94
48 97
49 51
49 52
49 58
49 59
49 62
49 66
49 68
49 69
49 75
49 82
49 83
49 85
49 88
49 90
49 91
49 94
49 96
50 53
50 54
50 57
50 60
50 61
50 64
50 65
50 67
50 68
50 69
50 78
50 86
50 93
50 95
51 56
51 58
51 59
51 70
51 72
51 84
51 85
51 87
51 90
51 96
51 97
51 98
52 54
52 58
52 60
52 65
52 73
52 74
52 75
52 78
52 79
52 82
52 83
52 87
52 88
52 91
52 94
52 97
52 99
53 63
53 65
53 78
53 81
53 82
53 83
53 92
53 93
53 96
53 97
53 98
54 56
54 60
54 61
54 63
54 69
54 70
54 75
54 76
54 77
54 78
54 79
54 82
54 89
54 91
54 97
54 99
55 61
55 69
55 70
55 72
55 74
55 78
55 87
55 97
56 62
56 65
56 68
56 70
56 79
56 80
56 82
56 84
56 85
56 92
56 97
57 59
57 62
57 64
57 72
57 73
57 74
57 76
57 77
57 81
57 84
57 89
57 91
57 94
57 97
57 98
58 78
58 79
58 80
58 85
58 90
58 91
59 61
59 62
59 66
59 70
59 71
59 76
59 78
59 80
59 82
59 83
59 84
59 90
59 95
59 96
59 99
60 61
60 62
60 68
60 71
60 72
60 73
60 76
60 80
60 86
60 87
60 90
60 92
60 97
60 98
61 63
61 65
61 67
61 75
61 77
61 78
61 83
61 86
61 95
61 96
61 97
61 99
62 65
62 68
62 70
62 75
62 82
62 90
62 95
62 97
63 72
63 74
63 77
63 78
63 81
63 88
63 90
64 65
64 70
64 71
64 74
64 76
64 78
64 79
64 82
64 88
64 89
64 98
65 66
65 69
65 72
65 76
65 78
65 80
65 82
65 83
65 84
65 87
65 90
65 92
65 93
65 96
65 98
65 99
66 70
66 72
66 77
66 81
66 82
66 83
66 85
66 93
66 95
67 72
67 73
67 77
67 80
67 82
67 83
67 91
67 92
67 94
67 95
68 69
68 71
68 74
68 75
68 77
68 82
68 87
68 88
68 91
68 94
68 97
69 78
69 80
69 81
69 82
69 84
69 87
69 88
69 92
69 93
69 94
69 95
69 96
69 97
69 98
70 71
70 74
70 76
70 77
70 78
70 82
70 84
70 88
70 91
70 95
70 97
70 98
70 99
71 75
71 76
71 87
71 89
71 94
71 96
71 97
71 99
72 73
72 78
72 79
72 89
72 91
72 92
72 93
72 98
73 75
73 78
73 79
73 80
73 83
73 91
73 97
74 77
74 79
74 83
74 87
74 89
74 90
74 91
74 92
75 77
75 83
75 86
75 88
75 90
75 91
75 95
75 96
76 77
76 80
76 82
76 85
76 89
76 95
76 99
77 85
77 86
77 91
77 95
78 81
78 82
78 91
78 93
78 94
79 80
79 81
79 85
79 89
79 91
79 92
79 95
80 81
80 83
80 84
80 85
80 88
80 89
80 92
80 97
80 99
81 83
81 86
81 93
81 96
81 98
82 84
82 85
82 87
82 88
83 87
83 88
83 95
83 96
83 97
83 98
84 85
84 86
84 91
84 92
84 97
84 98
85 88
85 92
85 94
85 95
85 97
86 87
86 92
86 94
86 95
86 97
87 95
87 96
87 97
88 91
88 93
88 95
88 96
88 98
89 90
89 93
89 95
89 97
90 97
91 94
91 97
92 97
92 98
92 99
93 96
94 96
94 99
95 99
