50 353
0 7
0 8
0 9
0 12
0 15
0 16
0 22
0 24
0 28
0 32
0 33
0 37
0 42
0 43
0 45
1 9
1 13
1 18
1 21
1 31
1 32
1 34
1 37
1 38
1 42
1 43
1 49
2 12
2 13
2 14
2 22
2 32
2 37
2 39
2 42
2 49
3 7
3 11
3 20
3 25
3 26
3 34
3 41
3 47
3 48
4 6
4 7
4 11
4 12
4 15
4 17
4 21
4 25
4 26
4 28
4 30
4 32
4 37
4 39
4 42
4 43
4 46
4 47
4 48
4 49
5 7
5 8
5 11
5 13
5 18
5 20
5 23
5 32
5 33
5 36
5 40
5 46
5 49
6 8
6 27
6 31
6 32
6 38
6 41
6 43
6 46
6 49
7 10
7 16
7 19
7 22
7 23
7 24
7 27
7 29
7 30
7 34
7 38
7 49
8 13
8 15
8 19
8 22
8 24
8 26
8 34
8 40
8 43
8 44
8 45
8 48
9 10
9 15
9 17
9 22
9 26
9 28
9 29
9 30
9 43
9 44
9 49
10 12
10 14
10 19
10 21
10 22
10 27
10 36
10 39
10 40
10 42
10 46
11 13
11 15
11 17
11 19
11 22
11 24
11 25
11 28
11 30
11 35
11 39
11 44
11 45
11 46
12 14
12 16
12 17
12 18
12 20
12 21
12 29
12 30
12 36
12 39
12 45
12 48
13 14
13 17
13 19
13 22
13 28
13 29
13 31
13 35
13 37
13 40
13 49
14 17
14 18
14 22
14 36
14 48
14 49
15 16
15 23
15 24
15 25
15 27
15 41
15 49
16 21
16 24
16 28
16 31
16 35
16 36
16 38
16 40
16 44
16 45
16 47
17 19
17 21
17 26
17 28
17 34
17 36
17 41
17 47
17 48
18 25
18 27
18 32
18 34
18 36
18 37
18 38
18 40
18 41
18 42
18 47
18 48
19 20
19 22
19 27
19 28
19 29
19 30
19 34
19 37
19 38
19 47
20 34
20 35
20 38
20 39
20 40
21 27
21 29
21 31
21 32
21 34
21 37
21 45
21 46
22 27
22 28
22 32
22 37
22 39
22 40
22 43
23 24
23 34
23 36
23 37
23 39
23 40
23 47
24 26
24 30
24 32
24 33
24 35
24 39
24 43
24 45
25 29
25 30
25 32
25 38
25 42
25 43
26 27
26 28
26 32
26 36
26 42
26 43
26 44
26 49
27 29
27 36
27 39
27 40
27 46
27 48
28 29
28 31
28 32
28 41
28 45
28 47
28 49
29 39
29 40
30 34
30 44
30 49
31 32
31 33
31 35
31 36
31 38
31 40
31 42
31 47
31 48
31 49
32 34
32 37
32 38
32 40
32 43
32 44
33 34
33 35
33 37
33 38
33 46
33 47
34 43
34 44
34 46
34 48
35 40
35 42
35 45
36 38
36 40
36 42
36 44
36 45
37 41
37 44
37 47
38 40
38 44
38 48
38 49
39 41
39 44
39 45
39 47
39 48
40 45
40 48
41 45
41 46
41 48
42 43
42 45
42 47
43 44
43 45
43 48
44 47
46 47
46 49
47 48
