200 3971
0 3
0 8
0 10
0 15
0 16
0 28
0 45
0 49
0 54
0 64
0 77
0 90
0 99
0 103
0 104
0 106
0 112
0 118
0 120
0 122
0 127
0 128
0 135
0 136
0 138
0 146
0 147
0 150
0 153
0 156
0 159
0 167
0 171
0 175
0 181
0 189
0 190
0 191
0 192
0 195
0 198
1 3
1 9
1 10
1 12
1 17
1 23
1 29
1 30
1 38
1 42
1 49
1 57
1 59
1 61
1 63
1 64
1 73
1 83
1 89
1 90
1 92
1 93
1 95
1 98
1 101
1 108
1 113
1 115
1 120
1 124
1 126
1 133
1 135
1 140
1 145
1 158
1 166
1 167
1 173
1 183
1 185
1 187
1 188
1 193
1 194
2 6
2 7
2 9
2 10
2 17
2 19
2 24
2 35
2 41
2 42
2 46
2 56
2 61
2 70
2 73
2 74
2 104
2 110
2 112
2 114
2 116
2 117
2 118
2 122
2 126
2 127
2 131
2 133
2 134
2 136
2 137
2 150
2 154
2 156
2 159
2 165
2 166
2 168
2 169
2 170
2 171
2 173
2 175
2 177
2 183
2 186
2 190
2 196
2 197
3 6
3 10
3 11
3 12
3 15
3 16
3 22
3 29
3 30
3 34
3 38
3 39
3 40
3 47
3 52
3 55
3 68
3 78
3 80
3 89
3 91
3 94
3 95
3 100
3 106
3 111
3 112
3 115
3 124
3 130
3 138
3 143
3 149
3 157
3 159
3 162
3 165
3 167
3 169
3 172
3 174
3 176
3 193
4 7
4 15
4 20
4 23
4 26
4 29
4 30
4 35
4 37
4 38
4 43
4 44
4 46
4 52
4 55
4 59
4 63
4 71
4 74
4 75
4 79
4 84
4 94
4 100
4 110
4 116
4 125
4 127
4 135
4 143
4 144
4 146
4 149
4 154
4 155
4 157
4 160
4 163
4 166
4 168
4 181
4 197
4 199
5 10
5 11
5 17
5 18
5 20
5 24
5 42
5 47
5 56
5 63
5 73
5 75
5 80
5 83
5 92
5 93
5 107
5 109
5 110
5 114
5 115
5 117
5 119
5 122
5 137
5 152
5 156
5 166
5 169
5 170
5 173
5 185
5 189
5 190
5 195
5 196
6 14
6 16
6 21
6 25
6 29
6 33
6 50
6 71
6 75
6 80
6 81
6 87
6 92
6 95
6 96
6 101
6 102
6 110
6 141
6 146
6 147
6 156
6 159
6 160
6 171
6 177
6 179
6 184
6 186
6 188
6 191
6 192
6 197
6 198
7 33
7 34
7 36
7 41
7 47
7 49
7 60
7 69
7 78
7 79
7 83
7 107
7 111
7 116
7 118
7 122
7 123
7 131
7 133
7 135
7 143
7 155
7 156
7 169
7 171
7 172
7 174
7 180
7 187
8 11
8 13
8 14
8 19
8 33
8 37
8 40
8 48
8 49
8 51
8 54
8 56
8 58
8 67
8 70
8 89
8 97
8 98
8 105
8 118
8 125
8 126
8 132
8 136
8 139
8 140
8 145
8 151
8 153
8 159
8 160
8 163
8 167
8 175
8 179
8 181
8 184
9 12
9 16
9 18
9 20
9 33
9 35
9 43
9 52
9 56
9 65
9 73
9 75
9 79
9 80
9 83
9 84
9 89
9 90
9 98
9 99
9 100
9 112
9 113
9 119
9 121
9 127
9 129
9 130
9 132
9 134
9 142
9 145
9 152
9 159
9 169
9 179
9 189
9 193
10 14
10 21
10 33
10 34
10 36
10 37
10 40
10 46
10 49
10 53
10 72
10 76
10 83
10 88
10 96
10 101
10 102
10 103
10 104
10 107
10 111
10 120
10 124
10 125
10 134
10 138
10 146
10 152
10 154
10 158
10 165
10 181
10 186
10 190
10 193
10 194
10 195
11 13
11 15
11 21
11 25
11 26
11 30
11 43
11 45
11 51
11 71
11 77
11 99
11 101
11 105
11 109
11 110
11 119
11 123
11 125
11 133
11 137
11 142
11 144
11 154
11 159
11 162
11 178
11 180
11 183
11 185
11 187
11 190
11 195
12 13
12 14
12 24
12 26
12 27
12 35
12 40
12 42
12 44
12 46
12 49
12 52
12 55
12 57
12 67
12 70
12 73
12 74
12 76
12 87
12 93
12 95
12 102
12 105
12 106
12 108
12 109
12 115
12 121
12 124
12 142
12 146
12 154
12 158
12 159
12 160
12 169
12 177
12 179
12 182
12 184
12 186
12 189
12 191
12 195
13 20
13 40
13 44
13 46
13 49
13 52
13 57
13 62
13 63
13 64
13 66
13 67
13 74
13 77
13 78
13 88
13 89
13 90
13 94
13 99
13 100
13 105
13 107
13 108
13 109
13 119
13 120
13 127
13 141
13 146
13 152
13 163
13 174
13 188
13 189
14 21
14 33
14 35
14 36
14 42
14 58
14 70
14 73
14 77
14 85
14 87
14 91
14 95
14 99
14 103
14 137
14 138
14 146
14 148
14 150
14 160
14 162
14 177
14 182
14 186
14 191
15 22
15 24
15 26
15 30
15 48
15 53
15 65
15 66
15 67
15 71
15 72
15 81
15 83
15 88
15 90
15 92
15 97
15 101
15 113
15 118
15 119
15 143
15 149
15 151
15 152
15 155
15 164
15 168
15 171
15 173
15 174
15 178
15 180
15 186
16 19
16 24
16 33
16 34
16 35
16 39
16 41
16 43
16 45
16 48
16 50
16 53
16 69
16 70
16 78
16 89
16 90
16 95
16 99
16 103
16 105
16 106
16 108
16 114
16 117
16 121
16 122
16 125
16 131
16 138
16 144
16 149
16 152
16 156
16 158
16 162
16 163
16 167
16 172
16 184
16 187
16 190
16 194
16 195
16 196
16 198
17 22
17 23
17 40
17 42
17 44
17 45
17 47
17 51
17 57
17 74
17 79
17 80
17 85
17 88
17 90
17 97
17 108
17 113
17 115
17 122
17 123
17 124
17 125
17 135
17 154
17 156
17 158
17 164
17 165
17 174
17 182
17 185
17 193
17 197
18 19
18 21
18 24
18 25
18 32
18 41
18 42
18 52
18 56
18 57
18 61
18 68
18 70
18 77
18 92
18 98
18 116
18 117
18 119
18 124
18 126
18 127
18 129
18 135
18 138
18 156
18 161
18 165
18 177
18 178
18 180
18 182
18 185
18 187
18 189
18 191
18 193
18 196
19 20
19 21
19 27
19 28
19 29
19 42
19 43
19 45
19 48
19 53
19 55
19 59
19 60
19 63
19 68
19 71
19 80
19 82
19 83
19 85
19 86
19 89
19 91
19 102
19 111
19 118
19 124
19 135
19 145
19 146
19 162
19 171
19 173
19 177
19 178
19 182
19 187
19 193
19 196
20 25
20 26
20 27
20 41
20 42
20 62
20 66
20 68
20 69
20 73
20 79
20 80
20 81
20 84
20 106
20 113
20 114
20 117
20 122
20 126
20 128
20 132
20 137
20 138
20 145
20 156
20 163
20 170
20 174
20 178
20 182
20 183
20 189
20 193
20 194
20 196
20 197
20 199
21 35
21 38
21 42
21 44
21 45
21 50
21 51
21 55
21 64
21 71
21 84
21 93
21 96
21 105
21 106
21 107
21 108
21 110
21 112
21 116
21 119
21 126
21 129
21 131
21 132
21 133
21 148
21 152
21 166
21 174
21 187
21 188
21 193
21 194
21 197
22 26
22 28
22 31
22 48
22 51
22 52
22 66
22 72
22 76
22 77
22 102
22 105
22 111
22 113
22 121
22 122
22 124
22 126
22 135
22 138
22 141
22 148
22 159
22 163
22 165
22 166
22 169
22 171
23 25
23 29
23 32
23 33
23 36
23 43
23 53
23 54
23 62
23 76
23 85
23 95
23 106
23 115
23 121
23 125
23 129
23 133
23 135
23 139
23 141
23 143
23 151
23 152
23 153
23 162
23 167
23 171
23 172
23 173
23 179
23 182
23 189
23 190
24 27
24 30
24 34
24 51
24 54
24 55
24 61
24 67
24 71
24 74
24 84
24 87
24 89
24 90
24 92
24 94
24 100
24 102
24 121
24 126
24 128
24 129
24 133
24 137
24 139
24 145
24 149
24 151
24 154
24 157
24 179
24 185
24 186
24 187
24 190
24 199
25 29
25 32
25 56
25 62
25 64
25 68
25 69
25 81
25 97
25 98
25 99
25 103
25 104
25 112
25 118
25 120
25 129
25 132
25 133
25 139
25 149
25 150
25 153
25 158
25 161
25 179
25 180
25 183
25 190
25 194
26 27
26 28
26 45
26 58
26 59
26 68
26 71
26 76
26 80
26 91
26 92
26 95
26 102
26 120
26 121
26 125
26 130
26 131
26 132
26 138
26 140
26 147
26 148
26 154
26 163
26 164
26 170
26 173
26 174
26 179
26 180
26 192
26 194
26 199
27 30
27 32
27 37
27 39
27 50
27 55
27 60
27 62
27 63
27 73
27 76
27 86
27 93
27 100
27 105
27 107
27 108
27 114
27 140
27 142
27 143
27 160
27 166
27 168
27 171
27 172
27 173
27 174
27 175
27 178
27 179
27 181
27 185
27 193
27 194
27 197
27 199
28 31
28 32
28 34
28 46
28 57
28 67
28 72
28 81
28 86
28 89
28 94
28 98
28 124
28 131
28 133
28 136
28 142
28 145
28 161
28 167
28 168
28 170
28 172
28 175
28 177
28 178
28 183
28 188
28 190
28 198
28 199
29 31
29 35
29 40
29 52
29 53
29 54
29 61
29 64
29 66
29 74
29 78
29 79
29 83
29 84
29 90
29 93
29 99
29 107
29 109
29 112
29 115
29 116
29 124
29 127
29 136
29 145
29 152
29 156
29 163
29 164
29 167
29 169
29 174
29 182
29 183
29 190
29 191
29 197
29 198
29 199
30 40
30 44
30 48
30 52
30 62
30 63
30 73
30 76
30 81
30 96
30 97
30 100
30 101
30 108
30 112
30 116
30 120
30 135
30 136
30 141
30 142
30 143
30 159
30 163
30 166
30 168
30 170
30 173
30 175
30 178
30 189
30 191
30 194
30 197
30 199
31 34
31 35
31 38
31 39
31 41
31 42
31 53
31 55
31 56
31 57
31 62
31 72
31 73
31 80
31 82
31 92
31 93
31 96
31 98
31 103
31 109
31 113
31 115
31 120
31 129
31 131
31 133
31 136
31 140
31 158
31 181
31 183
31 194
31 195
31 197
32 63
32 68
32 76
32 87
32 91
32 94
32 100
32 113
32 118
32 120
32 123
32 138
32 139
32 145
32 149
32 152
32 162
32 166
32 167
32 170
32 183
32 189
32 197
33 37
33 59
33 76
33 83
33 87
33 88
33 89
33 93
33 97
33 98
33 99
33 103
33 112
33 114
33 119
33 121
33 122
33 123
33 124
33 125
33 131
33 140
33 148
33 162
33 182
33 185
33 190
33 195
34 38
34 44
34 47
34 50
34 51
34 57
34 60
34 72
34 79
34 92
34 99
34 100
34 101
34 102
34 110
34 115
34 119
34 120
34 126
34 127
34 138
34 139
34 150
34 151
34 152
34 156
34 164
34 168
34 169
34 181
34 199
35 47
35 52
35 54
35 56
35 57
35 59
35 64
35 74
35 78
35 85
35 91
35 93
35 94
35 107
35 109
35 124
35 140
35 142
35 149
35 150
35 156
35 159
35 166
35 176
35 179
35 181
35 189
35 195
36 46
36 47
36 56
36 59
36 61
36 65
36 69
36 71
36 77
36 78
36 80
36 86
36 92
36 95
36 104
36 112
36 128
36 130
36 132
36 139
36 143
36 146
36 150
36 156
36 157
36 162
36 168
36 169
36 173
36 190
36 197
36 199
37 38
37 55
37 59
37 60
37 65
37 66
37 67
37 68
37 72
37 73
37 75
37 83
37 93
37 98
37 100
37 102
37 107
37 108
37 115
37 116
37 135
37 143
37 155
37 167
37 168
37 173
37 178
37 187
37 195
38 39
38 43
38 54
38 61
38 63
38 69
38 74
38 81
38 90
38 108
38 117
38 122
38 126
38 129
38 131
38 137
38 161
38 172
38 186
38 188
38 195
39 42
39 51
39 52
39 53
39 54
39 57
39 59
39 62
39 63
39 65
39 67
39 74
39 80
39 81
39 91
39 98
39 101
39 109
39 114
39 115
39 117
39 127
39 129
39 130
39 135
39 138
39 146
39 148
39 153
39 154
39 159
39 169
39 171
39 172
39 178
39 179
39 182
39 185
39 189
39 195
39 198
40 41
40 44
40 58
40 59
40 60
40 68
40 75
40 76
40 102
40 106
40 115
40 123
40 126
40 129
40 136
40 145
40 146
40 150
40 158
40 161
40 175
40 180
40 183
40 189
40 192
40 193
40 197
41 43
41 46
41 47
41 50
41 53
41 58
41 64
41 65
41 74
41 79
41 80
41 99
41 105
41 107
41 112
41 113
41 114
41 116
41 118
41 129
41 133
41 135
41 139
41 147
41 152
41 154
41 159
41 164
41 166
41 168
41 169
41 172
41 173
41 174
41 175
41 181
41 182
41 191
41 195
42 43
42 50
42 54
42 57
42 63
42 68
42 76
42 80
42 85
42 92
42 93
42 98
42 99
42 106
42 113
42 117
42 123
42 131
42 133
42 137
42 146
42 149
42 150
42 151
42 153
42 155
42 173
42 174
42 180
42 184
42 186
42 195
42 197
43 51
43 61
43 62
43 76
43 77
43 79
43 81
43 82
43 84
43 87
43 88
43 90
43 96
43 100
43 101
43 105
43 106
43 107
43 119
43 120
43 123
43 124
43 132
43 133
43 134
43 153
43 156
43 166
43 169
43 170
43 177
43 181
43 183
43 184
43 187
43 190
44 51
44 58
44 70
44 74
44 79
44 89
44 91
44 94
44 95
44 96
44 99
44 100
44 105
44 110
44 119
44 124
44 127
44 128
44 129
44 132
44 144
44 145
44 156
44 160
44 171
44 184
44 199
45 50
45 58
45 61
45 73
45 80
45 83
45 84
45 85
45 86
45 91
45 96
45 102
45 105
45 110
45 114
45 115
45 119
45 123
45 129
45 130
45 139
45 148
45 149
45 156
45 172
45 176
45 183
45 191
45 197
46 48
46 51
46 53
46 54
46 59
46 62
46 63
46 66
46 71
46 75
46 78
46 81
46 82
46 90
46 92
46 95
46 99
46 103
46 105
46 110
46 111
46 113
46 132
46 136
46 139
46 140
46 141
46 150
46 154
46 156
46 157
46 158
46 162
46 167
46 168
46 175
46 178
46 179
46 184
46 190
46 195
46 196
47 48
47 49
47 54
47 59
47 60
47 61
47 67
47 70
47 76
47 83
47 84
47 87
47 92
47 95
47 102
47 105
47 106
47 108
47 133
47 141
47 144
47 146
47 158
47 159
47 176
47 185
47 186
47 187
47 188
47 193
48 49
48 51
48 54
48 57
48 58
48 62
48 72
48 76
48 79
48 90
48 94
48 96
48 109
48 112
48 115
48 128
48 134
48 136
48 143
48 150
48 153
48 157
48 158
48 159
48 162
48 163
48 177
48 178
48 186
48 189
48 192
48 195
48 196
49 59
49 70
49 71
49 75
49 82
49 83
49 88
49 89
49 90
49 92
49 95
49 108
49 110
49 116
49 122
49 129
49 131
49 148
49 149
49 150
49 153
49 157
49 158
49 176
49 182
49 185
49 189
49 192
49 193
49 195
50 51
50 61
50 62
50 71
50 75
50 78
50 81
50 88
50 95
50 96
50 107
50 112
50 115
50 120
50 126
50 128
50 138
50 140
50 143
50 152
50 157
50 164
50 168
50 175
50 181
50 184
50 190
50 191
50 193
51 53
51 62
51 69
51 73
51 77
51 78
51 85
51 87
51 91
51 99
51 106
51 108
51 118
51 127
51 136
51 138
51 144
51 153
51 156
51 160
51 166
51 172
51 183
51 189
51 195
52 56
52 58
52 64
52 66
52 67
52 69
52 71
52 73
52 74
52 78
52 79
52 84
52 85
52 87
52 88
52 90
52 91
52 94
52 102
52 105
52 106
52 111
52 115
52 116
52 119
52 124
52 126
52 133
52 134
52 136
52 138
52 144
52 147
52 151
52 155
52 160
52 166
52 167
52 176
52 182
52 184
52 186
52 193
52 196
53 55
53 58
53 61
53 70
53 71
53 73
53 74
53 78
53 85
53 86
53 94
53 99
53 101
53 102
53 112
53 113
53 125
53 127
53 128
53 131
53 141
53 176
53 177
53 178
53 186
53 187
54 64
54 65
54 70
54 77
54 78
54 81
54 82
54 85
54 92
54 96
54 104
54 111
54 114
54 115
54 116
54 121
54 127
54 134
54 137
54 165
54 174
54 175
54 176
54 179
54 184
54 188
54 195
54 198
55 72
55 82
55 84
55 87
55 88
55 89
55 91
55 92
55 103
55 108
55 109
55 120
55 122
55 127
55 134
55 141
55 142
55 146
55 147
55 160
55 162
55 167
55 174
55 178
55 180
55 194
56 57
56 67
56 74
56 80
56 89
56 90
56 96
56 98
56 101
56 105
56 107
56 118
56 120
56 136
56 141
56 160
56 164
56 169
56 171
56 173
56 177
56 179
56 180
56 181
56 188
56 189
56 192
56 194
57 60
57 62
57 76
57 84
57 101
57 103
57 105
57 108
57 114
57 116
57 125
57 130
57 132
57 135
57 139
57 140
57 141
57 142
57 145
57 154
57 156
57 160
57 162
57 170
57 176
57 178
57 181
57 186
57 187
57 191
57 197
58 63
58 78
58 82
58 84
58 86
58 92
58 104
58 112
58 117
58 120
58 123
58 124
58 127
58 130
58 134
58 135
58 138
58 140
58 141
58 154
58 162
58 164
58 171
58 172
58 175
58 177
58 179
58 182
58 186
58 191
59 61
59 64
59 77
59 88
59 97
59 103
59 104
59 107
59 108
59 109
59 117
59 118
59 119
59 129
59 143
59 145
59 146
59 154
59 156
59 157
59 158
59 160
59 163
59 169
59 170
59 173
59 174
59 175
59 193
59 194
59 195
60 67
60 69
60 75
60 82
60 87
60 93
60 94
60 95
60 106
60 107
60 108
60 110
60 119
60 120
60 123
60 129
60 140
60 143
60 157
60 158
60 164
60 165
60 175
60 180
60 181
60 185
60 188
60 191
60 193
61 76
61 80
61 85
61 86
61 92
61 96
61 98
61 99
61 101
61 103
61 119
61 125
61 128
61 130
61 142
61 147
61 148
61 155
61 169
61 173
61 175
61 181
61 184
61 194
61 195
62 64
62 66
62 70
62 76
62 87
62 88
62 93
62 99
62 103
62 110
62 111
62 112
62 116
62 122
62 129
62 133
62 137
62 145
62 146
62 164
62 166
62 168
62 175
62 178
62 182
62 183
62 185
62 192
62 195
63 64
63 81
63 91
63 92
63 94
63 97
63 104
63 108
63 109
63 115
63 120
63 124
63 131
63 132
63 134
63 135
63 146
63 164
63 169
63 182
63 189
63 197
63 199
64 67
64 68
64 77
64 87
64 92
64 98
64 99
64 100
64 110
64 114
64 120
64 126
64 129
64 134
64 136
64 138
64 139
64 140
64 141
64 142
64 143
64 150
64 151
64 153
64 155
64 156
64 157
64 161
64 162
64 164
64 168
64 170
64 176
64 177
64 178
64 179
64 180
64 182
64 188
64 196
64 197
65 68
65 70
65 74
65 77
65 90
65 95
65 111
65 112
65 118
65 120
65 122
65 125
65 131
65 134
65 140
65 150
65 163
65 175
65 178
65 187
65 194
65 195
65 199
66 71
66 80
66 87
66 101
66 123
66 133
66 138
66 139
66 141
66 143
66 152
66 164
66 165
66 166
66 167
66 177
66 178
66 181
66 183
66 194
66 195
67 71
67 82
67 83
67 104
67 110
67 115
67 122
67 129
67 130
67 141
67 151
67 155
67 159
67 174
67 179
67 187
67 193
67 194
67 198
68 72
68 73
68 77
68 83
68 85
68 88
68 94
68 96
68 98
68 100
68 102
68 113
68 114
68 115
68 116
68 117
68 118
68 120
68 131
68 132
68 135
68 138
68 139
68 140
68 148
68 158
68 160
68 162
68 163
68 166
68 181
68 186
68 191
69 73
69 74
69 86
69 87
69 88
69 90
69 98
69 103
69 104
69 105
69 115
69 116
69 131
69 137
69 140
69 143
69 144
69 145
69 149
69 164
69 166
69 170
69 176
69 178
69 184
69 194
70 72
70 81
70 91
70 94
70 101
70 103
70 120
70 127
70 129
70 130
70 132
70 133
70 137
70 140
70 146
70 155
70 157
70 167
70 168
70 170
70 177
70 186
70 194
70 197
71 76
71 77
71 81
71 96
71 99
71 101
71 104
71 105
71 107
71 108
71 110
71 113
71 117
71 120
71 122
71 124
71 125
71 127
71 128
71 135
71 137
71 140
71 142
71 148
71 151
71 156
71 159
71 161
71 171
71 175
71 183
71 187
71 192
71 197
72 80
72 81
72 82
72 87
72 88
72 93
72 106
72 107
72 120
72 121
72 122
72 129
72 130
72 133
72 137
72 138
72 139
72 140
72 143
72 156
72 158
72 163
72 165
72 169
72 171
72 176
72 187
72 189
72 195
73 94
73 101
73 102
73 112
73 118
73 126
73 127
73 131
73 134
73 136
73 140
73 148
73 151
73 157
73 162
73 165
73 180
73 181
73 186
73 189
73 199
74 77
74 80
74 81
74 89
74 90
74 92
74 93
74 94
74 116
74 119
74 125
74 144
74 147
74 152
74 153
74 156
74 159
74 166
74 169
74 171
74 185
74 188
74 189
74 195
75 78
75 80
75 82
75 85
75 93
75 106
75 109
75 120
75 134
75 135
75 136
75 144
75 146
75 152
75 155
75 160
75 161
75 166
75 171
75 184
75 186
75 195
75 198
76 83
76 97
76 99
76 101
76 108
76 119
76 120
76 123
76 131
76 135
76 136
76 142
76 147
76 155
76 158
76 160
76 165
76 182
76 188
76 191
76 198
76 199
77 79
77 81
77 99
77 106
77 109
77 115
77 130
77 135
77 147
77 161
77 163
77 167
77 169
77 171
77 175
77 193
77 196
78 79
78 80
78 83
78 89
78 90
78 91
78 94
78 98
78 105
78 107
78 112
78 125
78 127
78 131
78 134
78 145
78 154
78 157
78 159
78 173
78 184
78 185
78 188
78 192
78 198
79 96
79 105
79 111
79 113
79 117
79 118
79 120
79 126
79 130
79 131
79 141
79 142
79 160
79 167
79 169
79 181
79 183
79 185
79 186
79 189
79 191
79 192
79 195
80 82
80 86
80 89
80 92
80 94
80 95
80 102
80 103
80 106
80 119
80 121
80 122
80 124
80 126
80 133
80 135
80 156
80 160
80 175
80 177
80 183
80 193
80 194
81 84
81 89
81 90
81 95
81 98
81 105
81 106
81 107
81 110
81 120
81 127
81 130
81 133
81 134
81 135
81 140
81 144
81 150
81 153
81 157
81 158
81 163
81 167
81 177
81 185
81 187
81 193
81 198
82 83
82 87
82 94
82 100
82 111
82 117
82 125
82 131
82 132
82 133
82 134
82 138
82 142
82 145
82 146
82 152
82 155
82 158
82 161
82 169
82 176
82 182
82 183
82 186
82 188
82 189
82 192
83 95
83 108
83 119
83 121
83 122
83 134
83 138
83 139
83 148
83 152
83 153
83 158
83 166
83 172
83 177
83 186
83 191
83 192
83 195
84 86
84 91
84 95
84 102
84 108
84 113
84 114
84 120
84 121
84 124
84 134
84 139
84 140
84 141
84 154
84 161
84 163
84 169
84 182
85 113
85 115
85 127
85 135
85 147
85 159
85 162
85 172
85 184
85 188
85 197
86 99
86 108
86 109
86 117
86 119
86 134
86 153
86 154
86 156
86 158
86 163
86 164
86 167
86 170
86 180
86 181
86 184
86 187
86 188
86 196
86 197
86 198
86 199
87 88
87 93
87 103
87 110
87 113
87 115
87 117
87 119
87 122
87 132
87 144
87 154
87 168
87 174
87 175
87 176
87 178
87 180
87 181
87 184
87 190
88 95
88 96
88 98
88 106
88 119
88 121
88 131
88 134
88 137
88 141
88 145
88 150
88 154
88 177
88 187
88 188
88 192
88 194
88 195
88 199
89 102
89 104
89 119
89 120
89 140
89 144
89 155
89 157
89 173
89 185
89 191
89 199
90 96
90 101
90 104
90 105
90 118
90 119
90 127
90 128
90 139
90 144
90 149
90 162
90 165
90 172
90 174
90 175
90 178
90 179
90 186
90 190
90 192
90 194
90 195
90 197
91 99
91 100
91 109
91 113
91 117
91 118
91 127
91 155
91 156
91 157
91 158
91 160
91 168
91 178
91 179
91 182
91 185
91 187
91 188
91 197
92 93
92 95
92 96
92 105
92 108
92 112
92 116
92 120
92 126
92 127
92 134
92 135
92 145
92 155
92 157
92 158
92 159
92 163
92 170
92 171
92 182
92 184
92 189
92 198
93 101
93 111
93 119
93 128
93 130
93 131
93 134
93 135
93 138
93 159
93 160
93 165
93 166
93 176
93 179
93 180
93 190
93 195
93 198
94 100
94 105
94 107
94 108
94 123
94 138
94 139
94 140
94 142
94 150
94 164
94 177
94 179
94 184
94 189
94 190
94 198
94 199
95 115
95 118
95 120
95 121
95 142
95 152
95 153
95 163
95 166
95 175
95 179
95 183
95 186
95 194
95 196
95 198
96 98
96 101
96 109
96 111
96 112
96 113
96 115
96 117
96 118
96 119
96 126
96 130
96 133
96 138
96 139
96 140
96 142
96 144
96 147
96 150
96 151
96 153
96 160
96 164
96 168
96 175
96 183
96 191
96 197
97 103
97 110
97 115
97 117
97 119
97 122
97 131
97 138
97 139
97 171
97 191
97 193
98 101
98 108
98 110
98 116
98 117
98 118
98 120
98 123
98 132
98 134
98 143
98 156
98 157
98 158
98 159
98 160
98 165
98 167
98 171
98 174
98 189
98 190
98 193
98 199
99 105
99 110
99 116
99 118
99 124
99 127
99 128
99 132
99 133
99 139
99 141
99 149
99 151
99 152
99 153
99 154
99 160
99 161
99 164
99 167
99 172
99 174
99 181
99 187
99 190
99 191
99 195
100 102
100 103
100 107
100 108
100 113
100 117
100 118
100 120
100 121
100 130
100 135
100 137
100 147
100 151
100 156
100 163
100 167
100 169
100 172
100 176
100 186
101 104
101 108
101 109
101 113
101 128
101 131
101 133
101 135
101 138
101 141
101 146
101 153
101 154
101 162
101 165
101 173
101 176
101 180
101 188
101 189
102 105
102 107
102 111
102 112
102 113
102 117
102 133
102 135
102 136
102 139
102 141
102 145
102 148
102 160
102 161
102 162
102 163
102 164
102 165
102 167
102 177
102 184
102 188
102 189
102 191
102 194
103 108
103 109
103 117
103 120
103 125
103 141
103 142
103 147
103 150
103 152
103 160
103 168
103 170
103 177
103 183
103 188
103 194
103 196
104 105
104 109
104 110
104 113
104 119
104 122
104 126
104 127
104 131
104 135
104 145
104 147
104 157
104 163
104 185
104 188
104 192
105 108
105 112
105 115
105 130
105 134
105 148
105 151
105 156
105 162
105 168
105 169
105 171
105 186
105 187
105 190
105 192
105 194
105 196
105 198
106 112
106 114
106 118
106 121
106 124
106 130
106 135
106 142
106 154
106 156
106 161
106 163
106 166
106 172
106 183
106 186
106 187
106 188
106 190
106 196
106 197
107 111
107 113
107 121
107 122
107 131
107 147
107 148
107 150
107 171
107 172
107 179
107 180
107 184
107 185
108 120
108 121
108 130
108 131
108 135
108 140
108 144
108 151
108 161
108 162
108 176
108 181
108 195
108 196
108 199
109 110
109 116
109 119
109 129
109 130
109 132
109 137
109 140
109 143
109 149
109 151
109 157
109 162
109 166
109 167
109 170
109 177
109 180
109 183
109 187
109 191
109 195
109 198
109 199
110 111
110 131
110 137
110 142
110 143
110 154
110 157
110 158
110 160
110 166
110 170
110 176
110 189
110 191
111 112
111 113
111 115
111 117
111 123
111 126
111 128
111 131
111 140
111 142
111 147
111 150
111 151
111 155
111 159
111 177
111 194
112 115
112 118
112 119
112 135
112 144
112 146
112 148
112 150
112 153
112 162
112 168
112 180
112 186
112 191
112 198
113 123
113 135
113 139
113 151
113 158
113 166
113 178
113 192
113 195
113 196
113 197
114 115
114 122
114 124
114 129
114 130
114 132
114 134
114 137
114 138
114 153
114 162
114 172
114 174
114 181
114 182
114 187
114 195
114 198
114 199
115 116
115 126
115 132
115 141
115 150
115 156
115 159
115 161
115 162
115 166
115 169
115 176
115 182
115 186
115 188
116 119
116 126
116 130
116 132
116 134
116 137
116 141
116 143
116 150
116 154
116 155
116 158
116 160
116 161
116 164
116 169
116 174
116 180
116 194
117 121
117 126
117 132
117 134
117 135
117 136
117 140
117 145
117 149
117 151
117 156
117 159
117 161
117 163
117 170
117 175
117 178
117 180
117 181
117 184
117 186
117 192
117 199
118 119
118 120
118 121
118 127
118 139
118 150
118 153
118 157
118 159
118 165
118 181
118 182
118 183
118 184
118 190
118 191
118 199
119 130
119 132
119 133
119 147
119 149
119 151
119 152
119 158
119 166
119 171
119 172
119 183
119 185
119 192
119 193
119 194
119 198
120 124
120 125
120 131
120 136
120 137
120 142
120 148
120 156
120 159
120 161
120 167
120 171
120 178
120 179
120 181
120 188
120 193
120 194
121 125
121 128
121 134
121 138
121 152
121 155
121 156
121 158
121 163
121 166
121 168
121 174
121 182
121 183
121 185
121 187
121 195
121 196
122 129
122 130
122 134
122 136
122 137
122 140
122 144
122 147
122 148
122 149
122 151
122 152
122 156
122 167
122 168
122 185
122 187
122 192
122 198
123 126
123 129
123 135
123 148
123 155
123 158
123 161
123 162
123 168
123 170
123 177
123 189
123 191
123 192
123 195
124 127
124 129
124 135
124 137
124 139
124 145
124 151
124 159
124 165
124 173
124 176
124 178
124 182
124 187
124 188
124 190
124 194
124 197
125 132
125 134
125 135
125 136
125 154
125 160
125 162
125 176
125 181
125 194
125 196
125 197
125 199
126 128
126 144
126 145
126 151
126 160
126 162
126 169
126 172
126 176
126 178
126 189
126 191
126 194
127 128
127 138
127 139
127 148
127 151
127 152
127 153
127 172
127 180
127 187
127 188
128 132
128 137
128 141
128 151
128 158
128 165
128 168
128 169
128 175
128 184
128 195
128 198
129 132
129 135
129 136
129 138
129 139
129 140
129 143
129 144
129 149
129 154
129 159
129 160
129 161
129 165
129 172
129 180
129 188
129 190
129 193
130 131
130 133
130 135
130 145
130 161
130 163
130 164
130 169
130 178
130 181
130 194
131 137
131 140
131 141
131 149
131 150
131 153
131 154
131 159
131 163
131 168
131 169
131 175
131 176
131 189
131 192
131 195
131 196
132 135
132 140
132 141
132 157
132 177
132 183
132 189
132 191
132 192
132 196
133 145
133 148
133 150
133 166
133 169
133 176
133 179
133 183
133 192
133 194
134 139
134 143
134 145
134 152
134 159
134 166
134 167
134 170
134 174
134 185
134 187
134 188
134 198
135 140
135 148
135 150
135 164
135 175
135 180
135 183
135 184
135 186
135 190
136 137
136 139
136 141
136 146
136 150
136 153
136 157
136 158
136 160
136 161
136 162
136 168
136 169
136 174
136 180
136 184
136 191
136 193
137 139
137 144
137 147
137 148
137 153
137 165
137 170
137 171
137 173
137 176
137 181
137 183
137 186
137 190
137 193
137 195
137 197
138 141
138 142
138 143
138 144
138 149
138 156
138 164
138 166
138 179
138 180
138 181
138 191
138 195
138 196
139 144
139 150
139 151
139 157
139 158
139 159
139 167
139 169
139 170
139 173
139 175
139 182
139 192
139 198
140 141
140 142
140 148
140 151
140 158
140 163
140 171
140 176
140 177
140 183
140 185
140 186
140 198
140 199
141 146
141 147
141 148
141 150
141 158
141 160
141 164
141 168
141 169
141 172
141 174
141 181
141 184
141 188
141 194
141 198
142 144
142 151
142 153
142 159
142 160
142 174
142 189
142 193
142 199
143 144
143 145
143 155
143 156
143 157
143 172
143 175
143 176
143 180
143 187
143 188
143 190
143 195
144 153
144 154
144 159
144 169
144 171
144 172
144 173
144 176
144 193
144 195
144 198
145 153
145 154
145 158
145 163
145 164
145 165
145 168
145 177
145 178
145 180
145 185
145 187
145 194
145 195
146 161
146 165
146 167
146 169
146 172
146 175
146 181
146 183
146 192
146 193
146 195
147 152
147 156
147 158
147 159
147 160
147 161
147 165
147 167
147 175
147 189
147 194
148 151
148 170
148 179
148 185
148 195
149 153
149 156
149 159
149 162
149 166
149 169
149 175
149 180
149 191
149 195
149 197
149 198
150 152
150 156
150 157
150 158
150 163
150 167
150 168
150 174
150 180
150 182
150 183
150 190
151 153
151 155
151 163
151 164
151 168
151 170
151 173
151 174
151 176
151 179
151 188
151 189
151 193
151 196
152 153
152 156
152 160
152 161
152 182
152 183
152 185
152 187
152 189
152 191
153 155
153 168
153 170
153 171
153 173
153 176
153 179
153 184
153 189
153 190
153 191
153 192
154 157
154 167
154 175
155 160
155 166
155 168
155 170
155 172
155 174
155 178
155 184
155 188
155 196
156 157
156 166
156 186
156 190
156 191
156 193
156 198
157 162
157 165
157 172
157 175
157 181
157 183
157 193
158 165
158 173
158 186
158 187
158 195
158 197
159 162
159 168
159 174
159 176
159 179
159 183
159 186
159 194
159 197
159 198
160 170
160 178
160 181
160 184
160 191
160 192
161 162
161 173
161 175
161 176
161 181
161 186
161 188
161 190
161 194
162 163
162 168
162 169
162 180
162 182
162 183
162 184
162 191
162 193
163 170
163 176
163 179
163 182
163 187
163 199
164 166
164 179
164 191
164 192
164 195
164 196
165 166
165 169
165 173
165 177
165 186
165 192
165 196
165 197
166 169
166 174
166 178
166 184
166 186
166 193
167 170
167 178
167 187
167 192
167 194
167 195
168 171
168 173
168 175
168 178
168 182
168 187
168 190
168 198
169 175
169 178
169 184
169 186
169 187
169 189
169 192
169 194
169 197
170 179
170 181
170 197
170 198
170 199
171 176
171 179
171 181
171 184
171 185
171 187
171 194
172 173
172 191
172 193
172 198
173 175
173 178
173 183
173 188
174 177
174 180
174 181
174 182
174 183
174 197
175 176
175 184
175 188
175 191
175 194
175 196
176 177
176 179
176 180
176 181
176 182
176 185
176 190
176 195
176 197
177 187
177 189
177 195
177 199
178 184
178 196
180 185
181 189
181 190
181 193
182 190
182 194
182 195
182 196
182 197
183 185
183 188
183 199
184 185
184 191
185 188
186 189
186 193
186 195
187 190
187 195
188 196
189 194
189 198
190 191
191 192
191 199
192 193
192 197
192 198
192 199
193 194
193 196
195 196
