300 8787
0 1
0 4
0 12
0 18
0 22
0 26
0 31
0 32
0 38
0 40
0 48
0 61
0 63
0 66
0 74
0 79
0 83
0 84
0 86
0 90
0 104
0 108
0 119
0 121
0 129
0 132
0 137
0 141
0 143
0 154
0 162
0 182
0 186
0 187
0 191
0 197
0 202
0 203
0 221
0 224
0 228
0 229
0 231
0 232
0 237
0 240
0 244
0 251
0 254
0 262
0 263
0 265
0 266
0 267
0 274
0 278
0 283
0 285
0 287
0 298
1 16
1 18
1 23
1 27
1 30
1 37
1 41
1 45
1 46
1 51
1 59
1 66
1 76
1 84
1 86
1 96
1 101
1 102
1 128
1 143
1 147
1 148
1 149
1 151
1 155
1 157
1 165
1 169
1 173
1 178
1 181
1 185
1 186
1 187
1 188
1 189
1 198
1 202
1 203
1 213
1 217
1 222
1 238
1 249
1 250
1 254
1 257
1 264
1 272
1 277
1 290
1 293
1 297
1 299
2 4
2 10
2 13
2 18
2 26
2 29
2 31
2 32
2 34
2 35
2 38
2 45
2 49
2 50
2 52
2 66
2 71
2 77
2 85
2 92
2 99
2 100
2 102
2 106
2 142
2 152
2 155
2 163
2 166
2 167
2 173
2 178
2 181
2 183
2 197
2 198
2 202
2 207
2 211
2 215
2 217
2 241
2 261
2 263
2 274
2 281
2 282
2 290
2 291
2 298
3 11
3 13
3 18
3 21
3 26
3 31
3 35
3 41
3 45
3 52
3 58
3 62
3 65
3 67
3 77
3 86
3 87
3 97
3 99
3 101
3 102
3 118
3 120
3 121
3 125
3 131
3 141
3 142
3 158
3 159
3 163
3 170
3 171
3 172
3 181
3 183
3 187
3 193
3 195
3 196
3 202
3 210
3 216
3 231
3 242
3 243
3 244
3 247
3 253
3 261
3 265
3 292
3 297
4 14
4 24
4 34
4 35
4 42
4 45
4 46
4 52
4 54
4 65
4 66
4 74
4 77
4 81
4 84
4 86
4 110
4 111
4 113
4 122
4 126
4 130
4 136
4 141
4 148
4 151
4 154
4 159
4 172
4 182
4 194
4 197
4 205
4 208
4 209
4 214
4 219
4 220
4 222
4 226
4 236
4 237
4 239
4 243
4 245
4 252
4 253
4 258
4 269
4 271
4 274
4 276
4 284
4 286
4 292
5 6
5 10
5 11
5 22
5 35
5 38
5 43
5 53
5 56
5 61
5 85
5 90
5 94
5 100
5 105
5 109
5 115
5 116
5 120
5 125
5 130
5 136
5 138
5 149
5 154
5 157
5 160
5 169
5 180
5 183
5 184
5 189
5 193
5 208
5 213
5 217
5 226
5 230
5 233
5 235
5 240
5 242
5 247
5 253
5 255
5 267
5 279
5 285
5 286
5 289
5 290
5 293
6 13
6 16
6 21
6 32
6 34
6 48
6 51
6 58
6 59
6 60
6 63
6 67
6 69
6 80
6 89
6 93
6 97
6 99
6 106
6 108
6 112
6 113
6 120
6 122
6 129
6 134
6 136
6 144
6 145
6 147
6 149
6 155
6 157
6 165
6 170
6 171
6 177
6 178
6 180
6 187
6 189
6 201
6 206
6 208
6 214
6 215
6 219
6 222
6 231
6 247
6 251
6 254
6 256
6 261
6 268
6 272
6 274
6 277
6 283
7 9
7 14
7 19
7 31
7 35
7 36
7 43
7 45
7 48
7 59
7 66
7 71
7 75
7 79
7 88
7 90
7 93
7 101
7 109
7 134
7 135
7 136
7 147
7 149
7 151
7 152
7 153
7 156
7 162
7 163
7 165
7 167
7 169
7 172
7 173
7 174
7 178
7 184
7 187
7 193
7 196
7 198
7 201
7 204
7 206
7 209
7 215
7 218
7 227
7 234
7 251
7 252
7 253
7 258
7 266
7 271
7 273
7 289
7 296
8 25
8 27
8 30
8 40
8 46
8 66
8 67
8 70
8 72
8 73
8 74
8 80
8 88
8 93
8 95
8 100
8 137
8 138
8 141
8 147
8 153
8 162
8 163
8 168
8 174
8 178
8 181
8 185
8 186
8 193
8 204
8 206
8 214
8 230
8 233
8 239
8 251
8 252
8 253
8 256
8 264
8 271
8 274
8 276
8 279
8 282
8 284
8 291
8 297
9 13
9 17
9 20
9 24
9 32
9 42
9 52
9 54
9 57
9 58
9 59
9 62
9 64
9 70
9 71
9 75
9 77
9 81
9 83
9 97
9 103
9 104
9 111
9 119
9 123
9 131
9 137
9 139
9 156
9 165
9 172
9 180
9 183
9 190
9 191
9 196
9 208
9 211
9 215
9 219
9 230
9 232
9 256
9 257
9 259
9 265
9 268
9 270
9 277
9 287
10 11
10 39
10 41
10 44
10 48
10 51
10 61
10 65
10 72
10 73
10 77
10 83
10 84
10 85
10 86
10 89
10 91
10 93
10 95
10 97
10 102
10 105
10 114
10 115
10 117
10 121
10 128
10 148
10 153
10 154
10 165
10 168
10 172
10 177
10 189
10 201
10 211
10 212
10 215
10 221
10 224
10 228
10 231
10 232
10 236
10 249
10 250
10 255
10 262
10 266
10 271
10 272
10 277
10 289
10 290
10 294
11 13
11 15
11 16
11 17
11 25
11 34
11 44
11 62
11 64
11 66
11 67
11 70
11 71
11 72
11 79
11 82
11 87
11 89
11 94
11 103
11 108
11 110
11 111
11 113
11 117
11 122
11 123
11 124
11 126
11 128
11 131
11 132
11 144
11 145
11 151
11 152
11 153
11 159
11 168
11 169
11 173
11 175
11 176
11 177
11 183
11 189
11 191
11 194
11 197
11 201
11 202
11 204
11 207
11 211
11 212
11 214
11 215
11 218
11 224
11 225
11 229
11 231
11 232
11 240
11 244
11 246
11 256
11 257
11 261
11 264
11 266
11 267
11 271
11 276
11 286
11 294
11 295
11 298
12 13
12 16
12 18
12 21
12 25
12 26
12 38
12 39
12 41
12 42
12 49
12 52
12 56
12 58
12 60
12 63
12 65
12 71
12 75
12 78
12 81
12 89
12 90
12 95
12 110
12 113
12 114
12 115
12 117
12 118
12 119
12 121
12 143
12 150
12 156
12 168
12 169
12 177
12 180
12 181
12 183
12 186
12 191
12 195
12 196
12 203
12 209
12 211
12 218
12 220
12 222
12 227
12 231
12 242
12 249
12 257
12 264
12 273
12 279
12 283
12 284
12 291
12 293
12 295
13 14
13 19
13 20
13 21
13 26
13 28
13 47
13 51
13 54
13 73
13 80
13 83
13 84
13 85
13 98
13 99
13 101
13 103
13 118
13 120
13 123
13 128
13 131
13 134
13 136
13 140
13 150
13 163
13 165
13 179
13 181
13 183
13 185
13 186
13 187
13 189
13 192
13 194
13 210
13 224
13 227
13 235
13 241
13 243
13 244
13 245
13 247
13 251
13 255
13 260
13 264
13 265
13 275
13 276
13 278
13 280
13 282
13 285
13 287
13 288
14 19
14 26
14 35
14 37
14 42
14 43
14 46
14 50
14 51
14 54
14 57
14 61
14 69
14 71
14 75
14 76
14 97
14 107
14 116
14 119
14 124
14 126
14 130
14 139
14 145
14 148
14 172
14 179
14 181
14 184
14 191
14 194
14 201
14 202
14 203
14 204
14 208
14 212
14 214
14 217
14 223
14 225
14 227
14 228
14 229
14 230
14 235
14 236
14 238
14 244
14 250
14 252
14 258
14 268
14 276
14 281
14 282
14 288
14 292
14 296
14 297
15 24
15 26
15 27
15 30
15 32
15 33
15 35
15 38
15 41
15 44
15 54
15 55
15 63
15 68
15 71
15 73
15 76
15 85
15 94
15 98
15 99
15 106
15 111
15 117
15 121
15 128
15 129
15 130
15 132
15 136
15 140
15 146
15 164
15 167
15 168
15 169
15 171
15 181
15 186
15 188
15 191
15 211
15 217
15 229
15 235
15 238
15 240
15 244
15 254
15 255
15 260
15 266
15 272
15 285
15 296
15 298
16 17
16 18
16 21
16 38
16 44
16 47
16 48
16 54
16 56
16 61
16 65
16 67
16 75
16 79
16 80
16 87
16 88
16 97
16 110
16 124
16 129
16 130
16 131
16 133
16 135
16 140
16 143
16 150
16 153
16 161
16 175
16 190
16 204
16 206
16 208
16 209
16 212
16 226
16 235
16 243
16 244
16 246
16 250
16 254
16 260
16 271
16 274
16 282
16 292
17 19
17 28
17 34
17 51
17 55
17 57
17 72
17 73
17 74
17 76
17 84
17 94
17 101
17 111
17 118
17 121
17 127
17 131
17 133
17 149
17 155
17 167
17 168
17 172
17 175
17 179
17 182
17 184
17 185
17 194
17 204
17 209
17 212
17 218
17 219
17 223
17 227
17 254
17 263
17 265
17 270
17 275
17 283
17 293
17 297
18 24
18 36
18 41
18 45
18 60
18 72
18 76
18 77
18 78
18 82
18 89
18 92
18 101
18 102
18 106
18 107
18 109
18 112
18 113
18 122
18 125
18 132
18 137
18 143
18 147
18 163
18 174
18 179
18 185
18 208
18 218
18 225
18 251
18 254
18 257
18 263
18 266
18 276
18 285
18 291
18 294
18 299
19 20
19 21
19 31
19 32
19 35
19 37
19 39
19 44
19 46
19 48
19 50
19 51
19 57
19 58
19 59
19 68
19 69
19 79
19 80
19 82
19 84
19 97
19 102
19 105
19 110
19 112
19 117
19 121
19 122
19 123
19 129
19 132
19 138
19 142
19 147
19 153
19 165
19 176
19 181
19 184
19 196
19 197
19 204
19 211
19 213
19 226
19 232
19 236
19 240
19 241
19 242
19 244
19 251
19 264
19 281
19 297
20 28
20 39
20 44
20 46
20 51
20 52
20 53
20 54
20 57
20 58
20 60
20 66
20 79
20 82
20 86
20 90
20 100
20 101
20 112
20 115
20 116
20 127
20 129
20 155
20 156
20 163
20 170
20 178
20 189
20 195
20 199
20 201
20 202
20 203
20 205
20 206
20 214
20 217
20 237
20 240
20 241
20 246
20 247
20 248
20 252
20 265
20 278
20 296
21 22
21 42
21 53
21 56
21 58
21 61
21 63
21 66
21 70
21 75
21 76
21 86
21 98
21 109
21 126
21 134
21 135
21 138
21 143
21 164
21 166
21 175
21 177
21 180
21 181
21 186
21 194
21 198
21 199
21 200
21 210
21 212
21 217
21 218
21 221
21 237
21 251
21 259
21 267
21 270
21 277
21 279
21 284
21 285
21 291
21 292
21 297
21 299
22 24
22 25
22 32
22 34
22 36
22 40
22 47
22 51
22 60
22 63
22 70
22 73
22 78
22 79
22 81
22 108
22 110
22 111
22 127
22 134
22 139
22 141
22 145
22 146
22 148
22 164
22 169
22 178
22 180
22 194
22 208
22 217
22 219
22 220
22 225
22 227
22 236
22 245
22 250
22 251
22 269
22 276
22 277
22 280
22 281
22 286
22 288
22 289
22 294
23 31
23 33
23 35
23 41
23 42
23 45
23 49
23 56
23 57
23 58
23 59
23 60
23 66
23 85
23 92
23 94
23 108
23 120
23 127
23 130
23 136
23 138
23 142
23 143
23 147
23 156
23 162
23 165
23 172
23 182
23 204
23 207
23 217
23 225
23 226
23 229
23 234
23 235
23 243
23 245
23 246
23 260
23 262
23 265
23 266
23 273
23 275
23 283
23 284
23 298
24 26
24 47
24 53
24 61
24 65
24 67
24 82
24 91
24 97
24 99
24 103
24 107
24 123
24 133
24 140
24 143
24 158
24 159
24 164
24 165
24 177
24 181
24 182
24 184
24 198
24 199
24 216
24 217
24 219
24 222
24 223
24 229
24 231
24 232
24 236
24 238
24 243
24 244
24 245
24 253
24 261
24 274
24 275
24 277
24 280
24 297
25 30
25 31
25 34
25 36
25 37
25 64
25 65
25 70
25 82
25 83
25 86
25 88
25 99
25 102
25 103
25 114
25 117
25 118
25 120
25 130
25 132
25 133
25 135
25 141
25 143
25 147
25 153
25 162
25 167
25 170
25 174
25 177
25 179
25 183
25 186
25 191
25 192
25 215
25 218
25 229
25 230
25 232
25 233
25 235
25 237
25 238
25 242
25 254
25 256
25 266
25 268
25 274
25 281
25 286
25 291
25 295
26 29
26 41
26 42
26 44
26 45
26 56
26 57
26 58
26 71
26 76
26 83
26 89
26 91
26 94
26 95
26 97
26 103
26 108
26 112
26 114
26 119
26 122
26 124
26 134
26 137
26 142
26 145
26 154
26 167
26 172
26 182
26 184
26 193
26 199
26 201
26 206
26 210
26 211
26 212
26 214
26 222
26 226
26 228
26 233
26 236
26 252
26 262
26 272
26 276
26 282
26 283
26 288
26 290
27 29
27 37
27 41
27 42
27 43
27 46
27 50
27 51
27 55
27 64
27 65
27 76
27 77
27 83
27 84
27 85
27 86
27 100
27 101
27 103
27 116
27 125
27 137
27 147
27 151
27 159
27 184
27 185
27 190
27 194
27 199
27 205
27 208
27 210
27 213
27 216
27 217
27 221
27 232
27 235
27 243
27 250
27 253
27 256
27 258
27 260
27 265
27 267
27 268
27 276
27 279
27 280
27 283
27 287
27 296
28 34
28 36
28 52
28 59
28 61
28 62
28 64
28 68
28 87
28 93
28 94
28 96
28 98
28 99
28 102
28 116
28 124
28 135
28 151
28 160
28 166
28 167
28 169
28 171
28 177
28 185
28 186
28 189
28 194
28 201
28 203
28 204
28 205
28 208
28 209
28 213
28 216
28 218
28 222
28 226
28 227
28 234
28 237
28 244
28 245
28 247
28 249
28 253
28 254
28 257
28 260
28 268
28 270
28 274
28 281
28 286
28 288
28 289
28 290
28 291
28 292
29 30
29 40
29 43
29 44
29 49
29 54
29 59
29 62
29 64
29 69
29 71
29 104
29 107
29 108
29 133
29 135
29 140
29 141
29 148
29 151
29 159
29 166
29 168
29 169
29 171
29 177
29 180
29 190
29 191
29 193
29 201
29 215
29 222
29 225
29 235
29 237
29 238
29 243
29 245
29 248
29 249
29 253
29 260
29 265
29 267
29 277
29 278
29 281
29 284
29 288
29 289
29 298
30 31
30 32
30 35
30 46
30 47
30 55
30 56
30 63
30 75
30 83
30 84
30 91
30 102
30 108
30 109
30 112
30 126
30 127
30 128
30 145
30 152
30 156
30 161
30 168
30 174
30 176
30 179
30 181
30 182
30 183
30 184
30 185
30 187
30 191
30 206
30 208
30 213
30 220
30 221
30 224
30 230
30 257
30 258
30 269
30 274
30 276
30 279
30 283
30 293
31 36
31 43
31 49
31 58
31 59
31 63
31 64
31 67
31 70
31 72
31 75
31 83
31 86
31 100
31 103
31 105
31 106
31 109
31 114
31 119
31 129
31 137
31 138
31 144
31 146
31 150
31 153
31 155
31 159
31 165
31 172
31 175
31 179
31 201
31 207
31 210
31 218
31 238
31 244
31 248
31 250
31 258
31 263
31 264
31 265
31 272
31 274
31 277
31 280
31 288
31 290
31 292
31 297
32 39
32 43
32 46
32 47
32 57
32 59
32 61
32 63
32 72
32 81
32 87
32 89
32 91
32 97
32 106
32 108
32 111
32 123
32 126
32 134
32 142
32 152
32 157
32 171
32 177
32 180
32 185
32 190
32 191
32 193
32 201
32 205
32 217
32 226
32 228
32 230
32 231
32 236
32 238
32 241
32 245
32 255
32 261
32 263
32 269
32 270
32 272
32 275
32 282
32 286
32 289
32 291
32 294
33 48
33 53
33 54
33 62
33 63
33 70
33 72
33 73
33 77
33 79
33 87
33 88
33 91
33 112
33 123
33 125
33 129
33 131
33 136
33 137
33 139
33 150
33 154
33 164
33 177
33 178
33 180
33 183
33 194
33 224
33 225
33 227
33 228
33 234
33 238
33 240
33 242
33 244
33 247
33 255
33 258
33 262
33 264
33 267
33 269
33 276
33 279
33 286
33 294
33 297
34 39
34 42
34 43
34 47
34 59
34 65
34 69
34 73
34 78
34 82
34 89
34 90
34 99
34 105
34 124
34 130
34 133
34 142
34 143
34 153
34 160
34 163
34 168
34 173
34 178
34 182
34 186
34 187
34 189
34 202
34 209
34 210
34 213
34 215
34 218
34 222
34 228
34 245
34 246
34 256
34 270
34 272
34 273
34 289
34 290
34 293
35 40
35 44
35 45
35 46
35 56
35 60
35 65
35 70
35 75
35 81
35 87
35 88
35 98
35 100
35 116
35 117
35 128
35 143
35 144
35 150
35 153
35 154
35 158
35 161
35 163
35 165
35 167
35 174
35 180
35 183
35 186
35 188
35 196
35 201
35 206
35 209
35 217
35 220
35 225
35 243
35 246
35 247
35 261
35 271
35 274
35 280
35 293
35 295
35 298
35 299
36 39
36 45
36 49
36 55
36 66
36 68
36 72
36 73
36 77
36 78
36 81
36 86
36 87
36 89
36 93
36 94
36 96
36 99
36 103
36 107
36 115
36 117
36 120
36 121
36 124
36 131
36 135
36 138
36 139
36 140
36 154
36 155
36 164
36 165
36 170
36 172
36 183
36 186
36 189
36 192
36 198
36 200
36 204
36 205
36 217
36 218
36 220
36 235
36 239
36 244
36 259
36 282
36 285
36 288
36 289
36 297
37 40
37 54
37 60
37 63
37 71
37 81
37 86
37 87
37 91
37 100
37 101
37 104
37 108
37 111
37 112
37 113
37 117
37 123
37 124
37 138
37 168
37 169
37 170
37 172
37 175
37 176
37 178
37 186
37 187
37 188
37 192
37 196
37 198
37 208
37 217
37 218
37 221
37 222
37 224
37 226
37 232
37 238
37 250
37 251
37 252
37 255
37 256
37 259
37 264
37 265
37 269
37 273
37 275
37 279
37 280
37 288
37 289
37 293
37 295
38 44
38 47
38 50
38 53
38 66
38 73
38 94
38 98
38 103
38 109
38 120
38 122
38 124
38 127
38 130
38 133
38 134
38 135
38 141
38 155
38 166
38 167
38 169
38 170
38 175
38 178
38 181
38 182
38 188
38 190
38 191
38 197
38 199
38 201
38 202
38 204
38 217
38 218
38 225
38 228
38 235
38 239
38 240
38 242
38 249
38 252
38 261
38 262
38 264
38 269
38 277
38 281
38 283
38 295
39 41
39 42
39 43
39 46
39 47
39 54
39 63
39 65
39 71
39 78
39 80
39 93
39 98
39 103
39 105
39 108
39 111
39 116
39 118
39 122
39 129
39 130
39 139
39 145
39 152
39 157
39 162
39 168
39 169
39 170
39 173
39 176
39 179
39 184
39 193
39 197
39 204
39 205
39 207
39 218
39 224
39 229
39 237
39 240
39 245
39 246
39 248
39 249
39 251
39 257
39 259
39 262
39 265
39 269
39 270
39 272
39 281
39 288
39 290
39 293
39 296
39 299
40 41
40 45
40 53
40 61
40 63
40 68
40 70
40 74
40 75
40 82
40 84
40 86
40 93
40 96
40 98
40 105
40 106
40 109
40 114
40 125
40 130
40 132
40 133
40 134
40 139
40 141
40 143
40 145
40 151
40 164
40 189
40 193
40 207
40 213
40 214
40 215
40 217
40 223
40 231
40 232
40 235
40 238
40 248
40 250
40 253
40 257
40 260
40 267
40 269
40 273
40 276
40 280
40 281
40 289
40 290
40 293
40 294
40 297
40 298
41 45
41 46
41 51
41 54
41 60
41 63
41 73
41 76
41 81
41 85
41 86
41 87
41 88
41 92
41 94
41 108
41 124
41 129
41 132
41 139
41 148
41 150
41 157
41 161
41 164
41 170
41 171
41 181
41 186
41 191
41 197
41 202
41 204
41 214
41 215
41 223
41 233
41 234
41 242
41 243
41 245
41 247
41 251
41 254
41 262
41 275
41 279
41 283
41 287
41 290
41 297
41 298
42 43
42 45
42 58
42 65
42 67
42 74
42 76
42 81
42 89
42 94
42 95
42 99
42 101
42 106
42 110
42 120
42 122
42 128
42 131
42 135
42 140
42 141
42 145
42 151
42 152
42 154
42 157
42 166
42 172
42 173
42 188
42 197
42 198
42 199
42 203
42 210
42 213
42 222
42 225
42 231
42 232
42 233
42 235
42 241
42 247
42 248
42 263
42 268
42 273
42 279
42 283
42 286
43 57
43 59
43 65
43 73
43 83
43 85
43 96
43 101
43 105
43 117
43 129
43 130
43 134
43 135
43 143
43 162
43 165
43 172
43 185
43 194
43 195
43 197
43 199
43 204
43 206
43 212
43 217
43 232
43 234
43 245
43 250
43 271
43 278
43 287
43 292
43 295
43 296
43 298
44 46
44 54
44 56
44 71
44 96
44 98
44 108
44 110
44 113
44 130
44 132
44 134
44 136
44 139
44 142
44 155
44 158
44 164
44 182
44 192
44 203
44 205
44 206
44 212
44 216
44 218
44 219
44 227
44 236
44 243
44 254
44 255
44 260
44 264
44 268
44 269
44 270
44 275
44 276
44 277
44 278
44 288
44 289
44 294
45 47
45 52
45 55
45 62
45 64
45 68
45 72
45 85
45 86
45 88
45 116
45 119
45 120
45 122
45 123
45 130
45 144
45 145
45 149
45 151
45 156
45 159
45 164
45 165
45 173
45 188
45 191
45 194
45 207
45 213
45 216
45 217
45 219
45 237
45 243
45 247
45 249
45 250
45 252
45 254
45 262
45 268
45 291
46 48
46 50
46 51
46 64
46 75
46 77
46 78
46 79
46 82
46 83
46 89
46 100
46 103
46 109
46 110
46 116
46 117
46 118
46 121
46 127
46 134
46 140
46 156
46 158
46 159
46 160
46 166
46 173
46 177
46 179
46 181
46 187
46 192
46 204
46 209
46 211
46 213
46 214
46 216
46 217
46 220
46 226
46 227
46 229
46 231
46 232
46 238
46 245
46 247
46 252
46 255
46 256
46 261
46 265
46 271
46 277
46 287
46 288
46 295
47 49
47 51
47 73
47 76
47 89
47 92
47 94
47 99
47 101
47 103
47 105
47 113
47 128
47 137
47 140
47 141
47 145
47 155
47 156
47 160
47 163
47 164
47 168
47 169
47 171
47 172
47 174
47 180
47 181
47 183
47 191
47 193
47 204
47 206
47 207
47 208
47 213
47 215
47 224
47 226
47 229
47 238
47 239
47 253
47 254
47 266
47 269
47 277
47 296
48 55
48 58
48 60
48 61
48 63
48 67
48 81
48 84
48 88
48 97
48 100
48 110
48 111
48 115
48 147
48 148
48 153
48 160
48 161
48 166
48 167
48 169
48 172
48 174
48 175
48 178
48 179
48 181
48 192
48 200
48 205
48 206
48 225
48 227
48 231
48 233
48 235
48 246
48 268
48 276
48 279
48 286
48 297
49 50
49 52
49 55
49 61
49 62
49 68
49 74
49 77
49 90
49 108
49 125
49 126
49 128
49 130
49 145
49 151
49 156
49 160
49 161
49 166
49 167
49 172
49 175
49 177
49 178
49 179
49 181
49 188
49 192
49 199
49 200
49 206
49 207
49 208
49 211
49 212
49 213
49 219
49 220
49 228
49 241
49 242
49 246
49 253
49 257
49 258
49 259
49 269
49 271
49 274
49 281
49 282
49 295
49 298
50 51
50 55
50 56
50 57
50 59
50 73
50 75
50 76
50 77
50 86
50 88
50 102
50 108
50 110
50 113
50 119
50 127
50 132
50 140
50 153
50 155
50 164
50 166
50 173
50 175
50 177
50 194
50 197
50 199
50 219
50 221
50 225
50 228
50 229
50 238
50 249
50 252
50 258
50 259
50 261
50 266
50 267
50 273
50 277
50 282
50 286
50 287
51 61
51 76
51 77
51 78
51 83
51 89
51 91
51 93
51 96
51 101
51 102
51 105
51 120
51 122
51 126
51 127
51 131
51 137
51 139
51 142
51 152
51 154
51 157
51 160
51 164
51 178
51 181
51 187
51 192
51 201
51 202
51 204
51 219
51 223
51 227
51 228
51 235
51 236
51 242
51 246
51 247
51 251
51 254
51 262
51 263
51 270
51 279
51 284
51 285
51 287
51 291
51 294
51 299
52 53
52 58
52 66
52 70
52 79
52 84
52 94
52 101
52 113
52 121
52 123
52 130
52 134
52 135
52 139
52 147
52 150
52 151
52 160
52 162
52 173
52 178
52 185
52 193
52 196
52 202
52 204
52 208
52 212
52 214
52 216
52 224
52 232
52 234
52 253
52 254
52 256
52 258
52 271
52 272
52 274
52 276
52 279
52 289
53 57
53 64
53 72
53 88
53 91
53 95
53 105
53 109
53 127
53 128
53 138
53 153
53 154
53 156
53 162
53 163
53 164
53 168
53 171
53 178
53 187
53 188
53 194
53 203
53 204
53 205
53 208
53 211
53 212
53 214
53 225
53 226
53 238
53 241
53 250
53 252
53 263
53 264
53 267
53 279
53 284
53 287
53 289
53 293
53 297
54 67
54 70
54 80
54 86
54 96
54 97
54 100
54 103
54 105
54 109
54 119
54 129
54 130
54 134
54 144
54 149
54 153
54 155
54 159
54 160
54 161
54 169
54 178
54 183
54 185
54 186
54 187
54 205
54 208
54 211
54 217
54 218
54 226
54 227
54 228
54 234
54 237
54 250
54 251
54 258
54 259
54 260
54 270
54 271
54 274
54 275
54 287
54 288
54 290
54 298
55 56
55 57
55 63
55 64
55 65
55 79
55 82
55 86
55 94
55 97
55 106
55 115
55 123
55 125
55 129
55 130
55 132
55 139
55 140
55 145
55 149
55 153
55 160
55 163
55 164
55 176
55 178
55 181
55 186
55 187
55 199
55 206
55 207
55 223
55 226
55 228
55 233
55 240
55 241
55 245
55 247
55 248
55 249
55 257
55 260
55 262
55 265
55 275
55 279
55 283
56 57
56 58
56 61
56 62
56 65
56 67
56 78
56 81
56 82
56 83
56 85
56 98
56 105
56 125
56 129
56 132
56 142
56 147
56 164
56 169
56 176
56 177
56 180
56 191
56 199
56 204
56 218
56 219
56 223
56 226
56 228
56 233
56 234
56 235
56 236
56 238
56 240
56 241
56 244
56 253
56 254
56 257
56 259
56 263
56 269
56 276
56 277
56 280
56 296
56 299
57 59
57 62
57 71
57 73
57 74
57 76
57 77
57 85
57 88
57 94
57 96
57 99
57 101
57 104
57 125
57 127
57 134
57 137
57 139
57 140
57 144
57 150
57 151
57 154
57 158
57 163
57 174
57 180
57 197
57 199
57 200
57 203
57 209
57 218
57 224
57 235
57 236
57 239
57 241
57 242
57 248
57 251
57 258
57 278
57 279
57 280
57 290
57 291
57 292
57 295
58 63
58 66
58 68
58 71
58 74
58 82
58 85
58 90
58 91
58 92
58 99
58 110
58 111
58 112
58 124
58 132
58 136
58 137
58 139
58 140
58 145
58 151
58 154
58 158
58 161
58 175
58 182
58 185
58 196
58 200
58 209
58 212
58 217
58 220
58 224
58 227
58 232
58 235
58 236
58 246
58 250
58 254
58 257
58 258
58 261
58 265
58 266
58 270
58 275
58 282
58 291
59 67
59 68
59 75
59 92
59 110
59 112
59 114
59 119
59 129
59 154
59 159
59 162
59 165
59 172
59 184
59 188
59 191
59 197
59 200
59 201
59 205
59 208
59 215
59 222
59 224
59 232
59 237
59 239
59 261
59 263
59 271
59 272
59 273
59 275
59 278
59 279
59 281
59 283
59 286
59 289
59 292
59 299
60 74
60 77
60 84
60 90
60 98
60 101
60 104
60 119
60 120
60 129
60 130
60 135
60 142
60 151
60 152
60 154
60 163
60 165
60 171
60 174
60 176
60 182
60 183
60 199
60 201
60 202
60 203
60 209
60 210
60 217
60 223
60 224
60 234
60 237
60 238
60 242
60 249
60 254
60 269
60 273
60 288
60 289
60 290
60 295
60 296
61 78
61 82
61 89
61 90
61 96
61 103
61 108
61 118
61 120
61 126
61 127
61 131
61 139
61 146
61 151
61 155
61 159
61 161
61 164
61 173
61 184
61 192
61 211
61 213
61 228
61 230
61 235
61 236
61 248
61 250
61 251
61 253
61 254
61 256
61 263
61 265
61 266
61 267
61 274
61 276
61 279
61 292
61 293
62 63
62 64
62 67
62 68
62 69
62 77
62 78
62 79
62 85
62 99
62 103
62 106
62 107
62 113
62 118
62 124
62 133
62 139
62 141
62 145
62 168
62 172
62 186
62 194
62 200
62 205
62 209
62 215
62 218
62 222
62 223
62 224
62 228
62 240
62 245
62 247
62 248
62 255
62 257
62 258
62 274
62 275
62 277
62 281
62 283
62 284
62 289
62 290
62 292
62 294
62 299
63 65
63 67
63 71
63 74
63 87
63 100
63 105
63 108
63 115
63 120
63 130
63 141
63 161
63 162
63 165
63 169
63 173
63 181
63 189
63 191
63 208
63 214
63 217
63 221
63 222
63 231
63 234
63 238
63 248
63 252
63 255
63 257
63 269
63 271
63 277
63 283
63 288
63 299
64 68
64 70
64 72
64 80
64 81
64 84
64 88
64 91
64 106
64 119
64 121
64 131
64 140
64 148
64 152
64 157
64 169
64 172
64 176
64 177
64 179
64 188
64 190
64 197
64 199
64 203
64 210
64 212
64 219
64 227
64 228
64 235
64 236
64 239
64 241
64 243
64 247
64 251
64 256
64 257
64 259
64 261
64 262
64 264
64 271
64 275
64 285
64 287
64 290
64 294
64 297
65 83
65 85
65 106
65 113
65 119
65 125
65 132
65 135
65 142
65 152
65 153
65 155
65 157
65 159
65 160
65 166
65 170
65 174
65 198
65 199
65 212
65 213
65 233
65 235
65 239
65 245
65 251
65 254
65 256
65 260
65 261
65 262
65 273
65 279
65 280
65 283
65 284
65 290
65 296
65 299
66 72
66 88
66 90
66 95
66 96
66 103
66 105
66 109
66 113
66 115
66 116
66 117
66 124
66 128
66 141
66 143
66 153
66 162
66 174
66 178
66 179
66 181
66 192
66 195
66 196
66 197
66 198
66 200
66 201
66 207
66 209
66 215
66 225
66 233
66 234
66 236
66 238
66 242
66 254
66 258
66 261
66 264
66 270
66 271
66 273
66 275
66 276
66 277
66 279
66 280
66 295
66 298
67 79
67 83
67 84
67 89
67 95
67 113
67 115
67 118
67 119
67 120
67 126
67 128
67 136
67 138
67 146
67 153
67 154
67 156
67 159
67 162
67 179
67 188
67 189
67 199
67 203
67 204
67 205
67 217
67 220
67 226
67 232
67 239
67 244
67 246
67 253
67 257
67 262
67 266
67 267
67 270
67 277
67 281
67 284
67 285
67 286
67 294
67 295
68 73
68 74
68 75
68 77
68 81
68 82
68 87
68 94
68 96
68 97
68 98
68 102
68 104
68 107
68 111
68 113
68 116
68 121
68 126
68 134
68 146
68 149
68 151
68 153
68 156
68 168
68 171
68 183
68 184
68 187
68 195
68 199
68 200
68 203
68 207
68 211
68 220
68 231
68 252
68 258
68 261
68 265
68 270
68 271
68 275
68 283
68 286
68 290
68 292
68 294
68 297
69 70
69 73
69 78
69 80
69 81
69 85
69 93
69 94
69 95
69 96
69 97
69 100
69 119
69 128
69 129
69 137
69 153
69 154
69 155
69 156
69 158
69 169
69 175
69 184
69 185
69 190
69 191
69 193
69 194
69 196
69 202
69 203
69 206
69 213
69 218
69 223
69 238
69 242
69 244
69 250
69 252
69 253
69 264
69 272
69 273
69 286
69 287
69 288
69 290
69 291
69 293
70 72
70 83
70 95
70 106
70 110
70 117
70 124
70 134
70 144
70 148
70 155
70 159
70 160
70 165
70 173
70 178
70 180
70 182
70 189
70 192
70 201
70 208
70 217
70 222
70 225
70 232
70 235
70 239
70 240
70 242
70 246
70 251
70 254
70 260
70 263
70 266
70 268
70 269
70 279
70 283
70 290
70 299
71 74
71 90
71 92
71 96
71 97
71 98
71 102
71 111
71 119
71 135
71 137
71 140
71 145
71 150
71 153
71 170
71 171
71 189
71 200
71 205
71 206
71 208
71 210
71 212
71 231
71 234
71 237
71 243
71 244
71 258
71 265
71 266
71 267
71 268
71 274
71 280
71 284
71 288
71 289
71 292
71 295
72 75
72 77
72 84
72 94
72 99
72 111
72 118
72 123
72 130
72 132
72 135
72 137
72 144
72 147
72 150
72 152
72 153
72 154
72 156
72 160
72 167
72 168
72 178
72 182
72 183
72 189
72 196
72 197
72 204
72 216
72 221
72 223
72 231
72 239
72 244
72 247
72 248
72 254
72 255
72 261
72 264
72 268
72 275
72 277
72 279
72 284
72 290
72 293
73 76
73 93
73 99
73 108
73 109
73 118
73 126
73 128
73 129
73 130
73 131
73 136
73 139
73 140
73 147
73 152
73 155
73 166
73 167
73 173
73 176
73 181
73 189
73 193
73 197
73 207
73 213
73 215
73 218
73 221
73 223
73 241
73 245
73 252
73 254
73 256
73 272
73 284
73 286
73 287
73 290
73 296
73 298
74 76
74 84
74 85
74 87
74 89
74 98
74 110
74 116
74 125
74 126
74 129
74 131
74 133
74 144
74 149
74 153
74 158
74 160
74 162
74 176
74 182
74 188
74 195
74 197
74 200
74 201
74 205
74 206
74 207
74 226
74 229
74 231
74 236
74 244
74 252
74 256
74 259
74 265
74 275
74 278
74 281
74 286
74 292
75 78
75 79
75 91
75 92
75 93
75 117
75 120
75 123
75 124
75 126
75 131
75 133
75 137
75 142
75 155
75 161
75 164
75 170
75 171
75 182
75 184
75 190
75 192
75 208
75 209
75 213
75 217
75 222
75 234
75 241
75 242
75 244
75 249
75 257
75 259
75 262
75 265
75 267
75 269
75 276
75 278
75 281
75 284
75 289
76 85
76 91
76 96
76 104
76 107
76 118
76 128
76 129
76 130
76 136
76 154
76 164
76 165
76 166
76 172
76 184
76 187
76 188
76 207
76 210
76 214
76 215
76 218
76 221
76 226
76 237
76 246
76 258
76 271
76 274
76 275
76 278
76 279
76 294
77 90
77 97
77 100
77 102
77 118
77 120
77 122
77 124
77 125
77 154
77 157
77 163
77 165
77 172
77 179
77 187
77 200
77 202
77 208
77 212
77 213
77 215
77 216
77 221
77 223
77 226
77 274
77 284
77 285
78 86
78 89
78 100
78 101
78 116
78 120
78 126
78 127
78 136
78 139
78 142
78 144
78 147
78 148
78 151
78 152
78 153
78 158
78 159
78 171
78 173
78 174
78 179
78 187
78 188
78 192
78 193
78 197
78 212
78 213
78 215
78 228
78 231
78 237
78 243
78 248
78 249
78 254
78 259
78 260
78 264
78 266
78 270
78 273
78 298
78 299
79 87
79 90
79 91
79 92
79 94
79 96
79 110
79 125
79 132
79 134
79 140
79 141
79 148
79 155
79 161
79 166
79 167
79 177
79 179
79 185
79 188
79 189
79 190
79 193
79 196
79 199
79 205
79 207
79 215
79 217
79 223
79 230
79 235
79 245
79 247
79 250
79 251
79 253
79 257
79 265
79 275
79 276
79 282
79 283
79 286
79 287
79 292
79 293
79 294
79 299
80 92
80 94
80 100
80 103
80 108
80 114
80 121
80 124
80 126
80 138
80 139
80 142
80 151
80 158
80 162
80 169
80 170
80 173
80 177
80 178
80 180
80 182
80 184
80 189
80 196
80 204
80 205
80 216
80 222
80 223
80 232
80 237
80 238
80 242
80 243
80 244
80 246
80 251
80 253
80 256
80 258
80 269
80 270
80 275
80 276
80 279
80 280
80 284
80 287
80 289
80 291
80 293
80 295
81 88
81 91
81 96
81 101
81 109
81 112
81 116
81 117
81 119
81 122
81 131
81 143
81 149
81 171
81 173
81 175
81 176
81 182
81 185
81 198
81 201
81 202
81 204
81 205
81 212
81 213
81 214
81 220
81 223
81 224
81 225
81 232
81 239
81 245
81 247
81 259
81 260
81 263
81 268
81 273
81 274
81 290
81 291
81 294
82 84
82 91
82 93
82 95
82 97
82 119
82 124
82 131
82 135
82 147
82 155
82 159
82 170
82 172
82 174
82 183
82 184
82 186
82 189
82 190
82 192
82 199
82 205
82 206
82 209
82 212
82 213
82 215
82 216
82 220
82 221
82 226
82 227
82 235
82 241
82 244
82 251
82 252
82 258
82 259
82 262
82 267
82 273
82 279
82 280
82 286
82 290
83 92
83 112
83 117
83 127
83 129
83 131
83 144
83 155
83 158
83 160
83 170
83 172
83 174
83 175
83 177
83 181
83 184
83 185
83 189
83 192
83 193
83 195
83 220
83 221
83 222
83 238
83 239
83 242
83 258
83 261
83 264
83 265
83 276
83 280
83 284
83 292
83 294
83 295
83 297
83 298
84 89
84 91
84 94
84 98
84 101
84 106
84 110
84 111
84 115
84 118
84 124
84 127
84 134
84 135
84 139
84 141
84 150
84 161
84 164
84 179
84 192
84 202
84 204
84 207
84 216
84 218
84 224
84 226
84 233
84 237
84 243
84 246
84 251
84 252
84 255
84 258
84 263
84 264
84 270
84 275
84 279
84 285
84 292
84 295
84 297
85 87
85 102
85 117
85 126
85 131
85 133
85 138
85 152
85 156
85 163
85 168
85 169
85 174
85 176
85 180
85 181
85 183
85 187
85 202
85 210
85 211
85 220
85 224
85 225
85 227
85 232
85 234
85 236
85 237
85 239
85 244
85 245
85 247
85 250
85 255
85 256
85 260
85 267
85 272
85 274
85 275
85 276
85 283
85 284
85 288
86 90
86 100
86 105
86 111
86 113
86 114
86 117
86 121
86 130
86 132
86 133
86 139
86 143
86 152
86 153
86 164
86 167
86 174
86 176
86 179
86 180
86 187
86 188
86 190
86 194
86 205
86 206
86 230
86 240
86 246
86 253
86 259
86 271
86 285
86 291
86 293
86 296
86 298
87 88
87 89
87 94
87 98
87 102
87 103
87 105
87 109
87 113
87 116
87 124
87 133
87 136
87 137
87 156
87 159
87 167
87 170
87 175
87 188
87 192
87 196
87 205
87 208
87 212
87 214
87 222
87 233
87 243
87 252
87 254
87 258
87 259
87 260
87 261
87 262
87 266
87 270
87 273
87 279
87 287
88 96
88 101
88 104
88 105
88 109
88 112
88 114
88 117
88 120
88 121
88 123
88 125
88 129
88 144
88 146
88 152
88 159
88 163
88 171
88 175
88 177
88 189
88 190
88 194
88 200
88 206
88 208
88 219
88 221
88 224
88 238
88 241
88 258
88 271
88 272
88 280
88 284
88 289
88 295
89 90
89 91
89 104
89 109
89 112
89 113
89 117
89 120
89 123
89 129
89 131
89 134
89 136
89 138
89 146
89 147
89 150
89 156
89 157
89 160
89 165
89 174
89 176
89 178
89 187
89 188
89 189
89 192
89 193
89 197
89 199
89 202
89 211
89 220
89 231
89 233
89 237
89 246
89 247
89 251
89 255
89 256
89 260
89 267
89 270
89 279
89 281
89 288
89 296
90 94
90 96
90 98
90 101
90 105
90 113
90 114
90 120
90 124
90 125
90 127
90 133
90 136
90 138
90 139
90 154
90 165
90 172
90 173
90 185
90 186
90 187
90 190
90 197
90 202
90 205
90 213
90 216
90 219
90 232
90 235
90 236
90 237
90 242
90 245
90 247
90 252
90 256
90 257
90 258
90 259
90 263
90 271
90 273
90 279
90 282
90 284
90 287
90 288
90 292
90 296
90 297
90 299
91 92
91 100
91 101
91 102
91 105
91 110
91 113
91 114
91 120
91 124
91 125
91 129
91 137
91 141
91 142
91 143
91 152
91 156
91 161
91 162
91 163
91 165
91 179
91 183
91 200
91 201
91 208
91 217
91 223
91 225
91 228
91 232
91 238
91 246
91 247
91 248
91 253
91 257
91 260
91 264
91 265
91 268
91 269
91 273
91 282
91 288
91 289
91 293
92 95
92 99
92 103
92 108
92 113
92 115
92 118
92 121
92 125
92 130
92 137
92 148
92 150
92 154
92 171
92 185
92 189
92 190
92 191
92 197
92 199
92 201
92 202
92 203
92 204
92 207
92 213
92 220
92 222
92 223
92 225
92 227
92 229
92 233
92 238
92 239
92 246
92 247
92 257
92 262
92 264
92 267
92 269
92 272
92 286
92 289
92 290
92 297
93 95
93 103
93 105
93 106
93 109
93 110
93 113
93 116
93 123
93 130
93 134
93 148
93 154
93 159
93 160
93 165
93 169
93 177
93 178
93 192
93 193
93 199
93 202
93 209
93 210
93 220
93 242
93 246
93 251
93 255
93 263
93 264
93 266
93 271
93 281
93 283
93 286
93 290
93 291
93 293
94 99
94 100
94 101
94 103
94 109
94 110
94 112
94 124
94 127
94 143
94 144
94 152
94 153
94 155
94 158
94 159
94 162
94 175
94 176
94 185
94 187
94 188
94 189
94 191
94 195
94 199
94 202
94 203
94 213
94 218
94 224
94 225
94 242
94 247
94 257
94 263
94 269
94 277
94 282
94 294
95 98
95 101
95 102
95 104
95 108
95 116
95 117
95 118
95 119
95 121
95 127
95 131
95 133
95 134
95 141
95 172
95 178
95 185
95 192
95 193
95 198
95 207
95 211
95 212
95 218
95 225
95 239
95 243
95 245
95 254
95 256
95 259
95 260
95 261
95 263
95 265
95 271
95 279
95 286
95 296
95 298
96 102
96 103
96 105
96 110
96 111
96 116
96 122
96 128
96 134
96 138
96 139
96 141
96 142
96 143
96 145
96 154
96 169
96 170
96 171
96 186
96 192
96 195
96 197
96 201
96 207
96 214
96 221
96 225
96 228
96 243
96 244
96 245
96 246
96 249
96 255
96 261
96 271
96 273
96 290
96 294
96 296
96 297
96 298
97 100
97 113
97 118
97 127
97 128
97 135
97 140
97 143
97 150
97 155
97 162
97 169
97 172
97 174
97 183
97 185
97 207
97 211
97 212
97 213
97 214
97 215
97 217
97 218
97 224
97 237
97 258
97 261
97 262
97 263
97 273
97 274
97 278
97 279
97 280
97 283
97 284
97 292
97 295
98 110
98 112
98 115
98 116
98 127
98 134
98 136
98 154
98 156
98 162
98 179
98 182
98 184
98 193
98 195
98 200
98 202
98 208
98 209
98 213
98 216
98 220
98 222
98 225
98 231
98 233
98 234
98 257
98 260
98 263
98 276
98 294
99 102
99 110
99 111
99 125
99 128
99 133
99 135
99 140
99 141
99 159
99 179
99 182
99 188
99 191
99 193
99 200
99 209
99 213
99 217
99 220
99 243
99 252
99 253
99 255
99 258
99 265
99 281
99 287
99 296
99 297
99 298
100 102
100 105
100 112
100 115
100 116
100 117
100 119
100 123
100 124
100 126
100 127
100 135
100 156
100 158
100 170
100 171
100 175
100 178
100 179
100 185
100 188
100 190
100 191
100 196
100 198
100 200
100 212
100 214
100 222
100 226
100 227
100 229
100 240
100 243
100 244
100 246
100 265
100 275
100 290
100 291
100 292
100 295
101 103
101 115
101 118
101 122
101 123
101 144
101 149
101 160
101 162
101 174
101 190
101 198
101 199
101 214
101 215
101 220
101 222
101 227
101 236
101 238
101 245
101 246
101 249
101 250
101 253
101 254
101 271
101 276
101 278
101 297
101 298
102 110
102 128
102 131
102 139
102 140
102 141
102 147
102 149
102 160
102 162
102 167
102 169
102 170
102 174
102 175
102 176
102 179
102 182
102 185
102 194
102 198
102 199
102 201
102 204
102 216
102 219
102 224
102 237
102 240
102 241
102 243
102 245
102 247
102 252
102 262
102 266
102 272
102 273
102 275
102 281
102 285
102 290
102 291
102 293
103 104
103 107
103 118
103 126
103 129
103 139
103 142
103 143
103 144
103 150
103 164
103 166
103 170
103 178
103 188
103 190
103 193
103 199
103 202
103 205
103 207
103 211
103 213
103 218
103 220
103 229
103 233
103 234
103 236
103 243
103 249
103 250
103 253
103 260
103 265
103 266
103 268
103 269
103 276
103 280
103 286
103 292
104 105
104 109
104 117
104 118
104 120
104 132
104 142
104 146
104 147
104 149
104 150
104 151
104 154
104 159
104 164
104 173
104 176
104 177
104 187
104 191
104 196
104 198
104 200
104 205
104 207
104 212
104 214
104 217
104 222
104 227
104 233
104 235
104 237
104 240
104 251
104 271
104 280
104 282
104 283
104 290
104 296
104 297
105 112
105 117
105 119
105 123
105 125
105 126
105 135
105 136
105 137
105 159
105 160
105 169
105 171
105 177
105 185
105 189
105 195
105 202
105 203
105 209
105 210
105 213
105 214
105 215
105 221
105 233
105 238
105 244
105 246
105 254
105 256
105 259
105 260
105 276
105 284
105 285
105 289
105 293
105 299
106 108
106 113
106 122
106 125
106 138
106 140
106 149
106 151
106 163
106 164
106 169
106 178
106 179
106 180
106 190
106 194
106 198
106 204
106 207
106 211
106 214
106 218
106 219
106 221
106 222
106 235
106 239
106 240
106 246
106 255
106 266
106 270
106 274
106 275
106 280
106 284
106 287
106 299
107 110
107 114
107 115
107 122
107 139
107 148
107 156
107 159
107 160
107 164
107 169
107 174
107 177
107 183
107 185
107 186
107 193
107 202
107 213
107 222
107 224
107 225
107 234
107 235
107 239
107 242
107 247
107 251
107 255
107 272
107 274
107 281
107 286
107 287
107 292
107 295
108 113
108 115
108 120
108 129
108 135
108 138
108 142
108 145
108 151
108 160
108 161
108 166
108 172
108 174
108 183
108 191
108 192
108 193
108 198
108 204
108 206
108 230
108 236
108 243
108 258
108 267
108 274
108 275
108 276
108 280
108 281
108 289
108 297
108 298
109 111
109 112
109 114
109 115
109 126
109 131
109 134
109 138
109 140
109 141
109 142
109 145
109 146
109 149
109 150
109 152
109 157
109 158
109 159
109 161
109 163
109 168
109 173
109 178
109 181
109 183
109 191
109 192
109 201
109 213
109 214
109 219
109 222
109 254
109 255
109 262
109 265
109 267
109 271
109 272
109 277
109 283
109 286
109 291
109 294
109 298
110 114
110 120
110 126
110 127
110 129
110 130
110 131
110 137
110 156
110 157
110 165
110 167
110 171
110 178
110 182
110 191
110 197
110 200
110 215
110 223
110 232
110 241
110 253
110 266
110 268
110 270
110 273
110 280
110 286
110 288
110 289
110 295
110 297
111 115
111 118
111 122
111 126
111 127
111 128
111 131
111 132
111 133
111 137
111 142
111 146
111 148
111 149
111 151
111 152
111 155
111 157
111 160
111 161
111 166
111 167
111 168
111 171
111 173
111 184
111 188
111 193
111 200
111 202
111 207
111 208
111 209
111 211
111 216
111 218
111 220
111 221
111 226
111 230
111 232
111 243
111 253
111 259
111 262
111 266
111 268
111 280
111 282
111 284
111 291
112 115
112 116
112 126
112 133
112 137
112 139
112 151
112 152
112 159
112 162
112 165
112 171
112 178
112 191
112 200
112 204
112 205
112 207
112 219
112 221
112 227
112 229
112 232
112 241
112 245
112 252
112 260
112 262
112 276
112 280
112 295
113 121
113 128
113 131
113 133
113 152
113 155
113 168
113 170
113 178
113 185
113 198
113 218
113 219
113 221
113 226
113 234
113 241
113 248
113 250
113 251
113 258
113 259
113 263
113 271
113 274
113 283
113 287
113 294
113 295
113 298
114 120
114 121
114 123
114 126
114 134
114 144
114 145
114 149
114 151
114 162
114 169
114 171
114 177
114 179
114 181
114 182
114 184
114 190
114 192
114 213
114 214
114 216
114 221
114 229
114 230
114 246
114 249
114 251
114 257
114 274
114 276
114 277
115 119
115 126
115 132
115 134
115 136
115 138
115 141
115 142
115 146
115 148
115 153
115 159
115 165
115 173
115 176
115 186
115 191
115 201
115 205
115 208
115 211
115 217
115 223
115 230
115 233
115 234
115 239
115 245
115 251
115 253
115 254
115 259
115 260
115 266
115 269
115 271
115 278
115 294
115 295
116 134
116 135
116 140
116 146
116 149
116 157
116 161
116 163
116 168
116 185
116 189
116 193
116 197
116 198
116 204
116 212
116 216
116 224
116 228
116 239
116 244
116 247
116 253
116 268
116 273
116 281
116 289
116 291
116 295
116 296
117 121
117 123
117 139
117 146
117 147
117 152
117 155
117 156
117 157
117 160
117 167
117 170
117 175
117 199
117 202
117 205
117 206
117 207
117 217
117 219
117 220
117 224
117 229
117 230
117 232
117 233
117 241
117 244
117 248
117 255
117 259
117 260
117 264
117 265
117 267
117 268
117 270
117 271
117 275
117 277
117 280
117 281
117 285
117 291
117 294
118 121
118 122
118 127
118 131
118 132
118 137
118 142
118 159
118 168
118 169
118 182
118 185
118 188
118 190
118 195
118 199
118 207
118 214
118 215
118 222
118 225
118 226
118 232
118 240
118 241
118 243
118 247
118 253
118 261
118 269
118 286
118 289
118 290
118 293
118 294
119 125
119 128
119 129
119 131
119 139
119 140
119 143
119 151
119 154
119 155
119 173
119 176
119 180
119 182
119 187
119 190
119 191
119 209
119 220
119 223
119 224
119 242
119 248
119 250
119 251
119 261
119 264
119 271
119 273
119 275
119 280
119 292
119 294
120 123
120 127
120 151
120 161
120 163
120 165
120 172
120 179
120 182
120 192
120 193
120 195
120 199
120 203
120 213
120 214
120 217
120 229
120 231
120 232
120 235
120 236
120 244
120 249
120 254
120 256
120 257
120 261
120 269
120 274
120 279
120 285
120 287
120 288
120 289
120 291
120 292
120 295
121 122
121 137
121 143
121 148
121 160
121 166
121 176
121 177
121 179
121 180
121 183
121 186
121 188
121 191
121 194
121 195
121 197
121 201
121 203
121 222
121 227
121 229
121 235
121 236
121 241
121 242
121 245
121 249
121 251
121 252
121 255
121 261
121 264
121 270
121 271
121 280
121 282
121 283
121 290
121 292
121 293
122 127
122 129
122 133
122 151
122 153
122 156
122 158
122 159
122 160
122 161
122 169
122 170
122 171
122 180
122 183
122 185
122 200
122 201
122 207
122 210
122 231
122 234
122 236
122 238
122 239
122 246
122 252
122 262
122 263
122 268
122 269
122 270
122 271
122 286
122 290
122 293
123 124
123 129
123 141
123 155
123 172
123 175
123 176
123 190
123 194
123 211
123 218
123 219
123 230
123 236
123 246
123 247
123 255
123 257
123 263
123 282
123 287
123 288
123 289
123 294
123 295
123 297
124 126
124 127
124 128
124 131
124 148
124 150
124 153
124 156
124 170
124 171
124 175
124 177
124 185
124 194
124 203
124 215
124 221
124 223
124 232
124 235
124 240
124 255
124 267
124 279
124 280
124 289
124 290
124 293
124 295
125 127
125 128
125 138
125 141
125 146
125 155
125 160
125 165
125 167
125 172
125 176
125 177
125 184
125 190
125 193
125 195
125 201
125 210
125 217
125 221
125 224
125 225
125 226
125 228
125 231
125 240
125 242
125 247
125 252
125 254
125 262
125 272
125 289
125 297
126 130
126 136
126 140
126 146
126 157
126 161
126 163
126 165
126 168
126 171
126 173
126 175
126 176
126 189
126 193
126 214
126 227
126 235
126 236
126 238
126 243
126 262
126 264
126 267
126 277
126 280
126 282
126 288
126 296
127 129
127 143
127 147
127 160
127 164
127 169
127 171
127 172
127 175
127 184
127 185
127 193
127 197
127 204
127 223
127 228
127 232
127 237
127 242
127 246
127 263
127 264
127 267
127 269
127 271
127 272
127 273
127 274
127 295
127 298
128 132
128 139
128 144
128 145
128 146
128 147
128 152
128 153
128 170
128 171
128 172
128 182
128 184
128 189
128 192
128 195
128 208
128 209
128 214
128 221
128 227
128 228
128 235
128 247
128 251
128 253
128 273
128 274
128 275
128 278
128 287
128 291
129 130
129 158
129 159
129 164
129 166
129 174
129 179
129 185
129 187
129 188
129 193
129 195
129 202
129 205
129 207
129 219
129 220
129 223
129 226
129 235
129 237
129 252
129 253
129 255
129 269
129 275
129 282
129 285
129 286
129 289
130 137
130 141
130 147
130 151
130 153
130 154
130 158
130 164
130 165
130 173
130 176
130 181
130 193
130 202
130 204
130 224
130 232
130 237
130 248
130 252
130 253
130 254
130 264
130 276
130 277
130 282
130 286
130 289
130 290
130 293
130 296
131 133
131 143
131 148
131 179
131 183
131 187
131 189
131 192
131 198
131 206
131 208
131 210
131 219
131 226
131 227
131 229
131 230
131 235
131 240
131 247
131 248
131 261
131 266
131 283
131 287
131 294
132 137
132 144
132 145
132 151
132 153
132 154
132 158
132 159
132 160
132 182
132 187
132 190
132 195
132 199
132 203
132 212
132 216
132 220
132 221
132 228
132 232
132 234
132 236
132 238
132 239
132 240
132 244
132 252
132 256
132 267
132 273
132 276
132 280
132 282
132 288
132 291
132 293
133 134
133 136
133 138
133 150
133 151
133 153
133 159
133 163
133 164
133 171
133 172
133 176
133 184
133 188
133 208
133 209
133 221
133 228
133 230
133 231
133 232
133 240
133 242
133 251
133 261
133 266
133 267
133 271
133 272
133 275
133 279
133 283
133 285
133 287
133 289
133 290
133 291
133 293
133 296
134 154
134 157
134 159
134 160
134 164
134 165
134 171
134 172
134 173
134 178
134 180
134 191
134 196
134 200
134 205
134 219
134 220
134 223
134 228
134 239
134 247
134 253
134 262
134 266
134 271
134 274
134 275
134 277
134 278
134 280
134 288
134 295
134 298
135 138
135 146
135 152
135 163
135 168
135 174
135 175
135 178
135 180
135 184
135 185
135 189
135 193
135 194
135 196
135 198
135 202
135 205
135 207
135 211
135 212
135 220
135 222
135 227
135 231
135 233
135 240
135 244
135 247
135 252
135 253
135 259
135 262
135 272
135 276
135 281
135 283
135 288
136 141
136 142
136 147
136 160
136 161
136 163
136 168
136 172
136 174
136 176
136 181
136 182
136 189
136 190
136 194
136 223
136 224
136 240
136 255
136 256
136 259
136 264
136 270
136 274
136 285
136 297
137 139
137 146
137 150
137 152
137 153
137 169
137 173
137 179
137 180
137 182
137 186
137 205
137 206
137 208
137 209
137 219
137 221
137 225
137 227
137 234
137 239
137 248
137 261
137 271
137 274
137 280
137 283
137 288
138 139
138 147
138 149
138 151
138 162
138 166
138 193
138 202
138 203
138 208
138 216
138 223
138 234
138 237
138 239
138 244
138 245
138 250
138 252
138 253
138 254
138 255
138 260
138 269
138 272
138 273
138 278
138 281
138 282
138 283
138 284
138 294
138 296
139 142
139 143
139 153
139 155
139 156
139 166
139 167
139 171
139 172
139 173
139 187
139 193
139 199
139 205
139 207
139 208
139 210
139 213
139 215
139 218
139 226
139 229
139 237
139 238
139 250
139 251
139 254
139 258
139 271
139 272
139 276
139 279
139 280
139 281
139 282
139 286
139 288
139 291
139 299
140 146
140 153
140 157
140 161
140 166
140 173
140 177
140 178
140 180
140 186
140 195
140 200
140 201
140 202
140 223
140 224
140 239
140 241
140 245
140 246
140 247
140 255
140 259
140 260
140 275
140 284
140 287
140 289
140 290
140 296
141 146
141 156
141 160
141 169
141 172
141 177
141 181
141 188
141 200
141 207
141 208
141 224
141 226
141 240
141 247
141 248
141 249
141 252
141 262
141 277
141 287
142 151
142 154
142 155
142 158
142 164
142 168
142 170
142 177
142 182
142 191
142 196
142 201
142 208
142 221
142 234
142 235
142 241
142 250
142 252
142 253
142 261
142 265
142 269
142 272
142 278
142 279
142 291
143 148
143 150
143 152
143 154
143 155
143 158
143 164
143 166
143 167
143 172
143 177
143 179
143 189
143 191
143 195
143 204
143 207
143 209
143 211
143 218
143 227
143 231
143 232
143 234
143 243
143 253
143 258
143 260
143 262
143 263
143 265
143 269
143 285
143 296
144 146
144 152
144 162
144 164
144 175
144 177
144 178
144 181
144 185
144 186
144 187
144 191
144 193
144 195
144 200
144 209
144 212
144 214
144 216
144 224
144 225
144 237
144 243
144 259
144 275
144 279
144 284
144 289
144 290
145 152
145 154
145 160
145 164
145 165
145 166
145 170
145 172
145 183
145 185
145 186
145 188
145 190
145 191
145 197
145 200
145 201
145 202
145 204
145 212
145 215
145 218
145 223
145 225
145 232
145 240
145 241
145 243
145 244
145 252
145 261
145 266
145 268
145 271
145 282
145 286
145 287
145 293
145 296
146 158
146 163
146 169
146 173
146 175
146 178
146 181
146 187
146 188
146 189
146 190
146 192
146 197
146 198
146 209
146 212
146 214
146 224
146 230
146 231
146 232
146 234
146 235
146 244
146 245
146 247
146 253
146 268
146 269
146 284
146 285
146 296
146 299
147 148
147 152
147 153
147 161
147 162
147 164
147 166
147 180
147 193
147 203
147 208
147 210
147 212
147 220
147 231
147 232
147 235
147 243
147 252
147 256
147 263
147 264
147 269
147 276
147 284
147 287
147 288
147 295
147 297
148 155
148 163
148 178
148 182
148 187
148 200
148 202
148 211
148 214
148 222
148 224
148 227
148 236
148 244
148 252
148 255
148 260
148 268
148 274
148 277
148 287
148 290
148 294
149 156
149 161
149 162
149 163
149 171
149 176
149 184
149 185
149 191
149 195
149 196
149 198
149 202
149 210
149 215
149 221
149 223
149 227
149 231
149 235
149 247
149 252
149 253
149 272
149 276
149 277
149 287
149 290
149 295
149 297
150 151
150 155
150 169
150 173
150 176
150 179
150 182
150 185
150 189
150 190
150 194
150 198
150 208
150 216
150 227
150 231
150 242
150 267
150 275
150 276
150 277
150 278
150 286
150 293
150 296
150 298
151 152
151 154
151 160
151 173
151 183
151 185
151 197
151 208
151 215
151 217
151 220
151 224
151 227
151 233
151 237
151 239
151 244
151 252
151 255
151 264
151 279
151 280
151 284
151 294
152 155
152 161
152 165
152 169
152 174
152 181
152 184
152 185
152 187
152 188
152 191
152 197
152 201
152 203
152 204
152 209
152 212
152 214
152 224
152 228
152 230
152 231
152 239
152 246
152 248
152 255
152 257
152 258
152 260
152 264
152 270
152 272
152 286
152 287
152 292
152 299
153 173
153 188
153 197
153 200
153 206
153 208
153 209
153 212
153 216
153 219
153 225
153 226
153 233
153 235
153 236
153 245
153 247
153 248
153 251
153 253
153 259
153 263
153 265
153 266
153 271
153 273
153 279
153 286
153 288
153 294
153 295
153 296
154 158
154 162
154 178
154 179
154 181
154 187
154 196
154 205
154 210
154 213
154 216
154 220
154 222
154 224
154 231
154 241
154 243
154 244
154 250
154 257
154 259
154 260
154 264
154 265
154 266
154 272
154 279
154 283
154 286
154 288
154 289
154 294
154 296
154 298
155 156
155 162
155 164
155 171
155 172
155 179
155 181
155 186
155 192
155 213
155 221
155 224
155 229
155 231
155 237
155 238
155 243
155 245
155 250
155 252
155 285
155 289
155 294
155 299
156 161
156 168
156 172
156 177
156 180
156 181
156 182
156 187
156 191
156 193
156 201
156 202
156 208
156 211
156 213
156 214
156 220
156 224
156 234
156 235
156 236
156 240
156 242
156 247
156 249
156 250
156 253
156 261
156 262
156 273
156 274
156 277
156 285
156 290
156 292
156 294
156 296
157 164
157 170
157 174
157 179
157 180
157 182
157 188
157 192
157 196
157 201
157 202
157 209
157 210
157 213
157 219
157 240
157 249
157 253
157 260
157 262
157 273
157 274
157 276
157 278
157 282
157 296
157 299
158 160
158 164
158 165
158 186
158 197
158 207
158 209
158 211
158 212
158 215
158 217
158 231
158 232
158 234
158 235
158 249
158 253
158 255
158 261
158 263
158 264
158 267
158 275
158 276
158 280
158 281
158 285
158 291
159 162
159 165
159 167
159 172
159 174
159 176
159 188
159 192
159 200
159 203
159 210
159 211
159 216
159 219
159 221
159 224
159 261
159 262
159 272
159 281
159 282
159 285
159 286
159 287
159 288
159 292
159 294
159 296
160 162
160 178
160 186
160 193
160 195
160 204
160 207
160 208
160 219
160 221
160 225
160 233
160 236
160 250
160 255
160 257
160 262
160 265
160 276
160 289
160 293
160 294
160 296
161 170
161 174
161 178
161 179
161 181
161 184
161 200
161 204
161 208
161 210
161 215
161 216
161 226
161 237
161 243
161 248
161 251
161 252
161 254
161 262
161 273
161 279
161 280
161 286
161 290
161 291
161 295
161 296
162 172
162 173
162 175
162 176
162 179
162 181
162 187
162 195
162 197
162 205
162 225
162 229
162 230
162 238
162 242
162 243
162 245
162 261
162 266
162 276
162 277
162 285
162 287
162 288
163 165
163 168
163 170
163 171
163 179
163 183
163 207
163 210
163 219
163 221
163 222
163 228
163 230
163 231
163 250
163 259
163 268
163 274
163 281
163 291
163 298
164 174
164 185
164 186
164 196
164 204
164 206
164 211
164 219
164 223
164 227
164 228
164 229
164 242
164 247
164 250
164 256
164 257
164 261
164 266
164 270
164 274
164 280
164 282
164 298
165 175
165 185
165 188
165 193
165 207
165 210
165 214
165 218
165 229
165 244
165 265
165 266
165 277
165 285
165 289
165 293
165 294
166 167
166 173
166 175
166 180
166 181
166 185
166 187
166 190
166 198
166 204
166 210
166 222
166 232
166 241
166 246
166 247
166 254
166 255
166 261
166 278
166 279
166 284
166 286
166 289
166 290
166 292
167 170
167 178
167 179
167 184
167 187
167 188
167 193
167 198
167 202
167 210
167 228
167 236
167 254
167 258
167 259
167 260
167 262
167 266
167 269
167 273
167 277
167 281
167 284
167 296
167 297
168 175
168 179
168 181
168 182
168 190
168 191
168 194
168 196
168 204
168 205
168 210
168 230
168 249
168 269
168 273
168 274
168 277
168 282
168 284
168 291
168 296
168 298
168 299
169 170
169 171
169 172
169 185
169 188
169 194
169 198
169 208
169 216
169 217
169 225
169 228
169 239
169 241
169 242
169 250
169 251
169 259
169 261
169 267
169 270
169 272
169 273
169 289
169 290
169 291
169 294
169 297
170 173
170 179
170 180
170 188
170 190
170 194
170 200
170 203
170 210
170 212
170 222
170 224
170 226
170 227
170 233
170 235
170 236
170 244
170 250
170 253
170 255
170 258
170 260
170 264
170 267
170 269
170 271
170 272
170 277
170 283
170 285
170 290
170 295
171 173
171 184
171 187
171 192
171 196
171 208
171 212
171 214
171 217
171 218
171 229
171 235
171 241
171 243
171 249
171 253
171 254
171 257
171 269
171 271
171 286
171 287
172 174
172 177
172 180
172 211
172 218
172 224
172 233
172 240
172 242
172 253
172 254
172 265
172 268
172 271
172 274
172 278
172 286
172 287
172 290
172 298
173 189
173 192
173 197
173 200
173 205
173 207
173 217
173 223
173 226
173 230
173 254
173 256
173 261
173 262
173 264
173 268
173 292
173 297
174 178
174 191
174 196
174 204
174 213
174 216
174 230
174 238
174 245
174 248
174 250
174 257
174 260
174 265
174 268
174 281
174 283
174 288
174 296
174 299
175 181
175 183
175 186
175 187
175 198
175 209
175 215
175 218
175 224
175 225
175 228
175 230
175 234
175 235
175 240
175 243
175 244
175 254
175 262
175 266
175 269
175 278
175 284
175 288
175 295
176 177
176 180
176 186
176 202
176 203
176 205
176 211
176 216
176 217
176 218
176 219
176 220
176 230
176 233
176 237
176 243
176 258
176 264
176 268
176 273
176 275
176 277
176 278
176 280
176 281
176 284
176 285
176 287
176 292
176 294
177 178
177 180
177 191
177 194
177 212
177 215
177 229
177 232
177 238
177 241
177 250
177 253
177 263
177 266
177 271
177 274
177 283
177 287
177 291
177 292
177 293
178 182
178 187
178 188
178 189
178 193
178 195
178 204
178 206
178 207
178 221
178 222
178 223
178 235
178 239
178 244
178 256
178 259
178 260
178 264
178 266
178 267
178 275
178 276
178 277
178 281
178 283
178 286
178 288
179 181
179 184
179 195
179 202
179 206
179 209
179 212
179 226
179 227
179 241
179 245
179 248
179 255
179 269
179 270
179 274
179 281
179 283
179 289
179 290
179 291
180 181
180 182
180 184
180 192
180 195
180 196
180 200
180 203
180 213
180 216
180 217
180 220
180 221
180 224
180 226
180 227
180 234
180 243
180 245
180 250
180 255
180 256
180 257
180 260
180 261
180 262
180 270
180 272
180 279
180 286
180 288
180 289
180 294
180 297
180 298
181 197
181 199
181 210
181 222
181 227
181 236
181 237
181 243
181 248
181 249
181 250
181 256
181 271
181 273
181 281
181 287
181 288
181 298
182 195
182 196
182 198
182 206
182 207
182 210
182 211
182 214
182 220
182 233
182 234
182 235
182 239
182 244
182 246
182 249
182 258
182 278
182 279
182 282
182 283
182 286
182 294
183 187
183 189
183 198
183 199
183 200
183 218
183 221
183 234
183 240
183 241
183 244
183 250
183 261
183 262
183 263
183 267
183 269
183 273
183 280
183 285
183 287
184 193
184 202
184 203
184 208
184 213
184 214
184 218
184 221
184 225
184 226
184 229
184 234
184 235
184 237
184 238
184 260
184 266
184 270
184 271
184 272
184 280
184 282
184 289
184 297
184 298
185 188
185 191
185 197
185 203
185 204
185 212
185 220
185 226
185 232
185 235
185 239
185 243
185 251
185 262
185 268
185 275
185 282
185 284
185 285
185 286
185 288
185 293
185 294
186 195
186 197
186 211
186 213
186 220
186 228
186 233
186 243
186 245
186 246
186 256
186 258
186 270
186 271
186 273
186 284
186 294
186 296
187 188
187 190
187 195
187 201
187 205
187 207
187 210
187 216
187 217
187 224
187 239
187 240
187 242
187 244
187 246
187 266
187 268
187 270
187 273
187 275
187 276
187 280
187 290
187 292
187 295
187 296
188 189
188 193
188 199
188 202
188 205
188 211
188 215
188 218
188 221
188 224
188 225
188 227
188 228
188 238
188 239
188 240
188 244
188 254
188 259
188 261
188 267
188 269
188 278
188 280
188 297
189 191
189 195
189 216
189 217
189 218
189 225
189 226
189 234
189 243
189 255
189 270
189 272
189 279
189 285
190 194
190 216
190 223
190 226
190 234
190 245
190 249
190 251
190 253
190 258
190 259
190 270
190 274
190 286
190 287
190 289
190 290
191 197
191 202
191 206
191 208
191 211
191 213
191 214
191 215
191 216
191 222
191 224
191 228
191 229
191 237
191 240
191 245
191 249
191 251
191 254
191 255
191 256
191 268
191 269
191 278
191 279
191 284
191 288
191 291
191 298
192 209
192 213
192 220
192 225
192 228
192 243
192 248
192 249
192 250
192 252
192 253
192 260
192 273
192 281
192 284
192 285
192 294
192 296
193 196
193 201
193 203
193 205
193 206
193 218
193 219
193 220
193 227
193 231
193 238
193 241
193 252
193 256
193 268
193 269
193 272
193 275
193 277
193 286
193 288
193 289
193 291
193 293
193 297
194 196
194 202
194 204
194 205
194 208
194 209
194 211
194 212
194 214
194 221
194 224
194 231
194 235
194 238
194 249
194 256
194 266
194 267
194 270
194 271
194 275
194 278
194 284
194 288
194 292
194 295
195 202
195 207
195 210
195 213
195 214
195 215
195 223
195 232
195 234
195 236
195 239
195 240
195 247
195 251
195 254
195 262
195 275
195 276
195 277
195 284
195 293
195 295
195 297
195 299
196 200
196 203
196 205
196 207
196 211
196 214
196 229
196 234
196 235
196 236
196 238
196 239
196 244
196 246
196 255
196 279
196 280
196 286
196 294
197 202
197 211
197 214
197 218
197 225
197 230
197 232
197 245
197 247
197 255
197 260
197 267
197 280
197 284
197 286
197 290
197 292
197 297
197 299
198 199
198 202
198 203
198 210
198 225
198 227
198 228
198 229
198 231
198 244
198 245
198 246
198 249
198 262
198 265
198 268
198 270
198 276
198 283
198 287
198 292
199 202
199 203
199 205
199 207
199 208
199 211
199 217
199 220
199 222
199 236
199 241
199 246
199 249
199 250
199 254
199 257
199 262
199 267
199 268
199 272
199 274
199 280
199 286
199 291
199 294
199 298
200 201
200 206
200 215
200 224
200 229
200 236
200 242
200 243
200 244
200 255
200 256
200 262
200 275
200 285
200 290
200 297
201 203
201 205
201 212
201 213
201 214
201 218
201 219
201 222
201 236
201 238
201 241
201 256
201 262
201 263
201 265
201 277
201 281
201 283
201 287
201 294
201 295
202 207
202 212
202 214
202 216
202 218
202 221
202 233
202 234
202 239
202 250
202 261
202 277
202 295
202 296
203 205
203 207
203 220
203 225
203 241
203 244
203 251
203 254
203 258
203 262
203 263
203 268
203 273
203 280
203 286
203 294
203 295
203 297
203 298
204 222
204 226
204 230
204 232
204 236
204 239
204 246
204 249
204 259
204 261
204 269
204 272
204 274
204 275
204 276
204 277
204 283
204 286
204 287
204 289
204 290
205 210
205 213
205 216
205 219
205 223
205 228
205 235
205 239
205 242
205 243
205 260
205 266
205 276
205 286
205 299
206 212
206 215
206 227
206 231
206 232
206 233
206 235
206 239
206 241
206 242
206 250
206 251
206 252
206 253
206 258
206 261
206 266
206 271
206 273
206 274
206 278
206 285
206 289
206 290
206 291
206 293
206 299
207 212
207 226
207 228
207 230
207 233
207 239
207 244
207 245
207 252
207 254
207 255
207 267
207 279
207 284
207 286
207 289
207 290
207 292
207 293
207 296
208 215
208 219
208 220
208 223
208 225
208 228
208 239
208 241
208 247
208 251
208 252
208 261
208 264
208 265
208 266
208 299
209 213
209 215
209 217
209 223
209 224
209 235
209 243
209 247
209 252
209 254
209 255
209 256
209 261
209 262
209 274
209 275
209 281
209 290
209 294
210 211
210 216
210 217
210 219
210 232
210 242
210 251
210 254
210 255
210 262
210 269
210 272
210 294
210 296
210 297
210 298
211 225
211 226
211 230
211 246
211 252
211 255
211 260
211 262
211 263
211 265
211 277
211 278
211 280
211 289
211 290
211 291
211 297
211 299
212 218
212 219
212 223
212 238
212 246
212 249
212 258
212 261
212 267
212 270
212 282
212 292
212 298
213 218
213 219
213 221
213 234
213 237
213 244
213 253
213 257
213 269
213 270
213 271
213 274
213 277
213 285
213 287
213 293
213 297
214 215
214 230
214 240
214 243
214 248
214 249
214 257
214 258
214 262
214 265
214 270
214 279
214 280
214 295
215 218
215 222
215 223
215 233
215 236
215 241
215 244
215 249
215 264
215 265
215 273
215 284
216 218
216 222
216 226
216 232
216 233
216 234
216 243
216 246
216 248
216 252
216 255
216 259
216 261
216 266
216 270
216 272
216 273
216 277
216 289
216 296
217 233
217 237
217 238
217 239
217 241
217 244
217 248
217 254
217 257
217 264
217 266
217 269
218 223
218 228
218 235
218 236
218 242
218 254
218 256
218 260
218 261
218 266
218 268
218 273
218 277
218 291
218 292
219 228
219 230
219 246
219 254
219 267
219 270
219 272
219 275
219 289
219 292
219 293
220 244
220 247
220 249
220 257
220 265
220 266
220 283
220 297
221 240
221 241
221 249
221 250
221 261
221 263
221 264
221 268
221 269
221 279
221 280
221 282
221 285
222 226
222 229
222 237
222 246
222 250
222 254
222 257
222 267
222 268
222 270
222 273
222 275
222 276
222 279
222 281
222 283
222 284
222 291
222 295
223 224
223 227
223 228
223 236
223 237
223 252
223 258
223 262
223 265
223 266
223 271
223 280
223 284
223 287
223 288
223 293
223 294
224 228
224 230
224 236
224 237
224 238
224 246
224 252
224 261
224 266
224 271
224 279
224 285
224 289
224 293
225 230
225 233
225 238
225 250
225 254
225 255
225 256
225 275
225 277
225 282
225 283
225 298
226 236
226 240
226 250
226 256
226 266
226 270
226 271
226 275
226 276
226 277
226 278
226 280
226 285
226 290
226 292
226 297
227 235
227 238
227 263
227 268
227 269
227 270
227 279
227 291
227 293
227 295
227 298
228 232
228 233
228 247
228 263
228 264
228 270
228 271
228 276
228 277
228 279
228 281
228 282
228 283
228 291
228 295
229 248
229 253
229 260
229 267
229 270
229 272
229 276
229 283
229 285
229 286
229 287
229 290
229 292
229 296
229 297
230 232
230 236
230 239
230 245
230 248
230 250
230 255
230 268
230 269
230 278
230 279
230 291
231 232
231 235
231 240
231 242
231 243
231 245
231 248
231 250
231 251
231 261
231 271
231 285
231 286
231 299
232 242
232 243
232 249
232 251
232 256
232 257
232 267
232 271
232 276
232 277
232 278
232 290
232 298
233 238
233 240
233 247
233 248
233 254
233 255
233 261
233 263
233 264
233 268
233 271
233 279
233 286
233 290
233 293
233 299
234 249
234 251
234 258
234 262
234 265
234 266
234 268
234 282
234 287
234 289
234 294
234 297
235 237
235 240
235 247
235 250
235 253
235 265
235 269
235 270
235 273
235 276
235 296
236 241
236 247
236 248
236 257
236 258
236 262
236 266
236 268
236 279
236 284
236 290
236 291
237 242
237 250
237 252
237 260
237 269
237 270
237 271
237 274
237 281
237 282
237 291
237 292
237 297
238 240
238 249
238 266
238 271
238 272
238 274
238 275
238 280
238 297
238 299
239 249
239 252
239 254
239 255
239 265
239 267
239 273
239 276
239 278
239 285
239 286
239 293
239 294
239 296
239 299
240 244
240 247
240 259
240 260
240 263
240 264
240 270
240 271
240 272
240 276
240 294
241 243
241 249
241 257
241 259
241 260
241 268
241 269
241 274
241 278
241 283
241 286
241 288
241 294
241 299
242 244
242 251
242 252
242 253
242 258
242 259
242 265
242 266
242 267
242 274
242 280
242 290
242 296
242 299
243 253
243 263
243 271
243 276
243 282
243 283
243 293
243 295
244 248
244 250
244 259
244 261
244 268
244 271
244 273
244 276
244 282
244 290
244 291
244 292
244 293
245 268
245 275
245 276
245 279
245 280
245 281
245 285
245 292
245 293
245 296
245 298
245 299
246 251
246 262
246 269
246 270
246 293
247 254
247 263
247 264
247 267
247 282
247 285
247 287
247 297
248 251
248 254
248 258
248 264
248 265
248 266
248 270
248 278
248 280
248 281
248 283
248 286
249 251
249 260
249 262
249 270
249 271
249 278
249 282
249 283
249 286
249 287
249 289
249 290
249 292
250 254
250 255
250 258
250 264
250 267
250 273
250 292
250 294
251 254
251 261
251 264
251 268
251 271
251 274
251 280
251 297
252 258
252 259
252 269
252 275
252 277
252 281
252 283
252 285
252 288
252 289
252 293
253 266
253 267
253 268
253 274
253 278
253 282
253 283
253 294
253 295
253 296
254 255
254 270
254 274
254 277
254 285
254 287
254 298
255 282
255 284
255 291
255 296
255 298
255 299
256 259
256 261
256 263
256 267
256 268
256 271
256 279
256 282
256 288
256 289
256 290
256 291
256 297
257 264
257 268
257 274
257 275
257 276
257 278
257 289
257 292
257 294
257 295
257 298
258 261
258 263
258 264
258 269
258 274
258 283
258 286
258 288
258 291
258 292
259 266
259 268
259 271
259 277
259 278
259 287
259 294
260 262
260 264
260 269
260 271
260 272
260 273
260 276
260 289
260 291
260 297
261 263
261 265
261 272
261 273
261 292
261 296
262 265
262 266
262 269
262 274
262 279
262 280
262 281
262 282
262 284
262 288
262 293
262 297
263 272
263 274
263 277
263 278
263 281
263 285
263 286
263 291
263 292
263 295
263 298
264 266
264 280
264 283
264 287
264 299
265 271
265 284
265 289
265 296
265 297
265 299
266 269
266 271
266 276
266 278
266 280
266 282
266 284
266 291
266 294
266 298
267 270
267 277
267 287
267 291
267 296
268 278
268 281
268 283
268 292
268 295
268 297
269 270
269 273
269 274
269 279
269 282
269 284
269 287
270 271
270 273
270 280
270 283
270 284
270 287
270 288
270 296
271 280
271 283
271 284
271 298
272 273
272 274
272 275
272 276
272 282
272 284
272 296
272 299
273 276
273 278
273 287
273 291
273 292
273 294
273 296
274 279
274 280
274 283
274 284
274 290
274 294
274 295
275 281
275 282
275 289
275 293
276 277
276 283
276 288
276 299
277 282
278 280
278 282
278 284
278 286
278 288
279 282
279 283
279 284
279 286
279 290
280 286
280 291
280 293
281 289
282 289
282 291
282 292
282 296
282 299
283 285
283 288
283 291
283 292
283 296
284 292
284 293
284 296
284 298
285 289
285 293
285 295
285 298
286 288
286 293
286 295
287 298
287 299
288 289
288 291
288 294
289 295
290 293
290 295
290 299
291 296
291 298
292 294
292 295
293 294
293 298
293 299
294 297
295 297
295 299
296 298
