80 933
0 5
0 10
0 13
0 20
0 22
0 23
0 30
0 32
0 35
0 39
0 41
0 44
0 50
0 51
0 54
0 56
0 58
0 70
0 71
0 72
0 74
0 78
1 5
1 12
1 17
1 19
1 24
1 25
1 41
1 48
1 51
1 54
1 56
1 60
1 62
1 64
1 69
1 77
2 10
2 11
2 17
2 18
2 22
2 28
2 32
2 33
2 35
2 39
2 44
2 46
2 52
2 55
2 56
2 58
2 60
2 63
2 71
2 72
2 78
2 79
3 5
3 6
3 7
3 12
3 14
3 17
3 20
3 25
3 29
3 31
3 32
3 34
3 35
3 36
3 37
3 40
3 46
3 47
3 48
3 59
3 60
3 64
3 65
3 67
3 68
3 70
3 71
3 72
3 75
3 78
4 6
4 7
4 11
4 14
4 16
4 17
4 22
4 24
4 26
4 32
4 34
4 35
4 39
4 40
4 55
4 58
4 59
4 60
4 62
4 63
4 70
4 76
5 8
5 15
5 16
5 31
5 32
5 49
5 50
5 53
5 54
5 58
5 65
5 68
5 69
5 73
5 75
5 76
5 77
6 8
6 13
6 15
6 20
6 25
6 30
6 32
6 34
6 39
6 41
6 50
6 54
6 56
6 59
6 61
6 63
6 65
6 66
6 67
6 71
6 73
6 75
6 79
7 8
7 10
7 12
7 21
7 23
7 30
7 32
7 35
7 36
7 37
7 42
7 43
7 47
7 50
7 53
7 58
7 60
7 61
7 63
7 66
7 67
7 69
7 72
7 75
7 76
8 9
8 12
8 24
8 31
8 32
8 34
8 37
8 44
8 46
8 47
8 49
8 50
8 52
8 53
8 57
8 77
8 79
9 15
9 17
9 21
9 23
9 24
9 30
9 36
9 40
9 42
9 46
9 49
9 55
9 59
9 65
9 71
9 73
9 76
9 77
10 12
10 14
10 15
10 17
10 27
10 30
10 36
10 37
10 39
10 40
10 49
10 51
10 69
10 72
10 78
11 12
11 14
11 16
11 18
11 20
11 21
11 23
11 24
11 28
11 37
11 41
11 48
11 50
11 62
11 65
11 68
11 69
11 71
11 75
12 13
12 22
12 28
12 30
12 35
12 37
12 41
12 42
12 45
12 47
12 49
12 54
12 55
12 58
12 62
12 66
12 72
12 73
12 76
12 77
13 18
13 20
13 21
13 24
13 27
13 31
13 34
13 39
13 40
13 41
13 52
13 55
13 57
13 58
13 61
13 62
13 64
13 79
14 15
14 18
14 19
14 21
14 25
14 26
14 27
14 28
14 36
14 45
14 47
14 49
14 50
14 51
14 52
14 53
14 57
14 59
14 60
14 65
14 69
14 72
14 77
14 79
15 18
15 25
15 27
15 30
15 31
15 32
15 34
15 37
15 40
15 41
15 42
15 47
15 50
15 51
15 53
15 59
15 60
15 63
15 67
15 70
15 71
15 74
15 75
16 17
16 18
16 26
16 32
16 35
16 42
16 43
16 45
16 51
16 52
16 53
16 55
16 58
16 60
16 61
16 63
16 64
16 65
16 72
16 77
17 19
17 27
17 32
17 33
17 34
17 38
17 42
17 57
17 60
17 61
17 64
17 65
17 71
17 73
17 78
18 23
18 27
18 28
18 35
18 40
18 41
18 49
18 54
18 60
18 67
18 68
18 72
18 75
18 77
18 78
18 79
19 26
19 27
19 30
19 33
19 37
19 39
19 40
19 52
19 57
19 69
19 74
19 75
20 21
20 25
20 31
20 37
20 38
20 41
20 42
20 46
20 49
20 53
20 54
20 59
20 67
20 68
20 75
21 22
21 27
21 29
21 39
21 41
21 43
21 45
21 46
21 50
21 53
21 54
21 56
21 57
21 68
21 70
21 74
21 76
22 28
22 29
22 31
22 35
22 36
22 38
22 42
22 45
22 46
22 47
22 48
22 50
22 54
22 57
22 61
22 62
22 67
22 68
22 72
22 75
22 78
22 79
23 24
23 28
23 32
23 33
23 35
23 36
23 41
23 43
23 45
23 47
23 56
23 60
23 65
23 70
23 75
23 76
24 28
24 36
24 37
24 39
24 42
24 44
24 48
24 54
24 62
24 65
24 70
24 75
24 76
24 78
24 79
25 28
25 41
25 42
25 43
25 49
25 53
25 56
25 60
25 62
25 63
25 73
25 76
26 29
26 34
26 37
26 38
26 40
26 42
26 52
26 53
26 54
26 55
26 57
26 59
26 60
26 61
26 67
26 72
26 75
26 77
26 79
27 32
27 34
27 36
27 40
27 42
27 54
27 58
27 62
27 66
27 67
27 69
27 70
27 71
27 75
27 76
28 29
28 31
28 32
28 36
28 38
28 40
28 44
28 47
28 48
28 51
28 52
28 57
28 60
28 62
28 66
28 72
28 77
29 30
29 32
29 33
29 35
29 36
29 38
29 41
29 43
29 46
29 54
29 55
29 56
29 60
29 61
29 64
29 67
29 68
29 79
30 31
30 36
30 43
30 47
30 54
30 57
30 58
30 59
30 63
30 66
30 70
30 73
30 75
30 77
30 78
31 37
31 38
31 41
31 43
31 44
31 46
31 48
31 51
31 55
31 57
31 61
31 64
31 65
31 67
31 69
31 71
32 33
32 34
32 35
32 36
32 38
32 42
32 48
32 50
32 53
32 55
32 57
32 58
32 63
32 67
32 68
32 69
32 71
32 72
32 74
32 75
33 51
33 54
33 55
33 56
33 57
33 59
33 61
33 70
33 73
34 35
34 52
34 53
34 58
34 62
34 63
34 65
34 66
34 67
34 68
34 70
34 71
34 74
35 36
35 39
35 46
35 50
35 51
35 60
35 62
35 63
35 68
35 70
35 75
36 37
36 45
36 50
36 55
36 56
36 58
36 67
36 68
36 71
36 72
36 76
36 78
37 40
37 42
37 45
37 46
37 47
37 49
37 52
37 53
37 60
37 61
37 62
37 64
37 67
37 68
37 70
37 75
38 39
38 43
38 47
38 48
38 58
38 65
38 66
38 67
38 69
38 75
38 76
39 40
39 48
39 49
39 58
39 59
39 63
39 67
39 72
39 73
39 76
40 41
40 44
40 53
40 57
40 60
40 65
40 66
40 68
40 72
40 74
40 76
40 77
40 78
40 79
41 45
41 46
41 53
41 55
41 63
41 64
41 66
41 68
41 69
41 70
41 71
41 73
41 74
41 76
41 78
41 79
42 45
42 46
42 49
42 59
42 63
42 64
42 66
42 77
43 47
43 49
43 52
43 54
43 56
43 59
43 60
43 67
43 70
43 78
44 45
44 52
44 53
44 59
44 64
44 76
44 78
45 52
45 53
45 55
45 57
45 58
45 60
45 62
45 63
45 64
45 67
45 70
45 71
45 72
45 76
46 55
46 59
46 60
46 63
46 66
46 71
46 72
46 75
46 76
46 78
46 79
47 50
47 55
47 59
47 61
47 63
47 67
47 71
47 73
47 76
47 77
48 57
48 62
48 64
48 69
48 77
49 50
49 53
49 54
49 56
49 59
49 60
49 61
49 63
49 67
49 69
49 72
49 73
49 75
49 76
49 77
50 52
50 53
50 56
50 59
50 62
50 63
50 71
50 72
50 73
50 76
51 52
51 62
51 63
51 70
51 71
51 78
52 59
52 64
52 68
52 71
52 75
52 79
53 55
53 57
53 59
53 62
53 67
53 68
53 69
53 71
53 72
54 55
54 56
54 58
54 66
54 67
54 68
54 70
54 77
55 57
55 59
55 61
55 62
55 67
55 74
55 78
55 79
56 57
56 58
56 61
56 66
56 70
56 72
56 73
56 74
56 75
57 59
57 65
57 66
57 69
57 70
57 72
57 75
57 78
58 63
58 66
58 68
58 69
58 70
58 78
59 67
59 68
59 69
59 70
59 73
59 74
59 75
60 70
60 72
60 76
61 62
61 69
61 70
62 74
62 77
63 70
63 72
63 77
63 78
64 68
64 70
64 71
64 72
64 73
64 75
64 79
65 72
65 75
65 76
65 79
66 67
66 70
66 72
66 73
66 76
66 77
66 78
67 70
67 71
67 79
68 69
68 71
68 74
69 70
69 72
70 75
71 75
71 76
71 78
72 75
72 79
73 74
73 75
73 77
74 75
75 78
76 77
76 78
77 79
78 79
