50 235
0 2
0 6
0 13
0 14
0 18
0 20
0 25
0 28
0 31
0 37
0 40
0 48
0 49
1 2
1 12
1 22
1 29
1 34
2 4
2 5
2 7
2 11
2 15
2 16
2 19
2 20
2 26
2 27
2 34
2 39
3 9
3 12
3 15
3 20
3 22
3 24
3 27
3 30
3 31
3 32
3 35
3 36
3 41
3 42
3 48
4 6
4 11
4 13
4 21
4 23
4 24
4 35
4 37
4 39
4 43
4 48
4 49
5 6
5 7
5 18
5 19
5 22
5 26
5 27
5 30
5 37
5 38
5 40
6 22
6 29
6 31
6 33
6 35
6 38
6 41
6 42
6 49
7 12
7 19
7 22
7 26
7 33
7 34
7 35
7 36
7 40
7 42
7 47
8 19
8 21
8 26
8 28
8 32
8 43
8 49
9 17
9 24
9 32
9 34
10 12
10 14
10 29
10 30
10 31
10 42
10 43
10 45
11 17
11 27
11 32
11 33
11 34
11 40
11 44
11 47
12 13
12 16
12 17
12 19
12 22
12 29
12 37
12 47
12 48
13 15
13 17
13 18
13 20
13 33
13 36
13 41
13 42
13 45
13 48
14 22
14 25
14 30
14 35
14 38
15 29
15 31
15 36
15 37
15 38
16 23
16 26
16 33
16 34
16 40
16 47
16 48
16 49
17 28
17 39
17 41
18 23
18 27
18 36
18 37
19 47
20 22
20 37
20 39
20 41
20 42
20 49
21 32
21 36
21 39
21 42
21 46
22 30
22 36
22 46
22 49
23 28
23 39
23 40
24 27
24 28
24 29
24 44
25 28
25 41
25 45
25 46
26 27
26 38
26 46
27 43
28 29
28 31
28 38
28 39
28 47
28 48
29 33
29 34
29 43
29 46
30 42
30 46
30 48
31 38
31 44
32 37
32 43
32 45
32 46
32 49
33 34
33 38
33 42
33 44
33 46
33 47
34 41
34 42
35 46
37 42
37 47
38 45
38 46
39 41
39 46
39 48
39 49
40 41
40 45
41 45
41 46
42 47
43 44
44 48
47 48
