80 967
0 2
0 8
0 10
0 12
0 15
0 16
0 18
0 21
0 22
0 23
0 26
0 30
0 32
0 33
0 36
0 38
0 45
0 46
0 47
0 48
0 51
0 53
0 63
0 64
0 70
0 73
0 79
1 3
1 14
1 15
1 16
1 20
1 31
1 34
1 41
1 43
1 44
1 45
1 48
1 52
1 55
1 57
1 59
1 64
1 68
1 70
1 71
1 73
1 75
2 3
2 5
2 13
2 15
2 16
2 18
2 20
2 28
2 30
2 31
2 34
2 36
2 37
2 41
2 45
2 54
2 59
2 60
2 63
2 67
2 71
2 75
3 5
3 6
3 7
3 9
3 14
3 15
3 21
3 28
3 30
3 33
3 34
3 35
3 36
3 38
3 39
3 40
3 43
3 46
3 47
3 50
3 51
3 59
3 61
3 62
3 64
3 66
3 67
3 68
3 69
3 70
3 74
3 79
4 10
4 14
4 15
4 16
4 17
4 18
4 21
4 37
4 38
4 39
4 43
4 45
4 48
4 50
4 53
4 54
4 56
4 65
4 72
4 76
5 11
5 14
5 16
5 20
5 21
5 24
5 31
5 32
5 33
5 41
5 44
5 51
5 58
5 63
5 64
5 66
5 70
5 75
5 78
6 7
6 8
6 18
6 19
6 22
6 31
6 32
6 36
6 37
6 42
6 49
6 50
6 53
6 54
6 55
6 60
6 62
6 65
6 71
6 78
6 79
7 14
7 18
7 21
7 24
7 27
7 32
7 36
7 37
7 38
7 43
7 46
7 49
7 50
7 51
7 53
7 55
7 59
7 61
7 68
7 74
7 77
7 78
8 11
8 13
8 17
8 21
8 22
8 27
8 28
8 31
8 32
8 35
8 37
8 38
8 43
8 53
8 54
8 55
8 63
8 66
8 67
8 70
8 72
8 74
8 76
8 79
9 12
9 13
9 15
9 22
9 24
9 25
9 29
9 31
9 33
9 38
9 40
9 42
9 45
9 46
9 48
9 49
9 53
9 57
9 65
9 67
9 69
9 70
9 71
9 74
10 11
10 12
10 13
10 14
10 20
10 23
10 25
10 28
10 32
10 33
10 36
10 41
10 46
10 48
10 49
10 50
10 54
10 60
10 63
10 65
10 66
10 67
10 68
10 70
10 73
10 75
10 78
10 79
11 28
11 36
11 37
11 38
11 39
11 42
11 45
11 48
11 50
11 51
11 52
11 54
11 58
11 59
11 63
11 64
11 68
11 70
11 71
11 74
11 75
12 15
12 17
12 18
12 21
12 25
12 28
12 31
12 32
12 33
12 35
12 38
12 39
12 48
12 51
12 53
12 58
12 68
12 69
12 75
12 76
12 77
12 78
12 79
13 15
13 33
13 36
13 42
13 45
13 50
13 56
13 70
13 74
13 76
13 78
14 15
14 20
14 22
14 23
14 27
14 29
14 33
14 36
14 39
14 41
14 42
14 46
14 47
14 48
14 49
14 52
14 54
14 55
14 59
14 65
14 66
14 70
14 72
14 73
14 74
14 75
15 20
15 24
15 25
15 27
15 32
15 36
15 43
15 44
15 47
15 53
15 59
15 63
15 68
15 70
15 72
15 74
15 75
15 79
16 20
16 21
16 24
16 25
16 39
16 42
16 44
16 49
16 50
16 61
16 64
16 70
16 73
16 75
16 76
17 20
17 28
17 30
17 32
17 33
17 34
17 35
17 41
17 42
17 43
17 44
17 47
17 48
17 49
17 51
17 54
17 56
17 58
17 60
17 62
17 63
17 65
17 68
17 70
17 71
17 79
18 24
18 25
18 29
18 32
18 45
18 46
18 48
18 56
18 58
18 68
18 70
18 72
18 74
18 78
19 20
19 21
19 38
19 44
19 47
19 48
19 50
19 51
19 52
19 59
19 61
19 67
19 68
19 70
19 71
19 73
19 76
20 21
20 23
20 27
20 28
20 30
20 33
20 41
20 42
20 47
20 50
20 55
20 57
20 59
20 61
20 66
20 67
20 68
20 70
20 71
20 75
20 77
21 22
21 26
21 27
21 28
21 29
21 30
21 31
21 32
21 34
21 36
21 43
21 44
21 45
21 47
21 50
21 51
21 57
21 59
21 65
21 71
21 72
21 75
22 32
22 34
22 35
22 36
22 43
22 45
22 46
22 48
22 49
22 51
22 56
22 58
22 60
22 62
22 63
22 65
22 68
22 73
22 79
23 24
23 25
23 29
23 31
23 33
23 34
23 37
23 38
23 45
23 46
23 54
23 57
23 58
23 59
23 64
23 67
23 79
24 25
24 29
24 32
24 33
24 39
24 47
24 49
24 50
24 53
24 56
24 58
24 63
24 64
24 70
24 75
25 28
25 32
25 33
25 34
25 35
25 39
25 42
25 43
25 44
25 46
25 52
25 53
25 61
25 62
25 64
25 75
25 77
26 29
26 32
26 39
26 41
26 42
26 48
26 54
26 58
26 63
26 64
26 79
27 37
27 38
27 44
27 46
27 47
27 52
27 54
27 60
27 61
27 62
27 63
27 64
27 68
27 70
27 74
27 77
28 30
28 33
28 36
28 39
28 43
28 45
28 46
28 48
28 53
28 61
28 63
28 70
28 72
28 77
29 36
29 43
29 45
29 46
29 49
29 53
29 55
29 61
29 66
29 67
29 69
29 71
29 72
29 76
29 78
29 79
30 31
30 41
30 43
30 54
30 55
30 57
30 58
30 61
30 62
30 65
30 66
30 68
30 69
30 71
30 72
30 73
30 76
31 34
31 35
31 36
31 37
31 38
31 40
31 42
31 43
31 45
31 47
31 53
31 59
31 64
31 65
31 74
31 76
31 77
32 36
32 37
32 40
32 42
32 43
32 45
32 47
32 48
32 52
32 53
32 55
32 56
32 59
32 61
32 64
32 69
32 71
32 72
32 79
33 38
33 45
33 48
33 50
33 56
33 59
33 62
33 64
33 68
33 70
34 36
34 46
34 52
34 57
34 58
34 59
34 62
34 64
34 70
34 71
34 74
35 40
35 45
35 52
35 53
35 56
35 60
35 64
35 65
35 66
35 69
35 70
35 71
35 72
35 73
35 74
35 76
35 78
36 42
36 45
36 50
36 51
36 52
36 53
36 55
36 57
36 68
36 69
36 72
36 74
36 76
37 38
37 47
37 61
37 65
37 66
37 69
37 71
37 72
37 74
37 76
38 39
38 45
38 49
38 51
38 55
38 57
38 60
38 64
38 66
38 67
38 70
38 71
38 77
39 40
39 44
39 45
39 48
39 53
39 57
39 61
39 70
39 73
39 77
40 54
40 63
40 65
40 74
40 75
40 78
41 42
41 43
41 44
41 48
41 50
41 53
41 60
41 62
41 63
41 64
41 69
41 70
41 73
41 74
41 77
41 78
42 44
42 54
42 56
42 60
42 65
42 66
42 69
42 71
43 46
43 49
43 53
43 56
43 59
43 61
43 67
43 70
43 71
43 72
43 75
43 77
44 57
44 59
44 61
44 62
44 65
44 66
44 67
44 68
44 71
44 72
44 75
45 48
45 49
45 51
45 53
45 56
45 59
45 65
45 66
45 69
45 70
45 72
45 76
45 77
45 78
46 47
46 52
46 53
46 58
46 59
46 66
46 74
46 75
46 76
46 77
46 79
47 54
47 55
47 58
47 61
47 63
47 69
47 71
47 75
48 54
48 68
48 69
48 72
48 74
48 77
49 50
49 51
49 52
49 55
49 57
49 62
49 63
49 64
49 68
49 78
49 79
50 51
50 56
50 58
50 62
50 67
50 68
50 70
50 72
50 74
50 77
51 52
51 55
51 59
51 61
51 63
51 66
51 70
51 71
51 72
51 74
51 76
51 77
51 79
52 54
52 56
52 66
52 68
52 70
52 74
52 79
53 54
53 63
53 65
53 66
53 74
53 77
54 59
54 65
54 66
54 68
54 69
54 73
54 75
54 76
55 62
55 67
55 68
55 72
55 74
55 78
56 62
56 69
56 71
56 75
56 79
57 61
57 62
57 68
57 75
57 76
57 78
58 64
58 70
58 78
59 60
59 62
59 68
59 69
59 71
59 73
59 75
60 61
60 64
60 69
60 71
60 73
61 62
61 68
61 75
61 78
62 63
62 64
62 70
62 77
63 67
63 77
63 78
64 65
64 66
64 68
64 71
64 72
64 73
64 74
64 75
64 77
65 68
65 78
66 67
66 75
66 76
67 72
67 74
67 75
67 77
68 69
68 70
68 71
68 74
69 70
69 71
69 73
69 74
69 79
70 74
70 78
71 78
72 78
73 75
73 76
73 78
74 76
75 78
75 79
76 79
77 78
78 79
