200 5909
0 3
0 4
0 6
0 7
0 10
0 17
0 34
0 41
0 42
0 43
0 45
0 56
0 57
0 58
0 59
0 61
0 63
0 64
0 70
0 71
0 82
0 85
0 86
0 94
0 96
0 99
0 101
0 108
0 110
0 114
0 115
0 116
0 117
0 119
0 122
0 135
0 137
0 138
0 143
0 148
0 151
0 154
0 159
0 160
0 162
0 165
0 166
0 169
0 172
0 173
0 175
0 176
0 178
0 182
0 189
0 190
0 191
0 193
0 196
0 197
0 198
1 2
1 3
1 8
1 10
1 15
1 25
1 29
1 37
1 45
1 47
1 54
1 55
1 62
1 64
1 65
1 66
1 70
1 72
1 76
1 77
1 82
1 84
1 88
1 90
1 91
1 94
1 109
1 112
1 116
1 118
1 120
1 124
1 126
1 131
1 133
1 139
1 142
1 143
1 144
1 148
1 151
1 153
1 154
1 155
1 158
1 159
1 161
1 164
1 165
1 167
1 168
1 172
1 177
1 180
1 181
1 191
1 196
1 197
2 3
2 8
2 12
2 13
2 17
2 18
2 23
2 24
2 29
2 38
2 40
2 45
2 49
2 52
2 53
2 54
2 55
2 59
2 60
2 62
2 63
2 64
2 65
2 74
2 78
2 83
2 85
2 92
2 94
2 98
2 107
2 111
2 115
2 119
2 120
2 123
2 127
2 128
2 129
2 136
2 137
2 139
2 141
2 145
2 151
2 161
2 164
2 173
2 175
2 186
2 190
2 191
2 192
2 195
3 4
3 6
3 7
3 8
3 9
3 10
3 12
3 17
3 18
3 20
3 27
3 34
3 41
3 46
3 53
3 54
3 60
3 65
3 70
3 72
3 74
3 78
3 80
3 85
3 86
3 89
3 95
3 97
3 109
3 112
3 114
3 115
3 118
3 124
3 134
3 135
3 137
3 138
3 143
3 144
3 148
3 150
3 155
3 156
3 157
3 163
3 164
3 166
3 167
3 173
3 177
3 183
3 188
3 189
3 195
4 7
4 11
4 16
4 17
4 20
4 30
4 32
4 35
4 37
4 43
4 44
4 48
4 50
4 53
4 57
4 58
4 62
4 65
4 70
4 72
4 73
4 78
4 80
4 82
4 84
4 90
4 92
4 94
4 95
4 96
4 99
4 100
4 108
4 110
4 111
4 116
4 125
4 127
4 128
4 130
4 131
4 132
4 134
4 141
4 142
4 143
4 146
4 149
4 150
4 155
4 157
4 161
4 162
4 168
4 172
4 175
4 191
4 193
4 194
4 196
4 197
4 199
5 7
5 16
5 19
5 28
5 29
5 31
5 37
5 38
5 41
5 49
5 54
5 55
5 56
5 62
5 65
5 66
5 67
5 70
5 71
5 73
5 81
5 83
5 84
5 89
5 90
5 91
5 96
5 98
5 102
5 103
5 108
5 109
5 110
5 113
5 114
5 116
5 119
5 124
5 125
5 128
5 132
5 133
5 136
5 139
5 141
5 143
5 144
5 145
5 152
5 153
5 155
5 163
5 165
5 168
5 169
5 170
5 172
5 177
5 185
5 186
5 194
6 12
6 16
6 24
6 28
6 29
6 32
6 34
6 36
6 39
6 40
6 43
6 45
6 50
6 52
6 63
6 71
6 73
6 74
6 84
6 89
6 90
6 96
6 97
6 98
6 100
6 101
6 105
6 108
6 109
6 111
6 114
6 115
6 127
6 131
6 132
6 135
6 137
6 139
6 144
6 149
6 155
6 159
6 160
6 161
6 165
6 166
6 171
6 173
6 174
6 177
6 180
6 185
6 187
6 190
6 191
6 192
6 197
6 198
6 199
7 10
7 11
7 12
7 13
7 22
7 25
7 28
7 31
7 37
7 38
7 41
7 42
7 43
7 45
7 46
7 48
7 55
7 56
7 57
7 60
7 62
7 64
7 67
7 69
7 70
7 71
7 72
7 74
7 81
7 82
7 84
7 87
7 88
7 91
7 94
7 95
7 96
7 101
7 102
7 104
7 114
7 119
7 121
7 122
7 123
7 134
7 136
7 138
7 141
7 143
7 144
7 154
7 163
7 170
7 176
7 177
7 178
7 181
7 184
7 186
7 190
7 191
7 198
8 11
8 13
8 16
8 18
8 19
8 26
8 27
8 28
8 31
8 36
8 39
8 41
8 45
8 46
8 47
8 49
8 51
8 53
8 54
8 55
8 61
8 65
8 66
8 68
8 74
8 76
8 78
8 84
8 96
8 99
8 100
8 105
8 108
8 111
8 124
8 125
8 134
8 142
8 143
8 148
8 151
8 160
8 165
8 166
8 169
8 171
8 173
8 174
8 177
8 178
8 183
8 187
8 192
8 194
8 195
8 196
8 199
9 12
9 15
9 16
9 18
9 19
9 20
9 22
9 25
9 28
9 29
9 31
9 33
9 41
9 48
9 51
9 57
9 59
9 60
9 82
9 83
9 84
9 87
9 88
9 93
9 97
9 98
9 102
9 103
9 104
9 106
9 112
9 114
9 118
9 121
9 129
9 137
9 138
9 140
9 146
9 147
9 148
9 152
9 158
9 168
9 170
9 172
9 176
9 182
9 183
9 189
9 190
9 191
9 192
10 16
10 20
10 21
10 26
10 27
10 28
10 31
10 33
10 34
10 40
10 41
10 46
10 47
10 61
10 73
10 76
10 81
10 85
10 88
10 99
10 103
10 108
10 109
10 112
10 117
10 118
10 119
10 120
10 121
10 123
10 124
10 137
10 138
10 140
10 142
10 148
10 149
10 153
10 154
10 156
10 157
10 162
10 163
10 166
10 168
10 169
10 171
10 173
10 177
10 179
10 180
10 181
10 182
10 183
10 184
10 185
10 187
10 192
10 195
10 197
11 12
11 13
11 14
11 18
11 19
11 21
11 22
11 26
11 28
11 29
11 30
11 31
11 32
11 33
11 36
11 37
11 42
11 43
11 46
11 47
11 51
11 52
11 55
11 57
11 58
11 60
11 61
11 64
11 67
11 68
11 71
11 78
11 79
11 81
11 82
11 90
11 92
11 94
11 95
11 97
11 99
11 102
11 111
11 116
11 117
11 122
11 124
11 131
11 145
11 146
11 147
11 153
11 154
11 155
11 158
11 159
11 161
11 165
11 171
11 174
11 175
11 177
11 180
11 181
11 182
11 190
11 191
12 15
12 22
12 27
12 31
12 32
12 36
12 37
12 41
12 42
12 43
12 52
12 58
12 64
12 67
12 74
12 79
12 80
12 81
12 82
12 85
12 89
12 95
12 96
12 98
12 100
12 102
12 106
12 111
12 115
12 118
12 122
12 124
12 125
12 126
12 130
12 133
12 149
12 150
12 151
12 154
12 155
12 163
12 167
12 168
12 171
12 176
12 178
12 180
12 181
12 187
12 191
12 194
13 18
13 19
13 23
13 28
13 30
13 38
13 40
13 41
13 43
13 46
13 54
13 65
13 66
13 67
13 68
13 74
13 75
13 80
13 82
13 86
13 89
13 91
13 93
13 95
13 97
13 98
13 105
13 107
13 108
13 124
13 127
13 129
13 130
13 136
13 138
13 146
13 148
13 157
13 160
13 162
13 168
13 169
13 171
13 174
13 177
13 180
13 184
13 185
13 187
13 188
13 189
13 192
13 194
14 16
14 17
14 24
14 28
14 29
14 30
14 31
14 32
14 37
14 39
14 45
14 46
14 50
14 54
14 56
14 57
14 58
14 65
14 69
14 73
14 78
14 81
14 93
14 94
14 99
14 103
14 111
14 114
14 120
14 121
14 125
14 126
14 134
14 137
14 140
14 146
14 152
14 153
14 155
14 156
14 162
14 165
14 169
14 171
14 173
14 175
14 181
14 183
14 184
14 185
14 189
14 194
14 195
15 18
15 20
15 28
15 35
15 36
15 40
15 41
15 42
15 44
15 46
15 50
15 58
15 60
15 62
15 63
15 67
15 70
15 71
15 81
15 83
15 85
15 86
15 90
15 92
15 102
15 105
15 109
15 112
15 128
15 130
15 134
15 135
15 136
15 141
15 148
15 150
15 151
15 155
15 157
15 158
15 159
15 160
15 163
15 164
15 166
15 173
15 178
15 180
15 182
15 184
15 186
15 187
15 193
15 197
15 198
15 199
16 17
16 23
16 26
16 32
16 33
16 36
16 40
16 43
16 44
16 47
16 54
16 55
16 56
16 64
16 68
16 99
16 100
16 109
16 123
16 129
16 144
16 149
16 150
16 153
16 156
16 157
16 163
16 165
16 171
16 173
16 174
16 175
16 176
16 178
16 179
16 180
16 182
16 186
16 187
16 193
16 194
16 198
17 23
17 27
17 34
17 37
17 39
17 45
17 48
17 49
17 50
17 54
17 59
17 64
17 65
17 69
17 71
17 73
17 76
17 78
17 82
17 84
17 85
17 86
17 87
17 90
17 91
17 94
17 95
17 107
17 111
17 113
17 114
17 117
17 120
17 123
17 124
17 125
17 128
17 129
17 130
17 134
17 137
17 138
17 143
17 145
17 146
17 151
17 155
17 169
17 176
17 177
17 178
17 181
17 184
17 185
17 187
17 188
17 195
18 22
18 23
18 24
18 32
18 36
18 37
18 38
18 39
18 42
18 47
18 48
18 58
18 60
18 61
18 65
18 69
18 71
18 72
18 74
18 77
18 80
18 83
18 85
18 86
18 88
18 89
18 91
18 100
18 104
18 111
18 112
18 117
18 119
18 120
18 121
18 125
18 128
18 136
18 141
18 144
18 145
18 154
18 157
18 163
18 165
18 167
18 168
18 174
18 181
18 182
18 199
19 21
19 25
19 28
19 29
19 30
19 34
19 47
19 49
19 50
19 52
19 55
19 60
19 61
19 65
19 68
19 69
19 71
19 93
19 97
19 101
19 102
19 103
19 105
19 106
19 109
19 111
19 115
19 117
19 135
19 143
19 144
19 152
19 157
19 160
19 164
19 179
19 183
19 184
20 23
20 24
20 25
20 30
20 36
20 42
20 52
20 58
20 59
20 61
20 71
20 77
20 78
20 86
20 87
20 89
20 90
20 92
20 100
20 102
20 105
20 107
20 109
20 113
20 114
20 115
20 119
20 120
20 124
20 129
20 135
20 138
20 140
20 144
20 146
20 147
20 152
20 154
20 155
20 165
20 166
20 167
20 170
20 176
20 177
20 179
20 180
20 187
20 189
20 192
20 197
20 199
21 24
21 25
21 28
21 35
21 39
21 41
21 42
21 45
21 47
21 48
21 50
21 53
21 54
21 57
21 61
21 63
21 66
21 67
21 69
21 70
21 71
21 72
21 75
21 81
21 86
21 87
21 90
21 91
21 95
21 98
21 101
21 103
21 104
21 106
21 110
21 112
21 121
21 123
21 130
21 136
21 138
21 139
21 143
21 144
21 146
21 147
21 148
21 150
21 153
21 158
21 159
21 160
21 163
21 164
21 166
21 172
21 178
21 181
21 182
21 193
21 198
21 199
22 23
22 24
22 25
22 26
22 27
22 28
22 30
22 32
22 33
22 35
22 37
22 40
22 42
22 45
22 54
22 57
22 58
22 60
22 61
22 65
22 68
22 75
22 76
22 78
22 80
22 86
22 87
22 102
22 104
22 108
22 120
22 122
22 124
22 125
22 127
22 130
22 133
22 134
22 135
22 136
22 137
22 139
22 141
22 144
22 145
22 151
22 160
22 161
22 163
22 164
22 170
22 171
22 172
22 179
22 185
22 191
22 192
22 193
23 25
23 29
23 32
23 34
23 35
23 40
23 41
23 43
23 48
23 49
23 51
23 53
23 54
23 58
23 63
23 71
23 72
23 75
23 77
23 79
23 81
23 87
23 88
23 91
23 92
23 94
23 96
23 97
23 99
23 102
23 103
23 114
23 116
23 123
23 124
23 129
23 132
23 135
23 137
23 142
23 143
23 156
23 158
23 161
23 169
23 170
23 171
23 172
23 173
23 174
23 175
23 176
23 178
23 179
23 185
23 188
23 189
23 193
23 194
23 195
24 28
24 33
24 35
24 39
24 40
24 42
24 43
24 45
24 46
24 47
24 49
24 52
24 57
24 61
24 72
24 73
24 74
24 80
24 81
24 82
24 85
24 87
24 95
24 96
24 97
24 98
24 101
24 102
24 104
24 107
24 108
24 119
24 121
24 123
24 125
24 129
24 133
24 136
24 137
24 143
24 147
24 151
24 152
24 154
24 168
24 170
24 176
24 188
24 191
24 195
24 198
25 26
25 27
25 29
25 30
25 31
25 42
25 44
25 45
25 48
25 52
25 57
25 65
25 68
25 69
25 74
25 78
25 80
25 85
25 88
25 90
25 94
25 97
25 101
25 107
25 108
25 113
25 114
25 115
25 117
25 119
25 122
25 127
25 128
25 130
25 138
25 145
25 153
25 154
25 157
25 168
25 172
25 177
25 180
25 181
25 185
25 186
25 190
25 192
25 195
26 29
26 32
26 35
26 41
26 45
26 47
26 54
26 56
26 57
26 60
26 63
26 65
26 70
26 77
26 78
26 80
26 82
26 84
26 87
26 96
26 103
26 106
26 108
26 109
26 110
26 114
26 117
26 120
26 121
26 123
26 124
26 125
26 129
26 131
26 133
26 135
26 141
26 143
26 144
26 147
26 152
26 154
26 155
26 156
26 160
26 174
26 177
26 180
26 181
26 188
27 28
27 32
27 33
27 38
27 40
27 43
27 47
27 49
27 51
27 54
27 56
27 59
27 64
27 73
27 78
27 81
27 82
27 84
27 92
27 93
27 100
27 106
27 108
27 114
27 115
27 117
27 119
27 125
27 126
27 129
27 130
27 134
27 136
27 140
27 142
27 143
27 144
27 145
27 146
27 153
27 155
27 162
27 165
27 166
27 169
27 180
27 186
27 189
27 193
27 195
28 34
28 36
28 40
28 41
28 46
28 47
28 49
28 50
28 53
28 55
28 60
28 66
28 69
28 75
28 79
28 80
28 88
28 89
28 91
28 95
28 96
28 98
28 99
28 103
28 104
28 105
28 108
28 117
28 119
28 121
28 127
28 128
28 129
28 136
28 141
28 146
28 154
28 156
28 157
28 160
28 166
28 168
28 171
28 174
28 175
28 176
28 177
28 182
28 183
28 184
28 186
28 188
28 189
28 194
28 195
28 196
29 31
29 33
29 34
29 39
29 41
29 49
29 50
29 54
29 55
29 61
29 64
29 70
29 75
29 76
29 79
29 80
29 84
29 86
29 87
29 88
29 90
29 96
29 98
29 99
29 113
29 116
29 117
29 123
29 124
29 126
29 127
29 129
29 131
29 136
29 139
29 147
29 150
29 152
29 153
29 154
29 156
29 167
29 182
29 187
29 190
29 194
29 196
29 197
29 198
30 32
30 37
30 44
30 46
30 49
30 50
30 58
30 64
30 70
30 72
30 73
30 75
30 77
30 80
30 86
30 88
30 90
30 93
30 98
30 100
30 104
30 106
30 107
30 108
30 109
30 113
30 115
30 116
30 126
30 132
30 133
30 137
30 139
30 140
30 144
30 148
30 149
30 150
30 151
30 153
30 157
30 160
30 166
30 167
30 172
30 176
30 179
30 181
30 182
30 183
30 188
30 197
30 199
31 33
31 35
31 42
31 43
31 46
31 47
31 50
31 52
31 56
31 58
31 59
31 60
31 65
31 66
31 67
31 69
31 73
31 74
31 75
31 76
31 80
31 82
31 85
31 90
31 91
31 94
31 96
31 106
31 109
31 113
31 116
31 120
31 122
31 123
31 124
31 130
31 131
31 137
31 138
31 144
31 149
31 150
31 151
31 156
31 157
31 160
31 164
31 165
31 167
31 170
31 174
31 177
31 178
31 183
31 187
31 190
31 191
31 192
31 198
32 33
32 34
32 35
32 37
32 43
32 46
32 47
32 48
32 52
32 54
32 56
32 59
32 61
32 66
32 72
32 79
32 81
32 82
32 88
32 93
32 101
32 103
32 109
32 111
32 112
32 113
32 117
32 118
32 119
32 121
32 130
32 134
32 136
32 137
32 142
32 143
32 144
32 150
32 153
32 156
32 158
32 159
32 161
32 167
32 169
32 171
32 173
32 174
32 178
32 184
32 185
32 197
33 35
33 37
33 38
33 41
33 42
33 46
33 55
33 57
33 60
33 63
33 67
33 69
33 73
33 77
33 79
33 80
33 81
33 84
33 86
33 87
33 88
33 89
33 90
33 92
33 93
33 100
33 112
33 116
33 123
33 124
33 125
33 126
33 129
33 131
33 134
33 135
33 137
33 138
33 146
33 147
33 148
33 149
33 150
33 154
33 163
33 164
33 165
33 167
33 172
33 174
33 178
33 180
33 182
33 193
33 194
34 35
34 37
34 41
34 45
34 46
34 47
34 49
34 51
34 53
34 55
34 57
34 64
34 74
34 78
34 88
34 91
34 93
34 95
34 96
34 110
34 112
34 113
34 125
34 127
34 131
34 132
34 133
34 134
34 137
34 140
34 152
34 157
34 159
34 160
34 165
34 169
34 177
34 178
34 182
34 186
34 187
34 191
35 36
35 38
35 39
35 42
35 43
35 44
35 46
35 48
35 49
35 51
35 53
35 54
35 56
35 57
35 68
35 69
35 76
35 82
35 83
35 85
35 86
35 89
35 96
35 101
35 102
35 103
35 107
35 108
35 112
35 114
35 119
35 120
35 122
35 125
35 126
35 128
35 132
35 134
35 135
35 139
35 145
35 147
35 151
35 153
35 157
35 161
35 166
35 167
35 170
35 172
35 174
35 176
35 181
35 182
35 185
35 186
35 194
35 196
36 38
36 43
36 47
36 48
36 49
36 57
36 62
36 64
36 67
36 69
36 71
36 72
36 74
36 76
36 78
36 80
36 88
36 89
36 94
36 98
36 102
36 104
36 107
36 108
36 117
36 124
36 128
36 129
36 130
36 136
36 138
36 147
36 148
36 149
36 152
36 155
36 157
36 166
36 171
36 185
36 191
36 195
36 197
36 198
37 38
37 42
37 43
37 45
37 49
37 50
37 52
37 56
37 63
37 67
37 68
37 69
37 70
37 71
37 74
37 78
37 83
37 86
37 88
37 90
37 92
37 99
37 101
37 102
37 109
37 110
37 112
37 114
37 118
37 120
37 123
37 125
37 129
37 131
37 132
37 137
37 140
37 141
37 148
37 149
37 152
37 156
37 157
37 160
37 169
37 170
37 179
37 180
37 184
37 186
37 193
37 199
38 40
38 41
38 49
38 52
38 55
38 62
38 71
38 79
38 80
38 83
38 87
38 93
38 97
38 98
38 101
38 102
38 105
38 110
38 113
38 119
38 123
38 124
38 125
38 132
38 136
38 139
38 140
38 143
38 150
38 154
38 157
38 160
38 162
38 163
38 170
38 172
38 175
38 180
38 184
38 187
38 189
38 192
38 197
38 198
38 199
39 42
39 44
39 47
39 48
39 52
39 53
39 58
39 59
39 63
39 64
39 66
39 67
39 69
39 70
39 74
39 79
39 80
39 81
39 87
39 88
39 91
39 92
39 94
39 98
39 99
39 101
39 102
39 112
39 116
39 117
39 118
39 120
39 123
39 130
39 132
39 134
39 136
39 138
39 142
39 145
39 146
39 147
39 148
39 152
39 154
39 155
39 156
39 160
39 161
39 162
39 164
39 169
39 171
39 173
39 184
39 187
39 188
39 198
39 199
40 41
40 42
40 45
40 46
40 48
40 53
40 56
40 57
40 67
40 72
40 73
40 75
40 77
40 78
40 83
40 85
40 86
40 87
40 93
40 94
40 99
40 100
40 101
40 107
40 109
40 111
40 116
40 120
40 123
40 124
40 126
40 128
40 130
40 135
40 142
40 143
40 146
40 147
40 148
40 153
40 154
40 163
40 164
40 171
40 178
40 187
40 192
40 195
40 196
40 197
41 42
41 44
41 45
41 51
41 55
41 56
41 73
41 74
41 78
41 79
41 80
41 81
41 89
41 94
41 97
41 98
41 101
41 103
41 107
41 113
41 114
41 116
41 118
41 132
41 137
41 138
41 139
41 141
41 148
41 152
41 157
41 158
41 162
41 164
41 168
41 169
41 170
41 173
41 175
41 183
41 192
41 193
41 197
41 198
42 44
42 47
42 48
42 49
42 50
42 54
42 56
42 75
42 79
42 84
42 85
42 87
42 88
42 89
42 90
42 101
42 102
42 104
42 108
42 109
42 116
42 118
42 120
42 121
42 123
42 125
42 128
42 131
42 132
42 141
42 144
42 148
42 149
42 154
42 155
42 158
42 160
42 167
42 171
42 183
42 185
42 194
42 195
42 196
42 197
42 198
42 199
43 44
43 49
43 50
43 52
43 60
43 63
43 66
43 67
43 69
43 71
43 79
43 82
43 88
43 103
43 104
43 105
43 106
43 107
43 108
43 111
43 114
43 116
43 119
43 124
43 125
43 127
43 129
43 134
43 136
43 138
43 141
43 147
43 150
43 152
43 156
43 158
43 162
43 166
43 167
43 168
43 169
43 170
43 171
43 172
43 182
43 183
43 187
43 191
43 197
44 45
44 51
44 52
44 57
44 61
44 64
44 65
44 69
44 71
44 77
44 80
44 82
44 84
44 86
44 88
44 89
44 97
44 102
44 103
44 105
44 107
44 108
44 109
44 113
44 117
44 124
44 130
44 140
44 142
44 147
44 150
44 152
44 162
44 170
44 176
44 177
44 179
44 184
44 185
44 188
44 189
44 195
45 48
45 57
45 59
45 60
45 66
45 67
45 68
45 69
45 74
45 77
45 80
45 81
45 82
45 86
45 89
45 95
45 97
45 99
45 101
45 104
45 105
45 108
45 114
45 115
45 116
45 122
45 123
45 126
45 134
45 139
45 140
45 141
45 144
45 146
45 151
45 157
45 159
45 160
45 163
45 169
45 177
45 184
45 188
45 199
46 49
46 57
46 62
46 69
46 72
46 73
46 74
46 78
46 79
46 82
46 86
46 89
46 93
46 96
46 98
46 99
46 106
46 115
46 121
46 127
46 129
46 132
46 135
46 136
46 138
46 142
46 143
46 150
46 151
46 157
46 158
46 160
46 162
46 167
46 169
46 173
46 177
46 181
46 186
46 187
46 191
46 192
46 194
46 195
46 199
47 51
47 53
47 57
47 58
47 59
47 61
47 64
47 66
47 73
47 75
47 78
47 79
47 80
47 86
47 87
47 90
47 95
47 100
47 102
47 107
47 109
47 113
47 116
47 117
47 120
47 125
47 127
47 128
47 130
47 136
47 139
47 141
47 143
47 144
47 146
47 149
47 153
47 157
47 159
47 162
47 177
47 178
47 179
47 183
47 188
47 189
48 53
48 56
48 62
48 65
48 67
48 70
48 73
48 74
48 77
48 80
48 82
48 84
48 85
48 94
48 100
48 104
48 114
48 119
48 120
48 123
48 126
48 127
48 130
48 131
48 133
48 141
48 147
48 154
48 156
48 158
48 163
48 168
48 176
48 177
48 178
48 179
48 190
48 191
48 193
48 195
48 196
49 50
49 52
49 56
49 58
49 60
49 63
49 67
49 68
49 69
49 70
49 71
49 72
49 78
49 87
49 88
49 92
49 93
49 96
49 100
49 101
49 104
49 106
49 108
49 110
49 111
49 115
49 117
49 122
49 125
49 128
49 129
49 130
49 135
49 139
49 141
49 143
49 144
49 148
49 150
49 153
49 159
49 160
49 169
49 176
49 177
49 179
49 180
49 182
49 184
49 185
49 186
49 191
49 192
49 195
50 56
50 59
50 62
50 63
50 66
50 67
50 70
50 72
50 76
50 85
50 87
50 96
50 98
50 101
50 111
50 112
50 114
50 117
50 121
50 127
50 128
50 138
50 150
50 151
50 152
50 153
50 154
50 155
50 161
50 162
50 168
50 169
50 170
50 171
50 172
50 177
50 184
50 190
50 191
50 193
50 197
50 198
51 53
51 56
51 57
51 76
51 77
51 78
51 79
51 80
51 87
51 91
51 95
51 99
51 100
51 101
51 107
51 110
51 125
51 126
51 130
51 133
51 134
51 136
51 138
51 139
51 142
51 143
51 148
51 151
51 153
51 158
51 163
51 165
51 168
51 171
51 173
51 177
51 180
51 181
51 185
51 187
51 189
51 190
51 191
51 194
51 195
51 199
52 53
52 56
52 59
52 67
52 69
52 80
52 81
52 82
52 89
52 90
52 98
52 107
52 110
52 114
52 117
52 119
52 120
52 121
52 123
52 124
52 126
52 127
52 133
52 134
52 136
52 142
52 149
52 151
52 155
52 157
52 158
52 162
52 163
52 165
52 167
52 169
52 173
52 178
52 182
52 186
52 187
52 188
52 195
53 55
53 64
53 65
53 70
53 74
53 77
53 78
53 81
53 86
53 90
53 91
53 101
53 109
53 114
53 117
53 119
53 121
53 125
53 130
53 135
53 139
53 154
53 156
53 160
53 161
53 163
53 165
53 167
53 168
53 171
53 172
53 176
53 179
53 182
53 187
53 188
53 189
53 193
53 197
54 57
54 58
54 62
54 66
54 67
54 74
54 78
54 79
54 81
54 91
54 92
54 104
54 114
54 117
54 119
54 123
54 131
54 143
54 144
54 148
54 152
54 155
54 164
54 166
54 167
54 173
54 178
54 179
54 187
54 189
54 191
54 197
54 199
55 59
55 60
55 62
55 67
55 76
55 83
55 84
55 91
55 92
55 95
55 97
55 101
55 103
55 106
55 107
55 110
55 123
55 124
55 131
55 137
55 145
55 153
55 154
55 155
55 158
55 165
55 167
55 170
55 175
55 183
55 184
55 185
55 187
55 190
56 57
56 59
56 60
56 63
56 64
56 66
56 70
56 81
56 84
56 86
56 89
56 91
56 100
56 102
56 103
56 108
56 109
56 113
56 128
56 132
56 135
56 138
56 139
56 142
56 148
56 152
56 153
56 154
56 163
56 176
56 182
56 188
56 195
57 58
57 63
57 71
57 76
57 83
57 88
57 94
57 95
57 96
57 98
57 103
57 106
57 107
57 113
57 114
57 116
57 117
57 127
57 142
57 149
57 151
57 152
57 153
57 154
57 157
57 158
57 160
57 167
57 169
57 175
57 179
57 192
57 199
58 61
58 63
58 69
58 72
58 73
58 76
58 84
58 92
58 99
58 100
58 102
58 104
58 108
58 111
58 112
58 115
58 120
58 122
58 124
58 125
58 127
58 131
58 137
58 142
58 149
58 151
58 152
58 154
58 162
58 166
58 170
58 176
58 178
58 182
58 183
58 188
58 194
58 195
58 196
58 199
59 67
59 68
59 69
59 70
59 72
59 77
59 79
59 81
59 83
59 86
59 88
59 91
59 92
59 95
59 99
59 103
59 105
59 112
59 120
59 121
59 122
59 125
59 131
59 140
59 142
59 146
59 148
59 155
59 161
59 162
59 165
59 166
59 172
59 173
59 174
59 175
59 183
59 188
59 189
59 195
60 61
60 62
60 74
60 75
60 76
60 78
60 83
60 84
60 85
60 90
60 94
60 95
60 96
60 105
60 106
60 107
60 109
60 110
60 112
60 119
60 121
60 123
60 124
60 128
60 133
60 137
60 139
60 145
60 146
60 148
60 158
60 163
60 167
60 168
60 173
60 174
60 175
60 176
60 177
60 185
60 187
60 190
60 191
60 194
61 62
61 63
61 65
61 67
61 75
61 82
61 88
61 92
61 93
61 97
61 98
61 99
61 102
61 103
61 106
61 108
61 112
61 116
61 121
61 122
61 124
61 125
61 131
61 134
61 135
61 136
61 138
61 142
61 148
61 150
61 152
61 153
61 154
61 166
61 169
61 171
61 174
61 181
61 194
61 195
61 197
62 63
62 66
62 68
62 70
62 71
62 73
62 82
62 84
62 86
62 87
62 89
62 91
62 92
62 97
62 103
62 111
62 114
62 115
62 119
62 120
62 121
62 123
62 126
62 142
62 143
62 144
62 146
62 149
62 151
62 152
62 153
62 155
62 156
62 159
62 162
62 163
62 168
62 170
62 179
62 184
62 185
62 186
62 188
62 190
62 196
62 197
62 199
63 70
63 73
63 75
63 77
63 85
63 86
63 94
63 101
63 103
63 105
63 110
63 115
63 123
63 127
63 128
63 132
63 134
63 140
63 141
63 144
63 145
63 151
63 154
63 155
63 157
63 178
63 181
63 185
63 187
63 188
63 192
63 193
63 197
63 199
64 65
64 68
64 69
64 73
64 75
64 77
64 80
64 86
64 89
64 93
64 97
64 98
64 99
64 102
64 103
64 112
64 114
64 119
64 121
64 122
64 124
64 125
64 126
64 129
64 141
64 142
64 148
64 149
64 152
64 158
64 161
64 163
64 165
64 170
64 173
64 181
64 182
64 184
64 187
64 189
65 71
65 73
65 76
65 85
65 93
65 98
65 100
65 104
65 105
65 109
65 110
65 113
65 119
65 133
65 134
65 136
65 144
65 145
65 146
65 150
65 151
65 156
65 160
65 164
65 172
65 173
65 175
65 177
65 180
65 186
65 190
65 191
65 192
65 195
65 196
66 69
66 71
66 75
66 77
66 79
66 80
66 82
66 86
66 89
66 95
66 98
66 99
66 105
66 107
66 112
66 121
66 123
66 127
66 128
66 129
66 131
66 132
66 135
66 144
66 148
66 152
66 153
66 154
66 160
66 164
66 165
66 168
66 172
66 174
66 176
66 177
66 184
66 188
66 189
66 190
66 191
66 193
66 197
66 198
67 68
67 72
67 77
67 79
67 82
67 83
67 85
67 91
67 94
67 97
67 105
67 106
67 108
67 109
67 115
67 118
67 119
67 120
67 123
67 130
67 138
67 140
67 142
67 144
67 149
67 151
67 153
67 155
67 156
67 160
67 161
67 163
67 168
67 169
67 172
67 176
67 187
67 191
67 198
67 199
68 69
68 71
68 73
68 78
68 85
68 95
68 96
68 97
68 102
68 109
68 110
68 111
68 115
68 119
68 126
68 129
68 131
68 132
68 136
68 149
68 151
68 154
68 170
68 171
68 177
68 181
68 185
68 193
68 199
69 76
69 78
69 80
69 86
69 87
69 88
69 89
69 90
69 91
69 94
69 95
69 98
69 101
69 107
69 109
69 110
69 112
69 113
69 115
69 119
69 121
69 128
69 133
69 145
69 146
69 150
69 151
69 153
69 154
69 159
69 165
69 167
69 169
69 170
69 171
69 176
69 180
69 181
69 182
69 186
69 188
69 189
69 195
69 196
70 71
70 79
70 84
70 86
70 87
70 89
70 93
70 96
70 97
70 98
70 100
70 101
70 103
70 111
70 116
70 118
70 120
70 121
70 122
70 123
70 125
70 128
70 139
70 141
70 142
70 144
70 145
70 150
70 153
70 154
70 159
70 160
70 167
70 170
70 172
70 178
70 181
70 185
70 186
70 188
70 194
70 196
71 72
71 79
71 91
71 96
71 100
71 101
71 102
71 103
71 106
71 113
71 114
71 116
71 125
71 128
71 131
71 132
71 133
71 134
71 136
71 141
71 142
71 146
71 148
71 151
71 153
71 155
71 156
71 158
71 163
71 164
71 166
71 174
71 176
71 181
71 182
71 183
71 186
71 189
71 191
71 194
71 197
72 73
72 76
72 78
72 81
72 84
72 90
72 94
72 96
72 97
72 98
72 100
72 103
72 106
72 108
72 110
72 112
72 113
72 114
72 115
72 120
72 124
72 128
72 132
72 139
72 140
72 141
72 144
72 153
72 156
72 158
72 159
72 162
72 163
72 167
72 168
72 170
72 180
72 181
72 183
72 185
72 191
72 193
72 194
73 75
73 77
73 78
73 87
73 89
73 90
73 92
73 100
73 111
73 117
73 128
73 131
73 132
73 133
73 135
73 147
73 151
73 154
73 163
73 170
73 171
73 174
73 175
73 179
73 180
73 181
73 186
73 187
73 198
73 199
74 75
74 76
74 79
74 82
74 85
74 88
74 92
74 94
74 95
74 97
74 101
74 102
74 109
74 110
74 114
74 121
74 122
74 127
74 130
74 134
74 138
74 141
74 146
74 151
74 155
74 157
74 162
74 168
74 171
74 172
74 180
74 182
74 185
74 187
74 192
75 79
75 80
75 83
75 96
75 100
75 101
75 105
75 110
75 114
75 116
75 117
75 134
75 135
75 137
75 138
75 140
75 143
75 145
75 147
75 149
75 152
75 156
75 160
75 166
75 176
75 179
75 182
75 187
75 194
76 78
76 79
76 86
76 88
76 90
76 92
76 94
76 99
76 101
76 107
76 108
76 113
76 121
76 122
76 123
76 124
76 130
76 135
76 137
76 145
76 147
76 149
76 150
76 151
76 154
76 156
76 158
76 166
76 177
76 185
76 186
76 193
76 194
76 195
76 197
77 79
77 81
77 82
77 89
77 93
77 94
77 95
77 100
77 102
77 103
77 108
77 109
77 114
77 119
77 126
77 128
77 130
77 135
77 142
77 143
77 154
77 159
77 160
77 165
77 172
77 175
77 176
77 179
77 180
77 184
77 186
77 197
77 199
78 80
78 82
78 83
78 88
78 90
78 92
78 97
78 103
78 104
78 116
78 123
78 124
78 132
78 133
78 143
78 145
78 147
78 149
78 150
78 153
78 154
78 155
78 158
78 159
78 163
78 166
78 167
78 169
78 170
78 174
78 175
78 193
78 194
78 196
79 82
79 90
79 91
79 92
79 93
79 96
79 99
79 102
79 107
79 115
79 117
79 118
79 125
79 129
79 131
79 134
79 135
79 138
79 139
79 144
79 145
79 149
79 154
79 158
79 159
79 160
79 162
79 163
79 164
79 166
79 169
79 171
79 180
79 188
79 189
79 191
79 197
80 81
80 82
80 83
80 84
80 86
80 88
80 92
80 103
80 108
80 109
80 114
80 117
80 122
80 126
80 127
80 138
80 139
80 142
80 143
80 144
80 150
80 152
80 156
80 158
80 159
80 160
80 162
80 166
80 167
80 168
80 169
80 170
80 176
80 179
80 180
80 181
80 189
80 194
80 196
81 82
81 84
81 96
81 97
81 98
81 104
81 106
81 109
81 116
81 118
81 120
81 131
81 137
81 139
81 142
81 146
81 147
81 150
81 151
81 153
81 158
81 160
81 163
81 166
81 168
81 170
81 171
81 174
81 182
81 183
81 185
81 187
81 190
82 85
82 92
82 93
82 96
82 98
82 101
82 102
82 103
82 105
82 111
82 116
82 118
82 119
82 122
82 123
82 126
82 128
82 132
82 142
82 143
82 145
82 148
82 149
82 154
82 156
82 164
82 167
82 172
82 179
82 181
82 188
82 191
83 89
83 90
83 97
83 98
83 99
83 105
83 106
83 107
83 111
83 115
83 122
83 125
83 127
83 128
83 139
83 141
83 143
83 144
83 148
83 149
83 150
83 155
83 157
83 161
83 165
83 167
83 169
83 179
83 185
83 187
83 190
83 192
83 194
83 195
83 196
83 197
83 199
84 96
84 98
84 104
84 106
84 108
84 110
84 111
84 113
84 115
84 120
84 126
84 127
84 129
84 130
84 134
84 138
84 143
84 147
84 148
84 151
84 156
84 157
84 158
84 160
84 164
84 168
84 170
84 175
84 179
84 183
84 185
84 190
84 192
84 198
84 199
85 88
85 95
85 98
85 100
85 101
85 108
85 113
85 115
85 116
85 118
85 121
85 126
85 133
85 141
85 142
85 144
85 151
85 156
85 166
85 168
85 170
85 172
85 183
85 186
85 188
85 190
85 191
85 196
85 199
86 94
86 95
86 97
86 106
86 110
86 112
86 116
86 117
86 118
86 121
86 123
86 124
86 127
86 131
86 132
86 134
86 138
86 139
86 142
86 144
86 146
86 152
86 154
86 157
86 159
86 161
86 163
86 164
86 168
86 171
86 178
86 179
86 180
86 182
86 188
86 189
86 194
87 88
87 89
87 92
87 94
87 96
87 100
87 102
87 105
87 107
87 118
87 120
87 130
87 155
87 160
87 165
87 173
87 174
87 176
87 177
87 196
87 198
88 90
88 92
88 93
88 95
88 98
88 100
88 112
88 116
88 120
88 123
88 124
88 132
88 133
88 139
88 145
88 146
88 151
88 153
88 155
88 156
88 157
88 158
88 163
88 169
88 170
88 174
88 178
88 179
88 182
88 186
88 187
88 192
88 194
88 197
88 199
89 92
89 95
89 108
89 109
89 113
89 114
89 118
89 119
89 125
89 127
89 129
89 132
89 135
89 136
89 137
89 141
89 147
89 153
89 156
89 166
89 167
89 172
89 175
89 178
89 181
89 185
89 186
89 189
89 196
89 198
90 93
90 95
90 96
90 109
90 110
90 112
90 114
90 117
90 120
90 121
90 122
90 129
90 131
90 136
90 143
90 144
90 146
90 149
90 153
90 156
90 160
90 161
90 171
90 176
90 177
90 178
90 179
90 181
90 184
90 188
90 190
90 195
91 93
91 95
91 96
91 97
91 99
91 105
91 107
91 111
91 112
91 115
91 120
91 121
91 123
91 130
91 131
91 132
91 133
91 141
91 142
91 145
91 148
91 156
91 157
91 165
91 166
91 169
91 175
91 183
91 184
91 190
91 194
91 196
91 197
91 199
92 93
92 96
92 97
92 100
92 101
92 103
92 111
92 121
92 127
92 133
92 135
92 144
92 145
92 150
92 154
92 158
92 162
92 171
92 172
92 174
92 175
92 178
92 183
92 185
92 186
92 189
92 192
92 199
93 94
93 96
93 98
93 99
93 104
93 106
93 110
93 111
93 115
93 117
93 119
93 120
93 122
93 126
93 129
93 134
93 141
93 145
93 150
93 153
93 154
93 161
93 165
93 166
93 168
93 173
93 174
93 176
93 179
93 185
93 191
93 197
93 198
94 95
94 96
94 100
94 102
94 103
94 104
94 111
94 112
94 113
94 123
94 127
94 129
94 132
94 133
94 134
94 135
94 136
94 139
94 142
94 145
94 147
94 149
94 150
94 151
94 153
94 154
94 156
94 157
94 158
94 159
94 163
94 168
94 170
94 171
94 172
94 173
94 175
94 177
94 179
94 181
94 187
94 191
94 195
95 96
95 100
95 101
95 111
95 115
95 119
95 125
95 127
95 128
95 129
95 136
95 138
95 140
95 141
95 142
95 147
95 151
95 154
95 155
95 157
95 158
95 160
95 165
95 171
95 172
95 176
95 178
96 100
96 103
96 105
96 108
96 109
96 115
96 117
96 124
96 125
96 126
96 127
96 130
96 132
96 133
96 137
96 140
96 147
96 151
96 153
96 158
96 159
96 162
96 168
96 171
96 175
96 179
96 188
96 190
96 191
96 199
97 101
97 107
97 110
97 113
97 119
97 120
97 124
97 125
97 130
97 135
97 138
97 139
97 143
97 145
97 146
97 154
97 156
97 158
97 162
97 167
97 168
97 171
97 177
97 183
97 191
97 193
97 196
97 197
97 198
98 99
98 101
98 102
98 104
98 107
98 108
98 109
98 116
98 118
98 119
98 124
98 125
98 126
98 130
98 131
98 140
98 142
98 143
98 145
98 150
98 158
98 164
98 180
98 183
98 188
98 199
99 101
99 103
99 109
99 113
99 115
99 122
99 131
99 132
99 138
99 141
99 147
99 150
99 153
99 158
99 171
99 173
99 174
99 175
99 177
99 178
99 181
99 185
99 186
99 189
99 192
99 195
99 197
100 101
100 105
100 108
100 109
100 111
100 113
100 120
100 131
100 132
100 133
100 139
100 142
100 143
100 147
100 150
100 160
100 163
100 165
100 168
100 169
100 170
100 172
100 184
100 187
100 190
100 193
101 103
101 108
101 112
101 118
101 120
101 123
101 127
101 128
101 130
101 131
101 135
101 136
101 138
101 142
101 144
101 145
101 148
101 149
101 155
101 160
101 161
101 163
101 173
101 174
101 179
101 180
101 182
101 185
101 186
101 189
101 190
101 197
102 109
102 113
102 114
102 115
102 119
102 130
102 134
102 135
102 136
102 144
102 147
102 151
102 160
102 166
102 167
102 170
102 181
102 186
102 189
102 190
102 191
102 193
102 194
102 199
103 107
103 110
103 112
103 113
103 116
103 117
103 123
103 126
103 132
103 139
103 140
103 141
103 144
103 146
103 149
103 151
103 155
103 156
103 159
103 161
103 166
103 170
103 172
103 174
103 177
103 179
103 181
103 182
103 186
103 188
103 196
103 197
103 199
104 106
104 107
104 111
104 113
104 115
104 116
104 117
104 118
104 127
104 130
104 133
104 138
104 140
104 141
104 142
104 144
104 147
104 152
104 153
104 158
104 160
104 167
104 168
104 171
104 175
104 177
104 186
105 115
105 116
105 117
105 124
105 125
105 133
105 135
105 136
105 138
105 142
105 146
105 149
105 153
105 155
105 158
105 161
105 168
105 169
105 171
105 181
105 184
105 189
106 109
106 112
106 114
106 123
106 125
106 132
106 134
106 136
106 144
106 145
106 146
106 148
106 149
106 154
106 155
106 156
106 170
106 173
106 176
106 179
106 181
106 182
106 188
106 189
106 190
106 191
106 196
107 108
107 109
107 110
107 115
107 118
107 119
107 120
107 126
107 132
107 133
107 135
107 138
107 141
107 145
107 149
107 152
107 154
107 159
107 160
107 165
107 172
107 173
107 176
107 179
107 183
107 184
107 190
107 193
107 197
107 198
108 110
108 111
108 118
108 121
108 123
108 125
108 128
108 134
108 135
108 136
108 145
108 151
108 152
108 153
108 161
108 162
108 165
108 166
108 169
108 177
108 179
108 181
108 185
108 187
108 191
108 192
108 193
108 195
108 199
109 113
109 115
109 117
109 118
109 119
109 123
109 125
109 128
109 129
109 130
109 131
109 133
109 134
109 135
109 136
109 144
109 146
109 147
109 154
109 155
109 159
109 167
109 171
109 175
109 176
109 182
109 187
109 188
109 189
109 190
109 196
109 199
110 112
110 113
110 116
110 119
110 121
110 123
110 130
110 132
110 134
110 136
110 138
110 139
110 140
110 144
110 145
110 159
110 160
110 162
110 170
110 174
110 179
110 181
110 183
110 184
110 187
110 189
110 199
111 112
111 113
111 117
111 118
111 134
111 135
111 139
111 140
111 143
111 164
111 168
111 169
111 170
111 172
111 174
111 181
111 183
111 187
111 188
111 192
111 197
112 114
112 116
112 120
112 121
112 125
112 126
112 128
112 129
112 131
112 133
112 135
112 137
112 141
112 145
112 148
112 152
112 160
112 163
112 165
112 167
112 171
112 172
112 173
112 175
112 178
112 184
112 189
112 190
112 192
112 199
113 118
113 120
113 133
113 134
113 140
113 146
113 149
113 150
113 151
113 152
113 156
113 157
113 164
113 165
113 169
113 171
113 180
113 191
113 193
113 196
114 118
114 122
114 123
114 124
114 127
114 130
114 133
114 137
114 150
114 152
114 153
114 156
114 160
114 162
114 167
114 168
114 173
114 175
114 177
114 180
114 181
114 182
114 185
114 186
114 189
114 194
115 117
115 119
115 120
115 127
115 137
115 139
115 143
115 150
115 154
115 155
115 156
115 172
115 174
115 177
115 186
115 187
115 188
115 189
115 195
115 196
115 197
116 119
116 124
116 127
116 128
116 136
116 138
116 139
116 141
116 144
116 145
116 147
116 149
116 150
116 151
116 157
116 161
116 163
116 164
116 166
116 169
116 170
116 171
116 173
116 174
116 178
116 179
116 184
116 188
116 192
116 194
116 198
117 122
117 123
117 125
117 126
117 127
117 132
117 133
117 135
117 139
117 145
117 147
117 148
117 150
117 151
117 168
117 174
117 186
117 187
117 191
117 193
117 197
117 198
118 123
118 127
118 130
118 137
118 139
118 140
118 142
118 144
118 145
118 149
118 152
118 161
118 169
118 170
118 172
118 175
118 179
118 181
118 182
118 183
118 187
118 188
118 190
118 193
119 120
119 121
119 122
119 123
119 124
119 127
119 129
119 134
119 136
119 141
119 142
119 143
119 148
119 149
119 156
119 157
119 174
119 175
119 177
119 183
119 184
119 189
119 196
120 122
120 123
120 125
120 130
120 131
120 135
120 136
120 140
120 141
120 146
120 148
120 156
120 160
120 170
120 171
120 173
120 176
120 178
120 186
120 190
120 191
120 194
120 197
120 199
121 125
121 127
121 129
121 132
121 133
121 134
121 150
121 151
121 155
121 156
121 161
121 163
121 165
121 168
121 169
121 178
121 187
121 189
121 194
122 123
122 127
122 129
122 132
122 136
122 141
122 143
122 147
122 159
122 164
122 166
122 167
122 171
122 174
122 181
122 184
122 186
122 188
122 196
122 199
123 126
123 128
123 131
123 137
123 139
123 141
123 143
123 145
123 151
123 159
123 162
123 167
123 168
123 169
123 171
123 175
123 176
123 177
123 185
123 186
123 187
123 188
123 191
123 192
123 196
123 197
123 199
124 131
124 133
124 136
124 139
124 141
124 144
124 152
124 155
124 159
124 160
124 161
124 162
124 165
124 166
124 169
124 170
124 176
124 183
124 186
124 187
124 189
124 193
125 126
125 128
125 129
125 137
125 141
125 146
125 150
125 151
125 153
125 157
125 162
125 164
125 165
125 175
125 177
125 180
125 181
125 183
125 186
125 188
125 190
125 196
125 199
126 127
126 134
126 136
126 139
126 142
126 143
126 144
126 146
126 148
126 152
126 153
126 157
126 161
126 164
126 165
126 169
126 172
126 176
126 182
126 183
126 184
126 190
126 192
126 193
126 194
126 197
127 128
127 130
127 131
127 133
127 138
127 140
127 143
127 146
127 151
127 161
127 165
127 166
127 172
127 173
127 174
127 177
127 180
127 181
127 183
127 187
127 190
127 191
127 194
127 196
127 197
128 141
128 142
128 143
128 146
128 147
128 150
128 151
128 155
128 159
128 161
128 162
128 163
128 165
128 166
128 167
128 168
128 170
128 172
128 176
128 178
128 179
128 182
128 184
128 185
128 189
128 193
128 198
129 130
129 136
129 138
129 141
129 150
129 151
129 153
129 155
129 160
129 165
129 166
129 172
129 175
129 176
129 177
129 178
129 180
129 182
129 183
129 184
129 185
129 186
129 187
129 194
130 132
130 134
130 139
130 140
130 143
130 144
130 149
130 159
130 162
130 164
130 167
130 168
130 170
130 171
130 173
130 175
130 178
130 179
130 180
130 181
130 183
130 186
130 192
131 132
131 136
131 140
131 141
131 143
131 149
131 151
131 152
131 157
131 159
131 161
131 163
131 164
131 165
131 168
131 171
131 173
131 174
131 176
131 177
131 180
131 189
131 190
131 191
131 197
132 136
132 138
132 139
132 143
132 153
132 159
132 160
132 164
132 165
132 169
132 176
132 180
132 183
132 191
132 195
132 196
132 199
133 138
133 143
133 147
133 155
133 159
133 162
133 163
133 164
133 169
133 173
133 174
133 179
133 180
133 183
133 186
133 188
133 190
133 193
133 197
134 135
134 137
134 141
134 144
134 145
134 146
134 150
134 152
134 153
134 155
134 156
134 176
134 177
134 178
134 180
134 184
134 185
134 189
134 190
134 191
134 192
134 194
134 199
135 136
135 142
135 151
135 152
135 155
135 158
135 167
135 168
135 172
135 179
135 184
135 187
135 189
135 190
135 191
135 196
136 138
136 140
136 143
136 145
136 146
136 149
136 152
136 153
136 155
136 157
136 159
136 162
136 164
136 165
136 168
136 169
136 170
136 174
136 177
136 179
136 180
136 182
136 186
136 191
136 196
137 138
137 141
137 145
137 152
137 155
137 156
137 161
137 162
137 166
137 167
137 168
137 169
137 175
137 179
137 180
137 189
137 190
137 194
137 195
137 197
137 198
138 141
138 146
138 148
138 149
138 155
138 156
138 158
138 159
138 160
138 163
138 164
138 166
138 169
138 170
138 175
138 180
138 181
138 197
138 199
139 141
139 150
139 153
139 154
139 155
139 159
139 160
139 162
139 164
139 167
139 168
139 172
139 175
139 178
139 184
139 190
139 191
139 193
139 194
139 198
140 143
140 149
140 150
140 152
140 153
140 154
140 160
140 162
140 163
140 170
140 171
140 172
140 174
140 178
140 182
140 184
140 186
140 187
140 189
140 192
140 194
140 196
140 197
141 143
141 144
141 146
141 150
141 152
141 157
141 158
141 161
141 163
141 164
141 172
141 174
141 178
141 188
141 189
141 194
141 197
141 198
142 143
142 146
142 147
142 149
142 150
142 153
142 156
142 157
142 158
142 162
142 165
142 166
142 172
142 175
142 176
142 178
142 182
142 188
142 191
143 145
143 146
143 147
143 149
143 151
143 158
143 161
143 164
143 165
143 168
143 172
143 176
143 180
143 189
144 145
144 146
144 148
144 150
144 153
144 159
144 165
144 170
144 171
144 172
144 173
144 177
144 178
144 179
144 180
144 183
144 185
144 186
144 190
144 191
145 148
145 153
145 156
145 161
145 167
145 169
145 171
145 173
145 176
145 182
145 183
145 188
145 193
145 194
145 195
145 199
146 148
146 151
146 157
146 163
146 164
146 168
146 173
146 176
146 178
146 179
146 184
146 187
146 189
146 194
146 197
147 153
147 157
147 158
147 162
147 166
147 168
147 169
147 171
147 173
147 175
147 178
147 180
147 182
147 192
147 195
147 198
148 154
148 159
148 161
148 162
148 166
148 170
148 175
148 180
148 183
148 184
148 186
148 195
148 197
148 198
149 151
149 152
149 155
149 166
149 174
149 176
149 177
149 178
149 179
149 181
149 187
149 193
149 199
150 152
150 156
150 157
150 158
150 160
150 162
150 165
150 167
150 169
150 171
150 178
150 181
150 188
150 190
150 194
150 197
150 199
151 154
151 163
151 164
151 165
151 167
151 170
151 171
151 172
151 173
151 174
151 178
151 186
151 187
152 154
152 157
152 162
152 163
152 165
152 166
152 174
152 176
152 179
152 192
152 195
152 199
153 154
153 165
153 167
153 168
153 169
153 172
153 173
153 178
153 179
153 181
153 186
153 191
153 192
153 193
153 197
153 199
154 155
154 156
154 161
154 163
154 164
154 165
154 166
154 169
154 172
154 173
154 183
154 186
154 192
154 195
154 196
155 157
155 166
155 170
155 171
155 174
155 180
155 186
155 190
155 197
156 157
156 163
156 169
156 173
156 184
156 188
156 189
156 193
156 194
157 161
157 164
157 166
157 169
157 172
157 177
157 184
157 186
157 191
157 192
157 193
157 195
158 165
158 166
158 170
158 172
158 175
158 181
158 182
158 184
158 188
158 189
158 194
158 197
159 160
159 165
159 166
159 167
159 170
159 171
159 175
159 176
159 184
159 187
159 188
159 189
159 195
160 162
160 164
160 165
160 167
160 168
160 175
160 176
160 177
160 185
160 188
160 190
160 199
161 169
161 171
161 173
161 175
161 180
161 185
161 190
162 164
162 167
162 169
162 171
162 172
162 173
162 174
162 175
162 176
162 181
162 195
162 196
162 197
162 199
163 164
163 174
163 175
163 186
163 188
163 192
163 198
163 199
164 170
164 171
164 176
164 177
164 181
164 188
164 189
164 198
165 167
165 168
165 177
165 178
165 183
165 187
165 190
165 191
165 193
165 195
165 196
165 197
165 198
166 169
166 174
166 177
166 183
166 186
166 190
166 197
166 199
167 168
167 172
167 175
167 178
167 179
167 180
167 183
167 185
167 193
167 197
168 169
168 170
168 172
168 174
168 177
168 189
168 195
168 197
169 172
169 176
169 179
169 182
169 184
169 185
170 172
170 173
170 177
170 178
170 179
170 180
170 186
170 187
170 194
170 195
170 197
170 199
171 177
171 179
171 180
171 183
171 187
171 188
171 194
171 199
172 173
172 174
172 181
172 186
172 193
172 197
172 199
173 176
173 182
173 193
173 197
173 198
174 175
174 176
174 180
174 181
174 183
174 184
174 185
174 186
174 188
174 191
174 197
175 181
175 185
175 187
175 189
175 190
175 191
175 192
175 194
176 178
176 179
176 180
176 183
176 187
176 194
176 196
177 182
177 183
177 185
177 189
177 191
177 199
178 180
178 181
178 190
178 194
178 195
178 196
178 197
179 187
179 188
179 192
179 194
179 199
180 182
180 183
180 187
180 191
180 193
180 195
180 199
181 182
181 187
181 190
181 192
181 193
181 196
181 198
181 199
182 183
182 184
182 192
182 197
182 198
183 190
183 196
184 185
184 189
184 192
184 193
184 199
185 186
185 194
185 195
185 196
185 197
185 198
186 188
186 191
186 194
186 195
186 196
186 199
187 191
187 193
187 195
187 197
187 198
187 199
188 198
189 193
189 196
189 198
189 199
190 195
191 192
191 194
191 196
192 197
192 198
192 199
193 197
193 198
193 199
194 197
194 199
196 197
198 199
