30 95
0 1
0 5
0 6
0 9
0 13
0 14
0 17
0 19
0 25
1 2
1 14
1 27
1 28
2 10
2 11
2 20
2 23
2 25
2 27
2 28
3 16
3 23
3 26
4 6
4 7
4 9
4 12
4 16
4 18
4 19
5 11
5 12
5 17
6 9
6 16
6 18
6 20
7 15
7 16
7 19
7 21
7 28
8 10
8 13
8 15
8 16
8 24
8 25
8 26
8 29
9 11
9 13
9 14
9 15
9 17
9 19
9 22
10 15
10 19
10 26
11 13
11 18
11 24
12 15
12 24
12 25
12 26
12 27
12 28
13 14
13 18
14 16
14 25
15 24
15 25
15 27
16 29
17 22
17 29
18 20
18 22
18 26
18 29
19 20
19 22
20 21
20 23
20 24
21 22
21 25
21 26
22 28
23 28
23 29
24 27
