200 4071
0 5
0 6
0 9
0 15
0 16
0 17
0 36
0 44
0 46
0 50
0 51
0 52
0 53
0 58
0 61
0 67
0 68
0 83
0 84
0 102
0 103
0 104
0 105
0 114
0 115
0 120
0 125
0 126
0 132
0 134
0 137
0 142
0 145
0 152
0 159
0 167
0 168
0 171
0 175
0 181
0 183
0 185
0 188
0 193
0 194
0 199
1 2
1 5
1 35
1 37
1 41
1 55
1 67
1 75
1 78
1 81
1 87
1 90
1 92
1 93
1 94
1 106
1 107
1 127
1 132
1 133
1 135
1 143
1 144
1 155
1 157
1 163
1 166
1 169
1 173
1 178
1 181
1 187
1 192
2 7
2 16
2 24
2 32
2 42
2 46
2 47
2 50
2 51
2 53
2 55
2 64
2 65
2 68
2 70
2 78
2 87
2 91
2 102
2 114
2 120
2 122
2 123
2 129
2 130
2 143
2 149
2 152
2 156
2 157
2 164
2 170
2 175
2 176
2 178
2 179
2 183
2 189
3 4
3 6
3 12
3 18
3 27
3 33
3 47
3 49
3 51
3 60
3 63
3 67
3 72
3 73
3 75
3 80
3 86
3 90
3 96
3 101
3 104
3 107
3 109
3 114
3 116
3 124
3 125
3 129
3 135
3 137
3 139
3 142
3 147
3 152
3 158
3 159
3 160
3 162
3 164
3 168
3 172
3 174
3 175
3 177
3 178
3 181
3 187
3 188
3 198
3 199
4 8
4 9
4 17
4 20
4 23
4 35
4 38
4 42
4 49
4 51
4 61
4 66
4 70
4 96
4 98
4 107
4 113
4 120
4 122
4 124
4 126
4 128
4 139
4 143
4 144
4 148
4 152
4 156
4 164
4 175
4 182
4 187
4 190
4 195
5 12
5 14
5 17
5 19
5 21
5 32
5 43
5 50
5 52
5 59
5 64
5 65
5 68
5 76
5 77
5 84
5 87
5 89
5 90
5 95
5 99
5 104
5 105
5 115
5 120
5 130
5 131
5 147
5 148
5 153
5 162
5 166
5 167
5 169
5 175
5 193
5 194
5 195
6 15
6 19
6 24
6 26
6 29
6 30
6 33
6 42
6 48
6 49
6 50
6 60
6 65
6 74
6 75
6 93
6 94
6 95
6 96
6 99
6 104
6 105
6 126
6 133
6 135
6 136
6 137
6 157
6 167
6 168
6 169
6 174
6 181
6 183
6 184
6 186
6 190
7 21
7 22
7 23
7 31
7 33
7 35
7 38
7 44
7 47
7 51
7 52
7 59
7 67
7 71
7 74
7 75
7 83
7 86
7 89
7 95
7 98
7 100
7 105
7 111
7 112
7 123
7 133
7 140
7 147
7 151
7 164
7 170
7 172
7 173
7 174
7 175
7 177
7 178
7 189
7 199
8 11
8 23
8 40
8 48
8 50
8 67
8 73
8 74
8 80
8 82
8 83
8 90
8 102
8 110
8 117
8 121
8 130
8 135
8 136
8 143
8 146
8 148
8 150
8 152
8 160
8 166
8 173
8 174
8 190
8 191
9 19
9 26
9 28
9 32
9 41
9 52
9 53
9 54
9 58
9 63
9 65
9 71
9 73
9 78
9 79
9 83
9 86
9 93
9 99
9 104
9 106
9 114
9 122
9 124
9 126
9 127
9 157
9 163
9 164
9 172
9 173
9 179
9 183
9 189
9 191
9 192
9 195
9 198
10 11
10 12
10 21
10 24
10 27
10 29
10 36
10 44
10 53
10 54
10 59
10 65
10 66
10 71
10 80
10 81
10 85
10 91
10 109
10 116
10 121
10 134
10 135
10 136
10 140
10 144
10 147
10 154
10 155
10 160
10 175
10 184
10 185
10 189
10 193
10 195
10 199
11 20
11 23
11 24
11 29
11 33
11 35
11 38
11 48
11 65
11 70
11 81
11 85
11 87
11 98
11 102
11 109
11 111
11 119
11 121
11 130
11 131
11 140
11 151
11 155
11 160
11 171
11 173
11 184
11 195
12 15
12 18
12 20
12 22
12 25
12 32
12 37
12 48
12 55
12 59
12 61
12 66
12 70
12 75
12 80
12 84
12 88
12 95
12 97
12 99
12 105
12 107
12 109
12 119
12 126
12 134
12 138
12 141
12 143
12 148
12 153
12 158
12 167
12 169
12 170
12 175
12 191
12 199
13 18
13 19
13 20
13 31
13 34
13 36
13 43
13 47
13 50
13 51
13 58
13 62
13 64
13 65
13 67
13 68
13 75
13 80
13 91
13 94
13 97
13 99
13 101
13 104
13 106
13 108
13 109
13 110
13 112
13 113
13 116
13 126
13 128
13 131
13 135
13 142
13 151
13 172
13 173
13 175
14 15
14 18
14 21
14 28
14 29
14 36
14 38
14 39
14 40
14 47
14 54
14 55
14 59
14 61
14 64
14 65
14 86
14 92
14 107
14 122
14 131
14 133
14 135
14 142
14 147
14 148
14 160
14 166
14 174
14 189
14 190
14 191
14 195
14 198
15 18
15 22
15 26
15 28
15 31
15 32
15 34
15 36
15 44
15 56
15 60
15 65
15 68
15 73
15 80
15 85
15 86
15 91
15 101
15 102
15 105
15 108
15 122
15 126
15 129
15 130
15 131
15 133
15 136
15 140
15 154
15 156
15 157
15 158
15 161
15 162
15 173
15 176
15 179
15 181
15 184
15 188
15 189
15 192
15 196
16 25
16 28
16 31
16 33
16 36
16 37
16 40
16 47
16 54
16 62
16 63
16 66
16 70
16 79
16 81
16 83
16 84
16 87
16 94
16 101
16 104
16 108
16 138
16 139
16 142
16 150
16 151
16 153
16 154
16 160
16 161
16 169
16 172
16 175
16 179
16 188
16 189
16 194
16 195
16 198
16 199
17 26
17 27
17 32
17 39
17 49
17 61
17 62
17 73
17 74
17 82
17 90
17 93
17 101
17 107
17 108
17 110
17 119
17 123
17 129
17 140
17 141
17 151
17 153
17 161
17 162
17 163
17 169
17 170
17 171
17 175
17 176
17 178
17 191
17 195
17 196
18 20
18 21
18 34
18 42
18 48
18 49
18 50
18 55
18 58
18 60
18 65
18 68
18 73
18 74
18 76
18 86
18 92
18 109
18 113
18 115
18 125
18 128
18 130
18 132
18 137
18 147
18 148
18 156
18 163
18 174
18 175
18 176
18 178
18 184
18 185
18 192
18 194
18 196
19 25
19 34
19 35
19 38
19 39
19 44
19 51
19 53
19 62
19 63
19 67
19 68
19 71
19 81
19 82
19 86
19 91
19 101
19 103
19 109
19 114
19 115
19 117
19 119
19 120
19 121
19 122
19 129
19 132
19 133
19 134
19 138
19 139
19 143
19 149
19 150
19 152
19 154
19 155
19 156
19 157
19 158
19 161
19 163
19 174
19 175
19 177
19 182
19 188
19 196
19 197
19 199
20 21
20 22
20 23
20 24
20 31
20 33
20 51
20 61
20 62
20 66
20 76
20 77
20 91
20 92
20 94
20 102
20 104
20 113
20 123
20 124
20 135
20 137
20 138
20 140
20 147
20 172
20 176
20 180
20 182
20 189
20 190
20 193
20 197
21 25
21 43
21 49
21 55
21 65
21 66
21 70
21 84
21 87
21 88
21 92
21 94
21 95
21 96
21 100
21 105
21 109
21 118
21 121
21 122
21 125
21 126
21 136
21 138
21 144
21 147
21 148
21 155
21 157
21 160
21 165
21 166
21 167
21 168
21 170
21 175
21 176
21 184
21 192
21 199
22 27
22 30
22 33
22 35
22 42
22 52
22 55
22 57
22 60
22 61
22 63
22 76
22 80
22 87
22 89
22 92
22 101
22 105
22 108
22 109
22 110
22 113
22 114
22 118
22 139
22 141
22 146
22 150
22 154
22 157
22 158
22 161
22 177
22 178
22 187
22 199
23 25
23 34
23 49
23 50
23 56
23 58
23 59
23 63
23 68
23 72
23 76
23 84
23 88
23 90
23 100
23 109
23 110
23 114
23 128
23 130
23 132
23 136
23 144
23 147
23 148
23 149
23 151
23 154
23 156
23 159
23 160
23 170
23 183
23 184
23 195
23 197
24 31
24 35
24 40
24 50
24 51
24 52
24 57
24 61
24 64
24 65
24 70
24 73
24 79
24 95
24 98
24 100
24 101
24 113
24 115
24 118
24 128
24 131
24 136
24 148
24 156
24 157
24 159
24 164
24 170
24 172
24 178
24 180
24 186
24 187
24 191
24 192
24 193
24 198
25 30
25 33
25 34
25 38
25 41
25 47
25 62
25 69
25 70
25 74
25 84
25 86
25 90
25 94
25 95
25 101
25 120
25 121
25 123
25 125
25 126
25 141
25 143
25 155
25 157
25 164
25 166
25 170
25 178
25 179
25 189
25 198
26 33
26 35
26 36
26 37
26 40
26 43
26 51
26 54
26 56
26 59
26 60
26 62
26 64
26 68
26 75
26 83
26 89
26 92
26 101
26 106
26 107
26 108
26 112
26 121
26 136
26 137
26 139
26 143
26 147
26 148
26 151
26 152
26 161
26 162
26 164
26 166
26 171
26 172
26 191
26 195
26 196
27 40
27 42
27 45
27 51
27 54
27 57
27 71
27 73
27 80
27 88
27 92
27 104
27 105
27 115
27 119
27 121
27 128
27 131
27 136
27 156
27 158
27 159
27 160
27 165
27 168
27 176
27 182
27 197
27 199
28 36
28 42
28 46
28 48
28 49
28 57
28 58
28 62
28 72
28 77
28 79
28 81
28 82
28 84
28 86
28 87
28 88
28 102
28 103
28 105
28 112
28 114
28 116
28 118
28 128
28 130
28 134
28 135
28 140
28 141
28 148
28 152
28 166
28 170
28 171
28 172
28 174
28 181
28 185
29 34
29 37
29 40
29 43
29 47
29 51
29 58
29 60
29 65
29 66
29 68
29 71
29 75
29 90
29 92
29 97
29 109
29 113
29 116
29 124
29 135
29 136
29 140
29 147
29 154
29 155
29 156
29 167
29 168
29 174
29 177
29 186
29 188
29 195
29 196
29 199
30 35
30 41
30 53
30 54
30 59
30 61
30 64
30 72
30 74
30 82
30 86
30 90
30 93
30 94
30 96
30 97
30 109
30 120
30 123
30 125
30 127
30 128
30 135
30 138
30 150
30 155
30 161
30 162
30 177
30 188
30 196
30 199
31 33
31 36
31 42
31 44
31 51
31 55
31 57
31 74
31 76
31 80
31 84
31 89
31 93
31 103
31 108
31 117
31 120
31 121
31 125
31 135
31 143
31 144
31 145
31 148
31 150
31 151
31 160
31 161
31 162
31 164
31 168
31 171
31 173
31 175
31 176
31 178
31 179
31 180
31 183
31 185
31 196
31 198
31 199
32 35
32 37
32 46
32 53
32 55
32 60
32 64
32 66
32 75
32 92
32 110
32 115
32 122
32 125
32 126
32 127
32 130
32 131
32 136
32 138
32 139
32 146
32 148
32 156
32 159
32 163
32 164
32 165
32 167
32 174
32 180
32 187
32 192
32 194
33 39
33 41
33 46
33 51
33 53
33 54
33 58
33 62
33 63
33 65
33 81
33 96
33 104
33 110
33 111
33 115
33 118
33 124
33 131
33 140
33 150
33 159
33 161
33 162
33 165
33 166
33 167
33 171
33 177
33 186
33 190
33 193
33 199
34 35
34 36
34 40
34 43
34 56
34 58
34 59
34 64
34 75
34 91
34 97
34 107
34 113
34 114
34 117
34 118
34 119
34 121
34 132
34 149
34 151
34 156
34 157
34 160
34 163
34 164
34 168
34 175
34 176
34 179
34 180
34 181
34 186
34 188
34 196
35 47
35 55
35 58
35 59
35 63
35 67
35 72
35 81
35 84
35 90
35 92
35 94
35 95
35 96
35 101
35 105
35 116
35 120
35 124
35 127
35 128
35 131
35 138
35 140
35 141
35 143
35 144
35 145
35 148
35 152
35 154
35 155
35 156
35 164
35 169
35 182
35 184
35 186
35 193
36 44
36 47
36 60
36 87
36 88
36 90
36 93
36 95
36 96
36 97
36 99
36 102
36 112
36 116
36 120
36 124
36 126
36 132
36 134
36 141
36 148
36 163
36 173
36 179
36 182
36 184
36 188
36 197
37 38
37 42
37 43
37 47
37 50
37 51
37 52
37 60
37 68
37 77
37 84
37 87
37 90
37 91
37 98
37 102
37 103
37 106
37 111
37 113
37 116
37 119
37 126
37 127
37 142
37 150
37 154
37 157
37 172
37 190
37 194
37 195
38 39
38 45
38 47
38 52
38 54
38 55
38 61
38 64
38 66
38 74
38 76
38 82
38 83
38 86
38 91
38 96
38 102
38 109
38 110
38 112
38 114
38 116
38 128
38 148
38 156
38 167
38 168
38 170
38 173
38 178
38 179
38 186
38 191
38 192
38 196
38 199
39 41
39 46
39 54
39 66
39 67
39 68
39 71
39 73
39 74
39 77
39 79
39 80
39 91
39 97
39 98
39 100
39 115
39 123
39 126
39 127
39 134
39 137
39 142
39 148
39 149
39 161
39 168
39 169
39 172
39 173
39 178
39 180
39 181
39 184
39 191
40 43
40 44
40 46
40 51
40 59
40 61
40 65
40 69
40 70
40 74
40 76
40 83
40 86
40 95
40 100
40 101
40 102
40 104
40 106
40 107
40 112
40 115
40 121
40 122
40 135
40 138
40 150
40 166
40 174
40 188
40 193
40 197
41 45
41 49
41 62
41 66
41 72
41 81
41 92
41 96
41 99
41 104
41 107
41 131
41 138
41 150
41 152
41 157
41 158
41 159
41 162
41 165
41 176
41 182
41 183
42 45
42 48
42 49
42 51
42 52
42 54
42 56
42 57
42 61
42 62
42 67
42 81
42 83
42 93
42 98
42 100
42 101
42 106
42 109
42 113
42 115
42 116
42 117
42 123
42 128
42 129
42 134
42 138
42 141
42 143
42 148
42 157
42 159
42 167
42 169
42 170
42 173
42 182
42 183
42 187
42 192
42 193
42 197
43 45
43 50
43 57
43 61
43 69
43 72
43 77
43 84
43 85
43 87
43 100
43 103
43 105
43 110
43 111
43 112
43 117
43 126
43 128
43 129
43 130
43 131
43 135
43 141
43 143
43 186
43 191
43 193
43 198
44 45
44 46
44 48
44 57
44 58
44 72
44 74
44 75
44 83
44 86
44 87
44 90
44 92
44 93
44 101
44 102
44 108
44 114
44 116
44 124
44 131
44 132
44 142
44 144
44 145
44 152
44 163
44 167
44 170
44 178
44 180
44 182
44 186
44 187
44 188
44 190
44 192
44 196
45 48
45 51
45 52
45 53
45 56
45 64
45 73
45 77
45 79
45 82
45 83
45 84
45 93
45 95
45 104
45 107
45 111
45 112
45 113
45 119
45 120
45 122
45 133
45 139
45 144
45 160
45 168
45 169
45 172
45 174
45 185
45 186
45 192
45 194
45 197
46 55
46 60
46 66
46 70
46 78
46 82
46 83
46 84
46 85
46 96
46 103
46 121
46 126
46 130
46 131
46 132
46 134
46 139
46 140
46 141
46 150
46 152
46 158
46 160
46 174
46 184
46 185
46 187
46 198
47 53
47 55
47 58
47 70
47 75
47 90
47 96
47 99
47 102
47 106
47 111
47 116
47 123
47 127
47 133
47 137
47 140
47 142
47 144
47 148
47 159
47 171
47 173
47 174
47 176
47 177
47 178
47 186
47 187
47 188
47 194
48 56
48 58
48 60
48 62
48 63
48 64
48 65
48 68
48 70
48 90
48 95
48 106
48 107
48 108
48 119
48 123
48 130
48 134
48 138
48 142
48 143
48 145
48 146
48 148
48 161
48 163
48 164
48 165
48 167
48 182
48 191
48 192
48 193
48 199
49 51
49 60
49 62
49 66
49 77
49 80
49 94
49 103
49 106
49 109
49 120
49 125
49 127
49 131
49 136
49 138
49 140
49 164
49 171
49 172
49 173
49 176
49 181
49 183
49 184
49 185
49 186
49 193
49 197
50 53
50 66
50 70
50 74
50 79
50 83
50 88
50 91
50 96
50 99
50 103
50 114
50 117
50 121
50 131
50 133
50 137
50 138
50 147
50 151
50 152
50 158
50 161
50 168
50 175
50 178
50 182
50 186
50 189
50 196
50 197
51 59
51 75
51 77
51 79
51 80
51 85
51 90
51 94
51 101
51 104
51 117
51 119
51 126
51 127
51 130
51 134
51 140
51 154
51 157
51 161
51 172
51 188
51 191
51 197
51 199
52 55
52 58
52 63
52 66
52 68
52 69
52 70
52 76
52 85
52 91
52 92
52 94
52 97
52 98
52 110
52 136
52 143
52 149
52 153
52 159
52 161
52 169
52 170
52 175
52 178
52 180
52 182
52 185
52 191
52 193
52 199
53 55
53 56
53 62
53 63
53 64
53 74
53 78
53 81
53 85
53 91
53 97
53 99
53 109
53 110
53 111
53 114
53 119
53 135
53 136
53 139
53 150
53 158
53 160
53 176
53 182
53 190
53 199
54 60
54 62
54 64
54 75
54 78
54 87
54 90
54 92
54 103
54 104
54 134
54 146
54 159
54 162
54 165
54 175
54 185
54 186
54 195
54 196
54 198
55 60
55 64
55 65
55 67
55 71
55 79
55 80
55 82
55 92
55 99
55 109
55 111
55 120
55 121
55 125
55 126
55 127
55 141
55 143
55 150
55 163
55 166
55 167
55 168
55 175
55 177
55 181
55 182
55 184
55 190
55 191
55 197
56 69
56 81
56 82
56 87
56 96
56 101
56 102
56 103
56 107
56 123
56 128
56 129
56 130
56 134
56 135
56 137
56 141
56 145
56 154
56 163
56 166
56 167
56 169
56 175
56 178
56 186
56 193
57 83
57 89
57 94
57 101
57 103
57 107
57 115
57 123
57 133
57 134
57 150
57 155
57 168
57 170
57 171
57 173
57 177
57 183
57 184
57 186
58 62
58 63
58 65
58 79
58 81
58 91
58 93
58 96
58 104
58 105
58 111
58 113
58 115
58 118
58 124
58 127
58 130
58 151
58 153
58 154
58 156
58 160
58 168
58 176
58 180
58 193
58 194
58 196
59 60
59 65
59 69
59 75
59 76
59 80
59 81
59 82
59 83
59 86
59 89
59 95
59 99
59 104
59 106
59 114
59 119
59 121
59 123
59 129
59 140
59 144
59 149
59 150
59 151
59 155
59 156
59 157
59 159
59 160
59 162
59 168
59 182
59 187
59 196
59 198
60 62
60 70
60 72
60 75
60 78
60 84
60 93
60 94
60 96
60 97
60 100
60 101
60 114
60 117
60 122
60 125
60 132
60 133
60 136
60 143
60 148
60 151
60 152
60 155
60 157
60 158
60 160
60 165
60 166
60 167
60 177
60 184
60 187
60 192
60 198
61 63
61 74
61 79
61 80
61 88
61 93
61 95
61 103
61 104
61 110
61 121
61 139
61 141
61 152
61 154
61 156
61 162
61 163
61 169
61 171
61 176
61 182
61 188
61 189
62 69
62 70
62 85
62 87
62 88
62 101
62 102
62 103
62 104
62 108
62 109
62 115
62 124
62 127
62 128
62 130
62 135
62 136
62 169
62 172
62 187
62 196
62 199
63 65
63 75
63 87
63 101
63 103
63 111
63 120
63 121
63 125
63 148
63 155
63 157
63 160
63 166
63 171
63 178
63 180
63 181
63 187
63 188
63 189
63 196
63 198
64 65
64 68
64 74
64 76
64 77
64 78
64 87
64 88
64 90
64 107
64 110
64 113
64 115
64 122
64 126
64 140
64 141
64 144
64 148
64 150
64 160
64 177
64 178
64 181
64 188
65 70
65 81
65 83
65 88
65 89
65 91
65 99
65 100
65 101
65 103
65 109
65 116
65 120
65 123
65 135
65 136
65 139
65 141
65 144
65 146
65 147
65 152
65 157
65 161
65 164
65 167
65 170
65 171
65 175
65 182
65 183
65 185
65 195
65 199
66 70
66 78
66 82
66 86
66 88
66 89
66 96
66 102
66 107
66 111
66 120
66 122
66 130
66 140
66 161
66 163
66 166
66 169
66 174
66 175
66 180
66 196
66 197
67 70
67 76
67 86
67 87
67 88
67 91
67 97
67 108
67 110
67 116
67 117
67 120
67 121
67 124
67 126
67 142
67 152
67 158
67 165
67 166
67 167
67 168
67 170
67 171
67 175
67 178
67 179
67 184
67 185
67 186
67 191
67 194
68 70
68 72
68 75
68 79
68 88
68 96
68 104
68 110
68 112
68 124
68 133
68 154
68 160
68 164
68 168
68 170
68 178
69 75
69 79
69 86
69 88
69 93
69 98
69 101
69 105
69 106
69 108
69 113
69 114
69 120
69 129
69 133
69 136
69 143
69 148
69 153
69 155
69 170
69 173
69 174
69 176
69 177
69 183
69 186
69 191
69 195
69 198
70 79
70 88
70 91
70 97
70 104
70 105
70 116
70 126
70 135
70 150
70 158
70 161
70 181
70 183
70 185
70 197
70 199
71 72
71 80
71 90
71 97
71 100
71 108
71 117
71 123
71 124
71 126
71 132
71 133
71 135
71 142
71 143
71 145
71 149
71 158
71 167
71 179
71 180
71 188
71 191
71 193
71 198
72 73
72 77
72 78
72 79
72 81
72 83
72 87
72 89
72 90
72 93
72 96
72 98
72 102
72 104
72 114
72 116
72 118
72 122
72 129
72 133
72 138
72 152
72 158
72 171
72 174
72 177
72 180
72 192
72 194
73 81
73 82
73 85
73 89
73 92
73 100
73 119
73 123
73 124
73 125
73 126
73 127
73 130
73 133
73 138
73 145
73 148
73 152
73 154
73 155
73 163
73 172
73 173
73 184
74 87
74 89
74 91
74 93
74 98
74 99
74 100
74 101
74 102
74 106
74 121
74 127
74 128
74 131
74 143
74 144
74 147
74 149
74 153
74 161
74 164
74 171
74 180
74 181
74 190
74 193
75 78
75 84
75 85
75 86
75 99
75 103
75 122
75 123
75 126
75 137
75 139
75 142
75 147
75 154
75 155
75 177
75 188
75 191
76 81
76 95
76 96
76 98
76 100
76 101
76 102
76 103
76 105
76 108
76 112
76 114
76 122
76 127
76 135
76 136
76 141
76 164
76 165
76 169
76 173
76 180
76 194
76 195
76 198
77 91
77 96
77 105
77 110
77 111
77 113
77 116
77 117
77 118
77 130
77 131
77 135
77 141
77 143
77 150
77 160
77 163
77 167
77 169
77 177
77 179
77 180
77 184
77 193
77 195
78 80
78 81
78 86
78 91
78 96
78 127
78 136
78 141
78 156
78 158
78 163
78 165
78 189
78 191
79 80
79 90
79 96
79 99
79 105
79 111
79 113
79 122
79 123
79 126
79 138
79 140
79 158
79 159
79 160
79 162
79 163
79 175
79 177
79 178
79 184
79 194
79 198
79 199
80 81
80 92
80 96
80 102
80 103
80 110
80 113
80 117
80 118
80 122
80 125
80 126
80 127
80 129
80 139
80 142
80 144
80 148
80 152
80 165
80 167
80 168
80 175
80 178
80 181
80 191
80 197
81 83
81 88
81 94
81 98
81 102
81 115
81 119
81 131
81 132
81 137
81 147
81 151
81 154
81 158
81 165
81 170
81 173
81 180
81 189
81 190
82 84
82 99
82 101
82 103
82 121
82 125
82 127
82 128
82 130
82 134
82 136
82 137
82 161
82 165
82 166
82 169
82 173
82 176
82 177
82 178
82 185
82 195
82 197
83 90
83 95
83 101
83 113
83 119
83 126
83 128
83 130
83 138
83 139
83 145
83 150
83 167
83 171
83 179
83 181
83 182
83 190
83 192
83 197
84 88
84 95
84 100
84 107
84 112
84 117
84 122
84 125
84 126
84 127
84 128
84 146
84 148
84 151
84 152
84 166
84 175
84 178
84 182
84 183
84 184
84 185
84 188
84 199
85 89
85 96
85 100
85 102
85 107
85 110
85 112
85 115
85 117
85 124
85 126
85 132
85 148
85 150
85 165
85 169
85 175
85 181
85 187
85 192
85 199
86 91
86 103
86 112
86 119
86 120
86 132
86 133
86 135
86 145
86 146
86 149
86 157
86 165
86 176
86 189
86 191
86 193
86 198
86 199
87 101
87 102
87 112
87 113
87 116
87 118
87 121
87 127
87 131
87 141
87 144
87 145
87 148
87 149
87 152
87 156
87 157
87 158
87 162
87 163
87 188
87 196
87 197
88 89
88 99
88 110
88 117
88 121
88 122
88 123
88 135
88 137
88 147
88 159
88 162
88 165
88 166
88 170
88 173
88 176
88 178
88 181
88 184
88 187
88 191
88 192
88 194
88 198
89 92
89 96
89 97
89 108
89 109
89 113
89 122
89 129
89 132
89 134
89 144
89 147
89 153
89 154
89 158
89 165
89 169
89 170
89 171
89 180
89 182
89 186
89 188
89 190
90 91
90 92
90 93
90 102
90 104
90 108
90 110
90 115
90 116
90 141
90 144
90 147
90 148
90 152
90 154
90 155
90 161
90 163
90 164
90 178
90 187
90 188
90 190
90 191
90 193
90 194
91 92
91 95
91 99
91 100
91 106
91 107
91 112
91 113
91 116
91 118
91 124
91 133
91 135
91 136
91 146
91 147
91 150
91 154
91 155
91 158
91 159
91 165
91 170
91 177
91 179
91 182
91 189
91 193
91 195
91 197
91 199
92 100
92 105
92 108
92 112
92 121
92 130
92 140
92 141
92 144
92 146
92 153
92 161
92 164
92 166
92 168
92 176
92 178
92 189
92 191
92 197
92 199
93 94
93 95
93 96
93 109
93 111
93 120
93 122
93 128
93 139
93 140
93 145
93 146
93 154
93 156
93 161
93 163
93 173
93 177
93 179
93 183
93 184
93 197
94 100
94 110
94 113
94 114
94 122
94 124
94 125
94 126
94 130
94 131
94 132
94 138
94 142
94 144
94 149
94 152
94 158
94 162
94 168
94 172
94 176
94 184
94 185
94 188
95 98
95 110
95 111
95 113
95 117
95 118
95 119
95 123
95 126
95 136
95 137
95 138
95 144
95 162
95 164
95 166
95 167
95 168
95 171
95 172
95 179
95 185
95 186
95 189
95 190
95 196
96 99
96 107
96 109
96 111
96 113
96 119
96 121
96 128
96 130
96 161
96 164
96 169
96 171
96 172
96 178
96 180
96 184
96 186
96 190
97 104
97 105
97 106
97 111
97 114
97 125
97 130
97 134
97 137
97 139
97 143
97 144
97 146
97 151
97 152
97 156
97 168
97 180
97 182
97 184
97 197
97 199
98 101
98 104
98 105
98 109
98 117
98 131
98 132
98 133
98 138
98 141
98 143
98 152
98 153
98 158
98 167
98 168
98 174
98 182
98 185
98 194
98 197
99 105
99 106
99 117
99 130
99 134
99 137
99 141
99 149
99 153
99 156
99 160
99 164
99 167
99 171
99 174
99 177
99 186
99 187
99 188
99 189
99 196
100 106
100 111
100 119
100 125
100 136
100 139
100 142
100 156
100 160
100 161
100 173
100 175
100 182
100 186
100 188
101 102
101 104
101 108
101 116
101 123
101 125
101 128
101 129
101 143
101 146
101 153
101 160
101 161
101 165
101 171
101 177
101 180
101 183
101 184
101 189
101 192
101 194
101 198
102 103
102 106
102 107
102 112
102 116
102 117
102 118
102 121
102 130
102 131
102 137
102 163
102 165
102 166
102 183
102 185
102 192
103 106
103 111
103 112
103 120
103 125
103 128
103 130
103 139
103 140
103 142
103 147
103 154
103 162
103 166
103 168
103 170
103 175
103 185
103 189
103 198
104 114
104 115
104 116
104 117
104 118
104 120
104 123
104 126
104 135
104 140
104 144
104 147
104 151
104 164
104 169
104 176
104 178
104 181
104 182
104 189
104 190
104 192
104 196
105 108
105 112
105 114
105 122
105 132
105 137
105 139
105 140
105 142
105 144
105 151
105 152
105 153
105 155
105 158
105 161
105 163
105 164
105 167
105 173
105 180
105 190
106 112
106 115
106 118
106 121
106 124
106 127
106 129
106 130
106 132
106 133
106 146
106 147
106 149
106 151
106 153
106 154
106 158
106 160
106 166
106 173
106 175
106 180
106 187
106 188
106 193
107 113
107 114
107 121
107 123
107 125
107 133
107 138
107 140
107 144
107 146
107 147
107 149
107 154
107 155
107 168
107 171
107 172
107 188
107 192
108 113
108 115
108 117
108 121
108 124
108 125
108 126
108 136
108 139
108 140
108 144
108 148
108 151
108 152
108 155
108 159
108 161
108 174
108 177
108 185
108 192
109 121
109 140
109 147
109 150
109 153
109 154
109 156
109 163
109 164
109 172
109 173
109 177
109 179
109 180
109 181
109 192
109 195
109 197
110 117
110 127
110 132
110 138
110 147
110 158
110 161
110 171
110 175
110 180
111 118
111 121
111 129
111 133
111 134
111 137
111 138
111 146
111 159
111 162
111 166
111 170
111 171
111 173
111 174
111 178
111 187
111 188
111 192
111 195
112 114
112 134
112 136
112 142
112 144
112 145
112 150
112 159
112 160
112 162
112 170
112 176
112 178
112 184
112 192
112 193
112 195
112 196
112 198
112 199
113 117
113 120
113 127
113 130
113 139
113 150
113 154
113 155
113 158
113 159
113 162
113 165
113 166
113 171
113 175
113 179
113 182
113 189
113 191
113 192
113 194
114 139
114 146
114 148
114 159
114 167
114 173
114 175
114 178
114 187
114 190
114 197
115 125
115 126
115 129
115 130
115 143
115 148
115 152
115 156
115 161
115 164
115 165
115 174
115 182
115 195
115 199
116 121
116 123
116 124
116 128
116 129
116 131
116 135
116 136
116 144
116 156
116 162
116 165
116 167
116 168
116 169
116 171
116 172
116 176
116 177
116 186
116 188
116 197
117 119
117 121
117 124
117 127
117 135
117 136
117 141
117 147
117 156
117 164
117 169
117 173
117 175
117 196
118 119
118 121
118 124
118 125
118 137
118 139
118 140
118 151
118 153
118 156
118 159
118 162
118 164
118 171
118 175
118 185
118 190
118 193
118 194
119 140
119 141
119 154
119 161
119 162
119 167
119 168
119 170
119 182
119 196
119 199
120 121
120 123
120 126
120 131
120 134
120 136
120 140
120 150
120 151
120 158
120 167
120 173
120 176
120 178
120 179
120 181
120 183
120 186
120 187
120 188
120 193
121 122
121 125
121 128
121 129
121 133
121 140
121 154
121 155
121 159
121 171
121 176
121 180
121 181
121 184
121 191
121 192
121 198
121 199
122 124
122 126
122 128
122 130
122 131
122 132
122 134
122 136
122 138
122 147
122 148
122 162
122 165
122 182
123 124
123 126
123 142
123 143
123 144
123 146
123 148
123 150
123 156
123 157
123 162
123 165
123 170
123 177
123 181
123 183
123 184
123 185
123 186
123 190
123 192
123 194
124 136
124 137
124 148
124 151
124 159
124 162
124 163
124 164
124 168
124 169
124 170
124 171
124 172
124 174
124 175
124 177
124 178
124 181
125 145
125 150
125 152
125 165
125 171
125 176
125 180
125 189
125 190
125 194
125 197
125 199
126 135
126 136
126 146
126 151
126 152
126 157
126 162
126 167
126 169
126 173
126 174
126 176
126 178
126 180
126 189
126 192
126 194
126 197
126 198
127 135
127 148
127 153
127 154
127 166
127 170
127 172
127 174
127 181
127 185
127 187
128 135
128 136
128 143
128 149
128 152
128 153
128 155
128 157
128 160
128 182
128 184
128 195
128 196
129 132
129 135
129 136
129 137
129 145
129 146
129 149
129 150
129 151
129 164
129 166
129 170
129 172
129 174
129 175
129 176
129 178
129 180
129 181
129 182
129 196
129 199
130 138
130 148
130 151
130 156
130 157
130 158
130 159
130 164
130 165
130 167
130 173
130 177
130 180
130 194
131 141
131 147
131 152
131 155
131 159
131 162
131 169
131 171
131 179
131 180
131 187
131 188
131 194
132 137
132 138
132 142
132 146
132 147
132 162
132 163
132 173
132 180
132 184
132 186
133 134
133 135
133 142
133 145
133 153
133 160
133 168
133 180
133 188
133 193
133 194
134 139
134 144
134 159
134 167
134 168
134 171
134 173
134 181
134 185
134 191
134 193
134 194
134 196
134 198
135 136
135 138
135 142
135 146
135 148
135 149
135 157
135 158
135 170
135 171
135 174
135 183
135 186
135 187
135 188
135 195
135 196
136 137
136 141
136 145
136 149
136 154
136 155
136 158
136 159
136 161
136 164
136 168
136 169
136 173
136 175
136 188
136 193
137 147
137 148
137 150
137 153
137 154
137 156
137 157
137 162
137 182
137 188
137 191
137 195
137 196
138 149
138 159
138 169
138 171
138 173
138 174
138 176
138 178
138 182
138 195
138 196
138 197
139 142
139 146
139 151
139 155
139 160
139 168
139 174
139 177
139 182
139 189
139 190
140 141
140 143
140 145
140 150
140 152
140 153
140 170
140 188
140 192
140 196
141 143
141 146
141 147
141 150
141 154
141 158
141 159
141 164
141 165
141 167
141 170
141 184
141 189
141 194
141 195
141 199
142 144
142 147
142 148
142 151
142 152
142 154
142 156
142 161
142 163
142 169
142 185
142 187
143 145
143 150
143 173
143 179
143 182
143 186
143 187
143 188
143 189
143 198
144 145
144 150
144 151
144 164
144 174
144 177
144 180
144 184
144 188
144 198
144 199
145 148
145 149
145 156
145 159
145 167
145 169
145 170
145 182
145 183
145 191
146 155
146 164
146 165
146 177
146 181
146 186
146 189
146 198
146 199
147 153
147 160
147 167
147 169
147 170
147 180
147 181
147 187
147 190
147 193
147 196
148 158
148 161
148 162
148 163
148 165
148 166
148 172
148 174
148 177
148 178
148 179
148 183
148 185
148 193
148 194
148 196
148 197
148 199
149 153
149 157
149 160
149 170
149 172
149 173
149 174
149 179
149 193
149 196
149 198
150 155
150 156
150 163
150 169
150 172
150 173
150 174
150 175
150 180
150 182
150 192
150 196
151 152
151 156
151 174
151 177
151 178
151 179
151 183
151 184
151 186
151 191
151 192
151 197
152 154
152 157
152 164
152 165
152 167
152 174
152 176
152 177
152 192
152 197
152 199
153 154
153 161
153 164
153 167
153 168
153 169
153 175
153 177
153 178
153 187
154 159
154 161
154 184
154 194
155 159
155 168
155 174
155 176
155 184
155 188
155 191
155 192
156 160
156 162
156 175
156 176
156 184
156 187
156 190
156 192
156 195
157 160
157 163
157 168
157 169
157 172
157 176
157 177
157 180
157 182
157 183
157 185
158 160
158 161
158 163
158 165
158 166
158 171
158 188
158 190
158 194
158 195
159 160
159 166
159 170
159 175
159 178
159 183
159 187
159 195
159 199
160 161
160 169
160 172
160 173
160 174
160 181
160 186
160 189
160 191
160 198
161 162
161 169
161 171
161 178
161 180
161 181
161 184
161 188
161 190
161 197
162 163
162 168
162 174
162 175
162 177
162 179
162 189
162 195
163 166
163 167
163 169
163 173
163 182
163 183
163 192
163 193
163 195
163 196
163 199
164 165
164 166
164 172
164 174
164 185
164 186
164 187
164 192
164 195
164 197
164 198
165 166
165 167
165 171
165 174
165 179
165 188
165 190
165 195
166 172
166 173
166 179
166 185
166 188
166 192
166 193
166 195
166 196
167 169
167 177
167 182
167 187
167 189
167 195
168 173
168 176
168 181
168 183
168 195
169 172
169 181
169 187
169 188
169 198
170 181
170 187
170 197
170 198
171 172
171 177
171 183
171 185
171 189
172 180
172 182
172 185
172 186
172 192
172 196
172 199
173 174
173 179
173 190
173 196
174 181
174 185
174 189
174 193
174 194
174 197
175 177
175 181
175 188
175 190
175 193
175 196
176 180
177 183
177 196
177 197
178 179
178 180
178 183
178 192
178 198
179 185
179 191
179 194
180 183
180 186
180 188
180 192
180 197
181 185
182 184
182 186
182 194
183 189
183 191
183 193
184 190
185 193
185 195
186 188
186 190
186 191
186 196
186 198
186 199
187 191
187 199
188 192
189 195
189 199
192 197
192 198
194 197
