100 2444
0 1
0 3
0 7
0 9
0 10
0 13
0 14
0 15
0 16
0 17
0 20
0 21
0 24
0 26
0 28
0 30
0 31
0 36
0 39
0 40
0 41
0 47
0 48
0 50
0 52
0 54
0 55
0 59
0 60
0 61
0 62
0 64
0 65
0 69
0 72
0 73
0 74
0 75
0 76
0 81
0 82
0 83
0 84
0 85
0 87
0 89
0 90
0 91
0 92
0 93
0 94
0 96
0 97
0 99
1 2
1 4
1 12
1 13
1 16
1 17
1 18
1 19
1 24
1 25
1 29
1 30
1 31
1 32
1 35
1 36
1 38
1 41
1 43
1 44
1 45
1 47
1 48
1 49
1 51
1 55
1 58
1 59
1 60
1 62
1 64
1 66
1 68
1 69
1 70
1 72
1 73
1 77
1 79
1 80
1 81
1 85
1 86
1 87
1 89
1 90
1 95
1 97
1 98
1 99
2 6
2 8
2 10
2 11
2 13
2 14
2 15
2 16
2 18
2 20
2 21
2 25
2 28
2 32
2 33
2 36
2 37
2 38
2 40
2 41
2 42
2 45
2 50
2 54
2 59
2 62
2 64
2 65
2 67
2 68
2 69
2 71
2 72
2 73
2 74
2 75
2 76
2 77
2 80
2 81
2 85
2 86
2 87
2 91
2 92
2 93
2 96
2 97
2 99
3 4
3 6
3 8
3 9
3 11
3 14
3 15
3 16
3 22
3 23
3 25
3 26
3 27
3 31
3 33
3 35
3 36
3 37
3 38
3 41
3 43
3 51
3 52
3 56
3 59
3 64
3 65
3 66
3 67
3 72
3 76
3 80
3 82
3 84
3 85
3 91
3 93
3 94
3 95
3 97
3 99
4 5
4 6
4 10
4 11
4 14
4 17
4 19
4 22
4 26
4 33
4 35
4 36
4 37
4 38
4 40
4 41
4 42
4 43
4 44
4 45
4 46
4 48
4 50
4 51
4 53
4 54
4 57
4 58
4 60
4 62
4 65
4 68
4 70
4 73
4 74
4 75
4 80
4 81
4 87
4 90
4 91
4 92
4 94
4 99
5 7
5 11
5 13
5 14
5 15
5 16
5 17
5 21
5 23
5 26
5 28
5 29
5 30
5 33
5 34
5 35
5 40
5 42
5 43
5 47
5 49
5 50
5 51
5 55
5 56
5 57
5 58
5 59
5 60
5 61
5 63
5 64
5 65
5 67
5 68
5 69
5 72
5 74
5 76
5 80
5 81
5 82
5 83
5 88
5 89
5 90
5 92
5 93
5 94
5 95
5 97
6 7
6 8
6 9
6 10
6 13
6 14
6 15
6 16
6 20
6 22
6 24
6 36
6 38
6 41
6 42
6 43
6 45
6 47
6 49
6 50
6 51
6 54
6 55
6 57
6 59
6 60
6 62
6 63
6 66
6 68
6 69
6 71
6 72
6 73
6 74
6 75
6 79
6 80
6 81
6 82
6 83
6 85
6 86
6 87
6 90
6 94
6 95
6 97
6 98
6 99
7 11
7 12
7 17
7 18
7 20
7 21
7 22
7 23
7 24
7 25
7 26
7 27
7 29
7 30
7 31
7 34
7 37
7 40
7 42
7 45
7 51
7 52
7 55
7 56
7 58
7 59
7 66
7 68
7 69
7 70
7 73
7 75
7 76
7 77
7 79
7 82
7 83
7 84
7 86
7 87
7 89
7 91
7 93
7 94
7 96
7 97
8 9
8 10
8 12
8 16
8 20
8 22
8 31
8 32
8 33
8 35
8 36
8 37
8 40
8 41
8 42
8 47
8 49
8 50
8 52
8 54
8 57
8 58
8 61
8 63
8 64
8 66
8 68
8 70
8 73
8 74
8 76
8 80
8 84
8 85
8 86
8 90
8 91
8 92
8 93
8 94
8 96
9 10
9 13
9 15
9 16
9 18
9 22
9 25
9 27
9 30
9 33
9 34
9 35
9 39
9 44
9 45
9 47
9 49
9 52
9 56
9 59
9 62
9 68
9 73
9 75
9 77
9 78
9 82
9 86
9 87
9 88
9 89
9 91
9 92
9 93
9 95
9 96
9 97
9 99
10 12
10 15
10 19
10 20
10 21
10 23
10 26
10 27
10 29
10 34
10 35
10 36
10 41
10 43
10 44
10 45
10 48
10 49
10 50
10 54
10 55
10 59
10 60
10 61
10 66
10 70
10 71
10 75
10 76
10 77
10 83
10 84
10 85
10 86
10 87
10 92
10 93
10 94
10 98
10 99
11 12
11 13
11 15
11 16
11 23
11 26
11 27
11 32
11 37
11 40
11 43
11 44
11 45
11 46
11 47
11 48
11 52
11 53
11 54
11 59
11 60
11 61
11 65
11 66
11 70
11 73
11 74
11 75
11 77
11 79
11 81
11 83
11 84
11 86
11 87
11 92
11 97
12 13
12 14
12 15
12 16
12 18
12 22
12 24
12 25
12 27
12 29
12 30
12 31
12 32
12 36
12 37
12 39
12 41
12 45
12 46
12 48
12 49
12 52
12 53
12 54
12 58
12 59
12 61
12 62
12 64
12 65
12 66
12 67
12 69
12 70
12 73
12 74
12 78
12 82
12 83
12 85
12 86
12 88
12 92
12 94
12 96
12 97
13 14
13 19
13 20
13 24
13 26
13 27
13 28
13 31
13 35
13 36
13 37
13 39
13 42
13 45
13 47
13 49
13 50
13 51
13 52
13 53
13 54
13 55
13 56
13 58
13 59
13 63
13 64
13 66
13 68
13 72
13 74
13 76
13 80
13 82
13 85
13 86
13 92
13 93
13 95
13 98
14 15
14 16
14 18
14 19
14 21
14 22
14 23
14 25
14 27
14 28
14 34
14 36
14 38
14 39
14 41
14 43
14 44
14 45
14 46
14 49
14 51
14 52
14 53
14 55
14 58
14 61
14 63
14 64
14 67
14 69
14 71
14 73
14 75
14 76
14 82
14 83
14 84
14 86
14 89
14 93
14 95
14 96
15 16
15 17
15 19
15 20
15 21
15 22
15 25
15 29
15 30
15 31
15 35
15 38
15 39
15 40
15 42
15 46
15 52
15 53
15 57
15 59
15 60
15 61
15 63
15 68
15 71
15 72
15 73
15 74
15 77
15 78
15 81
15 82
15 84
15 87
15 88
15 90
15 91
15 93
15 97
15 98
15 99
16 17
16 24
16 28
16 29
16 30
16 32
16 33
16 35
16 36
16 37
16 38
16 40
16 41
16 42
16 46
16 48
16 50
16 51
16 54
16 57
16 58
16 60
16 64
16 66
16 70
16 72
16 74
16 75
16 77
16 78
16 81
16 82
16 84
16 88
16 89
16 90
16 93
16 95
16 97
16 98
17 18
17 20
17 21
17 22
17 26
17 28
17 29
17 33
17 37
17 39
17 43
17 44
17 45
17 46
17 50
17 53
17 55
17 56
17 57
17 61
17 62
17 63
17 65
17 67
17 68
17 69
17 70
17 71
17 73
17 74
17 76
17 77
17 79
17 81
17 82
17 83
17 84
17 86
17 88
17 89
17 90
17 91
17 92
17 94
17 95
17 96
17 97
18 21
18 23
18 26
18 27
18 28
18 29
18 31
18 35
18 36
18 39
18 43
18 44
18 47
18 48
18 50
18 51
18 53
18 56
18 57
18 61
18 62
18 64
18 66
18 67
18 68
18 70
18 71
18 72
18 74
18 75
18 76
18 77
18 79
18 80
18 84
18 86
18 87
18 88
18 93
18 95
18 96
18 99
19 21
19 28
19 29
19 30
19 33
19 39
19 43
19 46
19 47
19 51
19 52
19 55
19 56
19 57
19 58
19 59
19 60
19 61
19 69
19 71
19 72
19 74
19 75
19 81
19 82
19 83
19 85
19 86
19 88
19 89
19 90
19 92
19 95
19 98
19 99
20 23
20 24
20 26
20 27
20 31
20 32
20 34
20 38
20 39
20 40
20 41
20 47
20 48
20 49
20 52
20 53
20 54
20 58
20 59
20 62
20 66
20 67
20 68
20 71
20 72
20 74
20 75
20 76
20 77
20 79
20 80
20 82
20 83
20 87
20 88
20 89
20 92
20 93
20 95
20 99
21 25
21 29
21 31
21 34
21 38
21 39
21 41
21 42
21 43
21 44
21 45
21 46
21 47
21 48
21 49
21 51
21 54
21 56
21 61
21 62
21 63
21 65
21 66
21 71
21 74
21 77
21 78
21 79
21 80
21 86
21 88
21 89
21 90
21 91
21 96
22 23
22 24
22 26
22 28
22 32
22 33
22 37
22 38
22 39
22 40
22 41
22 43
22 46
22 47
22 49
22 50
22 57
22 58
22 59
22 60
22 66
22 73
22 74
22 75
22 77
22 78
22 80
22 82
22 83
22 85
22 87
22 88
22 92
22 94
22 95
22 96
22 97
22 99
23 24
23 25
23 27
23 29
23 30
23 33
23 34
23 35
23 37
23 38
23 39
23 41
23 44
23 46
23 49
23 50
23 51
23 52
23 54
23 60
23 61
23 62
23 64
23 67
23 69
23 72
23 73
23 74
23 75
23 77
23 80
23 81
23 83
23 85
23 86
23 89
23 92
23 94
23 96
23 97
24 29
24 31
24 33
24 39
24 40
24 41
24 43
24 44
24 47
24 49
24 50
24 51
24 54
24 59
24 60
24 62
24 63
24 67
24 68
24 69
24 70
24 72
24 73
24 74
24 75
24 76
24 85
24 86
24 91
24 93
24 95
24 96
24 97
24 98
25 26
25 34
25 35
25 36
25 42
25 44
25 47
25 49
25 50
25 53
25 54
25 57
25 60
25 62
25 63
25 64
25 65
25 66
25 69
25 73
25 75
25 76
25 79
25 86
25 87
25 88
25 90
25 91
25 96
25 98
26 31
26 32
26 33
26 34
26 35
26 37
26 40
26 43
26 45
26 46
26 47
26 48
26 51
26 52
26 53
26 54
26 56
26 57
26 60
26 63
26 64
26 66
26 67
26 68
26 69
26 70
26 71
26 77
26 80
26 82
26 84
26 86
26 87
26 91
26 93
26 95
26 96
26 97
26 98
26 99
27 30
27 31
27 35
27 40
27 41
27 45
27 49
27 50
27 51
27 53
27 54
27 56
27 59
27 60
27 64
27 67
27 68
27 77
27 79
27 81
27 82
27 84
27 88
27 89
27 92
27 93
27 94
28 29
28 33
28 34
28 35
28 37
28 38
28 41
28 43
28 45
28 46
28 47
28 50
28 51
28 53
28 54
28 56
28 58
28 60
28 62
28 63
28 67
28 69
28 71
28 73
28 74
28 75
28 76
28 78
28 80
28 81
28 83
28 85
28 86
28 87
28 88
28 92
28 95
28 98
28 99
29 30
29 31
29 32
29 34
29 35
29 38
29 41
29 43
29 45
29 46
29 49
29 51
29 53
29 57
29 63
29 64
29 67
29 71
29 72
29 73
29 74
29 75
29 77
29 78
29 79
29 80
29 81
29 82
29 84
29 89
29 91
29 94
29 96
29 99
30 39
30 43
30 44
30 47
30 48
30 51
30 52
30 54
30 59
30 63
30 65
30 71
30 72
30 74
30 75
30 76
30 78
30 79
30 80
30 81
30 84
30 86
30 87
30 89
30 90
30 91
30 92
30 96
30 97
31 33
31 35
31 37
31 38
31 42
31 43
31 46
31 53
31 55
31 58
31 60
31 61
31 63
31 64
31 65
31 66
31 67
31 69
31 71
31 72
31 73
31 75
31 76
31 79
31 80
31 82
31 84
31 86
31 88
31 89
31 90
31 91
31 92
31 94
31 97
31 98
31 99
32 35
32 36
32 39
32 41
32 43
32 45
32 46
32 47
32 49
32 50
32 53
32 54
32 58
32 60
32 61
32 62
32 68
32 69
32 70
32 75
32 76
32 78
32 80
32 81
32 82
32 83
32 84
32 85
32 86
32 89
32 91
32 93
32 94
32 95
32 96
32 97
32 98
33 34
33 35
33 36
33 38
33 42
33 43
33 44
33 45
33 47
33 48
33 50
33 52
33 54
33 55
33 56
33 58
33 61
33 63
33 64
33 65
33 66
33 67
33 70
33 71
33 73
33 76
33 77
33 82
33 83
33 84
33 85
33 88
33 90
33 91
33 92
33 94
33 97
33 98
34 35
34 37
34 40
34 41
34 45
34 46
34 47
34 51
34 53
34 55
34 56
34 57
34 60
34 65
34 66
34 68
34 70
34 71
34 74
34 80
34 81
34 86
34 90
34 91
34 93
34 94
34 99
35 39
35 41
35 42
35 45
35 47
35 48
35 51
35 53
35 55
35 56
35 58
35 59
35 60
35 61
35 63
35 65
35 66
35 68
35 75
35 76
35 79
35 80
35 82
35 83
35 84
35 85
35 88
35 89
35 90
35 92
35 93
35 94
35 96
35 97
36 38
36 39
36 43
36 44
36 45
36 46
36 47
36 48
36 49
36 50
36 52
36 53
36 55
36 56
36 57
36 59
36 60
36 62
36 65
36 68
36 69
36 70
36 71
36 73
36 75
36 77
36 79
36 82
36 83
36 89
36 90
36 92
36 94
36 96
36 97
36 98
36 99
37 39
37 40
37 42
37 43
37 45
37 48
37 50
37 52
37 54
37 55
37 56
37 57
37 59
37 60
37 63
37 65
37 68
37 69
37 73
37 74
37 75
37 76
37 78
37 80
37 81
37 82
37 84
37 86
37 88
37 92
37 93
37 97
37 99
38 39
38 42
38 44
38 46
38 48
38 51
38 52
38 54
38 56
38 57
38 59
38 60
38 62
38 68
38 70
38 73
38 80
38 81
38 82
38 83
38 87
38 93
38 94
38 95
38 96
38 97
38 99
39 40
39 41
39 44
39 45
39 47
39 48
39 50
39 52
39 53
39 64
39 67
39 69
39 70
39 73
39 75
39 76
39 82
39 83
39 88
39 92
39 93
39 94
39 95
39 99
40 41
40 43
40 44
40 46
40 47
40 49
40 50
40 54
40 57
40 63
40 65
40 68
40 70
40 71
40 72
40 75
40 77
40 79
40 81
40 82
40 87
40 88
40 89
40 90
40 94
40 95
40 97
41 42
41 43
41 45
41 46
41 48
41 50
41 52
41 54
41 60
41 62
41 63
41 64
41 66
41 67
41 72
41 75
41 77
41 79
41 87
41 88
41 89
41 90
41 91
41 92
41 93
41 94
41 95
41 99
42 44
42 45
42 46
42 51
42 54
42 55
42 57
42 58
42 59
42 61
42 64
42 66
42 72
42 73
42 75
42 76
42 78
42 79
42 80
42 81
42 82
42 86
42 89
42 90
42 91
42 96
42 98
43 44
43 48
43 52
43 53
43 60
43 61
43 62
43 63
43 68
43 69
43 71
43 72
43 73
43 74
43 76
43 77
43 82
43 86
43 88
43 89
43 93
43 94
43 97
43 98
43 99
44 47
44 48
44 50
44 56
44 57
44 61
44 63
44 66
44 70
44 71
44 72
44 75
44 76
44 77
44 78
44 83
44 84
44 86
44 87
44 88
44 89
44 90
44 93
44 94
44 95
44 96
44 98
44 99
45 46
45 48
45 49
45 52
45 53
45 54
45 57
45 58
45 61
45 64
45 66
45 67
45 68
45 71
45 72
45 73
45 78
45 83
45 88
45 91
45 94
45 96
45 98
46 47
46 48
46 50
46 51
46 52
46 54
46 56
46 60
46 61
46 62
46 63
46 67
46 68
46 70
46 75
46 79
46 84
46 85
46 92
46 94
46 95
46 96
46 97
47 48
47 49
47 50
47 51
47 53
47 56
47 57
47 58
47 59
47 64
47 65
47 66
47 67
47 68
47 70
47 71
47 72
47 75
47 76
47 77
47 78
47 81
47 82
47 83
47 87
47 88
47 89
47 92
47 95
47 96
47 98
47 99
48 49
48 50
48 51
48 54
48 57
48 65
48 66
48 67
48 69
48 70
48 72
48 74
48 75
48 76
48 77
48 80
48 82
48 84
48 85
48 86
48 90
48 91
48 96
49 50
49 52
49 53
49 54
49 57
49 58
49 60
49 61
49 63
49 64
49 65
49 66
49 68
49 71
49 72
49 73
49 74
49 77
49 78
49 79
49 81
49 82
49 83
49 86
49 87
49 88
49 89
49 90
49 92
49 94
49 96
49 98
50 51
50 52
50 53
50 55
50 56
50 57
50 58
50 59
50 60
50 63
50 71
50 72
50 73
50 74
50 75
50 76
50 77
50 78
50 79
50 81
50 83
50 87
50 90
50 93
50 96
50 97
51 58
51 59
51 60
51 63
51 64
51 67
51 68
51 69
51 70
51 71
51 78
51 80
51 81
51 83
51 84
51 85
51 87
51 88
51 90
51 91
51 94
51 96
51 97
51 99
52 55
52 56
52 57
52 58
52 59
52 62
52 63
52 65
52 66
52 67
52 70
52 73
52 75
52 76
52 77
52 78
52 80
52 82
52 83
52 84
52 86
52 90
52 92
52 94
52 95
52 96
52 97
53 54
53 55
53 56
53 57
53 59
53 62
53 67
53 70
53 71
53 72
53 73
53 76
53 77
53 78
53 80
53 81
53 87
53 88
53 90
53 92
53 95
53 96
53 99
54 56
54 57
54 59
54 61
54 65
54 67
54 68
54 72
54 74
54 75
54 76
54 78
54 80
54 82
54 84
54 85
54 89
54 90
54 91
54 98
54 99
55 58
55 60
55 61
55 62
55 63
55 64
55 65
55 66
55 67
55 69
55 71
55 72
55 73
55 74
55 75
55 76
55 77
55 80
55 81
55 84
55 86
55 91
55 93
55 94
55 95
55 96
56 58
56 62
56 64
56 68
56 70
56 71
56 72
56 74
56 79
56 81
56 83
56 87
56 88
56 89
56 90
56 92
56 96
56 99
57 59
57 63
57 66
57 68
57 69
57 71
57 72
57 75
57 76
57 77
57 80
57 84
57 85
57 86
57 88
57 91
57 92
57 94
57 95
57 96
57 97
58 60
58 62
58 65
58 66
58 69
58 70
58 72
58 73
58 74
58 75
58 77
58 78
58 82
58 83
58 87
58 89
58 92
58 96
58 97
58 98
59 64
59 65
59 70
59 71
59 77
59 78
59 79
59 80
59 82
59 83
59 85
59 88
59 89
59 92
59 93
59 95
59 96
59 98
59 99
60 62
60 66
60 67
60 72
60 73
60 74
60 75
60 77
60 78
60 79
60 82
60 87
60 88
60 89
60 93
60 95
60 97
60 98
60 99
61 63
61 64
61 66
61 67
61 68
61 71
61 72
61 73
61 74
61 77
61 78
61 80
61 81
61 88
61 90
61 92
61 94
61 95
61 98
62 64
62 66
62 67
62 69
62 72
62 73
62 75
62 76
62 77
62 78
62 81
62 82
62 83
62 84
62 85
62 86
62 87
62 88
62 89
62 90
62 91
62 94
62 95
62 97
62 98
62 99
63 64
63 68
63 70
63 73
63 75
63 77
63 78
63 81
63 82
63 86
63 88
63 93
63 95
63 96
63 99
64 65
64 66
64 67
64 68
64 70
64 73
64 75
64 77
64 79
64 80
64 81
64 82
64 85
64 86
64 88
64 89
64 90
64 91
64 92
64 94
64 98
64 99
65 66
65 68
65 69
65 70
65 74
65 75
65 76
65 80
65 83
65 85
65 86
65 87
65 89
65 90
65 93
65 94
65 95
65 96
65 97
65 98
66 67
66 68
66 72
66 78
66 79
66 80
66 81
66 82
66 84
66 85
66 86
66 90
66 91
66 92
66 95
66 97
66 98
66 99
67 68
67 74
67 75
67 79
67 84
67 85
67 86
67 88
67 91
67 92
67 94
67 95
67 98
67 99
68 69
68 72
68 73
68 74
68 78
68 82
68 84
68 86
68 87
68 88
68 90
68 91
68 93
68 94
68 96
68 98
68 99
69 71
69 72
69 77
69 79
69 80
69 81
69 83
69 84
69 85
69 91
69 92
69 94
69 95
69 98
69 99
70 71
70 73
70 76
70 77
70 78
70 81
70 83
70 87
70 88
70 90
70 91
70 93
70 96
70 99
71 72
71 74
71 76
71 77
71 80
71 81
71 82
71 83
71 86
71 87
71 91
71 94
71 95
71 96
71 98
72 73
72 74
72 76
72 83
72 86
72 87
72 88
72 89
72 90
72 91
72 94
72 95
73 76
73 77
73 78
73 82
73 83
73 86
73 87
73 91
73 92
74 77
74 78
74 79
74 81
74 82
74 84
74 86
74 87
74 88
74 89
74 91
74 92
74 93
74 95
74 97
74 99
75 76
75 77
75 78
75 80
75 83
75 86
75 87
75 88
75 89
75 91
75 92
75 94
75 95
75 97
75 98
76 79
76 81
76 85
76 87
76 89
76 90
76 93
76 96
76 98
77 79
77 82
77 83
77 86
77 89
77 90
77 92
77 93
77 94
77 95
77 96
77 98
77 99
78 80
78 83
78 84
78 85
78 86
78 87
78 88
78 89
78 90
78 93
78 95
78 97
78 98
79 82
79 89
79 90
79 93
79 94
79 95
79 97
79 98
80 81
80 83
80 84
80 85
80 87
80 90
80 92
80 93
80 95
80 96
80 98
80 99
81 83
81 84
81 85
81 86
81 87
81 88
81 89
81 91
81 93
81 95
81 96
81 99
82 86
82 87
82 91
82 93
82 95
82 97
82 98
82 99
83 90
83 91
83 93
83 94
83 95
83 96
83 97
83 98
84 85
84 86
84 89
84 90
84 91
84 92
84 99
85 88
85 90
85 91
85 95
85 96
85 98
86 94
87 88
87 89
87 92
87 94
87 96
87 98
88 93
88 97
88 99
89 93
89 94
89 96
89 97
90 91
90 95
90 97
91 94
91 95
91 96
91 98
92 94
92 98
93 95
93 96
93 98
93 99
94 95
94 98
95 96
95 98
96 97
96 98
97 99
98 99
