300 13249
0 1
0 4
0 8
0 13
0 14
0 15
0 26
0 34
0 42
0 43
0 44
0 48
0 50
0 58
0 65
0 66
0 69
0 70
0 74
0 76
0 84
0 85
0 88
0 89
0 93
0 107
0 113
0 122
0 124
0 126
0 129
0 131
0 134
0 135
0 138
0 143
0 144
0 146
0 150
0 153
0 154
0 160
0 165
0 168
0 172
0 173
0 175
0 180
0 187
0 188
0 189
0 190
0 193
0 195
0 204
0 206
0 208
0 209
0 214
0 215
0 217
0 220
0 223
0 226
0 228
0 230
0 233
0 234
0 236
0 238
0 241
0 242
0 245
0 246
0 248
0 250
0 251
0 252
0 254
0 255
0 256
0 262
0 267
0 272
0 280
0 291
0 292
0 298
1 4
1 5
1 11
1 12
1 15
1 16
1 18
1 23
1 24
1 33
1 40
1 44
1 47
1 48
1 51
1 52
1 62
1 69
1 71
1 73
1 75
1 81
1 83
1 85
1 86
1 89
1 92
1 95
1 96
1 99
1 101
1 104
1 109
1 118
1 123
1 124
1 125
1 129
1 133
1 136
1 142
1 143
1 149
1 150
1 151
1 153
1 161
1 165
1 168
1 171
1 174
1 176
1 180
1 190
1 191
1 192
1 200
1 205
1 214
1 216
1 217
1 219
1 224
1 226
1 228
1 232
1 239
1 240
1 243
1 244
1 250
1 257
1 259
1 262
1 263
1 267
1 268
1 271
1 275
1 276
1 277
1 278
1 279
1 284
1 290
1 292
1 293
1 294
1 297
2 4
2 9
2 12
2 16
2 19
2 20
2 25
2 28
2 30
2 32
2 37
2 39
2 44
2 47
2 48
2 49
2 51
2 58
2 60
2 61
2 63
2 65
2 69
2 72
2 73
2 85
2 88
2 90
2 92
2 95
2 98
2 101
2 103
2 104
2 109
2 112
2 113
2 115
2 117
2 122
2 126
2 135
2 137
2 141
2 144
2 145
2 147
2 165
2 171
2 175
2 181
2 187
2 188
2 198
2 202
2 204
2 207
2 216
2 223
2 228
2 229
2 230
2 234
2 235
2 236
2 238
2 244
2 246
2 247
2 263
2 265
2 268
2 273
2 279
2 280
2 282
2 284
2 285
2 287
2 288
2 289
2 290
2 291
2 294
2 297
3 4
3 6
3 7
3 15
3 18
3 27
3 28
3 29
3 31
3 38
3 39
3 40
3 43
3 45
3 49
3 56
3 59
3 62
3 65
3 68
3 73
3 75
3 83
3 87
3 91
3 92
3 94
3 95
3 97
3 100
3 102
3 104
3 106
3 109
3 110
3 113
3 114
3 120
3 122
3 124
3 125
3 128
3 132
3 133
3 138
3 139
3 140
3 141
3 143
3 146
3 156
3 163
3 166
3 179
3 180
3 181
3 183
3 195
3 197
3 199
3 206
3 208
3 211
3 213
3 215
3 223
3 227
3 236
3 240
3 241
3 242
3 243
3 244
3 254
3 260
3 262
3 264
3 269
3 274
3 275
3 276
3 278
3 283
3 286
3 288
3 296
3 297
3 298
4 8
4 10
4 12
4 13
4 14
4 16
4 18
4 19
4 23
4 24
4 29
4 32
4 34
4 39
4 45
4 52
4 53
4 55
4 56
4 57
4 61
4 65
4 67
4 71
4 72
4 74
4 76
4 78
4 81
4 83
4 92
4 99
4 101
4 106
4 111
4 112
4 115
4 117
4 119
4 120
4 123
4 131
4 137
4 140
4 142
4 144
4 146
4 147
4 149
4 153
4 158
4 167
4 174
4 175
4 176
4 177
4 178
4 181
4 184
4 188
4 190
4 194
4 195
4 197
4 201
4 203
4 204
4 210
4 214
4 217
4 218
4 226
4 227
4 229
4 231
4 233
4 234
4 238
4 244
4 254
4 255
4 257
4 266
4 268
4 271
4 275
4 280
4 285
4 286
4 288
4 289
4 290
4 292
4 298
4 299
5 10
5 13
5 16
5 21
5 27
5 28
5 30
5 31
5 32
5 33
5 37
5 38
5 41
5 42
5 60
5 65
5 69
5 70
5 71
5 72
5 73
5 81
5 87
5 88
5 89
5 92
5 96
5 97
5 98
5 100
5 102
5 103
5 106
5 107
5 112
5 115
5 117
5 119
5 121
5 122
5 128
5 129
5 134
5 138
5 158
5 163
5 168
5 171
5 174
5 175
5 177
5 178
5 179
5 184
5 188
5 189
5 202
5 206
5 208
5 211
5 220
5 225
5 226
5 230
5 232
5 235
5 242
5 245
5 247
5 250
5 252
5 254
5 255
5 260
5 261
5 262
5 266
5 268
5 270
5 279
5 282
5 284
5 286
5 288
5 291
5 293
5 296
6 11
6 12
6 20
6 26
6 30
6 32
6 37
6 50
6 53
6 59
6 60
6 67
6 70
6 72
6 75
6 79
6 86
6 89
6 91
6 96
6 98
6 99
6 109
6 112
6 114
6 122
6 132
6 141
6 149
6 152
6 153
6 156
6 159
6 161
6 169
6 170
6 173
6 178
6 182
6 184
6 197
6 199
6 210
6 213
6 216
6 217
6 221
6 222
6 225
6 226
6 227
6 229
6 232
6 233
6 238
6 242
6 245
6 254
6 256
6 260
6 262
6 266
6 268
6 270
6 276
6 278
6 279
6 281
6 288
6 290
6 295
6 296
6 297
6 299
7 8
7 10
7 11
7 12
7 17
7 18
7 25
7 33
7 34
7 35
7 37
7 48
7 50
7 54
7 58
7 59
7 60
7 65
7 66
7 70
7 71
7 72
7 75
7 76
7 78
7 86
7 89
7 98
7 101
7 102
7 107
7 109
7 114
7 115
7 119
7 122
7 126
7 128
7 131
7 133
7 134
7 139
7 142
7 146
7 147
7 153
7 156
7 157
7 160
7 162
7 168
7 185
7 194
7 197
7 199
7 200
7 202
7 207
7 208
7 209
7 210
7 211
7 220
7 225
7 227
7 229
7 234
7 239
7 242
7 249
7 250
7 252
7 254
7 256
7 264
7 270
7 272
7 273
7 275
7 280
7 282
7 283
7 286
7 288
7 291
7 292
7 294
7 297
7 298
8 10
8 19
8 26
8 28
8 29
8 35
8 36
8 39
8 44
8 50
8 53
8 56
8 57
8 59
8 62
8 64
8 68
8 72
8 73
8 74
8 76
8 78
8 80
8 90
8 93
8 95
8 96
8 97
8 99
8 102
8 109
8 114
8 115
8 118
8 119
8 126
8 132
8 134
8 149
8 151
8 157
8 160
8 164
8 167
8 169
8 171
8 172
8 174
8 180
8 185
8 190
8 199
8 203
8 210
8 215
8 220
8 237
8 242
8 243
8 251
8 255
8 260
8 261
8 263
8 270
8 271
8 275
8 281
8 292
8 293
9 13
9 14
9 17
9 18
9 20
9 21
9 28
9 29
9 30
9 31
9 33
9 34
9 44
9 47
9 51
9 57
9 59
9 62
9 65
9 69
9 71
9 77
9 78
9 92
9 94
9 96
9 98
9 100
9 107
9 109
9 110
9 111
9 114
9 116
9 119
9 123
9 126
9 127
9 128
9 133
9 135
9 145
9 146
9 148
9 151
9 153
9 154
9 157
9 159
9 160
9 163
9 164
9 165
9 181
9 183
9 186
9 189
9 190
9 196
9 201
9 204
9 212
9 213
9 214
9 217
9 219
9 220
9 225
9 234
9 235
9 243
9 246
9 248
9 249
9 251
9 252
9 259
9 263
9 265
9 266
9 267
9 269
9 270
9 277
9 278
9 279
9 285
9 286
9 288
9 294
9 297
9 299
10 11
10 20
10 21
10 23
10 24
10 26
10 27
10 29
10 34
10 43
10 44
10 45
10 48
10 60
10 67
10 69
10 81
10 86
10 87
10 89
10 90
10 91
10 94
10 96
10 105
10 106
10 107
10 114
10 115
10 116
10 117
10 119
10 120
10 124
10 126
10 133
10 134
10 136
10 140
10 143
10 146
10 147
10 152
10 153
10 154
10 157
10 159
10 163
10 165
10 170
10 179
10 186
10 189
10 191
10 194
10 199
10 201
10 205
10 206
10 208
10 209
10 211
10 212
10 213
10 214
10 215
10 217
10 222
10 229
10 230
10 231
10 235
10 237
10 238
10 240
10 243
10 245
10 246
10 250
10 251
10 253
10 258
10 261
10 267
10 280
10 281
10 286
10 291
10 293
10 295
10 297
10 299
11 13
11 17
11 19
11 22
11 24
11 29
11 31
11 32
11 33
11 35
11 40
11 41
11 50
11 56
11 59
11 66
11 67
11 71
11 73
11 74
11 75
11 76
11 83
11 96
11 100
11 101
11 104
11 106
11 107
11 110
11 114
11 116
11 117
11 119
11 120
11 130
11 132
11 134
11 139
11 141
11 143
11 153
11 155
11 160
11 164
11 169
11 170
11 174
11 176
11 181
11 187
11 188
11 191
11 196
11 201
11 202
11 213
11 214
11 219
11 222
11 223
11 227
11 229
11 231
11 239
11 242
11 252
11 253
11 254
11 259
11 260
11 268
11 287
11 292
11 293
11 298
12 14
12 17
12 19
12 20
12 22
12 25
12 28
12 32
12 34
12 37
12 50
12 53
12 54
12 55
12 59
12 61
12 63
12 68
12 70
12 73
12 76
12 77
12 83
12 86
12 91
12 93
12 94
12 99
12 100
12 101
12 102
12 103
12 106
12 110
12 111
12 113
12 114
12 118
12 130
12 134
12 136
12 137
12 138
12 141
12 146
12 156
12 158
12 160
12 161
12 170
12 171
12 176
12 181
12 185
12 187
12 191
12 192
12 195
12 200
12 203
12 204
12 207
12 212
12 214
12 220
12 221
12 228
12 236
12 241
12 244
12 246
12 247
12 248
12 249
12 251
12 256
12 263
12 264
12 271
12 273
12 275
12 277
12 279
12 280
12 282
12 286
12 287
12 288
12 289
12 291
12 292
13 21
13 22
13 25
13 27
13 30
13 32
13 33
13 35
13 39
13 45
13 54
13 57
13 85
13 89
13 95
13 101
13 102
13 103
13 107
13 114
13 116
13 119
13 120
13 127
13 129
13 133
13 136
13 138
13 141
13 142
13 159
13 164
13 166
13 169
13 178
13 184
13 186
13 189
13 192
13 199
13 203
13 207
13 220
13 222
13 223
13 224
13 234
13 238
13 241
13 253
13 254
13 255
13 259
13 262
13 264
13 268
13 278
13 281
13 285
13 293
13 298
14 15
14 19
14 21
14 25
14 30
14 32
14 35
14 46
14 48
14 50
14 52
14 53
14 58
14 59
14 64
14 69
14 70
14 72
14 74
14 75
14 76
14 82
14 89
14 93
14 94
14 95
14 96
14 97
14 101
14 105
14 108
14 113
14 115
14 121
14 122
14 126
14 127
14 130
14 136
14 139
14 142
14 146
14 147
14 151
14 152
14 153
14 157
14 159
14 166
14 174
14 175
14 176
14 180
14 183
14 184
14 185
14 186
14 198
14 199
14 201
14 202
14 206
14 210
14 211
14 214
14 216
14 220
14 222
14 225
14 226
14 230
14 232
14 234
14 235
14 237
14 239
14 241
14 243
14 246
14 249
14 252
14 263
14 265
14 270
14 271
14 277
14 284
14 287
14 288
14 298
15 16
15 20
15 47
15 48
15 52
15 56
15 57
15 58
15 61
15 63
15 68
15 69
15 71
15 72
15 74
15 75
15 79
15 80
15 82
15 83
15 84
15 86
15 87
15 90
15 93
15 94
15 96
15 97
15 101
15 103
15 106
15 110
15 114
15 115
15 121
15 127
15 135
15 141
15 145
15 153
15 156
15 161
15 163
15 167
15 168
15 169
15 170
15 174
15 175
15 177
15 180
15 183
15 185
15 188
15 190
15 197
15 200
15 205
15 209
15 211
15 213
15 218
15 219
15 222
15 223
15 224
15 225
15 231
15 235
15 239
15 240
15 249
15 251
15 254
15 255
15 256
15 265
15 266
15 267
15 268
15 270
15 272
15 274
15 275
15 277
15 278
15 283
15 284
15 287
15 289
15 295
16 22
16 31
16 32
16 45
16 56
16 60
16 61
16 63
16 67
16 68
16 69
16 73
16 81
16 82
16 89
16 91
16 92
16 95
16 106
16 109
16 110
16 112
16 114
16 116
16 117
16 119
16 121
16 124
16 125
16 127
16 128
16 129
16 139
16 145
16 148
16 150
16 156
16 159
16 160
16 161
16 166
16 168
16 169
16 171
16 173
16 177
16 179
16 183
16 185
16 186
16 188
16 189
16 194
16 197
16 202
16 203
16 207
16 211
16 213
16 214
16 223
16 224
16 225
16 226
16 227
16 232
16 234
16 235
16 237
16 238
16 240
16 244
16 255
16 262
16 263
16 266
16 267
16 275
16 276
16 278
16 283
16 295
16 298
17 18
17 24
17 26
17 31
17 35
17 36
17 44
17 46
17 53
17 54
17 58
17 63
17 64
17 66
17 69
17 75
17 76
17 83
17 88
17 97
17 105
17 108
17 118
17 121
17 125
17 127
17 129
17 130
17 135
17 138
17 139
17 151
17 154
17 158
17 162
17 163
17 164
17 166
17 171
17 173
17 175
17 176
17 179
17 184
17 185
17 186
17 188
17 196
17 197
17 201
17 204
17 206
17 210
17 211
17 214
17 218
17 220
17 222
17 228
17 234
17 236
17 238
17 253
17 254
17 259
17 260
17 266
17 268
17 270
17 272
17 273
17 279
17 291
17 296
18 23
18 26
18 27
18 29
18 34
18 46
18 48
18 56
18 60
18 61
18 63
18 65
18 71
18 72
18 76
18 81
18 82
18 87
18 91
18 92
18 97
18 98
18 101
18 106
18 109
18 110
18 111
18 117
18 125
18 128
18 130
18 133
18 135
18 136
18 139
18 141
18 142
18 143
18 145
18 148
18 149
18 151
18 152
18 158
18 159
18 160
18 162
18 170
18 173
18 174
18 175
18 176
18 192
18 201
18 203
18 205
18 210
18 211
18 213
18 215
18 221
18 222
18 225
18 226
18 232
18 236
18 237
18 238
18 243
18 244
18 246
18 247
18 252
18 253
18 259
18 262
18 264
18 268
18 271
18 274
18 275
18 283
18 285
18 292
18 297
19 28
19 29
19 30
19 35
19 40
19 41
19 42
19 44
19 45
19 47
19 48
19 51
19 53
19 56
19 63
19 82
19 85
19 95
19 96
19 99
19 102
19 104
19 105
19 112
19 118
19 119
19 122
19 123
19 124
19 127
19 132
19 133
19 135
19 136
19 140
19 141
19 144
19 145
19 150
19 151
19 152
19 154
19 155
19 156
19 162
19 163
19 165
19 166
19 173
19 176
19 177
19 181
19 185
19 189
19 193
19 195
19 196
19 198
19 199
19 203
19 204
19 206
19 208
19 211
19 214
19 218
19 220
19 221
19 237
19 243
19 247
19 249
19 250
19 261
19 266
19 267
19 268
19 269
19 271
19 277
19 285
19 294
19 298
20 21
20 24
20 30
20 33
20 39
20 44
20 48
20 50
20 53
20 55
20 56
20 58
20 75
20 77
20 83
20 84
20 87
20 89
20 91
20 92
20 93
20 94
20 95
20 96
20 97
20 98
20 99
20 103
20 105
20 106
20 107
20 109
20 114
20 118
20 129
20 130
20 132
20 135
20 138
20 140
20 144
20 150
20 151
20 155
20 157
20 159
20 160
20 162
20 163
20 165
20 185
20 186
20 190
20 191
20 193
20 197
20 209
20 210
20 211
20 216
20 217
20 218
20 219
20 221
20 226
20 228
20 231
20 232
20 235
20 246
20 248
20 253
20 258
20 261
20 266
20 267
20 270
20 272
20 276
20 277
20 278
20 280
20 285
20 296
20 297
21 23
21 30
21 31
21 33
21 35
21 36
21 45
21 50
21 52
21 54
21 56
21 59
21 64
21 67
21 69
21 74
21 85
21 91
21 92
21 93
21 97
21 98
21 99
21 101
21 102
21 103
21 108
21 113
21 114
21 115
21 119
21 121
21 123
21 124
21 128
21 130
21 131
21 135
21 136
21 138
21 140
21 146
21 148
21 150
21 157
21 166
21 171
21 173
21 175
21 176
21 181
21 183
21 185
21 188
21 200
21 203
21 205
21 206
21 207
21 211
21 213
21 218
21 226
21 231
21 232
21 240
21 244
21 245
21 248
21 250
21 254
21 256
21 260
21 271
21 273
21 280
21 287
21 291
21 293
22 25
22 26
22 28
22 33
22 37
22 38
22 41
22 42
22 44
22 45
22 48
22 49
22 50
22 53
22 58
22 59
22 67
22 72
22 77
22 78
22 79
22 86
22 88
22 96
22 99
22 101
22 112
22 118
22 121
22 122
22 124
22 127
22 128
22 132
22 137
22 141
22 142
22 145
22 147
22 151
22 155
22 156
22 157
22 159
22 160
22 174
22 179
22 186
22 193
22 195
22 199
22 206
22 219
22 227
22 238
22 239
22 243
22 244
22 245
22 248
22 249
22 257
22 260
22 263
22 265
22 266
22 290
22 297
23 27
23 29
23 33
23 34
23 37
23 41
23 42
23 43
23 45
23 46
23 49
23 51
23 61
23 62
23 71
23 72
23 78
23 80
23 84
23 89
23 90
23 93
23 98
23 100
23 102
23 120
23 123
23 130
23 131
23 136
23 144
23 150
23 151
23 152
23 153
23 156
23 161
23 162
23 171
23 185
23 189
23 193
23 196
23 197
23 201
23 202
23 203
23 205
23 207
23 210
23 212
23 213
23 215
23 216
23 219
23 223
23 234
23 236
23 237
23 244
23 246
23 247
23 255
23 258
23 263
23 265
23 268
23 269
23 275
23 277
23 288
23 291
23 294
23 296
24 27
24 41
24 42
24 48
24 49
24 54
24 56
24 57
24 58
24 60
24 63
24 66
24 69
24 70
24 74
24 75
24 76
24 77
24 79
24 80
24 81
24 82
24 91
24 98
24 99
24 100
24 103
24 108
24 115
24 119
24 121
24 124
24 129
24 130
24 132
24 133
24 135
24 136
24 144
24 147
24 148
24 151
24 154
24 155
24 156
24 158
24 163
24 164
24 165
24 170
24 172
24 173
24 174
24 179
24 184
24 190
24 191
24 197
24 202
24 214
24 215
24 219
24 223
24 226
24 228
24 230
24 236
24 238
24 250
24 254
24 255
24 256
24 259
24 260
24 266
24 267
24 268
24 272
24 275
24 277
24 281
24 283
24 284
24 285
24 289
24 294
24 295
24 296
24 298
25 33
25 34
25 35
25 36
25 42
25 43
25 44
25 49
25 51
25 52
25 53
25 58
25 60
25 63
25 64
25 79
25 83
25 87
25 91
25 94
25 102
25 103
25 106
25 111
25 112
25 113
25 115
25 122
25 125
25 135
25 138
25 139
25 143
25 144
25 145
25 147
25 148
25 149
25 150
25 151
25 154
25 155
25 157
25 158
25 159
25 164
25 166
25 169
25 170
25 178
25 182
25 183
25 184
25 189
25 191
25 199
25 201
25 206
25 216
25 219
25 222
25 223
25 226
25 228
25 233
25 236
25 238
25 243
25 246
25 250
25 253
25 261
25 264
25 265
25 268
25 269
25 272
25 275
25 276
25 277
25 282
25 288
25 291
25 296
25 297
26 29
26 35
26 40
26 41
26 43
26 45
26 46
26 48
26 55
26 58
26 68
26 71
26 73
26 77
26 79
26 85
26 86
26 87
26 90
26 94
26 95
26 100
26 102
26 108
26 112
26 113
26 121
26 123
26 125
26 126
26 136
26 139
26 141
26 142
26 144
26 145
26 146
26 147
26 149
26 150
26 156
26 157
26 158
26 159
26 160
26 169
26 184
26 187
26 188
26 191
26 192
26 198
26 199
26 201
26 208
26 211
26 221
26 224
26 230
26 231
26 239
26 240
26 243
26 246
26 249
26 258
26 260
26 262
26 269
26 276
26 278
26 280
26 283
26 288
26 289
26 293
26 294
26 295
26 296
26 297
27 31
27 33
27 42
27 48
27 53
27 54
27 58
27 59
27 60
27 61
27 63
27 70
27 72
27 73
27 74
27 79
27 81
27 86
27 88
27 93
27 94
27 96
27 98
27 102
27 103
27 104
27 108
27 109
27 110
27 113
27 115
27 118
27 121
27 122
27 126
27 128
27 135
27 136
27 147
27 150
27 151
27 155
27 156
27 159
27 160
27 163
27 164
27 169
27 174
27 183
27 195
27 200
27 202
27 203
27 205
27 211
27 212
27 221
27 225
27 230
27 231
27 234
27 235
27 239
27 240
27 244
27 248
27 252
27 258
27 262
27 264
27 265
27 267
27 272
27 275
27 280
27 282
27 283
27 290
27 298
28 29
28 36
28 37
28 43
28 52
28 55
28 57
28 58
28 60
28 66
28 73
28 75
28 79
28 83
28 85
28 86
28 87
28 88
28 89
28 92
28 93
28 100
28 108
28 119
28 127
28 129
28 131
28 132
28 134
28 135
28 137
28 141
28 142
28 143
28 146
28 147
28 150
28 153
28 154
28 158
28 160
28 163
28 166
28 168
28 175
28 177
28 178
28 179
28 185
28 186
28 189
28 195
28 196
28 200
28 208
28 210
28 211
28 215
28 220
28 224
28 227
28 230
28 232
28 242
28 247
28 248
28 250
28 255
28 256
28 258
28 262
28 264
28 271
28 279
28 280
28 281
28 286
28 287
28 292
28 294
28 295
29 31
29 33
29 34
29 35
29 37
29 44
29 46
29 49
29 52
29 53
29 54
29 58
29 59
29 68
29 72
29 79
29 81
29 82
29 85
29 86
29 88
29 92
29 94
29 97
29 110
29 111
29 113
29 115
29 116
29 119
29 124
29 125
29 126
29 129
29 133
29 135
29 137
29 146
29 149
29 155
29 156
29 158
29 160
29 161
29 174
29 177
29 183
29 185
29 189
29 192
29 201
29 205
29 209
29 211
29 212
29 214
29 215
29 216
29 223
29 225
29 227
29 233
29 235
29 236
29 241
29 245
29 252
29 255
29 256
29 261
29 267
29 270
29 282
29 283
29 284
29 285
29 290
29 293
29 297
30 32
30 37
30 39
30 41
30 46
30 48
30 52
30 59
30 65
30 67
30 74
30 77
30 80
30 82
30 83
30 85
30 92
30 93
30 94
30 97
30 100
30 101
30 112
30 114
30 116
30 121
30 122
30 123
30 124
30 126
30 128
30 129
30 139
30 145
30 146
30 147
30 149
30 150
30 152
30 156
30 162
30 163
30 164
30 166
30 170
30 171
30 173
30 175
30 181
30 182
30 184
30 189
30 190
30 192
30 193
30 197
30 199
30 200
30 205
30 207
30 208
30 217
30 218
30 222
30 228
30 229
30 243
30 244
30 249
30 251
30 254
30 256
30 257
30 260
30 261
30 263
30 264
30 277
30 281
30 283
30 286
31 32
31 43
31 48
31 53
31 57
31 60
31 61
31 64
31 67
31 69
31 70
31 71
31 72
31 74
31 75
31 83
31 92
31 94
31 95
31 96
31 99
31 102
31 104
31 106
31 108
31 113
31 114
31 116
31 122
31 128
31 130
31 131
31 133
31 135
31 137
31 138
31 139
31 140
31 147
31 148
31 153
31 156
31 162
31 164
31 165
31 166
31 168
31 169
31 172
31 175
31 176
31 188
31 190
31 198
31 202
31 204
31 213
31 222
31 224
31 225
31 231
31 247
31 253
31 254
31 256
31 262
31 265
31 266
31 270
31 271
31 274
31 276
31 279
31 281
31 284
31 291
31 292
31 294
32 33
32 36
32 37
32 41
32 43
32 48
32 55
32 58
32 61
32 62
32 67
32 72
32 73
32 78
32 80
32 81
32 82
32 87
32 91
32 99
32 101
32 107
32 112
32 117
32 122
32 125
32 126
32 128
32 131
32 133
32 134
32 138
32 141
32 142
32 148
32 154
32 155
32 156
32 157
32 166
32 173
32 179
32 182
32 186
32 187
32 188
32 195
32 197
32 199
32 207
32 209
32 215
32 217
32 218
32 222
32 224
32 226
32 233
32 234
32 239
32 242
32 249
32 253
32 258
32 260
32 264
32 265
32 266
32 267
32 271
32 273
32 275
32 283
32 285
32 289
32 295
32 299
33 34
33 38
33 46
33 51
33 55
33 59
33 62
33 67
33 68
33 69
33 71
33 75
33 78
33 88
33 89
33 90
33 101
33 106
33 108
33 109
33 110
33 113
33 114
33 120
33 121
33 123
33 124
33 125
33 129
33 136
33 138
33 143
33 145
33 147
33 149
33 151
33 152
33 153
33 157
33 162
33 164
33 166
33 167
33 171
33 174
33 177
33 181
33 189
33 193
33 195
33 199
33 200
33 203
33 205
33 206
33 207
33 209
33 211
33 214
33 216
33 219
33 220
33 222
33 225
33 229
33 231
33 233
33 235
33 237
33 241
33 243
33 249
33 250
33 254
33 256
33 264
33 270
33 274
33 278
33 279
33 289
33 291
33 294
33 299
34 35
34 37
34 40
34 42
34 44
34 45
34 46
34 47
34 50
34 55
34 58
34 60
34 61
34 68
34 70
34 74
34 77
34 78
34 80
34 83
34 87
34 88
34 89
34 92
34 93
34 94
34 97
34 98
34 99
34 101
34 104
34 108
34 113
34 114
34 121
34 122
34 124
34 127
34 129
34 131
34 134
34 135
34 139
34 141
34 144
34 146
34 149
34 150
34 161
34 167
34 169
34 177
34 181
34 189
34 191
34 193
34 196
34 197
34 203
34 204
34 206
34 209
34 211
34 212
34 218
34 220
34 225
34 226
34 227
34 228
34 229
34 231
34 236
34 243
34 248
34 249
34 252
34 258
34 261
34 268
34 273
34 274
34 277
34 281
34 282
34 283
34 288
34 292
34 296
34 297
35 36
35 37
35 39
35 40
35 45
35 49
35 53
35 54
35 55
35 58
35 60
35 65
35 67
35 78
35 83
35 85
35 87
35 91
35 92
35 96
35 103
35 106
35 108
35 120
35 121
35 122
35 124
35 126
35 136
35 141
35 144
35 147
35 148
35 150
35 152
35 153
35 161
35 162
35 164
35 176
35 181
35 182
35 183
35 185
35 189
35 191
35 192
35 196
35 204
35 206
35 211
35 212
35 216
35 228
35 230
35 232
35 233
35 235
35 238
35 240
35 244
35 247
35 248
35 249
35 250
35 252
35 255
35 257
35 261
35 262
35 264
35 266
35 269
35 270
35 271
35 273
35 277
35 278
35 281
35 283
35 284
35 289
35 293
35 294
35 296
35 299
36 41
36 57
36 63
36 65
36 67
36 68
36 74
36 80
36 83
36 90
36 91
36 96
36 103
36 104
36 108
36 114
36 116
36 119
36 123
36 130
36 132
36 136
36 140
36 144
36 155
36 156
36 171
36 173
36 176
36 177
36 178
36 180
36 185
36 187
36 193
36 195
36 203
36 210
36 211
36 215
36 217
36 221
36 224
36 228
36 229
36 230
36 232
36 235
36 236
36 238
36 243
36 246
36 247
36 249
36 258
36 261
36 264
36 271
36 272
36 279
36 282
36 283
36 290
36 292
36 297
36 299
37 49
37 50
37 55
37 56
37 62
37 67
37 68
37 74
37 77
37 90
37 91
37 100
37 101
37 104
37 105
37 106
37 110
37 111
37 118
37 120
37 121
37 123
37 125
37 128
37 137
37 138
37 146
37 148
37 152
37 153
37 154
37 155
37 159
37 160
37 161
37 170
37 176
37 179
37 182
37 183
37 189
37 192
37 193
37 195
37 199
37 201
37 209
37 211
37 218
37 232
37 239
37 241
37 245
37 247
37 254
37 255
37 257
37 264
37 266
37 267
37 269
37 272
37 273
37 275
37 276
37 277
37 285
37 291
37 296
37 299
38 47
38 48
38 54
38 55
38 57
38 62
38 66
38 71
38 77
38 78
38 84
38 86
38 88
38 92
38 94
38 99
38 100
38 102
38 103
38 108
38 111
38 112
38 113
38 114
38 117
38 120
38 124
38 126
38 130
38 131
38 134
38 136
38 140
38 141
38 145
38 148
38 150
38 157
38 166
38 168
38 171
38 182
38 185
38 195
38 196
38 199
38 201
38 202
38 206
38 213
38 214
38 216
38 217
38 219
38 220
38 221
38 229
38 235
38 240
38 244
38 246
38 250
38 251
38 255
38 256
38 257
38 258
38 263
38 265
38 273
38 274
38 276
38 281
38 283
38 285
38 289
38 291
38 299
39 40
39 43
39 44
39 47
39 48
39 50
39 56
39 57
39 58
39 60
39 62
39 63
39 68
39 73
39 74
39 75
39 80
39 93
39 96
39 99
39 100
39 107
39 111
39 113
39 120
39 122
39 123
39 125
39 126
39 128
39 130
39 131
39 132
39 134
39 135
39 137
39 140
39 141
39 142
39 147
39 149
39 151
39 154
39 163
39 166
39 168
39 172
39 178
39 182
39 187
39 188
39 194
39 197
39 202
39 203
39 204
39 206
39 217
39 220
39 223
39 225
39 227
39 229
39 233
39 235
39 236
39 237
39 239
39 240
39 241
39 242
39 246
39 247
39 252
39 262
39 264
39 267
39 268
39 270
39 272
39 275
39 278
39 279
39 287
39 292
39 293
39 294
39 299
40 48
40 49
40 52
40 54
40 56
40 63
40 66
40 67
40 70
40 72
40 74
40 84
40 85
40 86
40 89
40 90
40 95
40 100
40 109
40 111
40 117
40 119
40 120
40 122
40 125
40 131
40 137
40 141
40 147
40 148
40 152
40 153
40 154
40 160
40 166
40 169
40 171
40 172
40 174
40 176
40 179
40 180
40 184
40 186
40 191
40 192
40 193
40 195
40 198
40 200
40 202
40 208
40 209
40 214
40 216
40 219
40 223
40 227
40 229
40 231
40 234
40 235
40 237
40 239
40 245
40 248
40 249
40 251
40 253
40 254
40 262
40 271
40 273
40 276
40 279
40 280
40 284
40 293
40 296
40 299
41 44
41 47
41 51
41 52
41 53
41 59
41 60
41 61
41 64
41 65
41 66
41 69
41 73
41 76
41 80
41 82
41 88
41 90
41 92
41 99
41 102
41 109
41 110
41 114
41 115
41 116
41 118
41 119
41 120
41 125
41 128
41 129
41 132
41 136
41 142
41 143
41 145
41 157
41 159
41 161
41 165
41 168
41 173
41 175
41 176
41 177
41 178
41 179
41 182
41 185
41 189
41 191
41 193
41 196
41 203
41 209
41 211
41 212
41 214
41 217
41 218
41 221
41 223
41 225
41 226
41 229
41 235
41 236
41 241
41 251
41 254
41 255
41 260
41 274
41 275
41 278
41 286
41 289
41 291
41 292
42 47
42 49
42 50
42 53
42 54
42 56
42 61
42 62
42 64
42 68
42 70
42 73
42 76
42 77
42 84
42 87
42 89
42 92
42 109
42 112
42 115
42 116
42 121
42 127
42 131
42 133
42 135
42 138
42 142
42 148
42 152
42 154
42 155
42 159
42 160
42 162
42 163
42 164
42 166
42 171
42 175
42 176
42 177
42 179
42 183
42 185
42 186
42 189
42 192
42 193
42 196
42 199
42 200
42 201
42 202
42 204
42 208
42 211
42 213
42 218
42 219
42 220
42 224
42 225
42 226
42 227
42 228
42 238
42 240
42 243
42 246
42 247
42 263
42 264
42 272
42 276
42 279
42 282
42 284
42 294
43 58
43 61
43 63
43 64
43 66
43 67
43 70
43 73
43 76
43 77
43 78
43 81
43 84
43 86
43 89
43 92
43 100
43 103
43 104
43 105
43 110
43 112
43 113
43 117
43 120
43 121
43 122
43 129
43 131
43 132
43 135
43 140
43 144
43 148
43 150
43 152
43 158
43 161
43 163
43 164
43 167
43 169
43 172
43 173
43 176
43 180
43 185
43 194
43 195
43 198
43 200
43 205
43 207
43 214
43 216
43 218
43 222
43 225
43 229
43 238
43 245
43 247
43 258
43 259
43 261
43 265
43 267
43 271
43 279
43 282
43 285
43 290
43 293
43 297
44 46
44 47
44 53
44 63
44 65
44 68
44 77
44 78
44 82
44 84
44 85
44 91
44 92
44 102
44 106
44 109
44 110
44 111
44 114
44 123
44 124
44 126
44 128
44 131
44 150
44 163
44 165
44 168
44 172
44 177
44 178
44 184
44 187
44 188
44 192
44 208
44 220
44 224
44 228
44 231
44 233
44 235
44 241
44 244
44 248
44 253
44 255
44 259
44 261
44 262
44 269
44 271
44 272
44 286
44 287
44 291
44 294
44 297
45 46
45 47
45 52
45 57
45 60
45 62
45 65
45 66
45 69
45 71
45 72
45 84
45 91
45 94
45 98
45 99
45 100
45 101
45 102
45 109
45 112
45 121
45 133
45 138
45 140
45 142
45 146
45 154
45 167
45 173
45 176
45 178
45 179
45 181
45 183
45 186
45 200
45 208
45 212
45 214
45 215
45 220
45 225
45 226
45 227
45 228
45 229
45 230
45 235
45 244
45 245
45 246
45 250
45 255
45 260
45 261
45 271
45 272
45 277
45 279
45 281
45 285
45 292
45 296
46 52
46 57
46 63
46 69
46 70
46 74
46 75
46 79
46 82
46 84
46 90
46 91
46 97
46 108
46 110
46 111
46 119
46 127
46 131
46 133
46 135
46 136
46 147
46 157
46 163
46 165
46 166
46 167
46 168
46 171
46 174
46 175
46 178
46 179
46 180
46 181
46 183
46 184
46 186
46 187
46 192
46 194
46 196
46 197
46 198
46 205
46 208
46 209
46 210
46 216
46 217
46 218
46 220
46 221
46 224
46 226
46 227
46 229
46 230
46 232
46 233
46 235
46 238
46 249
46 255
46 261
46 263
46 267
46 268
46 271
46 272
46 279
46 281
46 285
46 287
46 290
46 294
46 295
46 298
47 49
47 53
47 58
47 66
47 70
47 72
47 79
47 85
47 87
47 88
47 97
47 98
47 100
47 101
47 102
47 111
47 113
47 114
47 118
47 119
47 120
47 123
47 132
47 134
47 137
47 140
47 142
47 149
47 154
47 158
47 159
47 168
47 169
47 170
47 174
47 178
47 180
47 181
47 182
47 183
47 187
47 188
47 204
47 205
47 206
47 209
47 215
47 220
47 223
47 236
47 238
47 239
47 241
47 251
47 255
47 260
47 267
47 273
47 278
47 280
47 281
47 284
47 291
47 292
47 295
47 297
48 53
48 58
48 60
48 62
48 63
48 71
48 74
48 77
48 80
48 84
48 87
48 89
48 91
48 96
48 97
48 99
48 100
48 104
48 106
48 109
48 118
48 119
48 121
48 122
48 134
48 135
48 140
48 141
48 144
48 145
48 147
48 149
48 163
48 164
48 167
48 172
48 173
48 181
48 182
48 183
48 186
48 197
48 200
48 215
48 218
48 220
48 224
48 230
48 231
48 234
48 237
48 239
48 242
48 250
48 256
48 261
48 264
48 268
48 269
48 272
48 276
48 279
48 280
48 288
48 290
48 295
48 296
48 298
49 51
49 54
49 55
49 64
49 68
49 78
49 81
49 86
49 87
49 88
49 91
49 92
49 96
49 101
49 102
49 103
49 105
49 114
49 115
49 116
49 124
49 125
49 135
49 140
49 144
49 150
49 152
49 156
49 157
49 161
49 166
49 167
49 175
49 176
49 178
49 182
49 184
49 185
49 186
49 190
49 193
49 195
49 205
49 207
49 211
49 212
49 214
49 215
49 216
49 221
49 231
49 234
49 236
49 239
49 240
49 245
49 247
49 248
49 252
49 253
49 254
49 255
49 257
49 262
49 266
49 267
49 269
49 272
49 274
49 277
49 282
49 285
49 286
49 289
49 295
50 51
50 52
50 53
50 54
50 61
50 63
50 65
50 67
50 68
50 70
50 75
50 80
50 81
50 86
50 90
50 94
50 104
50 108
50 118
50 121
50 124
50 127
50 129
50 130
50 134
50 136
50 140
50 154
50 155
50 159
50 164
50 165
50 168
50 169
50 170
50 171
50 173
50 175
50 176
50 182
50 183
50 186
50 187
50 188
50 190
50 191
50 193
50 194
50 198
50 199
50 200
50 204
50 205
50 209
50 212
50 218
50 221
50 222
50 224
50 225
50 230
50 231
50 233
50 236
50 242
50 243
50 246
50 250
50 254
50 257
50 260
50 263
50 264
50 266
50 272
50 281
50 282
50 286
50 289
50 296
51 57
51 58
51 60
51 64
51 65
51 68
51 70
51 72
51 75
51 77
51 86
51 88
51 89
51 90
51 91
51 98
51 101
51 105
51 107
51 114
51 116
51 119
51 134
51 140
51 142
51 153
51 156
51 162
51 170
51 177
51 180
51 188
51 195
51 200
51 202
51 206
51 207
51 210
51 212
51 216
51 221
51 222
51 224
51 225
51 231
51 234
51 242
51 248
51 254
51 256
51 264
51 265
51 266
51 270
51 271
51 279
51 285
51 290
51 292
52 62
52 63
52 64
52 69
52 73
52 77
52 80
52 85
52 91
52 94
52 95
52 96
52 99
52 101
52 102
52 107
52 110
52 111
52 113
52 114
52 115
52 117
52 122
52 124
52 127
52 128
52 131
52 136
52 137
52 142
52 147
52 150
52 151
52 154
52 161
52 163
52 165
52 167
52 173
52 175
52 176
52 184
52 186
52 187
52 189
52 191
52 206
52 211
52 213
52 215
52 216
52 217
52 218
52 228
52 230
52 235
52 236
52 241
52 244
52 250
52 253
52 258
52 269
52 270
52 271
52 272
52 275
52 277
52 286
52 293
53 54
53 62
53 66
53 67
53 69
53 73
53 78
53 82
53 85
53 96
53 98
53 100
53 101
53 104
53 107
53 112
53 121
53 122
53 124
53 131
53 142
53 143
53 144
53 145
53 149
53 150
53 156
53 157
53 159
53 161
53 162
53 174
53 175
53 179
53 181
53 183
53 186
53 187
53 190
53 197
53 210
53 215
53 221
53 223
53 225
53 228
53 231
53 237
53 245
53 252
53 253
53 255
53 260
53 262
53 265
53 267
53 271
53 274
53 278
53 280
53 282
53 284
53 288
53 289
53 292
54 55
54 61
54 62
54 63
54 64
54 68
54 71
54 78
54 79
54 81
54 85
54 88
54 90
54 94
54 98
54 99
54 100
54 109
54 117
54 118
54 124
54 126
54 129
54 131
54 133
54 138
54 139
54 141
54 146
54 151
54 152
54 154
54 163
54 165
54 170
54 171
54 174
54 175
54 180
54 181
54 187
54 189
54 192
54 196
54 203
54 208
54 210
54 213
54 214
54 215
54 216
54 217
54 221
54 223
54 225
54 226
54 227
54 230
54 233
54 235
54 241
54 246
54 247
54 251
54 252
54 253
54 254
54 256
54 262
54 264
54 265
54 271
54 273
54 276
54 279
54 280
54 281
54 291
54 295
55 58
55 62
55 66
55 67
55 71
55 73
55 74
55 76
55 78
55 88
55 92
55 94
55 97
55 99
55 100
55 103
55 105
55 110
55 111
55 113
55 115
55 116
55 120
55 130
55 138
55 141
55 147
55 148
55 155
55 162
55 163
55 166
55 169
55 172
55 179
55 181
55 183
55 184
55 192
55 193
55 199
55 200
55 202
55 203
55 208
55 215
55 216
55 217
55 222
55 234
55 235
55 238
55 240
55 241
55 242
55 244
55 245
55 246
55 250
55 252
55 253
55 255
55 256
55 260
55 262
55 265
55 270
55 271
55 279
55 281
55 284
55 285
55 287
55 288
55 289
55 293
55 298
55 299
56 69
56 70
56 71
56 72
56 74
56 75
56 82
56 84
56 88
56 89
56 90
56 103
56 108
56 112
56 117
56 118
56 125
56 141
56 145
56 149
56 151
56 156
56 159
56 160
56 164
56 167
56 169
56 175
56 176
56 177
56 179
56 181
56 183
56 187
56 190
56 195
56 198
56 202
56 203
56 204
56 205
56 206
56 208
56 210
56 213
56 214
56 215
56 217
56 218
56 229
56 234
56 236
56 239
56 241
56 244
56 246
56 250
56 253
56 256
56 258
56 259
56 264
56 266
56 276
56 279
56 281
56 282
56 284
56 290
56 294
56 296
56 299
57 62
57 65
57 70
57 71
57 75
57 76
57 77
57 78
57 79
57 81
57 83
57 85
57 88
57 89
57 93
57 98
57 99
57 100
57 103
57 107
57 110
57 118
57 119
57 120
57 121
57 122
57 127
57 131
57 132
57 134
57 136
57 143
57 145
57 151
57 152
57 153
57 155
57 158
57 159
57 166
57 167
57 170
57 174
57 175
57 179
57 181
57 182
57 184
57 186
57 189
57 191
57 194
57 198
57 199
57 208
57 211
57 214
57 217
57 221
57 222
57 223
57 224
57 227
57 228
57 234
57 242
57 245
57 248
57 251
57 254
57 255
57 257
57 259
57 260
57 268
57 271
57 272
57 273
57 280
57 283
57 289
57 294
57 297
58 60
58 65
58 66
58 75
58 82
58 83
58 88
58 89
58 92
58 99
58 100
58 102
58 103
58 111
58 114
58 116
58 118
58 125
58 129
58 130
58 134
58 145
58 147
58 151
58 156
58 162
58 168
58 169
58 173
58 175
58 178
58 183
58 184
58 186
58 187
58 190
58 192
58 195
58 197
58 198
58 208
58 209
58 211
58 212
58 218
58 226
58 227
58 235
58 236
58 240
58 243
58 247
58 256
58 259
58 265
58 275
58 277
58 279
58 280
58 286
58 290
58 293
58 298
59 60
59 66
59 69
59 70
59 72
59 76
59 77
59 84
59 90
59 91
59 93
59 98
59 101
59 103
59 104
59 108
59 119
59 122
59 124
59 127
59 133
59 136
59 142
59 148
59 156
59 164
59 168
59 173
59 175
59 181
59 194
59 195
59 196
59 198
59 200
59 202
59 203
59 205
59 215
59 222
59 227
59 234
59 236
59 237
59 240
59 243
59 250
59 254
59 256
59 258
59 259
59 260
59 261
59 264
59 269
59 270
59 271
59 272
59 274
59 289
59 290
59 291
59 295
59 299
60 65
60 67
60 71
60 72
60 75
60 77
60 78
60 83
60 92
60 96
60 98
60 99
60 101
60 103
60 105
60 107
60 109
60 112
60 116
60 118
60 120
60 121
60 123
60 129
60 131
60 134
60 138
60 151
60 159
60 160
60 161
60 162
60 169
60 170
60 173
60 177
60 178
60 181
60 187
60 194
60 203
60 207
60 209
60 212
60 214
60 219
60 220
60 224
60 225
60 230
60 233
60 237
60 241
60 243
60 245
60 248
60 249
60 261
60 263
60 264
60 266
60 270
60 274
60 275
60 278
60 279
60 282
60 285
60 291
61 64
61 66
61 68
61 69
61 73
61 75
61 76
61 81
61 86
61 88
61 89
61 90
61 93
61 94
61 96
61 99
61 104
61 107
61 112
61 113
61 114
61 115
61 118
61 122
61 126
61 131
61 134
61 137
61 139
61 142
61 145
61 147
61 151
61 155
61 160
61 163
61 164
61 171
61 172
61 173
61 174
61 177
61 178
61 179
61 181
61 184
61 185
61 192
61 193
61 197
61 198
61 201
61 204
61 207
61 209
61 210
61 214
61 215
61 225
61 227
61 228
61 230
61 231
61 233
61 234
61 237
61 239
61 241
61 242
61 244
61 245
61 246
61 247
61 250
61 255
61 261
61 262
61 269
61 271
61 273
61 277
61 287
61 288
61 289
61 293
61 297
61 298
62 65
62 66
62 70
62 81
62 82
62 83
62 85
62 87
62 92
62 93
62 97
62 99
62 101
62 105
62 109
62 110
62 111
62 113
62 116
62 117
62 120
62 121
62 123
62 129
62 132
62 140
62 146
62 147
62 150
62 152
62 154
62 156
62 159
62 163
62 165
62 169
62 170
62 176
62 180
62 181
62 182
62 192
62 193
62 195
62 203
62 208
62 212
62 216
62 218
62 219
62 221
62 222
62 223
62 224
62 227
62 228
62 231
62 234
62 235
62 236
62 239
62 241
62 244
62 250
62 258
62 260
62 261
62 263
62 265
62 270
62 277
62 287
62 292
62 294
62 297
62 299
63 66
63 67
63 70
63 71
63 73
63 74
63 81
63 83
63 84
63 92
63 100
63 102
63 104
63 113
63 117
63 118
63 121
63 122
63 123
63 124
63 127
63 128
63 130
63 131
63 135
63 136
63 137
63 139
63 141
63 146
63 158
63 166
63 167
63 174
63 175
63 176
63 180
63 192
63 193
63 194
63 197
63 200
63 202
63 210
63 216
63 220
63 223
63 225
63 228
63 229
63 233
63 235
63 240
63 243
63 246
63 247
63 250
63 252
63 256
63 257
63 259
63 267
63 273
63 274
63 276
63 277
63 279
63 281
63 282
63 283
63 284
63 290
63 294
63 295
63 296
63 299
64 65
64 74
64 78
64 80
64 82
64 85
64 105
64 108
64 109
64 110
64 118
64 121
64 122
64 130
64 133
64 135
64 138
64 144
64 145
64 146
64 147
64 149
64 153
64 154
64 155
64 157
64 159
64 164
64 165
64 167
64 168
64 175
64 182
64 185
64 187
64 189
64 192
64 196
64 197
64 204
64 205
64 206
64 207
64 214
64 225
64 230
64 238
64 239
64 240
64 245
64 247
64 249
64 252
64 256
64 262
64 263
64 265
64 266
64 268
64 275
64 278
64 286
64 287
64 289
64 292
65 66
65 68
65 71
65 73
65 76
65 77
65 78
65 81
65 84
65 89
65 90
65 93
65 94
65 99
65 100
65 103
65 104
65 108
65 111
65 113
65 116
65 118
65 120
65 121
65 128
65 138
65 140
65 143
65 145
65 154
65 160
65 165
65 172
65 177
65 180
65 183
65 184
65 185
65 186
65 187
65 188
65 191
65 196
65 197
65 199
65 202
65 203
65 218
65 220
65 227
65 232
65 234
65 240
65 242
65 243
65 250
65 251
65 255
65 258
65 260
65 262
65 264
65 265
65 267
65 275
65 277
65 285
65 297
66 67
66 69
66 74
66 79
66 80
66 91
66 92
66 94
66 97
66 100
66 102
66 105
66 114
66 115
66 119
66 121
66 125
66 134
66 136
66 143
66 146
66 147
66 148
66 159
66 171
66 172
66 174
66 175
66 176
66 181
66 184
66 186
66 187
66 190
66 191
66 194
66 198
66 199
66 202
66 207
66 209
66 210
66 212
66 222
66 224
66 226
66 229
66 241
66 243
66 245
66 248
66 249
66 252
66 253
66 255
66 256
66 257
66 258
66 259
66 262
66 265
66 269
66 279
66 281
66 285
66 290
66 295
67 74
67 78
67 86
67 89
67 92
67 101
67 102
67 103
67 105
67 106
67 108
67 110
67 112
67 113
67 114
67 117
67 118
67 121
67 122
67 123
67 126
67 131
67 134
67 136
67 142
67 143
67 150
67 152
67 156
67 157
67 162
67 164
67 165
67 168
67 169
67 174
67 179
67 186
67 191
67 192
67 195
67 196
67 199
67 200
67 210
67 217
67 223
67 224
67 226
67 229
67 237
67 238
67 245
67 249
67 263
67 265
67 277
67 278
67 283
67 285
67 291
67 293
67 294
67 295
68 70
68 73
68 74
68 76
68 82
68 88
68 100
68 101
68 106
68 107
68 110
68 112
68 113
68 115
68 122
68 126
68 128
68 132
68 138
68 139
68 140
68 143
68 151
68 152
68 156
68 158
68 161
68 164
68 170
68 171
68 172
68 173
68 175
68 178
68 179
68 180
68 182
68 183
68 184
68 195
68 198
68 202
68 203
68 207
68 210
68 211
68 213
68 215
68 217
68 218
68 220
68 225
68 227
68 230
68 236
68 243
68 246
68 252
68 253
68 257
68 261
68 263
68 264
68 267
68 272
68 276
68 278
68 279
68 280
68 281
68 283
68 285
68 286
68 292
68 293
68 294
68 295
68 297
68 299
69 74
69 78
69 79
69 80
69 83
69 87
69 90
69 92
69 94
69 97
69 104
69 105
69 107
69 111
69 112
69 114
69 121
69 122
69 124
69 126
69 133
69 142
69 144
69 157
69 158
69 164
69 169
69 170
69 172
69 173
69 177
69 178
69 182
69 189
69 192
69 195
69 198
69 205
69 206
69 211
69 212
69 218
69 222
69 224
69 236
69 238
69 250
69 256
69 263
69 267
69 269
69 273
69 274
69 276
69 278
69 280
69 282
69 284
69 296
69 297
70 73
70 74
70 79
70 83
70 84
70 85
70 92
70 117
70 118
70 123
70 126
70 128
70 129
70 131
70 134
70 136
70 138
70 141
70 142
70 144
70 145
70 147
70 149
70 153
70 156
70 159
70 161
70 162
70 166
70 177
70 179
70 180
70 183
70 187
70 188
70 190
70 191
70 193
70 196
70 197
70 207
70 208
70 214
70 218
70 222
70 230
70 237
70 239
70 241
70 248
70 253
70 255
70 257
70 258
70 263
70 264
70 267
70 274
70 275
70 279
70 281
70 282
70 283
70 289
70 292
70 296
70 298
70 299
71 73
71 75
71 79
71 81
71 84
71 86
71 87
71 92
71 95
71 98
71 99
71 106
71 109
71 110
71 113
71 114
71 116
71 117
71 118
71 120
71 121
71 124
71 125
71 134
71 136
71 137
71 138
71 146
71 147
71 148
71 151
71 152
71 158
71 161
71 163
71 166
71 167
71 169
71 170
71 171
71 174
71 175
71 177
71 178
71 183
71 186
71 187
71 190
71 193
71 198
71 203
71 205
71 207
71 212
71 218
71 224
71 229
71 237
71 240
71 248
71 249
71 252
71 253
71 255
71 261
71 263
71 264
71 265
71 269
71 271
71 272
71 273
71 275
71 277
71 280
71 281
71 282
71 283
71 285
71 291
71 292
71 297
72 75
72 77
72 82
72 83
72 97
72 98
72 99
72 104
72 105
72 108
72 113
72 117
72 119
72 120
72 122
72 123
72 135
72 139
72 143
72 152
72 157
72 158
72 159
72 164
72 165
72 170
72 177
72 178
72 179
72 181
72 185
72 187
72 195
72 196
72 197
72 204
72 207
72 216
72 224
72 230
72 231
72 241
72 243
72 245
72 249
72 250
72 252
72 253
72 262
72 263
72 269
72 273
72 274
72 281
72 283
72 284
72 286
72 287
72 290
72 293
72 295
72 296
72 297
72 298
72 299
73 77
73 78
73 80
73 82
73 83
73 90
73 100
73 102
73 104
73 106
73 111
73 121
73 125
73 132
73 138
73 146
73 148
73 151
73 155
73 156
73 169
73 178
73 180
73 183
73 185
73 187
73 189
73 193
73 194
73 195
73 196
73 200
73 205
73 207
73 208
73 211
73 214
73 217
73 220
73 221
73 227
73 229
73 230
73 233
73 236
73 237
73 240
73 246
73 248
73 254
73 255
73 258
73 263
73 264
73 267
73 269
73 271
73 272
73 282
73 285
73 286
73 287
73 290
73 297
73 298
74 75
74 76
74 82
74 83
74 85
74 86
74 90
74 93
74 107
74 111
74 113
74 116
74 119
74 125
74 133
74 134
74 141
74 142
74 147
74 148
74 151
74 154
74 157
74 158
74 160
74 161
74 164
74 169
74 175
74 176
74 177
74 179
74 182
74 187
74 189
74 191
74 200
74 205
74 207
74 209
74 211
74 212
74 213
74 218
74 220
74 223
74 226
74 227
74 230
74 241
74 244
74 248
74 251
74 252
74 256
74 261
74 263
74 264
74 267
74 272
74 279
74 280
74 286
74 294
75 85
75 88
75 94
75 96
75 98
75 101
75 117
75 119
75 121
75 122
75 130
75 133
75 137
75 142
75 148
75 150
75 151
75 153
75 156
75 159
75 164
75 165
75 170
75 171
75 172
75 176
75 177
75 182
75 183
75 184
75 189
75 190
75 191
75 193
75 195
75 196
75 197
75 204
75 208
75 213
75 218
75 220
75 221
75 224
75 228
75 229
75 231
75 234
75 246
75 250
75 256
75 268
75 273
75 277
75 283
75 284
75 288
76 87
76 91
76 98
76 99
76 102
76 105
76 107
76 111
76 115
76 120
76 121
76 124
76 125
76 128
76 130
76 135
76 142
76 143
76 146
76 147
76 150
76 157
76 158
76 159
76 162
76 163
76 164
76 167
76 169
76 172
76 173
76 174
76 175
76 183
76 185
76 196
76 203
76 204
76 205
76 206
76 207
76 210
76 211
76 215
76 216
76 217
76 223
76 224
76 225
76 228
76 230
76 236
76 244
76 245
76 246
76 247
76 248
76 255
76 260
76 261
76 264
76 269
76 273
76 279
76 280
76 282
76 285
76 292
76 296
76 297
77 83
77 86
77 88
77 89
77 90
77 91
77 95
77 96
77 97
77 98
77 102
77 103
77 107
77 109
77 110
77 111
77 116
77 119
77 122
77 126
77 133
77 134
77 136
77 144
77 147
77 148
77 151
77 154
77 156
77 163
77 164
77 169
77 172
77 175
77 177
77 181
77 182
77 183
77 185
77 188
77 189
77 198
77 200
77 201
77 205
77 216
77 218
77 219
77 223
77 224
77 226
77 227
77 240
77 244
77 250
77 255
77 260
77 263
77 265
77 266
77 269
77 271
77 274
77 280
77 282
77 293
77 296
77 299
78 83
78 88
78 89
78 90
78 91
78 92
78 95
78 98
78 100
78 107
78 108
78 109
78 110
78 113
78 114
78 117
78 119
78 122
78 123
78 126
78 127
78 132
78 134
78 137
78 141
78 144
78 147
78 148
78 149
78 150
78 154
78 157
78 163
78 165
78 167
78 172
78 173
78 174
78 182
78 184
78 186
78 202
78 203
78 204
78 205
78 210
78 215
78 217
78 220
78 230
78 232
78 236
78 237
78 240
78 242
78 243
78 244
78 249
78 253
78 255
78 262
78 264
78 273
78 274
78 277
78 290
78 296
79 84
79 96
79 104
79 106
79 109
79 112
79 122
79 131
79 137
79 145
79 147
79 149
79 155
79 157
79 158
79 166
79 173
79 174
79 177
79 179
79 181
79 182
79 183
79 186
79 188
79 193
79 197
79 199
79 203
79 206
79 209
79 211
79 213
79 215
79 216
79 217
79 219
79 220
79 228
79 229
79 230
79 233
79 240
79 243
79 245
79 248
79 260
79 262
79 263
79 264
79 266
79 269
79 271
79 273
79 275
79 278
79 285
79 293
79 295
80 81
80 83
80 88
80 89
80 90
80 94
80 96
80 99
80 100
80 102
80 104
80 113
80 116
80 117
80 118
80 119
80 128
80 133
80 135
80 138
80 140
80 143
80 144
80 145
80 147
80 149
80 152
80 153
80 155
80 160
80 163
80 165
80 168
80 179
80 183
80 184
80 188
80 191
80 198
80 201
80 207
80 208
80 210
80 211
80 217
80 222
80 227
80 228
80 234
80 237
80 239
80 240
80 242
80 245
80 253
80 262
80 265
80 270
80 272
80 273
80 274
80 279
80 283
80 284
80 285
80 286
80 287
80 288
80 289
80 294
80 299
81 84
81 85
81 89
81 94
81 101
81 103
81 106
81 107
81 111
81 118
81 119
81 123
81 128
81 138
81 141
81 143
81 144
81 145
81 146
81 148
81 150
81 155
81 156
81 161
81 166
81 169
81 183
81 186
81 189
81 191
81 192
81 193
81 196
81 198
81 202
81 203
81 204
81 208
81 214
81 218
81 221
81 226
81 239
81 240
81 241
81 243
81 246
81 247
81 249
81 250
81 254
81 255
81 256
81 259
81 260
81 262
81 265
81 269
81 271
81 272
81 274
81 280
81 281
81 282
81 283
81 287
81 289
81 291
81 292
81 295
81 298
82 86
82 88
82 92
82 97
82 100
82 101
82 102
82 108
82 110
82 112
82 113
82 119
82 121
82 122
82 123
82 128
82 129
82 130
82 146
82 148
82 152
82 159
82 166
82 173
82 175
82 178
82 182
82 187
82 195
82 199
82 203
82 206
82 208
82 209
82 214
82 219
82 229
82 230
82 233
82 234
82 237
82 242
82 247
82 251
82 262
82 264
82 271
82 273
82 281
82 287
82 289
82 291
82 298
83 88
83 90
83 92
83 96
83 99
83 100
83 101
83 104
83 110
83 111
83 117
83 119
83 121
83 122
83 124
83 126
83 128
83 132
83 138
83 142
83 143
83 145
83 147
83 148
83 155
83 156
83 157
83 158
83 161
83 172
83 175
83 176
83 183
83 185
83 191
83 196
83 198
83 211
83 219
83 220
83 224
83 226
83 230
83 231
83 232
83 236
83 238
83 243
83 246
83 247
83 248
83 252
83 255
83 261
83 263
83 264
83 269
83 270
83 272
83 278
83 285
83 286
83 287
83 289
83 290
83 291
83 292
83 295
83 298
83 299
84 85
84 94
84 95
84 104
84 112
84 115
84 117
84 123
84 127
84 128
84 135
84 138
84 141
84 142
84 144
84 158
84 160
84 169
84 171
84 174
84 175
84 177
84 179
84 187
84 188
84 191
84 195
84 198
84 199
84 200
84 202
84 212
84 217
84 219
84 222
84 223
84 226
84 233
84 234
84 235
84 238
84 240
84 242
84 247
84 248
84 249
84 257
84 260
84 261
84 264
84 266
84 267
84 278
84 284
84 288
84 289
84 294
84 298
85 87
85 89
85 91
85 92
85 95
85 96
85 99
85 103
85 104
85 110
85 112
85 113
85 115
85 118
85 120
85 137
85 140
85 161
85 162
85 168
85 172
85 173
85 178
85 184
85 186
85 187
85 190
85 193
85 196
85 200
85 204
85 206
85 207
85 211
85 213
85 217
85 219
85 221
85 223
85 228
85 229
85 233
85 236
85 245
85 246
85 248
85 257
85 258
85 267
85 271
85 276
85 279
85 283
85 285
85 291
85 295
85 297
86 88
86 100
86 101
86 103
86 104
86 105
86 106
86 107
86 108
86 111
86 112
86 115
86 119
86 120
86 123
86 124
86 130
86 135
86 136
86 139
86 147
86 148
86 150
86 151
86 152
86 164
86 165
86 168
86 175
86 177
86 179
86 184
86 189
86 191
86 192
86 193
86 207
86 209
86 211
86 227
86 229
86 233
86 234
86 235
86 236
86 242
86 246
86 249
86 254
86 257
86 258
86 260
86 267
86 270
86 271
86 274
86 276
86 277
86 282
86 288
86 293
86 295
86 298
86 299
87 93
87 94
87 95
87 96
87 98
87 100
87 104
87 113
87 116
87 121
87 122
87 123
87 132
87 134
87 144
87 148
87 149
87 150
87 152
87 153
87 164
87 166
87 168
87 171
87 176
87 178
87 179
87 180
87 181
87 182
87 187
87 192
87 196
87 197
87 203
87 209
87 216
87 219
87 222
87 224
87 227
87 231
87 232
87 233
87 247
87 250
87 251
87 252
87 257
87 258
87 259
87 264
87 266
87 269
87 279
87 280
87 281
87 284
87 285
87 286
87 296
87 297
87 298
88 92
88 94
88 95
88 99
88 102
88 104
88 106
88 110
88 112
88 114
88 118
88 120
88 128
88 136
88 141
88 142
88 143
88 144
88 148
88 149
88 150
88 154
88 157
88 164
88 176
88 178
88 186
88 188
88 191
88 192
88 193
88 201
88 202
88 205
88 207
88 210
88 214
88 216
88 218
88 228
88 229
88 232
88 234
88 237
88 241
88 247
88 250
88 255
88 256
88 258
88 261
88 262
88 263
88 264
88 265
88 266
88 269
88 271
88 280
88 290
88 291
88 293
89 107
89 108
89 109
89 111
89 112
89 115
89 117
89 119
89 123
89 124
89 125
89 126
89 130
89 135
89 137
89 138
89 142
89 146
89 149
89 152
89 155
89 160
89 161
89 163
89 165
89 166
89 175
89 177
89 179
89 186
89 189
89 192
89 193
89 199
89 207
89 209
89 212
89 213
89 215
89 216
89 224
89 227
89 232
89 233
89 237
89 238
89 240
89 250
89 258
89 263
89 264
89 270
89 272
89 279
89 285
89 289
89 291
89 292
89 293
89 294
89 295
89 298
90 93
90 95
90 98
90 99
90 101
90 106
90 107
90 108
90 110
90 112
90 114
90 119
90 124
90 128
90 134
90 138
90 147
90 150
90 158
90 164
90 166
90 171
90 172
90 180
90 182
90 189
90 190
90 191
90 192
90 199
90 205
90 206
90 213
90 216
90 218
90 223
90 229
90 234
90 237
90 240
90 243
90 247
90 248
90 251
90 261
90 267
90 268
90 270
90 271
90 272
90 276
90 280
90 283
90 284
90 285
91 95
91 96
91 97
91 102
91 103
91 104
91 109
91 112
91 114
91 115
91 117
91 122
91 125
91 128
91 129
91 131
91 132
91 136
91 144
91 146
91 147
91 148
91 155
91 156
91 162
91 165
91 166
91 167
91 168
91 170
91 173
91 175
91 180
91 181
91 186
91 199
91 200
91 202
91 205
91 206
91 216
91 223
91 224
91 226
91 228
91 230
91 235
91 238
91 240
91 241
91 247
91 249
91 252
91 253
91 259
91 260
91 267
91 271
91 277
91 280
91 281
91 282
91 291
91 293
91 299
92 95
92 97
92 104
92 105
92 108
92 111
92 117
92 120
92 122
92 123
92 129
92 132
92 133
92 139
92 140
92 145
92 147
92 149
92 150
92 155
92 156
92 157
92 159
92 161
92 162
92 163
92 165
92 172
92 173
92 179
92 181
92 182
92 185
92 195
92 198
92 199
92 202
92 208
92 211
92 213
92 218
92 220
92 230
92 233
92 236
92 239
92 246
92 250
92 253
92 254
92 257
92 259
92 260
92 265
92 266
92 268
92 269
92 271
92 273
92 276
92 285
92 287
92 288
92 290
92 295
92 298
93 94
93 96
93 97
93 98
93 99
93 101
93 102
93 105
93 110
93 113
93 115
93 118
93 119
93 127
93 128
93 129
93 133
93 139
93 140
93 145
93 146
93 154
93 156
93 157
93 160
93 161
93 162
93 164
93 167
93 168
93 176
93 177
93 179
93 181
93 182
93 185
93 186
93 188
93 194
93 202
93 206
93 208
93 217
93 218
93 219
93 220
93 222
93 224
93 230
93 236
93 237
93 243
93 246
93 248
93 249
93 253
93 255
93 267
93 270
93 271
93 272
93 273
93 277
93 278
93 281
93 288
93 290
93 291
93 293
93 295
93 298
94 96
94 97
94 104
94 106
94 107
94 110
94 113
94 117
94 119
94 126
94 127
94 133
94 134
94 137
94 143
94 146
94 147
94 149
94 150
94 152
94 158
94 163
94 164
94 171
94 173
94 176
94 178
94 182
94 186
94 188
94 192
94 200
94 201
94 202
94 203
94 204
94 211
94 212
94 214
94 217
94 220
94 223
94 228
94 233
94 235
94 245
94 247
94 250
94 254
94 256
94 263
94 269
94 270
94 271
94 273
94 276
94 282
94 284
94 286
94 287
94 288
94 289
94 298
95 96
95 100
95 104
95 105
95 108
95 109
95 113
95 115
95 123
95 126
95 130
95 133
95 136
95 138
95 143
95 144
95 146
95 154
95 157
95 159
95 161
95 167
95 169
95 171
95 174
95 182
95 184
95 185
95 188
95 190
95 191
95 192
95 195
95 200
95 201
95 202
95 211
95 212
95 213
95 217
95 221
95 223
95 228
95 230
95 232
95 236
95 241
95 249
95 252
95 263
95 264
95 269
95 271
95 273
95 276
95 278
95 279
95 283
95 284
95 285
95 286
95 294
95 295
95 298
95 299
96 100
96 105
96 109
96 111
96 112
96 116
96 122
96 123
96 125
96 126
96 127
96 130
96 133
96 138
96 144
96 150
96 154
96 156
96 157
96 159
96 162
96 166
96 176
96 177
96 178
96 181
96 185
96 187
96 191
96 195
96 196
96 200
96 204
96 206
96 209
96 211
96 212
96 219
96 222
96 228
96 233
96 236
96 238
96 240
96 243
96 245
96 246
96 254
96 255
96 256
96 263
96 274
96 277
96 279
96 280
96 286
96 289
96 294
96 295
96 297
96 298
97 101
97 113
97 118
97 120
97 128
97 129
97 137
97 138
97 140
97 145
97 151
97 155
97 167
97 171
97 177
97 178
97 185
97 188
97 189
97 190
97 191
97 196
97 203
97 204
97 209
97 214
97 220
97 222
97 229
97 239
97 244
97 246
97 247
97 255
97 256
97 258
97 261
97 262
97 264
97 266
97 268
97 270
97 275
97 280
97 287
97 289
97 295
97 296
98 99
98 107
98 109
98 111
98 113
98 115
98 116
98 118
98 128
98 129
98 131
98 135
98 141
98 143
98 144
98 146
98 148
98 149
98 151
98 160
98 165
98 177
98 178
98 180
98 201
98 204
98 205
98 206
98 211
98 214
98 217
98 218
98 220
98 221
98 222
98 225
98 226
98 227
98 231
98 240
98 242
98 245
98 246
98 247
98 248
98 257
98 260
98 264
98 273
98 279
98 282
98 287
98 288
98 297
99 100
99 101
99 105
99 109
99 113
99 114
99 116
99 117
99 126
99 128
99 132
99 136
99 140
99 143
99 151
99 153
99 156
99 158
99 159
99 163
99 164
99 167
99 169
99 170
99 175
99 180
99 181
99 187
99 188
99 196
99 204
99 205
99 206
99 209
99 212
99 218
99 221
99 223
99 228
99 230
99 232
99 233
99 234
99 236
99 244
99 246
99 247
99 252
99 253
99 264
99 266
99 269
99 282
99 285
99 287
99 297
99 298
100 101
100 103
100 110
100 111
100 117
100 118
100 120
100 123
100 125
100 129
100 130
100 132
100 133
100 134
100 137
100 139
100 140
100 142
100 143
100 147
100 153
100 155
100 156
100 160
100 161
100 162
100 166
100 167
100 169
100 172
100 174
100 176
100 180
100 182
100 185
100 186
100 187
100 197
100 200
100 210
100 221
100 223
100 227
100 228
100 236
100 240
100 241
100 242
100 248
100 249
100 250
100 251
100 257
100 268
100 272
100 273
100 274
100 280
100 285
100 287
100 290
100 292
100 293
100 295
100 296
100 297
101 110
101 119
101 123
101 128
101 132
101 135
101 140
101 141
101 142
101 144
101 145
101 148
101 154
101 162
101 163
101 168
101 169
101 171
101 178
101 179
101 180
101 181
101 182
101 185
101 187
101 190
101 191
101 192
101 194
101 198
101 213
101 214
101 216
101 224
101 229
101 232
101 234
101 236
101 238
101 241
101 251
101 252
101 261
101 263
101 264
101 266
101 270
101 272
101 274
101 275
101 281
101 283
101 284
101 286
101 292
101 293
101 295
101 296
101 298
101 299
102 107
102 108
102 116
102 118
102 124
102 127
102 129
102 137
102 142
102 148
102 156
102 160
102 161
102 162
102 163
102 168
102 172
102 173
102 178
102 179
102 181
102 182
102 183
102 184
102 185
102 189
102 192
102 193
102 194
102 196
102 197
102 200
102 203
102 204
102 205
102 206
102 209
102 219
102 221
102 223
102 225
102 230
102 232
102 233
102 234
102 236
102 238
102 242
102 246
102 247
102 251
102 258
102 262
102 266
102 268
102 272
102 273
102 274
102 277
102 278
102 279
102 285
102 287
102 288
102 291
102 293
102 294
103 104
103 110
103 121
103 126
103 131
103 133
103 136
103 137
103 140
103 150
103 155
103 156
103 157
103 159
103 167
103 169
103 175
103 177
103 183
103 189
103 191
103 192
103 208
103 212
103 213
103 215
103 220
103 228
103 229
103 230
103 232
103 235
103 238
103 239
103 242
103 245
103 248
103 253
103 254
103 260
103 261
103 264
103 270
103 274
103 276
103 277
103 278
103 280
103 281
103 284
103 285
103 287
103 291
103 292
103 297
103 299
104 113
104 120
104 122
104 126
104 127
104 134
104 135
104 138
104 139
104 142
104 146
104 148
104 151
104 153
104 154
104 155
104 158
104 161
104 168
104 171
104 172
104 177
104 180
104 191
104 192
104 193
104 195
104 196
104 197
104 198
104 201
104 205
104 207
104 211
104 214
104 224
104 229
104 236
104 238
104 241
104 242
104 243
104 246
104 251
104 255
104 258
104 260
104 262
104 263
104 268
104 270
104 274
104 275
104 283
104 288
104 289
104 291
104 292
104 295
104 296
105 114
105 117
105 120
105 122
105 126
105 127
105 130
105 131
105 134
105 135
105 136
105 137
105 143
105 153
105 157
105 161
105 163
105 165
105 168
105 170
105 177
105 180
105 182
105 188
105 190
105 192
105 193
105 205
105 216
105 218
105 226
105 227
105 229
105 232
105 234
105 251
105 253
105 254
105 255
105 257
105 259
105 261
105 262
105 264
105 276
105 279
105 280
105 284
105 287
106 108
106 112
106 115
106 116
106 119
106 121
106 124
106 128
106 131
106 132
106 133
106 138
106 141
106 144
106 147
106 151
106 159
106 160
106 164
106 177
106 178
106 189
106 193
106 194
106 196
106 199
106 206
106 211
106 212
106 213
106 214
106 219
106 221
106 222
106 225
106 226
106 230
106 232
106 235
106 237
106 243
106 246
106 250
106 257
106 261
106 262
106 267
106 268
106 269
106 270
106 273
106 277
106 283
106 290
106 295
106 298
106 299
107 108
107 116
107 121
107 124
107 129
107 133
107 136
107 144
107 146
107 147
107 149
107 150
107 162
107 171
107 173
107 177
107 182
107 183
107 186
107 188
107 189
107 190
107 192
107 198
107 201
107 202
107 206
107 207
107 210
107 212
107 222
107 224
107 233
107 235
107 238
107 244
107 245
107 250
107 251
107 257
107 258
107 259
107 262
107 273
107 276
107 278
107 284
107 286
107 287
107 289
107 291
107 296
107 297
107 299
108 112
108 114
108 121
108 123
108 130
108 137
108 139
108 142
108 143
108 144
108 146
108 152
108 156
108 167
108 169
108 170
108 171
108 178
108 180
108 182
108 187
108 189
108 190
108 191
108 195
108 203
108 205
108 211
108 220
108 227
108 228
108 230
108 231
108 243
108 245
108 248
108 249
108 254
108 255
108 257
108 259
108 260
108 263
108 264
108 268
108 269
108 271
108 275
108 276
108 277
108 283
108 294
108 297
109 110
109 112
109 113
109 114
109 118
109 122
109 130
109 133
109 134
109 139
109 143
109 147
109 155
109 161
109 163
109 164
109 165
109 167
109 169
109 172
109 175
109 176
109 179
109 180
109 181
109 182
109 184
109 189
109 190
109 191
109 192
109 193
109 194
109 200
109 211
109 212
109 218
109 220
109 223
109 224
109 226
109 229
109 230
109 233
109 238
109 239
109 244
109 245
109 246
109 254
109 261
109 269
109 276
109 277
109 279
109 280
109 283
109 284
110 120
110 123
110 124
110 125
110 131
110 141
110 150
110 152
110 153
110 156
110 157
110 158
110 159
110 164
110 166
110 167
110 168
110 172
110 173
110 175
110 176
110 180
110 185
110 186
110 188
110 190
110 191
110 193
110 195
110 197
110 201
110 202
110 204
110 206
110 210
110 212
110 215
110 217
110 222
110 223
110 224
110 227
110 232
110 236
110 242
110 243
110 245
110 248
110 249
110 252
110 253
110 255
110 256
110 259
110 262
110 263
110 265
110 268
110 280
110 281
110 287
110 289
110 293
110 296
110 299
111 112
111 113
111 116
111 120
111 121
111 126
111 134
111 136
111 140
111 144
111 146
111 153
111 155
111 156
111 163
111 169
111 173
111 177
111 178
111 180
111 181
111 184
111 186
111 190
111 196
111 199
111 202
111 212
111 218
111 225
111 231
111 236
111 237
111 239
111 241
111 242
111 243
111 248
111 252
111 255
111 258
111 260
111 263
111 267
111 272
111 282
111 287
111 288
111 291
111 292
111 293
111 294
111 296
112 118
112 121
112 125
112 141
112 142
112 143
112 145
112 148
112 153
112 154
112 155
112 157
112 162
112 168
112 170
112 172
112 174
112 178
112 182
112 190
112 191
112 194
112 202
112 208
112 211
112 214
112 216
112 219
112 222
112 228
112 229
112 233
112 236
112 237
112 239
112 242
112 243
112 244
112 248
112 250
112 254
112 255
112 264
112 265
112 274
112 276
112 283
112 284
112 285
112 290
112 291
112 297
112 298
113 114
113 117
113 118
113 120
113 121
113 122
113 123
113 125
113 127
113 128
113 132
113 137
113 144
113 150
113 152
113 157
113 159
113 167
113 169
113 176
113 184
113 187
113 191
113 193
113 196
113 199
113 204
113 205
113 208
113 210
113 213
113 217
113 219
113 223
113 229
113 230
113 241
113 242
113 244
113 248
113 249
113 250
113 251
113 254
113 257
113 260
113 265
113 271
113 272
113 273
113 277
113 279
113 282
113 283
113 286
113 287
113 290
113 292
113 295
113 298
113 299
114 116
114 118
114 127
114 133
114 135
114 138
114 139
114 141
114 149
114 151
114 156
114 157
114 162
114 169
114 170
114 171
114 174
114 178
114 181
114 192
114 195
114 199
114 201
114 206
114 207
114 211
114 213
114 214
114 219
114 220
114 225
114 230
114 234
114 235
114 236
114 238
114 247
114 248
114 249
114 250
114 252
114 253
114 254
114 265
114 267
114 274
114 275
114 276
114 283
114 285
114 286
114 287
114 289
114 292
114 294
114 295
114 296
114 298
115 116
115 118
115 120
115 130
115 134
115 136
115 141
115 143
115 144
115 146
115 159
115 164
115 167
115 170
115 176
115 177
115 178
115 181
115 187
115 188
115 191
115 192
115 194
115 196
115 202
115 204
115 205
115 206
115 207
115 209
115 210
115 211
115 212
115 213
115 216
115 217
115 225
115 226
115 230
115 233
115 234
115 241
115 242
115 250
115 255
115 256
115 261
115 264
115 266
115 267
115 271
115 272
115 281
115 287
115 289
115 292
115 294
115 296
115 298
115 299
116 118
116 120
116 121
116 124
116 127
116 128
116 131
116 135
116 139
116 148
116 155
116 161
116 163
116 167
116 170
116 172
116 175
116 176
116 177
116 179
116 185
116 187
116 190
116 194
116 195
116 197
116 198
116 199
116 200
116 203
116 206
116 208
116 216
116 219
116 220
116 226
116 234
116 240
116 241
116 242
116 254
116 262
116 267
116 278
116 284
116 288
117 118
117 119
117 121
117 123
117 127
117 128
117 129
117 130
117 133
117 137
117 141
117 144
117 150
117 151
117 152
117 157
117 158
117 161
117 162
117 168
117 178
117 181
117 197
117 200
117 201
117 202
117 206
117 208
117 218
117 223
117 225
117 227
117 228
117 230
117 231
117 233
117 236
117 237
117 252
117 253
117 260
117 273
117 276
117 279
117 284
117 290
117 294
117 296
117 297
117 299
118 120
118 122
118 123
118 130
118 133
118 134
118 137
118 139
118 145
118 155
118 161
118 163
118 169
118 171
118 172
118 173
118 179
118 181
118 186
118 192
118 194
118 196
118 199
118 202
118 203
118 207
118 208
118 211
118 212
118 218
118 221
118 222
118 225
118 227
118 229
118 230
118 231
118 232
118 234
118 238
118 243
118 247
118 248
118 250
118 256
118 265
118 266
118 267
118 268
118 270
118 272
118 279
118 284
118 287
118 295
118 296
119 120
119 131
119 133
119 136
119 139
119 147
119 152
119 154
119 163
119 171
119 172
119 173
119 175
119 183
119 184
119 185
119 188
119 191
119 193
119 194
119 196
119 202
119 206
119 217
119 219
119 220
119 225
119 228
119 230
119 234
119 235
119 238
119 239
119 241
119 247
119 252
119 257
119 258
119 262
119 264
119 280
119 281
119 283
119 289
119 292
119 294
119 297
119 299
120 125
120 128
120 131
120 132
120 134
120 138
120 139
120 143
120 146
120 150
120 154
120 156
120 157
120 158
120 164
120 166
120 167
120 169
120 172
120 179
120 187
120 200
120 201
120 205
120 208
120 209
120 211
120 214
120 223
120 224
120 226
120 232
120 237
120 238
120 241
120 242
120 246
120 248
120 251
120 253
120 264
120 271
120 272
120 275
120 276
120 282
120 285
120 291
120 296
121 122
121 129
121 132
121 138
121 142
121 145
121 149
121 151
121 153
121 157
121 161
121 178
121 179
121 180
121 190
121 191
121 195
121 198
121 201
121 203
121 207
121 210
121 213
121 215
121 219
121 220
121 223
121 224
121 227
121 230
121 240
121 242
121 255
121 256
121 257
121 258
121 264
121 267
121 268
121 269
121 273
121 279
121 282
121 286
121 288
121 290
121 292
121 293
121 295
122 128
122 131
122 132
122 137
122 139
122 141
122 143
122 145
122 150
122 151
122 153
122 154
122 156
122 160
122 163
122 169
122 174
122 175
122 182
122 193
122 194
122 199
122 204
122 206
122 210
122 213
122 219
122 220
122 222
122 231
122 235
122 239
122 248
122 253
122 254
122 259
122 260
122 261
122 265
122 266
122 267
122 268
122 272
122 275
122 277
122 278
122 285
122 287
122 294
122 295
122 298
122 299
123 128
123 131
123 132
123 134
123 135
123 137
123 140
123 141
123 146
123 161
123 163
123 165
123 167
123 171
123 172
123 173
123 178
123 183
123 184
123 187
123 190
123 194
123 221
123 222
123 223
123 227
123 228
123 233
123 238
123 245
123 250
123 252
123 255
123 256
123 258
123 261
123 265
123 270
123 271
123 274
123 279
123 282
123 285
123 287
123 291
123 292
123 293
123 296
123 299
124 125
124 127
124 129
124 131
124 134
124 138
124 144
124 153
124 163
124 168
124 170
124 171
124 173
124 177
124 186
124 187
124 196
124 199
124 201
124 202
124 204
124 208
124 212
124 218
124 220
124 222
124 225
124 228
124 229
124 237
124 239
124 244
124 245
124 247
124 248
124 249
124 252
124 253
124 255
124 261
124 265
124 268
124 270
124 285
124 291
124 292
124 295
124 296
125 127
125 129
125 131
125 134
125 136
125 141
125 144
125 145
125 146
125 147
125 148
125 158
125 161
125 162
125 163
125 165
125 166
125 167
125 175
125 176
125 182
125 186
125 188
125 189
125 193
125 195
125 199
125 200
125 202
125 204
125 206
125 216
125 218
125 223
125 224
125 229
125 239
125 241
125 247
125 248
125 249
125 250
125 258
125 260
125 262
125 265
125 271
125 272
125 276
125 279
125 281
125 282
125 285
125 290
125 294
125 295
125 299
126 128
126 131
126 135
126 139
126 141
126 147
126 151
126 154
126 156
126 158
126 159
126 167
126 168
126 169
126 173
126 176
126 179
126 189
126 190
126 193
126 196
126 198
126 201
126 203
126 206
126 207
126 211
126 212
126 216
126 222
126 223
126 238
126 243
126 244
126 246
126 247
126 248
126 249
126 252
126 256
126 263
126 266
126 267
126 269
126 271
126 272
126 275
126 285
127 131
127 139
127 144
127 147
127 152
127 154
127 158
127 162
127 164
127 166
127 172
127 185
127 188
127 191
127 192
127 198
127 199
127 200
127 204
127 208
127 211
127 212
127 213
127 215
127 216
127 219
127 220
127 223
127 230
127 231
127 233
127 238
127 243
127 244
127 247
127 249
127 253
127 254
127 260
127 261
127 264
127 265
127 268
127 275
127 277
127 280
127 281
127 283
127 298
128 139
128 140
128 142
128 144
128 153
128 154
128 158
128 159
128 160
128 162
128 166
128 167
128 169
128 177
128 184
128 189
128 191
128 192
128 193
128 199
128 203
128 208
128 210
128 211
128 213
128 217
128 219
128 222
128 224
128 225
128 230
128 237
128 247
128 250
128 252
128 253
128 254
128 255
128 259
128 261
128 262
128 264
128 265
128 267
128 272
128 279
128 295
128 297
129 133
129 148
129 150
129 152
129 153
129 154
129 165
129 168
129 170
129 173
129 174
129 177
129 181
129 183
129 186
129 189
129 192
129 201
129 210
129 211
129 212
129 217
129 218
129 220
129 222
129 223
129 224
129 227
129 233
129 236
129 240
129 241
129 243
129 248
129 249
129 252
129 258
129 260
129 261
129 269
129 275
129 289
129 290
129 293
130 133
130 137
130 141
130 142
130 146
130 155
130 165
130 167
130 168
130 169
130 170
130 172
130 173
130 176
130 177
130 179
130 183
130 185
130 189
130 190
130 191
130 192
130 197
130 198
130 199
130 204
130 207
130 209
130 210
130 219
130 224
130 226
130 228
130 232
130 235
130 238
130 243
130 251
130 260
130 261
130 262
130 264
130 266
130 269
130 271
130 272
130 273
130 279
130 283
130 291
130 292
130 293
130 294
130 295
130 298
131 133
131 137
131 141
131 142
131 148
131 152
131 154
131 157
131 158
131 161
131 170
131 173
131 174
131 180
131 181
131 184
131 186
131 188
131 189
131 192
131 196
131 197
131 202
131 205
131 212
131 215
131 218
131 222
131 226
131 227
131 228
131 229
131 235
131 237
131 239
131 240
131 241
131 243
131 244
131 248
131 250
131 253
131 256
131 257
131 262
131 266
131 267
131 273
131 274
131 276
131 281
131 286
131 287
131 289
131 294
131 298
132 134
132 136
132 140
132 148
132 149
132 154
132 156
132 159
132 161
132 164
132 165
132 167
132 170
132 171
132 175
132 177
132 180
132 184
132 186
132 188
132 193
132 203
132 208
132 216
132 221
132 224
132 229
132 233
132 234
132 237
132 242
132 243
132 247
132 249
132 253
132 255
132 256
132 258
132 261
132 263
132 265
132 275
132 276
132 278
132 279
132 281
132 284
132 287
132 288
132 289
132 290
132 296
133 142
133 148
133 149
133 154
133 158
133 160
133 161
133 165
133 170
133 174
133 177
133 183
133 187
133 189
133 190
133 191
133 192
133 196
133 200
133 202
133 204
133 210
133 216
133 218
133 221
133 222
133 223
133 230
133 232
133 234
133 235
133 240
133 242
133 243
133 248
133 255
133 258
133 261
133 265
133 274
133 276
133 283
133 289
133 296
134 137
134 138
134 141
134 145
134 146
134 147
134 150
134 153
134 155
134 156
134 157
134 164
134 170
134 171
134 173
134 186
134 188
134 192
134 194
134 196
134 198
134 203
134 204
134 206
134 208
134 210
134 211
134 212
134 213
134 214
134 217
134 218
134 220
134 223
134 224
134 225
134 229
134 231
134 233
134 237
134 246
134 252
134 255
134 256
134 259
134 272
134 278
134 279
134 281
134 285
134 286
134 289
134 290
134 292
134 297
134 298
135 137
135 139
135 141
135 147
135 150
135 152
135 154
135 160
135 161
135 163
135 164
135 167
135 170
135 171
135 176
135 177
135 178
135 184
135 190
135 192
135 197
135 199
135 200
135 203
135 205
135 208
135 215
135 218
135 223
135 228
135 230
135 232
135 243
135 248
135 251
135 252
135 253
135 256
135 259
135 262
135 265
135 269
135 272
135 273
135 277
135 279
135 281
135 282
135 285
135 291
135 294
135 295
135 299
136 138
136 139
136 140
136 146
136 150
136 151
136 152
136 154
136 157
136 162
136 167
136 173
136 177
136 179
136 181
136 182
136 186
136 192
136 193
136 199
136 201
136 202
136 208
136 210
136 213
136 217
136 218
136 219
136 220
136 226
136 231
136 238
136 240
136 244
136 247
136 251
136 253
136 257
136 258
136 273
136 276
136 282
136 283
136 287
136 289
136 290
136 297
137 138
137 141
137 145
137 147
137 148
137 152
137 154
137 155
137 158
137 160
137 162
137 164
137 169
137 171
137 172
137 173
137 174
137 180
137 187
137 191
137 192
137 200
137 201
137 203
137 205
137 209
137 215
137 217
137 222
137 224
137 230
137 236
137 238
137 248
137 249
137 250
137 253
137 254
137 259
137 266
137 268
137 271
137 272
137 276
137 277
137 278
137 279
137 285
137 288
137 290
137 293
137 295
137 298
137 299
138 140
138 148
138 149
138 152
138 155
138 163
138 167
138 179
138 187
138 189
138 191
138 194
138 197
138 198
138 200
138 202
138 205
138 206
138 209
138 212
138 215
138 216
138 217
138 218
138 221
138 225
138 236
138 237
138 256
138 257
138 266
138 267
138 271
138 272
138 275
138 276
138 279
138 282
138 287
138 291
138 292
138 295
139 147
139 148
139 161
139 164
139 165
139 166
139 169
139 171
139 173
139 177
139 178
139 179
139 180
139 184
139 192
139 194
139 195
139 196
139 197
139 199
139 202
139 205
139 206
139 208
139 216
139 218
139 220
139 222
139 223
139 226
139 229
139 231
139 233
139 236
139 239
139 242
139 243
139 249
139 252
139 256
139 261
139 262
139 266
139 268
139 269
139 270
139 275
139 279
139 280
139 283
139 285
139 286
139 293
139 294
139 299
140 143
140 147
140 148
140 149
140 153
140 154
140 156
140 157
140 158
140 160
140 162
140 163
140 167
140 177
140 178
140 180
140 182
140 193
140 194
140 195
140 196
140 200
140 206
140 209
140 214
140 219
140 222
140 224
140 227
140 228
140 232
140 233
140 234
140 240
140 243
140 249
140 251
140 261
140 262
140 263
140 266
140 274
140 276
140 279
140 282
140 288
140 294
140 296
140 299
141 142
141 147
141 148
141 155
141 157
141 169
141 170
141 171
141 173
141 178
141 180
141 186
141 201
141 205
141 208
141 209
141 210
141 219
141 220
141 221
141 222
141 225
141 227
141 230
141 232
141 240
141 242
141 245
141 248
141 251
141 252
141 257
141 258
141 261
141 266
141 267
141 268
141 270
141 272
141 277
141 286
141 293
141 296
141 298
142 143
142 149
142 157
142 158
142 160
142 163
142 165
142 175
142 180
142 184
142 198
142 201
142 202
142 203
142 204
142 209
142 211
142 212
142 216
142 218
142 225
142 227
142 228
142 229
142 232
142 234
142 237
142 244
142 249
142 252
142 253
142 254
142 257
142 261
142 263
142 266
142 267
142 268
142 269
142 270
142 271
142 272
142 274
142 275
142 276
142 281
142 282
142 284
142 286
142 287
142 292
142 294
142 297
142 299
143 148
143 151
143 153
143 166
143 168
143 169
143 170
143 171
143 175
143 176
143 180
143 181
143 188
143 192
143 194
143 196
143 197
143 199
143 201
143 203
143 205
143 206
143 213
143 215
143 216
143 218
143 222
143 227
143 231
143 236
143 243
143 244
143 245
143 251
143 252
143 257
143 258
143 261
143 264
143 268
143 276
143 277
143 279
143 281
143 282
143 284
143 286
143 295
143 299
144 147
144 152
144 154
144 155
144 157
144 159
144 160
144 162
144 163
144 167
144 171
144 173
144 178
144 181
144 182
144 185
144 186
144 187
144 188
144 194
144 196
144 198
144 199
144 200
144 203
144 212
144 215
144 217
144 221
144 223
144 224
144 230
144 234
144 236
144 239
144 245
144 248
144 264
144 267
144 274
144 280
144 284
144 286
144 289
144 290
144 291
144 297
144 298
145 146
145 147
145 148
145 149
145 152
145 154
145 166
145 172
145 186
145 189
145 190
145 191
145 202
145 213
145 215
145 218
145 220
145 224
145 225
145 228
145 233
145 244
145 249
145 251
145 253
145 254
145 255
145 256
145 257
145 259
145 264
145 270
145 272
145 273
145 274
145 275
145 276
145 277
145 279
145 289
145 291
145 294
145 295
146 147
146 153
146 158
146 161
146 163
146 164
146 165
146 169
146 176
146 178
146 189
146 193
146 197
146 198
146 199
146 200
146 201
146 202
146 203
146 206
146 214
146 216
146 217
146 218
146 220
146 221
146 222
146 225
146 226
146 227
146 229
146 231
146 234
146 235
146 240
146 243
146 245
146 246
146 249
146 252
146 254
146 255
146 260
146 265
146 267
146 269
146 272
146 274
146 275
146 281
146 286
146 293
147 150
147 151
147 154
147 156
147 160
147 171
147 174
147 175
147 179
147 186
147 189
147 190
147 193
147 194
147 205
147 207
147 208
147 217
147 218
147 226
147 231
147 232
147 235
147 242
147 243
147 245
147 248
147 251
147 253
147 258
147 261
147 264
147 265
147 267
147 268
147 271
147 274
147 281
147 282
147 290
147 292
147 293
147 295
147 298
147 299
148 152
148 153
148 154
148 161
148 162
148 169
148 172
148 173
148 174
148 176
148 182
148 186
148 190
148 196
148 197
148 199
148 212
148 214
148 218
148 219
148 221
148 229
148 230
148 234
148 235
148 236
148 240
148 241
148 244
148 247
148 249
148 250
148 251
148 253
148 254
148 258
148 259
148 262
148 264
148 265
148 268
148 269
148 275
148 278
148 282
148 284
148 289
148 293
148 296
148 297
149 151
149 154
149 165
149 167
149 168
149 170
149 171
149 173
149 174
149 175
149 177
149 178
149 179
149 184
149 186
149 190
149 194
149 196
149 199
149 203
149 211
149 213
149 215
149 217
149 218
149 219
149 220
149 221
149 226
149 232
149 233
149 234
149 239
149 240
149 243
149 245
149 253
149 255
149 260
149 261
149 263
149 264
149 267
149 268
149 269
149 274
149 276
149 287
149 289
149 295
149 296
149 297
149 298
149 299
150 151
150 152
150 156
150 157
150 161
150 163
150 169
150 173
150 174
150 176
150 179
150 180
150 181
150 186
150 187
150 189
150 197
150 202
150 206
150 210
150 212
150 215
150 216
150 217
150 221
150 228
150 241
150 247
150 248
150 260
150 266
150 270
150 271
150 273
150 274
150 278
150 280
150 281
150 288
150 292
150 295
150 297
151 157
151 162
151 174
151 175
151 176
151 177
151 178
151 179
151 194
151 195
151 202
151 207
151 208
151 217
151 218
151 219
151 220
151 221
151 222
151 224
151 226
151 227
151 229
151 231
151 232
151 234
151 241
151 246
151 249
151 254
151 261
151 262
151 264
151 265
151 273
151 276
151 278
151 286
151 288
151 295
151 297
152 154
152 155
152 157
152 158
152 163
152 164
152 167
152 168
152 175
152 176
152 179
152 180
152 181
152 185
152 191
152 192
152 195
152 197
152 207
152 208
152 216
152 221
152 227
152 234
152 241
152 242
152 243
152 251
152 252
152 259
152 261
152 262
152 269
152 277
152 288
152 292
152 296
153 156
153 159
153 162
153 166
153 173
153 182
153 185
153 187
153 191
153 196
153 197
153 198
153 199
153 204
153 206
153 207
153 208
153 209
153 210
153 211
153 213
153 215
153 219
153 235
153 236
153 238
153 241
153 246
153 251
153 252
153 254
153 256
153 257
153 260
153 268
153 269
153 271
153 274
153 276
153 282
153 288
153 289
153 292
153 298
153 299
154 155
154 167
154 175
154 176
154 177
154 179
154 182
154 183
154 184
154 189
154 196
154 197
154 199
154 205
154 214
154 221
154 233
154 235
154 245
154 250
154 251
154 252
154 254
154 256
154 262
154 264
154 265
154 267
154 268
154 272
154 275
154 280
154 284
154 285
154 287
154 290
154 291
154 293
154 296
155 158
155 164
155 170
155 172
155 174
155 175
155 178
155 182
155 185
155 186
155 197
155 200
155 202
155 203
155 205
155 206
155 208
155 210
155 211
155 213
155 226
155 227
155 228
155 231
155 237
155 241
155 246
155 248
155 252
155 263
155 265
155 268
155 275
155 276
155 281
155 283
155 285
155 288
155 289
155 295
155 298
156 157
156 161
156 163
156 165
156 169
156 170
156 176
156 177
156 179
156 180
156 188
156 193
156 198
156 199
156 201
156 204
156 206
156 208
156 210
156 212
156 214
156 216
156 219
156 220
156 225
156 227
156 228
156 234
156 238
156 242
156 243
156 245
156 247
156 250
156 253
156 254
156 257
156 259
156 263
156 264
156 265
156 272
156 276
156 278
156 280
156 283
156 287
156 289
156 292
156 293
156 294
156 299
157 160
157 178
157 179
157 188
157 189
157 193
157 194
157 195
157 199
157 205
157 214
157 215
157 220
157 221
157 229
157 232
157 234
157 235
157 241
157 244
157 250
157 259
157 260
157 266
157 270
157 272
157 277
157 279
157 280
157 281
157 284
157 288
157 291
157 297
157 299
158 159
158 162
158 163
158 167
158 169
158 170
158 172
158 174
158 175
158 176
158 178
158 183
158 189
158 191
158 193
158 194
158 196
158 200
158 202
158 204
158 206
158 207
158 208
158 210
158 213
158 214
158 218
158 219
158 224
158 235
158 237
158 238
158 240
158 242
158 245
158 246
158 252
158 253
158 255
158 258
158 259
158 260
158 261
158 262
158 263
158 264
158 266
158 267
158 271
158 279
158 280
158 281
158 285
158 290
158 298
159 162
159 165
159 166
159 171
159 172
159 177
159 186
159 196
159 197
159 200
159 201
159 202
159 205
159 208
159 210
159 215
159 220
159 222
159 223
159 227
159 231
159 236
159 237
159 239
159 241
159 245
159 250
159 253
159 254
159 260
159 263
159 265
159 266
159 268
159 272
159 274
159 281
159 286
159 287
159 290
159 293
159 294
159 298
159 299
160 162
160 167
160 168
160 177
160 180
160 184
160 189
160 190
160 193
160 199
160 201
160 202
160 205
160 210
160 214
160 216
160 217
160 221
160 222
160 223
160 224
160 226
160 228
160 230
160 232
160 233
160 234
160 237
160 243
160 245
160 248
160 250
160 251
160 252
160 253
160 254
160 258
160 264
160 265
160 267
160 268
160 271
160 276
160 281
160 291
160 295
161 167
161 169
161 173
161 174
161 175
161 181
161 188
161 191
161 194
161 196
161 197
161 202
161 203
161 204
161 207
161 213
161 218
161 222
161 223
161 226
161 229
161 231
161 232
161 234
161 239
161 247
161 258
161 259
161 276
161 278
161 283
161 286
161 287
161 288
161 291
162 178
162 181
162 182
162 191
162 196
162 197
162 198
162 201
162 203
162 204
162 206
162 210
162 211
162 212
162 218
162 220
162 221
162 225
162 227
162 228
162 231
162 235
162 238
162 243
162 248
162 262
162 263
162 264
162 275
162 276
162 283
162 289
162 290
162 292
162 294
163 164
163 165
163 167
163 177
163 182
163 185
163 186
163 187
163 188
163 189
163 190
163 200
163 206
163 216
163 217
163 219
163 220
163 224
163 227
163 231
163 235
163 236
163 240
163 241
163 245
163 249
163 250
163 252
163 260
163 263
163 268
163 272
163 277
163 281
163 282
163 286
163 290
163 297
164 166
164 167
164 173
164 174
164 179
164 181
164 182
164 187
164 188
164 193
164 197
164 208
164 221
164 224
164 225
164 233
164 234
164 236
164 246
164 248
164 254
164 257
164 259
164 262
164 263
164 264
164 266
164 269
164 277
164 283
164 286
164 288
164 292
164 296
165 166
165 167
165 171
165 172
165 175
165 178
165 179
165 183
165 187
165 189
165 190
165 195
165 197
165 199
165 200
165 201
165 202
165 204
165 209
165 217
165 223
165 230
165 232
165 233
165 241
165 245
165 251
165 253
165 254
165 260
165 261
165 263
165 267
165 268
165 272
165 275
165 277
165 280
165 285
165 289
165 294
165 295
166 170
166 172
166 177
166 179
166 183
166 185
166 191
166 196
166 197
166 199
166 200
166 203
166 206
166 209
166 212
166 215
166 217
166 222
166 223
166 224
166 233
166 248
166 250
166 259
166 260
166 264
166 266
166 268
166 277
166 278
166 282
166 290
166 291
166 295
166 296
166 297
166 298
167 176
167 187
167 189
167 195
167 198
167 202
167 203
167 204
167 214
167 215
167 221
167 222
167 224
167 226
167 229
167 234
167 239
167 241
167 243
167 256
167 258
167 259
167 261
167 264
167 265
167 266
167 272
167 279
167 288
167 290
168 180
168 183
168 185
168 189
168 191
168 193
168 197
168 211
168 212
168 214
168 216
168 218
168 223
168 225
168 228
168 229
168 238
168 239
168 242
168 250
168 251
168 254
168 258
168 259
168 261
168 270
168 275
168 285
168 291
168 293
169 170
169 172
169 174
169 175
169 180
169 183
169 188
169 189
169 190
169 191
169 194
169 207
169 212
169 218
169 223
169 226
169 227
169 230
169 231
169 234
169 237
169 239
169 244
169 246
169 251
169 253
169 256
169 257
169 259
169 263
169 269
169 272
169 273
169 275
169 278
169 279
169 282
169 284
169 290
169 291
169 295
169 296
169 299
170 173
170 177
170 180
170 181
170 187
170 189
170 190
170 200
170 203
170 204
170 205
170 208
170 210
170 214
170 233
170 248
170 251
170 265
170 266
170 269
170 274
170 275
170 278
170 279
170 280
170 282
170 285
170 286
170 287
170 288
170 299
171 173
171 177
171 179
171 180
171 188
171 189
171 190
171 191
171 194
171 196
171 200
171 202
171 203
171 204
171 209
171 211
171 215
171 217
171 222
171 224
171 231
171 243
171 250
171 253
171 255
171 257
171 258
171 259
171 260
171 267
171 271
171 272
171 276
171 283
171 285
171 293
171 298
171 299
172 174
172 177
172 178
172 179
172 183
172 186
172 192
172 195
172 197
172 203
172 205
172 206
172 207
172 209
172 215
172 217
172 218
172 220
172 221
172 222
172 223
172 225
172 226
172 229
172 231
172 233
172 235
172 237
172 240
172 242
172 250
172 255
172 259
172 260
172 262
172 266
172 267
172 272
172 273
172 283
172 284
172 294
173 176
173 177
173 183
173 185
173 194
173 200
173 201
173 202
173 211
173 213
173 217
173 218
173 219
173 220
173 223
173 225
173 228
173 236
173 242
173 245
173 248
173 251
173 254
173 259
173 273
173 274
173 277
173 278
173 281
173 284
173 286
173 287
173 290
173 294
173 299
174 175
174 176
174 178
174 181
174 187
174 188
174 189
174 192
174 197
174 198
174 200
174 203
174 205
174 218
174 227
174 230
174 231
174 234
174 235
174 238
174 243
174 245
174 247
174 250
174 252
174 253
174 254
174 257
174 268
174 272
174 273
174 280
174 282
174 285
174 293
174 294
174 296
174 297
174 298
174 299
175 181
175 185
175 191
175 193
175 198
175 200
175 203
175 204
175 206
175 207
175 208
175 209
175 210
175 211
175 212
175 215
175 216
175 217
175 221
175 223
175 224
175 229
175 235
175 237
175 238
175 240
175 241
175 243
175 247
175 254
175 255
175 260
175 261
175 264
175 275
175 282
175 285
175 289
175 290
175 291
175 293
176 181
176 187
176 192
176 195
176 199
176 202
176 203
176 204
176 210
176 218
176 223
176 224
176 237
176 246
176 249
176 252
176 255
176 259
176 261
176 263
176 265
176 266
176 268
176 271
176 276
176 278
176 285
176 286
176 291
176 295
176 298
177 180
177 183
177 184
177 198
177 199
177 204
177 205
177 207
177 208
177 214
177 216
177 222
177 234
177 236
177 238
177 239
177 242
177 244
177 250
177 255
177 257
177 258
177 262
177 270
177 279
177 280
177 282
177 284
177 285
177 289
177 291
177 293
177 298
178 179
178 181
178 184
178 188
178 190
178 193
178 196
178 199
178 202
178 205
178 209
178 210
178 211
178 212
178 223
178 227
178 229
178 232
178 238
178 243
178 245
178 247
178 248
178 252
178 256
178 262
178 269
178 271
178 272
178 273
178 276
178 278
178 279
178 280
178 281
178 283
178 285
178 286
178 290
178 293
178 298
179 186
179 190
179 191
179 194
179 197
179 205
179 206
179 207
179 210
179 212
179 213
179 221
179 222
179 223
179 235
179 246
179 254
179 259
179 265
179 266
179 268
179 269
179 271
179 273
179 274
179 277
179 280
179 283
179 287
179 290
179 292
179 298
180 182
180 183
180 185
180 190
180 194
180 197
180 199
180 208
180 211
180 215
180 216
180 220
180 226
180 229
180 232
180 234
180 235
180 238
180 242
180 243
180 244
180 251
180 255
180 256
180 264
180 268
180 270
180 275
180 282
180 296
180 298
181 184
181 188
181 189
181 192
181 195
181 198
181 206
181 209
181 212
181 220
181 229
181 232
181 233
181 236
181 240
181 242
181 253
181 254
181 256
181 257
181 258
181 259
181 262
181 263
181 264
181 269
181 274
181 278
181 280
181 287
181 289
181 291
181 292
181 294
181 295
181 296
181 299
182 183
182 189
182 190
182 192
182 209
182 216
182 218
182 222
182 225
182 230
182 234
182 236
182 237
182 239
182 251
182 252
182 261
182 265
182 269
182 273
182 274
182 275
182 278
182 280
182 283
182 284
182 292
182 293
182 297
182 299
183 185
183 189
183 201
183 206
183 219
183 222
183 225
183 229
183 230
183 234
183 235
183 236
183 238
183 239
183 243
183 245
183 247
183 248
183 250
183 255
183 264
183 265
183 268
183 269
183 270
183 271
183 273
183 276
183 280
183 287
183 288
183 293
184 186
184 190
184 191
184 193
184 194
184 195
184 206
184 207
184 209
184 213
184 215
184 216
184 222
184 228
184 229
184 231
184 233
184 235
184 237
184 244
184 247
184 250
184 252
184 253
184 256
184 257
184 260
184 261
184 268
184 269
184 273
184 275
184 284
184 287
184 290
184 294
184 295
184 296
184 298
185 189
185 202
185 203
185 204
185 208
185 214
185 216
185 222
185 223
185 225
185 227
185 229
185 236
185 240
185 243
185 244
185 245
185 247
185 249
185 252
185 255
185 260
185 261
185 262
185 265
185 267
185 273
185 275
185 276
185 277
185 281
185 283
185 285
185 287
185 290
186 199
186 201
186 205
186 208
186 209
186 212
186 214
186 216
186 218
186 221
186 224
186 226
186 229
186 231
186 236
186 240
186 243
186 244
186 245
186 248
186 249
186 253
186 257
186 263
186 267
186 271
186 275
186 276
186 279
186 283
186 285
186 288
186 289
186 297
186 299
187 192
187 193
187 205
187 207
187 208
187 209
187 215
187 217
187 221
187 222
187 223
187 225
187 230
187 232
187 233
187 236
187 239
187 241
187 244
187 252
187 254
187 255
187 262
187 264
187 265
187 270
187 271
187 272
187 282
187 284
187 288
187 289
187 290
187 294
187 296
187 297
187 298
188 190
188 193
188 194
188 195
188 196
188 197
188 198
188 200
188 201
188 204
188 206
188 207
188 213
188 216
188 218
188 221
188 226
188 229
188 233
188 234
188 235
188 236
188 238
188 244
188 248
188 249
188 251
188 252
188 260
188 263
188 267
188 269
188 273
188 277
188 278
188 281
188 285
188 286
188 293
188 295
188 296
189 190
189 191
189 194
189 196
189 199
189 200
189 201
189 202
189 207
189 208
189 210
189 212
189 216
189 217
189 218
189 223
189 224
189 225
189 226
189 229
189 230
189 231
189 236
189 239
189 243
189 244
189 246
189 253
189 254
189 255
189 256
189 264
189 265
189 273
189 274
189 275
189 279
189 280
189 281
189 283
189 284
189 286
189 291
189 292
189 296
189 297
189 299
190 195
190 196
190 198
190 199
190 200
190 204
190 209
190 210
190 211
190 219
190 231
190 238
190 243
190 247
190 249
190 252
190 253
190 260
190 261
190 262
190 264
190 278
190 279
190 281
190 283
190 294
190 297
191 199
191 200
191 204
191 209
191 215
191 217
191 221
191 222
191 223
191 232
191 235
191 237
191 246
191 250
191 253
191 255
191 256
191 258
191 263
191 268
191 270
191 284
191 287
191 288
191 296
191 298
192 197
192 200
192 206
192 210
192 211
192 224
192 225
192 227
192 233
192 236
192 237
192 240
192 241
192 245
192 246
192 252
192 254
192 256
192 258
192 260
192 263
192 265
192 266
192 269
192 271
192 273
192 276
192 281
192 284
192 290
192 291
193 198
193 201
193 202
193 203
193 204
193 206
193 214
193 216
193 218
193 221
193 222
193 225
193 235
193 237
193 240
193 241
193 242
193 248
193 249
193 253
193 260
193 263
193 267
193 268
193 274
193 275
193 280
193 286
193 289
193 293
193 294
193 295
193 299
194 197
194 198
194 206
194 209
194 212
194 216
194 221
194 222
194 226
194 227
194 228
194 232
194 236
194 238
194 239
194 240
194 251
194 253
194 259
194 270
194 271
194 277
194 280
194 283
194 284
194 286
194 287
194 290
194 292
194 295
195 200
195 206
195 209
195 210
195 216
195 217
195 218
195 219
195 220
195 221
195 222
195 223
195 225
195 230
195 231
195 233
195 234
195 240
195 241
195 244
195 246
195 251
195 254
195 258
195 259
195 260
195 263
195 266
195 267
195 270
195 272
195 275
195 276
195 280
195 288
195 292
195 294
196 200
196 202
196 203
196 206
196 209
196 211
196 215
196 216
196 218
196 221
196 229
196 234
196 255
196 259
196 265
196 266
196 269
196 271
196 272
196 277
196 283
196 284
196 291
196 294
196 298
197 200
197 207
197 211
197 212
197 213
197 214
197 218
197 226
197 227
197 238
197 245
197 247
197 249
197 255
197 259
197 263
197 265
197 270
197 272
197 273
197 275
197 284
197 288
197 289
197 296
197 297
198 201
198 203
198 213
198 214
198 217
198 219
198 221
198 229
198 236
198 238
198 239
198 240
198 241
198 242
198 244
198 245
198 247
198 250
198 252
198 253
198 256
198 258
198 259
198 261
198 263
198 265
198 267
198 268
198 272
198 279
198 284
198 285
198 286
198 291
198 292
198 295
198 296
199 208
199 209
199 213
199 215
199 217
199 218
199 225
199 230
199 235
199 243
199 247
199 248
199 249
199 250
199 251
199 254
199 258
199 261
199 265
199 268
199 271
199 272
199 276
199 285
199 289
199 292
199 293
199 294
199 295
200 202
200 206
200 214
200 216
200 218
200 220
200 224
200 229
200 238
200 239
200 242
200 243
200 244
200 245
200 246
200 250
200 252
200 257
200 260
200 261
200 262
200 263
200 267
200 269
200 274
200 275
200 277
200 282
200 283
200 284
200 285
200 287
200 295
200 296
201 206
201 210
201 212
201 214
201 216
201 217
201 221
201 229
201 230
201 232
201 233
201 235
201 236
201 240
201 242
201 246
201 247
201 250
201 253
201 255
201 256
201 268
201 272
201 273
201 275
201 278
201 290
201 291
201 293
201 294
201 296
201 297
202 203
202 209
202 211
202 212
202 215
202 219
202 221
202 225
202 228
202 231
202 233
202 235
202 241
202 244
202 246
202 248
202 253
202 255
202 259
202 265
202 268
202 275
202 279
202 288
202 289
202 295
202 299
203 205
203 209
203 212
203 213
203 224
203 233
203 241
203 248
203 251
203 252
203 254
203 256
203 259
203 260
203 266
203 272
203 273
203 282
203 283
203 288
203 290
203 292
203 296
203 297
203 298
204 205
204 206
204 208
204 209
204 210
204 213
204 217
204 218
204 229
204 236
204 239
204 245
204 247
204 250
204 259
204 260
204 264
204 276
204 284
204 287
204 290
204 292
204 293
204 296
205 206
205 208
205 212
205 214
205 215
205 223
205 234
205 237
205 241
205 247
205 248
205 251
205 260
205 261
205 270
205 282
205 284
205 288
205 294
206 208
206 210
206 213
206 219
206 223
206 228
206 229
206 233
206 236
206 238
206 239
206 242
206 247
206 251
206 253
206 258
206 259
206 264
206 279
206 283
206 287
206 288
206 290
206 294
206 295
206 298
207 209
207 212
207 216
207 217
207 220
207 224
207 233
207 239
207 240
207 241
207 244
207 249
207 257
207 258
207 259
207 262
207 263
207 264
207 274
207 275
207 276
207 281
207 282
207 283
207 288
207 290
207 293
207 299
208 211
208 214
208 217
208 235
208 238
208 242
208 245
208 246
208 248
208 251
208 254
208 256
208 258
208 262
208 265
208 273
208 277
208 281
208 284
208 285
208 286
208 288
208 289
208 296
208 299
209 210
209 211
209 212
209 217
209 221
209 222
209 224
209 227
209 234
209 248
209 256
209 257
209 261
209 268
209 271
209 282
209 287
209 289
209 291
209 294
209 299
210 215
210 220
210 223
210 224
210 227
210 228
210 234
210 236
210 240
210 243
210 244
210 250
210 255
210 261
210 262
210 263
210 267
210 268
210 277
210 279
210 281
210 286
210 289
210 291
210 298
211 212
211 214
211 219
211 220
211 235
211 245
211 252
211 261
211 262
211 265
211 273
211 276
211 279
211 288
211 294
211 295
211 296
211 299
212 213
212 217
212 227
212 231
212 237
212 239
212 243
212 248
212 249
212 250
212 256
212 257
212 262
212 263
212 264
212 266
212 271
212 273
212 278
212 284
212 287
212 299
213 215
213 219
213 224
213 225
213 228
213 234
213 238
213 241
213 242
213 243
213 245
213 249
213 253
213 259
213 263
213 264
213 266
213 267
213 274
213 276
213 277
213 281
213 282
213 287
213 290
213 292
213 294
213 297
213 299
214 220
214 223
214 224
214 228
214 231
214 234
214 235
214 237
214 239
214 242
214 245
214 248
214 249
214 250
214 251
214 252
214 254
214 260
214 263
214 266
214 277
214 278
214 279
214 283
214 285
214 287
214 289
214 290
214 292
215 216
215 221
215 227
215 229
215 234
215 237
215 238
215 241
215 243
215 244
215 245
215 250
215 261
215 262
215 263
215 266
215 279
215 286
215 296
215 297
215 298
216 220
216 222
216 227
216 232
216 234
216 237
216 239
216 243
216 247
216 252
216 254
216 256
216 261
216 263
216 265
216 267
216 272
216 274
216 278
216 283
216 286
216 292
216 295
216 298
217 219
217 220
217 237
217 239
217 244
217 245
217 251
217 255
217 263
217 270
217 273
217 280
217 284
217 291
217 295
218 225
218 227
218 230
218 234
218 237
218 239
218 240
218 244
218 245
218 246
218 252
218 255
218 261
218 263
218 264
218 269
218 291
218 294
218 296
219 223
219 228
219 231
219 232
219 233
219 236
219 239
219 248
219 250
219 252
219 254
219 255
219 258
219 259
219 260
219 264
219 265
219 266
219 268
219 271
219 272
219 276
219 282
219 285
220 222
220 225
220 226
220 231
220 232
220 233
220 236
220 238
220 241
220 242
220 243
220 244
220 245
220 250
220 256
220 259
220 262
220 266
220 270
220 272
220 274
220 278
220 281
220 282
220 289
220 293
220 295
220 299
221 224
221 226
221 232
221 233
221 234
221 235
221 249
221 255
221 263
221 266
221 269
221 274
221 283
221 285
221 287
221 289
221 290
221 297
222 225
222 226
222 227
222 230
222 234
222 235
222 237
222 242
222 243
222 244
222 248
222 250
222 251
222 253
222 256
222 262
222 265
222 266
222 280
222 283
222 291
222 292
222 293
222 296
222 297
222 298
222 299
223 226
223 228
223 230
223 233
223 235
223 238
223 240
223 241
223 242
223 244
223 248
223 256
223 263
223 264
223 274
223 276
223 278
223 280
223 283
223 288
223 289
223 290
223 292
223 296
224 225
224 228
224 230
224 231
224 236
224 239
224 244
224 248
224 250
224 252
224 261
224 263
224 266
224 277
224 278
224 281
224 284
224 294
224 295
225 230
225 232
225 233
225 236
225 239
225 241
225 242
225 243
225 244
225 248
225 259
225 261
225 264
225 265
225 268
225 269
225 273
225 274
225 275
225 278
225 286
225 287
225 290
226 229
226 235
226 239
226 241
226 244
226 248
226 252
226 254
226 258
226 259
226 261
226 265
226 271
226 274
226 275
226 283
226 284
226 287
226 290
226 294
226 295
226 299
227 232
227 233
227 236
227 240
227 243
227 246
227 248
227 249
227 250
227 252
227 253
227 256
227 262
227 264
227 266
227 268
227 279
227 282
227 285
227 286
227 290
227 296
228 231
228 235
228 239
228 245
228 247
228 248
228 249
228 251
228 254
228 255
228 257
228 263
228 266
228 268
228 269
228 272
228 274
228 275
228 276
228 281
228 290
228 291
228 292
228 293
228 296
229 235
229 236
229 238
229 239
229 242
229 244
229 252
229 258
229 259
229 260
229 261
229 264
229 267
229 268
229 272
229 275
229 279
229 280
229 281
229 285
229 289
229 290
229 294
229 296
230 236
230 237
230 240
230 243
230 245
230 246
230 249
230 251
230 263
230 266
230 268
230 270
230 277
230 278
230 289
230 297
230 298
231 236
231 240
231 243
231 250
231 251
231 254
231 257
231 258
231 260
231 265
231 272
231 273
231 282
231 285
231 290
231 294
231 296
231 298
232 233
232 236
232 237
232 242
232 247
232 249
232 250
232 251
232 253
232 255
232 261
232 274
232 275
232 280
232 287
232 289
232 295
232 296
232 298
232 299
233 238
233 239
233 240
233 242
233 243
233 245
233 246
233 249
233 255
233 257
233 259
233 263
233 264
233 268
233 276
233 280
233 281
233 285
233 286
233 290
233 298
234 244
234 245
234 247
234 249
234 251
234 252
234 254
234 255
234 256
234 258
234 263
234 264
234 270
234 273
234 276
234 278
234 286
234 287
234 289
234 290
234 291
234 293
234 294
234 295
235 238
235 241
235 245
235 247
235 248
235 254
235 255
235 262
235 263
235 265
235 272
235 275
235 276
235 281
235 282
235 283
235 287
235 290
235 292
236 237
236 240
236 247
236 249
236 252
236 273
236 278
236 280
236 291
236 295
236 296
236 299
237 238
237 240
237 241
237 245
237 247
237 248
237 252
237 253
237 256
237 257
237 263
237 267
237 270
237 271
237 272
237 277
237 278
237 284
237 285
237 290
237 291
237 292
237 293
237 295
238 241
238 242
238 247
238 249
238 250
238 251
238 254
238 255
238 257
238 258
238 262
238 273
238 274
238 276
238 278
238 279
238 280
238 281
238 292
238 296
238 298
239 242
239 243
239 245
239 249
239 251
239 253
239 254
239 257
239 258
239 261
239 267
239 269
239 273
239 274
239 277
239 278
239 282
239 283
239 286
239 288
239 289
239 290
239 291
239 292
239 297
240 250
240 251
240 252
240 253
240 254
240 256
240 257
240 270
240 275
240 276
240 277
240 282
240 283
240 284
240 286
240 287
240 294
240 295
241 246
241 250
241 251
241 253
241 259
241 260
241 264
241 265
241 272
241 276
241 278
241 280
241 282
241 286
241 290
241 292
241 298
242 243
242 244
242 245
242 250
242 253
242 258
242 260
242 261
242 263
242 264
242 265
242 269
242 270
242 274
242 275
242 278
242 282
242 285
242 286
242 292
242 293
242 295
242 297
243 245
243 246
243 250
243 253
243 254
243 255
243 256
243 257
243 260
243 263
243 264
243 266
243 267
243 269
243 270
243 274
243 275
243 280
243 282
243 290
243 291
244 245
244 247
244 252
244 257
244 259
244 266
244 269
244 275
244 276
244 277
244 280
244 282
244 287
244 288
244 290
245 250
245 253
245 256
245 264
245 265
245 266
245 267
245 271
245 276
245 279
245 280
245 282
245 283
245 285
245 293
245 294
245 295
245 298
245 299
246 250
246 251
246 258
246 262
246 270
246 273
246 274
246 275
246 278
246 281
246 282
246 288
246 290
246 291
246 292
246 293
246 295
246 296
246 299
247 248
247 251
247 256
247 257
247 264
247 267
247 269
247 270
247 275
247 276
247 285
247 288
247 291
247 296
248 249
248 250
248 251
248 252
248 253
248 260
248 263
248 264
248 269
248 276
248 281
248 290
248 292
248 296
248 297
248 299
249 250
249 251
249 253
249 259
249 260
249 269
249 270
249 273
249 275
249 285
249 289
249 292
249 293
249 294
249 295
249 297
250 252
250 254
250 256
250 260
250 262
250 263
250 272
250 273
250 278
250 282
250 284
250 287
250 288
250 289
250 294
250 296
250 298
250 299
251 254
251 256
251 257
251 259
251 261
251 262
251 269
251 270
251 276
251 277
251 278
251 279
251 280
251 281
251 290
251 291
251 294
251 295
252 260
252 267
252 269
252 271
252 276
252 277
252 280
252 281
252 283
252 285
252 286
252 288
252 291
252 292
252 294
252 296
252 298
253 254
253 256
253 259
253 261
253 268
253 271
253 275
253 281
253 285
253 290
254 255
254 257
254 258
254 266
254 268
254 272
254 274
254 276
254 277
254 278
254 279
254 281
254 283
254 284
254 285
254 291
254 294
254 295
254 296
255 266
255 270
255 271
255 274
255 281
255 285
255 287
255 294
255 297
256 259
256 261
256 265
256 270
256 283
256 284
256 286
256 290
256 293
256 295
256 296
256 299
257 259
257 261
257 266
257 271
257 273
257 274
257 280
257 281
257 284
257 291
257 292
257 296
257 297
258 265
258 267
258 275
258 276
258 282
258 284
258 285
258 288
258 292
258 297
258 298
259 263
259 269
259 279
259 285
259 290
259 292
259 296
259 297
259 299
260 261
260 263
260 267
260 269
260 271
260 274
260 277
260 279
260 289
260 295
260 299
261 264
261 265
261 267
261 269
261 272
261 283
261 286
261 292
261 297
262 265
262 272
262 281
262 283
262 285
262 287
262 288
262 293
262 294
262 296
262 297
262 298
262 299
263 266
263 271
263 275
263 276
263 286
263 287
263 297
263 298
264 267
264 269
264 270
264 271
264 272
264 273
264 276
264 277
264 279
264 282
264 286
264 291
264 292
264 293
264 296
264 298
264 299
265 266
265 267
265 268
265 270
265 274
265 279
265 285
265 286
265 287
265 290
265 292
265 294
265 295
265 296
266 272
266 275
266 277
266 287
266 297
266 298
267 272
267 276
267 278
267 284
267 285
267 288
267 290
267 292
267 296
267 299
268 272
268 279
268 281
268 297
268 299
269 276
269 278
269 283
269 286
269 289
269 298
270 277
270 278
270 280
270 282
270 284
270 285
270 288
270 290
270 292
270 294
271 275
271 278
271 280
271 283
271 287
271 288
271 290
271 291
271 294
271 298
272 275
272 284
272 288
272 289
272 291
272 296
273 276
273 278
273 282
273 290
273 294
273 295
273 299
274 278
274 280
274 282
274 284
274 289
274 298
275 278
275 284
275 288
275 290
275 291
275 293
276 284
277 279
277 281
277 283
277 285
277 286
277 287
277 292
277 293
277 294
277 296
277 297
278 280
278 283
278 284
278 297
278 299
279 284
279 286
279 292
279 293
279 294
280 284
280 285
280 289
280 292
280 295
280 297
280 299
281 284
281 285
281 287
281 289
281 290
281 293
281 294
281 299
282 285
282 290
282 296
282 297
282 298
282 299
283 284
283 285
283 291
283 292
283 293
283 294
283 296
284 288
284 291
284 296
284 298
285 293
285 297
285 298
286 291
286 294
286 295
286 296
286 299
287 291
287 292
287 293
287 295
287 296
287 298
288 289
289 292
289 295
289 296
289 299
290 293
290 299
291 293
291 295
291 299
292 293
292 296
292 298
293 294
293 295
293 298
295 297
298 299
