100 1012
0 9
0 14
0 19
0 29
0 35
0 39
0 40
0 41
0 47
0 53
0 55
0 57
0 58
0 60
0 61
0 66
0 68
0 69
0 73
0 76
0 81
0 83
0 85
0 92
0 93
0 98
0 99
1 12
1 15
1 20
1 23
1 30
1 32
1 37
1 40
1 45
1 48
1 49
1 52
1 59
1 62
1 78
1 79
1 96
2 3
2 17
2 30
2 31
2 37
2 39
2 41
2 59
2 60
2 62
2 74
2 75
2 78
2 82
2 85
2 86
2 88
2 94
2 95
3 11
3 21
3 22
3 25
3 26
3 34
3 44
3 52
3 60
3 66
3 68
3 70
3 75
3 80
3 90
3 92
3 95
3 96
4 5
4 24
4 31
4 34
4 41
4 47
4 53
4 58
4 59
4 67
4 73
4 84
4 85
4 87
4 90
4 96
5 10
5 15
5 17
5 19
5 20
5 24
5 28
5 29
5 34
5 44
5 47
5 49
5 51
5 52
5 53
5 64
5 65
5 66
5 75
5 77
5 78
5 83
5 99
6 10
6 12
6 22
6 39
6 45
6 48
6 50
6 52
6 56
6 58
6 59
6 63
6 65
6 71
6 74
6 81
6 88
6 91
6 92
7 9
7 14
7 19
7 20
7 23
7 25
7 29
7 31
7 37
7 42
7 44
7 52
7 59
7 66
7 73
7 74
7 81
7 87
7 89
7 94
7 97
7 99
8 10
8 12
8 18
8 20
8 27
8 28
8 30
8 35
8 37
8 41
8 47
8 57
8 58
8 62
8 64
8 67
8 68
8 69
8 83
8 87
8 94
8 96
9 11
9 15
9 23
9 29
9 34
9 41
9 42
9 44
9 50
9 55
9 60
9 61
9 68
9 75
9 78
9 88
10 16
10 22
10 23
10 25
10 29
10 35
10 44
10 46
10 55
10 61
10 71
10 72
10 74
10 92
10 94
11 16
11 18
11 20
11 30
11 34
11 41
11 42
11 44
11 45
11 46
11 50
11 51
11 64
11 67
11 68
11 76
11 82
11 88
11 95
12 18
12 29
12 38
12 42
12 50
12 59
12 65
12 66
12 87
12 91
12 92
12 95
12 97
13 16
13 21
13 30
13 32
13 35
13 41
13 49
13 60
13 63
13 70
13 88
13 96
14 21
14 23
14 26
14 38
14 39
14 40
14 52
14 57
14 64
14 65
14 66
14 67
14 71
14 74
14 75
14 82
14 83
14 85
14 92
14 94
14 97
15 23
15 44
15 47
15 51
15 52
15 54
15 57
15 60
15 64
15 82
15 91
15 97
16 22
16 30
16 49
16 50
16 53
16 55
16 60
16 62
16 71
16 81
16 88
16 96
16 99
17 18
17 25
17 26
17 32
17 35
17 47
17 55
17 56
17 65
17 79
17 83
17 87
17 93
17 97
18 20
18 23
18 33
18 35
18 43
18 52
18 56
18 63
18 67
18 80
18 88
18 95
18 97
19 33
19 38
19 40
19 45
19 51
19 52
19 55
19 58
19 76
19 78
19 85
19 86
19 94
20 26
20 27
20 30
20 33
20 36
20 40
20 41
20 43
20 47
20 57
20 73
20 80
20 88
20 90
21 32
21 34
21 40
21 41
21 46
21 50
21 51
21 55
21 57
21 58
21 73
21 84
21 87
21 88
21 95
22 35
22 36
22 37
22 39
22 46
22 53
22 58
22 63
22 64
22 67
22 71
22 75
22 84
22 86
22 95
23 24
23 27
23 29
23 31
23 32
23 35
23 37
23 38
23 42
23 43
23 52
23 57
23 59
23 60
23 61
23 62
23 64
23 66
23 67
24 26
24 27
24 28
24 31
24 43
24 45
24 53
24 54
24 66
24 74
24 75
24 76
24 78
24 85
24 89
24 92
24 94
24 96
25 28
25 29
25 31
25 38
25 43
25 55
25 56
25 61
25 65
25 66
25 71
25 74
25 88
25 95
25 99
26 28
26 29
26 36
26 42
26 48
26 51
26 55
26 57
26 60
26 61
26 65
26 67
26 71
26 85
26 87
26 90
27 34
27 37
27 38
27 43
27 46
27 49
27 56
27 58
27 63
27 68
27 72
27 78
27 80
27 83
27 87
27 91
27 96
27 98
28 34
28 36
28 56
28 57
28 64
28 65
28 66
28 74
28 80
28 81
28 86
28 88
28 92
28 94
29 36
29 45
29 48
29 50
29 52
29 57
29 59
29 64
29 76
30 34
30 40
30 45
30 47
30 50
30 55
30 59
30 61
30 63
30 69
30 80
30 81
30 92
30 93
30 95
30 96
30 98
30 99
31 34
31 37
31 43
31 49
31 51
31 54
31 57
31 58
31 59
31 71
31 72
31 77
31 83
31 99
32 34
32 35
32 41
32 42
32 43
32 47
32 61
32 64
32 76
32 81
32 88
32 90
33 39
33 42
33 43
33 46
33 57
33 60
33 62
33 63
33 67
33 74
33 85
33 94
33 99
34 35
34 36
34 41
34 42
34 49
34 52
34 62
34 67
34 74
34 75
34 77
34 79
34 86
34 90
34 92
34 93
34 95
34 97
34 98
35 36
35 37
35 39
35 43
35 46
35 49
35 52
35 55
35 58
35 70
35 76
35 79
35 80
35 82
35 83
35 86
35 91
35 93
35 94
36 41
36 43
36 45
36 46
36 47
36 48
36 62
36 63
36 70
36 74
36 78
36 81
36 84
36 88
36 91
36 94
37 46
37 48
37 49
37 51
37 56
37 64
37 71
37 81
37 85
37 90
37 92
37 97
38 42
38 49
38 51
38 61
38 63
38 68
38 72
38 76
38 80
38 84
38 92
38 95
39 41
39 48
39 51
39 58
39 60
39 67
39 68
39 73
39 74
39 77
39 94
39 98
40 42
40 50
40 51
40 57
40 60
40 65
40 66
40 69
40 75
40 77
40 78
40 84
40 85
40 86
40 90
40 99
41 44
41 46
41 48
41 49
41 59
41 61
41 76
41 78
41 85
41 93
41 98
42 51
42 61
42 64
42 66
42 77
42 78
42 83
42 90
42 91
42 94
42 95
42 97
43 45
43 49
43 55
43 64
43 65
43 68
43 72
43 74
43 78
43 80
43 82
43 83
43 85
43 94
44 45
44 54
44 55
44 63
44 65
44 70
44 96
45 48
45 56
45 62
45 67
45 70
45 71
45 84
45 91
45 97
45 99
46 48
46 52
46 57
46 66
46 67
46 70
46 75
46 77
46 92
46 95
46 99
47 53
47 56
47 69
47 75
47 78
47 80
47 81
47 83
47 84
47 87
47 96
47 98
48 54
48 55
48 60
48 63
48 74
48 79
48 81
48 82
48 84
48 88
49 52
49 57
49 58
49 63
49 64
49 67
49 73
49 78
49 80
49 83
49 88
49 91
49 96
50 51
50 53
50 58
50 73
50 76
50 81
50 82
50 91
51 60
51 65
51 67
51 85
51 91
51 98
52 56
52 60
52 61
52 65
52 71
52 76
52 86
52 94
53 56
53 65
53 66
53 68
53 74
53 76
53 77
53 82
53 90
53 92
54 57
54 58
54 65
54 71
54 78
54 80
54 82
54 83
54 87
54 96
54 97
54 98
54 99
55 68
55 70
55 80
55 83
55 91
56 60
56 62
56 63
56 71
56 74
56 78
56 86
57 62
57 66
57 71
57 84
57 87
57 90
57 96
57 97
57 99
58 60
58 65
58 67
58 72
58 73
58 88
59 62
59 63
59 65
59 66
59 69
59 72
59 74
59 80
59 81
59 86
59 90
59 93
59 95
59 97
60 67
60 70
60 73
60 74
60 75
60 84
60 89
61 65
61 66
61 69
61 81
61 84
61 86
61 93
61 96
61 97
62 64
62 71
62 73
62 87
62 89
62 90
62 91
62 95
63 71
63 75
63 80
63 85
63 91
64 67
64 68
64 71
64 73
64 80
64 87
64 96
65 66
65 81
65 87
65 88
65 89
65 91
65 93
65 99
66 68
66 72
66 76
66 84
66 90
67 70
67 79
67 80
67 84
67 86
67 87
67 97
68 69
68 76
68 77
68 84
68 88
68 90
68 93
68 96
68 97
69 72
69 73
69 77
69 78
69 79
69 81
69 85
69 94
70 72
70 74
70 75
70 82
70 86
70 93
70 94
70 99
71 78
71 88
71 94
72 85
72 92
72 98
73 75
73 78
73 81
73 82
73 83
73 92
73 97
74 82
74 86
74 88
74 94
74 99
75 78
75 82
75 88
75 91
75 93
75 96
75 97
76 80
76 83
76 87
76 88
76 89
76 92
76 96
76 98
77 80
77 81
77 87
77 88
77 92
77 93
77 96
78 79
78 89
78 94
79 85
79 89
80 87
80 92
80 98
81 84
81 85
81 91
81 92
81 96
81 98
82 95
82 97
83 92
83 96
83 97
83 98
84 87
84 89
85 91
85 97
85 98
85 99
86 91
86 99
87 92
87 94
88 89
88 94
88 97
89 90
89 94
89 98
90 97
90 98
90 99
92 96
94 96
94 97
94 98
96 98
97 99
