80 619
0 2
0 10
0 13
0 16
0 25
0 27
0 28
0 30
0 31
0 34
0 36
0 40
0 46
0 61
0 65
0 66
0 69
0 77
1 3
1 11
1 23
1 43
1 47
1 49
1 50
1 53
1 60
1 61
1 68
1 79
2 3
2 4
2 6
2 8
2 10
2 13
2 16
2 17
2 19
2 20
2 26
2 32
2 43
2 45
2 49
2 53
2 56
2 57
2 68
2 72
2 74
2 76
3 5
3 6
3 7
3 10
3 17
3 23
3 25
3 28
3 37
3 40
3 49
3 51
3 53
3 55
3 61
3 74
3 76
3 79
4 14
4 17
4 22
4 30
4 36
4 39
4 42
4 43
4 49
4 53
4 57
4 62
4 65
4 69
4 73
5 10
5 16
5 24
5 32
5 38
5 50
5 53
5 58
5 63
5 77
6 9
6 16
6 18
6 20
6 22
6 29
6 32
6 33
6 34
6 35
6 44
6 49
6 53
6 59
6 61
6 66
6 69
6 73
7 12
7 14
7 16
7 17
7 27
7 30
7 34
7 52
7 53
7 56
7 66
7 68
7 69
7 74
8 9
8 11
8 16
8 19
8 28
8 30
8 33
8 36
8 61
8 77
9 13
9 18
9 24
9 31
9 41
9 56
9 58
9 62
9 68
9 70
9 72
9 75
9 77
9 78
10 18
10 21
10 23
10 24
10 29
10 35
10 44
10 52
10 57
10 69
10 70
10 74
10 76
11 15
11 20
11 23
11 32
11 44
11 48
11 54
11 57
11 63
11 68
11 71
11 75
12 15
12 17
12 29
12 31
12 37
12 39
12 40
12 47
12 63
12 66
12 67
12 71
12 77
13 17
13 18
13 22
13 23
13 25
13 35
13 40
13 47
13 53
13 55
13 59
13 60
13 61
13 67
13 68
14 21
14 32
14 38
14 40
14 42
14 43
14 57
14 60
14 66
14 78
15 19
15 30
15 32
15 34
15 37
15 41
15 51
15 54
15 67
15 68
15 76
15 77
16 20
16 33
16 34
16 36
16 45
16 46
16 53
16 55
16 58
16 65
16 70
17 29
17 30
17 34
17 37
17 38
17 39
17 41
17 43
17 47
17 57
17 59
17 61
17 65
17 76
17 78
18 19
18 22
18 33
18 37
18 45
18 49
18 55
18 60
18 78
19 28
19 40
19 41
19 47
19 55
19 59
19 64
19 65
19 68
20 22
20 23
20 24
20 31
20 33
20 45
20 53
20 54
20 55
20 56
20 58
20 62
20 66
20 71
21 31
21 37
21 39
21 47
21 48
21 52
21 62
21 65
21 67
21 69
21 73
21 77
22 26
22 28
22 29
22 37
22 40
22 42
22 45
22 47
22 49
22 60
22 70
23 26
23 29
23 44
23 46
23 50
23 52
23 68
23 70
23 76
23 79
24 28
24 32
24 38
24 40
24 46
24 49
24 52
24 54
24 75
24 78
24 79
25 32
25 33
25 41
25 62
25 63
25 66
25 74
25 79
26 28
26 29
26 36
26 38
26 40
26 41
26 54
26 60
26 64
26 66
26 74
26 79
27 32
27 33
27 39
27 41
27 49
27 52
27 57
27 71
28 36
28 47
28 49
28 55
28 58
28 62
28 68
28 72
28 73
28 75
29 30
29 34
29 41
29 46
29 48
29 53
29 56
29 71
29 75
29 77
29 79
30 49
30 54
30 61
30 62
30 67
30 76
30 78
31 36
31 37
31 38
31 44
31 47
31 57
31 69
32 36
32 40
32 48
32 56
32 59
32 65
32 73
32 77
33 35
33 36
33 46
33 47
33 61
33 64
33 65
33 66
33 71
34 36
34 37
34 39
34 42
34 44
34 46
34 48
34 51
34 53
34 59
34 61
34 65
35 42
35 45
35 50
35 52
35 57
35 58
35 65
35 66
35 68
35 69
35 71
36 41
36 42
36 45
36 46
36 57
36 59
36 69
36 71
36 79
37 39
37 44
37 45
37 52
37 55
37 63
37 65
37 68
37 76
37 77
37 79
38 51
38 53
38 58
38 60
38 61
39 40
39 56
39 58
39 65
39 66
39 67
39 69
39 76
39 77
40 42
40 62
40 64
40 69
40 70
41 42
41 49
41 54
41 59
41 61
41 62
41 69
41 72
41 78
42 44
42 48
42 50
42 53
42 54
42 56
42 57
42 71
43 47
43 51
43 57
43 60
43 64
43 66
43 69
43 73
44 47
44 50
44 52
44 61
44 66
44 76
45 52
45 53
45 57
45 58
45 63
45 64
45 66
45 72
45 77
45 78
46 54
46 58
46 59
46 60
46 70
46 72
46 75
47 53
47 55
47 64
47 71
47 73
47 74
48 53
48 58
48 63
48 64
48 68
48 70
49 56
49 58
49 66
49 77
49 79
50 53
50 55
50 57
50 58
50 64
50 76
51 55
51 67
51 69
51 72
51 76
51 78
52 65
52 76
53 54
53 63
53 71
54 59
54 63
54 71
54 79
55 57
55 58
55 62
55 66
55 77
56 63
56 64
56 68
56 71
56 72
57 59
57 61
58 62
58 63
58 65
58 69
58 73
58 76
59 60
59 65
59 66
59 69
59 71
59 72
59 75
60 73
60 77
61 64
61 66
61 69
61 74
61 75
61 76
62 65
62 70
62 72
62 76
62 77
63 71
63 73
63 77
63 78
63 79
64 71
64 72
65 72
66 71
66 75
66 77
66 79
67 68
67 77
67 79
68 70
68 72
68 74
68 77
68 79
69 74
73 75
74 76
74 78
75 77
