80 1613
0 1
0 3
0 4
0 10
0 16
0 17
0 19
0 20
0 22
0 24
0 25
0 27
0 30
0 34
0 36
0 38
0 44
0 50
0 51
0 53
0 55
0 56
0 58
0 60
0 61
0 63
0 65
0 68
0 70
0 72
0 74
0 77
0 78
1 3
1 4
1 5
1 6
1 7
1 8
1 11
1 12
1 13
1 15
1 16
1 17
1 18
1 19
1 21
1 23
1 24
1 25
1 29
1 30
1 32
1 37
1 38
1 40
1 44
1 46
1 47
1 48
1 49
1 51
1 53
1 54
1 58
1 65
1 66
1 72
1 77
1 78
1 79
2 4
2 7
2 8
2 10
2 11
2 16
2 19
2 22
2 24
2 25
2 29
2 31
2 32
2 35
2 37
2 44
2 45
2 47
2 48
2 49
2 56
2 57
2 58
2 59
2 60
2 62
2 66
2 68
2 72
2 74
2 76
2 79
3 5
3 8
3 9
3 10
3 13
3 14
3 15
3 16
3 18
3 21
3 25
3 29
3 30
3 32
3 33
3 34
3 37
3 39
3 42
3 46
3 48
3 49
3 53
3 54
3 56
3 60
3 63
3 64
3 68
3 70
3 71
3 72
3 73
3 76
3 78
3 79
4 6
4 8
4 9
4 10
4 11
4 13
4 17
4 18
4 27
4 28
4 30
4 31
4 32
4 34
4 36
4 40
4 41
4 44
4 46
4 48
4 50
4 53
4 55
4 57
4 59
4 61
4 63
4 64
4 66
4 67
4 68
4 72
4 73
4 74
4 75
4 76
4 78
4 79
5 6
5 7
5 12
5 14
5 15
5 16
5 18
5 20
5 21
5 22
5 23
5 27
5 28
5 29
5 33
5 34
5 37
5 38
5 39
5 40
5 42
5 43
5 44
5 46
5 47
5 48
5 49
5 54
5 55
5 56
5 57
5 59
5 64
5 69
5 73
5 74
5 76
5 77
5 78
5 79
6 8
6 14
6 18
6 20
6 22
6 23
6 25
6 26
6 30
6 32
6 35
6 37
6 38
6 39
6 41
6 42
6 43
6 47
6 49
6 50
6 51
6 52
6 53
6 54
6 55
6 58
6 59
6 63
6 66
6 67
6 68
6 69
6 71
6 73
7 8
7 10
7 12
7 13
7 15
7 22
7 26
7 27
7 29
7 30
7 33
7 34
7 36
7 37
7 39
7 44
7 46
7 47
7 49
7 50
7 51
7 53
7 57
7 59
7 61
7 64
7 65
7 68
7 70
7 72
7 73
7 74
7 75
7 77
7 78
8 11
8 12
8 13
8 15
8 16
8 17
8 18
8 19
8 20
8 23
8 24
8 26
8 28
8 30
8 35
8 36
8 39
8 40
8 42
8 43
8 44
8 46
8 49
8 50
8 52
8 54
8 56
8 57
8 58
8 64
8 65
8 67
8 68
8 70
8 71
8 72
8 75
8 77
8 79
9 10
9 11
9 13
9 16
9 17
9 18
9 25
9 26
9 35
9 36
9 37
9 38
9 41
9 43
9 44
9 46
9 47
9 48
9 49
9 50
9 51
9 52
9 53
9 54
9 55
9 56
9 57
9 58
9 59
9 61
9 62
9 64
9 66
9 68
9 69
9 70
9 74
9 78
10 12
10 14
10 17
10 20
10 21
10 22
10 24
10 25
10 27
10 29
10 35
10 36
10 37
10 40
10 42
10 45
10 46
10 47
10 49
10 50
10 51
10 52
10 54
10 56
10 64
10 65
10 66
10 69
10 70
10 72
10 76
10 77
10 78
11 13
11 16
11 21
11 22
11 30
11 35
11 37
11 40
11 41
11 42
11 43
11 44
11 47
11 48
11 49
11 51
11 52
11 53
11 55
11 58
11 59
11 68
11 70
11 71
11 73
11 74
11 77
11 78
12 14
12 15
12 16
12 19
12 22
12 24
12 25
12 28
12 29
12 30
12 31
12 32
12 35
12 36
12 37
12 38
12 39
12 40
12 41
12 43
12 44
12 45
12 46
12 49
12 51
12 52
12 54
12 55
12 57
12 58
12 62
12 65
12 69
12 73
12 76
12 77
13 14
13 15
13 16
13 17
13 18
13 20
13 22
13 23
13 24
13 29
13 32
13 35
13 36
13 38
13 39
13 44
13 45
13 47
13 48
13 49
13 52
13 53
13 59
13 60
13 63
13 64
13 65
13 68
13 71
13 73
14 17
14 19
14 20
14 22
14 25
14 29
14 30
14 33
14 34
14 35
14 39
14 41
14 44
14 45
14 46
14 47
14 49
14 51
14 52
14 54
14 55
14 61
14 65
14 67
14 74
14 75
14 76
14 78
14 79
15 16
15 18
15 20
15 21
15 24
15 26
15 29
15 30
15 32
15 33
15 34
15 36
15 38
15 40
15 43
15 44
15 46
15 47
15 50
15 51
15 52
15 54
15 55
15 56
15 58
15 60
15 62
15 63
15 64
15 65
15 66
15 67
15 68
15 69
15 70
15 74
15 75
15 77
15 79
16 17
16 18
16 19
16 20
16 21
16 22
16 25
16 26
16 27
16 30
16 34
16 35
16 36
16 38
16 40
16 42
16 55
16 59
16 60
16 62
16 64
16 65
16 66
16 69
16 70
16 76
16 78
16 79
17 23
17 24
17 25
17 26
17 29
17 30
17 31
17 32
17 35
17 36
17 40
17 43
17 46
17 47
17 49
17 50
17 51
17 53
17 54
17 57
17 58
17 59
17 63
17 65
17 68
17 69
17 70
17 71
17 72
17 74
17 75
17 78
17 79
18 22
18 26
18 28
18 29
18 30
18 33
18 35
18 36
18 37
18 38
18 42
18 43
18 45
18 50
18 51
18 52
18 55
18 58
18 59
18 60
18 61
18 65
18 67
18 69
18 71
18 75
18 76
18 78
18 79
19 20
19 21
19 22
19 28
19 29
19 31
19 34
19 36
19 37
19 38
19 42
19 43
19 45
19 47
19 53
19 56
19 57
19 58
19 60
19 62
19 63
19 65
19 66
19 67
19 68
19 70
19 71
19 72
19 73
19 74
19 76
20 21
20 22
20 24
20 25
20 26
20 28
20 30
20 31
20 36
20 37
20 38
20 41
20 42
20 46
20 47
20 49
20 50
20 52
20 53
20 56
20 57
20 58
20 59
20 60
20 61
20 62
20 63
20 65
20 66
20 67
20 70
20 71
20 72
20 74
20 75
20 78
20 79
21 22
21 23
21 24
21 25
21 26
21 28
21 29
21 30
21 31
21 34
21 35
21 36
21 37
21 39
21 40
21 42
21 44
21 45
21 46
21 49
21 50
21 51
21 52
21 55
21 58
21 59
21 61
21 63
21 65
21 70
21 72
21 78
22 23
22 24
22 25
22 26
22 27
22 29
22 31
22 32
22 33
22 34
22 35
22 39
22 42
22 44
22 45
22 46
22 48
22 54
22 55
22 57
22 60
22 61
22 62
22 63
22 65
22 67
22 70
22 71
22 72
22 73
22 74
22 76
22 77
22 79
23 29
23 30
23 32
23 33
23 34
23 35
23 38
23 39
23 42
23 45
23 49
23 51
23 53
23 54
23 55
23 56
23 60
23 61
23 62
23 65
23 66
23 69
23 72
23 73
23 75
23 76
23 78
23 79
24 27
24 31
24 33
24 35
24 37
24 39
24 40
24 41
24 51
24 52
24 53
24 58
24 60
24 61
24 62
24 63
24 64
24 67
24 68
24 69
24 72
24 73
24 76
24 77
24 78
24 79
25 28
25 29
25 30
25 34
25 35
25 37
25 38
25 40
25 41
25 44
25 45
25 46
25 48
25 49
25 54
25 55
25 56
25 58
25 59
25 60
25 61
25 63
25 65
25 66
25 67
25 69
25 72
25 75
26 27
26 28
26 29
26 30
26 31
26 32
26 33
26 34
26 38
26 39
26 40
26 44
26 46
26 47
26 49
26 50
26 51
26 53
26 55
26 56
26 57
26 58
26 59
26 61
26 65
26 66
26 68
26 69
26 73
26 74
26 75
26 77
26 78
27 29
27 30
27 31
27 33
27 34
27 35
27 36
27 37
27 39
27 44
27 46
27 47
27 51
27 55
27 58
27 59
27 60
27 62
27 63
27 64
27 65
27 66
27 68
27 74
27 76
27 78
28 29
28 32
28 35
28 38
28 41
28 42
28 45
28 46
28 49
28 51
28 52
28 54
28 55
28 56
28 57
28 58
28 59
28 60
28 61
28 62
28 63
28 64
28 65
28 66
28 67
28 71
28 72
28 73
28 74
28 75
28 77
28 78
28 79
29 32
29 34
29 35
29 39
29 40
29 41
29 42
29 44
29 45
29 47
29 50
29 51
29 52
29 56
29 58
29 59
29 61
29 62
29 63
29 64
29 65
29 66
29 67
29 68
29 69
29 71
29 72
29 73
29 74
29 77
29 78
29 79
30 31
30 35
30 36
30 37
30 38
30 39
30 40
30 41
30 42
30 43
30 44
30 46
30 47
30 49
30 50
30 51
30 53
30 54
30 55
30 56
30 58
30 59
30 63
30 64
30 66
30 68
30 71
30 72
30 74
30 76
30 77
30 78
30 79
31 32
31 33
31 39
31 42
31 44
31 47
31 49
31 51
31 52
31 53
31 56
31 57
31 59
31 60
31 62
31 63
31 65
31 68
31 69
31 73
31 74
31 76
31 77
32 33
32 36
32 37
32 39
32 41
32 43
32 48
32 49
32 52
32 55
32 57
32 60
32 61
32 64
32 65
32 66
32 68
32 71
32 72
32 74
32 76
33 34
33 41
33 42
33 43
33 44
33 45
33 46
33 48
33 49
33 55
33 57
33 58
33 60
33 63
33 64
33 67
33 68
33 69
33 70
33 72
33 78
34 36
34 38
34 40
34 41
34 44
34 46
34 47
34 48
34 49
34 50
34 53
34 54
34 55
34 57
34 60
34 62
34 64
34 67
34 68
34 69
34 70
34 72
34 73
34 78
35 37
35 38
35 39
35 43
35 45
35 50
35 52
35 53
35 54
35 55
35 56
35 58
35 64
35 65
35 66
35 69
35 70
35 71
35 73
35 74
35 76
35 78
35 79
36 38
36 40
36 41
36 42
36 46
36 47
36 49
36 50
36 51
36 55
36 56
36 58
36 59
36 61
36 62
36 63
36 67
36 69
36 70
36 71
36 73
36 74
36 76
36 77
36 78
37 39
37 43
37 46
37 48
37 51
37 53
37 54
37 55
37 56
37 57
37 60
37 62
37 66
37 67
37 68
37 69
37 72
37 75
37 77
37 78
38 43
38 44
38 46
38 47
38 48
38 49
38 50
38 51
38 52
38 53
38 57
38 61
38 62
38 63
38 72
38 73
38 75
38 77
38 78
39 42
39 44
39 46
39 47
39 49
39 52
39 53
39 55
39 57
39 58
39 61
39 63
39 70
39 72
39 73
39 74
39 76
39 77
39 79
40 41
40 42
40 43
40 44
40 46
40 49
40 52
40 53
40 54
40 55
40 56
40 57
40 60
40 61
40 62
40 63
40 66
40 69
40 70
40 72
40 75
40 77
41 42
41 44
41 45
41 46
41 47
41 49
41 50
41 55
41 62
41 63
41 65
41 66
41 68
41 69
41 70
41 72
41 76
42 45
42 46
42 47
42 49
42 50
42 51
42 52
42 53
42 55
42 56
42 57
42 58
42 61
42 65
42 66
42 67
42 68
42 73
42 78
43 47
43 49
43 51
43 53
43 56
43 59
43 60
43 62
43 63
43 65
43 69
43 72
43 75
43 77
43 79
44 45
44 47
44 48
44 50
44 51
44 53
44 54
44 55
44 56
44 59
44 60
44 61
44 62
44 64
44 65
44 67
44 70
44 78
45 48
45 49
45 50
45 51
45 54
45 56
45 59
45 60
45 62
45 64
45 67
45 68
45 72
45 74
45 75
45 76
45 78
46 47
46 48
46 49
46 51
46 52
46 55
46 58
46 60
46 61
46 62
46 65
46 66
46 67
46 73
46 74
46 75
46 77
47 48
47 49
47 50
47 51
47 56
47 58
47 59
47 62
47 63
47 66
47 68
47 69
47 71
47 73
47 76
47 77
47 79
48 50
48 51
48 53
48 54
48 55
48 57
48 58
48 59
48 61
48 63
48 66
48 67
48 68
48 71
48 74
48 75
48 77
48 79
49 50
49 51
49 55
49 57
49 58
49 62
49 64
49 65
49 69
49 71
49 74
49 76
49 77
49 78
49 79
50 51
50 52
50 53
50 56
50 58
50 61
50 63
50 68
50 69
50 70
50 72
50 73
50 74
50 78
51 52
51 56
51 58
51 59
51 61
51 63
51 65
51 66
51 67
51 71
51 72
51 73
51 74
51 77
51 78
51 79
52 53
52 55
52 57
52 62
52 63
52 64
52 66
52 68
52 70
52 77
52 78
52 79
53 54
53 57
53 60
53 63
53 67
53 68
53 69
53 70
53 72
53 73
53 74
53 75
53 76
53 77
54 64
54 66
54 67
54 69
54 70
54 71
54 72
54 79
55 57
55 58
55 69
55 70
55 72
55 75
55 76
56 57
56 58
56 59
56 62
56 65
56 69
56 70
56 71
56 74
56 76
56 77
56 79
57 59
57 60
57 62
57 63
57 65
57 70
57 72
57 73
57 74
57 78
58 61
58 62
58 63
58 64
58 65
58 67
58 68
58 69
58 70
58 72
58 73
58 74
58 77
59 60
59 63
59 66
59 69
59 71
59 72
59 73
59 74
59 75
59 76
59 77
59 78
60 62
60 63
60 64
60 67
60 70
60 72
60 73
60 74
60 75
60 77
60 78
60 79
61 63
61 64
61 66
61 68
61 69
61 70
61 71
61 73
61 74
61 75
61 77
62 63
62 68
62 69
62 70
62 71
62 73
62 74
62 77
63 64
63 65
63 66
63 67
63 69
63 71
63 73
63 74
63 76
63 77
63 79
64 66
64 67
64 68
64 69
64 70
64 71
64 72
64 74
64 75
64 78
64 79
65 71
65 72
65 74
65 75
65 77
65 78
66 68
66 69
66 70
66 72
66 74
66 76
66 78
67 69
67 70
67 71
67 72
67 75
67 79
68 69
68 76
68 79
69 71
69 72
69 74
69 75
69 76
69 78
70 73
70 74
70 76
70 77
70 78
71 72
71 73
71 74
71 78
71 79
72 73
72 74
72 76
72 78
72 79
73 75
73 76
73 77
74 77
74 79
75 77
76 77
