100 969
0 1
0 6
0 8
0 12
0 16
0 21
0 27
0 34
0 37
0 42
0 43
0 46
0 54
0 56
0 62
0 65
0 68
0 70
0 74
0 88
0 98
1 10
1 12
1 15
1 17
1 23
1 29
1 30
1 31
1 48
1 54
1 57
1 58
1 59
1 66
1 73
1 78
1 89
1 93
1 97
2 13
2 16
2 22
2 25
2 29
2 42
2 44
2 48
2 50
2 56
2 61
2 62
2 71
2 77
2 87
2 92
2 95
2 96
3 5
3 8
3 28
3 30
3 37
3 39
3 49
3 65
3 76
3 80
3 88
3 92
3 95
3 97
3 99
4 13
4 18
4 19
4 27
4 28
4 32
4 49
4 56
4 57
4 67
4 68
4 69
4 73
4 78
4 82
4 83
4 92
5 25
5 32
5 33
5 62
5 66
5 79
5 83
5 84
5 87
6 9
6 11
6 17
6 19
6 27
6 45
6 47
6 48
6 67
6 68
6 80
6 82
6 83
6 91
6 93
6 96
7 10
7 11
7 14
7 16
7 17
7 19
7 25
7 27
7 28
7 33
7 41
7 54
7 57
7 63
7 67
7 69
7 72
7 75
7 77
7 78
7 84
7 87
7 90
7 91
7 92
7 95
8 10
8 16
8 25
8 29
8 32
8 42
8 47
8 48
8 63
8 69
8 70
8 75
8 90
8 91
8 99
9 11
9 14
9 19
9 35
9 40
9 50
9 56
9 62
9 71
9 73
9 79
9 84
9 90
9 91
10 14
10 26
10 27
10 29
10 31
10 34
10 47
10 48
10 54
10 56
10 60
10 64
10 74
10 80
10 89
11 18
11 24
11 25
11 26
11 29
11 32
11 38
11 41
11 43
11 44
11 46
11 48
11 51
11 52
11 53
11 55
11 70
11 72
11 78
11 85
11 86
11 91
11 92
11 97
12 17
12 21
12 25
12 29
12 42
12 43
12 55
12 57
12 60
12 61
12 63
12 68
12 72
12 74
12 88
12 92
12 96
13 17
13 23
13 28
13 31
13 35
13 36
13 39
13 42
13 47
13 48
13 51
13 56
13 59
13 66
13 67
13 71
13 73
13 79
13 83
13 85
13 88
13 91
13 93
13 94
13 95
14 18
14 21
14 23
14 38
14 49
14 54
14 58
14 73
14 75
14 77
14 88
15 17
15 21
15 23
15 25
15 28
15 29
15 34
15 35
15 38
15 39
15 42
15 61
15 63
15 65
15 67
15 76
15 81
15 88
15 90
15 94
15 96
15 99
16 17
16 20
16 26
16 31
16 38
16 44
16 45
16 51
16 53
16 65
16 67
16 70
16 74
16 80
16 86
16 97
17 18
17 23
17 25
17 26
17 37
17 61
17 63
17 70
17 75
17 80
17 89
17 91
18 21
18 22
18 36
18 39
18 42
18 46
18 51
18 54
18 63
18 64
18 69
18 70
18 73
18 77
18 83
18 95
18 98
19 25
19 40
19 46
19 47
19 53
19 55
19 60
19 68
19 79
19 86
19 95
19 98
20 30
20 31
20 32
20 33
20 39
20 42
20 43
20 44
20 54
20 61
20 67
20 70
20 87
20 89
20 93
20 97
21 22
21 33
21 39
21 40
21 52
21 58
21 61
21 68
21 73
21 82
21 87
21 90
21 91
21 96
21 97
22 24
22 29
22 30
22 34
22 36
22 41
22 43
22 44
22 54
22 56
22 57
22 65
22 68
22 77
22 80
22 81
22 83
22 84
22 87
22 89
22 98
23 27
23 35
23 36
23 38
23 55
23 61
23 66
23 70
23 77
23 85
23 89
23 92
23 93
23 98
23 99
24 26
24 30
24 33
24 34
24 36
24 37
24 45
24 48
24 50
24 51
24 52
24 69
24 73
24 75
24 77
24 78
24 79
24 82
24 97
25 26
25 30
25 32
25 36
25 37
25 49
25 56
25 60
25 61
25 63
25 83
25 91
25 93
26 27
26 30
26 32
26 47
26 48
26 50
26 51
26 53
26 56
26 57
26 63
26 64
26 71
26 75
26 78
26 93
26 99
27 28
27 29
27 37
27 38
27 46
27 47
27 52
27 55
27 83
27 86
27 88
27 93
27 97
28 34
28 38
28 40
28 42
28 55
28 58
28 70
28 75
28 77
28 78
28 82
28 85
28 89
28 94
28 97
28 99
29 31
29 38
29 39
29 43
29 50
29 57
29 59
29 67
29 68
29 83
29 86
29 90
29 93
30 33
30 36
30 42
30 43
30 45
30 53
30 55
30 57
30 58
30 60
30 67
30 70
30 72
30 74
30 82
30 90
30 91
30 94
30 95
31 32
31 33
31 34
31 42
31 43
31 46
31 47
31 55
31 58
31 64
31 65
31 67
31 72
31 76
31 84
31 93
32 37
32 45
32 47
32 51
32 72
32 78
32 79
32 80
32 90
32 93
32 98
33 34
33 44
33 45
33 46
33 51
33 60
33 69
33 70
33 84
33 87
34 37
34 38
34 40
34 41
34 42
34 46
34 63
34 69
34 78
34 80
34 82
34 87
34 92
34 95
35 39
35 40
35 47
35 49
35 51
35 54
35 56
35 65
35 67
35 68
35 73
35 80
35 81
35 82
35 99
36 40
36 44
36 48
36 51
36 56
36 59
36 64
36 72
36 79
36 85
36 89
36 90
36 92
36 98
36 99
37 38
37 45
37 61
37 65
37 66
37 71
37 84
37 86
37 99
38 39
38 40
38 44
38 50
38 52
38 57
38 63
38 66
38 72
38 88
38 92
38 95
38 99
39 47
39 50
39 54
39 64
39 74
39 76
39 77
39 78
39 87
39 88
39 96
40 44
40 48
40 63
40 65
40 82
40 99
41 47
41 48
41 54
41 57
41 67
41 75
41 78
41 81
41 83
41 88
41 90
41 96
42 48
42 51
42 57
42 58
42 61
42 68
42 73
42 74
42 76
42 78
42 79
42 81
42 86
42 87
42 96
43 49
43 54
43 59
43 65
43 69
43 70
43 71
43 80
43 83
43 96
44 51
44 53
44 56
44 61
44 70
44 73
44 75
44 82
44 85
44 86
44 88
44 91
44 94
45 46
45 53
45 54
45 60
45 64
45 68
45 69
45 85
45 88
45 91
45 94
45 98
46 47
46 50
46 55
46 61
46 73
46 75
46 76
46 77
46 84
46 89
46 91
46 96
47 64
47 66
47 81
47 91
48 51
48 54
48 78
48 82
48 83
48 94
48 96
49 50
49 64
49 68
49 69
49 71
49 73
49 82
49 85
49 88
50 56
50 68
50 74
50 87
50 88
50 91
51 52
51 58
51 68
51 70
51 79
51 86
51 87
51 92
51 97
52 56
52 59
52 63
52 69
52 70
52 76
52 85
52 96
53 55
53 64
53 67
53 73
53 75
53 81
53 82
53 83
53 84
53 92
54 59
54 62
54 67
54 69
54 70
54 71
54 72
54 76
54 79
54 82
54 99
55 56
55 58
55 64
55 67
55 73
55 88
55 90
55 98
56 57
56 69
56 74
56 76
56 86
56 94
56 96
56 98
57 58
57 61
57 66
57 76
57 85
57 99
58 63
58 74
58 78
58 86
58 98
59 66
59 76
59 77
59 78
59 83
59 91
59 94
60 62
60 64
60 70
60 71
60 84
60 88
60 93
61 68
61 72
61 74
61 79
61 80
61 82
62 66
62 72
62 73
62 79
62 80
62 81
62 88
62 92
62 93
62 98
63 68
63 74
64 65
64 69
64 84
64 91
64 99
65 74
65 82
65 91
66 69
66 82
66 83
66 88
66 94
67 80
67 87
67 89
67 91
67 94
67 97
68 71
68 83
68 84
68 86
68 89
68 92
68 94
68 95
68 97
69 73
69 78
69 81
69 95
69 97
70 71
70 78
70 80
70 82
70 94
70 95
70 98
71 84
71 87
71 90
71 91
71 96
72 74
72 82
72 88
72 96
72 97
72 98
73 75
73 76
73 84
73 89
73 90
74 76
74 90
74 92
74 93
74 94
74 98
75 77
75 82
75 89
75 91
75 98
76 86
76 88
76 89
76 92
76 93
76 95
76 98
77 79
77 80
77 81
77 82
77 83
77 84
77 85
77 93
77 96
77 98
78 81
78 87
78 89
78 96
79 81
79 84
80 81
80 95
80 98
81 83
81 87
81 88
81 92
81 93
82 86
82 88
82 98
83 90
83 92
83 95
83 97
83 98
84 86
84 99
85 88
85 89
85 92
85 93
85 98
86 91
86 93
86 99
87 98
88 95
88 97
88 98
89 93
89 98
90 91
90 95
90 97
92 97
93 96
93 97
93 99
94 96
94 99
95 96
95 98
95 99
