50 236
0 9
0 13
0 19
0 27
0 33
0 38
1 5
1 11
1 14
1 16
1 17
1 19
1 28
1 36
1 38
1 43
1 44
1 45
2 6
2 8
2 11
2 15
2 19
2 21
2 23
2 28
2 34
3 6
3 7
3 8
3 12
3 20
3 31
3 33
3 44
3 45
3 49
4 10
4 13
4 25
4 44
4 45
4 49
5 7
5 13
5 23
5 31
5 34
5 36
5 43
6 12
6 19
6 32
6 33
6 36
6 38
6 39
6 45
6 46
6 48
7 9
7 14
7 21
7 23
7 25
7 26
7 28
7 32
7 33
7 36
7 39
7 45
7 47
7 49
8 17
8 30
8 40
9 10
9 13
9 21
9 27
9 36
9 42
9 44
10 15
10 16
10 17
10 19
10 22
10 23
10 24
10 26
10 29
10 30
10 34
10 46
10 49
11 16
11 25
11 26
11 27
12 45
12 47
13 25
13 27
13 28
13 41
13 43
13 47
13 49
14 21
14 29
14 31
14 42
14 49
15 27
15 32
15 42
15 49
16 17
16 18
16 21
16 30
16 33
16 34
16 36
16 41
16 44
16 45
17 20
17 22
17 29
17 32
17 36
17 39
18 27
18 40
18 43
19 28
19 31
19 40
19 45
19 47
19 49
20 21
20 23
20 29
20 35
20 36
20 42
20 48
21 23
21 30
21 34
21 37
21 41
21 43
21 44
21 45
21 46
21 48
22 25
22 35
22 36
22 37
22 39
22 40
23 25
23 27
23 31
23 32
23 39
23 41
23 49
24 25
24 26
24 36
24 47
25 29
25 30
26 28
26 31
26 33
26 36
27 35
27 36
27 41
27 43
28 31
28 40
29 38
29 41
29 44
30 32
30 34
30 36
30 37
30 40
30 45
30 46
31 32
31 42
32 33
32 34
32 35
32 38
32 44
32 45
32 46
32 49
33 37
33 40
33 43
33 46
33 47
34 37
34 46
35 37
35 39
36 37
36 38
36 39
36 46
37 41
37 42
38 41
38 44
38 49
40 41
40 47
41 45
42 43
42 49
43 47
44 49
45 48
