200 5901
0 1
0 2
0 3
0 12
0 13
0 14
0 16
0 18
0 21
0 23
0 29
0 32
0 33
0 36
0 38
0 40
0 45
0 48
0 57
0 62
0 64
0 66
0 68
0 75
0 79
0 93
0 98
0 101
0 102
0 107
0 108
0 117
0 121
0 127
0 128
0 130
0 131
0 135
0 138
0 143
0 144
0 149
0 162
0 167
0 168
0 172
0 176
0 178
0 184
0 186
0 188
0 190
0 192
0 193
0 194
0 196
0 198
1 3
1 6
1 10
1 15
1 23
1 39
1 41
1 46
1 47
1 51
1 52
1 53
1 54
1 55
1 57
1 59
1 60
1 62
1 68
1 69
1 72
1 73
1 77
1 78
1 79
1 81
1 85
1 86
1 88
1 91
1 92
1 98
1 100
1 114
1 116
1 121
1 124
1 131
1 135
1 136
1 138
1 150
1 151
1 160
1 162
1 165
1 168
1 170
1 171
1 172
1 174
1 175
1 180
1 183
1 196
1 197
1 198
1 199
2 17
2 22
2 24
2 26
2 28
2 30
2 31
2 32
2 34
2 41
2 43
2 45
2 47
2 50
2 51
2 52
2 56
2 60
2 64
2 65
2 70
2 73
2 74
2 75
2 91
2 96
2 98
2 99
2 100
2 104
2 105
2 107
2 117
2 118
2 119
2 122
2 132
2 134
2 135
2 138
2 140
2 143
2 144
2 152
2 154
2 157
2 160
2 161
2 166
2 167
2 168
2 169
2 171
2 173
2 174
2 175
2 177
2 180
2 182
2 183
2 184
2 185
2 196
2 197
2 199
3 5
3 11
3 13
3 15
3 16
3 18
3 27
3 30
3 42
3 56
3 59
3 65
3 68
3 69
3 72
3 73
3 85
3 86
3 89
3 91
3 92
3 96
3 97
3 103
3 105
3 110
3 114
3 120
3 122
3 123
3 126
3 131
3 138
3 147
3 149
3 150
3 156
3 162
3 164
3 166
3 174
3 178
3 192
3 193
3 199
4 9
4 10
4 11
4 12
4 17
4 18
4 25
4 26
4 29
4 38
4 41
4 43
4 47
4 49
4 55
4 62
4 66
4 75
4 76
4 80
4 82
4 84
4 89
4 90
4 94
4 96
4 110
4 118
4 119
4 135
4 141
4 148
4 151
4 153
4 156
4 159
4 161
4 164
4 165
4 168
4 172
4 173
4 174
4 179
4 183
4 185
4 186
4 189
4 192
4 193
5 6
5 8
5 12
5 14
5 16
5 20
5 21
5 23
5 27
5 29
5 30
5 31
5 32
5 33
5 36
5 39
5 43
5 44
5 45
5 46
5 48
5 55
5 61
5 62
5 64
5 72
5 83
5 87
5 91
5 101
5 102
5 104
5 105
5 109
5 112
5 113
5 120
5 127
5 130
5 132
5 134
5 142
5 146
5 147
5 155
5 161
5 165
5 171
5 172
5 173
5 176
5 184
5 187
5 192
5 194
5 197
5 199
6 7
6 10
6 13
6 15
6 16
6 22
6 26
6 28
6 33
6 49
6 56
6 70
6 79
6 82
6 83
6 84
6 85
6 86
6 88
6 89
6 90
6 91
6 92
6 93
6 94
6 100
6 101
6 102
6 104
6 106
6 108
6 111
6 115
6 116
6 119
6 124
6 125
6 130
6 131
6 133
6 139
6 141
6 142
6 143
6 146
6 148
6 149
6 151
6 154
6 161
6 167
6 168
6 169
6 170
6 172
6 174
6 175
6 176
6 177
6 180
6 181
6 186
6 191
6 195
6 197
6 198
7 9
7 10
7 11
7 13
7 14
7 18
7 19
7 21
7 23
7 25
7 26
7 30
7 31
7 33
7 37
7 41
7 43
7 45
7 46
7 48
7 49
7 56
7 60
7 63
7 65
7 67
7 69
7 74
7 75
7 78
7 79
7 81
7 85
7 86
7 88
7 89
7 94
7 95
7 97
7 101
7 102
7 106
7 108
7 109
7 114
7 115
7 116
7 120
7 126
7 127
7 128
7 130
7 135
7 137
7 143
7 148
7 149
7 150
7 151
7 154
7 159
7 163
7 166
7 167
7 168
7 169
7 172
7 175
7 181
7 183
7 186
7 188
7 189
7 196
7 197
8 12
8 13
8 15
8 18
8 24
8 26
8 27
8 29
8 31
8 35
8 43
8 47
8 51
8 59
8 60
8 64
8 67
8 73
8 74
8 77
8 79
8 82
8 85
8 87
8 91
8 97
8 100
8 105
8 111
8 112
8 116
8 117
8 118
8 120
8 121
8 123
8 125
8 128
8 133
8 134
8 136
8 138
8 142
8 143
8 149
8 154
8 156
8 159
8 160
8 164
8 166
8 169
8 170
8 172
8 174
8 176
8 184
8 187
8 188
8 190
8 192
8 193
8 194
8 195
8 198
8 199
9 11
9 13
9 20
9 21
9 23
9 31
9 35
9 36
9 41
9 44
9 49
9 54
9 59
9 62
9 64
9 65
9 67
9 68
9 71
9 73
9 75
9 76
9 80
9 83
9 96
9 98
9 103
9 110
9 113
9 124
9 127
9 134
9 135
9 139
9 146
9 147
9 148
9 152
9 153
9 160
9 161
9 164
9 165
9 167
9 168
9 170
9 171
9 177
9 180
9 186
9 187
9 196
9 199
10 11
10 12
10 16
10 20
10 22
10 23
10 24
10 38
10 41
10 43
10 49
10 51
10 65
10 67
10 73
10 76
10 79
10 80
10 88
10 89
10 90
10 92
10 93
10 94
10 95
10 99
10 102
10 103
10 105
10 107
10 114
10 117
10 119
10 122
10 123
10 124
10 126
10 127
10 130
10 137
10 138
10 139
10 147
10 150
10 152
10 153
10 158
10 159
10 161
10 163
10 166
10 169
10 175
10 180
10 184
10 187
10 188
10 193
11 18
11 19
11 23
11 29
11 35
11 36
11 38
11 42
11 43
11 47
11 48
11 49
11 52
11 66
11 73
11 76
11 80
11 84
11 86
11 96
11 102
11 108
11 109
11 117
11 120
11 122
11 124
11 128
11 129
11 132
11 133
11 150
11 154
11 157
11 159
11 163
11 172
11 174
11 187
11 188
11 192
11 195
11 198
12 22
12 24
12 32
12 33
12 40
12 43
12 44
12 47
12 48
12 51
12 52
12 53
12 57
12 58
12 59
12 64
12 65
12 67
12 72
12 74
12 76
12 78
12 81
12 82
12 90
12 94
12 96
12 97
12 102
12 103
12 107
12 108
12 109
12 110
12 116
12 122
12 124
12 125
12 127
12 130
12 134
12 135
12 137
12 139
12 144
12 146
12 155
12 156
12 157
12 161
12 163
12 165
12 167
12 170
12 174
12 175
12 176
12 177
12 183
12 184
12 185
12 190
13 16
13 17
13 21
13 22
13 24
13 25
13 27
13 42
13 52
13 53
13 54
13 55
13 57
13 60
13 62
13 64
13 65
13 67
13 68
13 69
13 72
13 77
13 79
13 80
13 85
13 96
13 97
13 98
13 100
13 101
13 102
13 103
13 104
13 106
13 107
13 108
13 109
13 113
13 116
13 120
13 125
13 128
13 132
13 133
13 135
13 136
13 142
13 144
13 155
13 157
13 165
13 167
13 169
13 171
13 174
13 179
13 184
13 186
13 188
13 195
13 197
13 198
13 199
14 17
14 18
14 20
14 22
14 23
14 24
14 25
14 26
14 35
14 43
14 48
14 51
14 52
14 55
14 71
14 73
14 75
14 76
14 80
14 83
14 89
14 98
14 99
14 102
14 104
14 109
14 112
14 113
14 114
14 115
14 125
14 126
14 130
14 134
14 136
14 140
14 144
14 148
14 149
14 151
14 152
14 153
14 154
14 155
14 165
14 168
14 180
14 183
14 186
14 188
14 192
14 193
14 195
14 197
15 19
15 21
15 27
15 31
15 33
15 36
15 41
15 45
15 50
15 52
15 55
15 56
15 58
15 66
15 67
15 73
15 74
15 81
15 82
15 85
15 87
15 91
15 93
15 98
15 99
15 102
15 106
15 112
15 113
15 114
15 123
15 128
15 134
15 135
15 136
15 137
15 142
15 143
15 149
15 151
15 158
15 159
15 160
15 162
15 165
15 166
15 168
15 169
15 170
15 171
15 172
15 173
15 176
15 177
15 178
15 180
15 182
15 189
15 191
15 192
15 196
15 197
16 21
16 23
16 25
16 27
16 31
16 35
16 37
16 45
16 47
16 49
16 50
16 57
16 60
16 61
16 63
16 66
16 68
16 72
16 74
16 76
16 78
16 84
16 86
16 88
16 98
16 100
16 102
16 111
16 113
16 123
16 128
16 131
16 136
16 137
16 138
16 143
16 149
16 150
16 151
16 156
16 157
16 159
16 165
16 167
16 172
16 173
16 179
16 184
16 186
16 187
16 189
16 191
17 20
17 23
17 31
17 33
17 34
17 38
17 39
17 43
17 47
17 53
17 55
17 57
17 59
17 60
17 61
17 63
17 67
17 70
17 71
17 74
17 79
17 83
17 84
17 85
17 90
17 93
17 100
17 101
17 103
17 107
17 110
17 113
17 115
17 116
17 120
17 125
17 126
17 127
17 128
17 130
17 131
17 132
17 134
17 136
17 145
17 146
17 148
17 151
17 153
17 157
17 164
17 168
17 171
17 179
17 184
17 187
17 189
17 190
17 193
17 195
17 198
17 199
18 20
18 21
18 22
18 24
18 25
18 41
18 53
18 57
18 58
18 61
18 67
18 71
18 72
18 78
18 82
18 84
18 86
18 109
18 113
18 120
18 128
18 129
18 136
18 144
18 145
18 146
18 148
18 152
18 154
18 160
18 163
18 164
18 170
18 173
18 176
18 182
18 188
18 193
18 195
18 198
19 20
19 21
19 26
19 27
19 29
19 32
19 37
19 38
19 43
19 46
19 47
19 56
19 60
19 63
19 66
19 68
19 69
19 79
19 80
19 82
19 83
19 91
19 94
19 95
19 96
19 97
19 98
19 99
19 102
19 106
19 109
19 111
19 113
19 115
19 116
19 118
19 119
19 121
19 129
19 130
19 134
19 140
19 141
19 142
19 150
19 152
19 154
19 155
19 157
19 160
19 161
19 163
19 168
19 169
19 174
19 176
19 180
19 182
19 190
19 192
19 197
19 198
19 199
20 25
20 29
20 31
20 33
20 43
20 50
20 52
20 53
20 56
20 58
20 64
20 66
20 70
20 74
20 76
20 77
20 78
20 80
20 82
20 83
20 88
20 90
20 98
20 108
20 110
20 111
20 114
20 115
20 122
20 123
20 124
20 128
20 131
20 133
20 142
20 144
20 145
20 147
20 149
20 155
20 163
20 172
20 185
20 186
20 193
20 196
20 198
21 23
21 26
21 34
21 35
21 37
21 38
21 44
21 49
21 54
21 57
21 58
21 59
21 64
21 65
21 69
21 72
21 73
21 75
21 76
21 78
21 80
21 87
21 88
21 90
21 94
21 100
21 103
21 107
21 120
21 122
21 125
21 126
21 128
21 132
21 134
21 137
21 139
21 144
21 145
21 147
21 148
21 152
21 155
21 161
21 164
21 168
21 171
21 173
21 174
21 175
21 191
21 195
22 24
22 33
22 37
22 43
22 50
22 54
22 56
22 59
22 62
22 63
22 64
22 71
22 72
22 74
22 75
22 79
22 80
22 83
22 84
22 85
22 88
22 92
22 94
22 96
22 98
22 106
22 107
22 108
22 116
22 118
22 120
22 136
22 139
22 142
22 154
22 156
22 157
22 158
22 164
22 165
22 166
22 168
22 169
22 175
22 181
22 182
22 183
22 188
22 190
22 191
22 192
22 194
22 197
22 199
23 26
23 27
23 31
23 32
23 33
23 34
23 35
23 40
23 41
23 47
23 54
23 57
23 72
23 75
23 76
23 79
23 82
23 84
23 85
23 87
23 89
23 91
23 92
23 93
23 98
23 100
23 102
23 110
23 112
23 117
23 118
23 119
23 122
23 131
23 133
23 134
23 138
23 142
23 144
23 147
23 150
23 152
23 153
23 155
23 156
23 157
23 158
23 159
23 163
23 165
23 169
23 170
23 182
23 185
23 186
23 191
23 192
23 193
23 195
24 33
24 41
24 44
24 46
24 49
24 52
24 54
24 55
24 58
24 59
24 60
24 64
24 67
24 75
24 77
24 84
24 86
24 87
24 89
24 91
24 94
24 97
24 98
24 100
24 105
24 110
24 112
24 119
24 122
24 124
24 126
24 127
24 133
24 137
24 141
24 143
24 145
24 146
24 150
24 151
24 155
24 157
24 159
24 166
24 167
24 168
24 170
24 172
24 174
24 178
24 179
24 184
24 188
24 192
24 199
25 28
25 34
25 37
25 39
25 41
25 42
25 43
25 46
25 48
25 53
25 58
25 60
25 63
25 67
25 69
25 85
25 87
25 92
25 94
25 106
25 112
25 113
25 114
25 116
25 120
25 126
25 127
25 129
25 130
25 134
25 136
25 139
25 143
25 144
25 145
25 146
25 155
25 156
25 165
25 168
25 175
25 178
25 185
25 188
25 189
25 190
25 192
25 193
25 196
25 198
25 199
26 28
26 30
26 35
26 37
26 45
26 48
26 53
26 54
26 62
26 63
26 69
26 70
26 73
26 74
26 77
26 79
26 82
26 85
26 86
26 88
26 90
26 102
26 105
26 106
26 107
26 117
26 121
26 123
26 125
26 129
26 130
26 133
26 135
26 137
26 141
26 144
26 146
26 149
26 153
26 155
26 157
26 158
26 160
26 163
26 168
26 171
26 173
26 174
26 179
26 183
26 189
26 197
27 28
27 29
27 32
27 33
27 35
27 42
27 43
27 47
27 48
27 49
27 50
27 63
27 66
27 68
27 69
27 72
27 73
27 74
27 82
27 83
27 98
27 99
27 103
27 106
27 107
27 108
27 109
27 110
27 113
27 119
27 123
27 125
27 126
27 133
27 134
27 135
27 137
27 138
27 144
27 157
27 158
27 159
27 163
27 166
27 167
27 171
27 172
27 178
27 179
27 190
27 192
27 193
27 197
28 29
28 30
28 32
28 34
28 36
28 37
28 48
28 53
28 54
28 57
28 62
28 63
28 64
28 68
28 70
28 71
28 72
28 78
28 84
28 87
28 89
28 94
28 97
28 98
28 101
28 102
28 107
28 111
28 114
28 115
28 116
28 118
28 120
28 130
28 138
28 139
28 144
28 146
28 149
28 153
28 156
28 158
28 164
28 165
28 170
28 176
28 180
28 184
28 189
28 194
28 198
28 199
29 32
29 34
29 38
29 40
29 45
29 49
29 50
29 54
29 56
29 57
29 60
29 67
29 69
29 74
29 76
29 79
29 81
29 82
29 85
29 86
29 88
29 90
29 91
29 100
29 101
29 108
29 113
29 123
29 125
29 130
29 131
29 133
29 134
29 135
29 139
29 145
29 148
29 160
29 169
29 170
29 171
29 176
29 177
29 178
29 183
29 189
29 196
29 198
29 199
30 31
30 34
30 35
30 38
30 41
30 47
30 50
30 52
30 53
30 54
30 62
30 64
30 66
30 77
30 79
30 81
30 83
30 86
30 87
30 88
30 95
30 96
30 104
30 111
30 118
30 120
30 132
30 136
30 142
30 150
30 151
30 159
30 163
30 168
30 175
30 178
30 183
30 184
30 195
30 196
30 198
31 32
31 34
31 35
31 37
31 38
31 54
31 55
31 58
31 60
31 64
31 66
31 70
31 71
31 73
31 75
31 81
31 86
31 95
31 97
31 99
31 100
31 107
31 110
31 113
31 118
31 119
31 123
31 128
31 137
31 139
31 142
31 148
31 153
31 154
31 155
31 156
31 159
31 162
31 163
31 165
31 168
31 171
31 172
31 176
31 178
31 180
31 184
31 189
31 194
31 196
31 199
32 41
32 44
32 49
32 58
32 60
32 61
32 62
32 63
32 69
32 75
32 76
32 79
32 88
32 89
32 92
32 95
32 104
32 105
32 114
32 121
32 129
32 131
32 133
32 140
32 148
32 154
32 155
32 160
32 168
32 170
32 173
32 174
32 184
32 185
32 186
32 187
32 199
33 36
33 38
33 41
33 43
33 44
33 49
33 50
33 51
33 59
33 63
33 65
33 71
33 73
33 74
33 76
33 79
33 83
33 86
33 88
33 90
33 91
33 96
33 97
33 98
33 100
33 101
33 102
33 104
33 114
33 118
33 122
33 124
33 127
33 128
33 129
33 131
33 133
33 135
33 137
33 140
33 142
33 144
33 151
33 152
33 154
33 160
33 161
33 168
33 174
33 176
33 178
33 191
33 197
34 37
34 39
34 40
34 45
34 51
34 55
34 58
34 64
34 68
34 70
34 71
34 74
34 75
34 83
34 86
34 88
34 90
34 93
34 99
34 101
34 103
34 105
34 108
34 109
34 116
34 118
34 122
34 125
34 127
34 128
34 132
34 133
34 134
34 135
34 138
34 148
34 152
34 158
34 159
34 163
34 164
34 169
34 171
34 177
34 179
34 183
34 185
34 190
34 192
34 198
35 37
35 41
35 43
35 48
35 49
35 52
35 62
35 65
35 69
35 71
35 77
35 85
35 88
35 91
35 92
35 93
35 98
35 104
35 108
35 112
35 116
35 117
35 123
35 137
35 138
35 139
35 152
35 153
35 154
35 155
35 161
35 165
35 166
35 169
35 171
35 173
35 176
35 178
35 180
35 184
35 187
35 192
35 195
35 198
36 43
36 46
36 47
36 48
36 49
36 52
36 58
36 61
36 65
36 68
36 70
36 73
36 74
36 82
36 89
36 92
36 94
36 98
36 100
36 103
36 105
36 108
36 109
36 110
36 112
36 115
36 117
36 119
36 123
36 124
36 125
36 130
36 132
36 133
36 143
36 152
36 161
36 162
36 167
36 174
36 180
36 181
36 182
36 183
36 184
36 186
36 187
36 190
36 192
36 195
36 197
36 199
37 38
37 41
37 54
37 55
37 56
37 62
37 66
37 67
37 71
37 78
37 82
37 84
37 88
37 90
37 101
37 103
37 104
37 112
37 117
37 119
37 121
37 122
37 123
37 124
37 125
37 127
37 128
37 130
37 133
37 138
37 141
37 144
37 145
37 147
37 151
37 156
37 159
37 160
37 162
37 174
37 177
37 179
37 185
37 195
37 196
37 197
38 39
38 41
38 42
38 45
38 47
38 51
38 54
38 55
38 57
38 59
38 62
38 70
38 71
38 76
38 77
38 78
38 81
38 85
38 88
38 89
38 95
38 98
38 99
38 100
38 102
38 104
38 106
38 107
38 112
38 117
38 118
38 125
38 132
38 135
38 136
38 137
38 138
38 140
38 141
38 143
38 150
38 151
38 157
38 158
38 159
38 162
38 165
38 166
38 176
38 177
38 178
38 179
38 181
38 183
38 185
38 187
38 188
38 191
38 194
38 195
38 197
39 42
39 44
39 46
39 50
39 51
39 52
39 54
39 58
39 59
39 61
39 64
39 69
39 74
39 80
39 82
39 83
39 85
39 92
39 95
39 96
39 101
39 106
39 108
39 110
39 111
39 116
39 117
39 120
39 123
39 125
39 129
39 131
39 133
39 134
39 135
39 143
39 145
39 148
39 153
39 164
39 168
39 170
39 174
39 176
39 179
39 180
39 181
39 182
39 184
39 185
39 187
39 192
39 196
39 198
39 199
40 44
40 46
40 48
40 49
40 50
40 51
40 63
40 66
40 69
40 70
40 78
40 79
40 81
40 91
40 94
40 95
40 101
40 103
40 110
40 112
40 123
40 125
40 127
40 134
40 139
40 149
40 150
40 151
40 161
40 162
40 163
40 166
40 177
40 178
40 180
40 182
40 183
40 186
40 187
40 196
40 197
40 199
41 43
41 50
41 56
41 59
41 63
41 65
41 68
41 71
41 74
41 76
41 78
41 79
41 84
41 87
41 88
41 89
41 90
41 91
41 93
41 94
41 95
41 99
41 108
41 116
41 120
41 123
41 127
41 128
41 129
41 130
41 132
41 134
41 135
41 136
41 137
41 138
41 140
41 143
41 145
41 147
41 149
41 151
41 158
41 159
41 161
41 168
41 170
41 171
41 173
41 176
41 177
41 181
41 183
41 190
41 194
41 197
42 47
42 50
42 51
42 58
42 60
42 71
42 75
42 77
42 78
42 81
42 83
42 84
42 85
42 86
42 88
42 90
42 95
42 103
42 104
42 105
42 107
42 108
42 109
42 112
42 114
42 116
42 117
42 119
42 123
42 126
42 129
42 134
42 135
42 147
42 153
42 154
42 157
42 164
42 168
42 170
42 171
42 176
42 179
42 180
42 186
42 194
42 196
42 197
42 198
43 50
43 56
43 63
43 65
43 66
43 67
43 78
43 84
43 86
43 87
43 90
43 91
43 96
43 97
43 98
43 101
43 106
43 116
43 117
43 122
43 123
43 124
43 131
43 132
43 133
43 134
43 136
43 138
43 142
43 145
43 146
43 147
43 148
43 150
43 156
43 157
43 159
43 163
43 164
43 166
43 173
43 175
43 177
43 180
43 183
43 185
43 196
43 197
44 46
44 50
44 57
44 58
44 66
44 69
44 70
44 79
44 80
44 83
44 84
44 87
44 89
44 91
44 96
44 98
44 101
44 103
44 104
44 107
44 109
44 112
44 114
44 115
44 136
44 142
44 144
44 147
44 156
44 159
44 161
44 166
44 171
44 180
44 183
44 186
44 191
44 193
44 194
44 196
45 46
45 48
45 49
45 53
45 55
45 57
45 59
45 63
45 67
45 68
45 72
45 75
45 79
45 80
45 90
45 93
45 94
45 98
45 99
45 102
45 104
45 108
45 109
45 111
45 112
45 114
45 119
45 122
45 126
45 127
45 128
45 131
45 133
45 134
45 139
45 140
45 143
45 145
45 146
45 149
45 154
45 161
45 167
45 169
45 173
45 177
45 178
45 180
45 184
45 187
45 188
45 191
45 193
45 197
45 199
46 47
46 50
46 51
46 56
46 59
46 60
46 61
46 66
46 74
46 76
46 79
46 83
46 85
46 91
46 92
46 98
46 100
46 101
46 108
46 109
46 113
46 114
46 117
46 118
46 119
46 121
46 122
46 126
46 127
46 128
46 132
46 135
46 139
46 145
46 147
46 151
46 153
46 155
46 161
46 164
46 166
46 168
46 169
46 171
46 179
46 181
46 186
46 187
46 189
46 190
46 191
46 194
47 48
47 49
47 55
47 57
47 62
47 63
47 66
47 67
47 68
47 71
47 73
47 94
47 95
47 100
47 102
47 104
47 106
47 111
47 118
47 119
47 120
47 122
47 123
47 125
47 130
47 132
47 137
47 143
47 145
47 150
47 151
47 162
47 167
47 170
47 173
47 174
47 176
47 177
47 178
47 179
47 182
47 183
47 185
47 188
47 189
47 190
47 195
48 56
48 59
48 61
48 62
48 65
48 69
48 70
48 71
48 73
48 74
48 77
48 80
48 85
48 87
48 88
48 89
48 96
48 99
48 100
48 101
48 106
48 108
48 109
48 110
48 111
48 113
48 115
48 117
48 131
48 132
48 135
48 161
48 163
48 164
48 171
48 174
48 176
48 177
48 179
48 180
48 181
48 185
48 189
48 190
48 193
48 198
49 56
49 61
49 63
49 65
49 67
49 71
49 73
49 85
49 86
49 89
49 90
49 92
49 100
49 101
49 103
49 109
49 110
49 119
49 121
49 125
49 126
49 130
49 133
49 136
49 137
49 141
49 145
49 147
49 148
49 153
49 156
49 157
49 160
49 162
49 163
49 171
49 182
49 185
49 196
49 198
50 58
50 60
50 61
50 62
50 63
50 69
50 72
50 75
50 78
50 79
50 81
50 82
50 83
50 84
50 91
50 92
50 93
50 95
50 98
50 106
50 108
50 109
50 111
50 115
50 116
50 123
50 130
50 131
50 136
50 147
50 149
50 150
50 153
50 154
50 156
50 158
50 162
50 166
50 170
50 178
50 187
50 188
50 196
50 197
51 55
51 61
51 65
51 66
51 69
51 70
51 72
51 78
51 79
51 80
51 82
51 91
51 92
51 94
51 96
51 98
51 99
51 102
51 111
51 123
51 134
51 140
51 141
51 144
51 152
51 153
51 154
51 157
51 159
51 164
51 165
51 168
51 171
51 172
51 174
51 175
51 178
51 179
51 183
51 187
51 189
51 195
52 55
52 57
52 59
52 65
52 67
52 74
52 75
52 76
52 81
52 83
52 84
52 90
52 91
52 96
52 99
52 101
52 103
52 116
52 125
52 126
52 128
52 130
52 132
52 133
52 134
52 137
52 150
52 155
52 157
52 159
52 162
52 164
52 165
52 166
52 169
52 173
52 182
52 184
52 186
52 188
52 191
52 196
52 198
53 57
53 59
53 62
53 65
53 74
53 77
53 79
53 92
53 93
53 94
53 95
53 96
53 97
53 100
53 101
53 102
53 103
53 105
53 106
53 113
53 122
53 124
53 125
53 128
53 132
53 133
53 134
53 135
53 137
53 141
53 146
53 149
53 153
53 156
53 157
53 163
53 165
53 166
53 168
53 169
53 176
53 178
53 182
53 186
53 192
53 193
53 194
53 195
54 55
54 57
54 60
54 61
54 64
54 65
54 67
54 69
54 72
54 77
54 85
54 86
54 89
54 95
54 96
54 98
54 99
54 100
54 101
54 104
54 105
54 106
54 115
54 117
54 128
54 135
54 147
54 150
54 154
54 160
54 165
54 167
54 169
54 175
54 180
54 181
54 184
54 194
55 57
55 59
55 62
55 63
55 67
55 69
55 71
55 78
55 79
55 81
55 85
55 89
55 90
55 92
55 94
55 98
55 106
55 107
55 108
55 112
55 121
55 122
55 123
55 128
55 132
55 133
55 135
55 137
55 141
55 143
55 144
55 151
55 153
55 159
55 160
55 161
55 163
55 164
55 166
55 167
55 168
55 175
55 177
55 178
55 179
55 180
55 185
55 186
55 187
55 188
55 190
55 194
56 59
56 64
56 65
56 66
56 67
56 71
56 76
56 77
56 78
56 80
56 82
56 86
56 87
56 91
56 99
56 100
56 109
56 110
56 112
56 117
56 119
56 125
56 128
56 139
56 142
56 148
56 149
56 152
56 156
56 159
56 166
56 170
56 173
56 175
56 181
56 183
56 184
56 185
56 191
56 195
57 61
57 62
57 73
57 78
57 90
57 93
57 97
57 98
57 99
57 100
57 101
57 115
57 119
57 124
57 126
57 127
57 130
57 135
57 138
57 139
57 140
57 142
57 144
57 152
57 158
57 159
57 162
57 166
57 170
57 172
57 178
57 184
57 186
57 187
57 189
57 190
57 198
58 63
58 67
58 72
58 74
58 78
58 81
58 82
58 85
58 90
58 96
58 107
58 108
58 109
58 111
58 112
58 113
58 114
58 115
58 117
58 125
58 127
58 132
58 135
58 138
58 141
58 157
58 159
58 160
58 161
58 167
58 169
58 170
58 171
58 174
58 180
58 182
58 186
58 187
58 189
58 191
58 196
58 198
59 60
59 63
59 73
59 75
59 77
59 82
59 84
59 85
59 88
59 90
59 91
59 93
59 95
59 98
59 99
59 105
59 112
59 121
59 127
59 129
59 131
59 133
59 149
59 150
59 152
59 153
59 154
59 156
59 161
59 166
59 167
59 169
59 174
59 180
59 181
59 182
59 183
59 184
59 186
59 193
59 197
59 198
60 61
60 64
60 65
60 67
60 72
60 75
60 77
60 83
60 84
60 86
60 87
60 88
60 90
60 97
60 101
60 102
60 104
60 105
60 108
60 120
60 122
60 126
60 128
60 131
60 135
60 136
60 138
60 141
60 142
60 144
60 145
60 147
60 150
60 159
60 160
60 161
60 168
60 170
60 175
60 182
60 188
60 194
60 197
60 199
61 65
61 69
61 70
61 72
61 74
61 79
61 80
61 81
61 84
61 91
61 92
61 93
61 100
61 102
61 103
61 109
61 110
61 114
61 115
61 118
61 121
61 125
61 131
61 132
61 133
61 136
61 137
61 139
61 140
61 141
61 142
61 143
61 144
61 147
61 148
61 149
61 153
61 155
61 156
61 166
61 169
61 171
61 173
61 174
61 178
61 183
61 185
61 186
61 187
61 188
61 189
61 193
61 194
61 197
62 63
62 68
62 78
62 79
62 81
62 83
62 85
62 86
62 88
62 91
62 97
62 103
62 105
62 110
62 111
62 114
62 116
62 117
62 118
62 121
62 127
62 132
62 138
62 141
62 147
62 149
62 152
62 153
62 155
62 156
62 160
62 164
62 165
62 172
62 181
62 182
62 183
62 184
62 187
62 188
62 192
62 193
62 194
62 195
62 196
62 197
63 66
63 78
63 93
63 94
63 100
63 103
63 104
63 106
63 109
63 114
63 120
63 122
63 125
63 129
63 136
63 137
63 143
63 144
63 149
63 150
63 151
63 157
63 162
63 163
63 164
63 166
63 167
63 180
63 188
63 190
63 192
63 194
63 196
63 197
64 65
64 69
64 70
64 74
64 76
64 79
64 87
64 92
64 95
64 99
64 100
64 116
64 124
64 125
64 129
64 136
64 138
64 139
64 141
64 142
64 144
64 153
64 158
64 160
64 165
64 168
64 172
64 174
64 177
64 185
64 191
64 192
64 196
64 197
64 199
65 67
65 68
65 70
65 74
65 78
65 82
65 83
65 84
65 86
65 90
65 91
65 95
65 100
65 102
65 104
65 105
65 110
65 113
65 115
65 118
65 125
65 126
65 142
65 144
65 148
65 149
65 151
65 152
65 154
65 170
65 174
65 177
65 178
65 179
65 181
65 188
65 196
65 198
66 67
66 70
66 76
66 86
66 88
66 92
66 94
66 99
66 100
66 103
66 109
66 113
66 114
66 116
66 119
66 123
66 125
66 131
66 133
66 135
66 137
66 147
66 150
66 151
66 153
66 155
66 158
66 165
66 170
66 173
66 177
66 178
66 179
66 183
66 185
66 187
66 189
66 194
66 198
67 68
67 69
67 72
67 73
67 74
67 76
67 82
67 86
67 92
67 95
67 98
67 101
67 104
67 112
67 113
67 114
67 116
67 117
67 120
67 122
67 125
67 127
67 135
67 139
67 142
67 151
67 152
67 153
67 165
67 167
67 174
67 186
67 195
67 199
68 85
68 87
68 88
68 91
68 94
68 101
68 105
68 106
68 109
68 113
68 115
68 119
68 120
68 122
68 123
68 128
68 130
68 131
68 134
68 135
68 139
68 146
68 148
68 149
68 150
68 151
68 153
68 155
68 159
68 161
68 166
68 168
68 172
68 174
68 179
68 180
68 185
68 188
68 192
69 70
69 78
69 83
69 88
69 89
69 90
69 94
69 97
69 99
69 100
69 104
69 111
69 122
69 127
69 131
69 134
69 135
69 137
69 139
69 146
69 152
69 160
69 162
69 163
69 166
69 174
69 183
69 185
69 187
69 191
69 192
69 194
69 197
70 76
70 77
70 82
70 89
70 90
70 96
70 99
70 103
70 115
70 121
70 122
70 124
70 126
70 128
70 130
70 133
70 138
70 142
70 147
70 148
70 149
70 151
70 157
70 158
70 161
70 164
70 167
70 173
70 175
70 176
70 180
70 188
70 190
70 191
70 197
70 198
70 199
71 76
71 77
71 81
71 83
71 84
71 86
71 89
71 96
71 99
71 104
71 106
71 110
71 111
71 113
71 116
71 118
71 119
71 121
71 122
71 125
71 128
71 133
71 136
71 138
71 140
71 141
71 143
71 148
71 151
71 153
71 156
71 158
71 163
71 172
71 175
71 177
71 183
71 189
71 190
71 191
71 192
71 194
71 195
71 196
71 197
71 198
72 75
72 76
72 77
72 81
72 82
72 84
72 85
72 87
72 92
72 107
72 109
72 117
72 118
72 120
72 121
72 123
72 124
72 125
72 126
72 128
72 139
72 142
72 146
72 147
72 149
72 150
72 152
72 162
72 163
72 165
72 167
72 172
72 175
72 181
72 187
72 193
72 198
73 76
73 84
73 93
73 97
73 103
73 106
73 110
73 121
73 124
73 125
73 130
73 134
73 140
73 147
73 149
73 153
73 156
73 157
73 160
73 161
73 162
73 163
73 168
73 169
73 173
73 174
73 180
73 183
73 188
73 189
73 192
73 195
73 197
73 199
74 76
74 88
74 89
74 92
74 94
74 95
74 98
74 102
74 106
74 113
74 114
74 116
74 117
74 119
74 121
74 124
74 125
74 126
74 130
74 131
74 132
74 133
74 140
74 142
74 143
74 144
74 153
74 163
74 166
74 172
74 180
74 187
74 197
74 198
75 76
75 79
75 80
75 84
75 86
75 87
75 90
75 93
75 94
75 95
75 103
75 104
75 106
75 107
75 109
75 111
75 113
75 114
75 115
75 117
75 123
75 127
75 134
75 139
75 140
75 149
75 151
75 152
75 153
75 155
75 157
75 162
75 172
75 177
75 181
75 187
75 188
75 194
75 195
75 196
75 197
76 81
76 86
76 89
76 92
76 94
76 96
76 97
76 98
76 99
76 104
76 105
76 107
76 109
76 110
76 111
76 117
76 119
76 122
76 123
76 124
76 125
76 127
76 131
76 132
76 134
76 136
76 138
76 142
76 143
76 144
76 145
76 146
76 150
76 153
76 156
76 158
76 164
76 178
76 181
76 183
76 186
76 187
76 190
76 191
76 192
77 80
77 81
77 86
77 89
77 90
77 91
77 96
77 97
77 99
77 101
77 106
77 108
77 109
77 113
77 116
77 117
77 119
77 120
77 123
77 126
77 127
77 128
77 134
77 145
77 148
77 151
77 154
77 155
77 156
77 157
77 162
77 170
77 174
77 175
77 184
77 187
77 188
77 192
77 193
77 196
78 83
78 85
78 88
78 89
78 96
78 99
78 105
78 107
78 110
78 113
78 114
78 118
78 119
78 123
78 132
78 134
78 136
78 137
78 138
78 140
78 142
78 143
78 144
78 148
78 155
78 163
78 165
78 172
78 174
78 177
78 178
78 179
78 184
78 187
79 83
79 86
79 88
79 92
79 95
79 100
79 101
79 104
79 110
79 111
79 113
79 117
79 119
79 121
79 123
79 131
79 132
79 137
79 139
79 140
79 146
79 148
79 156
79 163
79 165
79 169
79 174
79 175
79 178
79 179
79 186
79 195
79 196
80 84
80 88
80 93
80 94
80 104
80 111
80 113
80 119
80 121
80 128
80 129
80 133
80 140
80 141
80 149
80 150
80 153
80 160
80 161
80 166
80 168
80 177
80 179
80 181
80 184
80 188
80 192
80 199
81 83
81 85
81 88
81 89
81 94
81 95
81 97
81 102
81 103
81 107
81 129
81 132
81 138
81 140
81 143
81 152
81 153
81 154
81 155
81 157
81 158
81 161
81 162
81 163
81 164
81 174
81 175
81 181
81 183
81 184
81 189
81 191
81 192
81 194
81 195
81 196
81 197
81 198
82 87
82 100
82 101
82 103
82 106
82 107
82 112
82 114
82 127
82 134
82 135
82 136
82 141
82 142
82 143
82 144
82 147
82 150
82 155
82 158
82 165
82 174
82 177
82 178
82 181
82 185
82 194
82 198
83 84
83 85
83 90
83 91
83 101
83 107
83 108
83 111
83 115
83 117
83 123
83 125
83 136
83 138
83 147
83 152
83 160
83 167
83 169
83 170
83 172
83 174
83 175
83 176
83 177
83 188
83 193
84 86
84 88
84 91
84 92
84 93
84 94
84 102
84 107
84 109
84 115
84 117
84 118
84 124
84 126
84 131
84 135
84 137
84 144
84 146
84 147
84 148
84 156
84 158
84 159
84 161
84 163
84 181
84 182
84 183
84 185
84 188
84 189
84 190
84 191
84 192
84 194
84 195
85 87
85 89
85 92
85 97
85 103
85 105
85 107
85 108
85 110
85 111
85 124
85 131
85 132
85 134
85 136
85 137
85 147
85 149
85 150
85 155
85 163
85 166
85 167
85 168
85 171
85 172
85 181
85 184
85 186
85 187
85 190
85 194
85 197
86 87
86 88
86 89
86 91
86 105
86 106
86 112
86 114
86 115
86 117
86 119
86 127
86 129
86 130
86 131
86 132
86 135
86 137
86 142
86 150
86 151
86 153
86 156
86 158
86 163
86 165
86 170
86 176
86 177
86 182
86 183
86 186
86 189
86 190
86 196
87 104
87 116
87 119
87 122
87 128
87 129
87 130
87 135
87 138
87 140
87 141
87 142
87 149
87 159
87 167
87 177
87 180
87 187
87 189
87 191
87 193
87 194
87 197
88 90
88 94
88 96
88 99
88 103
88 109
88 110
88 114
88 115
88 117
88 118
88 119
88 120
88 125
88 127
88 130
88 132
88 140
88 145
88 146
88 149
88 150
88 155
88 156
88 158
88 164
88 168
88 176
88 178
88 179
88 182
88 185
88 188
88 195
89 94
89 95
89 101
89 102
89 109
89 112
89 115
89 120
89 128
89 131
89 133
89 135
89 136
89 138
89 140
89 143
89 148
89 153
89 156
89 159
89 162
89 170
89 173
89 176
89 189
89 193
89 194
89 196
89 198
90 94
90 98
90 104
90 105
90 107
90 108
90 110
90 116
90 117
90 119
90 122
90 126
90 130
90 132
90 133
90 135
90 136
90 138
90 142
90 145
90 146
90 161
90 170
90 171
90 172
90 177
90 179
90 180
90 181
90 183
90 184
90 188
90 189
90 190
90 192
90 193
90 197
90 199
91 93
91 94
91 96
91 108
91 111
91 115
91 117
91 121
91 123
91 124
91 127
91 133
91 137
91 143
91 148
91 161
91 163
91 166
91 168
91 170
91 172
91 173
91 174
91 180
91 184
91 186
91 188
91 194
92 100
92 101
92 103
92 104
92 105
92 112
92 114
92 116
92 118
92 119
92 121
92 123
92 133
92 137
92 138
92 144
92 145
92 149
92 151
92 152
92 154
92 157
92 161
92 162
92 167
92 174
92 175
92 179
92 180
92 184
92 185
92 187
92 188
92 189
92 199
93 95
93 96
93 99
93 105
93 118
93 126
93 128
93 132
93 135
93 137
93 138
93 139
93 144
93 152
93 153
93 154
93 158
93 161
93 168
93 171
93 173
93 178
93 182
93 183
93 185
93 186
93 187
93 190
93 192
93 193
93 196
93 199
94 99
94 111
94 112
94 116
94 121
94 126
94 129
94 131
94 132
94 133
94 148
94 151
94 154
94 159
94 162
94 164
94 165
94 171
94 172
94 174
94 178
94 179
94 183
94 184
94 193
94 197
95 104
95 105
95 111
95 112
95 113
95 114
95 115
95 116
95 119
95 121
95 123
95 125
95 127
95 129
95 134
95 135
95 138
95 147
95 148
95 157
95 168
95 172
95 174
95 175
95 177
95 178
95 179
95 182
95 184
95 187
95 188
95 192
95 196
96 97
96 99
96 100
96 101
96 104
96 107
96 111
96 114
96 124
96 129
96 130
96 134
96 137
96 140
96 141
96 148
96 149
96 150
96 151
96 154
96 157
96 161
96 164
96 165
96 167
96 168
96 170
96 177
96 178
96 184
96 187
96 188
96 189
96 193
96 194
97 98
97 109
97 110
97 112
97 118
97 121
97 125
97 127
97 134
97 137
97 142
97 148
97 156
97 157
97 159
97 162
97 166
97 168
97 170
97 175
97 179
97 180
97 181
97 184
97 187
97 188
97 191
97 195
98 100
98 102
98 103
98 104
98 105
98 106
98 107
98 117
98 124
98 125
98 131
98 134
98 137
98 140
98 141
98 142
98 144
98 145
98 149
98 154
98 159
98 162
98 164
98 172
98 174
98 176
98 178
98 181
98 182
98 183
98 189
98 199
99 100
99 101
99 108
99 113
99 114
99 115
99 120
99 126
99 129
99 131
99 133
99 134
99 138
99 147
99 148
99 155
99 158
99 159
99 161
99 162
99 163
99 164
99 166
99 174
99 176
99 185
99 186
99 187
99 193
99 195
99 199
100 101
100 104
100 105
100 110
100 112
100 113
100 115
100 118
100 121
100 123
100 125
100 126
100 127
100 129
100 134
100 140
100 145
100 148
100 150
100 153
100 155
100 156
100 159
100 160
100 168
100 169
100 175
100 176
100 191
100 198
101 103
101 104
101 105
101 108
101 115
101 119
101 120
101 121
101 123
101 124
101 128
101 131
101 139
101 141
101 142
101 143
101 148
101 153
101 154
101 158
101 159
101 164
101 167
101 169
101 176
101 177
101 178
101 183
101 184
101 185
101 189
101 191
101 196
101 198
102 105
102 106
102 109
102 111
102 112
102 113
102 119
102 127
102 128
102 129
102 131
102 135
102 138
102 139
102 140
102 143
102 145
102 148
102 149
102 151
102 153
102 154
102 156
102 159
102 161
102 162
102 168
102 176
102 178
102 180
102 183
102 188
102 190
102 192
102 193
102 194
102 196
103 106
103 108
103 126
103 136
103 139
103 149
103 152
103 156
103 158
103 162
103 168
103 170
103 172
103 173
103 179
103 182
103 186
104 106
104 107
104 109
104 111
104 113
104 116
104 118
104 126
104 130
104 147
104 148
104 152
104 154
104 160
104 162
104 163
104 166
104 167
104 169
104 172
104 176
104 177
104 179
104 181
104 185
104 193
104 196
105 115
105 120
105 124
105 130
105 132
105 133
105 138
105 143
105 144
105 146
105 147
105 148
105 150
105 155
105 162
105 163
105 177
105 182
105 189
105 191
105 197
106 108
106 113
106 117
106 120
106 121
106 123
106 124
106 130
106 134
106 144
106 147
106 149
106 153
106 155
106 158
106 160
106 161
106 162
106 163
106 169
106 176
106 185
106 189
106 192
106 193
106 194
106 195
107 109
107 111
107 114
107 120
107 128
107 132
107 134
107 138
107 139
107 145
107 148
107 154
107 155
107 158
107 160
107 164
107 165
107 167
107 171
107 172
107 173
107 181
107 182
107 188
107 196
107 198
108 111
108 115
108 116
108 119
108 124
108 131
108 139
108 142
108 144
108 149
108 150
108 153
108 155
108 156
108 157
108 160
108 164
108 167
108 168
108 172
108 173
108 179
108 182
108 183
108 187
108 194
108 195
108 197
109 111
109 112
109 113
109 114
109 117
109 119
109 123
109 124
109 125
109 126
109 128
109 129
109 131
109 134
109 135
109 137
109 152
109 157
109 159
109 162
109 169
109 175
109 176
109 185
109 187
109 191
109 199
110 111
110 112
110 126
110 127
110 134
110 136
110 137
110 140
110 144
110 147
110 152
110 153
110 164
110 165
110 166
110 170
110 171
110 173
110 175
110 182
110 183
110 185
110 187
110 190
110 191
110 192
110 194
110 195
110 197
110 198
111 114
111 115
111 117
111 118
111 121
111 128
111 130
111 132
111 133
111 135
111 136
111 137
111 138
111 142
111 149
111 151
111 153
111 154
111 157
111 158
111 161
111 163
111 164
111 165
111 168
111 169
111 170
111 175
111 177
111 181
111 182
111 184
111 192
111 195
112 117
112 118
112 119
112 120
112 121
112 122
112 125
112 128
112 130
112 134
112 143
112 152
112 153
112 156
112 158
112 160
112 161
112 165
112 166
112 169
112 170
112 171
112 172
112 180
112 182
112 185
112 193
112 199
113 114
113 118
113 119
113 125
113 128
113 132
113 134
113 136
113 152
113 158
113 159
113 163
113 165
113 166
113 167
113 168
113 173
113 179
113 190
113 199
114 123
114 125
114 130
114 131
114 134
114 136
114 144
114 151
114 156
114 162
114 169
114 172
114 175
114 180
114 184
114 190
114 193
114 194
114 195
114 199
115 120
115 126
115 134
115 136
115 137
115 143
115 147
115 156
115 163
115 165
115 170
115 172
115 174
115 179
115 182
115 188
115 191
115 192
116 118
116 119
116 121
116 127
116 129
116 134
116 136
116 140
116 142
116 150
116 153
116 155
116 168
116 172
116 176
116 183
116 185
116 188
116 190
116 193
116 194
116 195
116 199
117 119
117 123
117 132
117 135
117 137
117 141
117 150
117 156
117 158
117 161
117 163
117 165
117 172
117 173
117 177
117 178
117 181
117 183
117 187
117 193
117 198
118 119
118 120
118 122
118 125
118 130
118 139
118 142
118 147
118 148
118 156
118 159
118 163
118 167
118 169
118 176
118 178
118 182
118 183
118 184
118 185
118 198
119 128
119 135
119 136
119 139
119 140
119 150
119 151
119 162
119 164
119 166
119 168
119 174
119 175
119 176
119 177
119 181
119 185
119 191
119 198
120 123
120 124
120 126
120 127
120 128
120 129
120 130
120 133
120 134
120 144
120 145
120 149
120 150
120 153
120 157
120 158
120 159
120 160
120 161
120 168
120 169
120 177
120 179
120 187
120 189
120 194
120 195
120 198
120 199
121 133
121 135
121 136
121 138
121 139
121 140
121 145
121 147
121 150
121 154
121 156
121 158
121 160
121 162
121 169
121 171
121 174
121 180
121 185
121 188
121 189
121 194
121 195
122 125
122 130
122 132
122 135
122 136
122 142
122 143
122 145
122 147
122 153
122 154
122 156
122 160
122 172
122 178
122 179
122 184
122 185
122 186
122 187
122 189
122 190
122 194
123 127
123 129
123 134
123 139
123 140
123 145
123 153
123 158
123 161
123 162
123 166
123 167
123 171
123 175
123 176
123 181
123 183
123 187
123 190
123 191
123 192
123 196
124 126
124 134
124 135
124 137
124 138
124 141
124 144
124 146
124 148
124 151
124 152
124 153
124 155
124 157
124 162
124 163
124 166
124 170
124 180
124 193
124 195
124 198
124 199
125 126
125 128
125 129
125 133
125 135
125 137
125 139
125 141
125 145
125 148
125 149
125 150
125 154
125 159
125 162
125 168
125 170
125 171
125 179
125 180
125 184
126 129
126 131
126 132
126 138
126 140
126 141
126 142
126 155
126 158
126 159
126 160
126 165
126 169
126 172
126 174
126 177
126 179
126 185
126 187
126 188
126 191
126 196
127 130
127 131
127 137
127 140
127 143
127 144
127 145
127 151
127 153
127 154
127 155
127 158
127 172
127 174
127 176
127 177
127 181
127 186
127 187
127 198
128 129
128 131
128 132
128 133
128 134
128 138
128 143
128 146
128 151
128 154
128 155
128 156
128 160
128 164
128 170
128 172
128 179
128 185
128 186
128 191
129 131
129 132
129 136
129 137
129 140
129 145
129 152
129 154
129 157
129 159
129 167
129 172
129 174
129 185
129 187
129 189
129 192
130 132
130 136
130 137
130 139
130 145
130 147
130 155
130 162
130 163
130 168
130 170
130 171
130 173
130 177
130 180
130 184
130 186
130 190
130 197
130 198
131 132
131 135
131 136
131 137
131 141
131 144
131 147
131 148
131 149
131 155
131 157
131 163
131 165
131 167
131 174
131 179
131 181
131 182
131 183
131 184
131 194
131 195
132 134
132 141
132 142
132 145
132 148
132 149
132 152
132 155
132 158
132 160
132 163
132 166
132 168
132 173
132 176
132 181
132 184
132 186
132 190
132 193
132 197
132 199
133 134
133 136
133 140
133 144
133 145
133 148
133 155
133 159
133 165
133 171
133 173
133 174
133 177
133 178
133 186
133 187
133 188
133 191
133 193
133 196
133 199
134 138
134 139
134 140
134 145
134 146
134 150
134 153
134 158
134 159
134 161
134 163
134 166
134 170
134 172
134 176
134 177
134 179
134 180
134 188
134 189
134 193
135 136
135 142
135 143
135 144
135 147
135 148
135 152
135 156
135 161
135 165
135 172
135 178
135 185
135 192
135 194
135 196
136 138
136 142
136 145
136 147
136 151
136 154
136 155
136 156
136 162
136 167
136 179
136 185
136 190
136 191
136 193
136 194
136 197
136 198
136 199
137 138
137 143
137 144
137 145
137 149
137 150
137 153
137 158
137 161
137 162
137 165
137 168
137 171
137 172
137 182
137 185
137 186
137 189
137 192
137 198
137 199
138 139
138 141
138 143
138 145
138 146
138 151
138 156
138 162
138 166
138 172
138 176
138 177
138 185
138 186
138 189
138 198
139 140
139 145
139 147
139 153
139 154
139 155
139 156
139 158
139 159
139 162
139 164
139 166
139 173
139 175
139 180
139 184
139 187
139 199
140 145
140 150
140 153
140 161
140 167
140 169
140 172
140 183
140 187
140 188
140 189
140 190
140 196
140 199
141 148
141 149
141 153
141 156
141 159
141 166
141 169
141 170
141 171
141 178
141 183
141 194
141 196
142 143
142 149
142 150
142 152
142 155
142 157
142 160
142 162
142 165
142 166
142 171
142 173
142 174
142 180
142 181
142 188
142 193
142 198
143 146
143 147
143 154
143 157
143 158
143 159
143 160
143 161
143 162
143 170
143 172
143 174
143 176
143 178
143 180
143 181
143 186
144 146
144 149
144 150
144 152
144 153
144 155
144 158
144 159
144 162
144 173
144 178
144 180
144 181
144 182
144 183
144 185
144 191
144 192
144 194
144 198
145 146
145 147
145 148
145 150
145 152
145 157
145 158
145 160
145 163
145 172
145 175
145 176
145 190
145 195
145 196
146 151
146 166
146 167
146 169
146 170
146 172
146 180
146 184
146 187
146 190
146 191
146 195
146 196
147 150
147 159
147 161
147 165
147 167
147 169
147 170
147 171
147 173
147 175
147 177
147 179
147 180
147 187
147 190
147 191
147 194
147 196
148 150
148 152
148 156
148 157
148 158
148 160
148 162
148 169
148 171
148 175
148 178
148 181
148 182
148 187
148 195
148 196
148 198
149 150
149 153
149 154
149 155
149 156
149 158
149 159
149 163
149 164
149 168
149 169
149 171
149 173
149 176
149 177
149 178
149 179
149 183
149 189
149 192
149 197
150 152
150 153
150 154
150 158
150 160
150 161
150 165
150 166
150 167
150 176
150 177
150 181
150 182
150 186
150 190
150 193
150 194
150 196
151 157
151 159
151 163
151 169
151 170
151 172
151 180
151 186
151 188
151 195
151 198
151 199
152 154
152 158
152 162
152 171
152 174
152 176
152 177
152 180
152 183
152 190
152 191
152 192
152 193
152 197
153 155
153 156
153 159
153 160
153 165
153 167
153 173
153 178
153 179
153 190
153 192
153 193
153 194
153 199
154 155
154 158
154 161
154 163
154 168
154 172
154 173
154 174
154 175
154 181
154 183
154 185
154 186
154 189
154 191
154 192
154 196
154 198
155 160
155 162
155 169
155 170
155 175
155 180
155 181
155 182
155 189
155 192
155 197
155 198
156 157
156 173
156 184
156 185
157 164
157 165
157 175
157 178
157 181
157 182
157 184
157 186
157 195
157 196
157 197
158 164
158 166
158 176
158 177
158 179
158 181
158 187
158 195
158 197
158 199
159 162
159 165
159 167
159 170
159 176
159 177
159 182
159 183
159 186
159 189
159 191
159 192
159 194
159 199
160 162
160 163
160 166
160 167
160 170
160 177
160 178
160 185
160 187
160 190
160 191
160 199
161 164
161 166
161 168
161 173
161 174
161 178
161 180
161 184
161 187
161 192
162 164
162 165
162 171
162 172
162 173
162 174
162 177
162 178
162 190
162 192
162 195
163 175
163 176
163 177
163 183
163 188
163 190
163 192
164 166
164 173
164 175
164 178
164 180
164 181
164 187
164 189
164 190
164 191
164 192
164 196
164 197
165 172
165 177
165 179
165 181
165 182
165 184
165 187
165 189
165 198
166 167
166 172
166 178
166 179
166 183
166 188
166 190
166 192
166 196
166 198
167 173
167 177
167 193
168 169
168 171
168 173
168 176
168 180
168 186
168 193
168 194
169 170
169 171
169 172
169 173
169 175
169 177
169 180
169 188
169 193
170 171
170 172
170 180
170 183
170 185
170 190
170 191
170 196
170 198
171 172
171 173
171 174
171 181
171 188
171 189
171 190
172 174
172 176
172 180
172 186
172 188
172 194
172 196
172 199
173 174
173 176
173 181
173 188
173 189
173 194
174 176
174 185
175 186
175 193
175 194
175 195
175 197
175 198
176 177
176 185
176 192
176 194
176 197
177 181
177 184
177 189
177 193
178 180
178 183
178 195
178 197
179 181
179 187
179 193
179 194
179 197
179 198
180 184
180 185
180 186
180 188
180 192
180 194
180 196
181 185
181 187
181 188
181 190
181 194
181 195
182 184
182 186
182 187
182 188
182 193
182 194
182 199
183 188
183 195
183 196
184 189
184 193
184 196
185 187
185 188
185 190
185 194
185 195
186 193
186 195
186 197
186 198
186 199
187 190
187 191
187 195
187 198
187 199
188 189
188 191
188 196
188 197
189 194
189 199
190 195
190 196
191 193
191 194
191 196
191 198
192 197
193 195
193 196
193 198
194 196
196 199
197 198
