80 644
0 3
0 5
0 9
0 11
0 16
0 21
0 29
0 35
0 37
0 41
0 45
0 48
0 49
0 50
0 60
0 75
1 2
1 6
1 11
1 19
1 28
1 29
1 30
1 43
1 55
1 56
1 57
1 60
1 62
1 75
1 76
2 4
2 7
2 12
2 16
2 17
2 25
2 26
2 28
2 34
2 46
2 51
2 59
2 65
2 69
2 78
3 7
3 8
3 9
3 10
3 12
3 17
3 19
3 25
3 33
3 37
3 45
3 48
3 53
3 58
3 65
3 67
3 71
3 72
3 77
4 5
4 9
4 14
4 19
4 20
4 22
4 24
4 34
4 35
4 50
4 55
4 56
4 58
4 68
4 75
5 7
5 12
5 20
5 21
5 22
5 27
5 30
5 38
5 47
5 51
5 60
5 66
5 68
5 75
6 9
6 11
6 13
6 15
6 16
6 17
6 30
6 32
6 34
6 42
6 45
6 47
6 50
6 58
6 61
6 65
6 66
6 69
7 8
7 11
7 16
7 23
7 32
7 35
7 37
7 38
7 46
7 59
7 61
7 67
7 70
8 13
8 15
8 20
8 29
8 32
8 35
8 38
8 39
8 42
8 43
8 45
8 50
8 53
8 64
8 68
8 71
9 45
9 53
9 54
9 63
9 70
9 71
9 72
9 73
10 24
10 29
10 32
10 35
10 41
10 49
10 51
10 54
10 56
10 58
10 60
10 68
10 71
10 77
11 19
11 21
11 23
11 27
11 32
11 33
11 38
11 39
11 45
11 49
11 55
11 62
11 63
11 65
11 75
11 77
12 14
12 27
12 28
12 31
12 40
12 46
12 47
12 49
12 54
12 58
12 60
12 68
12 69
12 73
12 74
12 78
12 79
13 20
13 21
13 26
13 27
13 30
13 32
13 34
13 40
13 42
13 43
13 55
13 56
13 58
13 59
13 61
14 19
14 20
14 26
14 27
14 45
14 51
14 54
14 63
15 25
15 27
15 30
15 31
15 34
15 36
15 40
15 44
15 48
15 53
15 62
15 63
15 70
15 76
15 78
16 19
16 28
16 32
16 34
16 50
16 52
16 62
16 68
17 19
17 26
17 27
17 31
17 33
17 39
17 45
17 49
17 54
17 61
17 62
17 65
17 69
17 70
17 71
17 74
17 78
18 21
18 27
18 32
18 35
18 39
18 42
18 46
18 47
18 55
18 63
18 69
18 71
18 73
18 74
19 20
19 22
19 28
19 32
19 39
19 42
19 45
19 50
19 59
19 63
20 26
20 27
20 30
20 44
20 54
20 62
20 68
20 69
20 78
21 24
21 29
21 34
21 47
21 49
21 55
21 59
21 67
21 68
21 70
21 77
22 31
22 39
22 49
22 52
22 54
22 56
22 61
22 71
22 73
22 74
22 77
23 40
23 41
23 43
23 47
23 48
23 50
23 52
23 58
23 60
23 66
23 69
23 70
23 74
23 78
24 34
24 38
24 41
24 44
24 47
24 52
24 57
24 61
24 64
24 65
24 68
24 71
24 73
24 74
24 76
24 79
25 30
25 32
25 35
25 47
25 52
25 55
25 72
26 29
26 39
26 48
26 50
26 61
26 62
26 67
26 72
26 74
26 76
27 29
27 30
27 35
27 36
27 40
27 45
27 48
27 52
27 55
27 56
27 58
27 68
27 73
28 33
28 36
28 37
28 46
28 52
28 53
28 69
28 72
28 76
28 78
29 32
29 33
29 34
29 38
29 44
29 49
29 51
29 57
29 64
29 69
29 75
30 34
30 35
30 38
30 40
30 41
30 59
30 75
31 33
31 34
31 35
31 36
31 44
31 51
31 61
31 63
31 64
31 73
31 76
32 35
32 39
32 42
32 43
32 50
32 52
32 54
32 57
32 62
32 64
32 65
32 74
32 75
32 77
33 34
33 37
33 44
33 56
33 58
33 60
33 71
34 43
34 51
34 56
34 69
34 70
34 72
34 73
35 40
35 45
35 48
35 49
35 51
35 54
35 58
35 60
35 61
35 65
35 69
35 77
36 46
36 52
36 56
36 62
36 64
36 66
36 67
36 77
37 38
37 42
37 44
37 47
37 49
37 51
37 59
37 60
37 61
37 65
37 78
38 39
38 49
38 53
38 60
38 65
38 72
38 73
38 78
39 43
39 50
39 74
39 76
40 41
40 42
40 71
40 74
40 79
41 42
41 45
41 46
41 47
41 59
41 65
41 70
41 76
42 45
42 46
42 51
42 54
42 55
42 62
42 76
43 50
43 52
43 54
43 65
43 67
43 74
43 78
44 49
44 50
44 53
44 54
44 55
44 59
44 77
45 48
45 52
45 55
45 59
45 64
45 69
45 70
45 75
45 76
45 77
45 79
46 49
46 50
46 52
46 57
46 58
46 59
46 62
46 63
46 65
46 66
46 75
47 50
47 52
47 56
47 60
47 67
47 68
47 73
47 75
47 78
48 50
48 51
48 61
48 71
48 75
49 50
49 54
49 57
49 58
49 61
49 62
49 69
50 51
50 52
50 57
50 62
50 67
50 72
50 78
51 59
51 64
51 65
51 71
51 73
51 79
52 60
52 64
53 56
53 57
53 68
53 74
53 77
54 58
54 59
54 60
54 62
54 66
55 56
55 57
55 65
55 69
55 72
56 58
57 67
57 68
57 69
57 71
57 73
57 75
57 76
58 63
58 66
58 69
58 75
58 76
59 70
59 77
60 66
60 67
60 70
60 72
60 78
61 64
61 71
61 77
62 66
62 67
62 72
62 75
63 66
63 72
64 68
64 70
64 71
64 79
65 71
65 72
65 73
65 77
66 72
66 78
66 79
67 74
67 79
68 69
68 78
69 74
70 79
71 75
72 73
72 78
73 79
75 76
76 78
78 79
