50 257
0 4
0 5
0 8
0 18
0 20
0 21
0 26
0 33
0 36
0 41
0 48
1 2
1 4
1 5
1 11
1 13
1 15
1 26
1 48
1 49
2 5
2 6
2 19
2 25
2 32
2 37
3 8
3 9
3 13
3 14
3 20
3 22
3 25
3 38
3 39
3 40
3 44
3 46
4 6
4 9
4 17
4 18
4 20
4 30
4 38
4 46
5 7
5 8
5 12
5 13
5 14
5 22
5 24
5 25
5 32
5 35
5 40
5 45
5 49
6 7
6 22
6 25
6 26
6 30
6 31
6 32
6 42
6 49
7 8
7 19
7 22
7 24
7 25
7 27
7 33
7 37
8 13
8 14
8 15
8 17
8 21
8 22
8 25
8 31
8 36
8 41
8 44
8 48
9 21
9 25
9 26
9 31
10 14
10 15
10 16
10 21
10 23
10 24
10 26
10 33
10 36
10 40
10 41
10 48
11 12
11 13
11 14
11 15
11 17
11 24
11 29
11 30
11 31
11 33
11 42
11 45
11 48
12 16
12 18
12 21
12 25
12 33
12 38
12 44
12 48
13 14
13 15
13 18
13 21
13 23
13 34
13 35
13 38
13 42
13 47
13 48
13 49
14 26
15 16
15 18
15 40
15 41
16 18
16 31
16 48
17 26
17 31
17 35
17 47
18 22
18 24
18 25
18 35
18 36
18 38
18 39
18 48
19 26
19 27
19 28
19 34
19 37
19 42
19 43
19 46
19 47
20 30
20 44
20 49
21 22
21 25
21 26
21 31
21 34
21 37
21 38
21 39
21 49
22 24
22 26
22 30
22 32
22 36
22 45
22 46
23 34
23 35
23 36
23 46
24 26
24 30
24 33
24 41
24 42
24 47
25 28
25 32
25 34
25 37
25 44
25 48
26 28
26 39
26 44
26 48
27 34
27 35
27 39
27 41
27 46
27 48
27 49
28 29
28 33
28 34
28 38
28 41
29 34
29 37
29 42
29 44
29 47
30 37
30 44
30 47
31 43
31 45
31 46
32 35
32 39
33 42
33 43
33 46
34 45
35 43
35 48
36 47
37 45
37 46
38 42
38 48
39 40
39 43
39 45
39 47
40 41
40 43
41 45
42 43
42 45
42 48
43 46
44 46
44 47
45 47
45 49
47 49
