30 225
0 1
0 3
0 6
0 10
0 11
0 13
0 15
0 16
0 17
0 20
0 22
0 24
0 26
0 27
0 28
1 3
1 4
1 12
1 13
1 15
1 17
1 18
1 21
1 23
1 24
1 26
1 27
1 29
2 3
2 5
2 6
2 9
2 12
2 13
2 16
2 17
2 18
2 19
2 21
2 25
2 27
2 28
3 8
3 9
3 11
3 13
3 16
3 19
3 20
3 21
3 23
3 25
3 27
3 28
3 29
4 6
4 7
4 9
4 10
4 11
4 12
4 13
4 19
4 20
4 23
4 24
4 27
4 28
4 29
5 6
5 8
5 9
5 10
5 11
5 12
5 13
5 16
5 20
5 24
5 25
5 27
5 28
6 7
6 8
6 12
6 13
6 14
6 15
6 17
6 18
6 19
6 21
6 22
6 26
7 10
7 13
7 14
7 18
7 20
7 22
7 23
7 24
7 28
7 29
8 10
8 12
8 13
8 15
8 18
8 22
8 24
8 25
8 27
8 29
9 13
9 15
9 19
9 21
9 23
9 26
9 27
9 28
9 29
10 12
10 15
10 17
10 18
10 19
10 22
10 28
11 12
11 13
11 15
11 21
11 25
11 26
11 27
11 28
11 29
12 15
12 18
12 19
12 21
12 22
12 23
12 24
12 29
13 15
13 16
13 19
13 20
13 23
13 25
13 26
13 27
14 15
14 16
14 17
14 18
14 19
14 20
14 23
14 24
14 25
14 27
14 28
15 16
15 17
15 18
15 20
15 22
15 23
15 27
15 28
15 29
16 17
16 20
16 24
16 25
16 26
16 28
16 29
17 18
17 19
17 21
17 22
17 25
17 27
18 19
18 22
18 23
18 24
18 28
19 23
19 25
19 26
19 27
19 28
19 29
20 21
20 22
20 23
20 25
20 26
20 27
20 29
21 24
21 26
21 27
21 29
22 24
22 25
22 27
22 28
23 24
23 26
23 27
23 28
24 26
24 27
24 28
24 29
25 29
26 28
26 29
