100 1023
0 6
0 7
0 17
0 19
0 22
0 24
0 30
0 31
0 33
0 40
0 42
0 45
0 46
0 47
0 54
0 56
0 63
0 69
0 77
0 80
0 86
0 92
0 99
1 5
1 9
1 10
1 11
1 15
1 18
1 21
1 24
1 25
1 32
1 34
1 37
1 41
1 48
1 56
1 58
1 59
1 66
1 67
1 70
1 75
1 77
1 78
1 87
1 89
1 96
1 97
2 10
2 11
2 14
2 16
2 19
2 21
2 27
2 44
2 51
2 54
2 66
2 67
2 69
2 76
2 86
2 90
3 4
3 12
3 17
3 21
3 23
3 28
3 30
3 33
3 44
3 45
3 46
3 51
3 56
3 60
3 61
3 64
3 65
3 67
3 68
3 70
3 98
4 11
4 31
4 33
4 34
4 36
4 39
4 40
4 55
4 56
4 61
4 63
4 64
4 68
4 73
4 74
4 75
4 85
4 88
4 95
4 99
5 8
5 12
5 15
5 16
5 19
5 34
5 36
5 39
5 47
5 48
5 50
5 51
5 58
5 59
5 61
5 68
5 70
5 72
5 76
5 77
5 79
5 81
5 92
5 94
5 97
5 99
6 11
6 12
6 33
6 34
6 40
6 47
6 49
6 53
6 54
6 59
6 60
6 61
6 63
6 69
6 72
6 76
6 83
6 84
6 97
7 12
7 17
7 18
7 23
7 25
7 28
7 33
7 39
7 41
7 47
7 49
7 59
7 66
7 67
7 72
7 73
7 74
7 76
7 77
7 91
7 94
7 97
8 18
8 19
8 24
8 25
8 34
8 37
8 42
8 46
8 50
8 54
8 56
8 62
8 67
8 83
8 84
8 88
8 98
8 99
9 10
9 17
9 32
9 38
9 40
9 41
9 47
9 51
9 54
9 58
9 64
9 69
9 70
9 71
9 76
9 82
9 84
9 88
9 90
10 20
10 25
10 26
10 27
10 29
10 30
10 36
10 40
10 42
10 45
10 51
10 71
10 79
10 80
10 81
10 82
10 87
10 90
11 12
11 14
11 15
11 16
11 18
11 24
11 26
11 29
11 33
11 35
11 42
11 51
11 52
11 54
11 59
11 68
11 76
11 79
11 80
11 87
11 94
11 97
12 35
12 40
12 46
12 50
12 52
12 54
12 55
12 60
12 66
12 72
12 89
13 16
13 19
13 21
13 27
13 28
13 32
13 34
13 35
13 36
13 45
13 46
13 47
13 51
13 53
13 55
13 59
13 71
13 72
13 73
13 76
13 77
13 81
13 86
13 87
13 94
13 95
13 97
14 19
14 22
14 25
14 38
14 40
14 50
14 54
14 61
14 62
14 65
14 72
14 75
14 76
14 77
14 82
14 88
14 90
14 95
15 17
15 18
15 21
15 24
15 25
15 30
15 34
15 38
15 41
15 43
15 51
15 72
15 74
15 84
15 88
15 89
15 94
15 95
15 96
16 21
16 23
16 30
16 35
16 37
16 38
16 41
16 42
16 45
16 48
16 50
16 51
16 52
16 53
16 59
16 68
16 70
16 71
16 75
16 83
16 94
16 96
17 18
17 19
17 22
17 33
17 37
17 40
17 45
17 48
17 49
17 51
17 52
17 57
17 61
17 63
17 64
17 72
17 73
17 74
17 82
17 93
17 98
18 22
18 36
18 39
18 41
18 45
18 50
18 61
18 65
18 67
18 68
18 73
18 74
18 83
18 89
18 94
19 22
19 24
19 27
19 36
19 44
19 52
19 58
19 65
19 68
19 69
19 74
19 80
19 88
19 97
19 99
20 30
20 32
20 36
20 37
20 39
20 45
20 47
20 53
20 62
20 65
20 68
20 75
20 85
21 24
21 31
21 39
21 55
21 60
21 64
21 65
21 71
21 75
21 81
21 84
21 88
21 90
21 96
22 24
22 26
22 27
22 36
22 37
22 45
22 47
22 48
22 54
22 64
22 70
22 73
22 74
22 84
22 85
22 88
22 89
22 90
22 94
22 95
22 96
23 25
23 40
23 44
23 46
23 48
23 52
23 54
23 55
23 63
23 78
23 88
23 90
23 97
24 42
24 45
24 47
24 48
24 67
24 68
24 70
24 71
24 72
24 73
24 83
24 88
24 93
24 99
25 27
25 36
25 43
25 63
25 66
25 67
25 70
25 72
25 74
25 78
25 80
25 89
25 94
25 95
26 29
26 32
26 35
26 39
26 49
26 56
26 60
26 64
26 71
26 76
26 81
26 84
26 91
26 96
27 28
27 52
27 57
27 59
27 63
27 65
27 70
27 71
27 81
27 84
27 87
27 89
27 91
27 97
27 98
28 32
28 34
28 35
28 43
28 60
28 65
28 67
28 69
28 72
28 77
28 79
28 87
28 89
28 96
28 97
29 34
29 36
29 47
29 63
29 69
29 70
29 73
29 76
29 78
29 79
29 83
29 85
29 86
29 89
29 92
29 96
29 97
29 98
30 33
30 39
30 41
30 44
30 51
30 56
30 63
30 64
30 67
30 71
30 74
30 83
30 84
30 88
30 91
31 39
31 44
31 47
31 57
31 63
31 65
31 68
31 78
31 85
31 87
31 96
32 34
32 45
32 46
32 59
32 61
32 63
32 66
32 68
32 73
32 86
32 98
33 37
33 39
33 44
33 48
33 53
33 56
33 58
33 62
33 68
33 72
33 74
33 75
33 84
33 96
34 42
34 44
34 54
34 62
34 63
34 64
34 66
34 71
34 74
34 76
34 77
34 80
34 81
34 82
34 84
34 86
34 87
34 91
35 43
35 44
35 47
35 49
35 68
35 74
35 75
35 85
35 93
36 37
36 41
36 45
36 50
36 51
36 52
36 53
36 55
36 56
36 60
36 68
36 69
36 80
36 81
36 84
36 87
36 89
36 91
36 99
37 43
37 47
37 55
37 57
37 65
37 68
37 97
38 41
38 42
38 43
38 47
38 58
38 64
38 70
38 72
38 77
38 86
38 88
38 89
39 42
39 50
39 54
39 55
39 63
39 71
39 73
39 75
39 77
39 81
39 85
39 90
39 93
39 95
39 96
39 97
40 55
40 65
40 70
40 81
40 86
41 60
41 63
41 64
41 65
41 68
41 69
41 79
41 81
41 86
41 89
41 90
41 97
42 45
42 51
42 55
42 71
42 75
42 86
42 88
42 99
43 45
43 47
43 63
43 70
43 77
43 82
43 87
43 91
44 54
44 55
44 57
44 61
44 64
44 69
44 75
44 85
44 86
44 94
44 96
45 55
45 57
45 59
45 68
45 72
45 77
45 78
45 79
45 82
45 84
45 99
46 60
46 66
46 69
46 70
46 75
46 84
46 89
46 91
46 93
46 97
47 49
47 50
47 59
47 61
47 64
47 68
47 69
47 72
47 79
47 80
47 82
47 84
47 88
47 89
48 50
48 51
48 60
48 66
48 67
48 68
48 73
48 76
48 78
48 83
48 84
48 86
48 99
49 51
49 57
49 65
49 66
49 74
49 80
49 81
49 83
49 87
50 57
50 58
50 63
50 72
50 76
50 78
50 82
50 89
50 94
51 56
51 64
51 65
51 66
51 81
51 87
52 54
52 57
52 62
52 63
52 67
52 69
52 76
52 90
52 92
52 96
53 57
53 58
53 64
53 89
53 91
53 94
53 95
53 97
53 98
53 99
54 64
54 73
54 77
54 84
54 85
54 88
54 92
54 94
54 98
54 99
55 63
55 64
55 66
55 70
55 80
55 82
55 84
55 85
55 86
55 88
55 97
55 99
56 61
56 62
56 63
56 73
56 83
56 88
56 89
56 94
56 96
56 99
57 58
57 59
57 61
57 62
57 66
57 86
57 89
57 94
57 96
58 60
58 64
58 71
58 72
58 73
58 78
58 82
58 84
58 87
58 90
58 92
58 93
58 96
59 60
59 61
59 64
59 75
59 90
59 93
60 64
60 72
60 74
60 78
60 79
60 95
60 97
61 69
61 80
61 84
61 87
62 64
62 73
62 75
62 83
62 85
62 94
62 95
62 98
63 72
63 74
63 93
63 97
64 78
64 82
64 87
64 88
64 96
65 66
65 67
65 71
65 88
65 89
65 97
65 98
65 99
66 73
66 83
66 87
66 94
66 95
67 71
67 77
67 78
67 83
68 70
68 73
68 77
68 80
68 87
68 89
68 90
68 93
69 79
69 82
69 83
69 93
69 97
69 98
70 77
70 80
70 82
70 94
70 97
71 81
71 84
71 85
71 93
71 94
71 95
71 96
71 97
72 79
72 87
72 90
72 97
73 74
73 75
73 77
73 82
73 84
73 85
73 90
74 80
74 83
74 84
74 86
74 87
74 91
74 93
75 76
75 78
75 81
75 83
75 84
75 86
75 87
75 97
76 88
76 95
76 98
76 99
77 82
77 83
77 90
77 96
77 98
78 83
78 87
78 92
78 94
79 89
79 94
80 81
80 83
80 86
80 97
80 99
81 87
81 90
81 94
81 96
82 90
82 92
83 84
83 93
84 89
84 90
84 93
85 89
85 94
86 92
86 94
86 97
86 98
87 90
87 93
88 89
88 90
88 92
88 97
88 98
91 92
93 98
95 97
