200 3990
0 4
0 5
0 6
0 7
0 21
0 23
0 39
0 40
0 48
0 60
0 63
0 66
0 67
0 68
0 72
0 73
0 75
0 76
0 83
0 87
0 100
0 103
0 106
0 110
0 119
0 120
0 126
0 128
0 129
0 134
0 135
0 141
0 150
0 153
0 161
0 162
0 165
0 166
0 168
0 171
0 172
0 175
0 179
0 181
0 184
0 185
0 192
0 198
1 3
1 5
1 7
1 20
1 23
1 26
1 30
1 35
1 42
1 46
1 51
1 55
1 56
1 58
1 59
1 65
1 66
1 67
1 70
1 82
1 89
1 90
1 94
1 95
1 97
1 99
1 101
1 124
1 126
1 127
1 130
1 133
1 138
1 139
1 140
1 151
1 156
1 157
1 163
1 165
1 169
1 170
1 180
1 181
1 182
1 190
1 192
1 197
1 198
2 3
2 7
2 9
2 11
2 15
2 16
2 20
2 32
2 35
2 37
2 39
2 43
2 47
2 52
2 59
2 60
2 66
2 68
2 69
2 92
2 93
2 95
2 120
2 121
2 123
2 129
2 130
2 132
2 134
2 137
2 147
2 148
2 158
2 167
2 175
2 182
2 186
2 191
2 192
2 195
2 198
3 18
3 35
3 36
3 38
3 39
3 46
3 48
3 51
3 58
3 64
3 66
3 67
3 70
3 72
3 75
3 80
3 83
3 84
3 92
3 94
3 101
3 107
3 114
3 115
3 119
3 123
3 130
3 132
3 136
3 150
3 156
3 157
3 159
3 168
3 171
3 176
3 179
3 182
3 189
3 194
3 195
4 5
4 8
4 13
4 16
4 20
4 23
4 35
4 38
4 46
4 52
4 70
4 72
4 99
4 100
4 115
4 116
4 125
4 128
4 131
4 136
4 138
4 141
4 147
4 152
4 154
4 155
4 171
4 174
4 180
4 182
4 189
4 194
4 196
5 17
5 20
5 21
5 23
5 30
5 31
5 49
5 53
5 57
5 63
5 64
5 65
5 71
5 77
5 78
5 88
5 90
5 93
5 98
5 99
5 104
5 105
5 110
5 112
5 113
5 114
5 116
5 118
5 123
5 125
5 126
5 127
5 139
5 140
5 143
5 144
5 155
5 156
5 159
5 173
5 177
5 186
5 189
5 191
5 196
5 198
5 199
6 7
6 16
6 18
6 24
6 31
6 32
6 34
6 43
6 45
6 46
6 48
6 53
6 55
6 57
6 63
6 66
6 72
6 77
6 79
6 81
6 87
6 90
6 105
6 111
6 113
6 122
6 129
6 134
6 139
6 154
6 158
6 163
6 165
6 172
6 173
6 188
6 191
6 195
7 11
7 13
7 14
7 23
7 30
7 32
7 35
7 43
7 45
7 51
7 55
7 61
7 67
7 73
7 85
7 90
7 106
7 109
7 110
7 117
7 120
7 124
7 127
7 131
7 136
7 139
7 141
7 142
7 146
7 149
7 176
7 184
8 13
8 16
8 18
8 28
8 38
8 48
8 53
8 55
8 74
8 77
8 79
8 83
8 87
8 88
8 89
8 93
8 105
8 110
8 118
8 123
8 126
8 127
8 133
8 137
8 138
8 139
8 147
8 153
8 161
8 165
8 166
8 171
8 175
8 185
8 195
8 196
8 199
9 11
9 14
9 21
9 22
9 26
9 32
9 33
9 42
9 47
9 48
9 55
9 58
9 61
9 65
9 67
9 69
9 74
9 86
9 90
9 95
9 101
9 108
9 119
9 122
9 134
9 160
9 163
9 164
9 181
9 186
9 189
10 16
10 23
10 25
10 31
10 52
10 56
10 63
10 75
10 76
10 82
10 87
10 89
10 98
10 106
10 108
10 110
10 112
10 114
10 119
10 127
10 139
10 145
10 150
10 152
10 157
10 190
10 192
10 194
11 17
11 22
11 29
11 30
11 34
11 35
11 36
11 39
11 51
11 60
11 66
11 72
11 79
11 80
11 83
11 84
11 90
11 96
11 100
11 103
11 110
11 112
11 116
11 118
11 122
11 127
11 143
11 144
11 145
11 147
11 152
11 153
11 158
11 167
11 171
11 176
11 184
11 187
11 191
12 19
12 26
12 27
12 28
12 32
12 33
12 38
12 40
12 41
12 46
12 55
12 59
12 78
12 85
12 86
12 88
12 95
12 100
12 117
12 123
12 125
12 127
12 128
12 133
12 138
12 145
12 153
12 157
12 160
12 162
12 164
12 188
13 17
13 33
13 34
13 37
13 61
13 76
13 85
13 95
13 106
13 115
13 131
13 140
13 160
13 162
13 165
13 168
13 170
13 181
13 182
13 186
13 188
13 195
14 15
14 16
14 17
14 28
14 30
14 35
14 37
14 39
14 41
14 66
14 70
14 79
14 81
14 90
14 93
14 94
14 98
14 101
14 103
14 122
14 137
14 143
14 148
14 164
14 165
14 169
14 170
14 173
14 175
14 188
14 190
14 195
14 198
15 23
15 24
15 27
15 29
15 35
15 63
15 68
15 70
15 71
15 72
15 82
15 89
15 98
15 104
15 111
15 114
15 116
15 122
15 125
15 133
15 134
15 136
15 137
15 140
15 141
15 144
15 145
15 149
15 159
15 174
15 176
15 178
15 181
15 183
15 185
15 186
15 187
15 189
15 192
15 195
15 196
16 20
16 31
16 35
16 42
16 67
16 74
16 96
16 98
16 99
16 112
16 122
16 128
16 131
16 133
16 138
16 142
16 143
16 147
16 168
16 173
16 175
16 177
16 186
16 187
16 197
17 24
17 27
17 32
17 38
17 48
17 65
17 66
17 67
17 72
17 75
17 83
17 118
17 120
17 124
17 127
17 132
17 134
17 138
17 139
17 140
17 143
17 145
17 150
17 162
17 171
17 178
17 180
17 186
17 189
17 194
17 196
18 24
18 31
18 38
18 43
18 57
18 63
18 70
18 76
18 81
18 85
18 86
18 88
18 94
18 100
18 110
18 119
18 122
18 125
18 129
18 130
18 131
18 134
18 140
18 142
18 145
18 150
18 152
18 153
18 156
18 158
18 179
18 180
18 189
18 192
18 197
18 198
19 27
19 29
19 37
19 42
19 46
19 50
19 56
19 58
19 61
19 64
19 65
19 67
19 68
19 70
19 71
19 78
19 84
19 89
19 90
19 97
19 101
19 105
19 113
19 121
19 125
19 146
19 154
19 165
19 166
19 167
19 173
19 178
19 189
19 192
19 197
19 198
20 21
20 24
20 25
20 26
20 29
20 38
20 39
20 40
20 49
20 51
20 58
20 59
20 79
20 81
20 82
20 83
20 86
20 89
20 91
20 96
20 100
20 103
20 106
20 113
20 118
20 121
20 134
20 139
20 146
20 149
20 152
20 155
20 158
20 162
20 165
20 166
20 168
20 171
20 176
20 188
20 189
20 191
20 193
20 195
20 196
21 23
21 27
21 28
21 29
21 33
21 34
21 36
21 47
21 49
21 53
21 54
21 58
21 65
21 68
21 69
21 74
21 78
21 79
21 85
21 92
21 93
21 109
21 111
21 112
21 114
21 117
21 118
21 121
21 130
21 131
21 133
21 143
21 144
21 154
21 157
21 158
21 162
21 168
21 173
21 175
21 186
22 23
22 31
22 38
22 41
22 44
22 58
22 64
22 71
22 76
22 80
22 87
22 90
22 95
22 99
22 105
22 107
22 118
22 125
22 126
22 132
22 135
22 136
22 137
22 138
22 144
22 145
22 149
22 151
22 153
22 162
22 173
22 175
22 178
22 188
22 198
22 199
23 28
23 35
23 41
23 44
23 46
23 51
23 58
23 63
23 73
23 80
23 84
23 93
23 100
23 101
23 105
23 107
23 108
23 113
23 118
23 120
23 122
23 136
23 138
23 139
23 140
23 144
23 149
23 151
23 152
23 154
23 158
23 160
23 163
23 169
23 174
23 176
23 189
23 197
24 28
24 39
24 43
24 46
24 47
24 52
24 55
24 61
24 62
24 63
24 65
24 80
24 82
24 86
24 87
24 92
24 113
24 119
24 121
24 123
24 126
24 129
24 135
24 150
24 153
24 156
24 164
24 169
24 172
24 173
24 183
24 184
24 195
25 26
25 37
25 46
25 48
25 49
25 54
25 67
25 70
25 72
25 76
25 77
25 79
25 94
25 96
25 98
25 103
25 109
25 112
25 120
25 122
25 131
25 135
25 137
25 143
25 150
25 152
25 155
25 165
25 166
25 169
25 170
25 187
25 197
25 199
26 37
26 38
26 45
26 46
26 53
26 70
26 71
26 82
26 83
26 85
26 90
26 93
26 94
26 95
26 99
26 105
26 110
26 118
26 119
26 122
26 124
26 141
26 148
26 165
26 166
26 167
26 170
26 171
26 176
26 184
27 28
27 30
27 32
27 37
27 48
27 59
27 60
27 81
27 89
27 90
27 94
27 105
27 106
27 110
27 116
27 119
27 120
27 125
27 130
27 136
27 138
27 140
27 144
27 154
27 156
27 165
27 173
27 178
27 182
27 183
27 185
27 198
28 31
28 44
28 45
28 54
28 61
28 71
28 74
28 75
28 77
28 89
28 90
28 100
28 101
28 110
28 111
28 115
28 118
28 124
28 127
28 131
28 142
28 147
28 148
28 152
28 155
28 161
28 164
28 167
28 172
28 173
28 174
28 178
28 181
28 190
28 196
28 198
29 34
29 36
29 41
29 42
29 43
29 57
29 58
29 60
29 66
29 75
29 79
29 86
29 106
29 107
29 117
29 122
29 126
29 127
29 140
29 141
29 142
29 146
29 150
29 156
29 157
29 159
29 162
29 164
29 172
29 177
29 184
29 186
29 189
29 194
30 36
30 40
30 43
30 46
30 49
30 51
30 61
30 62
30 65
30 70
30 75
30 76
30 87
30 92
30 103
30 111
30 112
30 121
30 132
30 135
30 139
30 144
30 146
30 155
30 158
30 168
30 171
30 172
30 175
30 183
30 193
31 33
31 38
31 46
31 47
31 51
31 52
31 61
31 69
31 71
31 75
31 76
31 77
31 81
31 84
31 89
31 92
31 97
31 103
31 108
31 111
31 117
31 120
31 121
31 127
31 133
31 134
31 151
31 160
31 168
31 171
31 177
31 187
31 192
31 199
32 48
32 49
32 63
32 64
32 68
32 71
32 76
32 92
32 96
32 98
32 108
32 124
32 146
32 151
32 166
32 169
32 173
32 175
32 182
32 184
32 186
32 190
32 196
33 34
33 45
33 51
33 54
33 55
33 61
33 62
33 64
33 70
33 80
33 82
33 86
33 94
33 101
33 103
33 111
33 112
33 119
33 124
33 129
33 135
33 141
33 144
33 148
33 151
33 154
33 158
33 162
33 171
33 176
33 179
33 194
33 199
34 39
34 63
34 65
34 70
34 74
34 77
34 82
34 93
34 99
34 103
34 115
34 116
34 118
34 127
34 131
34 134
34 147
34 148
34 149
34 151
34 156
34 160
34 161
34 162
34 174
34 183
34 191
35 38
35 43
35 46
35 47
35 50
35 52
35 69
35 73
35 105
35 106
35 121
35 126
35 131
35 133
35 134
35 137
35 139
35 147
35 151
35 155
35 160
35 161
35 171
35 176
35 178
35 185
35 188
35 194
35 199
36 38
36 39
36 40
36 52
36 56
36 58
36 59
36 60
36 66
36 68
36 71
36 77
36 82
36 84
36 88
36 90
36 96
36 98
36 107
36 114
36 124
36 125
36 126
36 130
36 132
36 136
36 151
36 166
36 174
36 178
36 179
36 182
36 198
37 38
37 40
37 48
37 61
37 64
37 83
37 98
37 100
37 102
37 107
37 108
37 110
37 115
37 124
37 127
37 139
37 148
37 149
37 152
37 154
37 162
37 165
37 173
37 174
37 176
37 181
37 183
37 185
37 186
38 41
38 46
38 48
38 50
38 55
38 69
38 74
38 79
38 83
38 87
38 92
38 98
38 105
38 120
38 122
38 125
38 135
38 141
38 143
38 148
38 152
38 159
38 161
38 172
38 176
38 177
38 183
38 184
38 191
38 197
39 42
39 44
39 62
39 64
39 68
39 79
39 89
39 96
39 99
39 107
39 109
39 114
39 124
39 132
39 141
39 143
39 155
39 156
39 159
39 162
39 186
39 191
40 41
40 43
40 55
40 61
40 65
40 67
40 72
40 78
40 83
40 87
40 88
40 97
40 102
40 114
40 116
40 128
40 129
40 131
40 136
40 145
40 150
40 159
40 161
40 175
40 176
40 185
40 186
40 195
40 197
40 199
41 45
41 48
41 49
41 53
41 55
41 56
41 59
41 70
41 76
41 85
41 86
41 100
41 101
41 110
41 114
41 118
41 121
41 149
41 162
41 164
41 171
41 173
41 177
41 184
41 192
41 193
41 195
41 196
41 197
41 199
42 46
42 50
42 55
42 65
42 74
42 76
42 80
42 84
42 93
42 95
42 119
42 124
42 133
42 135
42 136
42 137
42 139
42 140
42 145
42 146
42 153
42 162
42 163
42 165
42 183
42 187
42 188
42 198
43 44
43 47
43 48
43 51
43 52
43 55
43 59
43 62
43 64
43 71
43 81
43 82
43 92
43 93
43 96
43 110
43 111
43 119
43 129
43 130
43 134
43 137
43 140
43 142
43 145
43 149
43 151
43 160
43 162
43 166
43 167
43 168
43 170
43 177
43 181
43 182
43 183
43 184
43 186
43 189
43 192
44 45
44 49
44 65
44 73
44 75
44 78
44 82
44 83
44 85
44 86
44 90
44 98
44 117
44 118
44 134
44 138
44 145
44 146
44 149
44 157
44 158
44 159
44 161
44 163
44 167
44 168
44 171
44 172
44 179
44 186
44 191
44 195
44 196
45 46
45 47
45 50
45 57
45 61
45 71
45 77
45 80
45 89
45 101
45 106
45 111
45 114
45 115
45 119
45 126
45 130
45 133
45 134
45 167
45 170
45 172
45 177
45 178
45 180
45 182
45 184
45 199
46 51
46 52
46 64
46 79
46 83
46 86
46 92
46 94
46 95
46 98
46 106
46 123
46 129
46 133
46 134
46 138
46 139
46 142
46 143
46 145
46 150
46 153
46 175
46 177
46 178
46 181
46 191
46 196
46 197
47 54
47 60
47 64
47 65
47 70
47 71
47 73
47 74
47 77
47 78
47 79
47 85
47 88
47 97
47 104
47 113
47 114
47 121
47 141
47 157
47 158
47 160
47 162
47 165
47 167
47 174
47 176
47 178
47 186
47 187
48 51
48 60
48 61
48 75
48 81
48 82
48 88
48 90
48 94
48 95
48 101
48 108
48 118
48 132
48 138
48 139
48 142
48 145
48 146
48 149
48 152
48 166
48 169
48 174
48 188
49 54
49 59
49 61
49 65
49 75
49 79
49 89
49 91
49 95
49 97
49 98
49 101
49 116
49 125
49 126
49 142
49 143
49 145
49 147
49 148
49 149
49 164
49 167
49 174
49 177
49 179
49 187
49 194
49 199
50 51
50 58
50 64
50 66
50 70
50 71
50 75
50 83
50 89
50 90
50 94
50 104
50 110
50 118
50 122
50 124
50 130
50 138
50 150
50 153
50 158
50 181
50 187
50 190
51 60
51 63
51 68
51 77
51 84
51 96
51 103
51 108
51 110
51 126
51 127
51 128
51 140
51 146
51 157
51 158
51 165
51 167
51 172
51 175
51 177
51 183
51 184
51 198
52 59
52 66
52 71
52 74
52 84
52 88
52 91
52 93
52 98
52 101
52 104
52 107
52 109
52 115
52 120
52 122
52 124
52 133
52 135
52 136
52 147
52 152
52 158
52 159
52 167
52 170
52 181
52 183
52 185
52 190
52 193
52 194
53 57
53 58
53 64
53 68
53 71
53 77
53 82
53 91
53 92
53 95
53 96
53 106
53 107
53 110
53 116
53 118
53 120
53 123
53 128
53 130
53 136
53 137
53 140
53 142
53 152
53 156
53 160
53 161
53 163
53 171
53 172
53 174
53 178
53 188
53 193
54 55
54 56
54 60
54 70
54 72
54 76
54 78
54 80
54 85
54 86
54 94
54 96
54 104
54 110
54 114
54 120
54 124
54 126
54 135
54 141
54 147
54 150
54 156
54 157
54 171
54 176
54 178
54 184
54 191
54 194
54 196
54 197
54 198
55 56
55 66
55 75
55 76
55 82
55 84
55 87
55 90
55 92
55 95
55 96
55 99
55 103
55 104
55 106
55 109
55 116
55 136
55 152
55 157
55 164
55 170
55 171
55 174
55 182
55 190
55 193
55 195
55 197
55 199
56 60
56 63
56 67
56 74
56 80
56 85
56 94
56 102
56 104
56 106
56 110
56 115
56 116
56 117
56 118
56 120
56 123
56 128
56 130
56 136
56 140
56 142
56 143
56 145
56 153
56 161
56 164
56 165
56 167
56 171
56 181
56 183
56 185
56 193
56 194
56 199
57 64
57 65
57 66
57 71
57 72
57 73
57 77
57 81
57 82
57 99
57 103
57 105
57 107
57 112
57 113
57 114
57 116
57 136
57 146
57 149
57 154
57 164
57 170
57 174
57 181
57 189
57 191
57 192
58 59
58 64
58 66
58 67
58 68
58 74
58 87
58 90
58 91
58 100
58 104
58 105
58 107
58 110
58 115
58 119
58 124
58 126
58 134
58 138
58 140
58 143
58 148
58 150
58 151
58 153
58 158
58 167
58 168
58 170
58 171
58 175
58 178
58 180
58 182
58 185
58 190
58 198
59 76
59 82
59 83
59 84
59 85
59 91
59 97
59 102
59 108
59 117
59 121
59 126
59 127
59 128
59 130
59 132
59 134
59 136
59 138
59 143
59 144
59 151
59 155
59 158
59 161
59 164
59 167
59 176
59 187
59 189
59 190
59 191
59 195
59 198
60 64
60 66
60 69
60 71
60 73
60 86
60 87
60 90
60 91
60 92
60 94
60 96
60 97
60 99
60 101
60 110
60 118
60 120
60 121
60 127
60 141
60 155
60 156
60 161
60 165
60 166
60 179
60 185
60 190
61 64
61 68
61 70
61 71
61 75
61 79
61 96
61 98
61 100
61 103
61 106
61 109
61 111
61 113
61 120
61 122
61 128
61 130
61 137
61 146
61 154
61 156
61 161
61 163
61 181
61 185
61 192
61 196
62 63
62 70
62 76
62 79
62 82
62 85
62 86
62 87
62 89
62 95
62 96
62 98
62 101
62 103
62 104
62 105
62 108
62 113
62 115
62 123
62 124
62 128
62 133
62 135
62 140
62 147
62 150
62 153
62 159
62 161
62 164
62 165
62 168
62 171
62 175
62 179
62 180
62 196
62 199
63 66
63 70
63 71
63 73
63 82
63 86
63 87
63 106
63 109
63 114
63 116
63 121
63 125
63 126
63 127
63 134
63 137
63 145
63 148
63 160
63 163
63 165
63 170
63 175
63 181
64 67
64 72
64 87
64 88
64 97
64 99
64 102
64 105
64 119
64 121
64 124
64 129
64 134
64 149
64 151
64 152
64 163
64 168
64 171
64 179
64 184
64 186
64 187
64 188
65 66
65 71
65 75
65 79
65 83
65 98
65 100
65 102
65 106
65 110
65 114
65 119
65 126
65 131
65 132
65 133
65 140
65 141
65 148
65 167
65 170
65 182
65 185
65 199
66 69
66 77
66 78
66 85
66 96
66 99
66 102
66 112
66 113
66 115
66 117
66 126
66 140
66 148
66 151
66 153
66 154
66 156
66 157
66 160
66 161
66 167
66 187
66 189
66 195
66 199
67 70
67 71
67 84
67 86
67 96
67 98
67 101
67 104
67 105
67 106
67 110
67 115
67 120
67 122
67 131
67 144
67 145
67 149
67 158
67 159
67 164
67 173
67 180
67 181
67 184
67 187
67 192
67 194
67 197
68 72
68 79
68 102
68 109
68 111
68 118
68 121
68 123
68 124
68 126
68 127
68 133
68 137
68 141
68 145
68 147
68 148
68 150
68 164
68 166
68 169
68 171
68 175
68 177
68 178
68 183
68 184
68 194
68 199
69 85
69 86
69 88
69 94
69 101
69 124
69 130
69 131
69 136
69 148
69 152
69 156
69 158
69 160
69 167
69 169
69 170
69 171
69 177
69 181
69 182
69 188
69 189
69 199
70 74
70 80
70 81
70 87
70 91
70 101
70 107
70 114
70 116
70 129
70 130
70 132
70 135
70 136
70 146
70 152
70 158
70 159
70 169
70 175
70 180
71 72
71 75
71 78
71 79
71 81
71 88
71 89
71 94
71 103
71 104
71 106
71 107
71 110
71 119
71 120
71 121
71 129
71 131
71 132
71 155
71 156
71 164
71 171
71 172
71 177
71 182
71 187
72 76
72 80
72 86
72 90
72 97
72 100
72 105
72 107
72 110
72 115
72 136
72 150
72 161
72 162
72 176
72 181
72 182
72 188
72 189
72 191
72 195
72 197
73 74
73 76
73 85
73 90
73 91
73 100
73 103
73 105
73 106
73 117
73 120
73 127
73 139
73 143
73 145
73 150
73 154
73 157
73 158
73 160
73 162
73 166
73 167
73 172
73 173
73 179
73 180
73 185
73 187
73 195
73 198
74 79
74 82
74 94
74 105
74 108
74 109
74 110
74 117
74 124
74 138
74 154
74 168
74 170
74 172
74 175
74 183
74 185
74 186
74 196
75 77
75 78
75 79
75 81
75 88
75 110
75 113
75 116
75 122
75 123
75 127
75 132
75 133
75 135
75 136
75 139
75 149
75 151
75 161
75 169
75 174
75 175
75 176
75 185
75 187
75 190
75 193
75 194
75 197
75 198
76 90
76 95
76 97
76 101
76 108
76 109
76 111
76 116
76 118
76 123
76 134
76 135
76 136
76 149
76 151
76 156
76 161
76 162
76 164
76 173
76 175
76 179
76 181
76 191
76 193
76 199
77 78
77 82
77 85
77 86
77 87
77 92
77 93
77 103
77 105
77 107
77 109
77 113
77 118
77 120
77 123
77 124
77 126
77 127
77 128
77 130
77 139
77 141
77 146
77 150
77 151
77 154
77 159
77 160
77 169
77 176
77 184
77 186
77 189
77 195
78 82
78 104
78 110
78 118
78 128
78 134
78 136
78 151
78 159
78 163
78 170
78 175
78 178
78 182
78 184
78 195
78 196
78 197
79 81
79 88
79 92
79 93
79 97
79 101
79 102
79 108
79 117
79 121
79 123
79 127
79 133
79 134
79 136
79 151
79 153
79 157
79 171
79 192
79 197
80 83
80 86
80 90
80 93
80 99
80 101
80 102
80 110
80 114
80 115
80 116
80 118
80 125
80 128
80 131
80 140
80 147
80 155
80 159
80 162
80 168
80 172
80 178
80 180
80 186
80 187
80 188
81 86
81 88
81 90
81 92
81 94
81 95
81 106
81 111
81 113
81 123
81 145
81 149
81 153
81 156
81 157
81 171
81 174
81 175
81 179
81 181
81 183
81 191
81 195
81 196
82 88
82 91
82 98
82 107
82 117
82 120
82 124
82 127
82 133
82 136
82 142
82 150
82 160
82 164
82 166
82 173
82 175
82 187
82 196
83 87
83 92
83 93
83 99
83 106
83 109
83 114
83 123
83 125
83 130
83 131
83 132
83 137
83 143
83 153
83 155
83 157
83 169
83 175
83 179
83 182
83 186
83 194
83 195
84 89
84 92
84 97
84 98
84 104
84 105
84 107
84 108
84 109
84 114
84 127
84 131
84 132
84 135
84 142
84 143
84 148
84 151
84 156
84 158
84 161
84 169
84 176
84 178
84 183
84 184
84 187
84 188
84 189
84 197
84 199
85 86
85 89
85 102
85 104
85 106
85 107
85 110
85 121
85 124
85 125
85 129
85 131
85 136
85 140
85 143
85 146
85 147
85 148
85 150
85 168
85 174
85 179
85 191
85 197
86 88
86 92
86 104
86 105
86 106
86 110
86 115
86 119
86 123
86 127
86 132
86 143
86 146
86 150
86 182
86 194
86 196
87 90
87 99
87 105
87 107
87 115
87 116
87 118
87 125
87 139
87 142
87 149
87 156
87 166
87 169
87 170
87 174
87 175
87 177
87 185
87 190
87 192
87 194
87 195
87 197
87 199
88 99
88 106
88 109
88 112
88 114
88 129
88 130
88 134
88 136
88 137
88 144
88 152
88 155
88 158
88 162
88 163
88 165
88 166
88 173
88 184
88 188
88 189
88 191
88 192
88 199
89 90
89 98
89 104
89 113
89 120
89 126
89 134
89 152
89 159
89 163
89 170
89 176
89 179
89 182
89 183
89 186
89 192
89 193
89 197
90 103
90 105
90 108
90 114
90 116
90 117
90 126
90 131
90 132
90 139
90 148
90 155
90 156
90 157
90 158
90 164
90 169
90 170
90 174
90 177
90 188
90 198
90 199
91 95
91 98
91 100
91 102
91 109
91 112
91 116
91 127
91 132
91 134
91 139
91 144
91 145
91 147
91 151
91 154
91 157
91 162
91 169
91 173
91 174
91 178
92 96
92 97
92 108
92 110
92 114
92 116
92 118
92 126
92 128
92 130
92 155
92 156
92 158
92 160
92 161
92 166
92 175
92 180
92 182
92 184
92 185
92 188
92 190
92 194
93 101
93 102
93 106
93 112
93 116
93 121
93 123
93 128
93 133
93 136
93 137
93 139
93 140
93 143
93 157
93 163
93 165
93 181
93 187
93 193
94 95
94 98
94 102
94 108
94 109
94 114
94 116
94 122
94 123
94 127
94 128
94 129
94 131
94 134
94 147
94 152
94 153
94 161
94 166
94 179
94 180
94 185
94 186
94 191
95 96
95 99
95 104
95 105
95 113
95 128
95 135
95 163
95 169
95 179
95 192
95 193
95 195
96 97
96 101
96 104
96 106
96 107
96 111
96 115
96 120
96 131
96 132
96 138
96 141
96 143
96 145
96 151
96 156
96 163
96 165
96 180
96 191
96 198
97 99
97 111
97 114
97 115
97 121
97 131
97 137
97 146
97 152
97 157
97 169
97 173
97 181
97 182
97 185
97 190
97 192
97 195
98 103
98 105
98 106
98 117
98 129
98 132
98 133
98 134
98 140
98 155
98 167
98 168
98 170
98 171
98 185
98 188
98 193
98 197
99 103
99 108
99 125
99 128
99 140
99 144
99 149
99 150
99 154
99 163
99 165
99 168
99 178
99 187
99 188
99 194
99 197
99 199
100 103
100 106
100 110
100 114
100 120
100 123
100 125
100 127
100 136
100 137
100 146
100 151
100 152
100 156
100 158
100 163
100 172
100 174
100 175
100 176
100 181
100 192
100 194
100 195
100 197
100 199
101 106
101 120
101 123
101 124
101 129
101 132
101 136
101 138
101 143
101 150
101 155
101 156
101 170
101 171
101 174
101 176
101 178
101 182
101 186
101 187
101 188
101 189
101 193
101 194
101 197
102 103
102 105
102 111
102 114
102 115
102 117
102 123
102 145
102 157
102 175
102 179
102 190
103 104
103 105
103 106
103 113
103 120
103 121
103 134
103 144
103 145
103 147
103 161
103 164
103 165
103 168
103 175
103 181
103 182
103 183
103 195
103 198
104 109
104 112
104 121
104 123
104 125
104 127
104 142
104 146
104 154
104 157
104 160
104 168
104 169
104 170
104 171
104 188
104 189
104 191
105 106
105 108
105 127
105 139
105 140
105 146
105 156
105 157
105 160
105 188
105 190
105 194
106 112
106 114
106 115
106 117
106 120
106 123
106 127
106 137
106 139
106 140
106 142
106 147
106 155
106 158
106 159
106 163
106 166
106 170
106 172
106 174
106 185
106 188
106 190
106 194
107 112
107 131
107 159
107 160
107 161
107 162
107 171
107 175
107 177
107 180
107 182
107 194
108 109
108 113
108 127
108 130
108 137
108 152
108 157
108 158
108 163
108 187
108 193
108 194
108 197
108 198
108 199
109 115
109 125
109 126
109 131
109 139
109 144
109 147
109 148
109 156
109 159
109 162
109 164
109 165
109 169
109 170
109 176
109 189
109 192
109 193
109 195
110 113
110 114
110 120
110 123
110 127
110 133
110 152
110 154
110 158
110 162
110 163
110 167
110 169
110 174
110 176
110 192
111 119
111 121
111 126
111 130
111 139
111 143
111 145
111 146
111 148
111 154
111 155
111 156
111 158
111 159
111 160
111 164
111 167
111 170
111 177
111 190
112 114
112 122
112 127
112 132
112 136
112 138
112 144
112 147
112 154
112 157
112 162
112 164
112 168
112 173
112 175
112 190
112 193
112 194
112 195
112 197
112 199
113 116
113 118
113 121
113 122
113 123
113 127
113 128
113 131
113 148
113 156
113 157
113 159
113 174
113 175
113 182
113 184
113 192
113 195
114 127
114 132
114 136
114 151
114 160
114 165
114 175
114 195
115 116
115 118
115 126
115 129
115 136
115 138
115 140
115 150
115 164
115 182
115 183
115 184
115 185
115 188
115 189
115 190
115 191
115 192
115 198
116 117
116 131
116 134
116 137
116 141
116 143
116 146
116 148
116 152
116 154
116 158
116 163
116 165
116 167
116 169
116 170
116 172
116 177
116 178
116 179
116 189
116 196
117 121
117 124
117 125
117 126
117 141
117 148
117 149
117 150
117 155
117 161
117 164
117 167
117 171
117 173
117 174
117 175
117 176
117 183
117 185
117 187
117 188
117 192
117 193
117 195
118 120
118 126
118 127
118 128
118 130
118 133
118 135
118 141
118 143
118 145
118 146
118 148
118 166
118 168
118 174
118 189
118 196
119 128
119 129
119 130
119 132
119 140
119 141
119 143
119 146
119 150
119 153
119 158
119 168
119 172
119 175
119 178
119 182
119 189
119 195
119 199
120 127
120 128
120 134
120 139
120 141
120 143
120 157
120 177
120 181
120 182
120 192
120 197
120 199
121 122
121 123
121 127
121 128
121 130
121 134
121 135
121 142
121 143
121 147
121 149
121 150
121 151
121 152
121 160
121 164
121 170
121 174
121 177
121 178
121 182
121 183
121 192
121 194
121 199
122 128
122 130
122 135
122 143
122 146
122 152
122 154
122 172
122 174
122 183
122 188
122 193
122 195
123 126
123 127
123 132
123 133
123 136
123 139
123 141
123 142
123 143
123 150
123 154
123 158
123 160
123 164
123 165
123 168
123 173
123 175
123 177
123 178
123 179
123 180
123 188
124 144
124 150
124 154
124 160
124 163
124 164
124 165
124 166
124 177
124 180
124 181
124 183
124 188
124 193
125 127
125 128
125 132
125 135
125 141
125 147
125 148
125 149
125 152
125 155
125 156
125 158
125 163
125 173
125 174
125 177
125 180
125 182
125 185
125 190
126 132
126 134
126 135
126 138
126 143
126 144
126 156
126 157
126 165
126 170
126 173
126 174
126 177
126 189
126 193
126 198
127 130
127 141
127 142
127 147
127 156
127 160
127 185
127 186
127 192
127 193
127 194
127 197
128 134
128 141
128 142
128 144
128 156
128 160
128 163
128 170
128 175
128 177
128 184
128 187
128 191
128 196
129 130
129 135
129 136
129 140
129 142
129 145
129 162
129 165
129 171
129 175
129 184
129 196
130 132
130 139
130 143
130 149
130 153
130 161
130 170
130 174
130 180
130 182
130 183
130 185
130 188
130 191
130 194
131 137
131 150
131 152
131 154
131 155
131 156
131 161
131 162
131 165
131 167
131 172
131 177
131 178
131 179
131 180
131 190
131 193
131 194
132 133
132 137
132 138
132 139
132 146
132 154
132 156
132 158
132 160
132 163
132 165
132 173
132 176
132 179
132 189
132 192
133 134
133 137
133 148
133 149
133 153
133 162
133 169
133 171
133 174
133 176
133 179
133 181
133 182
133 183
133 197
134 149
134 154
134 160
134 161
134 167
134 168
134 170
134 179
134 180
134 188
134 189
134 190
134 199
135 138
135 139
135 141
135 150
135 154
135 155
135 158
135 160
135 162
135 163
135 166
135 168
135 171
135 173
135 179
135 184
135 188
135 189
135 192
135 193
135 199
136 142
136 144
136 146
136 147
136 150
136 164
136 170
136 177
137 138
137 139
137 150
137 151
137 152
137 154
137 156
137 160
137 171
137 179
137 182
137 188
137 195
137 196
137 198
138 142
138 145
138 147
138 149
138 155
138 156
138 158
138 182
139 151
139 159
139 166
139 181
139 186
139 194
139 197
140 146
140 148
140 150
140 152
140 154
140 162
140 165
140 168
140 169
140 177
140 178
140 179
140 187
140 190
140 192
141 152
141 156
141 170
141 171
141 189
142 148
142 151
142 158
142 160
142 163
142 177
142 184
142 188
142 190
142 198
143 150
143 152
143 154
143 166
143 170
143 172
143 180
143 187
143 197
143 199
144 154
144 157
144 158
144 159
144 162
144 165
144 173
144 179
144 190
144 196
144 199
145 147
145 148
145 149
145 152
145 155
145 159
145 164
145 165
145 166
145 167
145 172
145 178
145 182
145 186
145 193
145 195
146 148
146 149
146 152
146 153
146 154
146 161
146 167
146 171
146 176
146 180
146 184
146 190
146 193
147 150
147 153
147 154
147 155
147 156
147 159
147 163
147 166
147 173
147 177
147 178
147 191
147 192
147 198
148 150
148 159
148 165
148 170
148 173
148 183
148 184
148 189
148 191
148 193
148 196
148 198
149 150
149 159
149 165
149 166
149 170
149 186
149 190
149 197
149 199
150 162
150 165
150 169
150 171
150 177
150 184
150 185
150 188
150 190
150 195
151 155
151 164
151 165
151 166
151 167
151 176
151 178
151 179
151 188
151 193
151 194
151 195
151 196
151 198
151 199
152 163
152 171
152 181
152 184
152 186
152 189
152 190
152 192
152 194
153 154
153 158
153 162
153 163
153 164
153 166
153 171
153 173
153 174
153 175
153 177
153 180
153 184
153 187
153 193
154 156
154 162
154 168
154 172
154 174
154 178
154 179
154 194
154 195
154 197
154 199
155 162
155 163
155 166
155 167
155 169
155 174
155 181
155 182
155 188
155 189
156 159
156 164
156 166
156 174
156 177
156 183
156 188
156 194
156 198
156 199
157 181
158 167
158 170
158 184
158 196
159 162
159 164
159 166
159 167
159 170
159 174
159 175
159 176
159 180
159 181
159 182
159 193
159 197
159 198
160 168
160 176
160 177
160 178
160 180
160 183
160 184
160 188
160 193
160 198
161 168
161 175
161 178
161 180
161 182
161 184
161 186
162 163
162 165
162 195
162 196
162 197
162 198
162 199
163 164
163 166
163 167
163 168
163 169
163 172
163 176
163 178
163 183
163 194
163 196
164 172
164 186
164 192
164 193
164 196
165 167
165 169
165 172
165 173
165 176
165 180
165 192
165 195
165 199
166 170
166 171
166 172
166 174
166 178
166 179
166 184
166 185
166 187
166 190
166 192
166 196
166 197
167 180
167 182
167 184
167 185
167 198
168 171
168 172
168 174
168 178
169 174
169 188
169 189
169 193
170 171
170 176
170 183
171 174
171 176
171 177
171 180
171 185
171 186
171 194
171 196
172 177
172 183
172 195
172 198
173 175
173 179
173 182
173 183
173 189
173 197
173 198
174 180
174 181
174 186
174 191
175 183
175 187
175 188
175 197
175 198
176 185
176 186
176 191
176 193
176 194
176 195
177 179
177 183
177 189
177 193
177 197
178 185
178 195
179 180
179 182
179 186
179 187
179 194
179 197
179 198
180 181
180 189
181 182
181 184
181 189
181 194
181 196
181 198
182 184
182 185
182 190
182 194
182 197
182 199
183 192
183 196
183 199
184 192
185 189
185 198
186 194
186 195
187 194
188 192
188 194
188 197
188 198
190 191
190 192
191 199
192 193
192 199
195 196
195 199
197 199
