80 970
0 3
0 5
0 14
0 17
0 18
0 21
0 22
0 25
0 28
0 30
0 35
0 38
0 41
0 43
0 46
0 47
0 48
0 49
0 50
0 59
0 60
0 63
0 67
0 78
0 79
1 2
1 5
1 6
1 10
1 11
1 15
1 16
1 29
1 31
1 35
1 36
1 37
1 38
1 39
1 43
1 44
1 45
1 52
1 54
1 55
1 58
1 65
1 67
1 69
1 72
1 73
1 75
1 76
1 79
2 6
2 13
2 15
2 19
2 22
2 23
2 24
2 26
2 29
2 30
2 32
2 33
2 38
2 39
2 40
2 54
2 55
2 63
2 64
2 67
2 75
2 78
2 79
3 4
3 12
3 17
3 22
3 24
3 28
3 34
3 43
3 47
3 50
3 59
3 61
3 64
3 69
3 70
3 75
3 77
3 79
4 5
4 8
4 9
4 10
4 19
4 26
4 33
4 34
4 37
4 40
4 43
4 44
4 45
4 54
4 57
4 62
4 64
4 68
4 69
4 72
4 74
4 77
5 6
5 10
5 14
5 18
5 19
5 27
5 35
5 38
5 39
5 41
5 42
5 52
5 62
5 66
5 69
5 71
5 74
5 78
5 79
6 7
6 9
6 11
6 12
6 14
6 18
6 31
6 40
6 42
6 44
6 45
6 49
6 50
6 63
6 70
6 71
6 72
6 77
6 78
7 10
7 13
7 19
7 26
7 27
7 29
7 33
7 40
7 47
7 48
7 51
7 54
7 58
7 62
7 68
7 70
7 71
7 72
7 74
8 9
8 10
8 12
8 13
8 17
8 20
8 21
8 37
8 41
8 42
8 46
8 47
8 48
8 49
8 53
8 55
8 56
8 61
8 63
8 68
8 78
9 10
9 14
9 18
9 20
9 24
9 25
9 27
9 32
9 34
9 39
9 44
9 49
9 52
9 54
9 56
9 57
9 59
9 60
9 63
9 66
9 67
9 70
9 72
9 74
9 77
9 79
10 16
10 18
10 19
10 22
10 23
10 25
10 26
10 28
10 29
10 33
10 34
10 38
10 44
10 46
10 48
10 58
10 63
10 65
10 72
10 74
10 77
11 12
11 18
11 23
11 24
11 25
11 27
11 35
11 42
11 46
11 47
11 49
11 57
11 58
11 67
11 73
11 75
11 76
12 14
12 16
12 17
12 18
12 20
12 21
12 22
12 26
12 29
12 30
12 32
12 34
12 36
12 40
12 42
12 51
12 54
12 57
12 58
12 61
12 66
12 70
12 71
12 72
12 73
12 75
13 15
13 17
13 19
13 22
13 25
13 28
13 30
13 33
13 39
13 46
13 47
13 49
13 50
13 58
13 61
13 65
13 66
13 68
13 69
13 70
13 72
13 74
14 15
14 21
14 22
14 24
14 27
14 42
14 44
14 51
14 53
14 63
14 75
14 77
15 21
15 23
15 24
15 27
15 30
15 33
15 34
15 36
15 38
15 42
15 43
15 45
15 47
15 48
15 54
15 58
15 59
15 64
15 68
15 69
15 71
16 17
16 20
16 22
16 27
16 28
16 32
16 33
16 34
16 38
16 42
16 43
16 44
16 45
16 49
16 52
16 56
16 58
16 61
16 63
16 65
16 68
16 70
16 71
16 75
16 76
17 18
17 21
17 23
17 26
17 27
17 29
17 39
17 42
17 45
17 50
17 52
17 59
17 60
17 62
17 64
17 68
17 77
18 19
18 25
18 32
18 33
18 34
18 35
18 36
18 37
18 43
18 45
18 52
18 57
18 59
18 60
18 62
18 64
18 65
18 74
18 75
18 79
19 20
19 21
19 22
19 23
19 24
19 28
19 30
19 35
19 36
19 37
19 38
19 39
19 46
19 47
19 68
19 71
19 77
19 79
20 22
20 28
20 34
20 36
20 43
20 45
20 46
20 47
20 48
20 51
20 53
20 55
20 56
20 57
20 59
20 61
20 63
20 65
20 70
20 75
20 78
21 23
21 28
21 31
21 33
21 38
21 42
21 44
21 46
21 47
21 48
21 52
21 63
21 64
21 71
21 72
21 74
21 75
21 76
21 78
21 79
22 30
22 34
22 38
22 40
22 41
22 44
22 46
22 52
22 57
22 58
22 59
22 60
22 66
22 70
22 72
22 73
22 74
22 76
23 24
23 28
23 39
23 41
23 45
23 50
23 56
23 59
23 61
23 64
23 65
23 66
23 71
23 75
23 76
23 78
24 27
24 29
24 33
24 40
24 42
24 49
24 53
24 57
24 58
24 66
24 70
24 71
24 72
24 78
24 79
25 28
25 32
25 33
25 34
25 35
25 42
25 43
25 44
25 47
25 48
25 55
25 56
25 58
25 61
25 65
25 66
25 67
25 69
25 70
25 76
25 78
26 27
26 30
26 33
26 46
26 50
26 52
26 55
26 59
26 60
26 66
26 73
26 78
26 79
27 31
27 35
27 36
27 39
27 41
27 43
27 45
27 47
27 48
27 51
27 52
27 55
27 58
27 61
27 63
27 68
27 69
27 70
27 71
27 73
27 77
28 32
28 33
28 36
28 37
28 40
28 41
28 42
28 43
28 45
28 50
28 51
28 53
28 54
28 58
28 60
28 61
28 65
28 71
28 72
28 74
28 78
29 34
29 37
29 40
29 42
29 43
29 44
29 50
29 52
29 54
29 55
29 57
29 61
29 63
29 66
29 67
29 73
29 77
30 31
30 35
30 36
30 37
30 38
30 41
30 42
30 43
30 48
30 53
30 63
30 65
30 73
30 75
30 76
30 77
30 79
31 33
31 44
31 46
31 48
31 49
31 50
31 51
31 55
31 61
31 66
31 74
31 77
31 79
32 36
32 38
32 40
32 43
32 51
32 55
32 58
32 60
32 62
32 63
32 74
32 75
32 79
33 34
33 36
33 37
33 40
33 45
33 47
33 49
33 52
33 53
33 57
33 62
33 70
33 73
33 74
33 76
34 42
34 43
34 46
34 47
34 48
34 50
34 53
34 60
34 61
34 63
34 64
34 65
34 68
34 69
34 73
34 74
34 75
35 42
35 43
35 45
35 50
35 56
35 66
35 70
35 72
36 39
36 40
36 45
36 47
36 48
36 54
36 55
36 57
36 60
36 69
36 70
36 74
36 75
36 76
36 79
37 39
37 40
37 41
37 42
37 44
37 48
37 51
37 52
37 53
37 55
37 60
37 68
37 70
37 71
38 40
38 42
38 46
38 47
38 54
38 55
38 60
38 61
38 66
38 70
38 72
39 40
39 53
39 58
39 60
39 61
39 65
39 77
40 48
40 50
40 53
40 64
40 65
40 66
40 67
40 68
40 69
40 72
40 73
40 74
40 75
40 79
41 46
41 51
41 52
41 53
41 54
41 57
41 63
41 70
41 75
42 44
42 47
42 50
42 51
42 57
42 58
42 59
42 60
42 64
42 65
42 66
42 67
42 72
42 76
43 45
43 48
43 53
43 56
43 66
43 69
43 70
43 71
43 72
43 73
43 78
44 46
44 48
44 51
44 61
44 63
44 64
44 67
44 68
44 69
44 70
44 73
44 74
44 78
44 79
45 46
45 47
45 51
45 56
45 65
45 66
45 71
45 74
45 76
45 78
46 48
46 49
46 50
46 53
46 60
46 64
46 67
46 69
46 70
46 73
46 77
46 78
47 52
47 54
47 56
47 65
47 66
47 68
47 70
47 77
48 50
48 51
48 57
48 58
48 62
48 64
48 65
48 67
48 75
48 76
48 78
49 52
49 56
49 58
49 67
49 72
49 74
49 75
50 54
50 58
50 60
50 63
50 64
50 65
50 66
50 68
50 71
50 77
51 52
51 56
51 61
51 62
51 65
51 67
51 68
51 70
51 72
51 74
51 76
52 56
52 64
52 72
52 73
52 76
53 61
53 62
53 66
53 68
53 73
53 75
53 77
54 56
54 60
54 62
54 64
54 66
54 67
54 68
54 70
54 71
54 73
54 75
54 77
55 60
55 61
55 62
55 71
55 75
56 62
56 63
56 64
56 65
56 66
56 70
57 68
57 69
57 70
57 77
57 79
58 65
58 72
58 74
58 78
58 79
59 61
59 62
59 66
59 67
59 69
59 78
60 66
60 78
60 79
61 62
61 63
61 72
61 73
61 76
61 77
61 78
62 64
62 67
62 68
62 69
62 77
62 79
63 67
64 69
64 70
64 73
64 75
64 77
64 78
65 73
66 68
66 72
66 75
66 76
66 77
66 78
67 69
67 71
68 78
69 76
70 74
70 76
70 78
71 74
71 75
71 76
71 77
72 75
72 77
73 74
73 75
73 77
74 75
74 76
74 79
75 76
75 77
76 78
77 78
77 79
78 79
