200 5968
0 1
0 8
0 14
0 15
0 20
0 21
0 26
0 29
0 33
0 36
0 37
0 40
0 45
0 46
0 50
0 53
0 55
0 56
0 67
0 68
0 69
0 80
0 84
0 89
0 94
0 99
0 100
0 102
0 112
0 113
0 121
0 124
0 131
0 133
0 136
0 138
0 139
0 140
0 146
0 149
0 151
0 164
0 166
0 168
0 170
0 171
0 180
0 187
0 193
0 194
0 196
0 197
0 199
1 2
1 5
1 7
1 10
1 11
1 15
1 17
1 24
1 29
1 31
1 35
1 36
1 39
1 47
1 50
1 62
1 63
1 68
1 69
1 75
1 76
1 81
1 82
1 83
1 86
1 88
1 93
1 94
1 95
1 96
1 98
1 99
1 101
1 102
1 103
1 104
1 106
1 111
1 112
1 113
1 119
1 122
1 123
1 128
1 137
1 144
1 146
1 151
1 153
1 154
1 155
1 157
1 158
1 161
1 167
1 169
1 173
1 176
1 178
1 179
1 180
1 183
1 187
1 195
1 196
1 197
1 198
2 4
2 5
2 6
2 8
2 9
2 12
2 13
2 16
2 20
2 21
2 22
2 23
2 24
2 29
2 34
2 43
2 45
2 53
2 56
2 58
2 60
2 65
2 70
2 73
2 74
2 75
2 80
2 82
2 83
2 85
2 89
2 90
2 91
2 95
2 100
2 106
2 107
2 112
2 116
2 118
2 120
2 121
2 122
2 125
2 128
2 129
2 130
2 133
2 139
2 142
2 143
2 145
2 148
2 151
2 152
2 154
2 162
2 164
2 168
2 169
2 171
2 174
2 177
2 183
2 185
2 187
3 5
3 6
3 8
3 12
3 15
3 19
3 20
3 25
3 34
3 35
3 41
3 45
3 48
3 49
3 53
3 59
3 64
3 71
3 74
3 76
3 77
3 81
3 86
3 90
3 98
3 102
3 104
3 107
3 111
3 112
3 114
3 120
3 130
3 132
3 147
3 148
3 152
3 153
3 155
3 156
3 158
3 167
3 171
3 173
3 175
3 177
3 179
3 180
3 183
3 186
3 195
3 197
3 199
4 9
4 13
4 22
4 29
4 30
4 34
4 35
4 36
4 40
4 41
4 47
4 55
4 58
4 59
4 63
4 64
4 67
4 71
4 74
4 79
4 81
4 88
4 93
4 94
4 95
4 98
4 101
4 106
4 108
4 112
4 117
4 120
4 126
4 127
4 128
4 131
4 136
4 138
4 140
4 141
4 146
4 147
4 148
4 150
4 151
4 153
4 157
4 158
4 159
4 160
4 166
4 167
4 171
4 173
4 174
4 178
4 184
4 185
4 187
4 194
4 195
5 7
5 8
5 12
5 13
5 17
5 19
5 20
5 23
5 30
5 40
5 41
5 43
5 48
5 50
5 54
5 62
5 69
5 72
5 84
5 85
5 89
5 97
5 99
5 108
5 113
5 127
5 129
5 131
5 132
5 133
5 134
5 138
5 139
5 143
5 146
5 148
5 154
5 159
5 160
5 161
5 163
5 164
5 168
5 172
5 174
5 179
5 181
5 192
5 193
5 194
5 195
5 197
5 198
6 11
6 13
6 18
6 20
6 24
6 25
6 26
6 29
6 30
6 31
6 35
6 37
6 39
6 40
6 41
6 43
6 44
6 45
6 52
6 55
6 58
6 63
6 67
6 72
6 74
6 77
6 78
6 83
6 84
6 85
6 86
6 88
6 94
6 100
6 102
6 103
6 105
6 118
6 120
6 121
6 122
6 123
6 126
6 131
6 133
6 138
6 140
6 142
6 145
6 147
6 148
6 149
6 150
6 156
6 158
6 160
6 161
6 163
6 168
6 169
6 172
6 177
6 186
6 189
6 190
6 191
6 193
6 196
7 8
7 14
7 15
7 16
7 22
7 24
7 29
7 30
7 35
7 36
7 38
7 40
7 41
7 42
7 48
7 50
7 54
7 58
7 67
7 69
7 74
7 76
7 77
7 81
7 82
7 84
7 85
7 86
7 87
7 91
7 95
7 96
7 107
7 108
7 112
7 117
7 124
7 129
7 130
7 137
7 139
7 148
7 155
7 159
7 161
7 171
7 172
7 175
7 184
7 185
7 187
7 199
8 13
8 14
8 15
8 17
8 23
8 31
8 34
8 35
8 36
8 43
8 46
8 47
8 50
8 65
8 67
8 69
8 71
8 73
8 74
8 76
8 80
8 86
8 93
8 95
8 98
8 101
8 103
8 105
8 106
8 111
8 112
8 113
8 117
8 119
8 121
8 122
8 124
8 128
8 130
8 131
8 132
8 133
8 134
8 135
8 136
8 137
8 138
8 143
8 149
8 151
8 152
8 164
8 169
8 171
8 175
8 181
8 182
8 184
8 190
8 191
8 192
8 196
8 199
9 11
9 14
9 17
9 19
9 23
9 25
9 26
9 36
9 41
9 45
9 48
9 52
9 54
9 59
9 60
9 64
9 76
9 82
9 87
9 91
9 98
9 99
9 100
9 105
9 109
9 111
9 118
9 120
9 126
9 131
9 132
9 133
9 134
9 135
9 136
9 137
9 138
9 140
9 141
9 144
9 146
9 159
9 170
9 174
9 175
9 176
9 178
9 182
9 185
9 188
9 192
9 193
9 195
9 196
9 197
9 199
10 11
10 17
10 18
10 23
10 25
10 26
10 27
10 35
10 38
10 40
10 45
10 48
10 50
10 51
10 52
10 61
10 63
10 66
10 79
10 81
10 93
10 96
10 99
10 101
10 102
10 107
10 111
10 112
10 119
10 122
10 123
10 124
10 125
10 130
10 143
10 147
10 149
10 150
10 153
10 160
10 162
10 166
10 170
10 172
10 177
10 178
10 179
10 185
10 190
10 191
10 194
10 199
11 12
11 16
11 20
11 24
11 26
11 27
11 39
11 49
11 50
11 54
11 56
11 60
11 63
11 66
11 76
11 81
11 84
11 88
11 89
11 91
11 93
11 96
11 97
11 102
11 114
11 115
11 116
11 119
11 121
11 124
11 125
11 126
11 128
11 132
11 136
11 139
11 142
11 151
11 153
11 156
11 158
11 159
11 161
11 162
11 163
11 164
11 168
11 172
11 177
11 178
11 179
11 182
11 184
11 187
11 190
11 192
11 195
12 16
12 17
12 18
12 23
12 25
12 26
12 27
12 29
12 35
12 42
12 43
12 44
12 48
12 49
12 51
12 55
12 56
12 58
12 59
12 64
12 65
12 66
12 67
12 68
12 69
12 70
12 72
12 74
12 86
12 88
12 90
12 91
12 95
12 105
12 115
12 117
12 120
12 122
12 127
12 128
12 133
12 134
12 135
12 140
12 143
12 148
12 152
12 153
12 154
12 156
12 160
12 161
12 172
12 175
12 181
12 183
12 184
12 189
12 193
12 199
13 16
13 20
13 22
13 24
13 26
13 31
13 33
13 37
13 40
13 41
13 42
13 43
13 45
13 46
13 48
13 50
13 53
13 54
13 68
13 76
13 77
13 82
13 85
13 87
13 88
13 89
13 90
13 91
13 93
13 94
13 95
13 97
13 98
13 100
13 101
13 108
13 110
13 114
13 115
13 119
13 122
13 124
13 129
13 130
13 136
13 149
13 154
13 157
13 161
13 167
13 168
13 170
13 171
13 172
13 175
13 183
13 186
13 191
13 194
13 197
13 199
14 16
14 18
14 21
14 25
14 27
14 29
14 30
14 32
14 33
14 34
14 40
14 41
14 43
14 56
14 63
14 66
14 72
14 86
14 93
14 98
14 100
14 106
14 108
14 113
14 117
14 120
14 124
14 125
14 127
14 132
14 134
14 137
14 149
14 150
14 156
14 160
14 162
14 163
14 167
14 168
14 170
14 171
14 173
14 189
14 193
14 195
15 16
15 18
15 22
15 25
15 29
15 32
15 34
15 36
15 38
15 44
15 54
15 55
15 62
15 64
15 69
15 70
15 71
15 73
15 74
15 77
15 79
15 80
15 83
15 90
15 97
15 99
15 106
15 107
15 123
15 130
15 133
15 134
15 138
15 140
15 147
15 148
15 151
15 156
15 165
15 174
15 175
15 180
15 188
15 189
15 190
15 192
15 193
15 198
16 17
16 23
16 25
16 30
16 35
16 40
16 42
16 45
16 54
16 55
16 57
16 62
16 64
16 66
16 67
16 69
16 73
16 74
16 76
16 78
16 80
16 82
16 83
16 85
16 87
16 93
16 95
16 96
16 101
16 104
16 105
16 107
16 108
16 109
16 110
16 115
16 118
16 119
16 122
16 128
16 129
16 134
16 140
16 141
16 147
16 148
16 154
16 155
16 156
16 157
16 162
16 163
16 164
16 168
16 169
16 170
16 171
16 172
16 175
16 179
16 188
16 195
16 197
16 198
16 199
17 19
17 22
17 23
17 26
17 28
17 29
17 32
17 33
17 35
17 42
17 44
17 54
17 56
17 61
17 64
17 67
17 68
17 71
17 73
17 74
17 75
17 76
17 81
17 84
17 91
17 94
17 100
17 101
17 104
17 107
17 108
17 111
17 115
17 118
17 125
17 128
17 129
17 131
17 146
17 147
17 148
17 150
17 153
17 155
17 163
17 166
17 167
17 175
17 179
17 180
17 181
17 182
17 186
17 190
18 22
18 24
18 25
18 27
18 28
18 29
18 34
18 36
18 43
18 53
18 59
18 62
18 68
18 72
18 73
18 78
18 80
18 81
18 86
18 89
18 93
18 97
18 99
18 102
18 103
18 104
18 108
18 112
18 117
18 118
18 120
18 123
18 130
18 135
18 139
18 142
18 147
18 149
18 151
18 156
18 160
18 164
18 165
18 168
18 169
18 173
18 176
18 189
18 191
18 193
18 195
19 21
19 29
19 30
19 39
19 43
19 46
19 48
19 49
19 50
19 59
19 60
19 61
19 66
19 75
19 76
19 78
19 81
19 82
19 84
19 85
19 86
19 87
19 88
19 90
19 96
19 99
19 103
19 105
19 106
19 109
19 115
19 122
19 124
19 126
19 131
19 134
19 136
19 139
19 141
19 142
19 146
19 148
19 153
19 154
19 155
19 159
19 166
19 167
19 169
19 174
19 177
19 179
19 180
19 182
19 184
19 185
19 186
19 187
20 21
20 23
20 28
20 33
20 36
20 40
20 44
20 45
20 51
20 55
20 57
20 64
20 65
20 68
20 71
20 74
20 75
20 78
20 79
20 82
20 86
20 87
20 96
20 97
20 98
20 107
20 108
20 111
20 113
20 126
20 131
20 132
20 134
20 138
20 143
20 147
20 156
20 158
20 159
20 161
20 162
20 163
20 167
20 170
20 172
20 175
20 176
20 186
20 188
20 189
20 190
20 191
20 195
20 196
20 199
21 22
21 26
21 29
21 31
21 34
21 41
21 42
21 44
21 45
21 50
21 53
21 55
21 57
21 58
21 60
21 62
21 64
21 68
21 81
21 83
21 86
21 90
21 94
21 97
21 102
21 107
21 109
21 112
21 116
21 117
21 119
21 122
21 126
21 128
21 130
21 131
21 139
21 145
21 147
21 152
21 159
21 160
21 161
21 167
21 172
21 177
21 179
21 182
21 184
21 186
21 193
21 195
21 198
22 24
22 25
22 26
22 30
22 32
22 33
22 35
22 36
22 37
22 40
22 41
22 43
22 48
22 49
22 54
22 58
22 60
22 62
22 65
22 72
22 73
22 75
22 81
22 85
22 86
22 87
22 91
22 93
22 94
22 96
22 98
22 100
22 101
22 104
22 107
22 108
22 113
22 115
22 121
22 126
22 129
22 131
22 132
22 134
22 138
22 139
22 145
22 146
22 149
22 151
22 157
22 160
22 161
22 163
22 169
22 173
22 177
22 178
22 181
22 192
22 193
22 194
22 195
22 196
22 197
22 199
23 24
23 26
23 27
23 29
23 33
23 34
23 35
23 37
23 39
23 44
23 47
23 48
23 50
23 52
23 54
23 55
23 57
23 58
23 66
23 70
23 74
23 77
23 79
23 85
23 89
23 98
23 101
23 104
23 110
23 111
23 113
23 117
23 120
23 121
23 122
23 125
23 126
23 127
23 130
23 136
23 137
23 139
23 144
23 147
23 150
23 154
23 156
23 158
23 160
23 162
23 167
23 170
23 172
23 173
23 180
23 183
23 185
23 190
23 191
23 193
23 194
23 196
23 197
24 25
24 27
24 33
24 34
24 36
24 38
24 40
24 44
24 48
24 56
24 61
24 64
24 67
24 68
24 69
24 71
24 77
24 80
24 81
24 84
24 94
24 95
24 96
24 98
24 99
24 105
24 106
24 109
24 112
24 116
24 119
24 120
24 121
24 130
24 132
24 134
24 135
24 146
24 147
24 161
24 166
24 167
24 170
24 171
24 187
24 194
24 195
24 196
25 27
25 30
25 32
25 43
25 45
25 50
25 51
25 52
25 56
25 57
25 63
25 64
25 66
25 70
25 75
25 79
25 81
25 84
25 85
25 86
25 87
25 90
25 96
25 103
25 107
25 112
25 114
25 118
25 121
25 123
25 129
25 130
25 133
25 134
25 135
25 138
25 139
25 141
25 142
25 152
25 154
25 156
25 162
25 166
25 167
25 170
25 177
25 183
25 185
25 188
25 191
25 193
26 29
26 30
26 32
26 33
26 34
26 38
26 39
26 42
26 43
26 47
26 60
26 66
26 70
26 73
26 74
26 76
26 80
26 82
26 88
26 93
26 96
26 97
26 99
26 101
26 105
26 106
26 108
26 109
26 117
26 118
26 119
26 122
26 133
26 134
26 138
26 144
26 154
26 155
26 156
26 158
26 165
26 169
26 171
26 178
26 184
26 185
26 191
26 194
26 195
26 196
26 197
27 32
27 36
27 37
27 47
27 54
27 56
27 58
27 59
27 60
27 61
27 80
27 81
27 83
27 84
27 86
27 88
27 89
27 92
27 98
27 102
27 104
27 106
27 114
27 118
27 122
27 124
27 127
27 131
27 132
27 133
27 135
27 140
27 142
27 146
27 148
27 150
27 151
27 156
27 165
27 168
27 174
27 187
27 188
27 190
27 191
27 192
27 193
27 196
27 198
27 199
28 30
28 39
28 40
28 45
28 46
28 52
28 63
28 74
28 76
28 77
28 78
28 79
28 82
28 86
28 90
28 93
28 94
28 99
28 104
28 105
28 109
28 114
28 115
28 118
28 120
28 124
28 128
28 137
28 139
28 140
28 143
28 146
28 147
28 148
28 157
28 170
28 176
28 180
28 183
28 184
28 191
28 192
28 195
29 31
29 40
29 42
29 45
29 47
29 48
29 50
29 59
29 61
29 62
29 63
29 66
29 77
29 79
29 80
29 81
29 83
29 85
29 91
29 92
29 93
29 95
29 102
29 106
29 107
29 111
29 117
29 120
29 125
29 135
29 139
29 142
29 143
29 146
29 147
29 149
29 150
29 153
29 160
29 162
29 167
29 168
29 174
29 179
29 188
29 189
29 191
29 192
29 199
30 34
30 37
30 39
30 40
30 41
30 47
30 50
30 53
30 55
30 57
30 59
30 60
30 66
30 69
30 74
30 76
30 77
30 95
30 96
30 98
30 99
30 103
30 104
30 106
30 107
30 108
30 111
30 114
30 116
30 120
30 121
30 129
30 132
30 133
30 134
30 136
30 137
30 138
30 141
30 143
30 144
30 147
30 149
30 152
30 156
30 160
30 162
30 164
30 166
30 167
30 171
30 172
30 173
30 174
30 182
30 184
30 189
30 190
30 194
30 195
30 196
31 33
31 35
31 36
31 39
31 42
31 49
31 58
31 62
31 63
31 70
31 72
31 74
31 82
31 84
31 90
31 94
31 101
31 102
31 103
31 104
31 105
31 112
31 114
31 117
31 121
31 122
31 127
31 136
31 142
31 143
31 145
31 146
31 149
31 150
31 151
31 152
31 154
31 156
31 161
31 162
31 164
31 166
31 170
31 171
31 175
31 177
31 185
31 191
31 193
31 195
32 38
32 42
32 47
32 48
32 49
32 63
32 64
32 71
32 74
32 78
32 81
32 85
32 88
32 91
32 98
32 102
32 105
32 106
32 108
32 110
32 112
32 113
32 115
32 117
32 118
32 121
32 123
32 124
32 129
32 131
32 137
32 141
32 146
32 151
32 152
32 157
32 158
32 163
32 166
32 169
32 171
32 175
32 176
32 177
32 181
32 190
32 195
32 196
32 199
33 34
33 35
33 36
33 37
33 39
33 40
33 54
33 55
33 56
33 57
33 58
33 63
33 64
33 72
33 74
33 75
33 76
33 77
33 79
33 83
33 85
33 87
33 95
33 105
33 110
33 112
33 113
33 115
33 116
33 123
33 124
33 125
33 131
33 137
33 141
33 142
33 145
33 151
33 153
33 157
33 169
33 173
33 180
33 187
33 190
33 191
33 192
33 195
33 197
34 35
34 37
34 40
34 48
34 50
34 51
34 52
34 56
34 57
34 61
34 64
34 75
34 80
34 81
34 83
34 84
34 85
34 86
34 88
34 98
34 103
34 104
34 105
34 111
34 112
34 122
34 131
34 132
34 134
34 140
34 144
34 150
34 151
34 156
34 163
34 164
34 168
34 169
34 175
34 177
34 179
34 180
34 181
34 184
34 185
34 187
34 188
34 196
35 40
35 43
35 44
35 48
35 50
35 55
35 56
35 58
35 61
35 63
35 73
35 74
35 78
35 82
35 83
35 84
35 85
35 86
35 87
35 89
35 93
35 94
35 101
35 102
35 104
35 107
35 108
35 109
35 110
35 114
35 116
35 120
35 121
35 127
35 128
35 130
35 136
35 140
35 141
35 144
35 150
35 152
35 153
35 163
35 165
35 168
35 175
35 177
35 183
35 185
35 191
35 192
35 194
35 195
35 196
35 197
35 198
36 41
36 42
36 43
36 46
36 51
36 52
36 57
36 58
36 64
36 66
36 70
36 75
36 83
36 84
36 85
36 89
36 95
36 100
36 101
36 106
36 110
36 111
36 113
36 117
36 128
36 131
36 137
36 141
36 143
36 148
36 149
36 151
36 154
36 156
36 165
36 166
36 167
36 172
36 182
36 183
36 186
36 187
36 188
36 190
36 194
37 39
37 40
37 47
37 49
37 52
37 61
37 63
37 64
37 73
37 74
37 78
37 81
37 85
37 93
37 95
37 98
37 101
37 103
37 104
37 105
37 106
37 107
37 113
37 115
37 119
37 122
37 123
37 126
37 129
37 133
37 136
37 140
37 142
37 143
37 145
37 147
37 149
37 168
37 169
37 177
37 181
37 183
37 184
37 185
37 190
37 191
37 194
37 195
37 196
37 197
37 199
38 40
38 43
38 49
38 63
38 64
38 70
38 78
38 81
38 86
38 88
38 92
38 101
38 105
38 107
38 114
38 115
38 118
38 119
38 120
38 122
38 123
38 131
38 136
38 143
38 145
38 152
38 154
38 156
38 159
38 169
38 170
38 172
38 173
38 175
38 199
39 44
39 49
39 52
39 57
39 58
39 60
39 68
39 72
39 73
39 74
39 75
39 76
39 80
39 92
39 97
39 99
39 101
39 105
39 106
39 112
39 114
39 117
39 123
39 124
39 132
39 138
39 140
39 143
39 144
39 145
39 150
39 162
39 166
39 167
39 169
39 175
39 177
39 179
39 181
39 186
39 188
39 190
39 196
39 197
39 199
40 43
40 47
40 52
40 57
40 58
40 60
40 64
40 65
40 66
40 73
40 75
40 76
40 78
40 95
40 97
40 100
40 104
40 106
40 117
40 121
40 132
40 134
40 137
40 145
40 149
40 152
40 163
40 169
40 175
40 178
40 179
40 180
40 181
40 186
40 188
40 189
40 190
40 192
40 196
40 197
40 198
40 199
41 42
41 43
41 46
41 55
41 57
41 60
41 64
41 67
41 80
41 84
41 94
41 102
41 110
41 112
41 113
41 118
41 125
41 126
41 127
41 128
41 129
41 130
41 133
41 134
41 136
41 144
41 149
41 151
41 153
41 154
41 160
41 162
41 163
41 165
41 168
41 172
41 177
41 179
41 181
41 184
41 186
41 193
41 197
42 46
42 48
42 51
42 54
42 56
42 57
42 61
42 64
42 81
42 84
42 86
42 90
42 91
42 93
42 95
42 98
42 105
42 111
42 112
42 114
42 115
42 118
42 121
42 122
42 124
42 126
42 130
42 133
42 135
42 136
42 143
42 144
42 145
42 153
42 159
42 161
42 167
42 171
42 172
42 179
42 183
42 188
42 190
42 191
42 193
43 44
43 45
43 46
43 48
43 55
43 60
43 62
43 64
43 65
43 71
43 74
43 76
43 85
43 86
43 88
43 91
43 92
43 94
43 95
43 96
43 97
43 100
43 112
43 115
43 119
43 125
43 127
43 128
43 134
43 139
43 151
43 153
43 157
43 162
43 163
43 164
43 166
43 174
43 178
43 181
43 183
43 185
43 186
43 188
43 191
43 196
43 199
44 45
44 46
44 51
44 53
44 54
44 58
44 61
44 62
44 66
44 67
44 73
44 78
44 83
44 85
44 86
44 92
44 95
44 99
44 100
44 103
44 108
44 111
44 114
44 119
44 125
44 129
44 133
44 135
44 136
44 137
44 140
44 143
44 144
44 145
44 154
44 155
44 157
44 164
44 165
44 171
44 172
44 176
44 178
44 182
44 185
44 188
44 191
44 195
44 196
45 46
45 47
45 52
45 53
45 56
45 57
45 60
45 63
45 65
45 68
45 70
45 75
45 76
45 78
45 81
45 82
45 85
45 86
45 89
45 90
45 96
45 99
45 100
45 102
45 103
45 105
45 107
45 108
45 112
45 119
45 123
45 131
45 133
45 135
45 138
45 143
45 145
45 151
45 158
45 160
45 162
45 165
45 167
45 168
45 184
45 186
45 191
45 198
45 199
46 51
46 63
46 66
46 67
46 68
46 79
46 80
46 81
46 83
46 84
46 87
46 92
46 94
46 96
46 97
46 102
46 104
46 110
46 112
46 115
46 118
46 122
46 125
46 126
46 128
46 130
46 131
46 136
46 138
46 141
46 142
46 144
46 153
46 155
46 157
46 165
46 166
46 167
46 168
46 171
46 181
46 182
46 187
46 188
46 193
46 195
46 196
46 198
47 52
47 54
47 56
47 58
47 59
47 61
47 62
47 65
47 69
47 77
47 78
47 80
47 84
47 86
47 88
47 91
47 92
47 93
47 94
47 95
47 99
47 102
47 103
47 104
47 106
47 108
47 109
47 113
47 117
47 121
47 126
47 128
47 131
47 132
47 134
47 136
47 142
47 143
47 147
47 152
47 153
47 159
47 162
47 164
47 167
47 169
47 172
47 176
47 178
47 179
47 182
47 183
47 186
47 188
47 195
48 49
48 51
48 53
48 55
48 56
48 60
48 65
48 69
48 73
48 74
48 77
48 78
48 80
48 92
48 96
48 97
48 98
48 102
48 104
48 105
48 107
48 111
48 112
48 116
48 119
48 124
48 125
48 136
48 140
48 148
48 151
48 158
48 159
48 160
48 162
48 166
48 174
48 177
48 181
48 182
48 184
48 191
48 195
48 198
49 50
49 54
49 58
49 62
49 65
49 70
49 80
49 81
49 88
49 97
49 98
49 108
49 110
49 116
49 119
49 120
49 127
49 131
49 133
49 136
49 137
49 142
49 143
49 146
49 147
49 155
49 156
49 157
49 164
49 170
49 171
49 173
49 174
49 175
49 178
49 179
49 181
49 185
49 188
50 53
50 55
50 57
50 61
50 69
50 76
50 80
50 81
50 83
50 91
50 102
50 103
50 104
50 105
50 106
50 108
50 111
50 113
50 114
50 119
50 121
50 123
50 124
50 125
50 132
50 133
50 134
50 135
50 144
50 148
50 149
50 151
50 152
50 154
50 158
50 159
50 168
50 171
50 173
50 175
50 183
50 184
50 190
50 196
50 198
50 199
51 54
51 61
51 70
51 72
51 73
51 82
51 86
51 90
51 91
51 92
51 93
51 94
51 97
51 99
51 102
51 105
51 108
51 110
51 111
51 114
51 125
51 126
51 127
51 130
51 132
51 137
51 141
51 146
51 147
51 148
51 150
51 153
51 157
51 158
51 163
51 166
51 170
51 172
51 174
51 177
51 179
51 182
51 184
51 185
51 188
51 190
51 191
52 53
52 63
52 69
52 70
52 78
52 79
52 82
52 88
52 92
52 93
52 98
52 99
52 102
52 105
52 107
52 111
52 115
52 120
52 121
52 122
52 124
52 125
52 130
52 135
52 139
52 142
52 147
52 148
52 150
52 153
52 159
52 161
52 165
52 171
52 173
52 178
52 179
52 188
52 189
52 190
52 191
52 196
52 198
52 199
53 55
53 56
53 59
53 61
53 62
53 68
53 69
53 75
53 78
53 79
53 80
53 85
53 89
53 91
53 93
53 94
53 100
53 104
53 107
53 117
53 120
53 125
53 126
53 127
53 136
53 139
53 142
53 145
53 147
53 150
53 159
53 161
53 162
53 169
53 180
53 182
53 190
53 193
53 196
53 199
54 55
54 57
54 60
54 65
54 66
54 69
54 71
54 72
54 73
54 76
54 80
54 81
54 82
54 85
54 87
54 88
54 89
54 92
54 100
54 102
54 104
54 108
54 111
54 118
54 119
54 121
54 124
54 126
54 129
54 131
54 133
54 136
54 138
54 141
54 142
54 144
54 147
54 148
54 150
54 152
54 153
54 159
54 162
54 164
54 166
54 167
54 175
54 176
54 178
54 179
54 180
54 183
54 184
54 191
54 192
54 195
54 197
55 63
55 64
55 70
55 73
55 76
55 79
55 81
55 82
55 86
55 89
55 91
55 96
55 98
55 103
55 104
55 115
55 118
55 123
55 125
55 126
55 127
55 128
55 131
55 132
55 140
55 145
55 146
55 151
55 154
55 155
55 158
55 161
55 162
55 168
55 171
55 176
55 178
55 179
55 185
55 186
55 191
55 194
55 195
55 198
56 58
56 61
56 62
56 63
56 64
56 65
56 66
56 72
56 76
56 77
56 79
56 80
56 83
56 88
56 90
56 92
56 94
56 95
56 97
56 103
56 107
56 108
56 110
56 112
56 113
56 116
56 118
56 122
56 123
56 130
56 131
56 137
56 138
56 139
56 143
56 145
56 146
56 150
56 154
56 155
56 163
56 170
56 175
56 176
56 180
56 182
56 183
56 189
56 190
56 191
56 194
56 197
57 63
57 66
57 67
57 68
57 69
57 77
57 83
57 84
57 89
57 97
57 99
57 104
57 105
57 114
57 119
57 124
57 131
57 132
57 134
57 145
57 148
57 156
57 158
57 159
57 162
57 168
57 174
57 176
57 177
57 182
57 183
57 191
57 192
58 60
58 63
58 67
58 68
58 75
58 79
58 89
58 95
58 96
58 97
58 104
58 106
58 108
58 110
58 117
58 118
58 121
58 122
58 123
58 127
58 128
58 129
58 134
58 140
58 142
58 143
58 146
58 148
58 150
58 151
58 158
58 159
58 160
58 162
58 163
58 169
58 173
58 174
58 181
58 183
58 184
58 185
58 186
58 189
58 190
58 196
59 63
59 66
59 70
59 72
59 73
59 79
59 82
59 83
59 86
59 94
59 95
59 97
59 99
59 100
59 101
59 103
59 112
59 113
59 114
59 126
59 128
59 129
59 132
59 137
59 140
59 141
59 153
59 158
59 159
59 161
59 162
59 167
59 169
59 171
59 177
59 185
59 191
59 193
59 195
59 196
60 62
60 63
60 64
60 65
60 66
60 71
60 73
60 75
60 76
60 78
60 86
60 87
60 88
60 91
60 93
60 99
60 103
60 106
60 109
60 110
60 112
60 115
60 120
60 126
60 127
60 130
60 134
60 136
60 137
60 144
60 145
60 146
60 150
60 151
60 157
60 162
60 163
60 167
60 179
60 181
60 189
60 197
61 63
61 64
61 67
61 71
61 72
61 77
61 79
61 82
61 84
61 89
61 91
61 95
61 98
61 104
61 113
61 117
61 118
61 119
61 123
61 126
61 131
61 133
61 135
61 138
61 142
61 144
61 149
61 151
61 152
61 156
61 160
61 163
61 166
61 167
61 174
61 177
61 183
61 192
61 193
61 196
61 198
62 63
62 64
62 66
62 68
62 69
62 73
62 75
62 76
62 80
62 81
62 83
62 84
62 87
62 95
62 98
62 100
62 102
62 105
62 113
62 125
62 127
62 128
62 130
62 133
62 138
62 139
62 148
62 149
62 153
62 155
62 156
62 157
62 158
62 161
62 163
62 169
62 173
62 174
62 188
62 190
62 191
62 192
62 194
62 196
62 197
62 199
63 68
63 71
63 75
63 76
63 77
63 78
63 81
63 82
63 87
63 88
63 90
63 94
63 98
63 102
63 105
63 107
63 109
63 110
63 113
63 115
63 118
63 125
63 127
63 128
63 136
63 137
63 139
63 140
63 142
63 143
63 148
63 149
63 152
63 154
63 155
63 163
63 171
63 172
63 184
63 186
63 189
63 196
64 67
64 82
64 83
64 84
64 89
64 94
64 96
64 105
64 109
64 111
64 116
64 125
64 127
64 129
64 139
64 140
64 143
64 149
64 155
64 161
64 162
64 164
64 165
64 175
64 179
64 182
64 185
64 188
64 191
64 194
64 195
64 197
65 67
65 69
65 70
65 75
65 78
65 84
65 85
65 87
65 88
65 89
65 91
65 92
65 97
65 106
65 107
65 108
65 110
65 111
65 118
65 120
65 131
65 132
65 148
65 155
65 157
65 158
65 160
65 165
65 166
65 170
65 172
65 184
65 186
65 187
65 190
65 192
65 194
65 199
66 72
66 73
66 85
66 89
66 90
66 91
66 92
66 97
66 102
66 103
66 106
66 110
66 114
66 116
66 117
66 118
66 120
66 121
66 129
66 136
66 142
66 144
66 147
66 152
66 153
66 156
66 159
66 162
66 165
66 173
66 175
66 176
66 181
66 187
66 189
66 192
66 198
67 68
67 70
67 71
67 75
67 77
67 82
67 88
67 90
67 91
67 99
67 109
67 111
67 123
67 129
67 130
67 133
67 137
67 142
67 143
67 144
67 148
67 150
67 151
67 155
67 157
67 158
67 159
67 164
67 166
67 167
67 168
67 175
67 178
67 179
67 187
67 190
67 194
68 69
68 73
68 75
68 76
68 77
68 78
68 80
68 84
68 94
68 96
68 100
68 101
68 108
68 111
68 113
68 118
68 120
68 123
68 124
68 127
68 139
68 140
68 142
68 145
68 147
68 148
68 149
68 150
68 153
68 159
68 169
68 170
68 171
68 173
68 175
68 177
68 180
68 186
68 188
68 189
68 195
68 197
68 199
69 76
69 80
69 84
69 87
69 91
69 94
69 95
69 96
69 97
69 99
69 103
69 104
69 105
69 107
69 108
69 109
69 119
69 120
69 124
69 125
69 128
69 137
69 140
69 144
69 146
69 153
69 154
69 158
69 159
69 161
69 166
69 167
69 171
69 173
69 174
69 178
69 179
69 181
69 185
69 186
69 190
69 193
69 198
70 84
70 88
70 90
70 91
70 94
70 98
70 102
70 108
70 128
70 136
70 140
70 145
70 148
70 152
70 153
70 155
70 157
70 160
70 161
70 162
70 167
70 168
70 172
70 179
70 187
70 191
70 198
71 72
71 73
71 74
71 78
71 80
71 83
71 88
71 89
71 92
71 93
71 97
71 101
71 103
71 104
71 108
71 109
71 117
71 126
71 128
71 130
71 132
71 133
71 140
71 142
71 145
71 146
71 150
71 155
71 159
71 163
71 166
71 169
71 172
71 173
71 177
71 182
71 185
71 187
71 191
71 192
71 194
71 196
72 73
72 77
72 78
72 81
72 83
72 84
72 86
72 87
72 88
72 89
72 97
72 98
72 100
72 108
72 111
72 116
72 124
72 126
72 127
72 130
72 134
72 135
72 143
72 149
72 150
72 156
72 171
72 174
72 175
72 178
72 180
72 182
72 184
72 187
72 188
72 190
72 193
72 196
73 76
73 77
73 78
73 80
73 82
73 83
73 91
73 99
73 101
73 103
73 104
73 111
73 114
73 116
73 122
73 124
73 127
73 132
73 136
73 139
73 142
73 144
73 149
73 150
73 154
73 155
73 157
73 160
73 167
73 178
73 179
73 181
73 184
73 185
73 188
73 191
73 193
73 194
73 195
74 75
74 76
74 79
74 80
74 81
74 82
74 88
74 89
74 93
74 94
74 102
74 104
74 106
74 111
74 113
74 119
74 124
74 128
74 136
74 139
74 143
74 155
74 160
74 166
74 169
74 174
74 183
74 189
74 193
74 195
75 76
75 82
75 85
75 87
75 93
75 95
75 106
75 110
75 111
75 118
75 120
75 121
75 122
75 126
75 135
75 136
75 137
75 140
75 141
75 147
75 149
75 155
75 158
75 159
75 161
75 165
75 168
75 170
75 181
75 187
75 189
75 192
75 196
75 197
75 199
76 79
76 80
76 83
76 95
76 102
76 117
76 119
76 126
76 127
76 129
76 130
76 133
76 136
76 140
76 143
76 146
76 148
76 153
76 159
76 160
76 162
76 164
76 166
76 178
76 179
76 181
76 192
77 79
77 81
77 88
77 94
77 95
77 99
77 101
77 111
77 112
77 113
77 114
77 116
77 120
77 122
77 124
77 127
77 129
77 134
77 136
77 143
77 144
77 153
77 155
77 156
77 158
77 160
77 162
77 170
77 171
77 182
77 184
77 186
77 189
77 195
77 197
78 83
78 91
78 98
78 99
78 103
78 104
78 105
78 109
78 111
78 114
78 115
78 116
78 119
78 124
78 126
78 128
78 133
78 136
78 138
78 141
78 142
78 143
78 144
78 145
78 160
78 163
78 164
78 165
78 166
78 170
78 171
78 177
78 179
78 193
78 196
78 197
78 199
79 81
79 84
79 85
79 86
79 97
79 102
79 108
79 110
79 111
79 112
79 115
79 117
79 119
79 120
79 124
79 130
79 131
79 133
79 137
79 139
79 140
79 144
79 145
79 146
79 150
79 155
79 159
79 161
79 166
79 171
79 180
79 185
79 188
79 190
79 192
79 193
80 83
80 84
80 89
80 91
80 102
80 108
80 112
80 113
80 117
80 119
80 120
80 123
80 124
80 125
80 133
80 134
80 138
80 140
80 146
80 149
80 153
80 157
80 164
80 169
80 171
80 176
80 179
80 181
80 187
80 193
80 194
80 197
81 82
81 85
81 88
81 93
81 94
81 105
81 108
81 109
81 110
81 112
81 114
81 117
81 118
81 120
81 121
81 126
81 131
81 134
81 138
81 139
81 140
81 143
81 146
81 149
81 153
81 157
81 164
81 167
81 169
81 172
81 173
81 178
81 185
81 187
81 188
81 189
81 193
81 197
81 198
82 85
82 87
82 95
82 102
82 103
82 107
82 108
82 118
82 121
82 124
82 125
82 126
82 127
82 128
82 130
82 135
82 143
82 144
82 148
82 150
82 160
82 161
82 163
82 169
82 170
82 173
82 177
82 180
82 186
82 191
82 193
82 194
82 196
82 199
83 88
83 90
83 94
83 95
83 98
83 103
83 109
83 110
83 114
83 115
83 116
83 118
83 129
83 130
83 134
83 135
83 139
83 141
83 146
83 149
83 151
83 159
83 162
83 168
83 171
83 174
83 178
83 182
83 184
83 189
83 194
83 196
84 90
84 102
84 104
84 108
84 117
84 119
84 123
84 126
84 127
84 130
84 133
84 138
84 139
84 147
84 155
84 157
84 158
84 162
84 166
84 167
84 170
84 174
84 175
84 176
84 177
84 179
84 183
84 185
84 190
84 193
84 195
84 198
84 199
85 89
85 90
85 94
85 96
85 103
85 109
85 114
85 117
85 118
85 119
85 124
85 129
85 130
85 131
85 132
85 134
85 142
85 144
85 147
85 153
85 154
85 155
85 156
85 157
85 158
85 164
85 173
85 174
85 178
85 183
85 185
85 194
85 199
86 96
86 103
86 104
86 114
86 120
86 121
86 139
86 141
86 143
86 145
86 146
86 153
86 159
86 161
86 165
86 168
86 170
86 171
86 172
86 178
86 187
86 188
86 189
86 190
86 197
86 199
87 95
87 96
87 97
87 104
87 106
87 107
87 113
87 114
87 118
87 126
87 135
87 138
87 139
87 143
87 151
87 169
87 171
87 172
87 178
87 179
87 181
87 182
87 199
88 100
88 101
88 102
88 104
88 105
88 106
88 108
88 111
88 113
88 119
88 128
88 132
88 135
88 136
88 139
88 144
88 146
88 150
88 151
88 152
88 154
88 167
88 169
88 171
88 173
88 175
88 178
88 179
88 181
88 182
88 183
88 187
88 188
88 190
88 191
88 195
89 91
89 99
89 104
89 107
89 108
89 110
89 116
89 121
89 124
89 126
89 128
89 134
89 136
89 138
89 145
89 156
89 157
89 158
89 169
89 172
89 181
89 185
89 186
89 188
89 191
90 93
90 102
90 106
90 109
90 117
90 118
90 119
90 128
90 135
90 137
90 144
90 146
90 148
90 149
90 150
90 151
90 165
90 166
90 171
90 176
90 182
90 183
90 184
90 185
90 187
90 189
90 190
90 197
90 198
90 199
91 92
91 96
91 97
91 102
91 106
91 114
91 116
91 119
91 121
91 122
91 123
91 125
91 126
91 128
91 130
91 131
91 134
91 138
91 140
91 143
91 144
91 149
91 161
91 165
91 169
91 170
91 171
91 173
91 175
91 176
91 179
91 181
91 187
91 188
91 196
91 197
92 100
92 101
92 103
92 106
92 111
92 114
92 115
92 118
92 125
92 126
92 127
92 135
92 138
92 143
92 147
92 150
92 152
92 158
92 161
92 162
92 164
92 165
92 166
92 169
92 176
92 177
92 184
92 188
92 192
92 194
92 197
93 94
93 95
93 98
93 100
93 101
93 102
93 103
93 108
93 112
93 117
93 120
93 123
93 125
93 126
93 127
93 128
93 132
93 133
93 136
93 137
93 139
93 145
93 150
93 151
93 153
93 156
93 161
93 162
93 166
93 173
93 175
93 177
93 190
93 191
93 192
93 198
94 100
94 102
94 105
94 106
94 111
94 113
94 117
94 118
94 122
94 128
94 129
94 130
94 131
94 142
94 145
94 150
94 157
94 164
94 167
94 168
94 183
94 185
94 190
94 192
94 193
94 195
95 96
95 99
95 106
95 108
95 109
95 110
95 112
95 114
95 116
95 119
95 120
95 121
95 123
95 125
95 126
95 129
95 134
95 135
95 141
95 142
95 153
95 155
95 163
95 171
95 176
95 183
95 185
95 186
95 188
95 189
95 191
95 195
95 199
96 98
96 99
96 107
96 108
96 109
96 119
96 120
96 123
96 125
96 128
96 135
96 138
96 139
96 141
96 145
96 148
96 157
96 158
96 159
96 162
96 163
96 170
96 175
96 177
96 182
96 186
96 187
96 190
96 191
96 196
96 199
97 98
97 102
97 105
97 106
97 111
97 116
97 117
97 120
97 121
97 126
97 133
97 136
97 141
97 143
97 146
97 157
97 162
97 165
97 171
97 176
97 177
97 180
97 183
97 184
97 188
97 189
97 191
97 193
97 197
97 198
97 199
98 103
98 107
98 108
98 111
98 112
98 115
98 133
98 136
98 139
98 152
98 155
98 162
98 172
98 174
98 177
98 178
98 179
98 187
98 190
98 193
98 195
99 101
99 114
99 116
99 125
99 128
99 131
99 132
99 138
99 143
99 144
99 149
99 153
99 156
99 158
99 159
99 160
99 162
99 168
99 170
99 171
99 172
99 173
99 181
99 182
99 183
99 184
99 192
99 193
99 195
99 196
100 101
100 104
100 107
100 108
100 110
100 111
100 113
100 114
100 115
100 117
100 118
100 119
100 124
100 132
100 134
100 137
100 140
100 146
100 148
100 149
100 150
100 151
100 152
100 154
100 155
100 157
100 162
100 163
100 165
100 166
100 167
100 172
100 173
100 174
100 177
100 178
100 180
100 181
100 188
100 191
100 193
100 196
100 199
101 102
101 107
101 109
101 112
101 114
101 117
101 123
101 129
101 137
101 138
101 148
101 154
101 155
101 157
101 167
101 168
101 170
101 172
101 173
101 177
101 178
101 179
101 183
101 187
101 188
101 193
101 195
101 196
101 199
102 104
102 107
102 112
102 117
102 120
102 123
102 127
102 130
102 131
102 134
102 135
102 140
102 144
102 146
102 150
102 155
102 168
102 169
102 171
102 173
102 176
102 178
102 180
102 182
102 184
102 191
102 197
103 109
103 110
103 111
103 112
103 114
103 116
103 120
103 121
103 124
103 128
103 137
103 150
103 151
103 155
103 160
103 162
103 164
103 166
103 168
103 170
103 171
103 178
103 180
103 181
103 194
103 198
104 106
104 111
104 115
104 118
104 120
104 122
104 123
104 124
104 131
104 132
104 137
104 138
104 139
104 142
104 143
104 150
104 151
104 155
104 156
104 160
104 161
104 171
104 172
104 179
104 181
104 182
104 186
104 188
104 190
104 196
104 197
104 198
105 109
105 112
105 113
105 115
105 120
105 126
105 128
105 129
105 131
105 138
105 142
105 145
105 149
105 154
105 155
105 160
105 161
105 162
105 166
105 170
105 174
105 175
105 176
105 182
105 183
105 186
105 190
105 192
105 193
105 195
105 198
106 111
106 114
106 116
106 118
106 119
106 123
106 126
106 130
106 134
106 138
106 140
106 141
106 143
106 146
106 147
106 148
106 152
106 153
106 156
106 164
106 177
106 180
106 185
106 187
106 190
106 194
106 195
106 198
106 199
107 108
107 112
107 118
107 129
107 131
107 132
107 134
107 135
107 137
107 139
107 140
107 143
107 144
107 146
107 151
107 155
107 156
107 157
107 166
107 171
107 172
107 174
107 184
107 187
107 188
107 189
107 192
107 197
107 199
108 109
108 111
108 113
108 117
108 120
108 121
108 124
108 128
108 131
108 132
108 133
108 139
108 141
108 142
108 143
108 146
108 149
108 153
108 155
108 162
108 169
108 173
108 177
108 183
108 185
108 186
108 187
108 191
108 197
108 198
109 110
109 115
109 127
109 132
109 134
109 137
109 139
109 144
109 146
109 151
109 153
109 154
109 156
109 160
109 163
109 168
109 169
109 171
109 173
109 177
109 182
109 183
109 184
109 185
109 189
109 191
109 199
110 114
110 116
110 119
110 120
110 123
110 126
110 131
110 145
110 147
110 150
110 156
110 157
110 159
110 160
110 162
110 166
110 167
110 170
110 171
110 172
110 174
110 175
110 177
110 183
110 184
110 187
110 188
110 190
110 192
110 195
111 116
111 120
111 122
111 123
111 127
111 130
111 132
111 138
111 140
111 143
111 150
111 158
111 160
111 161
111 164
111 171
111 172
111 179
111 184
111 186
111 187
111 189
111 190
111 194
111 195
112 119
112 126
112 135
112 136
112 139
112 140
112 143
112 145
112 147
112 154
112 159
112 164
112 165
112 172
112 174
112 180
112 181
112 182
112 184
112 190
112 192
112 193
112 195
112 196
112 197
112 199
113 114
113 116
113 117
113 121
113 130
113 137
113 138
113 140
113 143
113 145
113 148
113 152
113 158
113 159
113 172
113 173
113 177
113 179
113 180
113 181
113 182
113 189
113 194
113 195
114 115
114 123
114 126
114 127
114 137
114 139
114 141
114 142
114 151
114 156
114 157
114 165
114 173
114 178
114 183
114 187
114 191
114 193
114 194
114 195
114 196
114 197
114 198
114 199
115 120
115 121
115 124
115 126
115 128
115 131
115 132
115 133
115 134
115 138
115 140
115 141
115 145
115 150
115 151
115 153
115 155
115 156
115 163
115 164
115 165
115 167
115 174
115 175
115 179
115 180
115 182
115 183
115 189
115 193
115 194
115 196
115 197
115 198
116 118
116 119
116 123
116 125
116 127
116 130
116 133
116 134
116 136
116 137
116 140
116 142
116 147
116 150
116 159
116 162
116 166
116 169
116 173
116 179
116 180
116 186
116 190
116 194
116 197
116 198
116 199
117 119
117 120
117 122
117 129
117 132
117 133
117 137
117 141
117 152
117 153
117 156
117 160
117 163
117 164
117 167
117 172
117 176
117 177
117 180
117 181
117 185
117 186
117 191
117 198
118 119
118 124
118 129
118 136
118 139
118 140
118 141
118 142
118 146
118 149
118 150
118 155
118 156
118 159
118 160
118 164
118 166
118 168
118 169
118 170
118 172
118 174
118 176
118 177
118 178
118 179
118 182
118 183
118 184
118 185
118 187
118 191
118 197
119 121
119 122
119 125
119 128
119 129
119 132
119 139
119 148
119 150
119 151
119 154
119 157
119 160
119 161
119 162
119 172
119 179
119 180
119 181
119 185
119 186
119 187
119 190
119 193
119 199
120 125
120 127
120 128
120 129
120 137
120 146
120 148
120 152
120 153
120 162
120 165
120 168
120 169
120 171
120 174
120 182
120 187
120 191
120 192
121 124
121 126
121 127
121 130
121 134
121 137
121 140
121 147
121 156
121 157
121 158
121 159
121 160
121 161
121 163
121 166
121 170
121 175
121 179
121 181
121 187
121 189
121 192
121 195
121 198
121 199
122 128
122 134
122 135
122 139
122 140
122 141
122 146
122 147
122 148
122 156
122 158
122 161
122 165
122 168
122 172
122 175
122 176
122 178
122 180
122 183
122 184
122 188
123 127
123 129
123 134
123 136
123 145
123 149
123 152
123 153
123 154
123 155
123 156
123 157
123 159
123 161
123 163
123 167
123 169
123 176
123 178
123 179
123 180
123 185
123 188
123 190
123 193
123 196
124 125
124 131
124 132
124 134
124 140
124 147
124 154
124 155
124 156
124 158
124 159
124 162
124 163
124 164
124 167
124 168
124 172
124 174
124 177
124 180
124 181
124 183
124 185
124 186
124 188
124 190
124 195
125 129
125 130
125 132
125 133
125 134
125 140
125 141
125 146
125 149
125 155
125 156
125 157
125 165
125 167
125 168
125 174
125 176
125 179
125 182
125 183
125 184
125 188
125 193
125 194
125 195
125 196
126 130
126 131
126 132
126 134
126 135
126 136
126 137
126 141
126 144
126 149
126 152
126 154
126 156
126 158
126 159
126 163
126 168
126 171
126 178
126 180
126 183
126 188
126 191
126 196
127 128
127 129
127 132
127 133
127 141
127 145
127 149
127 151
127 153
127 155
127 162
127 163
127 169
127 172
127 177
127 182
127 184
127 185
127 187
127 189
127 191
127 194
127 197
128 129
128 138
128 141
128 142
128 148
128 165
128 166
128 170
128 178
128 182
128 184
128 194
128 195
128 197
128 199
129 130
129 133
129 135
129 141
129 142
129 145
129 154
129 156
129 159
129 162
129 163
129 166
129 175
129 178
129 180
129 194
129 196
129 197
129 198
130 134
130 136
130 139
130 140
130 147
130 149
130 151
130 153
130 155
130 156
130 162
130 165
130 166
130 169
130 170
130 171
130 172
130 175
130 178
130 181
130 184
130 187
130 188
130 191
130 194
130 196
131 134
131 141
131 146
131 151
131 152
131 159
131 169
131 172
131 175
131 185
131 186
131 190
131 193
131 194
132 135
132 149
132 151
132 154
132 156
132 160
132 163
132 164
132 167
132 168
132 172
132 174
132 186
132 189
132 194
133 136
133 139
133 144
133 148
133 153
133 154
133 155
133 156
133 159
133 160
133 162
133 167
133 169
133 173
133 175
133 176
133 179
133 184
133 188
133 189
133 190
133 192
133 193
133 194
133 199
134 136
134 137
134 139
134 140
134 142
134 146
134 155
134 160
134 161
134 162
134 168
134 174
134 175
134 177
134 188
134 191
134 194
134 196
135 140
135 141
135 147
135 148
135 151
135 153
135 154
135 155
135 160
135 161
135 163
135 165
135 167
135 170
135 175
135 177
135 178
135 179
135 184
135 186
135 194
135 197
135 198
135 199
136 137
136 138
136 142
136 143
136 146
136 150
136 156
136 159
136 167
136 169
136 171
136 184
136 192
136 193
136 196
136 198
137 138
137 139
137 142
137 144
137 149
137 150
137 151
137 153
137 156
137 163
137 166
137 169
137 172
137 176
137 179
137 184
137 186
137 189
137 191
137 194
137 195
137 197
138 147
138 148
138 150
138 152
138 155
138 156
138 159
138 164
138 166
138 173
138 175
138 178
138 183
138 187
138 191
138 196
138 197
138 199
139 140
139 142
139 146
139 148
139 150
139 151
139 157
139 167
139 168
139 169
139 171
139 175
139 177
139 183
139 186
139 193
139 194
139 198
140 141
140 147
140 163
140 167
140 172
140 178
140 186
140 187
140 188
140 191
140 192
140 195
140 197
140 199
141 142
141 144
141 147
141 154
141 159
141 161
141 162
141 168
141 170
141 175
141 184
141 186
141 190
141 195
141 197
142 143
142 144
142 145
142 153
142 154
142 156
142 162
142 164
142 166
142 168
142 170
142 177
142 185
142 195
142 196
142 199
143 144
143 155
143 161
143 165
143 168
143 170
143 175
143 180
143 181
143 182
143 185
143 186
143 191
143 194
143 195
143 196
143 199
144 148
144 150
144 153
144 159
144 169
144 174
144 187
144 188
144 189
144 194
144 198
144 199
145 148
145 150
145 158
145 159
145 162
145 165
145 166
145 169
145 171
145 174
145 178
145 180
145 187
145 194
145 197
145 199
146 147
146 148
146 149
146 152
146 159
146 164
146 166
146 167
146 172
146 173
146 175
146 176
146 177
146 180
146 183
146 185
146 190
146 198
146 199
147 149
147 151
147 152
147 156
147 160
147 164
147 165
147 177
147 179
147 180
147 181
147 183
147 190
147 191
147 192
147 196
148 150
148 151
148 155
148 158
148 164
148 168
148 169
148 173
148 174
148 184
148 187
148 195
148 196
148 198
149 152
149 153
149 155
149 158
149 163
149 168
149 169
149 171
149 175
149 180
149 182
149 187
149 189
149 191
149 193
149 194
149 198
149 199
150 153
150 154
150 157
150 158
150 160
150 161
150 172
150 173
150 175
150 176
150 177
150 178
150 181
150 187
150 190
150 192
150 196
150 198
151 160
151 163
151 164
151 170
151 172
151 173
151 175
151 176
151 181
151 184
151 188
151 191
151 195
151 197
151 199
152 159
152 165
152 166
152 168
152 169
152 170
152 172
152 174
152 178
152 187
152 191
152 196
152 199
153 158
153 160
153 162
153 165
153 166
153 167
153 175
153 177
153 180
153 181
153 183
153 188
153 191
153 196
154 156
154 157
154 158
154 162
154 170
154 174
154 175
154 176
154 186
154 188
154 195
154 198
154 199
155 160
155 165
155 172
155 176
155 179
155 181
155 183
155 185
156 158
156 160
156 161
156 164
156 165
156 168
156 170
156 173
156 175
156 177
156 178
156 179
156 182
156 184
156 189
156 190
156 198
157 159
157 160
157 164
157 168
157 171
157 173
157 177
157 179
157 181
157 185
157 186
157 187
157 188
157 191
157 195
157 196
158 161
158 165
158 169
158 172
158 176
158 181
158 189
158 193
158 194
158 198
159 160
159 163
159 164
159 172
159 175
159 176
159 177
159 179
159 180
159 181
159 184
159 189
159 191
159 193
159 199
160 166
160 168
160 171
160 172
160 173
160 178
160 183
160 185
160 186
160 188
160 189
161 163
161 164
161 166
161 167
161 171
161 176
161 179
161 182
161 184
161 186
161 188
161 191
162 166
162 168
162 173
162 175
162 176
162 182
162 183
162 190
162 191
163 164
163 169
163 179
163 183
163 187
163 188
163 193
163 195
164 167
164 168
164 172
164 179
164 181
164 183
164 187
164 199
165 166
165 168
165 174
165 178
165 179
165 184
165 186
165 187
165 196
165 197
165 198
166 167
166 170
166 172
166 174
166 180
166 183
166 189
166 190
166 195
166 197
167 168
167 171
167 172
167 180
167 181
167 185
167 191
167 192
168 169
168 171
168 174
168 177
168 178
168 179
168 181
168 185
168 188
168 189
168 194
168 197
169 175
169 176
169 179
169 182
169 189
169 192
169 193
169 195
170 175
170 177
170 180
170 182
170 185
170 189
170 192
170 198
171 175
171 176
171 177
171 181
171 184
171 187
171 188
171 189
171 190
171 191
171 192
171 194
171 196
171 199
172 174
172 179
172 181
172 184
172 187
172 188
172 191
172 192
172 193
172 195
172 199
173 175
173 178
173 184
173 187
173 188
173 190
173 191
173 193
173 195
173 197
173 199
174 176
174 179
174 183
174 184
174 185
174 188
174 190
174 191
174 195
174 199
175 177
175 180
175 196
176 181
176 182
176 185
176 186
176 187
176 189
176 197
177 179
177 181
177 182
177 191
177 192
177 196
178 181
178 182
178 190
178 191
178 197
179 181
179 195
180 181
180 189
180 192
180 194
180 195
180 198
181 185
181 187
181 195
181 196
182 184
182 186
182 187
182 189
182 193
182 194
182 199
183 184
183 188
183 196
183 198
184 188
184 190
184 191
184 193
184 198
184 199
185 187
185 192
185 193
185 196
186 187
186 188
186 191
186 193
187 189
187 190
187 198
187 199
188 189
188 192
188 193
188 194
188 197
189 192
189 193
189 196
189 198
189 199
190 191
190 193
190 196
191 195
191 198
191 199
192 194
192 199
193 198
195 197
196 198
197 199
