300 8993
0 6
0 8
0 9
0 12
0 16
0 24
0 25
0 26
0 30
0 46
0 47
0 50
0 51
0 59
0 62
0 66
0 67
0 70
0 72
0 78
0 85
0 94
0 95
0 97
0 104
0 108
0 114
0 117
0 126
0 133
0 134
0 135
0 137
0 139
0 147
0 153
0 155
0 163
0 166
0 168
0 174
0 176
0 179
0 182
0 190
0 191
0 194
0 196
0 199
0 202
0 211
0 212
0 215
0 232
0 235
0 237
0 242
0 244
0 246
0 247
0 250
0 255
0 260
0 264
0 266
0 267
0 268
0 269
0 272
0 277
0 290
0 291
0 296
0 299
1 5
1 7
1 10
1 12
1 13
1 16
1 20
1 25
1 29
1 34
1 36
1 37
1 47
1 49
1 56
1 62
1 64
1 68
1 79
1 85
1 90
1 93
1 103
1 106
1 117
1 120
1 121
1 124
1 130
1 132
1 133
1 135
1 136
1 165
1 180
1 182
1 185
1 190
1 192
1 198
1 203
1 221
1 222
1 227
1 231
1 235
1 240
1 241
1 245
1 248
1 249
1 254
1 256
1 258
1 264
1 288
1 292
1 295
1 297
2 6
2 8
2 10
2 13
2 15
2 23
2 24
2 25
2 26
2 32
2 35
2 38
2 50
2 53
2 55
2 61
2 62
2 65
2 68
2 74
2 76
2 82
2 89
2 90
2 116
2 120
2 125
2 129
2 131
2 143
2 146
2 148
2 153
2 156
2 158
2 168
2 175
2 184
2 185
2 188
2 189
2 191
2 193
2 210
2 213
2 214
2 229
2 232
2 236
2 242
2 252
2 253
2 255
2 261
2 271
2 292
2 294
2 295
2 299
3 6
3 8
3 15
3 23
3 24
3 31
3 35
3 41
3 54
3 56
3 65
3 70
3 73
3 81
3 86
3 89
3 91
3 98
3 109
3 112
3 117
3 123
3 124
3 132
3 142
3 146
3 149
3 153
3 154
3 159
3 160
3 162
3 163
3 165
3 171
3 176
3 185
3 186
3 190
3 202
3 203
3 209
3 212
3 215
3 218
3 221
3 227
3 231
3 236
3 238
3 239
3 245
3 246
3 249
3 250
3 259
3 262
3 266
3 274
3 278
3 279
3 281
3 282
3 294
3 295
4 9
4 11
4 17
4 20
4 21
4 22
4 27
4 40
4 49
4 54
4 60
4 64
4 66
4 77
4 90
4 98
4 108
4 114
4 118
4 121
4 123
4 125
4 133
4 134
4 147
4 150
4 155
4 159
4 163
4 168
4 179
4 183
4 190
4 193
4 195
4 196
4 198
4 200
4 204
4 205
4 208
4 214
4 219
4 223
4 231
4 241
4 252
4 259
4 266
4 272
4 291
4 293
4 298
5 7
5 11
5 13
5 14
5 16
5 18
5 19
5 21
5 23
5 28
5 39
5 50
5 56
5 62
5 64
5 65
5 73
5 77
5 90
5 91
5 96
5 97
5 105
5 111
5 113
5 116
5 128
5 131
5 133
5 137
5 140
5 143
5 145
5 153
5 164
5 167
5 169
5 172
5 173
5 174
5 177
5 178
5 180
5 183
5 193
5 195
5 203
5 213
5 219
5 223
5 232
5 238
5 242
5 249
5 255
5 265
5 268
5 273
5 274
5 275
5 286
5 297
6 13
6 14
6 16
6 19
6 31
6 33
6 34
6 38
6 44
6 45
6 51
6 52
6 53
6 54
6 57
6 58
6 60
6 62
6 64
6 65
6 68
6 71
6 72
6 76
6 80
6 94
6 95
6 98
6 99
6 100
6 103
6 105
6 123
6 128
6 133
6 135
6 142
6 143
6 144
6 146
6 148
6 151
6 152
6 157
6 160
6 162
6 171
6 178
6 179
6 184
6 186
6 212
6 214
6 216
6 217
6 228
6 233
6 235
6 236
6 237
6 239
6 240
6 243
6 245
6 249
6 250
6 253
6 269
6 278
6 279
6 295
6 296
7 13
7 14
7 20
7 37
7 38
7 40
7 51
7 54
7 56
7 64
7 69
7 78
7 84
7 87
7 99
7 100
7 103
7 104
7 110
7 112
7 113
7 120
7 123
7 126
7 127
7 129
7 137
7 140
7 150
7 152
7 155
7 171
7 175
7 180
7 181
7 182
7 186
7 187
7 199
7 200
7 202
7 208
7 211
7 228
7 233
7 236
7 239
7 243
7 245
7 247
7 253
7 260
7 262
7 264
7 270
7 274
7 280
7 281
7 286
7 298
8 15
8 18
8 19
8 30
8 31
8 32
8 33
8 54
8 55
8 56
8 58
8 60
8 76
8 83
8 84
8 88
8 89
8 93
8 94
8 97
8 98
8 102
8 109
8 111
8 113
8 115
8 116
8 119
8 129
8 131
8 144
8 145
8 147
8 149
8 150
8 152
8 169
8 170
8 176
8 180
8 189
8 193
8 204
8 214
8 218
8 224
8 226
8 228
8 238
8 249
8 251
8 252
8 254
8 255
8 262
8 263
8 282
8 283
8 293
8 295
9 15
9 21
9 41
9 43
9 67
9 70
9 74
9 88
9 91
9 94
9 95
9 97
9 100
9 107
9 118
9 120
9 122
9 123
9 127
9 133
9 134
9 140
9 141
9 143
9 144
9 157
9 164
9 169
9 172
9 177
9 186
9 189
9 198
9 200
9 210
9 213
9 223
9 224
9 227
9 228
9 234
9 235
9 244
9 251
9 254
9 255
9 260
9 271
9 272
9 280
9 281
9 282
9 284
9 288
9 293
9 295
9 296
9 297
9 298
10 12
10 14
10 19
10 34
10 36
10 39
10 40
10 41
10 43
10 50
10 60
10 63
10 76
10 79
10 80
10 90
10 112
10 117
10 119
10 122
10 124
10 126
10 127
10 132
10 135
10 137
10 144
10 149
10 151
10 161
10 179
10 182
10 185
10 187
10 193
10 207
10 209
10 211
10 215
10 220
10 225
10 237
10 239
10 241
10 247
10 251
10 253
10 256
10 273
10 274
10 277
10 290
10 292
10 296
11 16
11 20
11 23
11 29
11 31
11 32
11 49
11 50
11 53
11 55
11 61
11 62
11 66
11 67
11 72
11 76
11 84
11 87
11 88
11 104
11 110
11 111
11 113
11 117
11 120
11 126
11 128
11 129
11 145
11 151
11 160
11 165
11 170
11 174
11 177
11 178
11 185
11 186
11 193
11 194
11 196
11 200
11 202
11 213
11 214
11 216
11 217
11 221
11 224
11 226
11 228
11 229
11 232
11 234
11 240
11 248
11 250
11 253
11 277
11 278
11 279
11 283
11 288
11 291
11 294
12 13
12 20
12 22
12 35
12 46
12 50
12 55
12 56
12 58
12 59
12 69
12 83
12 87
12 91
12 103
12 105
12 110
12 121
12 130
12 131
12 145
12 148
12 151
12 160
12 162
12 165
12 174
12 190
12 213
12 223
12 225
12 242
12 245
12 248
12 251
12 256
12 257
12 259
12 269
12 271
12 273
12 281
12 291
12 294
12 295
12 297
13 20
13 27
13 32
13 36
13 39
13 40
13 43
13 55
13 67
13 68
13 69
13 71
13 97
13 100
13 103
13 110
13 111
13 118
13 120
13 126
13 130
13 131
13 134
13 135
13 151
13 152
13 154
13 162
13 166
13 181
13 184
13 196
13 197
13 205
13 210
13 217
13 222
13 224
13 231
13 238
13 245
13 258
13 275
13 277
13 295
14 28
14 29
14 30
14 35
14 36
14 40
14 44
14 45
14 51
14 52
14 53
14 55
14 56
14 62
14 74
14 76
14 82
14 83
14 87
14 88
14 105
14 106
14 108
14 111
14 118
14 126
14 136
14 138
14 139
14 142
14 144
14 146
14 149
14 161
14 163
14 169
14 177
14 178
14 180
14 187
14 188
14 193
14 194
14 196
14 214
14 216
14 219
14 226
14 227
14 230
14 234
14 237
14 244
14 256
14 269
14 279
14 281
14 282
14 283
14 284
14 285
14 286
15 17
15 45
15 48
15 56
15 59
15 63
15 67
15 69
15 77
15 103
15 108
15 110
15 112
15 113
15 123
15 125
15 126
15 138
15 139
15 155
15 160
15 162
15 164
15 166
15 170
15 175
15 180
15 182
15 185
15 191
15 192
15 200
15 202
15 208
15 210
15 211
15 232
15 235
15 241
15 245
15 246
15 261
15 267
15 284
15 290
15 297
15 299
16 18
16 21
16 22
16 23
16 29
16 34
16 37
16 38
16 39
16 54
16 66
16 69
16 89
16 99
16 105
16 107
16 108
16 116
16 118
16 122
16 127
16 129
16 135
16 144
16 155
16 160
16 163
16 172
16 179
16 183
16 190
16 192
16 194
16 195
16 197
16 211
16 218
16 225
16 228
16 247
16 263
16 266
16 271
16 290
16 293
17 25
17 26
17 28
17 37
17 41
17 45
17 52
17 54
17 55
17 59
17 61
17 66
17 70
17 83
17 87
17 94
17 101
17 106
17 111
17 119
17 121
17 123
17 128
17 140
17 143
17 148
17 162
17 166
17 173
17 184
17 190
17 199
17 200
17 208
17 209
17 210
17 211
17 212
17 219
17 226
17 229
17 230
17 236
17 237
17 245
17 251
17 258
17 262
17 263
17 264
17 266
17 274
17 277
17 284
18 19
18 20
18 21
18 29
18 35
18 45
18 46
18 47
18 50
18 60
18 62
18 66
18 68
18 82
18 87
18 89
18 92
18 94
18 97
18 101
18 114
18 122
18 127
18 128
18 144
18 146
18 154
18 168
18 176
18 177
18 179
18 184
18 187
18 188
18 192
18 197
18 199
18 207
18 214
18 222
18 223
18 224
18 235
18 236
18 237
18 238
18 239
18 245
18 258
18 260
18 265
18 276
18 285
18 286
18 295
19 22
19 23
19 28
19 33
19 36
19 38
19 50
19 55
19 57
19 60
19 70
19 79
19 91
19 109
19 110
19 116
19 126
19 127
19 129
19 139
19 149
19 150
19 152
19 153
19 160
19 165
19 167
19 169
19 170
19 171
19 174
19 183
19 186
19 187
19 192
19 195
19 196
19 197
19 199
19 202
19 207
19 209
19 219
19 221
19 222
19 223
19 232
19 234
19 236
19 237
19 238
19 239
19 240
19 243
19 246
19 248
19 250
19 259
19 278
19 283
19 287
19 290
19 292
20 22
20 29
20 33
20 38
20 43
20 47
20 65
20 74
20 75
20 81
20 84
20 85
20 88
20 89
20 95
20 104
20 111
20 115
20 117
20 122
20 126
20 127
20 131
20 135
20 140
20 143
20 145
20 152
20 153
20 154
20 159
20 175
20 185
20 190
20 210
20 213
20 214
20 229
20 230
20 244
20 252
20 254
20 268
20 269
20 278
20 282
20 283
20 287
20 288
20 296
21 28
21 30
21 35
21 37
21 43
21 49
21 50
21 55
21 66
21 73
21 84
21 91
21 92
21 98
21 101
21 105
21 115
21 122
21 125
21 146
21 151
21 159
21 160
21 164
21 171
21 176
21 180
21 183
21 189
21 205
21 212
21 214
21 216
21 217
21 225
21 229
21 230
21 234
21 243
21 245
21 248
21 257
21 259
21 266
21 276
21 279
21 284
21 294
21 295
21 296
21 299
22 27
22 28
22 29
22 31
22 35
22 43
22 54
22 69
22 79
22 86
22 90
22 91
22 95
22 97
22 101
22 102
22 104
22 105
22 108
22 123
22 128
22 134
22 139
22 151
22 154
22 162
22 172
22 173
22 178
22 189
22 197
22 214
22 215
22 223
22 234
22 237
22 250
22 254
22 258
22 262
22 264
22 266
22 274
22 282
22 285
22 287
22 289
22 294
22 296
22 299
23 25
23 41
23 46
23 49
23 56
23 58
23 63
23 68
23 74
23 77
23 84
23 85
23 86
23 89
23 90
23 94
23 97
23 111
23 112
23 127
23 138
23 143
23 144
23 145
23 147
23 150
23 155
23 178
23 192
23 196
23 199
23 201
23 208
23 209
23 211
23 212
23 217
23 218
23 222
23 223
23 236
23 242
23 252
23 264
23 270
23 272
23 279
23 281
23 292
23 295
24 26
24 28
24 29
24 32
24 34
24 45
24 57
24 62
24 63
24 64
24 67
24 69
24 71
24 73
24 79
24 81
24 84
24 86
24 92
24 95
24 100
24 101
24 114
24 127
24 130
24 136
24 138
24 139
24 142
24 147
24 151
24 152
24 158
24 162
24 168
24 174
24 191
24 196
24 204
24 206
24 208
24 220
24 223
24 226
24 234
24 241
24 242
24 243
24 244
24 247
24 251
24 260
24 262
24 274
24 276
24 279
24 287
24 294
24 296
24 297
25 34
25 35
25 36
25 43
25 55
25 58
25 62
25 64
25 66
25 69
25 71
25 73
25 76
25 82
25 87
25 88
25 89
25 97
25 100
25 102
25 103
25 111
25 113
25 123
25 125
25 126
25 127
25 138
25 141
25 142
25 143
25 148
25 150
25 154
25 157
25 160
25 176
25 179
25 185
25 187
25 201
25 202
25 218
25 221
25 224
25 228
25 231
25 234
25 243
25 257
25 259
25 266
25 267
25 270
25 278
25 280
25 287
25 294
26 27
26 30
26 36
26 47
26 49
26 59
26 61
26 64
26 70
26 76
26 78
26 80
26 82
26 83
26 96
26 98
26 100
26 101
26 109
26 114
26 117
26 120
26 125
26 132
26 134
26 140
26 145
26 147
26 159
26 163
26 183
26 201
26 204
26 210
26 219
26 233
26 239
26 250
26 255
26 260
26 263
26 266
26 269
26 271
26 272
26 278
26 287
26 289
26 294
26 295
27 32
27 35
27 41
27 42
27 43
27 44
27 49
27 65
27 68
27 70
27 80
27 93
27 98
27 102
27 103
27 106
27 110
27 111
27 118
27 129
27 132
27 135
27 143
27 146
27 148
27 150
27 151
27 156
27 161
27 164
27 172
27 174
27 179
27 180
27 184
27 187
27 193
27 199
27 203
27 204
27 206
27 209
27 212
27 221
27 224
27 228
27 229
27 244
27 256
27 258
27 260
27 262
27 267
27 275
27 276
27 283
27 285
27 288
27 290
27 291
27 295
28 29
28 31
28 32
28 37
28 38
28 39
28 40
28 48
28 51
28 55
28 56
28 58
28 74
28 78
28 79
28 82
28 86
28 93
28 96
28 108
28 111
28 115
28 116
28 117
28 120
28 121
28 123
28 128
28 129
28 134
28 145
28 149
28 151
28 153
28 154
28 160
28 164
28 169
28 174
28 182
28 194
28 197
28 200
28 203
28 221
28 225
28 226
28 231
28 233
28 234
28 245
28 261
28 263
28 264
28 266
28 284
28 286
28 288
29 32
29 42
29 51
29 52
29 61
29 63
29 66
29 69
29 73
29 75
29 78
29 81
29 83
29 91
29 92
29 95
29 98
29 102
29 105
29 106
29 108
29 116
29 119
29 126
29 129
29 132
29 134
29 135
29 136
29 137
29 141
29 145
29 148
29 151
29 168
29 171
29 179
29 184
29 188
29 200
29 202
29 205
29 209
29 212
29 213
29 216
29 217
29 218
29 220
29 225
29 234
29 235
29 243
29 260
29 268
29 271
29 275
29 276
29 279
29 284
29 288
29 289
29 299
30 32
30 35
30 37
30 40
30 41
30 49
30 51
30 52
30 55
30 56
30 74
30 76
30 97
30 99
30 138
30 143
30 153
30 160
30 164
30 168
30 169
30 170
30 179
30 187
30 193
30 203
30 213
30 222
30 227
30 236
30 240
30 245
30 247
30 248
30 251
30 256
30 282
30 283
30 285
30 286
30 287
30 296
31 40
31 41
31 45
31 52
31 66
31 72
31 87
31 100
31 116
31 117
31 119
31 120
31 122
31 140
31 142
31 143
31 146
31 156
31 167
31 169
31 173
31 178
31 182
31 187
31 188
31 190
31 191
31 196
31 211
31 215
31 225
31 234
31 248
31 252
31 256
31 259
31 261
31 266
31 275
31 277
31 281
31 291
31 299
32 33
32 39
32 44
32 53
32 54
32 56
32 57
32 60
32 65
32 66
32 72
32 75
32 79
32 86
32 92
32 93
32 101
32 105
32 108
32 111
32 112
32 115
32 118
32 120
32 123
32 129
32 130
32 134
32 137
32 140
32 148
32 149
32 150
32 154
32 158
32 160
32 167
32 171
32 177
32 184
32 191
32 196
32 207
32 217
32 219
32 230
32 234
32 240
32 250
32 252
32 253
32 254
32 256
32 266
32 267
32 275
32 276
32 278
32 283
32 294
33 41
33 47
33 55
33 58
33 63
33 64
33 71
33 74
33 77
33 85
33 90
33 91
33 92
33 97
33 102
33 104
33 105
33 106
33 110
33 111
33 118
33 120
33 126
33 127
33 144
33 150
33 156
33 157
33 159
33 163
33 168
33 170
33 179
33 183
33 186
33 190
33 191
33 205
33 209
33 210
33 218
33 219
33 225
33 235
33 239
33 254
33 265
33 268
33 274
33 284
33 286
33 289
33 298
33 299
34 39
34 41
34 51
34 60
34 62
34 65
34 67
34 69
34 74
34 78
34 89
34 94
34 98
34 103
34 104
34 107
34 108
34 110
34 114
34 117
34 125
34 126
34 127
34 135
34 143
34 144
34 148
34 152
34 153
34 155
34 162
34 171
34 182
34 183
34 188
34 192
34 205
34 211
34 215
34 219
34 221
34 236
34 241
34 244
34 246
34 247
34 249
34 250
34 272
34 277
34 278
34 290
34 292
34 293
34 295
34 299
35 37
35 39
35 48
35 49
35 50
35 57
35 58
35 59
35 66
35 67
35 70
35 75
35 76
35 79
35 88
35 91
35 99
35 101
35 104
35 110
35 112
35 113
35 121
35 124
35 134
35 137
35 143
35 147
35 151
35 158
35 162
35 176
35 183
35 185
35 195
35 200
35 202
35 212
35 215
35 216
35 220
35 226
35 230
35 231
35 235
35 236
35 239
35 245
35 246
35 247
35 250
35 251
35 252
35 272
35 274
35 286
35 288
35 297
36 43
36 44
36 45
36 46
36 48
36 55
36 56
36 58
36 62
36 68
36 69
36 73
36 79
36 84
36 88
36 92
36 104
36 106
36 116
36 122
36 126
36 128
36 132
36 137
36 142
36 145
36 148
36 150
36 154
36 159
36 162
36 163
36 164
36 165
36 174
36 176
36 178
36 185
36 196
36 206
36 212
36 215
36 219
36 222
36 224
36 232
36 233
36 234
36 237
36 256
36 259
36 263
36 270
36 281
36 289
36 293
36 296
37 38
37 40
37 49
37 59
37 64
37 72
37 77
37 78
37 85
37 89
37 94
37 106
37 109
37 110
37 118
37 123
37 126
37 129
37 140
37 142
37 146
37 151
37 153
37 157
37 164
37 165
37 178
37 191
37 195
37 200
37 205
37 209
37 213
37 219
37 220
37 228
37 232
37 251
37 260
37 261
37 264
37 272
37 277
37 286
37 293
37 294
37 296
37 297
38 40
38 46
38 49
38 51
38 52
38 54
38 56
38 63
38 66
38 72
38 75
38 78
38 79
38 83
38 87
38 89
38 96
38 99
38 101
38 104
38 108
38 111
38 114
38 116
38 119
38 122
38 123
38 134
38 150
38 151
38 159
38 161
38 175
38 177
38 184
38 189
38 194
38 198
38 199
38 200
38 201
38 203
38 206
38 207
38 210
38 215
38 220
38 226
38 230
38 236
38 238
38 239
38 241
38 244
38 266
38 268
38 270
38 274
38 276
38 287
38 293
38 299
39 41
39 50
39 55
39 56
39 60
39 67
39 73
39 89
39 93
39 94
39 98
39 103
39 110
39 118
39 124
39 129
39 132
39 143
39 146
39 148
39 149
39 151
39 153
39 156
39 162
39 163
39 171
39 176
39 184
39 191
39 206
39 207
39 208
39 214
39 221
39 226
39 229
39 232
39 240
39 241
39 242
39 245
39 248
39 251
39 252
39 253
39 258
39 262
39 266
39 267
39 271
39 274
39 287
39 290
40 61
40 62
40 70
40 71
40 76
40 80
40 83
40 86
40 88
40 102
40 103
40 111
40 120
40 122
40 124
40 130
40 135
40 137
40 143
40 146
40 159
40 161
40 184
40 189
40 196
40 199
40 206
40 210
40 212
40 221
40 234
40 235
40 246
40 249
40 250
40 253
40 256
40 259
40 260
40 282
40 284
40 286
40 290
40 291
40 297
41 44
41 51
41 53
41 57
41 59
41 79
41 88
41 94
41 101
41 102
41 112
41 115
41 121
41 123
41 126
41 133
41 134
41 135
41 140
41 148
41 156
41 161
41 173
41 178
41 185
41 207
41 213
41 221
41 225
41 227
41 229
41 230
41 233
41 236
41 242
41 243
41 244
41 247
41 260
41 265
41 268
41 275
41 276
41 277
41 287
41 289
41 290
41 294
41 297
42 45
42 49
42 50
42 61
42 68
42 76
42 87
42 88
42 94
42 101
42 106
42 110
42 124
42 125
42 146
42 149
42 155
42 157
42 159
42 173
42 176
42 178
42 182
42 187
42 188
42 194
42 203
42 211
42 226
42 231
42 233
42 244
42 257
42 261
42 262
42 272
42 279
42 281
42 287
42 291
42 294
42 296
43 51
43 58
43 64
43 68
43 72
43 84
43 90
43 96
43 101
43 106
43 108
43 109
43 110
43 122
43 125
43 126
43 128
43 133
43 139
43 142
43 155
43 157
43 163
43 168
43 173
43 183
43 187
43 189
43 192
43 194
43 195
43 199
43 202
43 204
43 206
43 215
43 218
43 225
43 226
43 229
43 240
43 252
43 256
43 257
43 258
43 259
43 263
43 267
43 270
43 273
43 276
43 280
43 282
43 287
43 298
44 46
44 51
44 54
44 57
44 58
44 59
44 63
44 64
44 65
44 67
44 72
44 77
44 81
44 86
44 92
44 93
44 96
44 98
44 113
44 114
44 118
44 137
44 139
44 152
44 175
44 176
44 177
44 181
44 190
44 191
44 196
44 199
44 204
44 209
44 211
44 214
44 219
44 221
44 225
44 227
44 229
44 231
44 232
44 236
44 242
44 245
44 258
44 264
44 267
44 269
44 270
44 274
44 275
44 279
44 289
44 293
45 49
45 54
45 55
45 63
45 73
45 75
45 79
45 80
45 84
45 85
45 96
45 103
45 107
45 108
45 109
45 116
45 124
45 126
45 128
45 135
45 137
45 141
45 154
45 168
45 171
45 174
45 176
45 177
45 178
45 185
45 187
45 189
45 190
45 191
45 210
45 218
45 229
45 263
45 273
45 278
45 279
45 288
45 297
46 52
46 53
46 70
46 73
46 75
46 78
46 87
46 93
46 96
46 98
46 119
46 123
46 124
46 125
46 126
46 130
46 131
46 134
46 142
46 155
46 160
46 165
46 167
46 173
46 181
46 183
46 186
46 188
46 192
46 199
46 205
46 209
46 210
46 217
46 232
46 234
46 238
46 240
46 242
46 245
46 247
46 248
46 249
46 252
46 255
46 261
46 262
46 263
46 264
46 268
46 269
46 275
46 279
46 280
46 281
46 287
46 294
46 299
47 59
47 96
47 100
47 107
47 130
47 131
47 135
47 143
47 145
47 150
47 151
47 156
47 170
47 172
47 176
47 179
47 183
47 185
47 191
47 192
47 193
47 198
47 210
47 219
47 227
47 231
47 242
47 245
47 247
47 250
47 253
47 256
47 258
47 267
47 270
47 272
47 273
47 274
47 283
47 285
47 292
47 293
48 55
48 60
48 68
48 74
48 75
48 77
48 78
48 95
48 98
48 99
48 103
48 107
48 120
48 122
48 124
48 127
48 129
48 131
48 133
48 141
48 147
48 148
48 151
48 166
48 168
48 174
48 176
48 189
48 190
48 203
48 206
48 209
48 219
48 226
48 229
48 236
48 238
48 244
48 245
48 253
48 254
48 256
48 258
48 265
48 267
48 269
48 277
48 282
48 284
48 286
48 288
48 289
48 291
48 293
48 295
48 298
48 299
49 54
49 56
49 60
49 62
49 66
49 69
49 70
49 79
49 80
49 87
49 88
49 89
49 94
49 98
49 107
49 110
49 115
49 122
49 124
49 130
49 132
49 133
49 136
49 142
49 155
49 157
49 166
49 170
49 173
49 184
49 186
49 187
49 189
49 190
49 204
49 209
49 222
49 227
49 236
49 240
49 255
49 260
49 264
49 272
49 274
49 280
49 281
49 284
49 289
49 295
49 296
49 299
50 53
50 54
50 59
50 61
50 71
50 81
50 82
50 84
50 95
50 98
50 107
50 121
50 122
50 123
50 124
50 132
50 139
50 141
50 143
50 147
50 151
50 155
50 158
50 164
50 170
50 171
50 173
50 183
50 186
50 187
50 188
50 192
50 204
50 205
50 213
50 216
50 218
50 223
50 229
50 231
50 232
50 235
50 236
50 237
50 241
50 242
50 247
50 249
50 258
50 267
50 268
50 270
50 273
50 275
50 276
50 277
50 278
50 285
50 286
50 292
50 294
50 299
51 52
51 54
51 56
51 61
51 71
51 80
51 91
51 100
51 102
51 103
51 113
51 121
51 122
51 125
51 140
51 147
51 148
51 149
51 150
51 157
51 159
51 162
51 163
51 171
51 187
51 192
51 211
51 212
51 216
51 217
51 218
51 222
51 226
51 231
51 240
51 248
51 251
51 253
51 261
51 263
51 265
51 269
51 278
51 284
51 285
51 286
51 293
51 295
51 298
52 64
52 66
52 67
52 69
52 73
52 85
52 87
52 93
52 97
52 98
52 99
52 103
52 105
52 108
52 115
52 118
52 126
52 140
52 146
52 153
52 158
52 159
52 160
52 172
52 175
52 182
52 185
52 197
52 198
52 199
52 201
52 213
52 220
52 227
52 228
52 232
52 234
52 237
52 238
52 239
52 252
52 258
52 260
52 264
52 288
52 289
52 293
53 55
53 56
53 58
53 65
53 68
53 76
53 85
53 93
53 95
53 100
53 108
53 111
53 117
53 119
53 126
53 132
53 136
53 139
53 154
53 167
53 172
53 176
53 181
53 182
53 187
53 188
53 199
53 206
53 223
53 231
53 232
53 244
53 254
53 256
53 259
53 260
53 262
53 263
53 265
53 266
53 269
53 277
53 278
53 284
53 285
53 297
54 58
54 61
54 78
54 81
54 86
54 90
54 92
54 94
54 95
54 96
54 100
54 110
54 111
54 117
54 120
54 124
54 127
54 128
54 130
54 153
54 161
54 166
54 171
54 175
54 176
54 178
54 180
54 182
54 183
54 191
54 199
54 207
54 220
54 222
54 223
54 238
54 240
54 243
54 246
54 248
54 251
54 256
54 261
54 266
54 271
54 292
54 295
55 61
55 68
55 74
55 75
55 89
55 95
55 98
55 101
55 102
55 105
55 107
55 118
55 126
55 129
55 144
55 148
55 150
55 153
55 156
55 172
55 174
55 182
55 187
55 188
55 193
55 194
55 199
55 213
55 216
55 221
55 224
55 225
55 232
55 233
55 235
55 241
55 242
55 245
55 253
55 254
55 258
55 260
55 261
55 265
55 271
55 273
55 274
55 275
55 290
55 296
55 299
56 63
56 64
56 77
56 81
56 82
56 83
56 104
56 105
56 106
56 110
56 154
56 155
56 158
56 172
56 180
56 186
56 187
56 194
56 197
56 215
56 217
56 232
56 235
56 239
56 244
56 249
56 256
56 258
56 259
56 262
56 264
56 279
56 282
56 287
56 288
57 60
57 61
57 62
57 65
57 66
57 67
57 81
57 83
57 85
57 91
57 99
57 102
57 104
57 107
57 111
57 112
57 116
57 117
57 121
57 124
57 128
57 131
57 138
57 144
57 145
57 149
57 152
57 156
57 159
57 161
57 163
57 169
57 173
57 184
57 188
57 192
57 203
57 206
57 207
57 208
57 209
57 211
57 213
57 215
57 216
57 219
57 224
57 229
57 232
57 241
57 243
57 246
57 248
57 252
57 265
57 275
57 282
57 290
57 291
57 293
57 296
57 297
58 59
58 60
58 63
58 65
58 68
58 76
58 77
58 78
58 85
58 89
58 90
58 99
58 107
58 116
58 117
58 119
58 124
58 127
58 136
58 157
58 165
58 175
58 176
58 178
58 183
58 186
58 188
58 201
58 202
58 203
58 204
58 208
58 210
58 213
58 214
58 215
58 217
58 218
58 221
58 222
58 243
58 244
58 248
58 255
58 256
58 263
58 265
58 271
58 272
58 275
58 281
58 294
59 67
59 74
59 78
59 79
59 82
59 91
59 92
59 93
59 94
59 104
59 105
59 106
59 109
59 114
59 119
59 121
59 123
59 135
59 140
59 142
59 145
59 150
59 152
59 156
59 158
59 162
59 165
59 167
59 168
59 175
59 176
59 178
59 185
59 188
59 189
59 197
59 203
59 204
59 205
59 208
59 210
59 216
59 229
59 231
59 233
59 240
59 242
59 249
59 254
59 261
59 265
59 277
59 279
59 280
59 284
59 285
59 293
60 62
60 75
60 80
60 85
60 92
60 94
60 102
60 110
60 121
60 124
60 130
60 140
60 147
60 153
60 154
60 155
60 158
60 162
60 163
60 168
60 175
60 176
60 180
60 183
60 198
60 201
60 202
60 206
60 210
60 211
60 212
60 220
60 229
60 230
60 232
60 234
60 241
60 243
60 252
60 255
60 262
60 265
60 266
60 274
60 280
60 281
60 282
60 283
60 287
60 289
60 297
61 73
61 76
61 81
61 82
61 85
61 87
61 88
61 91
61 96
61 97
61 100
61 118
61 120
61 123
61 125
61 126
61 130
61 137
61 142
61 144
61 145
61 147
61 151
61 156
61 162
61 166
61 167
61 170
61 172
61 175
61 180
61 194
61 201
61 220
61 221
61 222
61 227
61 232
61 236
61 238
61 249
61 250
61 259
61 263
61 270
61 276
61 277
61 280
61 283
61 290
61 293
61 295
61 298
62 79
62 80
62 92
62 99
62 108
62 109
62 111
62 117
62 119
62 121
62 122
62 128
62 145
62 149
62 150
62 155
62 158
62 168
62 172
62 180
62 187
62 188
62 190
62 193
62 197
62 205
62 207
62 209
62 215
62 220
62 222
62 233
62 236
62 237
62 243
62 244
62 248
62 252
62 253
62 255
62 265
62 270
62 271
62 286
62 287
62 292
62 293
62 295
63 67
63 82
63 85
63 89
63 93
63 98
63 101
63 105
63 106
63 107
63 109
63 120
63 122
63 127
63 131
63 134
63 137
63 144
63 145
63 147
63 154
63 157
63 165
63 175
63 190
63 204
63 213
63 217
63 222
63 226
63 227
63 229
63 239
63 247
63 253
63 263
63 265
63 270
63 274
63 277
63 293
63 296
63 299
64 66
64 68
64 76
64 77
64 80
64 87
64 92
64 96
64 97
64 101
64 102
64 104
64 108
64 109
64 119
64 123
64 124
64 125
64 130
64 132
64 136
64 144
64 145
64 160
64 167
64 168
64 171
64 178
64 180
64 202
64 203
64 208
64 211
64 212
64 214
64 216
64 217
64 219
64 225
64 232
64 233
64 239
64 241
64 243
64 244
64 246
64 247
64 253
64 258
64 259
64 265
64 266
64 270
64 272
64 275
64 289
64 293
64 297
64 298
65 72
65 83
65 90
65 95
65 96
65 97
65 111
65 115
65 131
65 143
65 146
65 152
65 160
65 164
65 165
65 168
65 169
65 174
65 184
65 191
65 205
65 206
65 210
65 212
65 221
65 222
65 223
65 224
65 229
65 231
65 242
65 248
65 254
65 261
65 273
65 280
65 281
65 282
65 286
65 293
65 295
66 73
66 78
66 93
66 96
66 99
66 100
66 105
66 107
66 111
66 133
66 137
66 138
66 146
66 163
66 164
66 170
66 183
66 184
66 189
66 193
66 204
66 210
66 212
66 213
66 222
66 225
66 228
66 231
66 237
66 240
66 243
66 255
66 260
66 262
66 263
66 265
66 274
66 277
66 284
66 293
66 295
66 296
66 299
67 69
67 71
67 75
67 82
67 96
67 98
67 99
67 100
67 103
67 107
67 118
67 127
67 128
67 134
67 139
67 141
67 145
67 146
67 148
67 151
67 164
67 166
67 167
67 168
67 172
67 180
67 183
67 185
67 188
67 189
67 190
67 191
67 199
67 201
67 206
67 212
67 214
67 216
67 223
67 236
67 238
67 245
67 249
67 255
67 262
67 263
67 266
67 275
67 278
67 280
67 282
67 286
68 69
68 75
68 76
68 77
68 81
68 82
68 83
68 88
68 104
68 114
68 115
68 118
68 122
68 124
68 125
68 126
68 127
68 131
68 136
68 137
68 138
68 146
68 147
68 150
68 151
68 153
68 154
68 169
68 183
68 195
68 200
68 204
68 222
68 230
68 233
68 238
68 241
68 268
68 272
68 275
68 281
68 288
68 295
68 298
69 74
69 76
69 81
69 97
69 100
69 102
69 104
69 107
69 113
69 116
69 118
69 122
69 131
69 132
69 136
69 140
69 146
69 147
69 164
69 168
69 169
69 174
69 184
69 185
69 190
69 198
69 200
69 205
69 220
69 246
69 257
69 258
69 260
69 265
69 267
69 275
69 278
69 284
69 291
69 294
69 299
70 71
70 79
70 87
70 90
70 98
70 101
70 103
70 105
70 114
70 118
70 120
70 122
70 124
70 134
70 141
70 151
70 153
70 155
70 156
70 159
70 160
70 167
70 169
70 174
70 177
70 180
70 185
70 200
70 203
70 212
70 213
70 214
70 222
70 224
70 235
70 236
70 248
70 253
70 258
70 263
70 268
70 271
70 273
70 277
70 287
70 292
70 296
71 73
71 79
71 81
71 88
71 90
71 94
71 95
71 99
71 102
71 112
71 113
71 139
71 141
71 146
71 148
71 159
71 160
71 163
71 176
71 177
71 180
71 183
71 184
71 189
71 195
71 205
71 206
71 210
71 248
71 253
71 255
71 260
71 262
71 263
71 265
71 273
71 285
71 289
71 290
72 79
72 84
72 86
72 87
72 88
72 91
72 99
72 101
72 102
72 103
72 105
72 113
72 117
72 129
72 130
72 137
72 143
72 149
72 154
72 155
72 157
72 160
72 161
72 165
72 185
72 190
72 191
72 193
72 203
72 212
72 223
72 227
72 232
72 235
72 240
72 242
72 247
72 252
72 253
72 261
72 265
72 271
72 278
72 279
73 83
73 84
73 90
73 98
73 105
73 112
73 122
73 123
73 127
73 130
73 133
73 134
73 137
73 140
73 149
73 162
73 163
73 164
73 168
73 178
73 180
73 185
73 190
73 191
73 194
73 195
73 198
73 201
73 203
73 204
73 205
73 209
73 213
73 222
73 223
73 232
73 236
73 242
73 251
73 252
73 256
73 257
73 258
73 265
73 275
73 280
73 286
73 289
73 291
73 294
73 297
74 75
74 90
74 91
74 95
74 102
74 109
74 110
74 112
74 114
74 121
74 136
74 139
74 147
74 157
74 170
74 175
74 180
74 186
74 193
74 197
74 200
74 209
74 217
74 219
74 228
74 230
74 233
74 240
74 242
74 244
74 254
74 256
74 261
74 264
74 266
74 270
74 272
74 276
74 281
74 283
74 284
74 285
74 290
74 293
75 80
75 84
75 90
75 91
75 94
75 96
75 101
75 114
75 118
75 123
75 127
75 129
75 135
75 136
75 137
75 138
75 140
75 141
75 145
75 149
75 150
75 158
75 161
75 163
75 167
75 168
75 172
75 174
75 182
75 183
75 184
75 187
75 191
75 194
75 217
75 231
75 238
75 240
75 248
75 252
75 255
75 256
75 267
75 274
75 280
75 296
76 85
76 97
76 101
76 107
76 109
76 113
76 115
76 119
76 125
76 131
76 137
76 140
76 141
76 151
76 152
76 160
76 161
76 162
76 180
76 182
76 184
76 188
76 191
76 203
76 210
76 216
76 227
76 238
76 240
76 248
76 250
76 253
76 268
76 274
76 284
76 287
76 288
76 291
76 293
76 297
77 80
77 82
77 84
77 92
77 99
77 100
77 108
77 110
77 126
77 128
77 129
77 141
77 153
77 155
77 163
77 164
77 168
77 176
77 179
77 183
77 187
77 189
77 190
77 192
77 205
77 214
77 218
77 219
77 227
77 231
77 234
77 235
77 248
77 257
77 261
77 265
77 268
77 271
77 272
77 274
77 275
77 276
77 278
77 281
77 283
77 286
77 294
78 83
78 85
78 88
78 95
78 97
78 105
78 109
78 112
78 116
78 118
78 119
78 120
78 127
78 135
78 137
78 140
78 142
78 155
78 168
78 169
78 171
78 176
78 178
78 194
78 195
78 207
78 210
78 212
78 214
78 223
78 224
78 227
78 229
78 236
78 246
78 247
78 252
78 255
78 256
78 258
78 263
78 268
78 272
78 273
78 282
79 81
79 82
79 84
79 87
79 93
79 96
79 110
79 119
79 121
79 123
79 125
79 128
79 131
79 132
79 133
79 142
79 146
79 147
79 149
79 151
79 170
79 182
79 183
79 188
79 195
79 197
79 198
79 200
79 204
79 206
79 209
79 211
79 212
79 222
79 225
79 227
79 231
79 234
79 237
79 241
79 253
79 256
79 259
79 271
79 277
79 278
79 280
79 284
79 291
79 299
80 85
80 89
80 94
80 111
80 118
80 121
80 124
80 136
80 139
80 140
80 151
80 153
80 158
80 163
80 166
80 182
80 192
80 198
80 200
80 203
80 213
80 217
80 218
80 221
80 223
80 224
80 239
80 242
80 245
80 247
80 255
80 259
80 260
80 288
80 292
80 297
80 298
81 83
81 85
81 87
81 90
81 91
81 99
81 110
81 118
81 120
81 126
81 129
81 138
81 153
81 166
81 168
81 169
81 174
81 181
81 184
81 187
81 190
81 200
81 201
81 208
81 209
81 213
81 214
81 225
81 226
81 227
81 228
81 234
81 238
81 242
81 244
81 250
81 252
81 254
81 258
81 263
81 267
81 278
81 288
81 290
81 295
81 296
81 299
82 88
82 89
82 96
82 99
82 101
82 102
82 105
82 110
82 118
82 121
82 126
82 149
82 158
82 162
82 165
82 167
82 173
82 182
82 186
82 196
82 197
82 204
82 207
82 211
82 212
82 220
82 222
82 227
82 231
82 233
82 238
82 239
82 245
82 248
82 256
82 259
82 260
82 274
82 282
82 289
82 293
82 295
82 299
83 88
83 93
83 106
83 114
83 117
83 118
83 129
83 132
83 145
83 156
83 164
83 169
83 172
83 178
83 179
83 183
83 184
83 188
83 199
83 200
83 209
83 212
83 214
83 216
83 225
83 226
83 227
83 236
83 239
83 241
83 245
83 252
83 256
83 271
83 274
83 275
83 288
83 289
83 293
83 295
83 296
84 87
84 88
84 91
84 94
84 98
84 103
84 105
84 114
84 116
84 117
84 122
84 129
84 130
84 151
84 152
84 153
84 156
84 159
84 166
84 167
84 172
84 176
84 177
84 180
84 182
84 183
84 190
84 197
84 199
84 203
84 208
84 211
84 212
84 218
84 219
84 221
84 229
84 231
84 234
84 239
84 241
84 243
84 259
84 265
84 268
84 272
84 299
85 103
85 107
85 110
85 112
85 113
85 120
85 122
85 129
85 131
85 134
85 141
85 146
85 155
85 158
85 159
85 179
85 180
85 183
85 187
85 188
85 190
85 192
85 195
85 197
85 200
85 217
85 218
85 223
85 225
85 231
85 236
85 238
85 239
85 240
85 241
85 244
85 247
85 258
85 260
85 263
85 267
85 270
85 276
85 281
85 283
85 287
85 289
85 299
86 91
86 100
86 101
86 116
86 117
86 120
86 127
86 129
86 130
86 145
86 147
86 152
86 159
86 161
86 162
86 166
86 176
86 183
86 191
86 192
86 202
86 209
86 213
86 214
86 216
86 223
86 235
86 236
86 238
86 242
86 243
86 248
86 257
86 269
86 273
86 284
86 287
86 292
86 293
87 93
87 96
87 106
87 112
87 119
87 120
87 124
87 127
87 135
87 140
87 143
87 144
87 151
87 152
87 154
87 159
87 167
87 175
87 186
87 190
87 196
87 198
87 201
87 204
87 206
87 209
87 211
87 215
87 220
87 226
87 231
87 234
87 236
87 238
87 239
87 242
87 247
87 249
87 250
87 251
87 257
87 260
87 268
87 278
87 280
87 287
87 291
87 292
88 94
88 101
88 110
88 117
88 121
88 124
88 125
88 129
88 130
88 133
88 134
88 140
88 146
88 148
88 151
88 155
88 157
88 166
88 183
88 199
88 215
88 220
88 223
88 227
88 237
88 248
88 256
88 260
88 270
88 271
88 274
88 284
88 286
88 290
88 293
88 297
89 90
89 102
89 107
89 113
89 116
89 117
89 121
89 123
89 125
89 131
89 136
89 138
89 140
89 145
89 149
89 150
89 164
89 172
89 178
89 187
89 192
89 199
89 216
89 219
89 223
89 237
89 244
89 254
89 259
89 260
89 264
89 267
89 269
89 278
89 279
89 289
89 299
90 91
90 97
90 99
90 100
90 108
90 114
90 123
90 126
90 143
90 145
90 152
90 156
90 161
90 167
90 172
90 175
90 179
90 183
90 201
90 211
90 214
90 215
90 216
90 221
90 222
90 227
90 230
90 239
90 242
90 243
90 244
90 248
90 255
90 257
90 260
90 263
90 273
90 282
90 284
90 288
90 294
91 98
91 100
91 121
91 124
91 130
91 132
91 134
91 135
91 137
91 139
91 145
91 148
91 149
91 165
91 186
91 189
91 191
91 195
91 196
91 202
91 205
91 217
91 218
91 223
91 226
91 229
91 230
91 233
91 247
91 249
91 258
91 266
91 268
91 269
91 271
91 273
91 275
91 287
91 297
92 98
92 99
92 116
92 117
92 131
92 151
92 153
92 154
92 162
92 168
92 171
92 178
92 181
92 185
92 190
92 203
92 204
92 212
92 225
92 230
92 231
92 233
92 237
92 250
92 251
92 259
92 269
92 275
92 277
92 281
92 282
92 290
92 298
93 95
93 113
93 114
93 119
93 122
93 126
93 128
93 134
93 136
93 138
93 140
93 147
93 148
93 150
93 153
93 159
93 166
93 170
93 172
93 184
93 196
93 198
93 200
93 211
93 213
93 218
93 227
93 230
93 231
93 234
93 235
93 238
93 240
93 254
93 255
93 257
93 262
93 274
93 279
93 281
93 291
93 299
94 95
94 96
94 97
94 101
94 106
94 112
94 119
94 121
94 123
94 124
94 136
94 148
94 149
94 151
94 153
94 156
94 158
94 161
94 165
94 173
94 181
94 182
94 187
94 188
94 189
94 191
94 197
94 198
94 203
94 204
94 212
94 214
94 219
94 221
94 226
94 228
94 230
94 234
94 235
94 243
94 244
94 255
94 264
94 278
94 284
94 291
94 292
94 299
95 99
95 103
95 112
95 118
95 125
95 131
95 138
95 141
95 144
95 148
95 153
95 162
95 169
95 176
95 185
95 188
95 192
95 198
95 208
95 210
95 212
95 214
95 216
95 233
95 236
95 237
95 242
95 244
95 249
95 252
95 269
95 274
95 275
95 276
95 279
95 280
95 283
95 291
96 101
96 104
96 106
96 113
96 120
96 126
96 128
96 133
96 135
96 140
96 144
96 149
96 160
96 167
96 168
96 173
96 179
96 187
96 190
96 192
96 195
96 197
96 199
96 208
96 210
96 211
96 219
96 235
96 241
96 247
96 248
96 249
96 254
96 265
96 271
96 288
96 289
96 290
96 292
96 293
96 295
96 297
97 105
97 106
97 111
97 115
97 124
97 128
97 134
97 136
97 156
97 159
97 161
97 162
97 172
97 173
97 177
97 180
97 197
97 198
97 200
97 202
97 203
97 204
97 221
97 223
97 230
97 231
97 241
97 243
97 245
97 247
97 256
97 257
97 272
97 276
97 278
97 291
97 295
97 296
98 99
98 101
98 104
98 107
98 112
98 114
98 118
98 120
98 127
98 140
98 142
98 144
98 150
98 151
98 154
98 163
98 169
98 170
98 172
98 178
98 180
98 181
98 183
98 190
98 191
98 199
98 205
98 207
98 212
98 215
98 222
98 226
98 232
98 244
98 250
98 252
98 253
98 258
98 267
98 276
98 278
98 283
98 293
98 299
99 114
99 116
99 124
99 126
99 127
99 129
99 132
99 139
99 140
99 145
99 146
99 149
99 152
99 153
99 172
99 178
99 179
99 182
99 198
99 200
99 202
99 204
99 205
99 208
99 211
99 217
99 222
99 226
99 235
99 245
99 250
99 252
99 253
99 265
99 266
99 280
99 286
99 292
99 294
100 101
100 103
100 104
100 108
100 109
100 118
100 125
100 133
100 137
100 138
100 140
100 152
100 177
100 180
100 183
100 184
100 192
100 193
100 202
100 204
100 211
100 212
100 214
100 222
100 223
100 224
100 225
100 226
100 239
100 241
100 242
100 244
100 249
100 263
100 274
100 279
100 286
100 291
100 293
100 296
100 297
101 107
101 110
101 112
101 113
101 123
101 124
101 130
101 139
101 142
101 148
101 149
101 152
101 154
101 156
101 160
101 168
101 180
101 181
101 188
101 192
101 200
101 201
101 210
101 215
101 221
101 223
101 233
101 257
101 268
101 271
101 274
101 284
101 287
101 292
102 106
102 111
102 114
102 115
102 117
102 123
102 124
102 129
102 135
102 136
102 139
102 146
102 148
102 151
102 156
102 157
102 164
102 175
102 177
102 179
102 188
102 189
102 196
102 204
102 207
102 210
102 229
102 233
102 234
102 240
102 247
102 262
102 264
102 277
102 293
102 296
103 105
103 108
103 112
103 120
103 127
103 130
103 131
103 143
103 150
103 151
103 153
103 158
103 160
103 179
103 180
103 187
103 195
103 197
103 203
103 205
103 207
103 215
103 220
103 229
103 241
103 249
103 261
103 262
103 267
103 270
103 272
103 273
103 278
103 280
103 281
103 292
103 297
103 298
104 106
104 107
104 115
104 121
104 125
104 127
104 129
104 131
104 139
104 150
104 151
104 156
104 157
104 165
104 167
104 169
104 173
104 177
104 178
104 183
104 192
104 193
104 198
104 215
104 217
104 219
104 220
104 225
104 230
104 232
104 238
104 240
104 241
104 244
104 251
104 256
104 258
104 267
104 274
104 275
104 279
105 114
105 121
105 125
105 128
105 129
105 131
105 145
105 146
105 150
105 151
105 152
105 154
105 156
105 164
105 168
105 171
105 172
105 177
105 178
105 180
105 185
105 190
105 191
105 199
105 200
105 202
105 204
105 208
105 212
105 219
105 230
105 234
105 243
105 244
105 255
105 256
105 258
105 272
105 281
105 283
105 286
105 297
106 107
106 110
106 112
106 113
106 115
106 116
106 118
106 126
106 129
106 133
106 142
106 146
106 148
106 152
106 153
106 158
106 165
106 180
106 182
106 183
106 184
106 190
106 197
106 198
106 204
106 205
106 211
106 213
106 217
106 218
106 219
106 222
106 224
106 229
106 231
106 237
106 238
106 242
106 250
106 257
106 259
106 265
106 268
106 271
106 279
106 284
106 291
107 108
107 115
107 123
107 134
107 137
107 138
107 140
107 142
107 146
107 149
107 150
107 153
107 156
107 162
107 170
107 174
107 176
107 184
107 191
107 196
107 205
107 208
107 209
107 220
107 222
107 224
107 233
107 239
107 240
107 241
107 245
107 252
107 255
107 259
107 262
107 272
107 274
107 276
107 277
107 279
107 285
108 111
108 114
108 115
108 121
108 140
108 143
108 144
108 146
108 147
108 153
108 164
108 165
108 170
108 177
108 187
108 189
108 197
108 205
108 212
108 234
108 235
108 236
108 238
108 246
108 250
108 251
108 258
108 266
108 267
108 279
108 297
109 111
109 117
109 122
109 123
109 124
109 132
109 135
109 136
109 141
109 143
109 155
109 157
109 162
109 165
109 166
109 171
109 175
109 185
109 186
109 198
109 201
109 206
109 211
109 220
109 221
109 230
109 234
109 235
109 243
109 245
109 249
109 250
109 255
109 256
109 259
109 260
109 274
109 277
109 280
109 285
109 286
109 287
109 288
109 289
109 292
109 297
110 114
110 116
110 117
110 123
110 125
110 126
110 131
110 134
110 138
110 146
110 147
110 148
110 160
110 164
110 169
110 175
110 181
110 183
110 185
110 189
110 193
110 194
110 198
110 200
110 223
110 228
110 230
110 236
110 245
110 247
110 248
110 267
110 278
110 279
110 286
110 288
110 294
111 121
111 124
111 129
111 135
111 139
111 141
111 144
111 146
111 149
111 151
111 161
111 163
111 170
111 174
111 175
111 179
111 183
111 197
111 202
111 210
111 212
111 217
111 226
111 231
111 237
111 240
111 243
111 244
111 246
111 256
111 257
111 258
111 266
111 271
111 275
111 276
111 279
111 283
111 296
112 121
112 123
112 127
112 133
112 143
112 169
112 171
112 173
112 174
112 178
112 181
112 182
112 183
112 184
112 203
112 205
112 217
112 224
112 226
112 230
112 235
112 238
112 244
112 245
112 250
112 253
112 256
112 259
112 261
112 262
112 284
112 285
112 287
112 289
113 116
113 118
113 121
113 122
113 130
113 154
113 156
113 160
113 165
113 168
113 172
113 175
113 196
113 197
113 226
113 230
113 236
113 238
113 242
113 243
113 256
113 274
113 297
114 115
114 120
114 127
114 128
114 134
114 135
114 138
114 139
114 140
114 141
114 142
114 151
114 155
114 159
114 163
114 164
114 168
114 178
114 183
114 186
114 189
114 191
114 195
114 196
114 201
114 203
114 216
114 217
114 220
114 225
114 227
114 230
114 231
114 239
114 266
114 272
114 278
114 279
114 283
114 287
114 298
115 121
115 132
115 135
115 142
115 144
115 156
115 160
115 163
115 164
115 169
115 170
115 179
115 180
115 181
115 185
115 188
115 193
115 196
115 197
115 204
115 211
115 229
115 230
115 236
115 243
115 246
115 247
115 250
115 252
115 253
115 270
115 272
115 276
115 280
115 283
115 289
116 120
116 122
116 129
116 136
116 137
116 145
116 150
116 158
116 159
116 161
116 170
116 172
116 178
116 179
116 180
116 192
116 193
116 198
116 201
116 203
116 207
116 209
116 222
116 240
116 251
116 256
116 259
116 270
116 282
116 283
116 285
116 287
116 289
116 296
117 121
117 125
117 130
117 132
117 133
117 142
117 146
117 164
117 170
117 190
117 192
117 195
117 196
117 198
117 202
117 209
117 212
117 213
117 221
117 233
117 239
117 246
117 247
117 252
117 273
117 276
117 282
117 285
117 289
117 299
118 127
118 128
118 132
118 133
118 149
118 151
118 153
118 163
118 182
118 190
118 192
118 194
118 197
118 204
118 206
118 216
118 244
118 245
118 249
118 255
118 257
118 264
118 277
118 281
118 283
118 296
119 128
119 129
119 133
119 134
119 148
119 151
119 153
119 156
119 161
119 166
119 176
119 180
119 185
119 189
119 193
119 198
119 204
119 207
119 209
119 214
119 225
119 227
119 228
119 231
119 233
119 236
119 237
119 244
119 250
119 259
119 266
119 267
119 272
119 279
119 281
119 282
119 283
119 286
119 291
119 299
120 137
120 139
120 140
120 142
120 148
120 149
120 156
120 159
120 161
120 164
120 177
120 186
120 188
120 192
120 194
120 201
120 207
120 215
120 218
120 219
120 223
120 229
120 239
120 241
120 243
120 250
120 254
120 255
120 258
120 259
120 266
120 267
120 297
120 298
121 122
121 123
121 124
121 125
121 126
121 127
121 128
121 130
121 132
121 136
121 140
121 144
121 146
121 156
121 164
121 165
121 167
121 168
121 170
121 174
121 175
121 193
121 198
121 201
121 203
121 208
121 211
121 212
121 214
121 219
121 229
121 233
121 236
121 237
121 242
121 247
121 251
121 256
121 258
121 259
121 264
121 271
121 274
121 276
121 282
121 284
121 286
121 288
122 135
122 138
122 145
122 147
122 148
122 159
122 163
122 164
122 171
122 182
122 183
122 191
122 194
122 199
122 200
122 203
122 204
122 210
122 215
122 216
122 237
122 240
122 244
122 248
122 254
122 261
122 267
122 270
122 276
122 277
122 283
122 286
123 127
123 129
123 130
123 137
123 144
123 147
123 152
123 153
123 154
123 155
123 164
123 176
123 179
123 182
123 184
123 191
123 193
123 201
123 205
123 216
123 218
123 225
123 227
123 229
123 232
123 233
123 237
123 239
123 242
123 254
123 255
123 261
123 265
123 270
123 271
123 277
123 292
123 299
124 135
124 144
124 148
124 149
124 159
124 162
124 167
124 169
124 172
124 175
124 176
124 177
124 179
124 186
124 190
124 199
124 203
124 215
124 223
124 224
124 229
124 230
124 233
124 235
124 237
124 239
124 253
124 256
124 269
124 271
124 272
124 281
124 282
124 283
124 284
125 131
125 132
125 134
125 148
125 156
125 163
125 164
125 178
125 182
125 185
125 188
125 189
125 196
125 197
125 199
125 208
125 212
125 213
125 222
125 226
125 235
125 239
125 242
125 245
125 246
125 255
125 256
125 264
125 265
125 266
125 274
125 277
125 283
125 285
125 291
125 295
126 143
126 145
126 149
126 150
126 152
126 159
126 161
126 162
126 164
126 169
126 182
126 190
126 208
126 216
126 227
126 228
126 231
126 235
126 237
126 239
126 243
126 247
126 251
126 254
126 257
126 263
126 268
126 269
126 270
126 280
126 282
126 283
126 286
126 292
127 143
127 144
127 148
127 151
127 157
127 158
127 159
127 163
127 179
127 183
127 187
127 199
127 204
127 212
127 219
127 225
127 227
127 237
127 238
127 241
127 247
127 253
127 261
127 268
127 272
127 279
127 292
127 296
127 297
127 299
128 129
128 136
128 139
128 142
128 146
128 162
128 163
128 167
128 174
128 176
128 181
128 183
128 184
128 186
128 188
128 194
128 196
128 211
128 213
128 221
128 226
128 234
128 236
128 239
128 245
128 248
128 250
128 261
128 262
128 264
128 273
128 274
128 275
128 276
128 280
128 296
129 134
129 140
129 141
129 142
129 145
129 158
129 159
129 163
129 186
129 191
129 192
129 193
129 198
129 202
129 203
129 207
129 210
129 211
129 214
129 224
129 235
129 241
129 244
129 245
129 248
129 251
129 256
129 260
129 262
129 268
129 282
129 291
129 292
129 294
129 299
130 131
130 134
130 137
130 147
130 151
130 153
130 157
130 164
130 167
130 172
130 177
130 178
130 179
130 183
130 189
130 193
130 198
130 202
130 205
130 211
130 217
130 225
130 235
130 240
130 250
130 258
130 260
130 261
130 263
130 264
130 266
130 268
130 269
130 271
130 275
130 277
130 286
130 287
130 289
131 139
131 142
131 146
131 159
131 166
131 181
131 185
131 186
131 187
131 188
131 191
131 195
131 196
131 199
131 201
131 203
131 206
131 207
131 216
131 218
131 221
131 223
131 225
131 226
131 232
131 233
131 237
131 241
131 242
131 252
131 262
131 263
131 268
131 275
131 281
131 283
131 285
131 286
131 288
131 298
132 135
132 136
132 137
132 138
132 140
132 142
132 166
132 169
132 175
132 177
132 181
132 183
132 191
132 194
132 197
132 199
132 212
132 218
132 219
132 225
132 235
132 243
132 268
132 270
132 272
132 276
132 277
132 284
132 286
132 288
132 297
133 136
133 137
133 143
133 154
133 156
133 157
133 162
133 166
133 167
133 170
133 175
133 177
133 186
133 187
133 188
133 191
133 204
133 205
133 209
133 211
133 213
133 219
133 233
133 235
133 239
133 243
133 246
133 249
133 259
133 263
133 276
133 285
133 288
133 294
133 296
134 135
134 145
134 153
134 154
134 158
134 160
134 163
134 170
134 178
134 192
134 205
134 210
134 221
134 244
134 245
134 252
134 256
134 259
134 266
134 268
134 269
134 272
134 277
134 284
135 136
135 138
135 150
135 157
135 158
135 167
135 171
135 173
135 174
135 176
135 185
135 187
135 188
135 189
135 191
135 194
135 195
135 196
135 204
135 215
135 219
135 220
135 221
135 229
135 231
135 232
135 236
135 241
135 253
135 257
135 261
135 274
135 283
135 287
135 295
135 296
135 297
136 140
136 151
136 159
136 161
136 163
136 169
136 170
136 174
136 180
136 182
136 183
136 194
136 206
136 209
136 210
136 213
136 216
136 221
136 224
136 226
136 228
136 229
136 236
136 237
136 240
136 243
136 244
136 251
136 253
136 256
136 264
136 273
136 282
136 285
136 290
136 291
136 295
136 297
137 145
137 146
137 147
137 152
137 167
137 175
137 185
137 197
137 198
137 200
137 207
137 212
137 235
137 242
137 245
137 248
137 256
137 258
137 261
137 262
137 272
137 276
137 278
137 279
137 295
138 141
138 145
138 146
138 155
138 159
138 160
138 162
138 164
138 168
138 172
138 175
138 176
138 184
138 185
138 191
138 192
138 197
138 205
138 210
138 219
138 226
138 227
138 231
138 233
138 236
138 241
138 243
138 247
138 250
138 266
138 272
138 273
138 289
138 299
139 143
139 144
139 148
139 149
139 151
139 157
139 164
139 170
139 178
139 181
139 186
139 190
139 191
139 203
139 207
139 209
139 210
139 214
139 220
139 221
139 222
139 225
139 227
139 229
139 230
139 232
139 237
139 239
139 241
139 242
139 243
139 250
139 254
139 275
139 278
139 284
139 293
140 142
140 144
140 147
140 156
140 158
140 164
140 168
140 174
140 180
140 186
140 204
140 206
140 209
140 216
140 221
140 222
140 227
140 228
140 233
140 243
140 245
140 248
140 254
140 263
140 267
140 276
140 277
140 283
140 285
140 295
141 144
141 152
141 158
141 159
141 164
141 167
141 181
141 189
141 196
141 201
141 202
141 204
141 205
141 209
141 210
141 212
141 219
141 221
141 235
141 242
141 246
141 258
141 264
141 286
141 288
141 292
141 294
141 298
142 144
142 146
142 151
142 153
142 158
142 167
142 169
142 171
142 172
142 173
142 177
142 178
142 183
142 188
142 191
142 193
142 216
142 218
142 222
142 223
142 232
142 233
142 237
142 240
142 243
142 248
142 252
142 258
142 263
142 264
142 269
142 278
142 287
142 289
142 293
142 295
142 298
143 145
143 155
143 166
143 167
143 173
143 180
143 188
143 196
143 199
143 204
143 205
143 217
143 230
143 232
143 244
143 246
143 256
143 257
143 261
143 265
143 274
143 282
143 285
143 287
143 291
143 294
143 296
144 151
144 152
144 173
144 186
144 187
144 188
144 193
144 201
144 203
144 207
144 208
144 211
144 212
144 213
144 218
144 226
144 229
144 232
144 234
144 235
144 239
144 240
144 246
144 252
144 257
144 260
144 262
144 267
144 281
144 284
144 290
145 164
145 177
145 181
145 183
145 188
145 189
145 198
145 203
145 206
145 211
145 218
145 220
145 221
145 224
145 242
145 243
145 247
145 251
145 254
145 261
145 264
145 268
145 270
145 285
145 292
145 294
145 297
146 163
146 172
146 176
146 180
146 185
146 187
146 197
146 200
146 216
146 219
146 225
146 229
146 230
146 233
146 234
146 240
146 246
146 251
146 265
146 289
146 292
147 152
147 153
147 155
147 161
147 167
147 168
147 173
147 174
147 178
147 180
147 188
147 192
147 198
147 208
147 209
147 214
147 221
147 223
147 227
147 236
147 243
147 244
147 245
147 246
147 248
147 254
147 257
147 260
147 266
147 267
147 268
147 273
147 274
147 275
147 287
147 292
147 299
148 150
148 155
148 157
148 162
148 174
148 178
148 188
148 189
148 190
148 193
148 197
148 198
148 199
148 202
148 218
148 223
148 226
148 228
148 231
148 241
148 242
148 243
148 252
148 255
148 262
148 279
148 286
148 287
148 289
148 290
148 292
148 295
148 297
149 157
149 164
149 165
149 173
149 174
149 178
149 180
149 186
149 191
149 196
149 212
149 235
149 238
149 242
149 250
149 253
149 258
149 259
149 263
149 274
149 297
149 298
150 152
150 158
150 159
150 167
150 170
150 173
150 187
150 191
150 195
150 198
150 203
150 210
150 212
150 213
150 220
150 222
150 225
150 227
150 237
150 241
150 245
150 251
150 253
150 257
150 260
150 263
150 273
150 285
150 291
150 299
151 155
151 157
151 162
151 164
151 167
151 172
151 176
151 177
151 181
151 182
151 192
151 200
151 216
151 220
151 224
151 226
151 233
151 241
151 252
151 254
151 268
151 274
151 275
151 280
151 290
151 291
151 295
151 299
152 157
152 160
152 164
152 165
152 167
152 168
152 172
152 180
152 181
152 190
152 191
152 194
152 196
152 200
152 210
152 233
152 240
152 247
152 257
152 258
152 282
152 287
152 291
152 293
152 296
153 163
153 164
153 167
153 173
153 175
153 183
153 184
153 188
153 190
153 201
153 205
153 207
153 225
153 226
153 229
153 231
153 235
153 249
153 263
153 274
153 276
153 278
153 283
153 289
153 293
154 155
154 160
154 164
154 168
154 175
154 182
154 184
154 189
154 191
154 192
154 196
154 206
154 215
154 216
154 225
154 226
154 232
154 243
154 250
154 255
154 267
154 269
154 270
154 273
154 275
154 278
154 291
154 294
155 161
155 169
155 170
155 175
155 184
155 192
155 193
155 199
155 200
155 206
155 213
155 221
155 223
155 227
155 232
155 233
155 235
155 237
155 239
155 245
155 250
155 255
155 257
155 271
155 276
155 277
155 283
155 289
155 297
156 158
156 170
156 172
156 183
156 190
156 195
156 197
156 210
156 213
156 218
156 219
156 235
156 236
156 243
156 252
156 255
156 259
156 262
156 264
156 266
156 267
156 270
156 271
156 273
156 278
156 282
156 283
157 159
157 170
157 173
157 182
157 183
157 186
157 188
157 189
157 190
157 202
157 206
157 207
157 208
157 209
157 214
157 217
157 220
157 224
157 232
157 239
157 242
157 244
157 245
157 252
157 261
157 278
157 280
157 282
157 284
157 285
157 290
157 293
158 166
158 173
158 174
158 178
158 189
158 190
158 192
158 199
158 200
158 203
158 206
158 219
158 221
158 222
158 233
158 235
158 244
158 250
158 252
158 272
158 276
158 280
158 292
159 164
159 172
159 180
159 192
159 193
159 194
159 195
159 204
159 205
159 206
159 207
159 214
159 215
159 222
159 227
159 230
159 240
159 245
159 250
159 254
159 260
159 265
159 267
159 269
159 274
159 277
159 281
159 282
159 295
159 298
160 161
160 163
160 171
160 192
160 204
160 217
160 218
160 223
160 229
160 231
160 237
160 241
160 243
160 245
160 247
160 250
160 251
160 254
160 260
160 261
160 263
160 268
160 270
160 271
160 278
160 281
160 289
160 290
160 294
160 295
160 299
161 163
161 165
161 166
161 167
161 169
161 195
161 207
161 209
161 216
161 217
161 218
161 224
161 229
161 230
161 232
161 236
161 238
161 247
161 264
161 271
161 274
161 278
161 280
161 287
161 293
161 295
162 165
162 166
162 169
162 175
162 186
162 189
162 190
162 192
162 195
162 198
162 204
162 211
162 212
162 215
162 216
162 228
162 230
162 231
162 236
162 243
162 245
162 248
162 254
162 255
162 260
162 271
162 272
162 277
162 281
162 283
162 287
163 177
163 180
163 201
163 206
163 218
163 220
163 223
163 224
163 243
163 246
163 253
163 255
163 256
163 258
163 266
163 269
163 284
163 288
163 289
163 292
163 293
163 294
163 298
164 165
164 170
164 175
164 178
164 179
164 181
164 184
164 188
164 189
164 198
164 205
164 208
164 210
164 232
164 236
164 247
164 253
164 257
164 258
164 262
164 266
164 267
164 278
164 282
164 285
164 288
164 290
164 291
164 299
165 166
165 168
165 169
165 173
165 174
165 176
165 179
165 181
165 182
165 187
165 193
165 194
165 196
165 204
165 210
165 220
165 233
165 240
165 241
165 245
165 247
165 261
165 262
165 265
165 268
165 269
165 272
165 275
165 276
165 279
165 286
166 168
166 173
166 175
166 185
166 186
166 187
166 192
166 204
166 214
166 217
166 219
166 225
166 226
166 231
166 232
166 233
166 234
166 236
166 242
166 243
166 255
166 267
166 270
166 277
166 280
166 281
166 284
166 285
166 289
166 290
166 291
166 292
166 296
166 299
167 168
167 173
167 174
167 178
167 193
167 197
167 201
167 210
167 211
167 212
167 221
167 222
167 225
167 230
167 232
167 239
167 240
167 245
167 250
167 260
167 268
167 277
167 279
167 283
167 294
167 298
168 179
168 180
168 184
168 190
168 192
168 196
168 203
168 204
168 208
168 209
168 211
168 213
168 214
168 217
168 219
168 223
168 227
168 233
168 234
168 237
168 243
168 251
168 252
168 260
168 271
168 274
168 286
168 288
168 290
168 296
169 172
169 176
169 184
169 190
169 206
169 207
169 213
169 219
169 225
169 235
169 242
169 245
169 248
169 253
169 255
169 257
169 277
169 281
169 284
169 290
169 291
169 295
169 296
169 298
170 171
170 180
170 184
170 186
170 190
170 198
170 200
170 202
170 205
170 207
170 209
170 218
170 220
170 242
170 246
170 257
170 260
170 262
170 267
170 270
170 277
170 278
170 286
170 287
170 289
170 293
170 294
171 178
171 185
171 189
171 194
171 202
171 204
171 211
171 212
171 218
171 223
171 224
171 226
171 231
171 244
171 254
171 255
171 258
171 259
171 271
171 285
171 287
171 289
171 292
171 296
172 176
172 182
172 187
172 192
172 195
172 198
172 201
172 203
172 206
172 232
172 237
172 243
172 252
172 256
172 257
172 271
172 295
173 182
173 185
173 189
173 197
173 201
173 203
173 206
173 208
173 211
173 215
173 216
173 219
173 222
173 225
173 235
173 238
173 244
173 245
173 246
173 251
173 252
173 256
173 262
173 270
173 271
173 273
173 278
173 280
173 282
173 284
173 291
173 295
173 298
174 178
174 182
174 187
174 188
174 190
174 193
174 195
174 199
174 202
174 205
174 208
174 209
174 216
174 218
174 222
174 232
174 233
174 234
174 238
174 239
174 245
174 246
174 269
174 273
174 275
174 282
174 283
174 289
174 292
174 293
174 295
174 296
174 297
175 177
175 191
175 192
175 197
175 206
175 208
175 216
175 224
175 229
175 230
175 235
175 243
175 244
175 245
175 251
175 252
175 258
175 263
175 264
175 278
175 279
175 284
175 287
175 290
175 291
175 292
175 293
175 299
176 182
176 183
176 185
176 188
176 191
176 193
176 195
176 198
176 200
176 221
176 224
176 234
176 239
176 240
176 247
176 249
176 250
176 252
176 262
176 267
176 274
176 281
176 283
176 289
176 294
177 180
177 181
177 182
177 187
177 189
177 192
177 194
177 204
177 212
177 213
177 223
177 224
177 228
177 234
177 236
177 248
177 254
177 258
177 259
177 272
177 274
177 288
177 290
177 291
177 294
178 183
178 184
178 190
178 191
178 193
178 195
178 203
178 205
178 209
178 210
178 212
178 227
178 232
178 233
178 238
178 257
178 263
178 267
178 270
178 272
178 274
178 280
178 287
178 290
178 292
178 297
178 298
179 187
179 193
179 195
179 197
179 213
179 219
179 223
179 243
179 244
179 245
179 251
179 256
179 259
179 262
179 281
179 291
179 292
179 293
179 298
180 186
180 188
180 192
180 198
180 201
180 204
180 207
180 218
180 219
180 223
180 236
180 237
180 242
180 243
180 260
180 264
180 266
180 268
180 269
180 270
180 272
180 274
180 279
180 280
180 290
180 295
180 297
180 298
181 185
181 194
181 201
181 211
181 213
181 214
181 216
181 217
181 219
181 222
181 225
181 226
181 229
181 230
181 232
181 234
181 238
181 258
181 259
181 275
181 276
181 292
182 189
182 190
182 193
182 194
182 195
182 196
182 197
182 203
182 210
182 212
182 219
182 221
182 227
182 228
182 239
182 240
182 242
182 244
182 246
182 248
182 251
182 255
182 259
182 261
182 263
182 274
182 275
182 276
182 279
182 281
182 293
182 296
182 299
183 187
183 189
183 193
183 195
183 211
183 213
183 216
183 218
183 222
183 233
183 235
183 237
183 242
183 243
183 253
183 255
183 256
183 262
183 263
183 271
183 272
183 273
183 277
183 281
183 286
183 288
183 289
183 291
183 292
183 297
184 187
184 194
184 196
184 197
184 203
184 209
184 216
184 217
184 218
184 220
184 221
184 227
184 232
184 233
184 236
184 245
184 250
184 251
184 256
184 259
184 268
184 273
184 278
184 281
184 284
184 285
184 291
184 293
184 295
184 299
185 188
185 212
185 213
185 217
185 226
185 229
185 231
185 238
185 243
185 251
185 256
185 257
185 267
185 268
185 272
185 276
185 282
186 188
186 200
186 208
186 209
186 218
186 222
186 232
186 234
186 239
186 242
186 258
186 269
186 275
186 279
186 288
186 289
186 293
186 295
186 296
186 297
187 195
187 207
187 210
187 213
187 216
187 219
187 230
187 235
187 236
187 237
187 245
187 247
187 252
187 258
187 259
187 264
187 269
187 280
187 281
187 289
187 296
187 298
188 189
188 191
188 193
188 197
188 201
188 205
188 209
188 211
188 215
188 231
188 236
188 249
188 255
188 261
188 274
188 275
188 280
188 283
188 284
188 287
188 295
189 191
189 195
189 210
189 211
189 213
189 224
189 238
189 243
189 246
189 255
189 257
189 261
189 265
189 270
189 277
189 280
189 286
189 288
189 293
189 298
189 299
190 191
190 202
190 210
190 217
190 221
190 228
190 232
190 234
190 239
190 245
190 251
190 261
190 270
190 272
190 279
190 280
190 283
190 284
190 296
191 192
191 197
191 199
191 200
191 205
191 207
191 215
191 220
191 232
191 234
191 248
191 255
191 257
191 269
191 271
191 272
191 281
191 285
191 295
191 299
192 215
192 227
192 238
192 240
192 253
192 254
192 255
192 260
192 261
192 264
192 271
192 272
192 276
192 281
192 283
192 287
192 288
192 290
192 292
193 194
193 198
193 203
193 204
193 207
193 209
193 211
193 213
193 215
193 223
193 227
193 230
193 235
193 237
193 251
193 262
193 263
193 265
193 269
193 271
193 274
193 278
193 279
193 281
193 282
193 284
193 290
193 291
193 292
193 298
194 203
194 205
194 218
194 227
194 232
194 236
194 237
194 238
194 245
194 248
194 258
194 260
194 273
194 274
194 283
194 292
194 294
194 295
194 298
195 203
195 213
195 215
195 216
195 218
195 219
195 222
195 233
195 243
195 261
195 271
195 280
195 284
195 286
195 288
195 298
196 202
196 203
196 209
196 212
196 231
196 237
196 256
196 260
196 262
196 263
196 265
196 269
196 270
196 272
196 274
196 276
196 284
196 285
196 290
196 296
196 297
197 202
197 203
197 206
197 213
197 222
197 223
197 232
197 237
197 240
197 246
197 250
197 251
197 256
197 259
197 262
197 265
197 269
197 280
197 288
197 292
197 295
198 202
198 208
198 209
198 211
198 218
198 219
198 220
198 229
198 234
198 239
198 241
198 255
198 257
198 259
198 261
198 264
198 277
198 285
198 286
198 297
199 202
199 203
199 210
199 211
199 212
199 218
199 225
199 229
199 235
199 241
199 243
199 249
199 251
199 252
199 259
199 265
199 266
199 268
199 272
199 275
199 278
199 284
199 289
199 290
199 292
200 207
200 215
200 216
200 221
200 224
200 231
200 235
200 239
200 251
200 253
200 266
200 267
200 269
200 274
200 277
200 281
200 285
200 288
200 296
201 202
201 210
201 211
201 220
201 227
201 231
201 239
201 241
201 246
201 249
201 250
201 254
201 258
201 263
201 264
201 266
201 273
201 276
201 286
201 289
201 296
201 297
201 298
202 210
202 212
202 217
202 218
202 225
202 231
202 234
202 238
202 244
202 245
202 247
202 251
202 266
202 267
202 269
202 277
202 279
202 281
202 285
202 287
202 294
203 204
203 206
203 210
203 211
203 227
203 231
203 234
203 244
203 259
203 269
203 293
204 219
204 223
204 233
204 251
204 258
204 272
204 274
204 276
204 288
204 297
205 207
205 213
205 214
205 218
205 220
205 226
205 228
205 229
205 235
205 236
205 238
205 241
205 243
205 252
205 263
205 268
205 273
205 278
205 297
206 212
206 219
206 221
206 222
206 223
206 232
206 236
206 245
206 262
206 268
206 269
206 276
206 280
206 282
206 290
206 296
207 209
207 212
207 217
207 224
207 225
207 231
207 232
207 235
207 242
207 245
207 248
207 252
207 254
207 259
207 267
207 268
207 273
207 274
207 276
207 279
207 280
207 283
207 290
207 295
207 296
207 298
208 211
208 213
208 223
208 227
208 229
208 230
208 233
208 244
208 253
208 256
208 264
208 265
208 269
208 277
208 278
208 284
208 286
208 288
208 290
208 292
208 297
209 210
209 214
209 231
209 234
209 240
209 242
209 245
209 251
209 252
209 265
209 281
209 289
209 296
210 211
210 216
210 218
210 232
210 236
210 246
210 248
210 269
210 273
210 275
210 276
210 278
210 281
210 283
210 284
210 287
210 296
210 299
211 212
211 215
211 220
211 221
211 236
211 241
211 248
211 272
211 275
211 277
211 280
211 291
211 292
211 296
212 214
212 217
212 222
212 226
212 228
212 230
212 233
212 235
212 240
212 242
212 253
212 255
212 256
212 260
212 263
212 264
212 267
212 271
212 277
212 280
212 283
212 284
212 287
212 288
212 291
212 296
213 214
213 217
213 218
213 229
213 234
213 245
213 251
213 256
213 258
213 259
213 260
213 265
213 268
213 276
213 283
213 288
213 289
214 219
214 236
214 240
214 244
214 245
214 246
214 247
214 251
214 272
214 273
214 274
214 281
214 290
214 291
214 298
215 218
215 220
215 223
215 233
215 239
215 240
215 241
215 245
215 247
215 249
215 255
215 262
215 264
215 265
215 270
215 282
215 283
215 286
215 287
215 294
215 296
216 217
216 222
216 223
216 225
216 230
216 266
216 270
216 271
216 276
216 278
216 281
216 282
216 297
216 298
217 222
217 226
217 227
217 235
217 236
217 238
217 241
217 242
217 244
217 246
217 253
217 260
217 261
217 266
217 268
217 269
217 274
217 275
217 276
217 287
217 288
217 294
217 299
218 222
218 223
218 224
218 230
218 234
218 255
218 257
218 259
218 264
218 268
218 270
218 276
218 279
218 280
218 289
218 296
219 224
219 230
219 234
219 236
219 238
219 242
219 247
219 250
219 254
219 256
219 265
219 266
219 270
219 273
219 277
219 299
220 225
220 227
220 232
220 240
220 242
220 252
220 253
220 259
220 260
220 268
220 273
220 283
220 284
220 286
220 296
220 297
221 224
221 235
221 241
221 243
221 247
221 252
221 275
221 276
221 277
221 278
221 279
221 280
221 283
221 284
221 290
222 232
222 237
222 240
222 244
222 247
222 248
222 256
222 261
222 271
222 281
222 286
222 289
222 290
222 293
222 299
223 229
223 232
223 238
223 240
223 242
223 247
223 249
223 255
223 258
223 267
223 278
223 279
223 280
223 284
223 289
223 294
223 297
224 227
224 228
224 236
224 244
224 248
224 255
224 266
224 271
224 272
224 296
225 227
225 237
225 239
225 242
225 248
225 250
225 254
225 256
225 258
225 260
225 272
225 294
225 298
226 229
226 243
226 262
226 263
226 270
226 272
226 273
226 276
226 279
226 287
226 289
226 291
226 299
227 229
227 230
227 231
227 232
227 235
227 243
227 250
227 255
227 258
227 259
227 263
227 286
227 290
227 291
227 292
227 294
227 298
227 299
228 233
228 242
228 252
228 254
228 256
228 259
228 264
228 272
228 277
228 284
228 286
228 287
228 289
228 294
228 298
229 232
229 234
229 255
229 256
229 257
229 262
229 273
229 276
229 297
229 299
230 231
230 234
230 235
230 236
230 237
230 240
230 244
230 254
230 264
230 267
230 271
230 276
230 283
230 295
230 296
231 237
231 238
231 242
231 243
231 246
231 251
231 272
231 273
231 280
231 288
231 290
231 291
231 292
231 293
231 294
232 234
232 235
232 240
232 241
232 244
232 246
232 247
232 250
232 256
232 259
232 261
232 270
232 274
232 277
232 283
232 285
232 290
232 293
232 297
232 299
233 243
233 245
233 249
233 272
233 276
233 283
233 288
233 289
233 291
233 295
234 242
234 243
234 245
234 247
234 253
234 258
234 270
234 271
234 281
234 285
234 292
235 240
235 241
235 254
235 256
235 259
235 266
235 270
235 278
235 290
235 293
235 294
235 297
235 298
236 237
236 239
236 246
236 247
236 249
236 250
236 251
236 256
236 259
236 262
236 264
236 265
236 273
236 280
236 291
236 292
236 295
236 297
237 246
237 249
237 250
237 258
237 262
237 266
237 270
237 272
237 275
237 279
237 292
237 294
237 296
238 251
238 252
238 257
238 258
238 260
238 266
238 268
238 269
238 272
238 280
238 281
238 289
238 292
238 293
238 297
239 241
239 248
239 251
239 253
239 259
239 260
239 263
239 269
239 270
239 271
239 278
239 280
240 248
240 249
240 257
240 265
240 269
240 274
240 276
240 291
240 293
240 296
241 251
241 254
241 268
241 269
241 274
241 280
241 293
242 253
242 261
242 262
242 263
242 266
242 280
242 281
242 286
242 288
243 245
243 246
243 248
243 257
243 259
243 267
243 276
243 290
244 247
244 268
244 269
244 271
244 272
244 273
244 277
244 279
244 290
245 254
245 262
245 264
245 265
245 268
245 274
245 275
245 277
245 281
245 282
245 298
246 258
246 264
246 268
246 279
246 292
246 295
247 248
247 259
247 264
247 269
247 275
247 277
247 279
247 282
247 283
247 285
247 294
247 299
248 254
248 258
248 259
248 277
248 286
248 287
248 289
248 296
248 297
249 252
249 261
249 262
249 265
249 279
249 280
249 289
249 291
249 294
250 255
250 258
250 259
250 260
250 296
251 253
251 257
251 270
251 275
251 280
251 285
251 299
252 261
252 263
252 265
252 267
252 270
252 278
252 280
252 285
252 286
252 292
252 294
253 256
253 266
253 272
253 273
253 279
253 284
253 290
253 298
253 299
254 255
254 265
254 267
254 270
254 282
254 284
254 285
254 298
255 257
255 261
255 262
255 267
255 274
255 276
255 277
255 284
255 289
255 290
255 292
255 293
255 296
256 267
256 281
256 284
256 289
256 298
257 263
257 268
257 271
257 273
257 281
257 285
257 289
257 295
257 296
257 298
258 263
258 265
258 266
258 270
258 271
258 276
258 281
258 282
258 283
258 290
258 291
258 294
259 268
259 277
259 285
259 286
259 287
259 293
259 296
260 261
260 262
260 263
260 264
260 265
260 277
260 290
260 298
261 264
261 272
261 280
261 284
261 289
261 296
262 264
262 274
262 279
262 282
262 290
262 291
262 292
262 297
263 267
263 269
263 270
263 274
263 275
263 278
263 279
263 280
263 295
263 296
263 298
264 272
264 276
264 277
264 296
265 273
265 277
265 282
265 283
265 284
265 285
265 290
265 297
266 267
266 268
266 280
266 284
266 286
266 289
267 268
267 270
267 277
267 278
267 286
267 293
267 298
268 273
268 275
268 278
268 286
268 288
268 292
268 293
268 299
269 271
269 283
269 289
269 293
270 275
270 276
270 284
270 287
270 290
270 291
270 293
270 298
271 274
271 275
271 287
271 293
271 295
272 274
272 276
272 278
272 280
272 282
272 287
272 295
272 299
273 277
273 281
273 287
273 289
273 295
273 299
274 285
274 295
274 297
274 299
275 278
275 283
275 284
275 285
275 287
275 296
275 299
276 280
276 281
276 293
276 294
277 283
277 287
277 295
277 296
278 279
278 287
278 288
278 290
278 299
279 281
279 292
279 293
279 297
279 298
279 299
280 286
280 287
280 293
280 295
280 298
281 285
281 289
281 290
281 291
281 292
282 283
282 289
282 290
282 297
283 288
283 289
283 292
283 296
283 297
284 286
284 297
284 298
285 299
286 298
286 299
287 293
287 294
287 295
288 290
289 296
289 299
290 297
292 298
292 299
293 294
295 297
295 298
297 299
