100 1480
0 2
0 8
0 24
0 25
0 30
0 33
0 36
0 37
0 41
0 43
0 46
0 47
0 48
0 55
0 58
0 59
0 61
0 67
0 70
0 72
0 74
0 77
0 78
0 82
0 84
0 85
0 86
0 93
0 98
1 9
1 10
1 11
1 16
1 23
1 29
1 48
1 51
1 52
1 54
1 58
1 61
1 64
1 71
1 72
1 74
1 85
1 86
1 88
1 91
1 96
1 99
2 3
2 5
2 6
2 7
2 8
2 9
2 10
2 12
2 16
2 23
2 24
2 26
2 36
2 44
2 45
2 46
2 48
2 49
2 54
2 55
2 59
2 63
2 72
2 82
2 87
2 89
2 93
2 95
2 96
3 6
3 8
3 11
3 14
3 16
3 21
3 22
3 25
3 34
3 39
3 42
3 45
3 47
3 51
3 54
3 60
3 62
3 71
3 72
3 73
3 76
3 77
3 78
3 79
3 84
3 89
3 99
4 8
4 13
4 15
4 17
4 18
4 19
4 25
4 29
4 30
4 35
4 36
4 37
4 39
4 48
4 51
4 55
4 57
4 61
4 62
4 63
4 64
4 66
4 70
4 71
4 72
4 80
4 81
4 85
4 95
5 7
5 10
5 12
5 20
5 21
5 31
5 34
5 35
5 45
5 48
5 50
5 54
5 67
5 69
5 71
5 79
5 81
5 83
5 84
5 85
5 87
5 89
5 97
5 98
5 99
6 10
6 11
6 16
6 17
6 21
6 22
6 23
6 24
6 26
6 37
6 38
6 39
6 40
6 42
6 43
6 46
6 50
6 51
6 55
6 56
6 57
6 58
6 59
6 60
6 61
6 70
6 71
6 73
6 79
6 84
6 86
6 89
6 92
6 96
6 99
7 11
7 16
7 19
7 20
7 24
7 28
7 30
7 41
7 44
7 50
7 51
7 52
7 57
7 61
7 62
7 63
7 69
7 70
7 72
7 73
7 77
7 79
7 80
7 86
7 87
7 89
7 93
7 99
8 10
8 11
8 15
8 16
8 18
8 20
8 22
8 25
8 30
8 31
8 42
8 52
8 55
8 56
8 58
8 60
8 67
8 68
8 69
8 73
8 75
8 81
8 84
8 88
8 91
8 94
8 95
8 96
8 99
9 14
9 17
9 19
9 20
9 21
9 23
9 25
9 27
9 31
9 32
9 35
9 36
9 42
9 45
9 50
9 53
9 57
9 59
9 63
9 64
9 65
9 69
9 71
9 73
9 74
9 75
9 76
9 81
9 83
9 86
9 87
9 93
9 96
9 97
9 99
10 11
10 12
10 13
10 16
10 18
10 19
10 22
10 28
10 29
10 47
10 48
10 49
10 50
10 51
10 53
10 55
10 56
10 58
10 59
10 61
10 63
10 64
10 68
10 70
10 73
10 76
10 80
10 81
10 88
11 16
11 19
11 23
11 27
11 29
11 34
11 38
11 42
11 44
11 48
11 52
11 53
11 58
11 59
11 63
11 66
11 68
11 78
11 84
11 86
11 90
11 93
11 94
11 96
11 99
12 14
12 19
12 29
12 30
12 31
12 32
12 34
12 40
12 43
12 45
12 49
12 53
12 56
12 63
12 66
12 69
12 77
12 78
12 82
12 93
12 95
12 99
13 15
13 16
13 18
13 22
13 24
13 26
13 30
13 32
13 38
13 39
13 40
13 41
13 51
13 57
13 58
13 59
13 63
13 66
13 78
13 80
13 85
13 90
13 91
13 93
13 94
13 96
13 98
13 99
14 16
14 17
14 19
14 23
14 26
14 28
14 30
14 36
14 39
14 44
14 45
14 50
14 54
14 55
14 66
14 68
14 69
14 71
14 73
14 76
14 81
14 82
14 88
14 89
14 91
14 92
14 96
15 18
15 23
15 28
15 33
15 34
15 37
15 40
15 45
15 50
15 58
15 59
15 61
15 63
15 64
15 66
15 71
15 76
15 77
15 78
15 80
15 86
15 96
15 98
16 17
16 19
16 20
16 27
16 28
16 32
16 33
16 35
16 38
16 39
16 46
16 57
16 59
16 60
16 61
16 65
16 67
16 77
16 78
16 81
16 85
16 93
16 97
16 98
17 25
17 30
17 31
17 32
17 36
17 39
17 43
17 50
17 52
17 56
17 59
17 61
17 68
17 76
17 77
17 83
17 85
17 88
17 93
17 94
17 95
17 96
17 98
18 23
18 27
18 28
18 32
18 33
18 36
18 37
18 40
18 45
18 46
18 48
18 49
18 50
18 56
18 60
18 63
18 64
18 79
18 87
18 89
18 92
18 94
18 99
19 22
19 23
19 25
19 26
19 27
19 28
19 29
19 32
19 33
19 39
19 40
19 44
19 46
19 47
19 50
19 52
19 53
19 55
19 56
19 57
19 59
19 61
19 65
19 67
19 70
19 74
19 75
19 80
19 81
19 85
19 86
19 89
19 91
19 93
19 95
19 97
20 25
20 33
20 34
20 35
20 37
20 48
20 57
20 65
20 67
20 68
20 73
20 75
20 76
20 79
20 84
20 85
20 87
20 93
20 94
20 96
20 97
21 26
21 31
21 35
21 36
21 39
21 42
21 48
21 50
21 56
21 60
21 67
21 73
21 76
21 77
21 78
21 85
21 89
21 93
21 97
22 24
22 26
22 28
22 29
22 30
22 34
22 36
22 37
22 41
22 44
22 48
22 49
22 53
22 56
22 57
22 58
22 61
22 63
22 71
22 72
22 74
22 76
22 78
22 80
22 83
22 84
22 87
22 91
22 95
22 99
23 27
23 29
23 45
23 46
23 50
23 52
23 55
23 59
23 60
23 61
23 63
23 64
23 76
23 77
23 79
23 87
23 94
23 95
23 98
24 30
24 32
24 42
24 45
24 48
24 49
24 51
24 53
24 55
24 58
24 60
24 62
24 63
24 66
24 69
24 70
24 72
24 76
24 81
24 82
24 86
24 90
24 92
24 98
25 26
25 30
25 31
25 32
25 33
25 40
25 43
25 44
25 45
25 52
25 55
25 61
25 69
25 72
25 73
25 74
25 77
25 79
25 86
25 87
25 94
25 96
25 98
26 31
26 37
26 42
26 43
26 44
26 46
26 57
26 60
26 61
26 67
26 73
26 76
26 78
26 82
26 85
26 86
26 87
26 94
26 95
26 98
26 99
27 29
27 32
27 37
27 41
27 47
27 49
27 51
27 56
27 64
27 67
27 71
27 73
27 74
27 79
27 91
27 92
27 99
28 29
28 33
28 39
28 41
28 42
28 43
28 44
28 49
28 50
28 53
28 55
28 56
28 57
28 59
28 62
28 69
28 71
28 73
28 74
28 81
28 87
28 88
28 90
28 94
29 31
29 32
29 35
29 42
29 44
29 53
29 54
29 56
29 62
29 67
29 68
29 71
29 73
29 74
29 76
29 78
29 79
29 82
29 85
29 88
29 91
29 92
29 95
29 97
29 98
30 31
30 33
30 37
30 39
30 42
30 50
30 54
30 63
30 67
30 80
30 82
30 85
30 87
30 88
30 93
30 96
30 97
31 32
31 33
31 34
31 36
31 38
31 45
31 51
31 55
31 57
31 59
31 60
31 64
31 72
31 75
31 78
31 85
31 86
31 88
31 95
31 97
32 33
32 34
32 38
32 40
32 43
32 44
32 47
32 49
32 51
32 52
32 54
32 57
32 58
32 65
32 67
32 69
32 78
32 81
32 85
32 88
32 89
32 91
32 95
32 97
32 98
33 34
33 40
33 42
33 44
33 45
33 50
33 57
33 58
33 63
33 69
33 70
33 72
33 73
33 80
33 82
33 91
33 92
33 93
33 97
33 98
34 35
34 38
34 39
34 41
34 42
34 45
34 48
34 49
34 52
34 53
34 55
34 70
34 72
34 75
34 78
34 83
34 89
34 90
34 91
34 94
34 95
34 98
34 99
35 43
35 47
35 48
35 54
35 59
35 61
35 66
35 70
35 72
35 75
35 79
35 93
36 41
36 42
36 49
36 59
36 67
36 68
36 71
36 78
36 82
36 84
36 91
36 92
36 94
36 98
37 38
37 39
37 41
37 47
37 48
37 58
37 59
37 60
37 64
37 68
37 72
37 81
37 84
37 92
37 94
37 97
37 98
38 40
38 42
38 51
38 53
38 56
38 60
38 62
38 66
38 70
38 73
38 81
38 86
38 87
38 91
38 92
38 93
38 94
38 95
38 96
38 97
38 99
39 43
39 44
39 46
39 49
39 51
39 52
39 59
39 66
39 68
39 72
39 74
39 79
39 81
39 82
39 87
39 88
39 90
39 94
39 96
39 98
40 44
40 56
40 62
40 66
40 68
40 69
40 70
40 72
40 75
40 85
40 88
40 89
40 92
40 93
40 94
41 44
41 46
41 48
41 49
41 54
41 58
41 64
41 65
41 70
41 73
41 83
41 85
41 95
41 97
42 46
42 50
42 62
42 63
42 65
42 73
42 74
42 75
42 84
42 86
42 87
42 89
42 93
42 97
42 98
43 45
43 49
43 50
43 51
43 52
43 57
43 63
43 67
43 70
43 72
43 74
43 75
43 81
43 83
43 85
43 86
43 92
43 94
44 52
44 56
44 69
44 74
44 83
44 84
44 85
44 87
44 93
44 98
45 47
45 48
45 49
45 51
45 55
45 60
45 63
45 65
45 66
45 67
45 68
45 70
45 76
45 80
45 81
45 83
45 84
45 85
45 87
45 88
45 90
45 91
45 92
45 93
45 95
45 96
45 98
46 51
46 60
46 68
46 69
46 72
46 77
46 78
46 81
46 87
46 88
46 96
46 98
47 51
47 52
47 53
47 61
47 63
47 64
47 66
47 69
47 70
47 71
47 73
47 74
47 79
47 83
47 84
47 89
47 94
47 97
48 49
48 51
48 56
48 62
48 63
48 75
48 76
48 77
48 81
48 82
48 83
48 89
48 92
48 97
49 50
49 56
49 57
49 61
49 63
49 72
49 73
49 74
49 75
49 85
49 87
49 88
49 89
50 52
50 55
50 58
50 71
50 93
50 95
50 97
51 52
51 55
51 57
51 58
51 59
51 60
51 63
51 69
51 72
51 76
51 82
51 84
51 98
52 53
52 55
52 56
52 64
52 65
52 68
52 69
52 70
52 75
52 78
52 86
52 94
52 96
52 99
53 55
53 64
53 73
53 77
53 79
53 80
53 81
53 87
53 88
53 90
53 92
53 99
54 55
54 56
54 58
54 60
54 63
54 69
54 70
54 81
54 82
54 83
54 92
54 94
54 96
55 67
55 69
55 70
55 86
55 88
56 59
56 61
56 62
56 64
56 66
56 68
56 71
56 72
56 76
56 78
56 81
56 84
56 87
56 88
56 91
56 93
56 94
56 97
57 61
57 62
57 63
57 66
57 70
57 72
57 74
57 78
57 84
57 86
57 87
57 88
57 89
57 94
58 60
58 63
58 65
58 66
58 71
58 72
58 76
58 86
58 91
58 95
58 97
58 99
59 61
59 63
59 64
59 65
59 66
59 67
59 70
59 71
59 75
59 78
59 84
59 87
59 88
59 92
59 94
60 64
60 71
60 76
60 78
60 80
60 87
60 91
60 93
60 95
60 97
61 65
61 66
61 69
61 80
61 83
61 84
61 87
61 89
61 95
61 98
61 99
62 64
62 69
62 70
62 74
62 75
62 86
62 88
62 89
62 92
62 94
62 96
62 98
62 99
63 68
63 73
63 74
63 76
63 78
63 81
63 82
63 85
63 86
63 87
63 89
63 92
63 96
64 75
64 77
64 82
64 85
64 92
64 93
64 94
64 95
64 99
65 68
65 69
65 70
65 71
65 73
65 74
65 75
65 79
65 82
65 83
65 85
65 86
65 91
65 95
65 97
66 68
66 71
66 76
66 77
66 80
66 81
66 82
66 88
66 89
66 91
66 94
66 95
66 98
67 77
67 83
67 86
67 87
67 95
67 96
67 97
68 74
68 76
68 82
68 84
68 85
68 93
69 70
69 71
69 72
69 81
69 82
69 83
69 85
69 86
69 87
69 92
70 73
70 74
70 82
70 84
70 92
70 96
70 98
71 79
71 80
71 83
71 87
71 88
71 90
71 93
71 97
72 81
72 84
72 86
72 90
72 92
73 75
73 80
73 83
73 84
73 92
73 96
74 76
74 77
74 82
74 83
74 84
74 85
74 86
74 95
75 76
75 79
75 82
75 90
75 98
76 78
76 79
76 80
76 81
76 86
76 90
76 91
76 94
76 97
76 99
77 86
77 89
77 90
77 94
77 98
78 80
78 81
78 82
78 83
78 87
78 93
78 95
78 97
78 98
79 81
79 84
79 86
79 88
79 96
79 97
79 98
80 81
80 83
80 84
80 85
80 87
80 88
80 89
80 91
80 92
80 93
80 94
80 95
81 82
81 83
81 87
81 90
81 92
81 95
82 83
82 85
82 86
82 87
82 88
82 93
82 99
83 86
83 88
83 99
84 86
84 87
84 88
84 89
84 94
84 98
84 99
85 91
85 92
85 97
86 87
86 88
86 89
86 96
86 98
87 95
87 96
87 98
88 91
88 96
88 97
89 90
89 96
90 93
90 99
91 92
91 96
91 99
93 94
93 96
93 97
94 95
94 96
94 99
97 98
98 99
