80 623
0 8
0 11
0 15
0 18
0 22
0 23
0 24
0 33
0 39
0 42
0 47
0 48
0 56
1 4
1 14
1 23
1 25
1 26
1 27
1 28
1 36
1 42
1 44
1 52
1 61
1 69
1 78
2 7
2 24
2 27
2 35
2 36
2 38
2 43
2 48
2 51
2 55
2 66
2 67
2 72
3 5
3 8
3 9
3 14
3 15
3 16
3 31
3 36
3 39
3 44
3 46
3 49
3 68
3 69
3 73
4 6
4 7
4 14
4 15
4 27
4 29
4 30
4 34
4 36
4 37
4 41
4 44
4 68
4 69
4 71
4 75
5 14
5 16
5 27
5 28
5 29
5 31
5 32
5 34
5 39
5 41
5 53
5 56
5 65
5 66
5 76
5 77
5 79
6 8
6 13
6 18
6 20
6 25
6 26
6 31
6 33
6 43
6 45
6 53
6 64
6 71
6 72
7 11
7 13
7 16
7 19
7 20
7 21
7 29
7 46
7 48
7 50
7 51
7 53
7 55
7 56
7 59
7 70
7 73
7 74
8 13
8 16
8 27
8 34
8 35
8 44
8 45
8 62
8 66
8 71
8 78
9 12
9 19
9 25
9 29
9 49
9 56
9 58
9 59
9 61
9 62
9 64
9 65
9 71
9 79
10 22
10 23
10 25
10 26
10 40
10 44
10 45
10 47
10 52
10 54
10 57
10 60
10 68
10 69
10 72
10 76
10 78
10 79
11 14
11 15
11 16
11 18
11 21
11 40
11 44
11 47
11 64
11 69
11 72
12 32
12 33
12 35
12 41
12 46
12 50
12 57
12 63
13 14
13 15
13 17
13 25
13 33
13 37
13 40
13 57
13 60
13 62
13 71
14 18
14 26
14 28
14 44
14 46
14 49
14 53
14 61
14 71
14 74
14 79
15 24
15 27
15 28
15 29
15 35
15 41
15 45
15 47
15 55
15 66
15 67
15 75
16 29
16 31
16 34
16 35
16 44
16 48
16 57
16 58
16 63
17 21
17 23
17 25
17 28
17 32
17 33
17 35
17 38
17 48
17 49
17 51
17 60
17 69
17 70
18 19
18 25
18 31
18 36
18 41
18 45
18 48
18 53
18 57
18 59
18 61
18 62
18 66
18 73
18 76
19 25
19 29
19 34
19 41
19 42
19 45
19 48
19 52
19 55
19 60
19 61
19 64
19 65
19 66
19 74
19 78
20 21
20 22
20 25
20 32
20 33
20 38
20 41
20 44
20 47
20 49
20 76
21 23
21 28
21 41
21 54
21 63
21 76
21 77
22 24
22 25
22 32
22 38
22 43
22 49
22 56
22 64
22 66
22 68
22 70
22 74
22 75
22 78
23 24
23 28
23 46
23 48
23 53
23 60
23 64
23 73
23 75
23 77
23 78
23 79
24 25
24 29
24 30
24 31
24 40
24 47
24 57
24 69
24 74
25 27
25 32
25 33
25 38
25 42
25 51
25 54
25 57
25 58
25 65
25 69
25 72
25 73
25 74
25 76
25 77
26 29
26 31
26 35
26 44
26 46
26 54
26 58
26 60
26 62
26 66
26 68
26 69
26 74
27 30
27 34
27 35
27 36
27 45
27 46
27 47
27 53
28 29
28 31
28 33
28 35
28 47
28 48
28 57
28 58
28 60
28 61
28 67
28 69
28 70
28 77
29 30
29 31
29 46
29 50
29 54
29 55
29 75
29 77
30 40
30 55
30 59
30 61
30 62
30 64
30 68
31 40
31 49
31 58
31 62
31 63
31 64
31 66
31 67
31 72
31 76
32 51
32 70
32 78
33 35
33 37
33 45
33 47
33 53
33 57
33 62
33 78
33 79
34 55
34 58
34 72
35 36
35 40
35 51
35 53
35 62
35 63
35 65
35 67
35 69
35 75
36 39
36 47
36 48
36 49
36 54
36 57
36 63
36 68
36 69
36 77
36 78
36 79
37 38
37 41
37 44
37 45
37 48
37 59
37 65
37 66
37 68
37 69
37 79
38 39
38 41
38 52
38 57
38 58
38 77
38 79
39 47
39 65
39 74
39 77
40 41
40 42
40 46
40 50
40 53
40 54
40 57
40 71
40 76
40 78
41 42
41 43
41 45
41 52
41 53
41 54
41 64
41 65
41 68
42 44
42 48
42 51
42 62
42 69
42 72
42 73
42 75
42 77
43 44
43 50
43 63
43 68
43 72
43 74
43 75
43 78
44 53
44 55
44 60
44 72
45 46
45 60
45 72
45 75
45 78
45 79
46 48
46 58
46 60
46 67
46 72
47 48
47 64
47 65
47 69
47 76
47 77
48 49
48 68
48 70
49 56
49 58
49 60
49 69
49 79
50 57
50 58
50 63
50 67
50 70
50 72
50 78
51 59
51 60
51 66
51 74
52 65
52 67
52 70
52 72
52 75
53 57
53 66
53 70
53 74
53 79
54 62
54 66
54 67
54 72
55 66
55 71
55 76
56 59
56 60
56 68
56 69
56 70
56 74
56 75
56 76
56 78
57 58
57 62
57 65
57 74
58 62
58 63
58 64
58 65
58 66
58 70
58 71
58 75
58 79
59 60
59 63
59 65
59 71
59 75
59 79
60 64
60 72
60 77
60 78
61 66
61 67
61 69
61 79
62 65
62 78
62 79
63 65
63 70
63 73
63 75
64 72
64 73
64 75
64 79
65 66
65 75
65 78
65 79
66 73
66 74
67 70
67 75
68 70
68 71
68 74
69 77
69 78
69 79
70 71
70 73
70 76
70 77
71 79
72 75
72 76
73 76
73 78
77 78
77 79
