200 6042
0 2
0 4
0 5
0 6
0 7
0 12
0 14
0 17
0 25
0 28
0 30
0 34
0 35
0 38
0 42
0 43
0 47
0 49
0 51
0 52
0 53
0 60
0 63
0 65
0 69
0 72
0 73
0 74
0 78
0 80
0 81
0 88
0 91
0 92
0 93
0 96
0 97
0 99
0 101
0 106
0 110
0 116
0 117
0 119
0 122
0 123
0 124
0 125
0 126
0 129
0 130
0 131
0 135
0 140
0 144
0 146
0 147
0 149
0 151
0 156
0 162
0 165
0 166
0 169
0 176
0 179
0 186
0 190
0 198
1 5
1 10
1 11
1 13
1 19
1 20
1 33
1 40
1 42
1 43
1 48
1 50
1 54
1 55
1 61
1 68
1 73
1 80
1 82
1 83
1 89
1 93
1 94
1 97
1 100
1 106
1 107
1 108
1 109
1 110
1 113
1 115
1 117
1 120
1 125
1 127
1 132
1 136
1 138
1 140
1 141
1 142
1 148
1 153
1 164
1 167
1 169
1 170
1 172
1 182
1 184
1 189
1 190
1 193
1 195
1 196
1 198
2 3
2 5
2 14
2 18
2 19
2 23
2 25
2 34
2 36
2 44
2 45
2 47
2 54
2 56
2 61
2 62
2 64
2 65
2 67
2 68
2 72
2 77
2 81
2 82
2 83
2 84
2 85
2 89
2 90
2 91
2 92
2 93
2 94
2 97
2 99
2 100
2 102
2 104
2 109
2 114
2 115
2 119
2 121
2 123
2 132
2 141
2 142
2 144
2 147
2 150
2 152
2 154
2 157
2 161
2 173
2 177
2 178
2 180
2 181
2 187
2 188
2 191
2 193
2 197
3 4
3 19
3 26
3 27
3 29
3 30
3 31
3 34
3 36
3 38
3 45
3 49
3 55
3 56
3 60
3 64
3 65
3 66
3 68
3 71
3 76
3 77
3 78
3 85
3 88
3 94
3 97
3 100
3 101
3 105
3 108
3 110
3 113
3 115
3 116
3 122
3 123
3 126
3 134
3 135
3 138
3 139
3 140
3 144
3 153
3 155
3 158
3 164
3 165
3 169
3 170
3 171
3 176
3 177
3 183
3 185
3 188
3 189
3 192
3 198
4 6
4 10
4 12
4 28
4 29
4 37
4 39
4 40
4 46
4 49
4 50
4 60
4 61
4 62
4 64
4 73
4 76
4 77
4 79
4 80
4 82
4 84
4 85
4 87
4 89
4 92
4 93
4 94
4 95
4 111
4 115
4 117
4 119
4 121
4 133
4 136
4 138
4 139
4 147
4 148
4 150
4 151
4 152
4 153
4 156
4 162
4 164
4 165
4 166
4 168
4 171
4 172
4 176
4 177
4 181
4 189
4 193
4 195
4 196
5 6
5 7
5 8
5 10
5 12
5 13
5 14
5 15
5 17
5 26
5 28
5 30
5 34
5 38
5 40
5 42
5 43
5 51
5 52
5 53
5 55
5 57
5 60
5 63
5 64
5 66
5 67
5 68
5 71
5 75
5 76
5 78
5 79
5 91
5 92
5 93
5 94
5 97
5 101
5 103
5 104
5 105
5 107
5 109
5 112
5 117
5 121
5 123
5 124
5 125
5 126
5 132
5 135
5 137
5 144
5 148
5 149
5 152
5 157
5 158
5 162
5 163
5 164
5 175
5 176
5 178
5 180
5 182
5 184
5 185
5 187
5 188
5 191
5 192
5 196
5 197
6 7
6 9
6 14
6 16
6 17
6 22
6 24
6 30
6 31
6 38
6 39
6 40
6 41
6 43
6 45
6 53
6 57
6 68
6 73
6 78
6 79
6 80
6 83
6 84
6 91
6 92
6 97
6 101
6 109
6 112
6 116
6 119
6 121
6 123
6 124
6 125
6 127
6 128
6 129
6 134
6 137
6 142
6 159
6 163
6 166
6 172
6 175
6 178
6 195
6 196
7 8
7 10
7 12
7 14
7 18
7 25
7 27
7 29
7 31
7 33
7 39
7 40
7 45
7 49
7 52
7 54
7 57
7 61
7 62
7 63
7 64
7 77
7 83
7 86
7 89
7 96
7 102
7 104
7 107
7 111
7 114
7 117
7 118
7 119
7 121
7 125
7 126
7 132
7 134
7 135
7 137
7 144
7 145
7 154
7 155
7 157
7 160
7 162
7 163
7 165
7 166
7 167
7 168
7 171
7 172
7 174
7 177
7 180
7 181
7 182
7 184
7 196
7 198
8 11
8 14
8 15
8 16
8 19
8 25
8 28
8 30
8 32
8 33
8 36
8 39
8 43
8 51
8 52
8 53
8 61
8 64
8 65
8 66
8 67
8 74
8 83
8 85
8 92
8 93
8 96
8 98
8 102
8 104
8 105
8 112
8 114
8 119
8 123
8 124
8 126
8 128
8 130
8 132
8 143
8 145
8 146
8 150
8 151
8 157
8 163
8 168
8 175
8 176
8 179
8 182
8 188
8 190
8 191
8 198
9 10
9 11
9 13
9 14
9 15
9 17
9 18
9 20
9 22
9 25
9 28
9 32
9 33
9 38
9 40
9 46
9 51
9 54
9 63
9 64
9 66
9 68
9 69
9 70
9 71
9 72
9 73
9 76
9 77
9 79
9 87
9 92
9 93
9 96
9 101
9 105
9 106
9 111
9 115
9 117
9 120
9 123
9 124
9 127
9 131
9 132
9 135
9 136
9 144
9 149
9 154
9 156
9 158
9 159
9 170
9 172
9 179
9 187
9 189
9 190
9 191
9 194
10 15
10 19
10 22
10 24
10 36
10 40
10 41
10 45
10 48
10 50
10 57
10 63
10 64
10 69
10 70
10 72
10 75
10 79
10 82
10 87
10 89
10 92
10 96
10 99
10 100
10 111
10 112
10 114
10 121
10 122
10 125
10 127
10 130
10 134
10 142
10 144
10 145
10 147
10 148
10 152
10 157
10 170
10 171
10 176
10 177
10 181
10 188
10 191
10 192
10 195
10 197
11 13
11 17
11 20
11 24
11 30
11 35
11 36
11 37
11 38
11 42
11 43
11 44
11 50
11 51
11 52
11 53
11 65
11 68
11 70
11 73
11 77
11 81
11 83
11 85
11 89
11 92
11 100
11 102
11 105
11 106
11 109
11 112
11 113
11 114
11 115
11 117
11 118
11 122
11 123
11 125
11 126
11 132
11 133
11 136
11 140
11 147
11 148
11 150
11 152
11 153
11 157
11 164
11 167
11 168
11 169
11 172
11 176
11 177
11 179
11 186
11 187
11 188
11 196
11 197
12 15
12 16
12 18
12 20
12 21
12 25
12 28
12 29
12 32
12 36
12 38
12 43
12 44
12 46
12 47
12 50
12 53
12 56
12 58
12 65
12 68
12 73
12 75
12 76
12 79
12 85
12 87
12 88
12 97
12 98
12 99
12 100
12 101
12 102
12 109
12 110
12 111
12 112
12 114
12 115
12 117
12 119
12 120
12 122
12 129
12 132
12 137
12 139
12 141
12 146
12 147
12 148
12 152
12 153
12 154
12 156
12 159
12 161
12 162
12 165
12 171
12 175
12 184
12 191
12 193
12 197
13 15
13 16
13 18
13 23
13 25
13 26
13 27
13 34
13 35
13 43
13 53
13 59
13 60
13 62
13 65
13 66
13 67
13 68
13 75
13 77
13 78
13 79
13 83
13 85
13 86
13 87
13 88
13 98
13 100
13 103
13 107
13 113
13 119
13 120
13 123
13 124
13 132
13 133
13 134
13 136
13 137
13 142
13 145
13 148
13 149
13 156
13 169
13 170
13 173
13 182
13 188
13 194
13 196
13 198
13 199
14 20
14 21
14 22
14 25
14 27
14 31
14 32
14 35
14 36
14 37
14 43
14 47
14 53
14 55
14 57
14 67
14 72
14 79
14 83
14 84
14 85
14 89
14 90
14 91
14 94
14 98
14 105
14 106
14 109
14 116
14 119
14 125
14 129
14 130
14 135
14 136
14 137
14 148
14 149
14 164
14 168
14 170
14 172
14 173
14 177
14 178
14 180
14 181
14 186
14 187
14 188
14 191
14 193
15 16
15 18
15 20
15 25
15 31
15 36
15 40
15 44
15 45
15 47
15 48
15 51
15 57
15 60
15 61
15 67
15 74
15 75
15 86
15 89
15 91
15 92
15 93
15 94
15 99
15 100
15 103
15 113
15 120
15 121
15 123
15 126
15 130
15 132
15 134
15 135
15 138
15 140
15 143
15 145
15 146
15 148
15 149
15 151
15 154
15 155
15 157
15 158
15 159
15 162
15 165
15 169
15 172
15 175
15 177
15 178
15 180
15 182
15 184
15 188
15 189
15 192
15 193
15 194
15 197
15 199
16 17
16 33
16 42
16 43
16 46
16 47
16 50
16 51
16 53
16 55
16 62
16 63
16 64
16 68
16 69
16 71
16 76
16 78
16 79
16 81
16 82
16 89
16 92
16 100
16 103
16 107
16 108
16 110
16 114
16 115
16 123
16 124
16 129
16 130
16 133
16 134
16 142
16 144
16 147
16 148
16 150
16 158
16 159
16 160
16 173
16 175
16 176
16 177
16 183
16 198
17 18
17 21
17 22
17 24
17 27
17 30
17 31
17 32
17 33
17 34
17 35
17 41
17 45
17 49
17 50
17 51
17 53
17 55
17 56
17 57
17 63
17 74
17 80
17 83
17 85
17 86
17 89
17 90
17 92
17 97
17 113
17 117
17 118
17 120
17 126
17 128
17 132
17 133
17 139
17 144
17 145
17 146
17 148
17 158
17 159
17 167
17 169
17 171
17 173
17 176
17 178
17 179
17 181
17 185
17 186
17 187
17 189
17 193
17 195
17 198
18 19
18 20
18 21
18 32
18 41
18 43
18 48
18 49
18 56
18 58
18 59
18 63
18 65
18 69
18 70
18 71
18 74
18 83
18 84
18 85
18 86
18 87
18 93
18 95
18 96
18 98
18 104
18 108
18 112
18 115
18 118
18 120
18 121
18 123
18 127
18 128
18 129
18 132
18 137
18 139
18 140
18 146
18 148
18 151
18 152
18 154
18 157
18 158
18 162
18 167
18 169
18 171
18 174
18 176
18 178
18 180
18 181
18 182
18 183
18 185
18 197
19 25
19 27
19 29
19 33
19 42
19 46
19 48
19 55
19 61
19 69
19 75
19 76
19 78
19 88
19 92
19 95
19 98
19 99
19 100
19 101
19 104
19 111
19 113
19 115
19 118
19 120
19 124
19 126
19 128
19 130
19 133
19 144
19 145
19 150
19 151
19 155
19 164
19 165
19 171
19 178
19 179
19 183
19 184
19 191
19 193
19 194
19 198
20 23
20 28
20 32
20 33
20 35
20 36
20 39
20 45
20 46
20 47
20 52
20 65
20 74
20 77
20 78
20 86
20 87
20 90
20 91
20 93
20 95
20 96
20 100
20 102
20 104
20 105
20 106
20 108
20 109
20 111
20 114
20 117
20 124
20 137
20 139
20 141
20 143
20 144
20 145
20 148
20 150
20 156
20 165
20 167
20 168
20 172
20 179
20 181
20 184
20 185
20 186
20 188
20 199
21 22
21 23
21 24
21 25
21 26
21 27
21 32
21 33
21 39
21 40
21 42
21 43
21 44
21 48
21 60
21 61
21 62
21 65
21 67
21 70
21 72
21 75
21 81
21 89
21 90
21 91
21 94
21 96
21 98
21 99
21 105
21 110
21 115
21 117
21 122
21 128
21 130
21 131
21 144
21 152
21 158
21 164
21 166
21 168
21 170
21 171
21 172
21 175
21 176
21 178
21 180
21 182
21 185
21 186
21 191
21 193
21 195
21 197
21 198
22 25
22 29
22 30
22 32
22 39
22 40
22 41
22 45
22 46
22 51
22 54
22 57
22 58
22 59
22 63
22 67
22 68
22 70
22 73
22 74
22 75
22 77
22 80
22 84
22 88
22 91
22 94
22 97
22 99
22 101
22 103
22 104
22 110
22 113
22 116
22 119
22 129
22 130
22 135
22 138
22 139
22 144
22 150
22 155
22 158
22 164
22 170
22 178
22 181
22 185
22 187
22 193
23 26
23 36
23 37
23 44
23 46
23 50
23 53
23 54
23 59
23 61
23 66
23 67
23 69
23 71
23 77
23 81
23 86
23 88
23 94
23 96
23 100
23 105
23 107
23 108
23 110
23 111
23 112
23 114
23 115
23 125
23 127
23 130
23 134
23 137
23 139
23 141
23 144
23 145
23 147
23 148
23 151
23 154
23 157
23 163
23 165
23 169
23 171
23 172
23 174
23 179
23 180
23 181
23 189
23 193
23 196
23 199
24 31
24 35
24 37
24 38
24 41
24 46
24 50
24 54
24 57
24 58
24 60
24 64
24 65
24 66
24 67
24 77
24 80
24 82
24 83
24 88
24 89
24 96
24 97
24 100
24 113
24 114
24 118
24 119
24 124
24 125
24 127
24 132
24 134
24 136
24 138
24 139
24 143
24 147
24 154
24 156
24 157
24 158
24 161
24 162
24 166
24 168
24 174
24 178
24 185
24 191
24 193
24 195
24 196
24 197
24 198
25 26
25 31
25 35
25 36
25 38
25 44
25 45
25 49
25 50
25 51
25 69
25 73
25 77
25 78
25 81
25 82
25 83
25 94
25 97
25 100
25 102
25 103
25 104
25 107
25 110
25 111
25 113
25 121
25 123
25 125
25 131
25 132
25 133
25 139
25 146
25 149
25 150
25 151
25 161
25 163
25 172
25 174
25 177
25 179
25 186
25 187
25 192
25 193
25 195
25 197
25 199
26 27
26 32
26 35
26 42
26 46
26 47
26 55
26 56
26 59
26 60
26 65
26 70
26 74
26 77
26 79
26 80
26 81
26 86
26 89
26 97
26 98
26 100
26 108
26 109
26 113
26 116
26 117
26 127
26 130
26 131
26 138
26 144
26 147
26 149
26 152
26 154
26 158
26 160
26 162
26 175
26 181
26 183
26 185
26 186
26 188
26 193
26 196
26 197
26 198
27 29
27 37
27 38
27 41
27 53
27 56
27 66
27 67
27 71
27 73
27 74
27 75
27 77
27 82
27 90
27 99
27 103
27 106
27 108
27 113
27 120
27 124
27 125
27 129
27 132
27 134
27 144
27 145
27 155
27 157
27 159
27 161
27 167
27 171
27 172
27 173
27 183
27 184
27 188
27 192
27 195
28 29
28 33
28 35
28 37
28 39
28 40
28 42
28 43
28 55
28 56
28 66
28 67
28 69
28 71
28 77
28 80
28 87
28 91
28 92
28 100
28 102
28 106
28 108
28 110
28 115
28 116
28 121
28 122
28 125
28 127
28 128
28 134
28 138
28 142
28 144
28 147
28 155
28 158
28 159
28 166
28 172
28 174
28 175
28 180
28 184
28 186
28 190
28 194
28 195
28 199
29 31
29 36
29 37
29 43
29 45
29 46
29 48
29 49
29 50
29 59
29 65
29 67
29 68
29 74
29 76
29 78
29 79
29 87
29 89
29 92
29 99
29 107
29 111
29 117
29 119
29 122
29 123
29 133
29 136
29 140
29 142
29 143
29 145
29 148
29 149
29 151
29 155
29 159
29 160
29 167
29 176
29 180
29 181
29 183
29 185
29 189
29 192
29 196
29 197
29 198
30 33
30 42
30 53
30 59
30 61
30 63
30 66
30 72
30 74
30 80
30 83
30 84
30 85
30 87
30 90
30 92
30 95
30 96
30 98
30 102
30 103
30 105
30 106
30 108
30 109
30 112
30 114
30 115
30 117
30 119
30 123
30 124
30 126
30 129
30 132
30 133
30 135
30 137
30 139
30 142
30 145
30 147
30 149
30 153
30 155
30 158
30 159
30 160
30 162
30 164
30 166
30 167
30 169
30 170
30 173
30 181
30 185
30 189
30 191
30 192
30 195
30 197
31 37
31 40
31 41
31 43
31 44
31 45
31 46
31 49
31 57
31 60
31 61
31 62
31 66
31 68
31 69
31 70
31 74
31 79
31 89
31 90
31 91
31 93
31 99
31 100
31 105
31 106
31 119
31 120
31 124
31 126
31 129
31 132
31 134
31 135
31 136
31 144
31 149
31 152
31 153
31 154
31 160
31 162
31 169
31 171
31 172
31 175
31 179
31 182
31 185
31 190
31 191
31 193
32 39
32 41
32 43
32 52
32 53
32 56
32 57
32 59
32 65
32 67
32 69
32 71
32 72
32 73
32 78
32 80
32 85
32 86
32 92
32 94
32 97
32 99
32 100
32 102
32 103
32 104
32 109
32 111
32 113
32 116
32 119
32 121
32 124
32 126
32 129
32 136
32 138
32 141
32 142
32 144
32 147
32 152
32 156
32 162
32 163
32 165
32 167
32 168
32 169
32 172
32 181
32 183
32 185
32 186
32 194
32 197
32 199
33 37
33 38
33 46
33 48
33 54
33 57
33 61
33 63
33 64
33 65
33 68
33 74
33 75
33 77
33 79
33 80
33 81
33 84
33 85
33 86
33 88
33 90
33 94
33 96
33 98
33 104
33 109
33 110
33 111
33 112
33 116
33 121
33 122
33 123
33 124
33 125
33 127
33 129
33 135
33 139
33 140
33 149
33 152
33 153
33 154
33 156
33 159
33 161
33 168
33 172
33 175
33 179
33 180
33 181
33 182
33 193
33 194
34 36
34 41
34 42
34 51
34 54
34 57
34 59
34 64
34 65
34 70
34 71
34 72
34 77
34 79
34 80
34 81
34 87
34 88
34 95
34 100
34 103
34 105
34 107
34 110
34 111
34 112
34 119
34 121
34 123
34 124
34 125
34 127
34 130
34 132
34 134
34 136
34 138
34 141
34 142
34 148
34 150
34 155
34 156
34 157
34 161
34 164
34 170
34 172
34 179
34 184
34 187
34 191
34 193
34 195
34 196
34 198
34 199
35 40
35 43
35 47
35 50
35 51
35 56
35 58
35 63
35 66
35 68
35 69
35 73
35 74
35 75
35 80
35 83
35 84
35 87
35 88
35 89
35 90
35 91
35 99
35 101
35 108
35 110
35 113
35 114
35 122
35 123
35 125
35 130
35 131
35 134
35 136
35 142
35 145
35 147
35 153
35 156
35 157
35 159
35 160
35 161
35 162
35 164
35 165
35 168
35 181
35 182
35 184
35 185
35 186
35 192
35 199
36 37
36 45
36 46
36 48
36 55
36 56
36 59
36 60
36 61
36 65
36 82
36 86
36 88
36 89
36 90
36 93
36 94
36 103
36 107
36 108
36 112
36 114
36 120
36 136
36 140
36 141
36 142
36 145
36 149
36 151
36 154
36 165
36 168
36 175
36 176
36 187
36 188
36 189
36 190
36 191
36 196
36 197
37 38
37 39
37 45
37 49
37 56
37 60
37 63
37 66
37 68
37 69
37 80
37 83
37 86
37 88
37 90
37 105
37 111
37 112
37 116
37 120
37 126
37 129
37 130
37 131
37 132
37 134
37 137
37 138
37 141
37 143
37 144
37 146
37 151
37 154
37 170
37 171
37 173
37 174
37 177
37 180
37 185
37 188
37 190
37 192
38 42
38 43
38 49
38 50
38 58
38 59
38 63
38 68
38 71
38 74
38 78
38 83
38 91
38 92
38 94
38 99
38 104
38 108
38 110
38 121
38 134
38 138
38 142
38 145
38 147
38 154
38 163
38 165
38 166
38 173
38 177
38 180
38 181
38 184
38 190
38 191
38 193
38 196
39 41
39 42
39 44
39 47
39 48
39 53
39 59
39 61
39 74
39 82
39 91
39 93
39 96
39 99
39 106
39 113
39 122
39 124
39 125
39 127
39 128
39 130
39 131
39 135
39 139
39 143
39 148
39 150
39 151
39 153
39 154
39 160
39 162
39 167
39 171
39 175
39 188
39 189
39 190
39 193
39 194
39 196
40 42
40 43
40 44
40 47
40 48
40 51
40 52
40 55
40 66
40 67
40 71
40 73
40 76
40 77
40 81
40 82
40 85
40 86
40 92
40 93
40 96
40 98
40 107
40 108
40 111
40 114
40 115
40 116
40 117
40 118
40 120
40 121
40 126
40 127
40 128
40 132
40 137
40 138
40 139
40 143
40 147
40 149
40 150
40 151
40 154
40 155
40 158
40 160
40 166
40 179
40 186
40 189
40 192
40 195
41 46
41 48
41 49
41 55
41 56
41 58
41 59
41 62
41 64
41 67
41 70
41 71
41 74
41 83
41 85
41 86
41 88
41 95
41 100
41 101
41 105
41 107
41 108
41 109
41 114
41 117
41 118
41 119
41 121
41 125
41 127
41 130
41 132
41 134
41 136
41 139
41 140
41 147
41 148
41 150
41 155
41 156
41 159
41 160
41 163
41 170
41 174
41 182
41 184
41 185
41 198
42 45
42 46
42 49
42 52
42 53
42 61
42 62
42 63
42 68
42 72
42 75
42 81
42 82
42 88
42 102
42 104
42 105
42 106
42 108
42 109
42 111
42 114
42 119
42 121
42 124
42 130
42 137
42 141
42 146
42 147
42 148
42 149
42 153
42 154
42 155
42 156
42 157
42 160
42 162
42 166
42 167
42 169
42 170
42 180
42 182
42 189
42 190
42 191
42 194
42 195
42 197
43 45
43 50
43 53
43 54
43 55
43 62
43 63
43 69
43 72
43 74
43 78
43 79
43 80
43 81
43 83
43 86
43 95
43 96
43 99
43 104
43 107
43 109
43 113
43 115
43 121
43 122
43 126
43 127
43 129
43 132
43 135
43 138
43 144
43 147
43 148
43 149
43 155
43 157
43 159
43 165
43 166
43 169
43 174
43 175
43 178
43 179
43 182
43 184
43 190
43 193
43 197
44 48
44 51
44 52
44 54
44 62
44 64
44 65
44 66
44 70
44 72
44 76
44 79
44 87
44 88
44 90
44 91
44 92
44 97
44 98
44 100
44 103
44 105
44 112
44 113
44 117
44 123
44 128
44 129
44 130
44 133
44 134
44 135
44 137
44 140
44 144
44 152
44 153
44 155
44 164
44 167
44 170
44 181
44 183
44 184
44 188
44 190
44 193
44 195
44 197
45 47
45 48
45 50
45 51
45 52
45 58
45 61
45 67
45 69
45 73
45 74
45 80
45 81
45 91
45 92
45 101
45 104
45 105
45 107
45 110
45 112
45 121
45 129
45 131
45 133
45 135
45 136
45 137
45 141
45 147
45 148
45 150
45 152
45 155
45 159
45 162
45 165
45 167
45 168
45 169
45 176
45 180
45 181
45 188
45 189
45 191
45 193
45 196
45 198
46 50
46 51
46 60
46 65
46 68
46 72
46 78
46 79
46 81
46 82
46 98
46 99
46 100
46 101
46 103
46 105
46 108
46 109
46 112
46 113
46 121
46 122
46 128
46 132
46 134
46 135
46 142
46 146
46 153
46 157
46 159
46 164
46 168
46 171
46 174
46 177
46 187
46 191
46 192
46 193
46 198
47 48
47 53
47 55
47 58
47 59
47 64
47 67
47 70
47 77
47 78
47 79
47 81
47 83
47 88
47 90
47 91
47 92
47 95
47 99
47 106
47 107
47 110
47 123
47 125
47 126
47 127
47 130
47 133
47 134
47 139
47 140
47 141
47 144
47 145
47 147
47 151
47 155
47 161
47 163
47 165
47 166
47 167
47 170
47 171
47 177
47 178
47 180
47 189
48 49
48 53
48 55
48 58
48 61
48 62
48 63
48 66
48 68
48 69
48 71
48 74
48 78
48 79
48 81
48 84
48 86
48 87
48 89
48 92
48 96
48 97
48 106
48 111
48 113
48 117
48 118
48 119
48 120
48 122
48 125
48 129
48 130
48 131
48 134
48 136
48 144
48 146
48 149
48 150
48 154
48 158
48 165
48 173
48 181
48 183
48 185
48 195
49 50
49 51
49 52
49 54
49 55
49 57
49 58
49 59
49 60
49 65
49 69
49 86
49 88
49 89
49 90
49 91
49 96
49 100
49 102
49 104
49 105
49 109
49 117
49 121
49 122
49 129
49 130
49 131
49 133
49 134
49 142
49 145
49 148
49 149
49 151
49 152
49 159
49 163
49 165
49 169
49 172
49 173
49 175
49 178
49 182
49 187
49 192
50 58
50 62
50 63
50 64
50 68
50 71
50 72
50 73
50 74
50 85
50 86
50 92
50 93
50 95
50 97
50 103
50 105
50 113
50 114
50 122
50 124
50 129
50 133
50 139
50 142
50 145
50 146
50 148
50 149
50 161
50 165
50 166
50 170
50 172
50 174
50 175
50 178
50 185
50 193
50 195
51 53
51 54
51 60
51 63
51 67
51 73
51 76
51 78
51 79
51 84
51 85
51 86
51 87
51 92
51 94
51 97
51 100
51 102
51 109
51 111
51 113
51 117
51 118
51 119
51 123
51 124
51 131
51 134
51 141
51 142
51 143
51 149
51 152
51 154
51 157
51 158
51 160
51 168
51 169
51 176
51 179
51 180
51 182
51 187
51 188
51 190
51 196
51 198
51 199
52 53
52 56
52 57
52 58
52 61
52 62
52 63
52 67
52 74
52 75
52 77
52 79
52 81
52 82
52 87
52 89
52 92
52 99
52 102
52 105
52 107
52 115
52 120
52 122
52 123
52 124
52 128
52 129
52 131
52 133
52 139
52 146
52 148
52 152
52 157
52 171
52 175
52 178
52 179
52 183
52 184
52 187
52 188
52 190
52 192
52 193
52 195
52 197
53 57
53 59
53 60
53 61
53 63
53 81
53 88
53 89
53 92
53 95
53 102
53 104
53 106
53 107
53 108
53 109
53 110
53 111
53 113
53 114
53 116
53 117
53 120
53 123
53 126
53 131
53 135
53 137
53 141
53 144
53 148
53 150
53 152
53 153
53 155
53 158
53 159
53 161
53 162
53 177
53 181
53 182
53 189
53 193
53 195
53 198
53 199
54 56
54 59
54 60
54 69
54 74
54 75
54 79
54 82
54 83
54 84
54 88
54 89
54 100
54 102
54 105
54 106
54 108
54 109
54 110
54 119
54 120
54 125
54 126
54 127
54 133
54 134
54 138
54 139
54 142
54 143
54 146
54 150
54 151
54 155
54 158
54 160
54 163
54 164
54 166
54 167
54 169
54 172
54 173
54 178
54 180
54 182
54 183
54 189
54 193
55 56
55 58
55 60
55 64
55 66
55 68
55 75
55 77
55 78
55 79
55 84
55 85
55 88
55 90
55 91
55 93
55 94
55 95
55 96
55 98
55 101
55 104
55 110
55 112
55 115
55 118
55 121
55 123
55 125
55 137
55 138
55 156
55 157
55 158
55 159
55 161
55 166
55 174
55 181
55 184
55 186
55 192
55 196
55 199
56 64
56 67
56 70
56 72
56 73
56 74
56 87
56 98
56 106
56 109
56 110
56 111
56 113
56 114
56 117
56 130
56 134
56 135
56 139
56 140
56 141
56 147
56 151
56 152
56 155
56 156
56 160
56 161
56 167
56 170
56 173
56 174
56 177
56 178
56 180
56 182
56 183
56 191
56 196
57 58
57 73
57 75
57 80
57 82
57 85
57 89
57 90
57 101
57 105
57 107
57 108
57 111
57 113
57 122
57 123
57 124
57 128
57 129
57 132
57 135
57 140
57 142
57 144
57 145
57 150
57 166
57 167
57 174
57 175
57 178
57 182
57 190
57 193
57 195
57 196
57 197
58 69
58 71
58 72
58 74
58 80
58 83
58 85
58 98
58 100
58 102
58 107
58 109
58 110
58 112
58 120
58 122
58 125
58 126
58 128
58 130
58 132
58 134
58 135
58 139
58 141
58 142
58 145
58 155
58 164
58 166
58 170
58 177
58 178
58 182
58 184
58 186
58 193
58 195
58 196
59 69
59 74
59 75
59 80
59 81
59 87
59 92
59 93
59 94
59 99
59 104
59 105
59 108
59 109
59 114
59 116
59 118
59 119
59 125
59 126
59 130
59 133
59 134
59 135
59 144
59 145
59 147
59 148
59 149
59 150
59 155
59 157
59 161
59 165
59 166
59 171
59 176
59 177
59 183
59 186
59 187
59 189
59 198
59 199
60 63
60 67
60 69
60 70
60 72
60 75
60 76
60 82
60 86
60 94
60 97
60 100
60 105
60 110
60 112
60 119
60 120
60 121
60 122
60 123
60 129
60 132
60 133
60 141
60 142
60 148
60 153
60 158
60 164
60 166
60 172
60 177
60 180
60 181
60 183
60 187
60 189
60 190
60 191
60 192
60 195
61 65
61 74
61 75
61 81
61 86
61 88
61 91
61 93
61 94
61 98
61 103
61 106
61 110
61 111
61 114
61 119
61 123
61 126
61 128
61 130
61 132
61 135
61 137
61 144
61 145
61 148
61 152
61 153
61 155
61 161
61 164
61 171
61 174
61 181
61 182
61 186
61 190
61 191
61 198
61 199
62 63
62 66
62 74
62 77
62 78
62 85
62 87
62 88
62 90
62 92
62 93
62 99
62 103
62 110
62 119
62 121
62 123
62 125
62 126
62 132
62 141
62 142
62 143
62 148
62 154
62 163
62 165
62 170
62 171
62 173
62 174
62 175
62 176
62 188
62 192
62 199
63 68
63 70
63 72
63 78
63 81
63 85
63 88
63 96
63 98
63 105
63 108
63 109
63 111
63 114
63 121
63 123
63 126
63 128
63 131
63 133
63 136
63 138
63 154
63 157
63 159
63 163
63 165
63 170
63 182
63 183
63 188
63 193
63 197
64 65
64 66
64 71
64 72
64 73
64 75
64 76
64 79
64 82
64 86
64 91
64 95
64 96
64 106
64 107
64 108
64 109
64 114
64 116
64 118
64 124
64 126
64 127
64 128
64 133
64 141
64 142
64 146
64 148
64 149
64 150
64 153
64 155
64 157
64 158
64 162
64 171
64 172
64 175
64 176
64 179
64 181
64 184
64 186
64 187
64 191
64 196
64 198
65 68
65 70
65 71
65 72
65 73
65 74
65 75
65 84
65 91
65 93
65 97
65 103
65 110
65 113
65 115
65 116
65 118
65 119
65 122
65 126
65 128
65 130
65 140
65 142
65 144
65 147
65 153
65 157
65 159
65 160
65 162
65 164
65 166
65 167
65 170
65 173
65 175
65 177
65 178
65 180
65 182
65 185
65 186
65 191
65 195
65 198
66 70
66 74
66 75
66 77
66 81
66 85
66 88
66 91
66 95
66 97
66 100
66 104
66 113
66 119
66 120
66 125
66 126
66 127
66 129
66 131
66 135
66 136
66 137
66 138
66 143
66 144
66 145
66 147
66 148
66 152
66 157
66 158
66 162
66 163
66 165
66 166
66 167
66 169
66 170
66 171
66 174
66 176
66 177
66 182
66 184
66 188
66 191
66 197
66 198
66 199
67 79
67 89
67 93
67 104
67 105
67 108
67 111
67 112
67 113
67 114
67 115
67 118
67 124
67 129
67 130
67 132
67 133
67 141
67 144
67 151
67 152
67 154
67 155
67 156
67 158
67 159
67 164
67 168
67 171
67 173
67 179
67 182
67 189
67 193
67 195
67 196
67 197
68 69
68 71
68 77
68 78
68 80
68 83
68 86
68 88
68 93
68 95
68 100
68 101
68 109
68 112
68 114
68 116
68 118
68 122
68 126
68 127
68 132
68 137
68 145
68 153
68 154
68 162
68 177
68 178
68 180
68 185
68 187
68 189
68 193
68 195
68 199
69 76
69 84
69 88
69 96
69 105
69 112
69 119
69 126
69 127
69 130
69 135
69 138
69 140
69 141
69 143
69 145
69 148
69 152
69 163
69 164
69 166
69 170
69 177
69 179
69 185
69 187
69 190
69 196
69 198
70 79
70 83
70 84
70 92
70 96
70 100
70 105
70 106
70 108
70 111
70 112
70 120
70 125
70 126
70 133
70 134
70 137
70 140
70 141
70 142
70 145
70 150
70 160
70 165
70 167
70 172
70 173
70 175
70 176
70 181
70 182
70 184
70 185
70 189
70 199
71 73
71 79
71 80
71 83
71 85
71 88
71 89
71 90
71 92
71 97
71 100
71 101
71 107
71 117
71 122
71 125
71 128
71 131
71 133
71 136
71 137
71 139
71 147
71 148
71 153
71 158
71 159
71 160
71 167
71 169
71 175
71 177
71 187
71 194
72 76
72 84
72 86
72 87
72 89
72 92
72 94
72 95
72 96
72 97
72 102
72 106
72 108
72 111
72 114
72 123
72 126
72 129
72 132
72 135
72 137
72 141
72 144
72 150
72 154
72 161
72 163
72 168
72 171
72 179
72 180
72 181
72 184
72 186
72 189
72 194
72 195
72 197
73 74
73 81
73 87
73 88
73 95
73 99
73 103
73 105
73 108
73 112
73 115
73 124
73 126
73 133
73 136
73 140
73 147
73 160
73 164
73 165
73 170
73 173
73 184
73 186
73 187
73 190
73 194
73 198
74 76
74 80
74 82
74 83
74 87
74 88
74 90
74 94
74 95
74 98
74 102
74 103
74 106
74 107
74 122
74 123
74 125
74 129
74 130
74 134
74 136
74 139
74 147
74 151
74 155
74 160
74 165
74 166
74 169
74 173
74 177
74 178
74 180
74 183
74 186
74 191
74 192
74 194
75 79
75 81
75 82
75 83
75 84
75 87
75 99
75 106
75 107
75 113
75 114
75 119
75 124
75 129
75 134
75 137
75 142
75 148
75 149
75 152
75 154
75 159
75 161
75 163
75 167
75 170
75 173
75 174
75 177
75 178
75 180
75 183
75 191
75 192
75 193
75 199
76 77
76 82
76 85
76 88
76 89
76 96
76 97
76 98
76 100
76 103
76 109
76 110
76 111
76 112
76 114
76 119
76 122
76 124
76 125
76 126
76 128
76 137
76 144
76 149
76 163
76 167
76 170
76 171
76 174
76 176
76 177
76 179
76 182
76 186
76 187
76 188
76 189
76 192
76 193
76 195
77 79
77 98
77 104
77 107
77 109
77 112
77 113
77 121
77 123
77 124
77 129
77 132
77 142
77 144
77 147
77 153
77 155
77 156
77 157
77 158
77 163
77 168
77 169
77 184
77 186
77 187
77 189
77 193
77 194
77 196
77 199
78 83
78 84
78 85
78 89
78 90
78 91
78 93
78 98
78 101
78 114
78 116
78 122
78 125
78 128
78 129
78 139
78 142
78 143
78 147
78 149
78 151
78 153
78 154
78 158
78 159
78 161
78 163
78 166
78 170
78 171
78 177
78 178
78 185
78 190
78 191
78 199
79 94
79 95
79 98
79 101
79 107
79 108
79 113
79 116
79 118
79 121
79 122
79 124
79 129
79 130
79 132
79 133
79 134
79 143
79 147
79 152
79 153
79 168
79 170
79 176
79 178
79 182
79 186
79 188
79 194
80 82
80 85
80 90
80 93
80 96
80 97
80 102
80 114
80 118
80 120
80 129
80 133
80 134
80 135
80 136
80 138
80 140
80 144
80 145
80 157
80 158
80 159
80 160
80 161
80 162
80 163
80 164
80 170
80 171
80 174
80 175
80 177
80 178
80 183
80 187
80 188
80 191
80 193
80 196
80 197
80 198
80 199
81 82
81 88
81 90
81 91
81 96
81 98
81 101
81 106
81 107
81 108
81 114
81 115
81 119
81 122
81 123
81 125
81 129
81 132
81 133
81 134
81 135
81 136
81 137
81 145
81 148
81 151
81 157
81 158
81 160
81 161
81 164
81 165
81 170
81 173
81 179
81 188
81 189
81 191
81 192
81 194
81 196
82 85
82 86
82 89
82 90
82 92
82 94
82 97
82 99
82 102
82 105
82 110
82 113
82 114
82 116
82 118
82 120
82 121
82 127
82 128
82 136
82 139
82 140
82 145
82 146
82 148
82 150
82 152
82 153
82 156
82 157
82 160
82 164
82 173
82 178
82 182
82 184
82 195
82 198
82 199
83 84
83 87
83 90
83 96
83 109
83 110
83 116
83 118
83 123
83 126
83 131
83 133
83 135
83 137
83 139
83 144
83 155
83 159
83 171
83 175
83 176
83 177
83 180
83 182
83 184
83 185
83 188
83 192
83 198
83 199
84 86
84 88
84 89
84 91
84 93
84 94
84 95
84 100
84 102
84 103
84 104
84 108
84 109
84 113
84 115
84 116
84 121
84 124
84 126
84 127
84 131
84 132
84 133
84 134
84 140
84 145
84 146
84 147
84 149
84 150
84 152
84 154
84 159
84 160
84 162
84 164
84 169
84 171
84 173
84 180
84 183
84 189
84 193
84 199
85 86
85 89
85 95
85 97
85 105
85 106
85 107
85 110
85 113
85 115
85 118
85 119
85 121
85 122
85 124
85 127
85 128
85 132
85 134
85 136
85 141
85 153
85 155
85 156
85 158
85 161
85 167
85 172
85 174
85 175
85 186
85 192
85 193
85 198
86 88
86 89
86 92
86 94
86 97
86 100
86 116
86 121
86 123
86 125
86 126
86 128
86 129
86 131
86 132
86 136
86 138
86 141
86 148
86 149
86 151
86 152
86 156
86 159
86 165
86 166
86 167
86 171
86 174
86 175
86 181
86 183
86 188
86 190
86 191
86 194
86 196
86 198
87 93
87 94
87 95
87 96
87 99
87 102
87 103
87 105
87 111
87 112
87 117
87 122
87 123
87 124
87 128
87 131
87 140
87 144
87 150
87 151
87 154
87 158
87 163
87 169
87 174
87 177
87 178
87 187
87 189
87 192
87 193
87 194
88 89
88 90
88 100
88 105
88 115
88 119
88 124
88 126
88 131
88 132
88 136
88 138
88 144
88 145
88 149
88 150
88 151
88 153
88 155
88 159
88 163
88 166
88 168
88 169
88 172
88 173
88 176
88 178
88 184
88 186
88 187
88 189
88 192
88 193
88 195
88 197
89 90
89 93
89 95
89 100
89 101
89 104
89 105
89 108
89 110
89 111
89 115
89 116
89 126
89 128
89 130
89 131
89 139
89 149
89 151
89 152
89 156
89 158
89 160
89 162
89 164
89 169
89 173
89 176
89 177
89 178
89 180
89 181
89 182
89 190
89 191
89 192
89 193
89 197
90 93
90 94
90 99
90 101
90 103
90 107
90 109
90 117
90 118
90 122
90 123
90 126
90 131
90 144
90 147
90 149
90 153
90 156
90 158
90 159
90 160
90 161
90 169
90 170
90 178
90 179
90 182
90 184
90 188
90 190
90 193
90 194
90 198
91 93
91 97
91 105
91 108
91 111
91 112
91 116
91 119
91 121
91 133
91 143
91 144
91 145
91 146
91 148
91 156
91 158
91 162
91 169
91 171
91 177
91 183
91 187
91 190
91 193
91 194
91 196
91 197
92 99
92 102
92 109
92 112
92 120
92 124
92 130
92 132
92 133
92 135
92 136
92 138
92 140
92 141
92 143
92 146
92 157
92 164
92 168
92 176
92 180
92 181
92 183
92 190
92 192
92 194
92 195
92 197
93 95
93 97
93 106
93 114
93 116
93 120
93 124
93 127
93 130
93 132
93 140
93 145
93 146
93 150
93 151
93 158
93 160
93 161
93 162
93 164
93 168
93 170
93 177
93 181
93 187
93 195
93 196
93 197
93 199
94 95
94 96
94 101
94 102
94 104
94 105
94 106
94 111
94 112
94 113
94 117
94 118
94 123
94 124
94 126
94 127
94 135
94 136
94 137
94 142
94 145
94 152
94 164
94 165
94 166
94 175
94 178
94 182
94 183
94 186
94 191
94 192
94 195
94 197
95 98
95 99
95 105
95 110
95 112
95 113
95 114
95 116
95 117
95 124
95 133
95 137
95 139
95 146
95 149
95 150
95 155
95 162
95 163
95 165
95 167
95 168
95 170
95 179
95 186
95 188
95 195
96 104
96 106
96 107
96 109
96 117
96 119
96 121
96 125
96 128
96 131
96 133
96 135
96 136
96 137
96 138
96 139
96 140
96 143
96 144
96 146
96 151
96 152
96 158
96 161
96 176
96 177
96 183
96 190
96 193
96 195
96 196
96 197
97 104
97 106
97 108
97 109
97 110
97 112
97 113
97 116
97 120
97 130
97 131
97 133
97 134
97 138
97 139
97 141
97 142
97 144
97 145
97 153
97 159
97 162
97 163
97 168
97 173
97 175
97 177
97 178
97 179
97 189
97 190
97 191
97 193
97 194
98 103
98 113
98 114
98 126
98 129
98 133
98 136
98 138
98 139
98 140
98 145
98 147
98 149
98 154
98 156
98 158
98 159
98 163
98 168
98 171
98 173
98 180
98 184
98 185
98 194
98 197
98 198
99 102
99 103
99 104
99 106
99 110
99 111
99 117
99 122
99 123
99 127
99 129
99 130
99 132
99 135
99 136
99 140
99 142
99 143
99 144
99 146
99 148
99 150
99 153
99 154
99 155
99 163
99 165
99 166
99 167
99 169
99 171
99 176
99 177
99 178
99 180
99 183
99 185
99 187
99 188
99 191
99 194
100 104
100 105
100 111
100 114
100 118
100 119
100 124
100 126
100 127
100 129
100 130
100 131
100 143
100 150
100 154
100 156
100 159
100 162
100 164
100 165
100 166
100 168
100 181
100 182
100 186
100 194
100 196
100 197
101 110
101 116
101 117
101 122
101 125
101 129
101 131
101 133
101 139
101 141
101 146
101 147
101 151
101 158
101 159
101 160
101 162
101 168
101 177
101 178
101 179
101 191
101 192
101 193
101 196
101 198
102 105
102 107
102 111
102 113
102 123
102 125
102 129
102 130
102 133
102 134
102 141
102 142
102 145
102 148
102 149
102 153
102 159
102 160
102 162
102 166
102 167
102 169
102 175
102 179
102 192
102 193
102 197
103 104
103 105
103 107
103 108
103 109
103 113
103 114
103 121
103 122
103 124
103 125
103 130
103 131
103 137
103 138
103 139
103 141
103 142
103 143
103 144
103 145
103 155
103 156
103 158
103 163
103 164
103 165
103 177
103 183
103 184
103 187
103 190
103 194
103 199
104 113
104 119
104 122
104 123
104 125
104 126
104 130
104 133
104 134
104 135
104 140
104 143
104 144
104 145
104 146
104 149
104 163
104 164
104 169
104 170
104 171
104 172
104 175
104 177
104 180
104 190
104 194
105 109
105 110
105 115
105 119
105 130
105 133
105 136
105 138
105 139
105 140
105 143
105 146
105 153
105 156
105 157
105 158
105 159
105 165
105 166
105 168
105 172
105 176
105 178
105 180
105 183
105 186
105 187
105 189
105 193
105 195
105 197
105 199
106 109
106 110
106 111
106 112
106 115
106 116
106 118
106 120
106 121
106 126
106 127
106 128
106 129
106 138
106 147
106 154
106 155
106 160
106 161
106 162
106 163
106 164
106 172
106 173
106 174
106 178
106 190
106 191
106 192
106 196
106 199
107 110
107 111
107 114
107 118
107 125
107 128
107 140
107 141
107 145
107 147
107 149
107 154
107 155
107 156
107 159
107 163
107 167
107 171
107 173
107 176
107 178
107 181
107 184
107 185
107 193
107 194
107 195
107 196
107 197
107 199
108 109
108 114
108 116
108 117
108 119
108 126
108 131
108 139
108 140
108 141
108 146
108 147
108 151
108 153
108 157
108 158
108 168
108 178
108 180
108 181
108 182
108 185
108 187
108 189
108 190
108 192
108 198
108 199
109 112
109 113
109 121
109 123
109 124
109 139
109 150
109 151
109 154
109 158
109 164
109 168
109 169
109 171
109 172
109 173
109 175
109 177
109 182
109 186
109 189
109 194
109 196
109 197
110 111
110 116
110 117
110 118
110 119
110 126
110 128
110 130
110 133
110 137
110 139
110 142
110 148
110 153
110 155
110 160
110 169
110 173
110 176
110 185
110 188
110 199
111 112
111 118
111 120
111 124
111 127
111 128
111 129
111 131
111 137
111 138
111 151
111 157
111 162
111 170
111 171
111 173
111 175
111 176
111 178
111 184
111 188
111 190
111 191
111 192
111 193
111 194
111 197
111 199
112 119
112 126
112 129
112 130
112 133
112 138
112 139
112 156
112 157
112 167
112 168
112 169
112 177
112 179
112 185
112 195
112 196
112 197
112 199
113 123
113 131
113 134
113 140
113 142
113 148
113 156
113 164
113 168
113 169
113 170
113 173
113 174
113 175
113 177
113 185
113 194
113 195
113 198
113 199
114 115
114 117
114 119
114 120
114 122
114 123
114 128
114 130
114 136
114 137
114 139
114 145
114 146
114 150
114 152
114 155
114 156
114 160
114 161
114 165
114 171
114 179
114 181
114 186
114 187
114 189
114 191
114 193
114 194
115 116
115 117
115 120
115 125
115 128
115 129
115 130
115 133
115 135
115 138
115 139
115 140
115 141
115 143
115 149
115 154
115 155
115 156
115 161
115 163
115 165
115 174
115 176
115 182
115 184
115 195
115 196
115 197
115 198
116 118
116 119
116 121
116 123
116 124
116 125
116 130
116 132
116 135
116 136
116 140
116 141
116 147
116 154
116 160
116 162
116 163
116 166
116 175
116 176
116 178
116 180
116 192
116 193
116 195
116 199
117 127
117 129
117 136
117 139
117 143
117 148
117 154
117 156
117 157
117 159
117 165
117 166
117 167
117 171
117 172
117 174
117 176
117 179
117 181
117 182
117 192
117 198
118 120
118 122
118 123
118 124
118 128
118 131
118 136
118 138
118 146
118 147
118 148
118 149
118 151
118 157
118 159
118 161
118 163
118 171
118 175
118 176
118 184
118 186
118 191
118 192
118 196
118 198
119 120
119 125
119 139
119 143
119 144
119 145
119 146
119 147
119 148
119 153
119 162
119 166
119 175
119 179
119 182
119 186
119 193
119 195
120 125
120 138
120 141
120 143
120 145
120 146
120 155
120 157
120 158
120 160
120 167
120 170
120 171
120 173
120 174
120 176
120 179
120 182
120 185
120 197
120 199
121 122
121 123
121 124
121 125
121 127
121 133
121 134
121 136
121 139
121 140
121 144
121 149
121 153
121 157
121 158
121 164
121 166
121 181
121 187
121 189
121 199
122 130
122 134
122 137
122 141
122 145
122 147
122 151
122 153
122 160
122 161
122 162
122 173
122 178
122 186
122 187
122 188
122 190
122 194
122 196
122 197
122 199
123 126
123 128
123 134
123 135
123 139
123 140
123 147
123 150
123 151
123 152
123 153
123 173
123 174
123 176
123 178
123 183
123 187
123 189
123 190
123 195
123 199
124 126
124 128
124 143
124 145
124 146
124 148
124 149
124 153
124 166
124 168
124 170
124 173
124 177
124 178
124 179
124 185
124 187
124 188
124 190
124 195
124 196
125 129
125 130
125 132
125 136
125 137
125 140
125 141
125 144
125 146
125 149
125 152
125 162
125 165
125 177
125 185
125 186
125 188
125 193
125 194
125 195
125 196
125 199
126 128
126 137
126 139
126 146
126 147
126 148
126 151
126 155
126 156
126 157
126 158
126 160
126 161
126 163
126 165
126 170
126 171
126 181
126 186
126 195
127 129
127 132
127 136
127 138
127 141
127 142
127 146
127 150
127 152
127 153
127 161
127 167
127 168
127 174
127 178
127 179
127 183
127 186
127 189
127 191
127 199
128 134
128 136
128 137
128 138
128 140
128 141
128 142
128 146
128 147
128 154
128 155
128 160
128 162
128 163
128 164
128 166
128 168
128 170
128 174
128 177
128 178
128 180
128 186
128 190
128 193
128 194
129 133
129 135
129 136
129 138
129 139
129 141
129 147
129 149
129 150
129 153
129 154
129 161
129 169
129 173
129 174
129 176
129 182
129 183
129 187
129 194
129 196
130 133
130 136
130 140
130 148
130 149
130 151
130 160
130 163
130 169
130 171
130 172
130 178
130 181
130 184
130 187
130 195
130 199
131 148
131 149
131 154
131 157
131 158
131 159
131 162
131 163
131 165
131 166
131 168
131 169
131 170
131 173
131 174
131 175
131 176
131 182
131 183
131 188
131 189
132 137
132 143
132 146
132 152
132 159
132 161
132 174
132 178
132 180
132 181
132 185
132 189
132 194
132 197
132 198
133 147
133 148
133 152
133 156
133 157
133 168
133 171
133 174
133 176
133 179
133 191
134 136
134 137
134 138
134 139
134 141
134 144
134 147
134 151
134 159
134 161
134 162
134 165
134 167
134 168
134 171
134 179
134 180
134 186
134 190
135 137
135 138
135 139
135 142
135 147
135 152
135 156
135 157
135 159
135 162
135 163
135 165
135 169
135 174
135 176
135 179
135 181
135 182
135 183
135 184
135 186
135 187
135 188
135 191
135 197
136 140
136 144
136 152
136 154
136 155
136 157
136 159
136 165
136 169
136 175
136 176
136 181
136 182
136 185
136 186
136 188
136 189
136 190
136 197
137 139
137 146
137 148
137 153
137 157
137 158
137 161
137 163
137 165
137 167
137 169
137 170
137 171
137 179
137 184
137 185
137 187
137 188
137 190
137 191
137 192
138 142
138 145
138 146
138 147
138 154
138 161
138 166
138 169
138 173
138 176
138 177
138 180
138 181
138 186
138 190
138 192
138 195
138 199
139 143
139 144
139 146
139 151
139 152
139 161
139 162
139 165
139 167
139 171
139 172
139 177
139 179
139 184
139 191
139 197
139 199
140 142
140 143
140 153
140 156
140 157
140 162
140 174
140 175
140 182
140 185
140 190
140 193
140 194
140 195
140 197
140 198
141 142
141 144
141 147
141 164
141 172
141 174
141 176
141 177
141 178
141 180
141 182
141 183
141 191
141 192
141 193
141 194
141 196
142 143
142 149
142 154
142 162
142 164
142 171
142 178
142 187
142 191
142 194
142 196
143 144
143 145
143 147
143 150
143 151
143 156
143 157
143 159
143 161
143 166
143 167
143 168
143 169
143 170
143 173
143 175
143 180
143 181
143 183
143 184
143 185
143 189
143 191
143 194
143 199
144 149
144 150
144 152
144 153
144 159
144 160
144 161
144 162
144 164
144 167
144 168
144 169
144 173
144 174
144 176
144 178
144 179
144 188
144 194
144 196
145 150
145 158
145 160
145 161
145 162
145 164
145 169
145 171
145 175
145 176
145 179
145 181
145 190
145 192
145 194
145 198
145 199
146 151
146 156
146 157
146 159
146 162
146 167
146 168
146 170
146 173
146 175
146 176
146 177
146 178
146 182
146 183
146 186
146 189
146 190
146 192
146 193
146 194
147 148
147 150
147 152
147 155
147 158
147 160
147 163
147 164
147 165
147 176
147 181
147 182
147 189
147 191
147 192
148 154
148 159
148 161
148 162
148 168
148 181
148 182
148 183
148 185
148 192
148 193
148 196
148 197
149 153
149 155
149 158
149 159
149 164
149 167
149 168
149 171
149 175
149 176
149 178
149 182
149 184
149 185
149 186
149 187
149 188
149 190
149 193
149 196
150 151
150 157
150 159
150 168
150 173
150 174
150 175
150 182
150 188
150 189
150 193
150 194
150 197
150 199
151 157
151 161
151 163
151 165
151 170
151 172
151 173
151 175
151 180
151 184
151 187
151 191
151 194
151 195
151 197
151 199
152 156
152 163
152 165
152 168
152 170
152 180
152 181
152 182
152 186
152 188
152 192
152 194
152 196
152 199
153 155
153 161
153 162
153 166
153 167
153 168
153 176
153 180
153 186
153 189
153 191
153 192
153 193
153 196
154 156
154 157
154 163
154 164
154 176
154 178
154 181
154 188
154 189
154 192
154 197
155 158
155 165
155 168
155 170
155 171
155 172
155 175
155 176
155 177
155 178
155 179
155 189
155 191
155 194
156 159
156 160
156 161
156 164
156 166
156 173
156 175
156 178
156 184
156 185
156 188
156 190
156 193
156 196
156 197
156 199
157 158
157 162
157 164
157 166
157 167
157 168
157 176
157 177
157 178
157 179
157 181
157 188
157 195
157 197
157 198
158 166
158 167
158 171
158 176
158 179
158 183
158 185
158 186
158 187
158 189
158 192
158 199
159 160
159 162
159 163
159 164
159 165
159 166
159 183
159 184
159 189
159 193
160 161
160 162
160 166
160 170
160 174
160 176
160 179
160 181
160 182
160 185
160 188
160 189
161 163
161 167
161 168
161 169
161 173
161 176
161 183
161 187
161 189
161 192
161 195
162 165
162 166
162 168
162 172
162 175
162 182
162 189
162 190
162 191
162 195
162 196
163 165
163 166
163 171
163 176
163 177
163 188
163 189
163 190
163 192
163 196
163 198
164 166
164 167
164 168
164 170
164 184
164 188
164 190
164 199
165 166
165 170
165 171
165 173
165 183
165 188
165 191
165 193
165 194
165 197
166 174
166 177
166 180
166 182
166 183
166 186
166 189
166 190
166 195
166 198
166 199
167 186
168 173
168 174
168 176
168 179
168 183
168 184
168 186
168 188
168 193
168 195
168 196
168 197
168 199
169 176
169 179
169 182
169 184
169 185
169 187
169 189
169 191
169 192
169 194
169 195
169 196
170 174
170 176
170 178
170 183
170 186
170 187
170 189
170 191
170 196
170 197
170 199
171 174
171 179
171 188
171 190
171 194
171 197
172 173
172 175
172 177
172 178
172 179
172 180
172 189
172 192
172 197
172 198
173 175
173 176
173 179
173 180
173 185
173 186
173 190
173 192
173 193
173 198
174 175
174 180
174 186
174 187
174 188
174 194
174 195
174 198
174 199
175 177
175 179
175 180
175 181
175 185
176 180
176 183
176 188
176 192
176 195
176 196
177 182
177 186
177 187
177 189
177 190
177 194
177 195
177 197
177 198
178 181
178 186
178 189
178 192
178 193
178 194
178 195
178 197
179 183
179 185
179 191
179 196
179 198
180 181
180 184
180 188
180 190
180 191
180 192
180 198
181 182
181 185
181 188
181 193
181 195
181 196
181 197
181 198
181 199
182 192
182 196
182 198
183 187
183 192
183 195
183 196
184 186
184 188
184 191
184 193
184 197
184 198
185 186
185 187
185 193
185 194
185 199
186 187
186 190
186 192
186 196
187 190
187 192
187 194
188 191
188 192
188 197
188 199
189 192
189 193
189 195
189 197
189 199
190 191
190 193
190 194
190 195
190 198
191 196
191 197
191 199
192 193
192 195
192 196
192 197
192 198
196 197
196 199
