30 137
0 4
0 6
0 15
0 16
0 19
0 21
0 22
0 27
0 29
1 3
1 5
1 13
1 24
1 25
1 28
1 29
2 6
2 9
2 13
2 21
2 27
2 29
3 4
3 10
3 12
3 13
3 14
3 15
3 16
3 22
3 24
3 25
3 26
4 7
4 8
4 9
4 10
4 14
4 17
4 21
4 23
4 25
4 26
5 8
5 9
5 13
5 16
5 20
5 26
5 27
5 28
6 7
6 10
6 14
6 16
6 18
6 21
6 23
6 24
6 26
6 27
6 28
7 10
7 17
7 18
7 20
7 25
7 26
7 28
7 29
8 9
8 11
8 13
8 19
8 21
8 27
8 29
9 10
9 17
9 19
9 21
9 22
10 11
10 15
10 18
11 12
11 18
11 20
11 23
11 27
12 13
12 14
12 15
12 21
12 24
12 28
12 29
13 14
13 15
13 16
13 17
13 25
13 26
13 27
14 16
14 26
14 28
14 29
15 26
15 27
16 18
16 25
16 26
16 27
17 18
17 19
17 24
18 19
18 26
18 29
19 20
19 23
19 29
20 21
20 22
20 24
20 27
20 29
21 23
21 24
23 26
24 26
24 28
26 27
26 28
26 29
27 29
