30 135
0 6
0 7
0 8
0 10
0 12
0 19
0 20
0 23
0 24
0 27
0 29
1 7
1 9
1 11
1 13
1 14
1 15
1 19
1 21
1 26
1 29
2 14
2 16
2 17
2 18
2 21
2 23
3 12
3 21
3 29
4 7
4 9
4 10
4 15
4 22
4 23
4 25
4 26
4 27
4 28
5 10
5 13
5 14
5 15
5 16
5 17
5 22
5 26
5 27
6 8
6 9
6 18
6 21
6 24
6 28
7 14
7 23
8 11
8 14
8 18
8 22
8 23
8 24
8 25
8 29
9 13
9 14
9 15
9 18
9 23
9 24
9 29
10 12
10 14
10 16
10 19
10 20
10 25
10 28
10 29
11 17
11 23
11 26
11 27
12 14
12 15
12 19
12 21
12 23
12 26
12 28
13 18
13 22
13 23
13 24
13 26
14 15
14 19
14 29
15 16
15 22
15 24
15 26
15 28
16 19
16 21
16 23
16 25
17 18
17 19
17 23
17 29
18 21
18 22
19 20
19 23
19 25
19 26
19 29
20 21
20 22
20 23
20 26
20 29
21 22
21 25
21 26
21 27
21 28
22 25
22 29
23 28
24 25
24 29
25 28
