300 9026
0 3
0 4
0 10
0 13
0 17
0 18
0 19
0 22
0 26
0 34
0 35
0 43
0 51
0 53
0 64
0 68
0 69
0 73
0 76
0 78
0 85
0 88
0 89
0 94
0 99
0 105
0 113
0 115
0 125
0 128
0 143
0 147
0 149
0 158
0 161
0 178
0 180
0 182
0 194
0 196
0 197
0 199
0 202
0 204
0 216
0 220
0 227
0 228
0 229
0 232
0 234
0 236
0 238
0 239
0 240
0 244
0 255
0 256
0 257
0 262
0 265
0 266
0 269
0 271
0 277
0 278
0 284
0 289
1 6
1 14
1 28
1 34
1 37
1 41
1 44
1 48
1 49
1 50
1 57
1 66
1 67
1 68
1 84
1 85
1 88
1 93
1 94
1 99
1 104
1 107
1 119
1 121
1 139
1 146
1 152
1 155
1 166
1 170
1 172
1 179
1 184
1 188
1 193
1 198
1 202
1 204
1 211
1 220
1 222
1 229
1 244
1 253
1 257
1 258
1 260
1 263
1 271
1 276
1 278
1 280
1 285
1 286
1 295
1 298
2 4
2 20
2 24
2 31
2 35
2 48
2 53
2 54
2 56
2 58
2 64
2 65
2 66
2 91
2 105
2 122
2 126
2 127
2 128
2 130
2 134
2 151
2 159
2 161
2 164
2 180
2 183
2 186
2 190
2 193
2 199
2 203
2 205
2 208
2 209
2 215
2 220
2 230
2 231
2 238
2 242
2 264
2 270
2 275
2 281
2 290
2 292
2 293
2 294
2 298
3 11
3 12
3 21
3 28
3 33
3 53
3 54
3 64
3 65
3 78
3 88
3 95
3 96
3 97
3 101
3 114
3 119
3 122
3 132
3 133
3 134
3 142
3 151
3 154
3 159
3 162
3 169
3 172
3 173
3 190
3 203
3 212
3 213
3 214
3 225
3 265
3 270
3 273
3 279
3 280
3 284
3 285
3 288
3 292
3 298
4 7
4 8
4 11
4 12
4 13
4 14
4 17
4 25
4 31
4 32
4 47
4 49
4 53
4 55
4 58
4 61
4 81
4 87
4 94
4 97
4 99
4 115
4 117
4 121
4 123
4 128
4 129
4 139
4 144
4 151
4 152
4 160
4 163
4 164
4 165
4 166
4 172
4 188
4 189
4 198
4 199
4 201
4 204
4 207
4 208
4 209
4 213
4 215
4 217
4 220
4 222
4 229
4 232
4 234
4 251
4 252
4 257
4 261
4 268
4 270
4 272
4 273
4 274
4 277
4 284
4 298
5 6
5 8
5 10
5 19
5 24
5 25
5 27
5 33
5 42
5 43
5 45
5 47
5 48
5 53
5 64
5 67
5 75
5 78
5 79
5 80
5 89
5 96
5 100
5 106
5 112
5 113
5 123
5 125
5 131
5 132
5 138
5 145
5 147
5 156
5 157
5 162
5 173
5 175
5 181
5 182
5 185
5 186
5 191
5 197
5 203
5 208
5 210
5 215
5 224
5 225
5 233
5 246
5 247
5 256
5 257
5 260
5 265
5 277
5 279
5 288
5 290
6 16
6 17
6 30
6 41
6 47
6 52
6 56
6 69
6 71
6 88
6 93
6 107
6 113
6 117
6 122
6 128
6 134
6 142
6 149
6 153
6 155
6 158
6 159
6 172
6 177
6 178
6 180
6 186
6 187
6 189
6 195
6 202
6 206
6 211
6 213
6 221
6 223
6 233
6 236
6 247
6 255
6 256
6 261
6 266
6 269
6 272
6 276
6 277
6 280
6 288
6 291
6 293
6 294
7 8
7 11
7 17
7 20
7 23
7 26
7 36
7 38
7 47
7 50
7 55
7 70
7 75
7 86
7 92
7 93
7 100
7 104
7 106
7 109
7 116
7 121
7 125
7 126
7 128
7 138
7 143
7 153
7 155
7 156
7 167
7 170
7 173
7 174
7 176
7 182
7 183
7 187
7 195
7 196
7 200
7 207
7 231
7 236
7 238
7 252
7 254
7 255
7 258
7 259
7 261
7 268
7 270
7 271
7 273
7 274
7 279
7 284
7 291
7 294
7 298
7 299
8 11
8 23
8 29
8 35
8 40
8 50
8 52
8 54
8 57
8 72
8 74
8 78
8 79
8 84
8 90
8 96
8 101
8 102
8 103
8 104
8 117
8 118
8 122
8 128
8 131
8 138
8 139
8 140
8 143
8 158
8 171
8 173
8 174
8 175
8 181
8 195
8 197
8 202
8 205
8 215
8 221
8 228
8 229
8 233
8 247
8 251
8 254
8 257
8 273
8 274
8 278
8 279
8 280
8 293
9 16
9 21
9 23
9 24
9 25
9 27
9 28
9 35
9 37
9 42
9 45
9 50
9 58
9 69
9 89
9 103
9 107
9 112
9 124
9 129
9 130
9 137
9 138
9 139
9 153
9 158
9 167
9 178
9 188
9 198
9 200
9 201
9 202
9 206
9 213
9 216
9 223
9 225
9 227
9 228
9 233
9 235
9 236
9 238
9 239
9 244
9 248
9 250
9 252
9 253
9 254
9 256
9 258
9 259
9 260
9 261
9 273
9 274
9 279
9 287
10 11
10 17
10 31
10 32
10 37
10 40
10 46
10 50
10 52
10 53
10 63
10 66
10 72
10 78
10 80
10 82
10 84
10 87
10 94
10 99
10 103
10 106
10 109
10 113
10 120
10 126
10 132
10 137
10 141
10 142
10 145
10 148
10 149
10 153
10 154
10 159
10 169
10 173
10 177
10 182
10 185
10 189
10 194
10 201
10 205
10 208
10 212
10 217
10 223
10 227
10 228
10 230
10 239
10 240
10 241
10 246
10 249
10 259
10 280
10 283
10 293
10 295
10 296
11 12
11 21
11 24
11 25
11 29
11 34
11 39
11 41
11 42
11 43
11 47
11 54
11 58
11 61
11 70
11 76
11 78
11 83
11 86
11 88
11 91
11 95
11 99
11 102
11 103
11 104
11 111
11 113
11 115
11 116
11 117
11 124
11 128
11 133
11 136
11 144
11 146
11 149
11 155
11 161
11 164
11 179
11 181
11 187
11 189
11 190
11 197
11 201
11 211
11 212
11 213
11 215
11 216
11 217
11 218
11 219
11 222
11 237
11 239
11 244
11 251
11 254
11 268
11 281
11 284
11 289
12 23
12 28
12 34
12 37
12 45
12 48
12 52
12 56
12 58
12 62
12 74
12 76
12 78
12 86
12 88
12 92
12 96
12 97
12 100
12 104
12 106
12 107
12 108
12 114
12 115
12 121
12 122
12 124
12 130
12 132
12 133
12 140
12 141
12 154
12 156
12 157
12 161
12 163
12 166
12 167
12 169
12 174
12 180
12 191
12 208
12 213
12 216
12 224
12 229
12 230
12 236
12 249
12 250
12 251
12 252
12 253
12 254
12 255
12 269
12 270
12 281
12 294
12 299
13 20
13 23
13 24
13 32
13 40
13 45
13 56
13 59
13 66
13 67
13 70
13 74
13 83
13 100
13 104
13 107
13 108
13 116
13 119
13 120
13 124
13 130
13 134
13 139
13 140
13 142
13 143
13 147
13 157
13 162
13 165
13 169
13 170
13 173
13 175
13 179
13 186
13 195
13 204
13 205
13 209
13 213
13 219
13 223
13 224
13 226
13 232
13 244
13 246
13 253
13 254
13 259
13 265
13 270
13 273
13 275
13 284
14 19
14 22
14 23
14 24
14 40
14 49
14 54
14 55
14 56
14 68
14 69
14 70
14 73
14 78
14 80
14 91
14 98
14 101
14 102
14 104
14 106
14 107
14 112
14 121
14 122
14 126
14 133
14 135
14 137
14 142
14 148
14 149
14 157
14 160
14 162
14 167
14 168
14 172
14 179
14 189
14 190
14 195
14 196
14 198
14 199
14 201
14 203
14 227
14 235
14 245
14 253
14 259
14 266
14 267
14 269
14 270
14 286
14 289
14 291
14 296
14 297
14 298
15 38
15 39
15 40
15 47
15 53
15 57
15 62
15 63
15 67
15 70
15 71
15 75
15 78
15 88
15 95
15 97
15 99
15 114
15 115
15 124
15 125
15 129
15 131
15 135
15 151
15 153
15 154
15 157
15 159
15 160
15 165
15 167
15 172
15 175
15 195
15 196
15 198
15 201
15 203
15 208
15 210
15 220
15 221
15 231
15 234
15 246
15 254
15 257
15 258
15 261
15 263
15 270
15 273
15 280
15 284
15 286
15 290
15 295
15 296
15 297
16 17
16 21
16 23
16 27
16 42
16 44
16 45
16 49
16 50
16 52
16 55
16 64
16 68
16 69
16 76
16 81
16 83
16 87
16 92
16 111
16 112
16 118
16 122
16 136
16 137
16 146
16 147
16 158
16 159
16 165
16 168
16 171
16 173
16 175
16 194
16 196
16 197
16 200
16 209
16 210
16 211
16 215
16 217
16 221
16 223
16 224
16 228
16 244
16 247
16 250
16 260
16 261
16 262
16 264
16 266
16 280
16 289
16 294
17 19
17 20
17 23
17 27
17 34
17 51
17 52
17 54
17 61
17 67
17 70
17 71
17 76
17 78
17 82
17 85
17 93
17 98
17 100
17 102
17 103
17 105
17 110
17 111
17 138
17 142
17 143
17 144
17 148
17 149
17 156
17 175
17 183
17 186
17 198
17 212
17 216
17 221
17 222
17 223
17 229
17 230
17 235
17 245
17 257
17 259
17 264
17 271
17 277
17 278
17 281
17 287
17 295
17 296
17 297
18 19
18 27
18 31
18 34
18 37
18 42
18 44
18 54
18 58
18 61
18 67
18 76
18 77
18 86
18 87
18 88
18 99
18 100
18 108
18 111
18 112
18 117
18 132
18 133
18 136
18 143
18 156
18 158
18 161
18 166
18 171
18 175
18 176
18 177
18 179
18 184
18 185
18 188
18 190
18 192
18 193
18 203
18 204
18 208
18 214
18 215
18 222
18 225
18 236
18 238
18 249
18 250
18 255
18 261
18 262
18 271
18 272
18 277
18 285
18 299
19 20
19 24
19 25
19 27
19 28
19 31
19 32
19 33
19 35
19 36
19 46
19 50
19 55
19 59
19 63
19 83
19 86
19 97
19 105
19 107
19 110
19 113
19 115
19 127
19 128
19 132
19 135
19 138
19 139
19 142
19 146
19 153
19 155
19 159
19 161
19 175
19 177
19 178
19 181
19 187
19 206
19 209
19 218
19 221
19 229
19 237
19 239
19 245
19 247
19 250
19 259
19 264
19 268
19 279
19 280
19 283
19 286
19 289
19 290
19 291
20 31
20 33
20 44
20 45
20 51
20 52
20 58
20 62
20 65
20 66
20 71
20 73
20 86
20 87
20 88
20 89
20 95
20 96
20 98
20 105
20 106
20 110
20 114
20 115
20 121
20 128
20 129
20 133
20 139
20 143
20 152
20 157
20 159
20 160
20 171
20 173
20 180
20 184
20 187
20 200
20 203
20 207
20 211
20 217
20 222
20 230
20 232
20 244
20 245
20 247
20 252
20 255
20 257
20 259
20 269
20 283
20 286
20 291
20 293
20 295
21 23
21 24
21 32
21 35
21 36
21 37
21 43
21 45
21 48
21 51
21 60
21 61
21 63
21 68
21 96
21 97
21 99
21 102
21 108
21 109
21 117
21 122
21 124
21 129
21 136
21 146
21 147
21 149
21 150
21 155
21 157
21 164
21 167
21 178
21 193
21 196
21 197
21 203
21 205
21 218
21 221
21 222
21 237
21 239
21 246
21 247
21 261
21 264
21 270
21 272
21 279
21 286
21 288
21 289
22 25
22 30
22 34
22 36
22 37
22 38
22 42
22 44
22 52
22 55
22 61
22 63
22 73
22 91
22 96
22 101
22 102
22 113
22 114
22 119
22 121
22 127
22 129
22 139
22 144
22 147
22 149
22 150
22 157
22 159
22 167
22 168
22 169
22 179
22 180
22 188
22 195
22 204
22 208
22 210
22 212
22 213
22 219
22 222
22 224
22 232
22 237
22 240
22 244
22 249
22 251
22 254
22 258
22 259
22 263
22 280
22 281
22 286
22 290
23 35
23 36
23 37
23 50
23 53
23 57
23 58
23 59
23 60
23 61
23 63
23 68
23 70
23 74
23 83
23 87
23 92
23 97
23 99
23 100
23 102
23 104
23 107
23 110
23 114
23 123
23 129
23 138
23 142
23 146
23 148
23 150
23 156
23 157
23 160
23 168
23 170
23 171
23 173
23 183
23 186
23 192
23 198
23 201
23 205
23 208
23 223
23 224
23 249
23 251
23 262
23 264
23 277
23 278
23 281
23 291
23 292
23 294
23 295
24 28
24 32
24 35
24 36
24 37
24 47
24 49
24 51
24 53
24 56
24 58
24 66
24 72
24 75
24 76
24 81
24 89
24 96
24 99
24 100
24 102
24 106
24 114
24 115
24 117
24 121
24 122
24 125
24 129
24 136
24 143
24 144
24 153
24 157
24 159
24 169
24 170
24 174
24 176
24 180
24 184
24 192
24 193
24 198
24 207
24 218
24 226
24 245
24 246
24 251
24 255
24 261
24 262
24 267
24 271
24 274
24 278
24 279
24 281
24 283
24 297
25 27
25 36
25 51
25 53
25 69
25 70
25 75
25 76
25 79
25 85
25 88
25 101
25 106
25 109
25 115
25 125
25 128
25 130
25 135
25 137
25 140
25 161
25 162
25 168
25 170
25 172
25 174
25 178
25 184
25 201
25 203
25 211
25 212
25 218
25 219
25 231
25 236
25 242
25 246
25 250
25 254
25 258
25 266
25 269
25 270
25 295
26 34
26 36
26 45
26 53
26 60
26 69
26 73
26 93
26 106
26 107
26 111
26 118
26 122
26 131
26 133
26 138
26 144
26 157
26 167
26 168
26 175
26 176
26 179
26 181
26 183
26 184
26 188
26 191
26 193
26 195
26 197
26 198
26 202
26 203
26 204
26 214
26 220
26 221
26 230
26 238
26 252
26 253
26 254
26 255
26 256
26 260
26 275
26 276
26 295
27 32
27 36
27 37
27 46
27 51
27 52
27 60
27 64
27 65
27 72
27 78
27 82
27 86
27 88
27 92
27 98
27 104
27 107
27 109
27 117
27 119
27 120
27 127
27 128
27 129
27 130
27 142
27 144
27 146
27 147
27 155
27 157
27 163
27 167
27 174
27 176
27 183
27 197
27 198
27 201
27 203
27 211
27 213
27 214
27 216
27 225
27 229
27 233
27 236
27 240
27 255
27 256
27 264
27 266
27 271
27 276
27 278
27 290
27 297
28 34
28 38
28 48
28 49
28 54
28 61
28 64
28 68
28 73
28 75
28 78
28 83
28 86
28 88
28 96
28 98
28 104
28 108
28 109
28 111
28 113
28 117
28 124
28 126
28 133
28 143
28 144
28 145
28 148
28 154
28 157
28 162
28 165
28 168
28 180
28 182
28 187
28 193
28 196
28 200
28 207
28 212
28 214
28 215
28 234
28 237
28 240
28 243
28 244
28 255
28 256
28 257
28 269
28 270
28 272
28 274
28 279
28 283
28 288
28 297
28 298
29 36
29 37
29 40
29 47
29 55
29 61
29 69
29 74
29 75
29 76
29 78
29 85
29 86
29 88
29 89
29 90
29 91
29 98
29 103
29 105
29 110
29 116
29 121
29 123
29 124
29 127
29 130
29 150
29 153
29 156
29 159
29 162
29 167
29 182
29 189
29 190
29 191
29 194
29 195
29 200
29 208
29 211
29 213
29 236
29 239
29 246
29 251
29 268
29 275
29 276
29 287
29 291
29 295
30 33
30 39
30 48
30 51
30 53
30 58
30 61
30 62
30 71
30 79
30 81
30 85
30 106
30 109
30 113
30 116
30 123
30 132
30 158
30 163
30 168
30 169
30 175
30 178
30 186
30 187
30 189
30 195
30 197
30 199
30 201
30 207
30 208
30 218
30 220
30 221
30 225
30 235
30 246
30 249
30 256
30 271
30 281
30 285
30 291
31 35
31 36
31 47
31 53
31 54
31 65
31 67
31 69
31 74
31 79
31 89
31 90
31 99
31 100
31 110
31 114
31 116
31 125
31 128
31 133
31 134
31 135
31 138
31 140
31 142
31 149
31 168
31 170
31 179
31 188
31 189
31 211
31 214
31 216
31 218
31 220
31 223
31 227
31 229
31 235
31 238
31 240
31 241
31 244
31 246
31 247
31 255
31 258
31 261
31 277
31 278
31 290
31 291
31 296
31 297
32 35
32 38
32 42
32 43
32 46
32 49
32 54
32 61
32 63
32 64
32 72
32 76
32 77
32 84
32 91
32 92
32 96
32 99
32 102
32 108
32 113
32 124
32 125
32 129
32 143
32 153
32 164
32 166
32 169
32 171
32 178
32 180
32 183
32 184
32 185
32 199
32 202
32 211
32 213
32 223
32 226
32 234
32 240
32 244
32 247
32 250
32 253
32 261
32 265
32 266
32 268
32 280
32 287
32 290
32 292
33 35
33 45
33 56
33 62
33 64
33 65
33 67
33 68
33 89
33 95
33 103
33 105
33 108
33 120
33 130
33 133
33 141
33 143
33 149
33 153
33 155
33 156
33 157
33 159
33 162
33 163
33 164
33 168
33 178
33 181
33 192
33 196
33 199
33 202
33 214
33 216
33 218
33 224
33 237
33 242
33 244
33 246
33 260
33 261
33 268
33 277
33 278
33 282
33 283
33 287
33 292
33 299
34 37
34 38
34 40
34 42
34 45
34 57
34 64
34 67
34 68
34 69
34 72
34 76
34 86
34 95
34 98
34 99
34 101
34 115
34 118
34 122
34 125
34 129
34 130
34 133
34 140
34 142
34 150
34 152
34 154
34 163
34 166
34 168
34 173
34 177
34 190
34 196
34 209
34 219
34 221
34 230
34 247
34 258
34 267
34 272
34 279
34 281
34 283
34 296
34 297
34 298
34 299
35 43
35 44
35 47
35 53
35 56
35 61
35 63
35 69
35 75
35 86
35 93
35 94
35 95
35 99
35 109
35 110
35 112
35 117
35 118
35 123
35 126
35 127
35 128
35 129
35 137
35 141
35 152
35 162
35 170
35 173
35 184
35 187
35 189
35 195
35 197
35 199
35 200
35 207
35 216
35 218
35 219
35 245
35 248
35 256
35 262
35 268
35 271
35 277
35 279
35 284
35 285
35 286
35 294
36 38
36 46
36 52
36 54
36 59
36 61
36 65
36 68
36 71
36 74
36 79
36 80
36 81
36 85
36 86
36 89
36 93
36 99
36 105
36 108
36 109
36 110
36 128
36 133
36 134
36 141
36 142
36 159
36 160
36 168
36 173
36 176
36 177
36 191
36 192
36 194
36 215
36 227
36 229
36 232
36 244
36 245
36 271
36 277
36 280
36 282
36 284
36 295
36 299
37 40
37 54
37 60
37 62
37 64
37 72
37 75
37 88
37 94
37 110
37 115
37 117
37 118
37 119
37 125
37 129
37 130
37 140
37 141
37 143
37 145
37 149
37 151
37 155
37 157
37 163
37 164
37 167
37 177
37 180
37 185
37 191
37 201
37 207
37 212
37 213
37 220
37 223
37 230
37 231
37 242
37 249
37 251
37 252
37 257
37 264
37 268
37 274
37 289
37 292
37 295
38 39
38 45
38 51
38 57
38 61
38 69
38 76
38 79
38 80
38 81
38 100
38 101
38 104
38 115
38 117
38 119
38 137
38 140
38 147
38 149
38 158
38 163
38 170
38 173
38 174
38 177
38 185
38 188
38 194
38 198
38 204
38 208
38 209
38 210
38 211
38 223
38 228
38 229
38 237
38 244
38 249
38 263
38 265
38 268
38 285
38 290
38 291
38 293
38 295
38 298
39 45
39 50
39 51
39 53
39 54
39 58
39 59
39 62
39 71
39 77
39 79
39 82
39 84
39 85
39 88
39 90
39 91
39 100
39 102
39 104
39 112
39 113
39 124
39 127
39 129
39 143
39 151
39 154
39 161
39 164
39 166
39 169
39 178
39 190
39 194
39 201
39 208
39 209
39 210
39 212
39 214
39 215
39 216
39 226
39 234
39 239
39 243
39 245
39 255
39 259
39 264
39 270
39 273
39 274
39 278
39 287
39 290
39 293
39 295
39 298
40 42
40 43
40 45
40 49
40 58
40 63
40 68
40 75
40 78
40 83
40 86
40 91
40 101
40 105
40 111
40 112
40 122
40 132
40 136
40 143
40 148
40 150
40 151
40 156
40 157
40 160
40 164
40 172
40 176
40 182
40 196
40 199
40 201
40 223
40 237
40 245
40 252
40 253
40 256
40 263
40 274
40 278
40 285
40 286
40 291
41 45
41 48
41 50
41 51
41 61
41 76
41 85
41 89
41 94
41 101
41 108
41 128
41 129
41 133
41 137
41 141
41 144
41 146
41 148
41 150
41 151
41 164
41 165
41 169
41 171
41 172
41 175
41 178
41 179
41 185
41 197
41 202
41 205
41 206
41 209
41 216
41 217
41 235
41 260
41 265
41 271
41 278
41 295
42 45
42 52
42 55
42 57
42 58
42 59
42 60
42 65
42 67
42 68
42 69
42 73
42 75
42 77
42 79
42 88
42 93
42 97
42 99
42 105
42 118
42 127
42 128
42 134
42 136
42 138
42 143
42 154
42 160
42 165
42 181
42 199
42 201
42 205
42 211
42 215
42 225
42 232
42 233
42 244
42 246
42 248
42 250
42 257
42 263
42 266
42 271
42 272
42 273
42 274
42 275
42 289
42 296
42 298
43 52
43 56
43 58
43 64
43 73
43 78
43 79
43 84
43 86
43 92
43 95
43 98
43 100
43 102
43 121
43 123
43 127
43 128
43 136
43 137
43 141
43 144
43 151
43 155
43 170
43 172
43 176
43 177
43 181
43 191
43 197
43 199
43 207
43 213
43 217
43 226
43 231
43 234
43 239
43 243
43 249
43 250
43 252
43 269
43 276
43 282
43 288
43 296
44 47
44 57
44 60
44 68
44 69
44 71
44 72
44 74
44 76
44 77
44 86
44 91
44 97
44 100
44 104
44 109
44 112
44 113
44 116
44 118
44 123
44 141
44 153
44 154
44 155
44 158
44 163
44 164
44 165
44 166
44 167
44 177
44 186
44 189
44 191
44 193
44 198
44 202
44 205
44 207
44 210
44 211
44 215
44 218
44 220
44 221
44 224
44 232
44 233
44 234
44 236
44 237
44 238
44 241
44 248
44 249
44 253
44 254
44 257
44 261
44 264
44 277
44 278
44 280
44 286
44 292
44 295
45 46
45 51
45 54
45 58
45 63
45 65
45 68
45 70
45 71
45 76
45 77
45 86
45 93
45 98
45 102
45 103
45 105
45 113
45 114
45 118
45 130
45 148
45 149
45 150
45 158
45 163
45 164
45 167
45 176
45 187
45 194
45 201
45 203
45 204
45 208
45 211
45 213
45 214
45 217
45 241
45 243
45 255
45 259
45 261
45 266
45 267
45 274
45 277
45 281
45 284
45 290
45 299
46 48
46 73
46 76
46 86
46 89
46 94
46 96
46 107
46 109
46 111
46 119
46 124
46 134
46 147
46 150
46 154
46 157
46 158
46 160
46 165
46 168
46 171
46 172
46 175
46 177
46 184
46 186
46 196
46 205
46 217
46 231
46 237
46 241
46 243
46 250
46 254
46 260
46 267
46 271
46 276
46 283
46 286
46 293
46 294
47 54
47 59
47 66
47 68
47 71
47 74
47 79
47 85
47 90
47 95
47 101
47 105
47 109
47 110
47 111
47 114
47 115
47 118
47 123
47 124
47 130
47 132
47 134
47 135
47 137
47 141
47 143
47 146
47 147
47 148
47 150
47 156
47 165
47 169
47 175
47 184
47 188
47 190
47 193
47 194
47 200
47 204
47 206
47 222
47 223
47 226
47 227
47 228
47 229
47 232
47 241
47 242
47 245
47 255
47 259
47 260
47 269
47 273
47 277
47 279
47 292
47 293
48 53
48 61
48 63
48 64
48 65
48 67
48 74
48 77
48 87
48 90
48 95
48 96
48 99
48 100
48 112
48 113
48 117
48 129
48 131
48 136
48 141
48 142
48 146
48 148
48 149
48 150
48 164
48 166
48 170
48 173
48 174
48 175
48 177
48 185
48 186
48 194
48 200
48 231
48 241
48 254
48 263
48 264
48 270
48 271
48 274
48 277
48 279
48 283
48 287
48 293
48 294
49 64
49 74
49 79
49 80
49 81
49 83
49 84
49 88
49 89
49 95
49 100
49 103
49 112
49 114
49 119
49 132
49 134
49 135
49 144
49 145
49 151
49 160
49 162
49 166
49 168
49 173
49 180
49 184
49 185
49 193
49 201
49 203
49 217
49 219
49 230
49 234
49 235
49 236
49 238
49 245
49 252
49 260
49 268
49 271
49 277
49 282
49 292
49 293
49 297
50 61
50 62
50 63
50 69
50 71
50 74
50 78
50 79
50 82
50 91
50 95
50 108
50 109
50 111
50 113
50 121
50 132
50 136
50 146
50 152
50 156
50 158
50 164
50 170
50 179
50 192
50 193
50 194
50 196
50 197
50 205
50 206
50 209
50 217
50 220
50 222
50 225
50 226
50 235
50 238
50 246
50 247
50 251
50 252
50 253
50 254
50 263
50 264
50 266
50 270
50 274
50 292
50 293
50 294
51 62
51 71
51 75
51 80
51 88
51 95
51 101
51 104
51 110
51 119
51 125
51 136
51 141
51 143
51 149
51 151
51 154
51 157
51 158
51 165
51 166
51 172
51 184
51 196
51 198
51 199
51 205
51 214
51 222
51 226
51 235
51 236
51 240
51 241
51 243
51 244
51 245
51 247
51 248
51 257
51 262
51 269
51 271
51 277
51 285
51 289
51 290
52 60
52 62
52 68
52 69
52 73
52 75
52 77
52 78
52 88
52 91
52 96
52 98
52 99
52 104
52 112
52 117
52 122
52 123
52 127
52 129
52 132
52 141
52 143
52 146
52 147
52 150
52 153
52 158
52 162
52 164
52 167
52 173
52 183
52 186
52 191
52 193
52 195
52 196
52 206
52 207
52 218
52 221
52 224
52 227
52 241
52 265
52 269
52 270
52 272
52 275
52 285
52 286
52 289
52 296
53 58
53 61
53 62
53 68
53 71
53 72
53 75
53 77
53 81
53 83
53 92
53 94
53 95
53 106
53 109
53 112
53 121
53 125
53 126
53 127
53 129
53 140
53 154
53 155
53 158
53 163
53 168
53 171
53 189
53 194
53 195
53 200
53 204
53 208
53 214
53 215
53 231
53 235
53 237
53 238
53 245
53 259
53 262
53 263
53 264
53 272
53 276
53 277
53 280
53 286
53 287
54 57
54 59
54 60
54 62
54 64
54 83
54 91
54 92
54 95
54 102
54 110
54 120
54 125
54 127
54 128
54 129
54 134
54 135
54 136
54 137
54 147
54 148
54 149
54 155
54 157
54 160
54 165
54 170
54 183
54 186
54 213
54 221
54 237
54 241
54 249
54 251
54 253
54 258
54 265
54 272
54 294
54 298
55 58
55 59
55 67
55 75
55 77
55 80
55 82
55 86
55 87
55 88
55 90
55 103
55 104
55 109
55 117
55 118
55 121
55 131
55 134
55 139
55 144
55 149
55 152
55 153
55 163
55 175
55 181
55 187
55 188
55 189
55 207
55 210
55 216
55 222
55 225
55 240
55 246
55 251
55 261
55 263
55 266
55 271
55 280
55 287
55 288
55 297
56 58
56 60
56 64
56 66
56 72
56 73
56 75
56 84
56 87
56 88
56 96
56 108
56 110
56 118
56 119
56 127
56 132
56 134
56 136
56 137
56 141
56 146
56 163
56 175
56 178
56 185
56 198
56 200
56 207
56 208
56 213
56 215
56 219
56 220
56 229
56 231
56 239
56 251
56 258
56 261
56 273
56 276
56 278
57 58
57 61
57 63
57 64
57 65
57 68
57 75
57 79
57 80
57 92
57 95
57 99
57 107
57 108
57 109
57 112
57 114
57 128
57 132
57 133
57 138
57 148
57 150
57 161
57 165
57 167
57 168
57 174
57 176
57 185
57 189
57 193
57 200
57 205
57 207
57 212
57 215
57 222
57 228
57 232
57 234
57 242
57 243
57 245
57 254
57 258
57 264
57 268
57 269
57 289
57 298
58 67
58 73
58 80
58 81
58 84
58 90
58 91
58 115
58 122
58 125
58 127
58 135
58 138
58 142
58 144
58 149
58 155
58 158
58 166
58 167
58 172
58 182
58 187
58 191
58 196
58 199
58 203
58 204
58 207
58 210
58 223
58 230
58 232
58 239
58 241
58 251
58 253
58 266
58 270
58 276
58 281
58 288
58 290
58 292
59 62
59 69
59 70
59 73
59 75
59 76
59 78
59 83
59 87
59 90
59 94
59 100
59 106
59 117
59 122
59 123
59 126
59 141
59 148
59 151
59 158
59 163
59 164
59 172
59 176
59 188
59 194
59 205
59 207
59 210
59 220
59 222
59 223
59 226
59 231
59 236
59 238
59 241
59 243
59 244
59 248
59 251
59 254
59 265
59 267
59 272
59 277
59 281
59 286
59 289
59 294
60 66
60 68
60 76
60 83
60 85
60 86
60 95
60 102
60 105
60 114
60 119
60 121
60 127
60 135
60 141
60 156
60 162
60 163
60 176
60 184
60 192
60 195
60 196
60 202
60 216
60 221
60 224
60 226
60 234
60 244
60 248
60 254
60 258
60 260
60 265
60 269
60 270
60 273
60 278
60 279
60 281
60 284
60 287
60 292
60 294
60 298
61 75
61 76
61 78
61 79
61 97
61 102
61 105
61 106
61 109
61 110
61 112
61 114
61 120
61 126
61 130
61 131
61 135
61 140
61 142
61 149
61 154
61 164
61 171
61 177
61 188
61 190
61 204
61 205
61 209
61 216
61 221
61 223
61 226
61 227
61 230
61 236
61 244
61 246
61 247
61 248
61 254
61 258
61 260
61 272
61 281
61 284
61 298
61 299
62 65
62 72
62 79
62 85
62 87
62 91
62 106
62 118
62 119
62 121
62 124
62 135
62 138
62 139
62 140
62 142
62 144
62 145
62 149
62 162
62 164
62 165
62 170
62 173
62 174
62 179
62 180
62 183
62 191
62 203
62 208
62 221
62 222
62 233
62 243
62 247
62 248
62 251
62 255
62 257
62 259
62 265
62 269
62 279
62 284
62 285
62 286
62 290
62 292
62 293
62 295
62 297
62 298
62 299
63 72
63 76
63 88
63 90
63 95
63 99
63 105
63 110
63 116
63 120
63 123
63 128
63 130
63 133
63 143
63 144
63 148
63 151
63 154
63 164
63 167
63 171
63 177
63 190
63 192
63 197
63 201
63 205
63 206
63 210
63 216
63 221
63 222
63 223
63 225
63 227
63 229
63 240
63 241
63 243
63 250
63 259
63 273
63 278
63 279
63 283
63 286
63 287
63 289
63 298
64 72
64 76
64 77
64 80
64 95
64 97
64 100
64 121
64 131
64 132
64 138
64 141
64 144
64 147
64 158
64 164
64 168
64 172
64 179
64 180
64 186
64 188
64 194
64 204
64 206
64 212
64 219
64 223
64 225
64 231
64 232
64 237
64 239
64 240
64 242
64 244
64 255
64 261
64 264
64 273
64 277
64 279
64 283
64 284
64 289
64 297
65 69
65 79
65 80
65 95
65 97
65 100
65 104
65 111
65 121
65 124
65 127
65 128
65 131
65 133
65 134
65 135
65 140
65 143
65 144
65 146
65 151
65 152
65 155
65 156
65 168
65 170
65 174
65 175
65 186
65 187
65 191
65 193
65 198
65 207
65 220
65 224
65 226
65 232
65 240
65 242
65 243
65 251
65 254
65 270
65 274
65 276
65 283
65 287
65 297
65 298
65 299
66 70
66 72
66 75
66 82
66 88
66 101
66 106
66 107
66 110
66 115
66 145
66 149
66 151
66 169
66 171
66 183
66 184
66 185
66 190
66 204
66 206
66 207
66 208
66 210
66 217
66 218
66 220
66 221
66 228
66 242
66 248
66 249
66 256
66 259
66 260
66 261
66 262
66 264
66 266
66 272
66 275
66 281
66 282
66 283
66 290
66 292
66 296
66 299
67 79
67 83
67 95
67 102
67 103
67 104
67 105
67 106
67 109
67 112
67 115
67 121
67 126
67 127
67 128
67 129
67 134
67 138
67 139
67 142
67 148
67 151
67 168
67 169
67 174
67 175
67 176
67 177
67 181
67 188
67 204
67 205
67 217
67 222
67 223
67 237
67 243
67 251
67 253
67 254
67 258
67 267
67 270
67 271
67 273
67 274
67 292
67 296
68 70
68 71
68 91
68 98
68 99
68 103
68 104
68 126
68 129
68 132
68 139
68 140
68 143
68 147
68 150
68 157
68 169
68 175
68 181
68 185
68 191
68 195
68 199
68 210
68 211
68 221
68 228
68 231
68 240
68 248
68 249
68 251
68 254
68 255
68 266
68 268
68 273
68 280
68 281
68 284
68 287
68 295
68 299
69 71
69 74
69 75
69 85
69 97
69 99
69 104
69 112
69 116
69 117
69 125
69 127
69 132
69 148
69 150
69 151
69 155
69 159
69 170
69 174
69 175
69 181
69 185
69 189
69 205
69 208
69 209
69 211
69 214
69 217
69 218
69 236
69 243
69 247
69 250
69 255
69 272
69 277
69 286
69 295
70 73
70 77
70 84
70 90
70 95
70 103
70 106
70 113
70 118
70 120
70 121
70 124
70 130
70 135
70 138
70 139
70 146
70 147
70 149
70 157
70 173
70 176
70 181
70 183
70 189
70 191
70 193
70 204
70 210
70 225
70 229
70 232
70 234
70 241
70 247
70 248
70 250
70 252
70 253
70 258
70 260
70 265
70 267
70 270
70 271
70 275
70 286
70 295
70 298
71 72
71 79
71 84
71 92
71 95
71 97
71 98
71 104
71 107
71 117
71 133
71 134
71 135
71 136
71 143
71 147
71 148
71 157
71 161
71 164
71 172
71 177
71 187
71 188
71 190
71 202
71 207
71 218
71 224
71 233
71 235
71 241
71 252
71 255
71 257
71 265
71 269
71 272
71 284
71 294
72 74
72 76
72 79
72 91
72 93
72 99
72 107
72 110
72 120
72 125
72 129
72 133
72 141
72 145
72 148
72 150
72 160
72 162
72 172
72 174
72 175
72 176
72 183
72 189
72 195
72 197
72 200
72 209
72 215
72 216
72 223
72 224
72 225
72 236
72 237
72 241
72 244
72 258
72 260
72 263
72 268
72 272
72 273
72 274
72 279
72 290
72 299
73 74
73 76
73 77
73 79
73 88
73 89
73 92
73 93
73 97
73 103
73 105
73 106
73 111
73 113
73 134
73 138
73 140
73 146
73 153
73 156
73 162
73 164
73 165
73 166
73 170
73 175
73 181
73 188
73 190
73 197
73 198
73 203
73 207
73 209
73 214
73 216
73 220
73 230
73 248
73 251
73 254
73 255
73 258
73 270
73 271
73 275
73 279
73 287
73 294
73 299
74 89
74 95
74 98
74 113
74 116
74 122
74 132
74 134
74 143
74 144
74 146
74 158
74 164
74 191
74 194
74 197
74 201
74 213
74 214
74 216
74 227
74 232
74 238
74 239
74 242
74 243
74 250
74 252
74 260
74 263
74 269
74 271
74 277
74 278
74 284
74 289
75 76
75 79
75 84
75 88
75 89
75 94
75 95
75 100
75 105
75 107
75 109
75 110
75 119
75 125
75 131
75 137
75 145
75 161
75 162
75 169
75 171
75 172
75 179
75 181
75 184
75 188
75 196
75 197
75 202
75 207
75 218
75 226
75 227
75 230
75 235
75 239
75 242
75 249
75 250
75 252
75 285
76 82
76 83
76 84
76 90
76 95
76 98
76 106
76 110
76 114
76 116
76 117
76 124
76 125
76 126
76 129
76 130
76 131
76 138
76 139
76 143
76 154
76 155
76 160
76 164
76 165
76 173
76 180
76 184
76 198
76 214
76 217
76 218
76 225
76 236
76 237
76 238
76 240
76 242
76 249
76 257
76 263
76 264
76 268
76 282
76 288
76 290
76 294
77 79
77 81
77 84
77 86
77 92
77 98
77 101
77 109
77 113
77 116
77 119
77 125
77 126
77 130
77 133
77 140
77 150
77 160
77 167
77 170
77 173
77 174
77 177
77 181
77 182
77 196
77 199
77 206
77 207
77 208
77 211
77 218
77 222
77 234
77 235
77 238
77 239
77 244
77 245
77 257
77 258
77 260
77 263
77 277
77 281
77 286
77 294
78 81
78 90
78 91
78 92
78 96
78 104
78 110
78 114
78 118
78 122
78 129
78 133
78 135
78 142
78 154
78 159
78 161
78 162
78 163
78 164
78 166
78 169
78 173
78 175
78 181
78 184
78 190
78 195
78 198
78 201
78 208
78 210
78 212
78 218
78 220
78 226
78 237
78 244
78 246
78 249
78 261
78 289
78 295
79 82
79 85
79 88
79 97
79 102
79 104
79 123
79 126
79 127
79 128
79 140
79 144
79 145
79 150
79 152
79 153
79 158
79 161
79 169
79 170
79 171
79 183
79 191
79 210
79 212
79 226
79 242
79 243
79 246
79 248
79 249
79 250
79 251
79 253
79 258
79 259
79 274
79 277
79 281
79 291
79 297
80 85
80 95
80 106
80 112
80 113
80 116
80 123
80 129
80 140
80 143
80 144
80 147
80 151
80 152
80 156
80 158
80 166
80 172
80 180
80 182
80 185
80 189
80 190
80 198
80 207
80 215
80 216
80 219
80 230
80 236
80 238
80 241
80 242
80 247
80 248
80 258
80 267
80 272
80 273
80 278
80 280
80 297
81 97
81 103
81 112
81 113
81 121
81 123
81 127
81 130
81 132
81 133
81 134
81 136
81 141
81 151
81 152
81 160
81 173
81 182
81 199
81 210
81 211
81 212
81 215
81 225
81 227
81 229
81 231
81 243
81 249
81 252
81 254
81 256
81 257
81 260
81 264
81 270
81 273
81 274
81 278
81 286
81 288
81 291
81 296
82 84
82 94
82 105
82 106
82 112
82 119
82 121
82 126
82 129
82 136
82 138
82 140
82 144
82 155
82 158
82 164
82 166
82 168
82 174
82 181
82 187
82 188
82 198
82 199
82 202
82 205
82 206
82 208
82 214
82 216
82 228
82 242
82 246
82 255
82 263
82 264
82 267
82 272
82 277
82 279
82 291
82 294
82 295
82 296
82 297
82 298
82 299
83 85
83 88
83 95
83 96
83 111
83 119
83 123
83 126
83 128
83 130
83 132
83 137
83 138
83 144
83 147
83 155
83 161
83 170
83 172
83 173
83 176
83 178
83 184
83 188
83 194
83 197
83 202
83 207
83 214
83 220
83 223
83 226
83 231
83 232
83 238
83 239
83 240
83 241
83 244
83 250
83 252
83 268
83 269
83 270
83 271
83 282
83 285
83 291
83 298
84 85
84 86
84 96
84 97
84 98
84 103
84 104
84 107
84 108
84 118
84 125
84 128
84 129
84 130
84 136
84 147
84 150
84 152
84 153
84 156
84 158
84 180
84 193
84 197
84 199
84 200
84 202
84 205
84 206
84 213
84 220
84 225
84 226
84 227
84 228
84 232
84 236
84 241
84 243
84 247
84 249
84 252
84 274
84 276
84 285
84 291
84 292
84 294
84 298
85 86
85 89
85 92
85 96
85 101
85 113
85 121
85 122
85 126
85 129
85 135
85 141
85 145
85 149
85 154
85 172
85 177
85 179
85 182
85 196
85 200
85 219
85 221
85 232
85 236
85 244
85 246
85 247
85 248
85 250
85 253
85 254
85 255
85 277
85 284
85 288
85 290
85 294
85 298
86 88
86 92
86 93
86 96
86 102
86 117
86 121
86 124
86 125
86 128
86 131
86 138
86 140
86 146
86 153
86 158
86 186
86 191
86 197
86 198
86 201
86 208
86 210
86 212
86 213
86 215
86 216
86 217
86 220
86 226
86 228
86 236
86 247
86 248
86 252
86 256
86 257
86 261
86 263
86 270
86 273
86 278
86 282
86 299
87 94
87 96
87 97
87 101
87 103
87 104
87 111
87 112
87 113
87 125
87 127
87 129
87 130
87 132
87 135
87 142
87 148
87 152
87 159
87 160
87 173
87 179
87 187
87 190
87 192
87 198
87 208
87 215
87 228
87 229
87 232
87 234
87 246
87 249
87 250
87 260
87 269
87 274
87 279
87 283
88 93
88 99
88 100
88 104
88 113
88 118
88 120
88 121
88 128
88 131
88 132
88 138
88 140
88 144
88 149
88 155
88 165
88 172
88 185
88 190
88 191
88 193
88 200
88 203
88 215
88 220
88 224
88 225
88 226
88 227
88 235
88 240
88 245
88 254
88 255
88 261
88 262
88 264
88 266
88 274
88 282
88 285
88 289
89 91
89 95
89 96
89 109
89 113
89 123
89 125
89 132
89 135
89 140
89 146
89 149
89 152
89 158
89 161
89 165
89 169
89 170
89 173
89 176
89 178
89 184
89 191
89 193
89 206
89 215
89 217
89 219
89 222
89 227
89 228
89 251
89 253
89 255
89 259
89 273
89 277
89 289
89 294
89 295
90 115
90 117
90 124
90 125
90 129
90 130
90 136
90 138
90 142
90 148
90 159
90 162
90 163
90 169
90 183
90 193
90 195
90 197
90 198
90 199
90 204
90 219
90 233
90 234
90 237
90 239
90 241
90 256
90 264
90 270
90 289
90 299
91 95
91 105
91 106
91 107
91 111
91 114
91 115
91 121
91 125
91 130
91 132
91 135
91 138
91 140
91 141
91 150
91 157
91 168
91 169
91 170
91 171
91 175
91 180
91 185
91 187
91 192
91 201
91 205
91 210
91 211
91 215
91 216
91 227
91 230
91 235
91 237
91 242
91 247
91 250
91 274
91 279
91 287
91 289
91 290
91 299
92 96
92 105
92 107
92 109
92 110
92 120
92 123
92 126
92 129
92 132
92 138
92 146
92 148
92 159
92 160
92 164
92 173
92 177
92 182
92 188
92 190
92 205
92 211
92 212
92 214
92 215
92 218
92 232
92 246
92 253
92 255
92 260
92 262
92 264
92 265
92 273
92 276
92 285
92 286
92 292
92 293
92 294
93 98
93 100
93 101
93 104
93 106
93 107
93 108
93 117
93 123
93 125
93 129
93 137
93 138
93 140
93 141
93 154
93 174
93 175
93 182
93 186
93 190
93 192
93 198
93 210
93 232
93 238
93 245
93 247
93 249
93 259
93 275
93 282
93 283
93 297
93 298
94 107
94 108
94 112
94 117
94 119
94 130
94 134
94 138
94 140
94 141
94 145
94 155
94 159
94 160
94 165
94 167
94 175
94 179
94 182
94 183
94 185
94 186
94 187
94 191
94 195
94 198
94 201
94 203
94 219
94 226
94 227
94 230
94 232
94 242
94 244
94 248
94 255
94 261
94 262
94 263
94 267
94 269
94 273
94 274
94 281
94 282
94 283
94 284
94 286
94 295
94 297
95 102
95 105
95 106
95 115
95 117
95 121
95 122
95 125
95 127
95 140
95 146
95 155
95 158
95 161
95 166
95 168
95 172
95 181
95 188
95 189
95 196
95 198
95 200
95 201
95 204
95 205
95 208
95 210
95 212
95 216
95 240
95 243
95 247
95 250
95 252
95 256
95 266
95 267
95 270
95 273
95 281
95 283
95 284
95 299
96 99
96 105
96 110
96 113
96 115
96 128
96 136
96 141
96 145
96 146
96 148
96 167
96 178
96 180
96 184
96 185
96 187
96 188
96 202
96 205
96 218
96 220
96 243
96 245
96 246
96 253
96 255
96 273
96 276
96 277
96 279
96 283
96 289
96 290
96 299
97 104
97 115
97 118
97 119
97 122
97 123
97 132
97 136
97 141
97 148
97 151
97 157
97 172
97 175
97 176
97 181
97 185
97 189
97 192
97 199
97 220
97 221
97 225
97 227
97 228
97 239
97 241
97 243
97 245
97 249
97 258
97 264
97 271
97 272
97 273
97 275
97 281
97 286
97 289
98 105
98 113
98 114
98 116
98 119
98 120
98 126
98 132
98 138
98 140
98 143
98 152
98 153
98 155
98 158
98 159
98 165
98 166
98 169
98 176
98 183
98 185
98 186
98 189
98 192
98 209
98 210
98 211
98 223
98 225
98 228
98 230
98 236
98 240
98 241
98 246
98 247
98 248
98 258
98 265
98 273
98 274
98 292
98 297
99 101
99 103
99 108
99 113
99 123
99 124
99 135
99 137
99 139
99 143
99 145
99 148
99 150
99 152
99 158
99 167
99 183
99 185
99 193
99 198
99 204
99 208
99 210
99 211
99 218
99 234
99 236
99 239
99 245
99 247
99 251
99 264
99 267
99 271
99 272
99 276
99 284
99 295
99 296
100 105
100 106
100 112
100 114
100 119
100 122
100 127
100 133
100 137
100 139
100 146
100 147
100 149
100 152
100 164
100 167
100 174
100 178
100 195
100 202
100 203
100 207
100 209
100 212
100 215
100 220
100 223
100 225
100 227
100 229
100 235
100 246
100 248
100 249
100 251
100 255
100 259
100 266
100 268
100 276
100 281
100 282
100 284
100 287
100 289
101 105
101 106
101 109
101 113
101 117
101 118
101 122
101 149
101 152
101 160
101 162
101 167
101 170
101 181
101 185
101 202
101 207
101 210
101 223
101 226
101 227
101 229
101 231
101 233
101 237
101 239
101 240
101 243
101 246
101 260
101 262
101 288
101 294
101 295
102 103
102 106
102 108
102 110
102 112
102 113
102 122
102 139
102 152
102 155
102 160
102 161
102 163
102 166
102 168
102 172
102 177
102 206
102 218
102 222
102 234
102 246
102 260
102 262
102 279
102 282
102 294
103 109
103 119
103 122
103 123
103 125
103 132
103 133
103 138
103 159
103 160
103 162
103 165
103 172
103 175
103 181
103 184
103 191
103 195
103 197
103 205
103 207
103 212
103 220
103 224
103 229
103 233
103 235
103 239
103 242
103 244
103 251
103 256
103 258
103 275
103 279
103 285
103 288
104 107
104 109
104 117
104 122
104 123
104 132
104 142
104 143
104 150
104 153
104 154
104 159
104 162
104 174
104 179
104 186
104 187
104 189
104 192
104 196
104 200
104 201
104 205
104 207
104 209
104 210
104 213
104 216
104 218
104 222
104 228
104 251
104 254
104 257
104 268
104 269
104 270
104 280
104 283
104 284
104 295
104 298
105 106
105 108
105 110
105 117
105 119
105 122
105 126
105 127
105 128
105 134
105 140
105 142
105 143
105 144
105 145
105 146
105 153
105 163
105 165
105 168
105 170
105 179
105 184
105 185
105 197
105 198
105 199
105 202
105 216
105 218
105 220
105 225
105 226
105 229
105 231
105 234
105 235
105 238
105 240
105 243
105 249
105 250
105 253
105 258
105 266
105 270
105 272
105 273
105 275
105 288
105 292
106 119
106 122
106 124
106 130
106 132
106 134
106 140
106 142
106 146
106 147
106 150
106 152
106 153
106 157
106 159
106 164
106 165
106 175
106 179
106 182
106 205
106 209
106 211
106 220
106 223
106 227
106 236
106 243
106 252
106 253
106 258
106 262
106 270
106 271
107 111
107 116
107 123
107 129
107 130
107 138
107 139
107 142
107 144
107 150
107 151
107 152
107 161
107 165
107 167
107 177
107 178
107 179
107 189
107 192
107 193
107 195
107 196
107 201
107 219
107 230
107 231
107 234
107 235
107 237
107 249
107 253
107 266
107 267
107 268
107 270
107 274
107 278
107 286
107 288
107 289
107 297
108 109
108 112
108 113
108 120
108 131
108 140
108 151
108 152
108 154
108 157
108 162
108 163
108 165
108 173
108 175
108 181
108 191
108 193
108 197
108 205
108 207
108 209
108 210
108 218
108 229
108 238
108 240
108 246
108 254
108 266
108 270
108 271
108 272
108 274
108 275
108 277
108 282
108 283
108 292
108 294
109 124
109 128
109 132
109 150
109 153
109 154
109 162
109 165
109 174
109 175
109 187
109 189
109 192
109 195
109 207
109 210
109 211
109 220
109 223
109 238
109 242
109 248
109 259
109 261
109 272
109 276
109 283
109 284
109 286
109 290
109 294
109 298
110 121
110 127
110 128
110 136
110 141
110 142
110 148
110 155
110 158
110 162
110 165
110 167
110 175
110 176
110 187
110 193
110 200
110 202
110 207
110 209
110 219
110 224
110 225
110 234
110 237
110 247
110 250
110 253
110 255
110 257
110 261
110 262
110 264
110 266
110 270
110 273
110 274
110 284
110 293
110 294
110 295
110 297
111 114
111 120
111 121
111 123
111 125
111 130
111 135
111 139
111 140
111 144
111 146
111 156
111 158
111 166
111 172
111 174
111 176
111 177
111 178
111 181
111 185
111 191
111 200
111 203
111 204
111 218
111 220
111 222
111 224
111 225
111 226
111 232
111 247
111 251
111 252
111 256
111 257
111 267
111 279
111 282
111 283
111 287
111 290
112 114
112 115
112 119
112 122
112 135
112 137
112 150
112 163
112 174
112 176
112 180
112 182
112 192
112 194
112 199
112 203
112 211
112 213
112 217
112 220
112 229
112 231
112 246
112 249
112 252
112 257
112 258
112 260
112 272
112 277
112 287
112 295
113 115
113 116
113 117
113 118
113 122
113 123
113 128
113 129
113 137
113 142
113 143
113 147
113 165
113 166
113 168
113 170
113 171
113 177
113 180
113 192
113 197
113 202
113 207
113 209
113 214
113 223
113 225
113 230
113 232
113 238
113 244
113 260
113 271
113 274
113 280
113 284
113 286
113 289
113 296
114 121
114 123
114 124
114 131
114 132
114 134
114 135
114 143
114 146
114 152
114 162
114 163
114 165
114 168
114 175
114 192
114 201
114 204
114 219
114 222
114 223
114 224
114 225
114 227
114 229
114 231
114 238
114 245
114 248
114 252
114 255
114 259
114 261
114 269
114 270
114 274
114 279
114 280
114 289
115 117
115 120
115 128
115 152
115 155
115 156
115 170
115 173
115 180
115 187
115 190
115 192
115 194
115 202
115 207
115 215
115 222
115 223
115 225
115 227
115 228
115 231
115 234
115 240
115 256
115 257
115 267
115 268
115 278
115 279
115 297
115 299
116 125
116 140
116 142
116 147
116 150
116 152
116 153
116 156
116 162
116 172
116 173
116 174
116 176
116 177
116 178
116 180
116 182
116 187
116 188
116 193
116 201
116 205
116 210
116 223
116 231
116 236
116 237
116 241
116 242
116 245
116 255
116 265
116 272
116 275
116 278
116 281
116 285
116 286
116 287
116 288
116 292
117 118
117 122
117 123
117 126
117 128
117 130
117 146
117 152
117 173
117 178
117 181
117 191
117 192
117 196
117 198
117 199
117 201
117 211
117 214
117 215
117 217
117 220
117 221
117 224
117 230
117 232
117 249
117 254
117 257
117 258
117 262
117 272
117 276
117 281
117 288
117 296
117 299
118 126
118 141
118 143
118 150
118 154
118 157
118 159
118 160
118 165
118 170
118 173
118 187
118 189
118 194
118 197
118 202
118 212
118 213
118 216
118 221
118 232
118 238
118 262
118 266
118 267
118 271
118 285
118 290
118 291
118 299
119 129
119 132
119 137
119 141
119 149
119 152
119 161
119 166
119 168
119 170
119 184
119 185
119 193
119 194
119 202
119 204
119 205
119 209
119 211
119 220
119 224
119 238
119 241
119 251
119 253
119 264
119 266
119 271
119 274
119 275
119 277
119 281
119 282
119 285
119 289
119 293
119 295
119 297
120 126
120 133
120 140
120 142
120 160
120 161
120 169
120 181
120 188
120 190
120 193
120 200
120 204
120 208
120 210
120 216
120 217
120 222
120 232
120 235
120 238
120 241
120 243
120 244
120 247
120 248
120 256
120 260
120 261
120 267
120 269
120 277
120 279
120 289
121 122
121 131
121 136
121 141
121 144
121 146
121 149
121 154
121 156
121 158
121 160
121 162
121 163
121 164
121 170
121 176
121 177
121 181
121 185
121 186
121 192
121 200
121 206
121 210
121 215
121 216
121 222
121 227
121 233
121 238
121 241
121 242
121 246
121 249
121 256
121 261
121 271
121 284
121 285
121 293
121 297
122 132
122 134
122 142
122 149
122 153
122 154
122 159
122 161
122 171
122 174
122 177
122 181
122 182
122 187
122 193
122 205
122 210
122 213
122 215
122 226
122 229
122 230
122 233
122 234
122 239
122 242
122 244
122 247
122 249
122 255
122 268
122 282
122 283
122 286
123 125
123 135
123 136
123 139
123 146
123 148
123 149
123 157
123 158
123 162
123 165
123 174
123 175
123 176
123 182
123 185
123 188
123 196
123 199
123 201
123 202
123 206
123 210
123 211
123 213
123 220
123 222
123 234
123 235
123 237
123 244
123 245
123 252
123 256
123 261
123 263
123 276
123 298
124 131
124 134
124 136
124 139
124 147
124 150
124 163
124 169
124 175
124 176
124 177
124 191
124 195
124 204
124 206
124 207
124 210
124 217
124 223
124 227
124 229
124 232
124 242
124 244
124 249
124 253
124 261
124 264
124 266
124 268
124 269
124 280
124 281
124 294
124 296
125 127
125 130
125 136
125 138
125 147
125 150
125 154
125 159
125 160
125 164
125 166
125 167
125 176
125 178
125 181
125 182
125 183
125 188
125 193
125 198
125 206
125 210
125 211
125 213
125 220
125 226
125 234
125 237
125 240
125 242
125 245
125 246
125 247
125 248
125 257
125 259
125 262
125 273
125 276
125 277
125 284
125 290
125 291
125 294
125 296
125 298
126 142
126 143
126 146
126 152
126 154
126 155
126 163
126 167
126 168
126 170
126 171
126 172
126 175
126 182
126 188
126 191
126 193
126 202
126 204
126 205
126 208
126 212
126 216
126 217
126 219
126 227
126 232
126 234
126 239
126 242
126 245
126 246
126 248
126 255
126 261
126 262
126 264
126 270
126 272
126 273
126 274
126 282
126 283
126 290
126 298
127 134
127 138
127 149
127 152
127 153
127 160
127 161
127 162
127 164
127 182
127 184
127 190
127 192
127 194
127 195
127 196
127 198
127 199
127 200
127 202
127 205
127 208
127 211
127 220
127 224
127 225
127 229
127 233
127 234
127 239
127 242
127 246
127 247
127 265
127 278
127 287
127 291
127 292
127 299
128 134
128 140
128 144
128 147
128 156
128 158
128 161
128 163
128 165
128 169
128 176
128 187
128 192
128 200
128 206
128 207
128 208
128 210
128 227
128 235
128 244
128 260
128 263
128 266
128 268
128 273
128 275
128 280
128 282
128 285
128 287
128 288
128 289
128 292
128 296
128 298
129 132
129 135
129 137
129 143
129 144
129 149
129 155
129 163
129 168
129 170
129 178
129 180
129 186
129 197
129 198
129 199
129 203
129 204
129 208
129 222
129 223
129 224
129 228
129 229
129 230
129 232
129 236
129 238
129 246
129 250
129 252
129 255
129 267
129 283
129 295
129 298
130 131
130 132
130 133
130 138
130 141
130 142
130 151
130 159
130 166
130 167
130 184
130 204
130 206
130 213
130 218
130 219
130 233
130 236
130 241
130 257
130 264
130 272
130 280
130 281
130 289
130 293
130 294
131 134
131 136
131 145
131 151
131 152
131 163
131 169
131 172
131 175
131 178
131 179
131 194
131 195
131 202
131 204
131 205
131 209
131 214
131 216
131 221
131 223
131 227
131 237
131 241
131 242
131 245
131 249
131 251
131 252
131 258
131 260
131 262
131 264
131 265
131 266
131 273
131 277
131 278
131 280
131 281
131 286
131 287
131 295
132 133
132 135
132 140
132 147
132 151
132 156
132 157
132 158
132 159
132 168
132 170
132 173
132 175
132 176
132 195
132 204
132 205
132 208
132 216
132 217
132 225
132 230
132 236
132 239
132 242
132 251
132 252
132 260
132 264
132 271
132 280
132 282
132 283
132 284
132 286
132 290
132 291
132 294
133 137
133 140
133 142
133 143
133 149
133 152
133 154
133 155
133 170
133 177
133 178
133 182
133 183
133 190
133 194
133 195
133 197
133 198
133 200
133 210
133 212
133 214
133 215
133 223
133 225
133 233
133 234
133 243
133 256
133 257
133 258
133 260
133 261
133 263
133 267
133 276
133 277
133 282
133 294
133 298
134 145
134 148
134 153
134 162
134 163
134 165
134 169
134 177
134 179
134 182
134 184
134 185
134 186
134 188
134 203
134 209
134 212
134 213
134 215
134 216
134 243
134 245
134 249
134 250
134 264
134 268
134 275
134 278
134 284
134 292
134 293
135 141
135 143
135 144
135 147
135 150
135 153
135 159
135 165
135 172
135 173
135 182
135 186
135 187
135 199
135 200
135 205
135 213
135 221
135 228
135 247
135 249
135 260
135 261
135 264
135 266
135 267
135 269
135 277
135 281
135 284
135 289
135 290
135 291
136 142
136 169
136 174
136 181
136 182
136 203
136 215
136 216
136 226
136 234
136 236
136 244
136 248
136 252
136 254
136 257
136 261
136 267
136 269
136 271
136 278
136 279
136 284
136 285
136 286
136 287
136 289
136 296
137 157
137 166
137 172
137 187
137 193
137 194
137 199
137 206
137 210
137 211
137 212
137 230
137 231
137 235
137 236
137 243
137 246
137 247
137 250
137 272
137 276
137 278
137 286
137 296
137 299
138 142
138 147
138 149
138 156
138 158
138 175
138 180
138 181
138 187
138 188
138 191
138 200
138 212
138 220
138 226
138 227
138 235
138 237
138 241
138 249
138 258
138 262
138 268
138 271
138 274
138 277
138 283
138 289
139 141
139 143
139 156
139 159
139 162
139 172
139 173
139 179
139 188
139 189
139 190
139 199
139 200
139 201
139 214
139 217
139 218
139 228
139 234
139 236
139 245
139 246
139 247
139 252
139 255
139 257
139 264
139 268
139 273
139 287
140 152
140 159
140 160
140 167
140 174
140 179
140 181
140 184
140 194
140 198
140 199
140 201
140 209
140 210
140 212
140 222
140 224
140 228
140 236
140 238
140 255
140 261
140 272
140 273
140 275
140 278
140 284
140 290
140 292
140 295
141 143
141 149
141 150
141 154
141 158
141 159
141 161
141 174
141 176
141 179
141 187
141 191
141 193
141 194
141 208
141 216
141 225
141 229
141 232
141 234
141 236
141 240
141 244
141 247
141 257
141 267
141 271
141 275
141 276
141 284
141 287
141 292
142 149
142 153
142 156
142 157
142 171
142 173
142 179
142 181
142 188
142 189
142 196
142 199
142 200
142 201
142 203
142 204
142 205
142 207
142 208
142 218
142 226
142 236
142 251
142 253
142 255
142 256
142 260
142 262
142 270
142 272
142 282
142 283
142 285
142 287
142 297
142 298
143 156
143 169
143 176
143 182
143 184
143 194
143 196
143 199
143 203
143 206
143 209
143 215
143 216
143 219
143 230
143 232
143 233
143 235
143 244
143 248
143 249
143 256
143 260
143 261
143 264
143 266
143 267
143 268
143 271
143 273
143 279
143 284
143 287
143 289
143 297
143 299
144 154
144 164
144 165
144 174
144 177
144 182
144 184
144 185
144 190
144 194
144 204
144 205
144 213
144 216
144 221
144 226
144 230
144 231
144 232
144 239
144 240
144 241
144 243
144 244
144 245
144 247
144 252
144 255
144 260
144 265
144 278
144 286
144 289
144 297
144 299
145 150
145 160
145 163
145 168
145 174
145 177
145 179
145 180
145 181
145 184
145 190
145 192
145 194
145 195
145 219
145 225
145 226
145 231
145 236
145 237
145 241
145 244
145 254
145 261
145 264
145 290
145 295
145 296
145 297
145 298
145 299
146 174
146 183
146 205
146 208
146 211
146 212
146 225
146 226
146 234
146 238
146 240
146 242
146 258
146 262
146 268
146 277
146 278
146 282
146 290
147 171
147 172
147 174
147 176
147 178
147 179
147 182
147 200
147 207
147 208
147 223
147 227
147 229
147 235
147 244
147 251
147 258
147 263
147 265
147 269
147 273
147 276
147 283
147 289
147 299
148 150
148 153
148 160
148 161
148 165
148 167
148 170
148 174
148 176
148 177
148 189
148 198
148 206
148 207
148 214
148 220
148 222
148 238
148 239
148 245
148 255
148 257
148 262
148 264
148 268
148 278
148 285
148 298
149 156
149 160
149 164
149 165
149 167
149 184
149 185
149 187
149 189
149 192
149 193
149 195
149 197
149 198
149 203
149 213
149 224
149 228
149 232
149 235
149 238
149 246
149 259
149 261
149 263
149 265
149 269
149 270
149 275
149 284
149 292
150 152
150 160
150 167
150 171
150 174
150 188
150 191
150 197
150 200
150 204
150 209
150 218
150 220
150 223
150 228
150 230
150 232
150 233
150 236
150 239
150 240
150 241
150 253
150 254
150 269
150 277
150 278
150 279
150 282
150 283
150 290
150 294
150 298
150 299
151 152
151 154
151 156
151 168
151 180
151 183
151 184
151 207
151 210
151 221
151 222
151 223
151 234
151 236
151 237
151 244
151 245
151 247
151 250
151 251
151 252
151 253
151 256
151 263
151 267
151 268
151 269
151 281
151 285
151 291
151 296
151 299
152 157
152 160
152 169
152 173
152 177
152 181
152 183
152 184
152 186
152 189
152 192
152 203
152 204
152 205
152 211
152 213
152 220
152 224
152 229
152 235
152 238
152 239
152 241
152 243
152 249
152 251
152 253
152 257
152 267
152 273
152 276
152 280
152 281
152 282
152 290
152 292
152 293
152 294
153 155
153 157
153 161
153 166
153 172
153 180
153 182
153 184
153 185
153 190
153 199
153 203
153 214
153 220
153 227
153 228
153 230
153 243
153 244
153 245
153 249
153 252
153 253
153 263
153 267
153 268
153 276
153 277
153 283
153 293
154 155
154 158
154 162
154 164
154 169
154 170
154 179
154 185
154 190
154 191
154 193
154 195
154 197
154 204
154 207
154 213
154 217
154 218
154 221
154 222
154 233
154 237
154 242
154 244
154 245
154 251
154 265
154 288
154 296
154 297
155 159
155 166
155 169
155 182
155 185
155 191
155 197
155 198
155 200
155 202
155 206
155 215
155 218
155 221
155 227
155 238
155 241
155 251
155 254
155 256
155 260
155 261
155 263
155 268
155 270
155 271
155 272
155 279
155 280
155 283
155 293
155 299
156 157
156 160
156 166
156 168
156 169
156 183
156 184
156 185
156 188
156 192
156 203
156 210
156 213
156 224
156 228
156 244
156 250
156 255
156 259
156 262
156 263
156 269
156 271
156 275
156 286
156 292
156 293
156 294
156 296
156 297
157 158
157 175
157 176
157 184
157 185
157 193
157 196
157 201
157 205
157 208
157 216
157 231
157 233
157 235
157 251
157 254
157 255
157 259
157 262
157 263
157 268
157 270
157 272
157 291
157 295
157 298
158 160
158 161
158 171
158 175
158 176
158 178
158 180
158 181
158 183
158 184
158 190
158 194
158 207
158 213
158 215
158 220
158 224
158 230
158 236
158 247
158 251
158 256
158 264
158 266
158 268
158 269
158 272
158 275
158 276
158 287
158 290
158 297
159 160
159 166
159 173
159 176
159 200
159 202
159 216
159 218
159 224
159 237
159 242
159 250
159 263
159 270
159 274
159 280
159 281
159 286
160 162
160 164
160 168
160 169
160 177
160 182
160 189
160 191
160 194
160 196
160 208
160 210
160 214
160 221
160 240
160 242
160 246
160 256
160 258
160 259
160 261
160 263
160 272
160 273
160 285
160 289
161 163
161 168
161 169
161 172
161 173
161 177
161 180
161 182
161 187
161 189
161 197
161 210
161 219
161 220
161 225
161 230
161 234
161 238
161 258
161 270
161 289
161 290
161 293
161 295
161 296
162 170
162 171
162 173
162 178
162 180
162 181
162 183
162 194
162 209
162 210
162 213
162 216
162 217
162 221
162 229
162 231
162 232
162 234
162 240
162 248
162 249
162 251
162 253
162 257
162 267
162 270
162 274
162 280
162 282
162 284
163 165
163 167
163 180
163 183
163 191
163 195
163 200
163 208
163 214
163 215
163 222
163 231
163 236
163 238
163 239
163 240
163 245
163 252
163 253
163 256
163 260
163 271
163 278
163 282
163 284
163 287
163 289
163 290
163 291
163 296
164 167
164 177
164 179
164 181
164 183
164 207
164 211
164 216
164 217
164 220
164 223
164 224
164 226
164 228
164 239
164 245
164 258
164 260
164 265
164 277
164 278
164 285
164 289
164 295
164 296
164 297
165 172
165 173
165 178
165 179
165 182
165 183
165 186
165 188
165 189
165 191
165 192
165 193
165 202
165 209
165 210
165 211
165 214
165 216
165 217
165 222
165 246
165 268
165 269
165 272
165 275
165 293
165 297
166 168
166 174
166 177
166 180
166 184
166 187
166 192
166 193
166 214
166 224
166 229
166 236
166 237
166 241
166 243
166 244
166 247
166 251
166 255
166 261
166 290
166 291
166 296
166 299
167 175
167 191
167 203
167 207
167 212
167 215
167 219
167 221
167 224
167 228
167 231
167 242
167 253
167 255
167 257
167 261
167 266
167 267
167 274
167 275
167 284
167 285
167 288
167 293
167 294
167 295
167 298
168 174
168 183
168 185
168 199
168 202
168 208
168 211
168 213
168 217
168 223
168 228
168 246
168 248
168 252
168 255
168 256
168 258
168 262
168 264
168 265
168 270
168 279
168 287
168 288
168 290
168 297
169 174
169 182
169 189
169 191
169 192
169 194
169 196
169 198
169 200
169 208
169 209
169 210
169 215
169 216
169 223
169 227
169 231
169 233
169 236
169 237
169 240
169 247
169 250
169 252
169 259
169 269
169 270
169 272
169 278
169 284
169 287
169 288
169 295
170 183
170 184
170 186
170 187
170 189
170 193
170 199
170 203
170 208
170 215
170 220
170 221
170 225
170 231
170 240
170 243
170 246
170 248
170 260
170 284
170 294
171 193
171 196
171 200
171 207
171 213
171 217
171 219
171 220
171 221
171 222
171 232
171 239
171 246
171 250
171 252
171 256
171 259
171 260
171 261
171 264
171 265
171 267
171 268
171 269
171 274
171 277
171 289
172 178
172 188
172 189
172 190
172 194
172 197
172 200
172 207
172 209
172 219
172 222
172 225
172 235
172 238
172 241
172 249
172 257
172 269
172 279
172 283
172 284
172 291
173 179
173 180
173 183
173 188
173 206
173 213
173 231
173 232
173 246
173 252
173 254
173 257
173 266
173 267
173 278
173 283
173 284
173 285
173 286
173 287
173 296
174 175
174 178
174 195
174 197
174 216
174 217
174 220
174 222
174 223
174 224
174 229
174 233
174 235
174 236
174 243
174 260
174 264
174 278
174 284
174 286
174 290
174 293
174 296
174 297
174 298
175 178
175 184
175 187
175 189
175 190
175 195
175 200
175 201
175 203
175 204
175 210
175 215
175 218
175 228
175 232
175 235
175 239
175 240
175 247
175 251
175 252
175 253
175 259
175 263
175 267
175 273
175 277
175 283
175 286
175 288
175 289
175 290
175 294
175 298
176 179
176 181
176 182
176 198
176 200
176 202
176 206
176 209
176 215
176 216
176 218
176 221
176 223
176 228
176 231
176 237
176 240
176 244
176 249
176 252
176 253
176 262
176 265
176 268
176 269
176 273
176 275
176 279
176 290
176 296
177 182
177 184
177 186
177 193
177 195
177 208
177 214
177 217
177 228
177 238
177 245
177 248
177 255
177 256
177 260
177 261
177 268
177 269
177 270
177 274
177 276
177 280
177 286
177 290
177 291
177 294
177 298
177 299
178 199
178 200
178 209
178 211
178 213
178 218
178 230
178 231
178 232
178 234
178 244
178 246
178 249
178 254
178 258
178 267
178 269
178 274
178 278
178 284
178 289
179 184
179 188
179 191
179 197
179 199
179 203
179 212
179 224
179 233
179 240
179 249
179 253
179 255
179 256
179 273
179 280
179 282
179 287
179 294
179 297
179 299
180 185
180 186
180 188
180 189
180 197
180 198
180 201
180 219
180 222
180 223
180 233
180 236
180 241
180 246
180 248
180 249
180 251
180 252
180 263
180 275
180 279
180 280
180 282
180 283
180 287
180 289
180 292
180 298
181 188
181 193
181 197
181 200
181 204
181 205
181 211
181 214
181 215
181 216
181 217
181 226
181 227
181 229
181 230
181 231
181 233
181 237
181 240
181 244
181 246
181 247
181 260
181 263
181 267
181 271
181 272
181 277
181 281
181 284
181 287
181 290
181 295
182 183
182 189
182 201
182 202
182 211
182 218
182 225
182 235
182 245
182 247
182 249
182 250
182 265
182 277
182 279
182 294
182 297
182 298
183 184
183 186
183 188
183 191
183 194
183 197
183 198
183 199
183 202
183 203
183 208
183 212
183 213
183 214
183 216
183 220
183 228
183 239
183 241
183 244
183 247
183 251
183 260
183 270
183 272
183 277
183 280
183 283
183 284
183 292
184 186
184 189
184 192
184 209
184 211
184 216
184 217
184 225
184 227
184 232
184 233
184 238
184 249
184 253
184 262
184 274
184 279
184 281
184 283
184 288
184 290
184 293
185 187
185 207
185 209
185 220
185 231
185 235
185 247
185 259
185 264
185 276
185 281
185 283
185 286
185 292
185 296
186 189
186 191
186 194
186 201
186 204
186 207
186 211
186 215
186 217
186 219
186 227
186 228
186 230
186 232
186 236
186 240
186 247
186 252
186 257
186 262
186 263
186 268
186 271
186 276
186 282
186 286
186 287
186 289
186 296
186 299
187 191
187 195
187 205
187 214
187 216
187 220
187 223
187 226
187 231
187 232
187 237
187 240
187 248
187 249
187 250
187 258
187 259
187 264
187 265
187 270
187 271
187 275
187 277
187 283
187 289
187 296
188 199
188 209
188 214
188 215
188 224
188 231
188 246
188 252
188 255
188 257
188 263
188 270
188 272
188 273
188 277
188 278
188 280
188 281
188 282
188 287
188 295
188 296
188 298
189 191
189 194
189 198
189 200
189 221
189 225
189 226
189 229
189 230
189 231
189 233
189 241
189 243
189 246
189 249
189 250
189 255
189 258
189 263
189 265
189 266
189 269
189 270
189 271
189 280
189 283
190 196
190 198
190 204
190 205
190 206
190 213
190 214
190 221
190 226
190 229
190 236
190 237
190 240
190 251
190 254
190 260
190 264
190 268
190 285
190 286
190 298
190 299
191 193
191 199
191 207
191 221
191 222
191 227
191 246
191 247
191 250
191 270
191 285
191 289
191 292
191 297
192 195
192 199
192 201
192 212
192 218
192 224
192 225
192 238
192 242
192 243
192 248
192 255
192 262
192 263
192 266
192 282
192 284
192 288
192 289
192 291
192 292
192 293
192 296
193 194
193 195
193 209
193 215
193 222
193 236
193 243
193 249
193 250
193 252
193 253
193 271
193 275
193 282
193 289
193 290
193 293
193 295
193 297
194 195
194 198
194 200
194 213
194 220
194 222
194 223
194 227
194 229
194 230
194 244
194 252
194 255
194 256
194 260
194 264
194 269
194 275
194 282
194 283
194 287
194 296
195 202
195 206
195 208
195 210
195 214
195 217
195 224
195 227
195 235
195 237
195 239
195 246
195 247
195 250
195 253
195 258
195 259
195 260
195 264
195 269
195 270
195 285
195 286
195 292
195 293
195 296
195 298
196 197
196 200
196 201
196 237
196 238
196 240
196 244
196 245
196 251
196 252
196 253
196 255
196 259
196 260
196 265
196 266
196 268
196 270
196 277
196 280
196 282
196 283
196 287
197 198
197 207
197 208
197 211
197 212
197 215
197 217
197 219
197 222
197 223
197 232
197 235
197 243
197 247
197 248
197 284
197 298
198 201
198 213
198 220
198 228
198 231
198 233
198 234
198 236
198 237
198 242
198 245
198 250
198 251
198 270
198 276
199 206
199 216
199 230
199 234
199 245
199 246
199 251
199 252
199 258
199 261
199 265
199 270
199 280
199 283
199 289
199 292
199 296
199 297
200 201
200 217
200 218
200 227
200 234
200 247
200 254
200 262
200 263
200 269
200 281
200 283
200 285
200 289
200 292
200 294
200 297
201 203
201 208
201 211
201 213
201 217
201 218
201 219
201 221
201 223
201 231
201 238
201 244
201 245
201 247
201 256
201 266
201 268
201 287
201 296
201 299
202 205
202 211
202 215
202 222
202 225
202 226
202 230
202 233
202 234
202 235
202 236
202 240
202 243
202 245
202 262
202 264
202 265
202 267
202 278
202 285
202 293
202 298
203 212
203 214
203 217
203 221
203 223
203 236
203 237
203 241
203 247
203 252
203 254
203 263
203 264
203 266
203 267
203 269
203 273
203 283
203 288
204 206
204 210
204 216
204 222
204 234
204 237
204 240
204 241
204 247
204 252
204 256
204 259
204 268
204 272
204 275
204 278
204 279
204 288
204 289
204 293
204 295
204 297
204 298
205 218
205 225
205 227
205 228
205 231
205 239
205 244
205 261
205 263
205 269
205 275
205 282
205 284
205 295
206 212
206 215
206 216
206 221
206 222
206 228
206 239
206 249
206 274
206 283
206 284
206 294
206 299
207 211
207 212
207 221
207 223
207 239
207 245
207 260
207 261
207 267
207 271
207 272
207 273
207 276
207 277
207 279
207 281
207 291
207 297
207 299
208 213
208 215
208 217
208 219
208 236
208 237
208 240
208 242
208 252
208 275
208 277
208 288
208 289
208 290
208 294
208 295
208 299
209 214
209 217
209 249
209 256
209 258
209 267
209 273
209 275
209 280
209 282
209 285
209 287
209 289
209 292
210 211
210 216
210 222
210 223
210 245
210 246
210 247
210 252
210 256
210 258
210 260
210 263
210 282
210 286
210 291
211 212
211 214
211 215
211 218
211 220
211 224
211 226
211 232
211 236
211 237
211 241
211 244
211 248
211 251
211 264
211 267
211 270
211 271
211 272
211 274
211 279
211 280
211 287
211 289
211 298
211 299
212 226
212 229
212 232
212 233
212 238
212 260
212 269
212 271
212 272
212 275
212 276
212 283
212 284
212 296
213 214
213 221
213 224
213 227
213 238
213 239
213 241
213 244
213 246
213 250
213 252
213 258
213 263
213 273
213 276
213 279
213 282
213 284
213 287
213 299
214 218
214 221
214 223
214 227
214 229
214 230
214 237
214 247
214 248
214 254
214 260
214 263
214 264
214 265
214 267
214 270
214 272
214 285
214 287
214 294
214 296
215 223
215 225
215 234
215 240
215 254
215 255
215 273
215 277
215 280
215 282
215 286
215 292
216 221
216 224
216 225
216 228
216 239
216 243
216 245
216 248
216 268
216 275
216 277
216 280
216 296
217 226
217 227
217 230
217 238
217 242
217 246
217 267
217 268
217 275
217 281
217 286
217 287
217 290
217 296
218 221
218 230
218 232
218 234
218 236
218 241
218 242
218 243
218 246
218 260
218 262
218 266
218 281
218 284
218 288
218 292
218 293
218 295
219 227
219 235
219 237
219 241
219 251
219 253
219 255
219 269
219 273
219 279
219 281
220 231
220 241
220 245
220 251
220 254
220 259
220 275
220 288
220 294
220 299
221 228
221 236
221 245
221 251
221 254
221 255
221 258
221 274
221 281
221 286
221 290
222 226
222 236
222 238
222 243
222 248
222 253
222 259
222 271
222 292
222 296
222 298
223 229
223 230
223 234
223 235
223 236
223 238
223 239
223 242
223 247
223 249
223 257
223 262
223 265
223 273
223 276
223 278
223 285
223 290
223 293
223 298
224 227
224 229
224 231
224 235
224 240
224 242
224 244
224 249
224 250
224 256
224 259
224 265
224 266
224 286
224 287
224 289
224 294
224 297
225 226
225 229
225 230
225 247
225 248
225 252
225 258
225 280
225 283
225 287
226 229
226 233
226 244
226 262
226 270
226 274
226 275
226 284
226 292
226 293
226 295
226 296
227 228
227 237
227 240
227 244
227 247
227 258
227 263
227 264
227 266
227 269
227 286
227 295
227 297
228 229
228 230
228 241
228 248
228 249
228 250
228 252
228 257
228 280
228 284
228 291
228 294
228 295
228 297
228 299
229 239
229 245
229 249
229 255
229 256
229 257
229 258
229 262
229 263
229 271
229 278
229 284
229 288
229 297
230 232
230 235
230 236
230 238
230 242
230 243
230 247
230 250
230 251
230 257
230 263
230 269
230 278
230 288
230 290
230 292
230 298
231 232
231 239
231 240
231 244
231 246
231 250
231 257
231 281
232 234
232 235
232 239
232 241
232 249
232 250
232 258
232 261
232 270
232 287
232 292
233 237
233 239
233 241
233 242
233 247
233 256
233 257
233 260
233 261
233 262
233 265
233 267
233 269
233 270
233 272
233 274
233 275
233 284
233 287
233 290
233 295
233 298
234 241
234 255
234 264
234 274
234 275
234 284
234 286
234 294
234 295
234 296
235 236
235 237
235 239
235 244
235 251
235 254
235 255
235 270
235 278
235 285
235 291
235 294
236 239
236 242
236 245
236 252
236 254
236 255
236 260
236 263
236 270
236 271
236 275
236 277
236 282
236 288
236 294
236 295
237 238
237 248
237 251
237 257
237 260
237 262
237 263
237 266
237 269
237 272
237 273
237 274
237 283
237 296
238 241
238 247
238 248
238 264
238 267
238 271
238 280
238 284
238 288
239 240
239 242
239 243
239 252
239 256
239 260
239 268
239 287
239 289
239 292
239 293
240 241
240 258
240 266
240 267
240 269
240 280
240 286
240 293
240 295
240 296
241 243
241 245
241 255
241 259
241 263
241 273
241 275
241 282
241 286
241 290
241 294
241 296
242 245
242 253
242 260
242 262
242 266
242 269
242 276
242 279
242 280
242 288
243 244
243 249
243 252
243 256
243 260
243 266
243 269
243 270
243 271
243 276
243 277
243 279
243 281
243 285
243 289
243 297
243 298
244 245
244 248
244 254
244 262
244 268
244 280
244 284
244 286
244 289
244 292
244 294
244 297
245 248
245 252
245 255
245 263
245 271
245 291
245 293
245 294
245 295
246 260
246 263
246 266
246 276
246 282
246 285
246 298
247 248
247 253
247 267
247 271
247 272
247 288
247 292
247 295
247 298
247 299
248 249
248 253
248 255
248 259
248 264
248 267
248 269
248 287
249 260
249 261
249 266
249 280
249 284
249 286
249 290
249 293
250 253
250 265
250 267
250 268
250 272
250 282
250 294
250 295
250 297
250 299
251 253
251 262
251 267
251 269
251 270
251 275
251 285
251 286
251 295
251 297
252 259
252 271
252 281
252 283
252 284
252 290
253 259
253 264
253 268
253 270
253 276
253 279
253 280
253 291
253 293
254 260
254 265
254 272
254 274
254 276
254 286
254 299
255 260
255 266
255 273
255 279
255 287
255 288
255 297
255 298
256 258
256 260
256 261
256 269
256 281
256 284
256 285
256 286
256 288
256 295
257 265
257 282
257 286
257 288
257 290
257 293
257 294
258 259
258 263
258 269
258 274
258 275
258 276
258 277
258 281
258 284
258 288
258 289
258 294
258 298
259 271
259 278
259 282
259 284
259 290
259 295
259 297
260 261
260 266
260 270
260 273
260 274
260 277
260 279
260 281
260 289
260 290
260 297
261 266
261 283
262 263
262 271
262 274
262 278
262 279
262 286
262 287
262 297
262 299
263 264
263 267
263 271
263 273
263 279
263 283
263 284
263 291
263 296
263 297
264 265
264 282
264 285
264 289
264 297
265 267
265 272
265 275
265 276
265 279
265 286
265 287
265 292
265 296
265 298
266 269
266 273
266 275
266 276
266 278
266 281
266 284
266 288
267 286
267 293
267 296
267 298
268 272
268 273
268 280
269 274
269 275
269 278
269 282
269 283
269 284
269 288
269 289
269 293
269 296
269 297
269 299
270 271
270 273
270 277
270 288
270 290
270 291
270 296
271 272
271 285
271 291
271 292
271 293
272 273
272 274
272 278
272 279
272 282
272 286
272 290
272 298
272 299
273 276
273 285
273 286
273 287
273 291
273 295
273 296
274 275
274 279
274 282
274 287
274 291
275 277
275 281
275 285
275 287
275 288
275 289
275 292
275 293
276 277
276 280
276 282
276 289
277 286
277 296
278 279
278 286
278 293
279 285
279 286
279 296
279 297
280 284
280 288
280 293
280 295
280 296
280 299
281 287
281 288
281 294
281 295
281 298
282 283
282 284
282 287
282 293
282 297
283 291
283 295
284 287
284 292
284 299
285 287
285 288
285 290
285 291
285 294
285 297
286 287
286 295
287 291
288 289
288 291
289 293
289 296
289 297
290 299
291 297
291 298
293 296
293 298
296 299
297 298
