50 611
0 1
0 2
0 4
0 5
0 12
0 13
0 15
0 16
0 17
0 18
0 22
0 23
0 24
0 27
0 28
0 29
0 31
0 33
0 36
0 39
0 41
0 42
0 43
0 44
0 45
0 47
0 48
0 49
1 3
1 4
1 9
1 11
1 12
1 13
1 14
1 15
1 19
1 23
1 26
1 30
1 31
1 35
1 39
1 41
1 43
1 45
1 48
1 49
2 4
2 5
2 6
2 7
2 8
2 9
2 13
2 14
2 16
2 19
2 20
2 22
2 23
2 27
2 28
2 30
2 32
2 33
2 37
2 38
2 39
2 43
2 46
2 47
2 48
3 4
3 5
3 15
3 19
3 24
3 27
3 30
3 32
3 35
3 36
3 39
3 40
3 44
3 47
4 9
4 10
4 11
4 12
4 14
4 18
4 21
4 23
4 25
4 27
4 29
4 31
4 33
4 34
4 35
4 36
4 40
4 42
4 44
4 48
5 6
5 8
5 11
5 12
5 13
5 14
5 22
5 23
5 26
5 31
5 32
5 33
5 34
5 39
5 40
5 41
5 44
5 45
5 47
5 49
6 7
6 11
6 13
6 15
6 16
6 22
6 25
6 30
6 33
6 34
6 35
6 38
6 39
6 40
6 42
6 43
6 45
6 47
6 48
7 9
7 12
7 13
7 15
7 17
7 20
7 21
7 25
7 28
7 33
7 34
7 36
7 39
7 42
7 44
7 45
8 10
8 12
8 13
8 15
8 19
8 20
8 21
8 23
8 25
8 26
8 28
8 30
8 31
8 32
8 34
8 36
8 37
8 41
8 42
8 44
8 45
8 48
9 12
9 13
9 14
9 19
9 21
9 22
9 23
9 25
9 28
9 29
9 30
9 31
9 38
9 39
9 41
9 45
9 46
9 47
9 48
10 12
10 14
10 16
10 17
10 18
10 21
10 24
10 26
10 29
10 30
10 32
10 33
10 34
10 36
10 37
10 40
10 41
10 46
10 47
10 48
10 49
11 13
11 15
11 17
11 19
11 20
11 22
11 25
11 29
11 30
11 31
11 32
11 34
11 36
11 39
11 40
11 42
11 43
11 44
11 45
11 46
11 47
11 48
11 49
12 16
12 17
12 18
12 20
12 21
12 24
12 26
12 27
12 28
12 29
12 30
12 31
12 32
12 33
12 35
12 37
12 39
12 42
12 44
12 46
13 14
13 15
13 18
13 19
13 20
13 21
13 24
13 25
13 26
13 28
13 32
13 35
13 40
13 42
13 44
13 45
13 49
14 15
14 17
14 20
14 21
14 25
14 28
14 30
14 32
14 33
14 34
14 35
14 40
14 43
14 47
14 48
15 16
15 21
15 23
15 27
15 29
15 31
15 32
15 33
15 34
15 35
15 36
15 39
15 40
15 42
15 46
16 18
16 19
16 20
16 23
16 26
16 28
16 29
16 30
16 32
16 36
16 37
16 40
16 41
16 43
16 44
16 45
16 46
16 47
16 48
16 49
17 20
17 22
17 23
17 24
17 25
17 27
17 28
17 30
17 31
17 32
17 33
17 34
17 35
17 37
17 45
17 47
17 48
18 19
18 23
18 24
18 25
18 27
18 28
18 29
18 32
18 38
18 39
18 40
18 42
18 44
18 45
18 47
18 49
19 21
19 22
19 23
19 25
19 29
19 30
19 32
19 34
19 37
19 40
19 44
19 47
19 49
20 23
20 24
20 26
20 28
20 29
20 30
20 32
20 34
20 35
20 36
20 37
20 38
20 40
20 43
20 44
20 45
20 46
20 48
21 24
21 26
21 29
21 30
21 31
21 32
21 33
21 35
21 36
21 37
21 38
21 40
21 42
21 44
21 46
21 48
22 24
22 25
22 31
22 33
22 35
22 36
22 37
22 38
22 40
22 41
22 43
22 44
22 47
22 48
23 26
23 27
23 28
23 29
23 32
23 33
23 35
23 40
23 41
23 42
23 43
23 44
23 45
24 25
24 26
24 30
24 31
24 32
24 33
24 46
24 47
24 48
25 26
25 30
25 31
25 33
25 36
25 37
25 39
25 40
25 44
25 45
26 28
26 29
26 30
26 31
26 32
26 33
26 34
26 35
26 36
26 37
26 39
26 40
26 41
26 42
26 44
26 45
26 46
26 48
26 49
27 28
27 33
27 34
27 35
27 38
27 39
27 41
27 43
27 44
27 45
27 48
28 30
28 31
28 34
28 35
28 36
28 38
28 39
28 41
28 44
28 47
28 48
29 30
29 31
29 32
29 34
29 35
29 36
29 37
29 45
29 46
29 47
29 49
30 31
30 33
30 36
30 38
30 39
30 45
30 46
31 32
31 34
31 40
31 43
31 46
31 47
31 48
32 34
32 35
32 40
32 42
32 44
32 45
32 46
32 48
33 41
33 45
33 46
33 47
33 48
33 49
34 35
34 37
34 38
34 39
34 40
34 41
34 42
34 43
34 44
34 45
34 46
34 48
35 36
35 40
35 41
35 42
35 43
35 47
35 48
36 37
36 39
36 40
36 42
36 43
36 44
36 46
36 47
36 48
36 49
37 39
37 40
37 42
37 43
37 46
37 47
37 48
37 49
38 40
38 44
38 45
38 46
38 48
38 49
39 44
39 45
39 47
39 48
39 49
40 41
40 42
40 43
40 44
40 45
40 46
40 47
40 49
41 45
41 47
41 48
41 49
42 43
42 44
42 46
42 48
43 49
44 45
44 46
45 49
46 49
47 49
48 49
