30 140
0 1
0 16
0 19
0 21
1 4
1 6
1 9
1 12
1 15
1 16
1 18
1 25
1 27
1 29
2 4
2 6
2 9
2 20
2 22
2 24
2 25
2 27
2 28
3 5
3 8
3 14
3 21
3 26
3 27
3 28
4 7
4 10
4 13
4 15
4 27
4 29
5 6
5 7
5 9
5 20
5 21
5 24
5 28
6 7
6 9
6 10
6 11
6 12
6 13
6 14
6 15
6 16
6 18
6 19
6 21
6 23
7 9
7 10
7 12
7 13
7 15
7 20
7 23
7 27
8 9
8 10
8 11
8 12
8 13
8 17
8 19
8 20
8 23
8 24
8 25
8 27
9 10
9 16
9 19
9 20
9 23
9 29
10 11
10 13
10 16
10 18
10 23
10 26
10 27
11 15
11 16
11 20
11 26
11 29
12 20
12 21
12 24
13 14
13 16
13 17
13 19
13 20
13 25
13 27
14 17
14 18
14 25
14 26
14 27
15 16
15 19
15 24
15 26
16 20
16 21
16 23
16 26
17 22
17 25
17 26
17 28
18 19
18 21
18 22
18 29
19 20
19 21
19 24
19 25
19 29
20 23
20 26
21 25
22 23
22 24
22 26
23 25
23 27
24 26
26 28
