30 228
0 2
0 3
0 6
0 8
0 9
0 10
0 11
0 15
0 17
0 20
0 21
0 22
0 23
0 26
0 27
0 28
0 29
1 2
1 3
1 4
1 5
1 7
1 9
1 16
1 17
1 22
1 23
1 24
2 3
2 5
2 11
2 12
2 16
2 17
2 19
2 22
2 23
2 27
2 28
3 4
3 5
3 6
3 8
3 10
3 11
3 13
3 14
3 16
3 17
3 23
3 26
4 5
4 7
4 8
4 9
4 10
4 15
4 19
4 21
4 23
4 25
4 28
5 6
5 8
5 9
5 10
5 11
5 12
5 13
5 16
5 21
5 23
5 25
5 26
5 27
6 7
6 9
6 11
6 12
6 13
6 15
6 17
6 18
6 22
6 25
6 26
6 27
6 28
7 10
7 12
7 14
7 15
7 17
7 19
7 21
7 24
7 25
7 28
8 10
8 12
8 13
8 14
8 15
8 16
8 17
8 19
8 21
8 22
8 23
8 25
8 26
8 27
8 29
9 11
9 12
9 15
9 16
9 17
9 19
9 21
9 22
9 24
9 25
9 29
10 11
10 13
10 14
10 16
10 19
10 20
10 22
10 24
10 25
10 26
10 29
11 12
11 13
11 14
11 16
11 17
11 19
11 21
11 25
11 26
12 13
12 16
12 17
12 18
12 20
12 23
12 25
12 29
13 14
13 16
13 17
13 18
13 19
13 22
13 23
13 27
14 15
14 18
14 19
14 20
14 21
14 22
14 24
14 25
14 26
14 29
15 19
15 20
15 21
15 26
15 27
16 19
16 21
16 26
16 27
16 28
16 29
17 18
17 19
17 22
17 23
17 25
17 26
17 27
17 29
18 20
18 21
18 23
18 28
19 21
19 22
19 23
19 25
19 26
20 21
20 23
20 24
20 25
20 27
20 28
21 22
21 23
21 26
21 29
22 23
22 24
22 25
22 26
22 27
22 29
23 27
23 28
23 29
24 26
24 27
24 28
25 26
25 28
25 29
26 27
26 29
27 28
27 29
28 29
