30 234
0 1
0 2
0 7
0 10
0 11
0 12
0 15
0 17
0 18
0 20
0 22
0 23
0 25
0 26
1 2
1 6
1 7
1 8
1 9
1 11
1 13
1 17
1 18
1 19
1 23
1 27
1 28
2 3
2 4
2 6
2 10
2 12
2 13
2 15
2 18
2 20
2 23
2 24
2 25
2 26
2 28
2 29
3 5
3 7
3 8
3 12
3 14
3 15
3 16
3 17
3 18
3 19
3 21
3 23
3 25
3 26
3 27
3 29
4 5
4 6
4 8
4 10
4 12
4 16
4 17
4 18
4 19
4 22
4 23
4 24
4 27
4 29
5 8
5 9
5 11
5 12
5 13
5 16
5 17
5 21
5 22
5 23
5 24
5 26
5 27
5 28
6 10
6 12
6 13
6 15
6 17
6 18
6 19
6 22
6 23
6 24
6 27
6 29
7 10
7 14
7 15
7 16
7 18
7 21
7 23
7 24
7 25
7 27
8 10
8 18
8 19
8 20
8 23
8 24
8 26
8 27
9 10
9 12
9 14
9 16
9 19
9 20
9 22
9 23
9 26
9 28
10 12
10 15
10 16
10 17
10 18
10 20
10 21
10 23
10 25
10 27
11 12
11 14
11 15
11 17
11 18
11 19
11 20
11 21
11 22
11 24
11 25
11 28
12 14
12 17
12 18
12 23
12 24
12 27
12 28
12 29
13 14
13 16
13 17
13 18
13 21
13 23
13 25
13 26
13 27
13 28
14 15
14 16
14 18
14 20
14 21
14 23
14 25
14 27
14 28
14 29
15 17
15 18
15 19
15 26
15 27
16 17
16 19
16 21
16 24
16 25
16 26
16 27
17 18
17 19
17 21
17 22
17 23
17 25
17 27
17 28
17 29
18 20
18 22
18 23
18 24
18 26
18 27
18 28
19 21
19 23
19 24
19 26
20 22
20 23
20 25
20 29
21 22
21 23
21 24
21 25
21 26
21 27
21 29
22 23
22 27
22 28
22 29
23 24
23 25
23 26
23 28
24 26
24 27
24 29
25 26
25 27
25 28
26 28
