80 1562
0 3
0 4
0 5
0 6
0 8
0 10
0 12
0 13
0 17
0 18
0 20
0 21
0 23
0 24
0 28
0 29
0 30
0 31
0 34
0 35
0 36
0 38
0 40
0 44
0 45
0 50
0 51
0 54
0 56
0 57
0 58
0 62
0 63
0 67
0 68
0 69
0 71
0 72
0 73
0 74
1 2
1 3
1 5
1 7
1 8
1 14
1 19
1 20
1 22
1 26
1 27
1 28
1 32
1 37
1 38
1 42
1 43
1 45
1 47
1 50
1 51
1 52
1 54
1 55
1 56
1 57
1 62
1 64
1 69
1 72
1 74
1 76
1 77
1 78
2 3
2 5
2 6
2 8
2 9
2 10
2 13
2 15
2 16
2 19
2 20
2 23
2 24
2 25
2 28
2 29
2 32
2 33
2 34
2 35
2 36
2 37
2 39
2 44
2 45
2 46
2 50
2 52
2 54
2 56
2 57
2 59
2 60
2 64
2 66
2 67
2 72
2 73
2 74
2 76
2 78
2 79
3 5
3 6
3 7
3 10
3 11
3 13
3 15
3 19
3 23
3 24
3 25
3 26
3 27
3 28
3 29
3 31
3 32
3 33
3 34
3 35
3 40
3 41
3 42
3 45
3 46
3 48
3 49
3 50
3 53
3 55
3 57
3 58
3 59
3 60
3 61
3 62
3 66
3 67
3 69
3 70
3 71
3 72
3 77
3 78
3 79
4 7
4 8
4 9
4 10
4 12
4 17
4 19
4 21
4 22
4 24
4 25
4 26
4 28
4 29
4 30
4 31
4 36
4 38
4 39
4 40
4 41
4 46
4 49
4 51
4 53
4 54
4 55
4 59
4 61
4 62
4 63
4 65
4 66
4 71
4 73
4 75
5 7
5 15
5 19
5 20
5 22
5 23
5 24
5 26
5 28
5 30
5 31
5 32
5 34
5 35
5 37
5 38
5 39
5 40
5 41
5 42
5 43
5 44
5 50
5 51
5 53
5 54
5 55
5 56
5 58
5 62
5 65
5 66
5 67
5 69
5 71
5 73
5 74
5 75
6 7
6 8
6 10
6 12
6 13
6 14
6 15
6 16
6 17
6 19
6 21
6 22
6 25
6 26
6 28
6 29
6 33
6 37
6 39
6 40
6 41
6 43
6 46
6 49
6 52
6 53
6 57
6 58
6 59
6 60
6 61
6 65
6 66
6 68
6 69
6 70
6 72
6 74
6 75
6 77
6 79
7 8
7 9
7 12
7 14
7 15
7 18
7 20
7 21
7 22
7 24
7 26
7 27
7 28
7 30
7 32
7 33
7 34
7 36
7 39
7 43
7 46
7 48
7 49
7 51
7 54
7 55
7 58
7 59
7 61
7 63
7 65
7 66
7 67
7 69
7 70
7 72
7 73
7 75
7 76
7 79
8 10
8 11
8 12
8 15
8 18
8 22
8 25
8 27
8 30
8 32
8 33
8 34
8 40
8 41
8 42
8 44
8 46
8 48
8 49
8 50
8 51
8 52
8 53
8 57
8 58
8 59
8 60
8 62
8 63
8 66
8 68
8 69
8 71
8 73
9 10
9 15
9 16
9 18
9 19
9 22
9 27
9 28
9 29
9 30
9 33
9 35
9 37
9 38
9 39
9 41
9 45
9 48
9 50
9 51
9 52
9 56
9 57
9 61
9 64
9 65
9 67
9 74
9 75
9 77
9 78
10 11
10 12
10 13
10 17
10 19
10 20
10 21
10 22
10 26
10 27
10 30
10 33
10 34
10 35
10 36
10 37
10 38
10 39
10 40
10 42
10 43
10 44
10 46
10 48
10 50
10 53
10 54
10 56
10 58
10 59
10 61
10 62
10 66
10 68
10 69
10 75
10 77
10 78
11 13
11 15
11 19
11 21
11 22
11 26
11 27
11 28
11 29
11 30
11 33
11 34
11 37
11 38
11 43
11 44
11 45
11 49
11 50
11 51
11 54
11 55
11 58
11 59
11 61
11 63
11 69
11 71
11 74
11 76
11 78
12 14
12 16
12 18
12 19
12 20
12 25
12 27
12 28
12 29
12 32
12 33
12 36
12 39
12 40
12 41
12 45
12 48
12 49
12 50
12 51
12 52
12 55
12 56
12 57
12 58
12 60
12 63
12 66
12 70
12 71
12 72
12 75
12 76
12 78
13 14
13 18
13 19
13 21
13 22
13 23
13 25
13 29
13 33
13 34
13 35
13 36
13 39
13 40
13 42
13 46
13 47
13 50
13 51
13 53
13 54
13 55
13 56
13 59
13 60
13 61
13 68
13 69
13 71
13 72
13 73
13 75
13 76
13 79
14 18
14 19
14 20
14 21
14 23
14 25
14 27
14 28
14 30
14 33
14 39
14 40
14 42
14 44
14 49
14 55
14 56
14 66
14 68
14 70
14 74
14 77
14 78
15 16
15 17
15 21
15 22
15 23
15 25
15 27
15 28
15 33
15 35
15 38
15 41
15 42
15 43
15 44
15 45
15 46
15 47
15 50
15 51
15 54
15 55
15 57
15 58
15 59
15 61
15 63
15 65
15 68
15 69
15 74
15 75
16 17
16 21
16 22
16 28
16 30
16 34
16 37
16 40
16 41
16 42
16 43
16 44
16 45
16 46
16 48
16 49
16 51
16 53
16 54
16 56
16 57
16 58
16 59
16 61
16 65
16 67
16 68
16 70
16 71
16 72
16 73
16 76
17 19
17 21
17 22
17 25
17 26
17 28
17 36
17 37
17 41
17 43
17 44
17 46
17 48
17 52
17 53
17 54
17 55
17 59
17 63
17 64
17 68
17 70
17 73
17 75
17 78
17 79
18 20
18 22
18 25
18 27
18 28
18 29
18 30
18 31
18 32
18 33
18 34
18 37
18 38
18 40
18 41
18 45
18 46
18 47
18 48
18 52
18 53
18 54
18 59
18 60
18 64
18 67
18 70
18 71
18 72
18 73
18 75
18 78
18 79
19 21
19 23
19 24
19 26
19 27
19 28
19 31
19 32
19 34
19 38
19 39
19 42
19 43
19 45
19 46
19 49
19 53
19 58
19 59
19 60
19 63
19 64
19 65
19 67
19 68
19 69
19 71
19 72
19 76
19 77
20 22
20 23
20 26
20 27
20 29
20 34
20 36
20 38
20 43
20 44
20 45
20 48
20 50
20 52
20 55
20 56
20 58
20 59
20 60
20 61
20 66
20 70
20 73
20 76
20 78
21 22
21 23
21 27
21 28
21 29
21 31
21 32
21 33
21 34
21 36
21 37
21 39
21 45
21 46
21 47
21 48
21 50
21 51
21 52
21 54
21 57
21 58
21 61
21 63
21 67
21 69
21 72
21 73
21 74
21 76
21 77
21 78
22 23
22 25
22 26
22 27
22 31
22 34
22 35
22 36
22 40
22 41
22 45
22 46
22 47
22 48
22 49
22 50
22 51
22 53
22 55
22 57
22 62
22 63
22 66
22 67
22 69
22 70
22 73
22 74
22 76
22 78
22 79
23 30
23 32
23 34
23 36
23 43
23 44
23 45
23 49
23 50
23 51
23 52
23 56
23 57
23 60
23 61
23 63
23 66
23 68
23 71
23 72
23 78
24 25
24 27
24 29
24 34
24 37
24 38
24 42
24 44
24 46
24 47
24 49
24 52
24 53
24 54
24 57
24 58
24 59
24 62
24 64
24 65
24 72
24 73
24 77
24 78
25 26
25 27
25 29
25 31
25 32
25 33
25 34
25 37
25 38
25 39
25 43
25 45
25 47
25 48
25 49
25 50
25 51
25 54
25 55
25 56
25 58
25 59
25 61
25 64
25 65
25 68
25 71
25 72
25 77
25 78
26 27
26 28
26 29
26 33
26 38
26 40
26 41
26 42
26 44
26 46
26 47
26 49
26 52
26 54
26 58
26 60
26 61
26 62
26 64
26 65
26 66
26 71
26 75
26 76
26 77
26 78
26 79
27 28
27 30
27 31
27 33
27 34
27 35
27 37
27 38
27 40
27 41
27 42
27 44
27 46
27 50
27 52
27 56
27 60
27 62
27 67
27 68
27 70
27 72
27 73
27 76
27 77
27 79
28 29
28 31
28 32
28 33
28 34
28 35
28 37
28 38
28 42
28 47
28 49
28 52
28 55
28 57
28 58
28 61
28 63
28 64
28 66
28 67
28 76
29 33
29 35
29 36
29 38
29 39
29 41
29 44
29 45
29 46
29 47
29 50
29 54
29 55
29 56
29 58
29 63
29 64
29 68
29 70
29 74
29 76
29 77
29 78
29 79
30 35
30 37
30 41
30 42
30 44
30 46
30 49
30 50
30 52
30 53
30 56
30 57
30 58
30 62
30 63
30 68
30 70
30 72
30 73
30 74
30 76
30 77
30 78
30 79
31 32
31 36
31 40
31 41
31 43
31 48
31 50
31 51
31 52
31 53
31 54
31 55
31 56
31 57
31 60
31 62
31 63
31 65
31 68
31 70
31 72
31 73
31 77
31 78
32 33
32 35
32 36
32 40
32 41
32 44
32 45
32 46
32 48
32 57
32 58
32 61
32 65
32 67
32 73
32 76
32 77
32 78
33 36
33 37
33 39
33 40
33 41
33 42
33 43
33 44
33 45
33 47
33 50
33 52
33 53
33 54
33 55
33 58
33 59
33 64
33 65
33 66
33 67
33 69
33 70
33 71
33 72
33 74
33 79
34 35
34 39
34 44
34 45
34 46
34 47
34 48
34 51
34 52
34 54
34 56
34 58
34 60
34 62
34 64
34 65
34 66
34 67
34 70
34 72
34 74
34 75
34 76
34 78
35 37
35 38
35 39
35 41
35 44
35 45
35 46
35 47
35 48
35 51
35 52
35 56
35 60
35 62
35 65
35 66
35 68
35 69
35 72
35 73
35 74
35 77
36 40
36 43
36 44
36 45
36 50
36 51
36 52
36 53
36 56
36 58
36 61
36 62
36 65
36 66
36 67
36 70
36 71
36 72
36 74
36 76
36 77
36 79
37 40
37 41
37 43
37 45
37 47
37 48
37 51
37 52
37 53
37 54
37 56
37 57
37 58
37 60
37 63
37 64
37 66
37 67
37 68
37 69
37 70
37 71
37 79
38 40
38 45
38 47
38 57
38 58
38 59
38 60
38 61
38 67
38 74
38 77
39 44
39 45
39 46
39 47
39 48
39 50
39 51
39 52
39 53
39 54
39 58
39 60
39 61
39 66
39 71
39 72
39 75
39 77
39 79
40 42
40 43
40 47
40 48
40 54
40 55
40 56
40 59
40 61
40 62
40 64
40 65
40 66
40 67
40 68
40 74
40 75
40 76
40 77
40 78
41 42
41 43
41 46
41 49
41 53
41 54
41 56
41 63
41 64
41 65
41 66
41 71
41 79
42 45
42 46
42 48
42 50
42 51
42 52
42 53
42 55
42 56
42 61
42 63
42 64
42 67
42 68
42 70
42 76
42 77
42 78
42 79
43 48
43 51
43 52
43 53
43 54
43 55
43 60
43 61
43 62
43 63
43 65
43 67
43 68
43 70
43 74
43 75
43 76
43 79
44 49
44 50
44 51
44 52
44 53
44 60
44 63
44 65
44 66
44 68
44 70
44 74
44 76
44 77
44 79
45 46
45 47
45 50
45 51
45 52
45 53
45 54
45 55
45 57
45 58
45 59
45 60
45 62
45 65
45 66
45 67
45 68
45 71
45 72
45 73
45 74
45 75
45 77
45 78
46 49
46 51
46 52
46 56
46 58
46 60
46 62
46 65
46 66
46 67
46 70
46 71
46 72
46 73
46 74
46 77
46 79
47 48
47 50
47 52
47 54
47 55
47 57
47 60
47 62
47 63
47 65
47 66
47 72
47 73
47 75
47 76
47 77
47 79
48 49
48 50
48 51
48 54
48 55
48 56
48 57
48 58
48 60
48 61
48 62
48 64
48 65
48 70
48 71
48 73
48 74
48 75
48 79
49 50
49 55
49 56
49 66
49 68
49 69
49 70
49 72
49 73
49 76
49 77
49 79
50 51
50 53
50 55
50 57
50 58
50 60
50 61
50 62
50 63
50 66
50 67
50 68
50 71
50 73
50 74
50 76
50 78
50 79
51 52
51 55
51 57
51 58
51 60
51 63
51 64
51 65
51 66
51 69
51 71
51 72
51 73
51 78
51 79
52 55
52 56
52 59
52 60
52 62
52 63
52 64
52 65
52 66
52 67
52 71
52 72
52 74
52 76
52 78
53 54
53 55
53 56
53 57
53 61
53 63
53 64
53 71
53 72
53 74
53 77
53 78
54 56
54 58
54 61
54 62
54 66
54 67
54 68
54 69
54 70
54 75
54 76
54 77
54 78
55 56
55 57
55 59
55 61
55 63
55 64
55 66
55 67
55 69
55 70
55 72
55 76
55 77
56 57
56 58
56 60
56 64
56 66
56 68
56 69
56 72
56 75
56 76
56 78
57 59
57 62
57 65
57 68
57 69
57 71
57 73
57 76
58 59
58 60
58 62
58 66
58 68
58 72
58 73
58 75
58 76
58 77
58 79
59 62
59 64
59 65
59 66
59 67
59 69
59 70
59 74
59 76
59 77
59 78
60 63
60 65
60 67
60 68
60 69
60 70
60 72
60 73
60 76
60 77
60 78
61 63
61 64
61 67
61 69
61 72
61 73
61 74
62 63
62 64
62 65
62 66
62 70
62 71
62 72
62 77
62 79
63 67
63 68
63 69
63 70
63 71
63 72
63 75
63 77
63 78
63 79
64 66
64 67
64 69
64 70
64 73
65 66
65 67
65 69
65 73
65 75
65 77
65 78
66 69
66 71
66 75
66 78
66 79
67 68
67 69
67 70
67 71
67 74
67 75
67 76
67 78
68 69
68 73
68 74
68 75
68 77
68 78
68 79
69 73
69 74
69 75
69 77
69 78
70 71
70 74
70 76
70 77
71 74
71 75
71 76
71 77
71 78
72 75
72 76
72 77
72 79
73 79
74 77
75 76
75 78
76 78
