50 607
0 1
0 3
0 4
0 7
0 9
0 10
0 11
0 12
0 16
0 20
0 21
0 22
0 23
0 24
0 26
0 29
0 30
0 31
0 34
0 36
0 37
0 40
0 41
0 44
0 45
0 46
1 2
1 5
1 6
1 7
1 9
1 10
1 11
1 12
1 13
1 16
1 17
1 18
1 19
1 21
1 22
1 30
1 34
1 36
1 41
1 43
1 44
1 46
1 47
1 49
2 4
2 6
2 12
2 13
2 14
2 15
2 20
2 21
2 24
2 25
2 26
2 29
2 30
2 31
2 33
2 34
2 35
2 38
2 40
2 42
2 43
2 44
2 47
2 48
2 49
3 4
3 6
3 8
3 9
3 12
3 20
3 21
3 23
3 24
3 28
3 29
3 30
3 32
3 35
3 38
3 39
3 41
3 42
3 47
4 5
4 6
4 7
4 9
4 15
4 16
4 18
4 19
4 22
4 26
4 27
4 29
4 30
4 38
4 40
4 41
4 43
4 44
4 46
4 49
5 6
5 7
5 9
5 10
5 12
5 14
5 15
5 20
5 21
5 26
5 27
5 28
5 30
5 31
5 38
5 40
5 43
5 44
5 45
5 46
5 47
5 49
6 7
6 8
6 16
6 17
6 21
6 24
6 26
6 27
6 28
6 33
6 34
6 37
6 39
6 40
6 42
6 43
6 45
6 48
6 49
7 8
7 9
7 11
7 13
7 14
7 19
7 21
7 24
7 26
7 32
7 33
7 34
7 35
7 36
7 39
7 40
7 41
7 42
7 46
7 48
8 10
8 12
8 14
8 15
8 16
8 17
8 19
8 20
8 23
8 24
8 27
8 28
8 30
8 31
8 32
8 33
8 36
8 37
8 42
8 44
8 45
8 46
8 49
9 11
9 13
9 15
9 17
9 22
9 23
9 25
9 28
9 30
9 34
9 36
9 37
9 38
9 39
9 40
9 44
9 45
9 48
10 15
10 16
10 17
10 18
10 19
10 22
10 24
10 25
10 27
10 28
10 29
10 33
10 34
10 36
10 37
10 39
10 40
10 42
10 43
10 44
10 46
10 48
10 49
11 12
11 15
11 16
11 20
11 21
11 22
11 23
11 24
11 25
11 28
11 34
11 35
11 36
11 37
11 39
11 40
11 41
11 42
11 44
11 45
11 46
11 48
11 49
12 13
12 14
12 16
12 17
12 19
12 20
12 22
12 25
12 26
12 27
12 28
12 30
12 36
12 40
12 42
12 43
12 45
13 15
13 17
13 18
13 20
13 21
13 24
13 25
13 26
13 30
13 31
13 32
13 33
13 36
13 38
13 39
13 40
13 42
13 43
13 44
13 45
14 15
14 17
14 18
14 20
14 21
14 23
14 24
14 27
14 28
14 29
14 30
14 34
14 35
14 36
14 39
14 40
14 42
14 43
14 44
14 48
15 16
15 18
15 19
15 20
15 21
15 23
15 25
15 31
15 32
15 34
15 36
15 37
15 38
15 40
15 41
15 42
15 44
15 49
16 18
16 20
16 21
16 22
16 24
16 26
16 29
16 33
16 36
16 39
16 45
16 46
16 48
16 49
17 20
17 27
17 28
17 32
17 35
17 38
17 39
17 41
17 42
17 43
17 44
17 47
17 49
18 20
18 22
18 23
18 24
18 25
18 26
18 30
18 32
18 33
18 34
18 38
18 39
18 40
18 41
18 42
18 43
18 44
18 45
18 48
18 49
19 21
19 23
19 24
19 25
19 31
19 36
19 38
19 41
19 42
19 43
19 44
19 49
20 21
20 22
20 24
20 27
20 35
20 36
20 37
20 40
20 42
20 47
20 49
21 22
21 23
21 24
21 27
21 29
21 30
21 31
21 32
21 34
21 35
21 42
21 44
21 45
21 46
21 47
21 48
22 23
22 25
22 27
22 28
22 29
22 31
22 33
22 34
22 35
22 37
22 38
22 39
22 42
22 45
22 48
22 49
23 25
23 26
23 27
23 28
23 30
23 34
23 35
23 37
23 38
23 39
23 40
23 41
23 44
23 46
23 47
23 49
24 26
24 27
24 32
24 33
24 34
24 37
24 38
24 40
24 41
24 42
24 47
25 28
25 30
25 31
25 32
25 33
25 35
25 36
25 37
25 38
25 40
25 41
25 43
25 44
25 45
26 28
26 32
26 33
26 36
26 40
26 41
26 43
26 45
26 48
26 49
27 28
27 30
27 31
27 32
27 38
27 41
27 45
27 47
28 31
28 32
28 33
28 42
28 43
28 45
28 48
29 30
29 31
29 32
29 35
29 37
29 38
29 42
29 45
29 48
29 49
30 32
30 33
30 35
30 38
30 40
30 41
30 42
30 43
30 45
30 49
31 32
31 33
31 35
31 39
31 45
31 47
32 33
32 35
32 36
32 39
32 40
32 42
32 43
32 45
32 47
33 34
33 35
33 36
33 37
33 38
33 40
33 41
33 42
33 45
33 47
33 48
34 35
34 36
34 38
34 39
34 40
34 42
34 45
34 47
35 43
35 44
35 45
35 46
35 47
36 38
36 39
36 41
36 49
37 38
37 39
37 40
37 41
37 42
37 45
37 47
37 48
37 49
38 39
38 40
38 44
38 45
38 46
39 41
39 42
39 43
39 44
39 47
39 48
40 41
40 44
40 45
40 48
40 49
41 47
41 48
42 45
42 47
42 48
43 45
43 47
43 48
44 46
44 48
44 49
45 46
46 48
48 49
