200 5900
0 6
0 8
0 9
0 13
0 16
0 20
0 24
0 26
0 28
0 29
0 34
0 35
0 37
0 43
0 44
0 48
0 49
0 54
0 55
0 61
0 74
0 75
0 85
0 101
0 103
0 105
0 110
0 113
0 115
0 118
0 124
0 126
0 128
0 129
0 131
0 143
0 145
0 150
0 159
0 162
0 163
0 164
0 166
0 171
0 172
0 173
0 176
0 177
0 180
0 183
0 186
0 189
0 192
0 194
0 197
1 2
1 7
1 11
1 18
1 30
1 33
1 35
1 38
1 39
1 41
1 43
1 44
1 46
1 48
1 50
1 58
1 64
1 66
1 69
1 72
1 75
1 78
1 81
1 88
1 90
1 92
1 100
1 103
1 106
1 113
1 117
1 121
1 126
1 130
1 134
1 137
1 142
1 143
1 146
1 149
1 150
1 153
1 157
1 158
1 173
1 174
1 177
1 178
1 179
1 180
1 185
1 187
1 189
1 191
1 194
1 196
1 198
2 3
2 8
2 12
2 19
2 21
2 25
2 26
2 29
2 30
2 34
2 36
2 41
2 44
2 47
2 51
2 55
2 59
2 60
2 63
2 65
2 66
2 71
2 72
2 74
2 85
2 89
2 95
2 97
2 103
2 107
2 115
2 117
2 121
2 124
2 134
2 137
2 138
2 148
2 152
2 153
2 154
2 156
2 162
2 164
2 171
2 172
2 173
2 177
2 179
2 181
2 189
2 190
2 193
2 197
3 5
3 11
3 12
3 16
3 20
3 23
3 27
3 28
3 36
3 37
3 43
3 53
3 54
3 56
3 61
3 62
3 63
3 65
3 66
3 73
3 74
3 78
3 79
3 81
3 85
3 88
3 90
3 92
3 93
3 94
3 95
3 102
3 109
3 110
3 119
3 123
3 126
3 127
3 128
3 130
3 131
3 133
3 134
3 139
3 140
3 141
3 143
3 145
3 146
3 147
3 155
3 156
3 158
3 159
3 163
3 165
3 167
3 168
3 173
3 186
3 188
3 192
3 194
3 196
3 199
4 7
4 10
4 12
4 15
4 23
4 28
4 30
4 43
4 44
4 46
4 50
4 53
4 55
4 57
4 59
4 65
4 68
4 71
4 76
4 77
4 80
4 81
4 83
4 88
4 90
4 92
4 104
4 105
4 107
4 110
4 111
4 117
4 120
4 124
4 133
4 134
4 135
4 136
4 137
4 140
4 145
4 147
4 151
4 153
4 155
4 162
4 164
4 167
4 168
4 169
4 176
4 177
4 179
4 180
4 182
4 183
4 185
5 10
5 13
5 15
5 23
5 25
5 28
5 29
5 31
5 32
5 33
5 34
5 35
5 38
5 45
5 46
5 49
5 52
5 55
5 57
5 63
5 73
5 74
5 84
5 92
5 95
5 101
5 112
5 116
5 119
5 122
5 123
5 129
5 131
5 136
5 140
5 142
5 149
5 151
5 152
5 153
5 156
5 159
5 160
5 172
5 173
5 174
5 186
5 190
5 191
5 192
5 193
5 194
6 9
6 10
6 11
6 13
6 15
6 18
6 19
6 23
6 33
6 40
6 44
6 48
6 50
6 51
6 55
6 60
6 61
6 63
6 66
6 76
6 77
6 78
6 81
6 85
6 89
6 90
6 92
6 96
6 98
6 99
6 101
6 108
6 110
6 113
6 115
6 117
6 118
6 123
6 125
6 127
6 135
6 141
6 142
6 144
6 146
6 148
6 149
6 150
6 152
6 156
6 162
6 173
6 175
6 176
6 181
6 184
6 186
6 189
6 190
6 199
7 8
7 12
7 14
7 21
7 22
7 23
7 27
7 28
7 34
7 40
7 49
7 51
7 54
7 64
7 66
7 68
7 71
7 75
7 78
7 83
7 88
7 94
7 99
7 103
7 115
7 117
7 123
7 124
7 127
7 129
7 138
7 143
7 152
7 156
7 164
7 167
7 169
7 171
7 174
7 177
7 181
7 182
7 187
7 188
7 191
7 192
7 194
7 195
7 199
8 11
8 15
8 26
8 27
8 36
8 37
8 38
8 40
8 42
8 43
8 48
8 53
8 55
8 57
8 58
8 69
8 72
8 74
8 79
8 90
8 91
8 92
8 113
8 114
8 115
8 126
8 127
8 130
8 133
8 136
8 140
8 145
8 146
8 148
8 150
8 151
8 157
8 159
8 163
8 164
8 165
8 168
8 172
8 173
8 175
8 180
8 188
8 199
9 10
9 13
9 25
9 28
9 31
9 32
9 33
9 38
9 39
9 42
9 51
9 57
9 62
9 65
9 67
9 68
9 88
9 90
9 101
9 108
9 121
9 123
9 124
9 125
9 126
9 128
9 131
9 136
9 138
9 143
9 146
9 149
9 151
9 155
9 157
9 159
9 161
9 163
9 164
9 166
9 167
9 169
9 171
9 172
9 173
9 176
9 178
9 180
9 181
9 183
9 187
9 189
9 193
9 197
10 12
10 17
10 19
10 26
10 29
10 33
10 48
10 49
10 51
10 57
10 58
10 59
10 61
10 66
10 70
10 71
10 72
10 73
10 76
10 78
10 80
10 81
10 83
10 84
10 86
10 92
10 96
10 97
10 98
10 100
10 101
10 102
10 105
10 108
10 113
10 124
10 129
10 130
10 137
10 138
10 139
10 143
10 144
10 145
10 146
10 150
10 153
10 163
10 167
10 168
10 174
10 178
10 179
10 180
10 181
10 182
10 183
10 184
10 186
10 193
10 196
11 15
11 20
11 25
11 26
11 28
11 32
11 38
11 40
11 42
11 43
11 44
11 47
11 51
11 53
11 54
11 57
11 62
11 68
11 69
11 74
11 77
11 81
11 83
11 87
11 89
11 95
11 102
11 110
11 116
11 121
11 122
11 123
11 128
11 138
11 155
11 156
11 157
11 159
11 164
11 165
11 170
11 173
11 176
11 177
11 178
11 179
11 182
11 183
11 186
11 188
11 191
11 193
12 15
12 16
12 18
12 20
12 31
12 32
12 34
12 38
12 40
12 41
12 42
12 46
12 47
12 50
12 53
12 60
12 61
12 69
12 70
12 75
12 83
12 88
12 90
12 93
12 94
12 96
12 98
12 105
12 119
12 121
12 125
12 126
12 129
12 130
12 132
12 133
12 134
12 135
12 136
12 141
12 148
12 151
12 153
12 156
12 168
12 169
12 171
12 174
12 176
12 178
12 181
12 183
12 184
12 186
12 188
12 193
12 194
12 198
13 21
13 22
13 23
13 25
13 27
13 30
13 35
13 37
13 38
13 46
13 52
13 55
13 58
13 60
13 62
13 64
13 67
13 69
13 72
13 76
13 78
13 83
13 86
13 87
13 89
13 106
13 110
13 122
13 126
13 131
13 138
13 145
13 147
13 148
13 150
13 151
13 155
13 156
13 160
13 161
13 163
13 164
13 166
13 167
13 171
13 172
13 174
13 175
13 178
13 180
13 181
13 182
13 184
13 186
13 196
14 16
14 17
14 18
14 19
14 22
14 25
14 26
14 27
14 28
14 29
14 32
14 35
14 38
14 39
14 40
14 41
14 42
14 50
14 51
14 52
14 60
14 70
14 76
14 78
14 80
14 83
14 89
14 93
14 99
14 101
14 102
14 106
14 115
14 116
14 122
14 125
14 128
14 130
14 132
14 134
14 135
14 138
14 139
14 143
14 144
14 146
14 149
14 150
14 154
14 162
14 166
14 169
14 171
14 175
14 176
14 180
14 184
14 186
14 195
14 199
15 16
15 20
15 21
15 22
15 24
15 25
15 26
15 29
15 30
15 31
15 33
15 40
15 48
15 52
15 53
15 57
15 62
15 71
15 73
15 75
15 76
15 83
15 85
15 86
15 90
15 95
15 101
15 102
15 104
15 114
15 116
15 117
15 124
15 125
15 126
15 127
15 128
15 131
15 140
15 142
15 145
15 147
15 155
15 159
15 160
15 161
15 167
15 170
15 172
15 174
15 175
15 177
15 178
15 185
15 188
15 189
15 190
15 198
16 18
16 21
16 22
16 26
16 30
16 38
16 40
16 41
16 42
16 50
16 54
16 57
16 58
16 77
16 82
16 85
16 86
16 89
16 90
16 91
16 93
16 98
16 101
16 102
16 104
16 107
16 108
16 112
16 113
16 114
16 122
16 123
16 124
16 125
16 129
16 137
16 139
16 142
16 145
16 146
16 147
16 148
16 151
16 154
16 160
16 165
16 166
16 170
16 175
16 179
16 180
16 182
16 183
16 184
16 188
16 193
16 194
16 195
16 197
16 198
17 20
17 22
17 23
17 24
17 25
17 26
17 31
17 32
17 49
17 51
17 53
17 54
17 55
17 56
17 59
17 67
17 68
17 69
17 71
17 72
17 74
17 76
17 77
17 78
17 84
17 86
17 89
17 97
17 104
17 116
17 130
17 132
17 135
17 136
17 138
17 148
17 150
17 151
17 161
17 163
17 171
17 175
17 178
17 179
17 186
17 191
17 192
17 195
18 29
18 34
18 40
18 42
18 46
18 52
18 55
18 56
18 61
18 66
18 67
18 71
18 72
18 76
18 79
18 85
18 89
18 92
18 93
18 107
18 110
18 112
18 115
18 120
18 125
18 127
18 131
18 132
18 134
18 139
18 140
18 149
18 150
18 154
18 156
18 161
18 162
18 169
18 187
18 190
18 192
18 196
19 23
19 28
19 34
19 37
19 38
19 41
19 42
19 47
19 48
19 50
19 53
19 56
19 58
19 59
19 65
19 66
19 73
19 75
19 76
19 77
19 79
19 81
19 82
19 84
19 89
19 91
19 93
19 97
19 98
19 105
19 108
19 109
19 110
19 111
19 117
19 118
19 134
19 135
19 138
19 143
19 144
19 151
19 152
19 164
19 166
19 167
19 171
19 172
19 174
19 176
19 180
19 182
19 188
19 191
19 195
19 198
20 24
20 27
20 36
20 41
20 43
20 46
20 49
20 54
20 58
20 65
20 68
20 70
20 71
20 73
20 74
20 78
20 87
20 88
20 89
20 92
20 93
20 103
20 105
20 109
20 110
20 113
20 114
20 118
20 119
20 125
20 126
20 130
20 136
20 137
20 140
20 141
20 143
20 145
20 150
20 151
20 154
20 156
20 157
20 159
20 160
20 164
20 167
20 168
20 169
20 172
20 174
20 181
20 182
20 184
20 187
20 191
20 196
20 197
21 22
21 23
21 27
21 28
21 39
21 41
21 43
21 47
21 50
21 51
21 56
21 57
21 58
21 63
21 65
21 66
21 68
21 72
21 73
21 77
21 82
21 88
21 89
21 90
21 103
21 104
21 105
21 107
21 108
21 116
21 119
21 122
21 125
21 127
21 128
21 130
21 131
21 132
21 136
21 137
21 143
21 146
21 151
21 152
21 153
21 156
21 157
21 158
21 159
21 162
21 163
21 167
21 170
21 179
21 181
21 186
21 188
21 190
21 193
21 194
21 195
22 24
22 27
22 30
22 31
22 34
22 35
22 36
22 42
22 56
22 65
22 66
22 70
22 75
22 82
22 87
22 88
22 93
22 94
22 98
22 100
22 103
22 104
22 106
22 108
22 109
22 114
22 116
22 117
22 119
22 121
22 125
22 126
22 134
22 135
22 136
22 138
22 142
22 143
22 149
22 150
22 159
22 162
22 164
22 168
22 173
22 174
22 176
22 177
22 178
22 179
22 182
22 183
22 186
22 187
22 189
22 198
22 199
23 24
23 30
23 35
23 36
23 38
23 41
23 42
23 43
23 49
23 50
23 55
23 56
23 60
23 67
23 68
23 76
23 83
23 88
23 91
23 98
23 99
23 102
23 105
23 106
23 113
23 114
23 119
23 123
23 127
23 133
23 137
23 139
23 142
23 144
23 151
23 152
23 153
23 155
23 160
23 162
23 165
23 166
23 168
23 169
23 179
23 181
23 183
23 189
23 190
24 30
24 32
24 33
24 34
24 35
24 36
24 40
24 54
24 56
24 58
24 63
24 64
24 65
24 85
24 90
24 92
24 94
24 98
24 106
24 111
24 112
24 113
24 116
24 118
24 119
24 120
24 121
24 123
24 124
24 127
24 136
24 138
24 142
24 143
24 144
24 146
24 151
24 154
24 157
24 167
24 170
24 176
24 180
24 184
24 185
24 189
24 193
24 194
24 196
24 197
24 199
25 32
25 37
25 41
25 44
25 50
25 54
25 55
25 61
25 66
25 68
25 72
25 74
25 84
25 85
25 89
25 90
25 96
25 106
25 110
25 120
25 124
25 126
25 127
25 128
25 129
25 131
25 132
25 134
25 135
25 137
25 138
25 141
25 148
25 151
25 160
25 161
25 165
25 166
25 167
25 171
25 173
25 174
25 177
25 178
25 180
25 181
25 185
25 187
25 194
26 29
26 30
26 33
26 35
26 40
26 44
26 51
26 64
26 65
26 71
26 78
26 81
26 82
26 84
26 93
26 96
26 98
26 106
26 113
26 117
26 119
26 120
26 124
26 130
26 131
26 134
26 137
26 139
26 143
26 144
26 149
26 152
26 155
26 157
26 163
26 164
26 168
26 170
26 174
26 181
26 183
26 184
26 185
26 188
26 190
26 191
26 194
26 199
27 31
27 34
27 37
27 42
27 49
27 56
27 58
27 62
27 63
27 66
27 75
27 76
27 81
27 82
27 83
27 88
27 92
27 96
27 98
27 116
27 119
27 121
27 122
27 124
27 126
27 128
27 131
27 137
27 138
27 139
27 141
27 145
27 146
27 154
27 158
27 159
27 163
27 164
27 165
27 168
27 169
27 172
27 175
27 179
27 180
27 185
27 186
27 188
27 190
27 196
28 29
28 30
28 31
28 33
28 40
28 54
28 57
28 64
28 65
28 68
28 70
28 79
28 80
28 86
28 95
28 100
28 102
28 106
28 114
28 115
28 118
28 119
28 123
28 130
28 134
28 140
28 142
28 145
28 146
28 149
28 150
28 151
28 155
28 170
28 171
28 173
28 182
28 183
28 185
28 190
28 192
28 195
28 196
28 199
29 30
29 33
29 34
29 37
29 41
29 42
29 43
29 49
29 53
29 54
29 56
29 63
29 65
29 72
29 73
29 77
29 86
29 88
29 92
29 93
29 106
29 108
29 113
29 117
29 127
29 130
29 132
29 133
29 134
29 135
29 138
29 141
29 148
29 149
29 150
29 154
29 157
29 161
29 171
29 175
29 178
29 179
29 186
29 192
29 197
29 199
30 34
30 35
30 36
30 37
30 42
30 43
30 45
30 46
30 49
30 53
30 55
30 57
30 65
30 68
30 69
30 74
30 78
30 79
30 81
30 84
30 87
30 94
30 95
30 96
30 98
30 101
30 103
30 106
30 108
30 110
30 111
30 112
30 124
30 126
30 129
30 130
30 131
30 137
30 138
30 139
30 143
30 147
30 149
30 152
30 160
30 161
30 162
30 167
30 168
30 169
30 172
30 175
30 176
30 179
30 180
30 185
30 195
31 36
31 40
31 44
31 47
31 50
31 54
31 55
31 59
31 64
31 66
31 73
31 79
31 83
31 94
31 96
31 106
31 108
31 123
31 125
31 135
31 136
31 140
31 141
31 142
31 145
31 150
31 155
31 163
31 165
31 169
31 175
31 184
31 186
31 192
31 193
31 195
32 33
32 35
32 36
32 46
32 51
32 52
32 55
32 58
32 63
32 66
32 70
32 71
32 78
32 82
32 85
32 86
32 94
32 95
32 99
32 100
32 106
32 108
32 110
32 115
32 118
32 119
32 121
32 126
32 127
32 129
32 132
32 142
32 143
32 144
32 149
32 152
32 158
32 162
32 167
32 168
32 171
32 172
32 177
32 178
32 181
32 185
32 187
32 193
32 194
32 197
33 35
33 38
33 39
33 47
33 48
33 51
33 53
33 55
33 56
33 60
33 61
33 62
33 70
33 72
33 75
33 78
33 80
33 81
33 95
33 96
33 114
33 118
33 125
33 130
33 131
33 136
33 137
33 145
33 146
33 150
33 151
33 153
33 155
33 159
33 160
33 161
33 163
33 167
33 169
33 170
33 171
33 172
33 173
33 174
33 176
33 180
33 185
33 191
33 192
33 194
33 195
33 198
34 40
34 42
34 43
34 50
34 69
34 71
34 72
34 74
34 76
34 80
34 82
34 87
34 88
34 90
34 91
34 92
34 94
34 96
34 102
34 103
34 112
34 114
34 115
34 120
34 126
34 129
34 132
34 134
34 147
34 152
34 155
34 160
34 161
34 165
34 166
34 170
34 175
34 179
34 182
34 183
34 187
34 196
35 42
35 44
35 45
35 47
35 48
35 51
35 56
35 61
35 65
35 66
35 71
35 74
35 83
35 86
35 90
35 92
35 94
35 95
35 98
35 101
35 108
35 112
35 114
35 116
35 117
35 124
35 125
35 127
35 138
35 139
35 144
35 146
35 147
35 154
35 157
35 158
35 162
35 169
35 174
35 177
35 180
35 183
35 184
35 185
35 195
36 37
36 38
36 40
36 41
36 42
36 44
36 46
36 49
36 54
36 71
36 76
36 80
36 82
36 83
36 88
36 90
36 92
36 95
36 96
36 98
36 99
36 100
36 101
36 103
36 105
36 106
36 109
36 111
36 118
36 119
36 120
36 123
36 124
36 130
36 132
36 134
36 137
36 147
36 148
36 149
36 151
36 154
36 159
36 160
36 164
36 165
36 167
36 172
36 178
36 180
36 181
36 183
36 184
36 187
36 190
36 195
36 196
36 197
37 41
37 43
37 46
37 50
37 52
37 55
37 58
37 60
37 66
37 71
37 76
37 77
37 86
37 88
37 94
37 99
37 104
37 106
37 108
37 109
37 112
37 114
37 115
37 123
37 126
37 127
37 128
37 129
37 137
37 141
37 145
37 148
37 149
37 154
37 155
37 156
37 157
37 160
37 164
37 169
37 173
37 180
37 181
37 182
37 183
37 185
37 192
37 194
37 196
37 199
38 40
38 41
38 46
38 47
38 48
38 52
38 53
38 55
38 58
38 60
38 68
38 76
38 87
38 91
38 97
38 110
38 112
38 115
38 116
38 117
38 118
38 131
38 132
38 133
38 134
38 135
38 138
38 139
38 146
38 151
38 155
38 160
38 161
38 163
38 168
38 174
38 176
38 185
38 191
38 196
38 198
38 199
39 40
39 41
39 42
39 43
39 45
39 47
39 50
39 57
39 63
39 64
39 67
39 70
39 75
39 79
39 82
39 84
39 86
39 92
39 94
39 100
39 106
39 107
39 108
39 109
39 112
39 114
39 115
39 118
39 120
39 124
39 125
39 126
39 127
39 130
39 133
39 134
39 138
39 140
39 141
39 143
39 144
39 150
39 153
39 156
39 159
39 161
39 162
39 163
39 169
39 170
39 176
39 177
39 180
39 182
39 195
40 42
40 46
40 48
40 52
40 54
40 60
40 64
40 65
40 66
40 76
40 79
40 80
40 82
40 96
40 104
40 109
40 116
40 118
40 120
40 123
40 125
40 128
40 132
40 136
40 137
40 140
40 142
40 144
40 148
40 152
40 155
40 158
40 159
40 166
40 171
40 172
40 173
40 174
40 175
40 177
40 184
40 185
40 187
40 188
40 189
40 196
41 45
41 49
41 52
41 56
41 59
41 63
41 64
41 67
41 69
41 71
41 73
41 76
41 85
41 88
41 90
41 96
41 109
41 114
41 115
41 116
41 119
41 120
41 127
41 138
41 140
41 141
41 146
41 148
41 156
41 157
41 159
41 160
41 170
41 171
41 176
41 177
41 179
41 181
41 182
41 185
41 193
41 194
41 196
41 199
42 44
42 47
42 51
42 52
42 60
42 61
42 63
42 64
42 66
42 67
42 71
42 73
42 77
42 79
42 81
42 86
42 91
42 97
42 101
42 102
42 103
42 109
42 112
42 117
42 119
42 120
42 122
42 127
42 128
42 129
42 135
42 140
42 148
42 157
42 161
42 174
42 176
42 177
42 184
42 187
42 195
42 199
43 55
43 56
43 57
43 69
43 79
43 80
43 89
43 93
43 96
43 99
43 101
43 110
43 115
43 119
43 121
43 122
43 124
43 128
43 129
43 131
43 134
43 144
43 146
43 148
43 152
43 153
43 156
43 159
43 164
43 165
43 166
43 169
43 171
43 177
43 178
43 180
43 181
43 186
43 195
43 197
43 198
44 52
44 57
44 58
44 59
44 60
44 61
44 63
44 65
44 66
44 67
44 69
44 80
44 81
44 85
44 88
44 90
44 92
44 93
44 94
44 103
44 106
44 110
44 111
44 115
44 116
44 117
44 118
44 119
44 120
44 121
44 122
44 125
44 126
44 127
44 130
44 131
44 140
44 143
44 145
44 152
44 154
44 155
44 157
44 162
44 163
44 164
44 168
44 172
44 180
44 185
44 194
44 195
44 196
44 198
45 48
45 49
45 53
45 55
45 60
45 61
45 67
45 68
45 69
45 72
45 74
45 75
45 81
45 87
45 88
45 90
45 91
45 93
45 96
45 101
45 102
45 104
45 109
45 110
45 112
45 113
45 116
45 117
45 119
45 123
45 124
45 128
45 132
45 133
45 136
45 143
45 147
45 148
45 152
45 157
45 160
45 161
45 162
45 167
45 170
45 174
45 177
45 182
45 184
45 191
45 195
45 196
45 198
46 47
46 49
46 51
46 54
46 58
46 60
46 61
46 67
46 70
46 72
46 76
46 77
46 79
46 88
46 91
46 93
46 98
46 105
46 107
46 108
46 111
46 114
46 115
46 117
46 120
46 125
46 128
46 129
46 133
46 137
46 139
46 141
46 151
46 154
46 155
46 158
46 167
46 170
46 172
46 177
46 179
46 182
46 183
46 186
46 188
46 190
46 191
46 192
47 49
47 54
47 55
47 58
47 60
47 61
47 63
47 64
47 69
47 75
47 76
47 77
47 85
47 91
47 97
47 100
47 102
47 107
47 108
47 112
47 114
47 126
47 129
47 132
47 134
47 138
47 141
47 143
47 151
47 157
47 161
47 162
47 163
47 165
47 172
47 179
47 182
47 183
47 184
47 189
48 56
48 58
48 66
48 69
48 74
48 75
48 78
48 89
48 90
48 94
48 95
48 96
48 98
48 99
48 101
48 102
48 103
48 104
48 108
48 113
48 114
48 115
48 116
48 118
48 119
48 120
48 122
48 125
48 126
48 133
48 135
48 139
48 141
48 144
48 145
48 155
48 156
48 158
48 162
48 167
48 168
48 169
48 171
48 175
48 179
48 182
48 188
48 191
48 193
48 195
48 196
49 52
49 53
49 55
49 57
49 62
49 65
49 73
49 74
49 76
49 78
49 80
49 87
49 90
49 95
49 96
49 99
49 103
49 104
49 108
49 109
49 112
49 115
49 116
49 117
49 119
49 121
49 122
49 125
49 127
49 131
49 137
49 141
49 144
49 146
49 150
49 152
49 153
49 160
49 162
49 163
49 164
49 169
49 171
49 176
49 177
49 178
49 179
49 180
49 182
49 188
49 192
49 196
49 197
49 199
50 54
50 55
50 65
50 66
50 67
50 77
50 83
50 87
50 88
50 92
50 93
50 96
50 104
50 106
50 107
50 109
50 111
50 114
50 116
50 124
50 126
50 127
50 144
50 146
50 148
50 155
50 156
50 162
50 170
50 174
50 175
50 176
50 177
50 182
50 184
50 185
50 188
50 190
50 191
50 193
50 195
50 198
51 53
51 54
51 55
51 57
51 62
51 65
51 66
51 68
51 70
51 71
51 74
51 77
51 79
51 82
51 90
51 100
51 101
51 103
51 107
51 110
51 113
51 115
51 119
51 123
51 125
51 126
51 127
51 137
51 141
51 143
51 145
51 148
51 151
51 153
51 155
51 157
51 159
51 161
51 163
51 169
51 170
51 173
51 179
51 196
51 198
52 53
52 55
52 73
52 74
52 77
52 83
52 84
52 85
52 90
52 97
52 100
52 102
52 106
52 110
52 113
52 117
52 118
52 119
52 120
52 125
52 126
52 128
52 129
52 130
52 131
52 132
52 142
52 143
52 146
52 149
52 156
52 158
52 163
52 164
52 166
52 169
52 181
52 184
52 186
52 187
52 190
52 192
52 194
52 199
53 54
53 61
53 67
53 75
53 79
53 80
53 81
53 83
53 92
53 94
53 106
53 107
53 109
53 110
53 119
53 122
53 123
53 124
53 128
53 131
53 137
53 138
53 141
53 149
53 151
53 152
53 157
53 161
53 162
53 169
53 172
53 181
53 184
53 187
53 188
53 191
53 193
53 199
54 60
54 63
54 66
54 78
54 80
54 81
54 82
54 94
54 105
54 106
54 111
54 112
54 116
54 117
54 118
54 119
54 121
54 123
54 126
54 129
54 134
54 135
54 136
54 137
54 138
54 141
54 144
54 145
54 146
54 154
54 155
54 156
54 158
54 164
54 165
54 168
54 169
54 172
54 173
54 174
54 178
54 185
54 193
54 198
54 199
55 58
55 62
55 66
55 71
55 73
55 75
55 76
55 78
55 82
55 85
55 89
55 90
55 95
55 96
55 99
55 108
55 111
55 112
55 113
55 116
55 120
55 121
55 122
55 146
55 151
55 156
55 157
55 158
55 160
55 161
55 167
55 169
55 172
55 174
55 176
55 179
55 180
55 181
55 182
55 187
55 189
55 195
55 198
55 199
56 61
56 64
56 65
56 67
56 70
56 71
56 74
56 77
56 79
56 81
56 84
56 86
56 89
56 90
56 91
56 93
56 97
56 107
56 110
56 119
56 126
56 128
56 131
56 133
56 134
56 135
56 136
56 138
56 139
56 140
56 141
56 144
56 145
56 146
56 148
56 151
56 156
56 158
56 162
56 169
56 172
56 173
56 174
56 181
56 182
56 187
56 188
56 190
56 197
56 198
57 67
57 70
57 72
57 76
57 78
57 79
57 81
57 87
57 88
57 89
57 95
57 105
57 107
57 111
57 122
57 125
57 130
57 132
57 133
57 138
57 142
57 151
57 154
57 157
57 164
57 172
57 173
57 175
57 176
57 180
57 187
57 190
57 191
57 192
57 196
57 199
58 66
58 67
58 68
58 74
58 77
58 80
58 82
58 85
58 88
58 95
58 98
58 100
58 105
58 106
58 108
58 111
58 112
58 114
58 115
58 117
58 118
58 119
58 121
58 128
58 130
58 137
58 139
58 140
58 144
58 145
58 150
58 157
58 168
58 169
58 174
58 175
58 178
58 181
58 184
58 187
58 188
58 189
58 191
58 196
58 197
59 61
59 68
59 73
59 75
59 77
59 83
59 90
59 97
59 100
59 126
59 132
59 134
59 137
59 138
59 139
59 141
59 145
59 150
59 154
59 155
59 157
59 169
59 170
59 171
59 174
59 179
59 182
59 187
59 188
59 189
60 70
60 71
60 75
60 76
60 77
60 78
60 81
60 82
60 84
60 86
60 94
60 95
60 102
60 103
60 109
60 111
60 118
60 126
60 127
60 131
60 133
60 136
60 138
60 139
60 141
60 145
60 146
60 147
60 150
60 153
60 158
60 159
60 161
60 162
60 163
60 168
60 169
60 170
60 173
60 174
60 178
60 180
60 187
60 191
60 193
60 194
60 196
60 197
60 198
61 63
61 66
61 68
61 70
61 71
61 74
61 81
61 85
61 87
61 89
61 94
61 100
61 102
61 104
61 110
61 111
61 116
61 120
61 131
61 133
61 143
61 146
61 147
61 155
61 157
61 158
61 162
61 166
61 171
61 178
61 179
61 181
61 187
61 188
61 193
61 195
61 197
61 198
62 65
62 66
62 67
62 68
62 71
62 80
62 86
62 87
62 88
62 92
62 93
62 98
62 104
62 105
62 108
62 110
62 112
62 113
62 115
62 119
62 120
62 126
62 127
62 128
62 133
62 151
62 152
62 154
62 157
62 158
62 163
62 165
62 175
62 176
62 180
62 181
62 182
62 183
62 186
62 187
62 190
63 67
63 68
63 69
63 70
63 71
63 72
63 76
63 80
63 81
63 82
63 87
63 92
63 95
63 97
63 103
63 107
63 109
63 111
63 112
63 119
63 120
63 124
63 125
63 126
63 130
63 135
63 139
63 143
63 145
63 146
63 147
63 148
63 149
63 153
63 156
63 157
63 166
63 167
63 168
63 170
63 173
63 183
63 189
63 193
64 72
64 74
64 79
64 80
64 83
64 89
64 92
64 97
64 98
64 104
64 106
64 107
64 110
64 111
64 113
64 119
64 121
64 122
64 127
64 129
64 131
64 136
64 142
64 149
64 152
64 161
64 162
64 163
64 174
64 179
64 183
64 185
64 189
64 194
64 195
64 197
65 73
65 74
65 75
65 76
65 78
65 90
65 92
65 95
65 96
65 97
65 98
65 100
65 101
65 107
65 110
65 111
65 113
65 114
65 116
65 117
65 122
65 125
65 140
65 145
65 146
65 147
65 149
65 150
65 152
65 160
65 163
65 166
65 167
65 173
65 174
65 176
65 188
65 192
65 195
65 198
66 67
66 72
66 78
66 81
66 87
66 88
66 91
66 92
66 98
66 99
66 100
66 103
66 106
66 107
66 109
66 112
66 113
66 120
66 125
66 127
66 129
66 131
66 140
66 143
66 151
66 157
66 160
66 162
66 166
66 170
66 173
66 174
66 175
66 176
66 178
66 179
66 185
66 188
66 190
66 197
67 70
67 71
67 72
67 83
67 88
67 95
67 101
67 107
67 114
67 115
67 117
67 121
67 123
67 129
67 130
67 132
67 133
67 135
67 138
67 144
67 145
67 150
67 152
67 154
67 157
67 161
67 162
67 163
67 164
67 169
67 171
67 174
67 177
67 178
67 179
67 181
67 183
67 185
67 187
67 191
67 194
67 195
67 196
67 197
68 70
68 74
68 79
68 86
68 88
68 89
68 91
68 94
68 96
68 98
68 99
68 104
68 105
68 107
68 109
68 110
68 112
68 117
68 121
68 122
68 123
68 131
68 132
68 139
68 141
68 149
68 150
68 151
68 152
68 155
68 156
68 162
68 164
68 169
68 170
68 172
68 181
68 183
68 184
68 193
68 199
69 72
69 74
69 76
69 77
69 79
69 83
69 89
69 90
69 91
69 96
69 102
69 106
69 109
69 114
69 116
69 119
69 120
69 122
69 124
69 125
69 130
69 132
69 137
69 140
69 143
69 144
69 148
69 150
69 151
69 152
69 153
69 154
69 155
69 156
69 161
69 162
69 164
69 171
69 176
69 179
69 188
69 192
69 195
70 78
70 79
70 80
70 84
70 85
70 86
70 88
70 89
70 95
70 96
70 97
70 100
70 102
70 107
70 108
70 111
70 113
70 115
70 117
70 122
70 127
70 132
70 135
70 139
70 141
70 145
70 150
70 152
70 153
70 154
70 156
70 164
70 177
70 179
70 181
70 187
70 188
70 189
70 193
71 78
71 79
71 80
71 81
71 87
71 89
71 101
71 104
71 108
71 110
71 111
71 112
71 115
71 117
71 119
71 123
71 127
71 129
71 131
71 138
71 140
71 145
71 147
71 148
71 150
71 158
71 167
71 169
71 170
71 174
71 187
71 195
71 196
71 199
72 76
72 77
72 82
72 88
72 97
72 101
72 103
72 111
72 112
72 119
72 120
72 126
72 127
72 128
72 131
72 132
72 135
72 136
72 142
72 143
72 145
72 146
72 157
72 160
72 165
72 168
72 170
72 173
72 186
72 188
72 189
72 194
72 195
72 197
73 76
73 79
73 86
73 91
73 97
73 98
73 103
73 107
73 112
73 125
73 126
73 130
73 131
73 133
73 136
73 137
73 139
73 143
73 146
73 151
73 153
73 157
73 159
73 160
73 161
73 162
73 163
73 166
73 168
73 169
73 171
73 176
73 180
73 183
73 185
73 189
73 193
74 88
74 89
74 91
74 95
74 96
74 101
74 104
74 110
74 114
74 115
74 116
74 117
74 118
74 125
74 126
74 127
74 128
74 129
74 133
74 135
74 138
74 141
74 142
74 145
74 150
74 151
74 153
74 156
74 157
74 166
74 167
74 174
74 179
74 181
74 183
74 187
74 188
74 193
75 76
75 77
75 79
75 80
75 88
75 89
75 103
75 106
75 112
75 116
75 118
75 119
75 122
75 124
75 125
75 126
75 129
75 135
75 137
75 139
75 160
75 164
75 165
75 166
75 167
75 169
75 172
75 173
75 175
75 179
75 180
75 182
75 184
75 192
75 193
75 194
75 195
75 198
75 199
76 80
76 89
76 93
76 94
76 95
76 100
76 105
76 106
76 114
76 115
76 118
76 122
76 123
76 128
76 130
76 131
76 135
76 138
76 139
76 140
76 142
76 143
76 146
76 151
76 153
76 157
76 164
76 169
76 173
76 180
76 181
76 184
76 189
76 190
76 193
77 78
77 79
77 86
77 88
77 89
77 90
77 94
77 99
77 104
77 106
77 107
77 112
77 115
77 129
77 131
77 136
77 137
77 145
77 146
77 149
77 155
77 161
77 162
77 163
77 164
77 165
77 166
77 167
77 168
77 169
77 176
77 182
77 184
77 187
77 189
77 192
77 195
77 197
78 79
78 80
78 85
78 90
78 92
78 93
78 96
78 98
78 99
78 104
78 114
78 118
78 121
78 124
78 125
78 126
78 127
78 128
78 130
78 131
78 132
78 135
78 136
78 141
78 143
78 144
78 146
78 149
78 150
78 152
78 153
78 154
78 156
78 160
78 163
78 167
78 168
78 170
78 173
78 174
78 180
78 182
78 187
78 193
78 195
78 198
79 82
79 84
79 86
79 90
79 92
79 93
79 100
79 102
79 110
79 112
79 113
79 116
79 120
79 121
79 122
79 123
79 124
79 126
79 132
79 134
79 135
79 136
79 142
79 146
79 149
79 150
79 151
79 158
79 165
79 173
79 175
79 179
79 180
79 181
79 185
79 187
79 189
79 191
79 194
79 195
79 197
79 199
80 84
80 86
80 90
80 92
80 93
80 95
80 98
80 99
80 102
80 123
80 124
80 128
80 130
80 131
80 133
80 134
80 135
80 138
80 140
80 141
80 145
80 149
80 151
80 156
80 157
80 165
80 169
80 172
80 173
80 175
80 176
80 183
80 185
80 187
80 192
80 193
80 198
81 84
81 87
81 89
81 92
81 94
81 97
81 104
81 105
81 109
81 116
81 122
81 127
81 129
81 130
81 131
81 134
81 135
81 136
81 141
81 143
81 145
81 146
81 149
81 151
81 152
81 156
81 157
81 159
81 164
81 166
81 167
81 172
81 174
81 176
81 179
81 186
81 189
81 192
81 197
81 199
82 83
82 88
82 89
82 90
82 96
82 97
82 100
82 107
82 110
82 111
82 113
82 115
82 122
82 127
82 131
82 137
82 143
82 145
82 155
82 159
82 164
82 167
82 168
82 169
82 171
82 174
82 176
82 180
82 181
82 185
82 191
82 192
83 84
83 86
83 87
83 91
83 92
83 95
83 101
83 107
83 120
83 125
83 126
83 140
83 141
83 143
83 146
83 152
83 155
83 156
83 164
83 167
83 172
83 173
83 175
83 179
83 181
83 191
83 193
84 85
84 94
84 95
84 99
84 100
84 103
84 104
84 106
84 107
84 111
84 116
84 119
84 122
84 123
84 124
84 126
84 128
84 133
84 149
84 150
84 151
84 156
84 160
84 164
84 165
84 166
84 171
84 173
84 177
84 184
84 186
84 195
84 197
84 199
85 87
85 91
85 92
85 93
85 97
85 101
85 104
85 108
85 109
85 115
85 124
85 125
85 126
85 132
85 139
85 143
85 145
85 146
85 147
85 162
85 163
85 165
85 172
85 180
85 182
85 190
85 194
85 198
86 90
86 97
86 98
86 99
86 104
86 106
86 111
86 112
86 115
86 120
86 121
86 123
86 126
86 131
86 132
86 134
86 140
86 142
86 143
86 151
86 157
86 159
86 163
86 164
86 168
86 169
86 174
86 175
86 176
86 180
86 183
86 184
86 185
86 187
86 188
86 189
86 190
86 194
86 195
86 197
87 90
87 91
87 92
87 93
87 98
87 99
87 104
87 105
87 106
87 108
87 111
87 114
87 119
87 124
87 128
87 133
87 140
87 142
87 148
87 154
87 155
87 158
87 170
87 173
87 175
87 178
87 179
87 185
87 187
87 191
87 192
87 194
87 195
87 199
88 95
88 96
88 99
88 103
88 104
88 105
88 106
88 108
88 110
88 113
88 116
88 118
88 124
88 131
88 132
88 135
88 137
88 143
88 145
88 147
88 155
88 160
88 166
88 173
88 177
88 180
88 185
88 186
88 187
88 188
88 192
88 196
88 199
89 100
89 101
89 103
89 106
89 109
89 110
89 113
89 115
89 117
89 120
89 126
89 129
89 139
89 141
89 143
89 145
89 147
89 150
89 151
89 152
89 157
89 159
89 162
89 163
89 168
89 172
89 174
89 177
89 199
90 91
90 92
90 105
90 107
90 110
90 114
90 118
90 121
90 122
90 125
90 128
90 132
90 134
90 137
90 140
90 145
90 147
90 149
90 155
90 163
90 164
90 166
90 167
90 168
90 172
90 186
90 188
90 193
91 92
91 96
91 99
91 105
91 108
91 115
91 120
91 122
91 126
91 134
91 135
91 141
91 142
91 143
91 154
91 155
91 157
91 164
91 167
91 173
91 178
91 179
91 180
91 185
91 197
92 95
92 96
92 99
92 103
92 106
92 110
92 118
92 121
92 123
92 125
92 129
92 130
92 133
92 134
92 143
92 149
92 151
92 154
92 157
92 160
92 161
92 163
92 170
92 172
92 190
92 191
93 94
93 95
93 98
93 99
93 101
93 107
93 108
93 111
93 114
93 115
93 116
93 117
93 120
93 129
93 131
93 135
93 136
93 138
93 145
93 146
93 147
93 152
93 153
93 154
93 158
93 161
93 165
93 167
93 169
93 171
93 176
93 181
93 185
93 187
93 189
93 190
93 194
93 197
94 97
94 98
94 100
94 105
94 106
94 108
94 116
94 120
94 121
94 128
94 129
94 139
94 140
94 141
94 142
94 146
94 147
94 155
94 159
94 160
94 171
94 174
94 176
94 178
94 183
94 187
94 198
95 96
95 98
95 99
95 100
95 102
95 104
95 105
95 120
95 122
95 133
95 135
95 143
95 152
95 167
95 175
95 177
95 178
95 179
95 182
95 185
95 186
95 190
95 194
96 102
96 107
96 109
96 120
96 122
96 127
96 130
96 138
96 140
96 142
96 145
96 151
96 152
96 154
96 157
96 159
96 160
96 162
96 168
96 171
96 179
96 181
96 185
96 186
96 193
96 198
97 98
97 99
97 101
97 104
97 105
97 106
97 109
97 110
97 111
97 112
97 113
97 116
97 117
97 122
97 128
97 135
97 137
97 139
97 142
97 149
97 151
97 154
97 155
97 156
97 158
97 160
97 164
97 167
97 172
97 181
97 188
97 196
98 99
98 103
98 107
98 110
98 115
98 119
98 123
98 137
98 139
98 141
98 147
98 148
98 149
98 153
98 157
98 158
98 160
98 162
98 163
98 167
98 168
98 172
98 173
98 174
98 175
98 179
98 180
98 183
98 187
98 188
99 100
99 106
99 109
99 129
99 130
99 133
99 137
99 141
99 142
99 145
99 147
99 151
99 158
99 159
99 161
99 162
99 172
99 176
99 181
99 191
99 196
100 104
100 110
100 112
100 115
100 119
100 126
100 128
100 131
100 134
100 140
100 142
100 143
100 145
100 146
100 147
100 149
100 152
100 155
100 159
100 161
100 166
100 167
100 170
100 177
100 183
100 185
100 192
100 195
100 196
100 199
101 106
101 110
101 111
101 112
101 114
101 118
101 122
101 123
101 124
101 127
101 132
101 135
101 138
101 140
101 141
101 143
101 146
101 147
101 149
101 159
101 160
101 162
101 163
101 164
101 166
101 170
101 172
101 173
101 180
101 185
101 186
101 188
101 199
102 103
102 105
102 119
102 125
102 126
102 127
102 129
102 131
102 133
102 135
102 137
102 139
102 145
102 146
102 149
102 150
102 151
102 156
102 158
102 167
102 170
102 171
102 172
102 174
102 175
102 177
102 179
102 181
102 183
102 190
102 197
103 113
103 114
103 115
103 121
103 124
103 129
103 130
103 139
103 143
103 144
103 146
103 147
103 153
103 155
103 156
103 158
103 165
103 167
103 168
103 169
103 170
103 173
103 175
103 177
103 183
103 186
103 189
103 196
103 199
104 108
104 113
104 114
104 116
104 118
104 124
104 125
104 132
104 134
104 140
104 142
104 144
104 152
104 153
104 155
104 160
104 161
104 165
104 167
104 169
104 177
104 179
104 181
104 187
104 190
104 198
105 107
105 109
105 112
105 115
105 116
105 123
105 124
105 133
105 136
105 141
105 145
105 150
105 152
105 154
105 155
105 156
105 162
105 165
105 171
105 173
105 177
105 181
105 183
105 185
105 190
105 191
105 193
105 194
105 199
106 111
106 112
106 115
106 120
106 127
106 130
106 135
106 136
106 140
106 142
106 143
106 147
106 153
106 155
106 156
106 159
106 160
106 162
106 166
106 176
106 177
106 191
106 194
106 195
106 197
106 199
107 109
107 110
107 113
107 116
107 120
107 124
107 126
107 130
107 132
107 133
107 136
107 139
107 142
107 147
107 150
107 153
107 155
107 156
107 157
107 160
107 163
107 166
107 167
107 168
107 171
107 172
107 174
107 176
107 177
107 180
107 181
107 192
107 194
108 110
108 114
108 115
108 118
108 121
108 126
108 128
108 130
108 132
108 133
108 135
108 138
108 142
108 144
108 145
108 146
108 149
108 153
108 160
108 162
108 163
108 165
108 170
108 173
108 177
108 178
108 180
108 181
108 195
108 198
109 113
109 114
109 117
109 127
109 131
109 136
109 139
109 143
109 145
109 152
109 153
109 155
109 160
109 162
109 164
109 168
109 171
109 172
109 179
109 183
109 184
109 185
109 188
109 192
109 193
109 194
109 196
109 197
110 113
110 121
110 123
110 128
110 129
110 132
110 139
110 141
110 143
110 144
110 147
110 149
110 154
110 161
110 164
110 165
110 167
110 169
110 171
110 174
110 175
110 178
110 179
110 198
111 112
111 113
111 118
111 124
111 130
111 136
111 138
111 139
111 140
111 144
111 145
111 153
111 154
111 155
111 158
111 165
111 169
111 170
111 172
111 176
111 177
111 178
111 183
111 186
111 189
111 196
111 198
111 199
112 120
112 122
112 128
112 132
112 133
112 134
112 136
112 139
112 140
112 141
112 148
112 149
112 159
112 162
112 164
112 166
112 170
112 172
112 173
112 185
112 187
112 188
112 190
112 192
112 194
112 198
113 114
113 117
113 121
113 122
113 126
113 131
113 135
113 137
113 138
113 142
113 147
113 149
113 150
113 151
113 155
113 162
113 173
113 175
113 177
113 178
113 180
113 182
113 183
113 185
113 189
113 190
113 196
114 116
114 118
114 121
114 122
114 125
114 136
114 139
114 140
114 144
114 145
114 147
114 148
114 151
114 155
114 158
114 159
114 162
114 164
114 170
114 172
114 173
114 179
114 180
114 182
114 188
114 189
114 191
114 195
114 196
114 197
114 198
115 117
115 122
115 124
115 136
115 139
115 150
115 152
115 153
115 157
115 159
115 160
115 166
115 168
115 172
115 179
115 180
115 184
115 186
115 194
115 197
116 120
116 122
116 124
116 126
116 129
116 130
116 135
116 138
116 144
116 150
116 155
116 157
116 159
116 162
116 163
116 165
116 166
116 167
116 170
116 174
116 178
116 180
116 182
116 183
116 194
117 118
117 124
117 126
117 127
117 129
117 130
117 137
117 138
117 139
117 140
117 143
117 144
117 149
117 156
117 158
117 161
117 163
117 164
117 171
117 172
117 173
117 174
117 180
117 182
117 186
117 188
117 191
117 193
117 194
117 195
118 119
118 120
118 122
118 126
118 136
118 137
118 143
118 149
118 151
118 153
118 156
118 159
118 160
118 161
118 168
118 172
118 174
118 179
118 184
118 185
118 188
119 120
119 123
119 125
119 128
119 130
119 132
119 134
119 135
119 139
119 140
119 147
119 149
119 159
119 163
119 168
119 171
119 172
119 173
119 174
119 179
119 182
119 183
119 192
119 193
119 196
119 197
119 198
120 122
120 124
120 126
120 127
120 135
120 145
120 146
120 147
120 149
120 150
120 151
120 152
120 153
120 156
120 157
120 158
120 160
120 163
120 164
120 168
120 172
120 182
120 183
120 184
120 185
120 187
120 189
120 194
120 195
121 122
121 124
121 131
121 132
121 135
121 136
121 137
121 139
121 141
121 150
121 153
121 154
121 156
121 157
121 166
121 167
121 172
121 175
121 176
121 182
121 183
121 184
121 185
121 186
121 189
121 190
121 192
121 195
121 196
121 198
121 199
122 123
122 133
122 135
122 138
122 139
122 151
122 153
122 157
122 158
122 164
122 168
122 183
122 184
122 185
122 190
122 192
122 198
123 130
123 133
123 134
123 138
123 139
123 156
123 161
123 164
123 165
123 168
123 171
123 174
123 176
123 183
123 189
123 190
123 195
124 127
124 130
124 136
124 139
124 141
124 142
124 153
124 161
124 162
124 165
124 166
124 171
124 172
124 174
124 177
124 182
124 190
124 196
125 130
125 133
125 135
125 136
125 139
125 144
125 151
125 154
125 155
125 159
125 163
125 174
125 176
125 179
125 183
125 186
125 193
125 196
126 130
126 133
126 137
126 138
126 139
126 142
126 148
126 151
126 152
126 157
126 166
126 167
126 172
126 173
126 177
126 178
126 179
126 182
126 186
126 189
126 196
127 128
127 135
127 137
127 140
127 141
127 147
127 148
127 150
127 154
127 163
127 164
127 167
127 173
127 179
127 180
127 182
127 187
128 132
128 134
128 135
128 137
128 138
128 144
128 148
128 149
128 150
128 152
128 156
128 157
128 167
128 173
128 178
128 181
128 186
128 192
128 194
128 198
129 130
129 132
129 133
129 136
129 138
129 144
129 151
129 154
129 155
129 168
129 173
129 174
129 176
129 177
129 179
129 181
129 183
129 187
129 193
129 194
130 132
130 135
130 136
130 137
130 138
130 151
130 162
130 167
130 169
130 174
130 181
130 182
130 187
130 188
130 190
130 191
130 192
130 195
130 197
131 133
131 138
131 141
131 144
131 152
131 155
131 161
131 164
131 167
131 168
131 169
131 173
131 179
131 180
131 182
131 188
131 193
132 136
132 137
132 141
132 142
132 145
132 149
132 151
132 154
132 155
132 157
132 158
132 159
132 160
132 161
132 162
132 163
132 168
132 170
132 177
132 179
132 180
132 182
132 184
132 185
132 187
132 190
132 194
133 142
133 144
133 145
133 148
133 150
133 151
133 153
133 156
133 160
133 161
133 162
133 164
133 165
133 166
133 168
133 170
133 172
133 173
133 182
133 185
133 189
133 192
133 193
133 196
133 198
133 199
134 135
134 136
134 138
134 149
134 151
134 153
134 154
134 157
134 158
134 159
134 165
134 166
134 167
134 170
134 173
134 175
134 176
134 179
134 182
134 188
134 192
134 199
135 138
135 141
135 142
135 144
135 149
135 154
135 157
135 159
135 171
135 173
135 177
135 182
135 185
135 196
135 197
135 198
136 137
136 150
136 152
136 153
136 155
136 160
136 164
136 165
136 166
136 168
136 170
136 178
136 179
136 180
136 181
136 183
136 192
136 193
136 194
136 195
136 196
136 197
136 198
137 142
137 144
137 148
137 150
137 151
137 154
137 155
137 161
137 162
137 164
137 169
137 171
137 172
137 174
137 181
137 187
137 190
137 191
138 139
138 152
138 161
138 164
138 165
138 169
138 170
138 171
138 185
138 199
139 144
139 146
139 147
139 148
139 152
139 156
139 158
139 162
139 166
139 182
139 186
139 188
139 189
139 190
139 191
139 194
139 198
140 142
140 143
140 146
140 147
140 149
140 150
140 151
140 157
140 158
140 163
140 166
140 170
140 173
140 178
140 180
140 181
140 184
140 186
140 190
140 196
141 144
141 145
141 157
141 163
141 165
141 168
141 169
141 172
141 173
141 175
141 182
141 186
141 191
141 192
141 194
141 197
142 144
142 145
142 149
142 150
142 154
142 167
142 170
142 175
142 176
142 179
142 184
142 186
142 189
142 191
142 192
142 193
142 195
142 196
143 146
143 147
143 150
143 158
143 160
143 161
143 163
143 165
143 167
143 168
143 170
143 171
143 172
143 175
143 177
143 181
143 185
143 186
143 187
143 193
143 199
144 145
144 149
144 153
144 154
144 155
144 157
144 161
144 163
144 165
144 167
144 176
144 177
144 178
144 185
144 186
144 195
144 196
145 149
145 152
145 157
145 175
145 181
145 183
145 189
145 190
145 191
145 197
146 149
146 151
146 156
146 164
146 169
146 172
146 176
146 178
146 186
146 187
146 190
146 192
146 193
146 194
146 198
147 149
147 159
147 160
147 161
147 162
147 163
147 165
147 166
147 167
147 170
147 172
147 174
147 175
147 176
147 183
147 184
147 185
147 186
147 187
147 188
147 190
147 192
147 198
148 154
148 155
148 156
148 158
148 162
148 178
148 181
148 183
148 185
148 198
149 153
149 161
149 163
149 164
149 171
149 180
149 181
149 186
149 188
149 189
149 190
149 199
150 153
150 154
150 158
150 162
150 166
150 170
150 171
150 172
150 174
150 177
150 189
150 192
150 194
150 196
150 198
151 153
151 158
151 163
151 171
151 177
151 183
151 185
151 186
151 188
151 197
152 161
152 162
152 164
152 167
152 171
152 173
152 178
152 180
152 182
152 187
152 190
152 191
152 192
152 193
152 196
152 197
153 154
153 157
153 158
153 160
153 162
153 164
153 166
153 167
153 168
153 170
153 171
153 172
153 173
153 174
153 176
153 178
153 180
153 181
153 184
153 187
153 188
153 190
153 191
154 156
154 160
154 162
154 164
154 167
154 172
154 173
154 174
154 175
154 178
154 179
154 180
154 181
154 186
154 188
154 190
154 193
154 195
154 198
155 157
155 162
155 165
155 166
155 168
155 170
155 172
155 173
155 176
155 177
155 179
155 180
155 186
155 187
155 191
155 195
155 198
156 157
156 161
156 173
156 175
156 178
156 182
156 188
156 192
156 193
156 197
157 160
157 164
157 169
157 175
157 187
157 189
157 191
157 196
157 199
158 160
158 162
158 166
158 169
158 172
158 173
158 175
158 178
158 181
158 190
158 192
158 193
158 194
158 195
158 196
158 199
159 160
159 164
159 165
159 173
159 181
159 190
159 192
159 196
160 164
160 166
160 167
160 170
160 179
160 181
160 183
160 184
160 185
160 188
160 189
160 191
160 194
160 196
160 197
160 199
161 169
161 179
161 180
161 183
161 187
161 197
161 198
162 165
162 166
162 172
162 179
162 180
162 188
162 190
162 192
162 193
163 167
163 168
163 169
163 176
163 184
163 189
163 192
163 193
163 195
164 171
164 174
164 176
164 182
164 184
164 187
164 194
165 169
165 174
165 181
165 182
165 186
165 192
165 194
165 198
166 168
166 170
166 171
166 173
166 175
166 179
166 184
166 185
166 188
167 170
167 174
167 178
167 179
167 180
167 184
167 189
167 190
167 193
167 195
167 196
168 169
168 170
168 172
168 175
168 177
168 181
168 183
168 186
168 187
168 189
168 194
168 195
168 197
168 198
169 173
169 174
169 182
169 183
169 185
169 190
169 193
169 196
169 199
170 176
170 180
170 188
170 191
170 195
170 198
171 172
171 174
171 178
171 181
171 182
171 194
171 195
172 176
172 177
172 184
172 187
173 175
173 176
173 177
173 178
173 179
173 182
173 184
173 186
173 189
173 190
173 193
173 194
173 197
173 198
174 177
174 183
174 185
174 187
174 189
174 192
174 194
174 196
174 198
175 179
175 180
175 182
175 184
175 191
175 195
175 196
175 197
175 199
176 181
176 184
176 192
176 194
176 195
176 198
176 199
177 180
177 189
177 191
177 192
177 194
177 196
177 198
177 199
178 184
178 188
178 192
178 193
179 180
179 181
179 184
179 185
179 193
179 194
179 195
179 197
179 198
179 199
180 184
180 185
180 194
180 195
181 186
181 188
181 190
181 191
181 193
181 198
181 199
182 186
182 198
183 185
183 187
183 188
183 191
183 193
183 195
183 196
183 199
184 186
184 187
184 191
184 192
184 195
184 196
184 197
184 198
185 186
185 188
185 193
185 195
185 196
186 187
186 191
186 195
187 190
187 191
187 192
187 194
187 198
188 193
188 197
188 198
189 193
190 191
190 195
190 199
191 193
191 197
191 199
192 195
192 197
192 199
193 196
194 196
195 197
196 198
198 199
