100 2513
0 5
0 6
0 7
0 9
0 10
0 12
0 16
0 19
0 21
0 24
0 34
0 35
0 36
0 37
0 39
0 40
0 45
0 47
0 49
0 51
0 52
0 55
0 56
0 59
0 61
0 63
0 64
0 65
0 66
0 71
0 72
0 74
0 76
0 77
0 80
0 82
0 86
0 87
0 88
0 89
0 91
0 92
0 94
0 97
1 3
1 5
1 7
1 8
1 10
1 12
1 13
1 16
1 18
1 19
1 21
1 23
1 24
1 25
1 26
1 27
1 29
1 33
1 36
1 38
1 39
1 42
1 47
1 50
1 52
1 54
1 56
1 58
1 62
1 65
1 66
1 70
1 71
1 72
1 73
1 76
1 79
1 80
1 81
1 82
1 85
1 88
1 93
1 95
1 97
1 99
2 4
2 8
2 9
2 10
2 11
2 12
2 18
2 20
2 21
2 22
2 23
2 25
2 26
2 30
2 32
2 33
2 40
2 45
2 46
2 49
2 50
2 51
2 53
2 54
2 56
2 59
2 61
2 63
2 67
2 69
2 70
2 72
2 75
2 76
2 78
2 79
2 83
2 84
2 85
2 86
2 88
2 90
2 91
2 98
2 99
3 4
3 5
3 6
3 8
3 9
3 13
3 14
3 17
3 19
3 20
3 21
3 22
3 23
3 25
3 27
3 28
3 30
3 31
3 34
3 35
3 36
3 37
3 41
3 47
3 48
3 50
3 52
3 53
3 59
3 61
3 62
3 63
3 65
3 67
3 68
3 69
3 72
3 74
3 75
3 76
3 77
3 78
3 81
3 82
3 87
3 88
3 90
3 91
3 93
3 95
3 96
3 97
3 98
4 6
4 8
4 9
4 12
4 14
4 15
4 18
4 19
4 21
4 23
4 24
4 28
4 30
4 33
4 36
4 37
4 44
4 45
4 46
4 47
4 48
4 49
4 50
4 51
4 52
4 53
4 54
4 55
4 57
4 59
4 60
4 63
4 64
4 68
4 70
4 74
4 76
4 77
4 79
4 80
4 81
4 82
4 83
4 84
4 86
4 88
4 92
4 98
5 6
5 7
5 8
5 9
5 10
5 11
5 12
5 13
5 14
5 15
5 17
5 19
5 20
5 21
5 22
5 24
5 26
5 27
5 29
5 30
5 31
5 32
5 37
5 39
5 40
5 41
5 47
5 50
5 51
5 52
5 53
5 55
5 56
5 57
5 58
5 59
5 60
5 61
5 62
5 63
5 64
5 65
5 66
5 69
5 71
5 72
5 73
5 74
5 75
5 77
5 79
5 82
5 85
5 87
5 88
5 89
5 93
5 98
5 99
6 7
6 8
6 9
6 10
6 11
6 15
6 16
6 19
6 21
6 22
6 25
6 27
6 28
6 31
6 33
6 34
6 35
6 36
6 38
6 39
6 40
6 43
6 44
6 46
6 48
6 52
6 55
6 56
6 57
6 59
6 60
6 62
6 63
6 66
6 67
6 68
6 70
6 71
6 72
6 76
6 77
6 78
6 80
6 81
6 83
6 87
6 89
6 91
6 92
6 93
6 97
7 8
7 10
7 12
7 13
7 14
7 17
7 18
7 19
7 20
7 23
7 24
7 26
7 27
7 28
7 33
7 35
7 39
7 41
7 44
7 47
7 51
7 52
7 53
7 55
7 56
7 57
7 58
7 59
7 60
7 61
7 62
7 63
7 64
7 66
7 68
7 69
7 70
7 72
7 76
7 77
7 82
7 83
7 84
7 86
7 91
7 92
7 93
7 94
7 96
7 97
7 98
7 99
8 10
8 12
8 16
8 17
8 18
8 19
8 21
8 22
8 24
8 25
8 26
8 27
8 28
8 29
8 32
8 33
8 34
8 35
8 36
8 37
8 38
8 40
8 41
8 43
8 44
8 45
8 46
8 48
8 49
8 58
8 60
8 61
8 68
8 70
8 72
8 75
8 81
8 82
8 83
8 86
8 88
8 90
8 92
8 93
8 96
8 98
9 15
9 16
9 17
9 23
9 24
9 25
9 26
9 35
9 37
9 43
9 46
9 47
9 48
9 49
9 50
9 53
9 54
9 57
9 62
9 64
9 65
9 66
9 67
9 69
9 70
9 71
9 73
9 74
9 77
9 78
9 79
9 80
9 82
9 84
9 85
9 86
9 87
9 89
9 91
9 94
9 97
10 14
10 15
10 16
10 20
10 22
10 23
10 25
10 26
10 29
10 30
10 32
10 33
10 34
10 38
10 39
10 41
10 42
10 43
10 44
10 48
10 49
10 52
10 55
10 58
10 62
10 65
10 66
10 67
10 69
10 70
10 71
10 72
10 73
10 75
10 77
10 80
10 82
10 83
10 84
10 85
10 86
10 91
10 93
10 94
10 95
10 98
11 13
11 14
11 15
11 16
11 20
11 21
11 24
11 25
11 27
11 28
11 29
11 30
11 31
11 32
11 33
11 36
11 40
11 46
11 47
11 49
11 50
11 54
11 55
11 57
11 58
11 59
11 60
11 61
11 62
11 64
11 65
11 66
11 68
11 69
11 71
11 72
11 74
11 76
11 78
11 80
11 81
11 86
11 88
11 89
11 90
11 92
11 93
11 94
11 95
12 14
12 21
12 23
12 26
12 31
12 32
12 36
12 39
12 40
12 42
12 44
12 45
12 46
12 47
12 48
12 49
12 51
12 52
12 54
12 60
12 68
12 70
12 74
12 76
12 79
12 81
12 87
12 90
12 91
12 92
12 94
12 95
12 96
12 97
12 98
13 14
13 19
13 21
13 23
13 27
13 32
13 33
13 34
13 37
13 38
13 39
13 42
13 43
13 44
13 47
13 49
13 50
13 51
13 53
13 55
13 56
13 61
13 62
13 66
13 69
13 70
13 72
13 74
13 77
13 78
13 79
13 80
13 83
13 86
13 89
13 90
13 92
13 93
13 95
14 15
14 19
14 20
14 26
14 27
14 29
14 31
14 34
14 35
14 36
14 37
14 41
14 42
14 43
14 44
14 46
14 49
14 50
14 52
14 57
14 58
14 61
14 62
14 63
14 64
14 65
14 68
14 69
14 70
14 73
14 74
14 75
14 78
14 79
14 81
14 82
14 86
14 87
14 88
14 91
14 95
14 96
14 98
14 99
15 16
15 21
15 22
15 23
15 24
15 29
15 32
15 34
15 35
15 36
15 43
15 46
15 47
15 48
15 49
15 52
15 53
15 54
15 56
15 58
15 60
15 62
15 63
15 65
15 66
15 70
15 71
15 72
15 73
15 75
15 76
15 81
15 83
15 84
15 86
15 87
15 89
15 91
15 92
15 93
15 94
15 96
15 97
15 98
15 99
16 17
16 18
16 20
16 21
16 23
16 25
16 28
16 29
16 30
16 31
16 33
16 34
16 41
16 43
16 44
16 45
16 46
16 49
16 51
16 52
16 54
16 58
16 59
16 60
16 61
16 67
16 72
16 73
16 74
16 75
16 80
16 84
16 86
16 88
16 92
16 93
16 94
16 96
16 99
17 18
17 19
17 20
17 21
17 22
17 23
17 26
17 27
17 28
17 30
17 33
17 34
17 35
17 37
17 38
17 39
17 42
17 43
17 45
17 46
17 54
17 56
17 57
17 60
17 61
17 64
17 65
17 69
17 74
17 76
17 77
17 78
17 80
17 83
17 86
17 91
17 92
17 94
17 96
17 98
18 25
18 29
18 30
18 31
18 35
18 41
18 42
18 43
18 44
18 49
18 53
18 54
18 55
18 56
18 57
18 58
18 60
18 65
18 67
18 68
18 69
18 70
18 71
18 74
18 76
18 80
18 81
18 87
18 89
18 96
19 23
19 24
19 25
19 26
19 27
19 28
19 33
19 34
19 37
19 38
19 41
19 42
19 44
19 48
19 49
19 52
19 55
19 56
19 59
19 61
19 64
19 65
19 67
19 68
19 76
19 77
19 81
19 83
19 84
19 86
19 93
19 94
19 95
19 96
19 99
20 21
20 22
20 25
20 29
20 30
20 32
20 33
20 34
20 36
20 38
20 39
20 41
20 42
20 46
20 47
20 49
20 50
20 52
20 57
20 58
20 59
20 61
20 63
20 64
20 65
20 66
20 67
20 74
20 75
20 76
20 77
20 79
20 81
20 83
20 84
20 86
20 87
20 90
20 92
20 93
20 94
21 23
21 24
21 27
21 30
21 32
21 34
21 37
21 38
21 41
21 42
21 43
21 44
21 45
21 49
21 53
21 54
21 56
21 60
21 62
21 64
21 65
21 67
21 71
21 73
21 75
21 76
21 79
21 80
21 85
21 86
21 89
21 91
21 92
21 93
21 99
22 23
22 24
22 25
22 26
22 27
22 29
22 31
22 32
22 33
22 34
22 36
22 39
22 40
22 41
22 42
22 44
22 46
22 47
22 48
22 50
22 51
22 52
22 54
22 55
22 56
22 57
22 60
22 65
22 68
22 69
22 72
22 73
22 76
22 83
22 87
22 89
22 90
22 95
22 98
23 24
23 25
23 26
23 28
23 30
23 31
23 32
23 39
23 41
23 42
23 43
23 45
23 47
23 50
23 54
23 56
23 57
23 58
23 59
23 60
23 61
23 62
23 63
23 64
23 65
23 66
23 69
23 74
23 75
23 76
23 77
23 78
23 79
23 80
23 82
23 83
23 84
23 85
23 87
23 88
23 89
23 93
23 94
23 98
24 26
24 28
24 29
24 30
24 31
24 32
24 33
24 35
24 37
24 38
24 39
24 43
24 46
24 47
24 48
24 49
24 50
24 54
24 55
24 56
24 57
24 58
24 59
24 62
24 65
24 68
24 71
24 72
24 74
24 75
24 76
24 79
24 81
24 82
24 84
24 85
24 88
24 89
24 90
24 93
24 94
24 96
24 97
24 98
25 28
25 30
25 31
25 32
25 40
25 48
25 49
25 50
25 51
25 52
25 53
25 55
25 57
25 58
25 59
25 61
25 62
25 63
25 64
25 68
25 69
25 70
25 71
25 72
25 73
25 75
25 76
25 78
25 79
25 81
25 82
25 83
25 86
25 88
25 94
25 96
25 98
25 99
26 27
26 28
26 30
26 31
26 32
26 35
26 43
26 44
26 45
26 48
26 49
26 50
26 51
26 52
26 53
26 59
26 62
26 63
26 66
26 68
26 69
26 71
26 72
26 74
26 76
26 79
26 80
26 82
26 83
26 84
26 86
26 87
26 91
26 95
26 96
26 98
26 99
27 28
27 29
27 34
27 37
27 38
27 42
27 43
27 44
27 47
27 48
27 49
27 50
27 51
27 54
27 57
27 59
27 61
27 62
27 64
27 65
27 67
27 70
27 72
27 73
27 74
27 78
27 82
27 84
27 85
27 87
27 88
27 90
27 92
27 93
27 96
27 97
27 98
27 99
28 32
28 35
28 36
28 40
28 41
28 44
28 48
28 49
28 50
28 51
28 55
28 57
28 58
28 62
28 63
28 64
28 65
28 66
28 67
28 68
28 71
28 72
28 75
28 78
28 79
28 80
28 84
28 88
28 90
28 93
28 97
28 98
29 32
29 33
29 37
29 40
29 42
29 44
29 45
29 46
29 47
29 50
29 51
29 52
29 53
29 57
29 58
29 60
29 61
29 63
29 64
29 67
29 68
29 74
29 77
29 78
29 81
29 82
29 87
29 88
29 91
29 93
29 97
30 31
30 34
30 37
30 38
30 40
30 42
30 43
30 47
30 51
30 52
30 53
30 56
30 57
30 58
30 59
30 61
30 62
30 63
30 64
30 70
30 72
30 73
30 78
30 79
30 80
30 85
30 87
30 91
30 94
30 96
30 98
30 99
31 33
31 34
31 35
31 41
31 43
31 44
31 47
31 48
31 49
31 50
31 51
31 54
31 55
31 57
31 59
31 62
31 68
31 70
31 77
31 82
31 83
31 86
31 87
31 88
31 90
31 91
31 93
31 94
31 96
31 97
32 35
32 37
32 39
32 41
32 43
32 44
32 46
32 47
32 48
32 50
32 51
32 53
32 56
32 57
32 59
32 60
32 62
32 65
32 68
32 70
32 71
32 73
32 77
32 79
32 80
32 82
32 84
32 86
32 88
32 89
32 90
32 91
32 93
32 95
32 98
32 99
33 34
33 35
33 36
33 38
33 40
33 52
33 57
33 59
33 60
33 61
33 62
33 66
33 70
33 71
33 72
33 73
33 75
33 77
33 79
33 80
33 81
33 82
33 85
33 86
33 87
33 88
33 89
33 90
33 92
33 94
33 95
33 96
33 97
33 99
34 35
34 36
34 39
34 42
34 44
34 48
34 52
34 53
34 55
34 57
34 58
34 59
34 62
34 64
34 65
34 68
34 71
34 74
34 77
34 78
34 80
34 81
34 87
34 89
34 91
34 94
34 95
34 99
35 38
35 40
35 41
35 44
35 46
35 48
35 50
35 51
35 52
35 53
35 57
35 59
35 60
35 61
35 63
35 64
35 67
35 68
35 70
35 71
35 74
35 80
35 81
35 82
35 84
35 87
35 88
35 91
35 92
35 94
35 96
35 97
35 98
35 99
36 39
36 44
36 48
36 49
36 52
36 53
36 54
36 55
36 58
36 59
36 62
36 63
36 64
36 67
36 70
36 72
36 75
36 78
36 81
36 82
36 83
36 85
36 86
36 87
36 88
36 91
36 96
36 97
37 39
37 41
37 42
37 43
37 44
37 45
37 50
37 51
37 53
37 55
37 57
37 58
37 61
37 62
37 63
37 64
37 65
37 66
37 67
37 69
37 71
37 72
37 73
37 79
37 80
37 83
37 84
37 85
37 87
37 89
37 92
37 93
37 94
37 95
37 96
38 39
38 42
38 43
38 45
38 47
38 48
38 50
38 54
38 58
38 59
38 61
38 62
38 63
38 64
38 66
38 68
38 69
38 73
38 74
38 77
38 80
38 82
38 84
38 85
38 86
38 87
38 88
38 90
38 91
38 93
38 97
38 98
38 99
39 41
39 44
39 47
39 48
39 49
39 52
39 53
39 54
39 55
39 57
39 63
39 65
39 68
39 69
39 72
39 74
39 77
39 78
39 80
39 82
39 83
39 84
39 88
39 90
39 92
39 93
39 94
39 95
39 97
39 99
40 42
40 43
40 44
40 45
40 47
40 48
40 49
40 54
40 56
40 58
40 60
40 61
40 64
40 65
40 66
40 67
40 69
40 71
40 72
40 73
40 74
40 76
40 79
40 80
40 84
40 89
40 90
40 91
40 92
40 93
40 94
40 95
41 44
41 47
41 48
41 50
41 51
41 53
41 54
41 56
41 60
41 62
41 63
41 64
41 65
41 67
41 68
41 69
41 71
41 76
41 77
41 78
41 81
41 83
41 85
41 88
41 89
41 90
41 91
41 92
41 94
41 95
41 97
41 98
42 43
42 46
42 47
42 48
42 50
42 52
42 53
42 54
42 55
42 56
42 59
42 61
42 62
42 66
42 67
42 69
42 71
42 75
42 81
42 82
42 83
42 84
42 85
42 86
42 88
42 90
42 94
42 96
43 46
43 47
43 50
43 51
43 52
43 53
43 54
43 55
43 56
43 57
43 61
43 63
43 65
43 66
43 68
43 69
43 70
43 72
43 76
43 77
43 78
43 80
43 84
43 85
43 88
43 89
43 91
43 92
43 93
43 97
43 98
44 45
44 46
44 47
44 48
44 52
44 53
44 56
44 57
44 58
44 60
44 64
44 65
44 66
44 68
44 70
44 71
44 76
44 77
44 79
44 80
44 84
44 85
44 86
44 88
44 92
44 95
44 98
44 99
45 48
45 50
45 51
45 53
45 57
45 60
45 61
45 62
45 64
45 66
45 69
45 75
45 76
45 77
45 78
45 79
45 81
45 82
45 83
45 86
45 87
45 90
45 94
45 95
45 97
45 99
46 48
46 49
46 51
46 54
46 56
46 57
46 59
46 60
46 62
46 64
46 65
46 67
46 68
46 70
46 72
46 74
46 79
46 80
46 81
46 84
46 85
46 86
46 87
46 89
46 94
46 95
46 96
46 97
46 98
46 99
47 50
47 51
47 54
47 55
47 58
47 59
47 60
47 62
47 63
47 64
47 65
47 67
47 68
47 70
47 72
47 74
47 79
47 80
47 85
47 91
47 93
47 94
47 95
47 96
48 51
48 54
48 55
48 56
48 58
48 59
48 60
48 61
48 63
48 64
48 65
48 66
48 71
48 72
48 74
48 75
48 76
48 77
48 78
48 80
48 82
48 87
48 88
48 90
48 91
48 96
48 98
49 53
49 55
49 57
49 58
49 63
49 64
49 66
49 68
49 69
49 71
49 74
49 76
49 77
49 79
49 80
49 83
49 84
49 85
49 86
49 91
49 94
49 95
49 96
50 51
50 53
50 55
50 56
50 59
50 60
50 61
50 62
50 63
50 64
50 65
50 66
50 67
50 70
50 71
50 73
50 75
50 77
50 78
50 80
50 82
50 84
50 85
50 86
50 87
50 88
50 89
50 92
50 94
50 96
50 98
50 99
51 55
51 56
51 58
51 59
51 60
51 62
51 63
51 65
51 66
51 67
51 68
51 69
51 70
51 71
51 74
51 75
51 76
51 77
51 80
51 81
51 82
51 83
51 85
51 86
51 88
51 89
51 91
51 92
51 96
51 99
52 55
52 57
52 59
52 60
52 66
52 67
52 71
52 73
52 77
52 79
52 82
52 83
52 84
52 85
52 86
52 87
52 89
52 92
52 93
52 94
52 96
52 97
52 98
52 99
53 54
53 56
53 57
53 58
53 59
53 61
53 62
53 65
53 67
53 71
53 72
53 77
53 78
53 80
53 82
53 83
53 84
53 87
53 91
53 92
53 93
53 95
53 96
53 98
54 55
54 58
54 59
54 60
54 61
54 63
54 64
54 65
54 66
54 68
54 69
54 70
54 71
54 72
54 73
54 76
54 78
54 79
54 86
54 87
54 89
54 91
54 92
54 93
54 95
54 96
55 57
55 60
55 63
55 64
55 65
55 68
55 70
55 71
55 72
55 73
55 74
55 75
55 76
55 77
55 79
55 80
55 82
55 84
55 85
55 89
55 93
55 94
55 96
55 97
56 57
56 58
56 59
56 60
56 61
56 62
56 63
56 64
56 68
56 69
56 70
56 75
56 77
56 78
56 79
56 80
56 81
56 83
56 84
56 85
56 87
56 89
56 91
56 92
56 93
56 94
56 95
56 96
56 97
57 58
57 59
57 60
57 61
57 64
57 66
57 67
57 71
57 72
57 73
57 74
57 75
57 76
57 77
57 80
57 83
57 84
57 86
57 88
57 89
57 91
57 94
57 95
57 96
57 97
57 98
57 99
58 60
58 61
58 64
58 66
58 67
58 69
58 73
58 77
58 79
58 80
58 83
58 84
58 85
58 88
58 89
58 90
58 92
58 94
58 95
58 96
58 97
58 98
59 62
59 63
59 66
59 67
59 72
59 74
59 75
59 78
59 80
59 81
59 83
59 84
59 87
59 89
59 94
59 96
59 97
59 99
60 61
60 63
60 68
60 71
60 74
60 76
60 78
60 79
60 80
60 81
60 84
60 85
60 87
60 88
60 89
60 91
60 94
60 96
61 63
61 72
61 73
61 75
61 77
61 79
61 81
61 84
61 85
61 87
61 91
61 92
61 93
61 94
61 95
61 96
61 99
62 63
62 64
62 65
62 70
62 74
62 77
62 78
62 79
62 80
62 81
62 83
62 86
62 88
62 91
62 96
62 97
63 66
63 68
63 69
63 75
63 77
63 78
63 79
63 80
63 81
63 84
63 85
63 88
63 90
63 92
63 93
63 94
63 96
63 97
64 65
64 66
64 69
64 74
64 76
64 77
64 78
64 79
64 80
64 81
64 82
64 84
64 88
64 91
64 94
64 95
64 97
64 98
64 99
65 66
65 67
65 68
65 70
65 71
65 74
65 76
65 78
65 79
65 80
65 81
65 84
65 85
65 86
65 90
65 91
65 95
65 96
65 97
65 98
65 99
66 67
66 68
66 69
66 70
66 71
66 73
66 74
66 76
66 78
66 79
66 81
66 82
66 85
66 86
66 88
66 89
66 91
66 94
66 95
66 98
67 70
67 71
67 72
67 74
67 75
67 76
67 78
67 84
67 86
67 89
67 90
67 91
67 92
67 95
67 96
67 97
68 73
68 74
68 76
68 77
68 78
68 81
68 82
68 83
68 87
68 88
68 90
68 91
68 94
68 99
69 71
69 73
69 75
69 78
69 81
69 82
69 84
69 86
69 91
69 92
69 94
69 95
69 96
69 99
70 71
70 72
70 73
70 76
70 80
70 81
70 85
70 87
70 88
70 89
70 90
70 91
70 93
70 94
70 95
70 96
70 99
71 72
71 77
71 78
71 79
71 81
71 84
71 85
71 88
71 91
71 95
71 96
71 98
71 99
72 73
72 79
72 80
72 81
72 83
72 85
72 87
72 88
72 92
72 93
72 95
72 98
73 75
73 76
73 77
73 79
73 80
73 84
73 87
73 88
73 89
73 91
73 92
73 93
73 96
73 99
74 80
74 83
74 84
74 86
74 87
74 89
74 91
74 96
74 98
75 76
75 78
75 79
75 80
75 81
75 82
75 84
75 88
75 89
75 90
75 91
75 93
75 96
75 98
76 77
76 78
76 80
76 81
76 85
76 87
76 92
76 94
76 96
77 78
77 79
77 81
77 90
77 91
77 94
78 81
78 82
78 83
78 85
78 87
78 88
78 89
78 90
78 93
79 80
79 81
79 82
79 83
79 84
79 86
79 87
79 88
79 89
79 91
79 92
79 93
79 94
79 95
79 97
79 98
80 82
80 84
80 85
80 88
80 89
80 90
80 92
80 93
80 94
80 96
80 97
80 98
80 99
81 83
81 88
81 93
81 99
82 92
82 95
82 96
82 97
82 98
83 86
83 87
83 88
83 92
83 96
83 97
84 85
84 87
84 89
84 91
84 92
84 93
84 94
84 95
84 96
84 98
84 99
85 88
85 89
85 90
85 91
85 92
85 93
85 95
85 96
85 97
85 99
86 87
86 90
86 91
86 92
86 93
86 96
86 97
86 98
86 99
87 88
87 90
87 95
87 99
88 89
88 90
88 91
88 95
88 97
88 99
89 90
89 92
89 94
89 95
89 96
89 97
89 99
90 92
90 94
90 95
90 99
91 96
91 98
92 93
92 94
92 96
92 98
92 99
93 98
94 95
94 96
94 97
94 98
95 96
95 97
95 98
95 99
96 97
97 98
98 99
