100 1462
0 1
0 2
0 3
0 6
0 7
0 16
0 17
0 20
0 24
0 25
0 27
0 28
0 33
0 35
0 40
0 42
0 50
0 53
0 61
0 62
0 66
0 78
0 83
0 86
0 94
1 3
1 4
1 7
1 8
1 13
1 14
1 16
1 17
1 18
1 22
1 23
1 26
1 29
1 30
1 42
1 44
1 47
1 48
1 51
1 53
1 54
1 56
1 58
1 65
1 67
1 69
1 70
1 75
1 79
1 80
1 85
1 86
1 87
2 6
2 10
2 19
2 20
2 24
2 26
2 27
2 37
2 38
2 39
2 41
2 47
2 49
2 56
2 57
2 62
2 67
2 68
2 70
2 78
2 82
2 87
2 90
2 94
2 96
3 5
3 7
3 11
3 15
3 21
3 23
3 27
3 28
3 29
3 32
3 33
3 38
3 41
3 46
3 50
3 52
3 54
3 55
3 59
3 63
3 69
3 70
3 74
3 75
3 78
3 82
3 83
3 84
3 87
3 89
3 91
3 99
4 14
4 15
4 17
4 19
4 22
4 25
4 26
4 27
4 28
4 31
4 33
4 34
4 35
4 41
4 42
4 51
4 52
4 53
4 54
4 60
4 61
4 64
4 68
4 82
4 87
4 90
4 97
5 10
5 12
5 14
5 18
5 20
5 21
5 22
5 31
5 36
5 41
5 45
5 46
5 47
5 49
5 50
5 53
5 56
5 57
5 68
5 69
5 71
5 73
5 75
5 82
5 83
5 85
5 87
5 90
5 98
5 99
6 7
6 15
6 16
6 22
6 24
6 30
6 32
6 35
6 36
6 42
6 47
6 50
6 51
6 53
6 55
6 56
6 61
6 62
6 63
6 65
6 66
6 70
6 74
6 77
6 78
6 82
6 84
6 86
6 87
6 93
6 95
7 8
7 9
7 11
7 16
7 17
7 18
7 23
7 28
7 29
7 34
7 36
7 38
7 44
7 45
7 55
7 56
7 57
7 59
7 61
7 68
7 69
7 77
7 81
7 85
7 86
7 87
7 89
7 90
7 93
7 94
7 96
7 98
7 99
8 26
8 31
8 32
8 35
8 36
8 37
8 38
8 46
8 47
8 49
8 51
8 54
8 55
8 62
8 63
8 65
8 69
8 76
8 86
8 89
8 91
8 93
8 96
8 98
9 11
9 12
9 13
9 18
9 26
9 35
9 36
9 42
9 43
9 47
9 48
9 51
9 56
9 58
9 61
9 63
9 64
9 66
9 67
9 68
9 69
9 73
9 78
9 80
9 89
9 98
10 13
10 14
10 16
10 24
10 28
10 35
10 39
10 41
10 42
10 43
10 60
10 73
10 74
10 75
10 76
10 78
10 87
10 91
10 96
11 12
11 14
11 16
11 24
11 26
11 30
11 35
11 39
11 41
11 49
11 51
11 53
11 57
11 58
11 59
11 60
11 65
11 67
11 70
11 71
11 72
11 75
11 78
11 85
11 86
11 87
11 91
11 97
11 98
12 18
12 20
12 21
12 27
12 29
12 31
12 35
12 37
12 39
12 44
12 48
12 49
12 50
12 57
12 60
12 66
12 72
12 73
12 75
12 76
12 83
12 87
12 92
12 97
12 98
12 99
13 17
13 28
13 38
13 41
13 44
13 45
13 51
13 54
13 55
13 56
13 58
13 61
13 62
13 63
13 68
13 82
13 84
13 92
13 95
13 97
14 20
14 21
14 33
14 34
14 36
14 39
14 43
14 54
14 55
14 56
14 59
14 61
14 63
14 70
14 77
14 79
14 83
14 84
14 86
14 91
14 95
15 18
15 20
15 23
15 25
15 26
15 27
15 28
15 33
15 41
15 47
15 50
15 53
15 56
15 58
15 60
15 66
15 70
15 73
15 82
15 83
15 84
15 87
15 90
15 92
15 93
15 94
15 95
16 23
16 24
16 25
16 30
16 31
16 37
16 41
16 42
16 50
16 52
16 54
16 55
16 58
16 61
16 62
16 68
16 69
16 71
16 72
16 74
16 75
16 76
16 84
16 85
16 87
16 88
16 93
16 97
17 21
17 22
17 27
17 29
17 30
17 33
17 35
17 36
17 38
17 41
17 43
17 46
17 48
17 61
17 67
17 68
17 71
17 77
17 79
17 85
17 86
17 92
18 19
18 22
18 25
18 26
18 29
18 30
18 31
18 33
18 38
18 42
18 47
18 48
18 53
18 59
18 62
18 67
18 71
18 72
18 78
18 80
18 85
18 89
18 90
18 93
18 98
19 21
19 22
19 32
19 34
19 38
19 42
19 43
19 44
19 45
19 49
19 53
19 57
19 59
19 61
19 62
19 63
19 66
19 67
19 72
19 74
19 81
19 82
19 84
19 89
19 90
19 92
19 93
19 95
19 98
20 21
20 22
20 27
20 31
20 35
20 36
20 38
20 39
20 42
20 44
20 48
20 55
20 59
20 61
20 63
20 67
20 70
20 71
20 72
20 78
20 81
20 83
20 85
20 87
20 91
21 23
21 26
21 27
21 29
21 33
21 36
21 38
21 39
21 41
21 45
21 46
21 49
21 50
21 61
21 64
21 66
21 68
21 69
21 77
21 79
21 87
21 92
21 95
21 96
21 97
22 28
22 29
22 31
22 32
22 37
22 38
22 41
22 43
22 46
22 48
22 56
22 62
22 64
22 69
22 74
22 75
22 77
22 82
22 85
22 88
22 99
23 24
23 26
23 28
23 30
23 31
23 45
23 48
23 51
23 67
23 70
23 71
23 75
23 82
23 83
23 85
23 87
23 90
23 91
23 97
23 98
24 29
24 30
24 35
24 37
24 44
24 45
24 49
24 51
24 52
24 53
24 54
24 55
24 57
24 58
24 59
24 60
24 64
24 67
24 68
24 69
24 71
24 72
24 73
24 89
24 92
24 93
24 97
24 98
25 28
25 30
25 33
25 35
25 36
25 42
25 46
25 62
25 64
25 65
25 66
25 72
25 79
25 81
25 83
25 84
25 85
25 89
25 94
25 95
25 98
25 99
26 29
26 30
26 32
26 41
26 46
26 49
26 51
26 55
26 59
26 64
26 66
26 67
26 69
26 70
26 74
26 75
26 76
26 77
26 78
26 79
26 80
26 81
26 82
26 87
27 28
27 37
27 39
27 40
27 43
27 44
27 48
27 51
27 52
27 59
27 62
27 70
27 82
27 88
27 89
27 99
28 29
28 30
28 32
28 34
28 38
28 42
28 45
28 52
28 53
28 55
28 56
28 66
28 70
28 71
28 75
28 77
28 82
28 84
28 85
28 87
28 88
28 92
28 93
28 95
28 96
29 33
29 35
29 36
29 37
29 38
29 44
29 48
29 50
29 52
29 53
29 54
29 55
29 56
29 58
29 60
29 61
29 64
29 65
29 69
29 70
29 73
29 74
29 77
29 79
29 80
29 81
29 90
29 93
30 36
30 43
30 44
30 47
30 48
30 49
30 52
30 62
30 64
30 73
30 75
30 76
30 79
30 80
30 85
30 86
30 88
30 92
30 94
30 98
31 32
31 39
31 45
31 48
31 53
31 55
31 56
31 57
31 58
31 59
31 60
31 63
31 65
31 67
31 70
31 71
31 81
31 85
31 86
31 87
31 88
31 89
31 95
31 96
31 99
32 35
32 36
32 44
32 49
32 54
32 58
32 59
32 61
32 69
32 78
32 81
32 87
32 91
32 98
33 37
33 41
33 49
33 55
33 61
33 63
33 67
33 68
33 71
33 72
33 81
33 84
33 94
33 96
34 36
34 41
34 42
34 50
34 54
34 56
34 59
34 67
34 68
34 70
34 77
34 81
34 86
34 94
35 37
35 38
35 42
35 46
35 49
35 50
35 52
35 60
35 62
35 63
35 65
35 67
35 70
35 74
35 80
35 82
35 87
35 94
35 95
35 98
36 38
36 42
36 49
36 56
36 59
36 71
36 73
36 74
36 75
36 77
36 78
36 81
36 82
36 85
36 91
36 94
36 96
36 98
37 40
37 41
37 46
37 47
37 52
37 55
37 56
37 61
37 63
37 64
37 69
37 72
37 76
37 80
37 94
37 95
37 97
37 98
37 99
38 41
38 45
38 50
38 56
38 69
38 70
38 72
38 75
38 81
38 84
38 86
38 87
38 93
38 98
38 99
39 40
39 42
39 43
39 46
39 47
39 49
39 53
39 54
39 58
39 59
39 60
39 63
39 71
39 75
39 81
39 84
39 87
39 90
39 92
39 94
39 95
40 41
40 42
40 49
40 53
40 60
40 63
40 64
40 65
40 69
40 73
40 76
40 88
40 92
40 99
41 42
41 45
41 49
41 51
41 53
41 56
41 58
41 61
41 64
41 67
41 71
41 72
41 73
41 75
41 76
41 79
41 80
41 82
41 85
41 91
41 96
42 50
42 52
42 53
42 57
42 60
42 65
42 68
42 70
42 75
42 76
42 77
42 78
42 79
42 80
42 89
42 90
42 92
42 97
43 46
43 47
43 48
43 49
43 50
43 51
43 52
43 55
43 69
43 78
43 85
43 90
43 94
43 95
43 96
43 97
44 46
44 47
44 49
44 50
44 55
44 56
44 58
44 59
44 62
44 72
44 76
44 79
44 81
44 83
44 84
44 86
44 99
45 53
45 54
45 57
45 64
45 66
45 68
45 69
45 74
45 75
45 77
45 84
45 89
45 90
45 94
45 96
45 97
46 50
46 51
46 52
46 54
46 67
46 69
46 70
46 77
46 79
46 84
46 87
46 89
47 49
47 53
47 56
47 59
47 63
47 65
47 66
47 68
47 69
47 74
47 77
47 82
47 85
47 86
47 93
47 96
47 97
48 53
48 55
48 64
48 68
48 72
48 73
48 75
48 77
48 86
48 87
48 90
48 91
48 93
48 94
48 96
49 52
49 53
49 55
49 57
49 62
49 76
49 77
49 81
49 87
49 90
49 91
49 94
49 96
49 99
50 51
50 54
50 60
50 65
50 67
50 68
50 69
50 79
50 84
50 90
50 96
50 97
51 60
51 61
51 67
51 69
51 70
51 77
51 80
51 86
51 89
51 90
51 92
51 94
51 99
52 55
52 56
52 57
52 59
52 60
52 62
52 65
52 71
52 72
52 73
52 79
52 81
52 87
52 88
52 90
52 95
52 99
53 56
53 62
53 68
53 69
53 70
53 72
53 73
53 74
53 75
53 78
53 82
53 85
53 89
53 93
53 97
53 99
54 57
54 67
54 81
54 83
54 84
54 88
54 89
54 90
54 91
54 93
54 94
54 95
54 97
55 56
55 57
55 59
55 60
55 67
55 71
55 73
55 80
55 82
55 84
55 86
55 87
55 88
55 99
56 57
56 59
56 64
56 65
56 67
56 70
56 72
56 73
56 75
56 76
56 78
56 85
56 86
56 89
56 91
56 94
57 59
57 60
57 63
57 67
57 69
57 72
57 73
57 75
57 80
57 81
57 82
57 88
57 92
57 94
57 97
58 62
58 64
58 65
58 79
58 81
58 89
58 91
58 98
59 66
59 69
59 70
59 75
59 77
59 89
59 90
59 91
59 99
60 61
60 64
60 65
60 69
60 74
60 81
60 82
60 84
60 85
60 87
60 91
60 96
60 98
60 99
61 63
61 66
61 69
61 72
61 74
61 78
61 89
61 91
61 92
61 95
61 96
61 97
61 98
62 64
62 65
62 67
62 71
62 74
62 76
62 82
62 84
62 87
62 88
62 91
62 92
63 66
63 67
63 72
63 74
63 75
63 80
63 82
63 84
63 88
63 90
63 91
63 92
63 93
63 99
64 68
64 70
64 73
64 76
64 78
64 82
64 87
64 89
64 93
64 98
65 69
65 82
65 85
65 93
65 96
65 98
66 67
66 68
66 70
66 73
66 75
66 79
66 83
66 87
66 89
66 90
66 97
66 99
67 68
67 73
67 74
67 83
67 86
67 88
67 92
67 93
68 69
68 73
68 74
68 75
68 76
68 80
68 83
68 86
68 89
68 97
69 80
69 88
69 89
69 97
69 99
70 83
70 84
70 94
70 96
71 73
71 77
71 79
71 85
71 87
71 92
72 74
72 78
72 79
72 80
72 83
72 88
72 93
72 95
72 97
72 98
72 99
73 78
73 82
73 87
73 88
73 97
74 79
74 80
74 81
74 82
74 84
74 87
74 89
74 92
74 95
74 97
74 98
74 99
75 83
75 84
75 86
75 94
76 77
76 78
76 88
76 90
76 92
76 96
77 83
77 84
77 86
77 89
77 91
77 92
77 94
77 96
77 97
78 83
78 93
78 97
78 98
78 99
79 81
79 83
79 86
79 88
79 91
79 96
79 99
80 84
80 88
80 91
80 99
81 85
81 88
81 92
81 94
81 97
82 83
82 85
82 86
82 92
82 96
82 99
83 87
83 88
83 89
83 92
83 95
83 97
84 91
84 94
84 96
84 99
85 92
85 97
86 97
86 99
87 89
88 92
88 94
88 99
89 90
89 96
89 98
90 91
90 93
90 99
91 94
91 95
91 96
91 97
91 99
92 97
92 98
93 96
95 96
95 97
96 97
