200 4040
0 19
0 24
0 25
0 46
0 49
0 52
0 54
0 58
0 60
0 61
0 70
0 82
0 87
0 93
0 98
0 101
0 106
0 108
0 110
0 111
0 118
0 124
0 130
0 134
0 136
0 149
0 153
0 160
0 164
0 169
0 170
0 171
0 179
0 185
0 198
1 4
1 6
1 9
1 11
1 13
1 23
1 25
1 29
1 32
1 33
1 34
1 38
1 40
1 46
1 52
1 56
1 65
1 66
1 74
1 75
1 79
1 81
1 89
1 91
1 95
1 98
1 105
1 107
1 110
1 114
1 121
1 122
1 124
1 136
1 141
1 142
1 144
1 152
1 155
1 159
1 161
1 164
1 173
1 174
1 184
1 187
1 191
1 192
1 195
1 198
2 8
2 29
2 32
2 34
2 39
2 46
2 47
2 51
2 54
2 56
2 63
2 67
2 69
2 76
2 79
2 85
2 87
2 90
2 93
2 96
2 104
2 107
2 114
2 121
2 125
2 127
2 130
2 142
2 145
2 149
2 156
2 162
2 166
2 177
2 185
2 187
2 191
3 7
3 18
3 19
3 23
3 32
3 33
3 35
3 36
3 44
3 49
3 51
3 52
3 53
3 61
3 64
3 67
3 71
3 72
3 82
3 86
3 89
3 90
3 94
3 106
3 107
3 109
3 111
3 112
3 113
3 121
3 128
3 138
3 139
3 146
3 147
3 150
3 152
3 159
3 160
3 161
3 179
3 181
3 186
3 189
4 5
4 10
4 11
4 12
4 14
4 15
4 18
4 24
4 28
4 32
4 33
4 34
4 35
4 37
4 41
4 46
4 47
4 51
4 52
4 57
4 90
4 97
4 98
4 102
4 117
4 118
4 120
4 124
4 126
4 139
4 142
4 146
4 151
4 152
4 154
4 157
4 167
4 179
4 181
4 182
4 183
4 190
5 7
5 14
5 25
5 26
5 27
5 29
5 32
5 46
5 53
5 59
5 60
5 71
5 75
5 83
5 95
5 105
5 109
5 114
5 127
5 132
5 138
5 150
5 152
5 153
5 169
5 174
5 175
5 182
5 190
5 193
5 197
5 198
6 7
6 11
6 13
6 16
6 17
6 21
6 26
6 29
6 31
6 32
6 33
6 37
6 44
6 45
6 53
6 63
6 65
6 74
6 78
6 79
6 97
6 98
6 107
6 109
6 110
6 111
6 113
6 117
6 139
6 156
6 164
6 169
6 181
6 186
6 188
6 191
7 9
7 10
7 17
7 18
7 20
7 25
7 26
7 28
7 34
7 46
7 48
7 54
7 57
7 58
7 62
7 65
7 66
7 75
7 80
7 86
7 91
7 92
7 94
7 97
7 113
7 114
7 121
7 122
7 126
7 127
7 130
7 137
7 142
7 148
7 154
7 158
7 159
7 163
7 164
7 175
7 182
7 185
7 187
7 190
7 196
7 198
7 199
8 9
8 14
8 21
8 22
8 26
8 33
8 37
8 39
8 43
8 46
8 51
8 53
8 56
8 60
8 73
8 75
8 77
8 78
8 95
8 103
8 110
8 120
8 122
8 127
8 130
8 147
8 158
8 163
8 164
8 168
8 173
8 178
8 187
8 191
8 193
9 16
9 21
9 31
9 32
9 33
9 34
9 41
9 42
9 45
9 51
9 53
9 54
9 55
9 65
9 70
9 74
9 85
9 90
9 93
9 100
9 101
9 108
9 110
9 111
9 118
9 129
9 133
9 137
9 139
9 142
9 149
9 151
9 152
9 155
9 161
9 165
9 169
9 177
9 178
9 195
10 15
10 18
10 20
10 22
10 26
10 28
10 31
10 39
10 45
10 46
10 52
10 56
10 65
10 66
10 70
10 71
10 80
10 97
10 101
10 111
10 116
10 118
10 124
10 125
10 127
10 140
10 145
10 151
10 153
10 163
10 165
10 190
10 191
10 193
10 194
10 197
11 19
11 28
11 33
11 36
11 39
11 41
11 42
11 48
11 49
11 55
11 68
11 72
11 74
11 78
11 80
11 82
11 85
11 86
11 87
11 91
11 99
11 105
11 110
11 118
11 122
11 129
11 133
11 137
11 138
11 142
11 144
11 155
11 156
11 158
11 159
11 161
11 162
11 179
11 184
11 195
12 20
12 26
12 29
12 37
12 44
12 45
12 64
12 75
12 77
12 80
12 82
12 87
12 91
12 96
12 103
12 104
12 105
12 110
12 112
12 115
12 121
12 123
12 125
12 130
12 143
12 148
12 154
12 155
12 162
12 165
12 168
12 174
12 176
12 179
12 180
12 182
12 189
12 198
13 15
13 20
13 33
13 40
13 54
13 59
13 61
13 65
13 66
13 79
13 80
13 83
13 88
13 93
13 110
13 115
13 119
13 124
13 125
13 133
13 142
13 147
13 148
13 157
13 161
13 181
13 183
13 188
13 189
13 190
13 193
13 196
14 15
14 20
14 23
14 26
14 31
14 32
14 41
14 53
14 57
14 58
14 59
14 60
14 61
14 65
14 66
14 69
14 88
14 105
14 109
14 111
14 116
14 117
14 119
14 126
14 127
14 129
14 130
14 132
14 136
14 145
14 149
14 151
14 157
14 160
14 161
14 168
14 169
14 180
14 181
15 17
15 19
15 21
15 23
15 24
15 33
15 34
15 39
15 47
15 61
15 74
15 75
15 77
15 81
15 99
15 102
15 109
15 114
15 124
15 126
15 133
15 138
15 140
15 145
15 153
15 154
15 155
15 157
15 161
15 170
15 172
15 176
15 177
15 181
15 186
15 188
15 193
15 198
16 24
16 26
16 27
16 35
16 42
16 45
16 50
16 52
16 57
16 63
16 64
16 66
16 75
16 78
16 85
16 90
16 92
16 100
16 103
16 111
16 120
16 125
16 134
16 137
16 140
16 143
16 144
16 150
16 160
16 162
16 166
16 173
16 178
16 180
16 183
16 193
16 196
16 198
16 199
17 21
17 26
17 32
17 40
17 46
17 47
17 58
17 59
17 60
17 65
17 70
17 72
17 78
17 108
17 112
17 119
17 120
17 122
17 128
17 132
17 140
17 146
17 154
17 155
17 156
17 166
17 174
17 178
17 185
17 186
18 19
18 20
18 25
18 31
18 36
18 42
18 43
18 44
18 46
18 51
18 52
18 64
18 71
18 73
18 74
18 88
18 91
18 97
18 98
18 107
18 110
18 111
18 118
18 119
18 122
18 124
18 127
18 129
18 132
18 133
18 136
18 138
18 143
18 150
18 154
18 161
18 162
18 165
18 170
18 179
18 197
19 23
19 27
19 37
19 49
19 61
19 65
19 71
19 78
19 79
19 80
19 87
19 107
19 112
19 113
19 120
19 133
19 134
19 148
19 149
19 154
19 161
19 172
19 173
19 181
19 185
19 186
19 189
19 190
19 191
19 199
20 23
20 32
20 51
20 54
20 59
20 60
20 61
20 66
20 69
20 75
20 85
20 90
20 95
20 99
20 103
20 104
20 107
20 114
20 115
20 120
20 127
20 129
20 130
20 133
20 134
20 137
20 142
20 147
20 151
20 154
20 156
20 163
20 170
20 171
20 174
20 182
20 185
21 23
21 26
21 29
21 35
21 43
21 52
21 54
21 56
21 72
21 80
21 87
21 93
21 95
21 111
21 115
21 116
21 122
21 129
21 130
21 131
21 136
21 138
21 144
21 145
21 154
21 155
21 156
21 159
21 162
21 163
21 166
21 173
21 196
21 199
22 26
22 40
22 43
22 44
22 46
22 57
22 72
22 76
22 78
22 87
22 89
22 96
22 97
22 98
22 102
22 110
22 111
22 120
22 129
22 145
22 149
22 151
22 155
22 156
22 157
22 160
22 162
22 166
22 170
22 171
22 174
22 176
22 180
22 182
22 183
22 187
22 190
22 197
22 199
23 24
23 26
23 30
23 32
23 35
23 37
23 42
23 43
23 47
23 48
23 50
23 52
23 57
23 60
23 66
23 74
23 81
23 86
23 89
23 100
23 103
23 107
23 113
23 122
23 130
23 138
23 142
23 145
23 151
23 159
23 166
23 167
23 168
23 186
24 33
24 34
24 40
24 51
24 69
24 74
24 76
24 78
24 83
24 85
24 95
24 96
24 100
24 102
24 103
24 106
24 111
24 119
24 120
24 122
24 127
24 129
24 135
24 140
24 143
24 144
24 155
24 156
24 158
24 168
24 173
24 174
24 175
24 178
24 182
24 189
24 191
24 199
25 36
25 42
25 50
25 54
25 58
25 61
25 63
25 65
25 66
25 71
25 75
25 76
25 86
25 89
25 92
25 103
25 107
25 112
25 118
25 122
25 125
25 136
25 138
25 140
25 141
25 144
25 154
25 156
25 160
25 167
25 170
25 174
25 176
25 180
25 197
26 35
26 37
26 59
26 64
26 71
26 75
26 76
26 86
26 87
26 88
26 103
26 104
26 112
26 113
26 121
26 140
26 154
26 157
26 161
26 165
26 177
26 181
26 182
26 183
26 185
26 189
26 193
26 195
26 199
27 41
27 43
27 44
27 45
27 48
27 51
27 53
27 61
27 71
27 73
27 81
27 87
27 93
27 102
27 107
27 113
27 115
27 117
27 122
27 123
27 131
27 132
27 135
27 137
27 138
27 142
27 143
27 149
27 150
27 154
27 156
27 158
27 159
27 164
27 177
27 192
27 194
27 196
27 198
27 199
28 34
28 36
28 38
28 39
28 40
28 55
28 59
28 67
28 71
28 75
28 77
28 83
28 85
28 95
28 99
28 121
28 130
28 134
28 143
28 155
28 157
28 158
28 164
28 169
28 170
28 176
28 183
28 185
28 186
28 188
28 195
29 40
29 43
29 46
29 49
29 51
29 53
29 55
29 56
29 58
29 61
29 64
29 71
29 78
29 82
29 84
29 93
29 102
29 103
29 104
29 108
29 111
29 120
29 121
29 128
29 129
29 131
29 132
29 137
29 148
29 149
29 155
29 162
29 168
29 175
29 177
29 179
29 180
29 188
29 191
29 193
30 37
30 38
30 40
30 46
30 47
30 52
30 54
30 55
30 58
30 64
30 65
30 69
30 71
30 87
30 90
30 92
30 95
30 100
30 109
30 112
30 113
30 116
30 117
30 119
30 121
30 122
30 123
30 131
30 132
30 139
30 145
30 151
30 155
30 157
30 162
30 167
30 169
30 172
30 183
30 185
30 187
30 192
31 38
31 41
31 44
31 45
31 49
31 51
31 54
31 58
31 63
31 64
31 69
31 77
31 81
31 88
31 89
31 93
31 96
31 102
31 105
31 107
31 113
31 117
31 129
31 130
31 132
31 144
31 149
31 151
31 153
31 154
31 156
31 159
31 161
31 163
31 164
31 171
31 176
31 177
31 181
31 190
31 197
32 35
32 36
32 39
32 40
32 46
32 51
32 53
32 58
32 61
32 65
32 67
32 77
32 83
32 84
32 86
32 90
32 95
32 97
32 104
32 105
32 114
32 118
32 120
32 122
32 125
32 131
32 135
32 136
32 138
32 139
32 145
32 149
32 156
32 158
32 159
32 165
32 173
32 174
32 177
32 186
32 187
32 195
32 197
33 42
33 44
33 64
33 74
33 76
33 79
33 90
33 96
33 102
33 104
33 110
33 112
33 130
33 131
33 132
33 136
33 139
33 145
33 147
33 148
33 150
33 153
33 155
33 172
33 176
33 179
33 180
33 183
33 184
33 192
33 193
33 194
33 195
33 196
34 35
34 47
34 48
34 53
34 56
34 57
34 65
34 76
34 78
34 84
34 95
34 100
34 101
34 117
34 119
34 129
34 130
34 136
34 140
34 142
34 144
34 145
34 164
34 165
34 172
34 176
34 181
34 191
34 193
34 195
34 197
35 41
35 49
35 51
35 54
35 59
35 72
35 74
35 82
35 85
35 87
35 88
35 92
35 93
35 97
35 98
35 99
35 101
35 103
35 118
35 122
35 125
35 145
35 150
35 159
35 162
35 169
35 171
35 172
35 189
35 192
36 43
36 46
36 47
36 51
36 68
36 73
36 79
36 80
36 91
36 93
36 95
36 97
36 99
36 104
36 106
36 109
36 121
36 131
36 139
36 140
36 145
36 146
36 149
36 157
36 158
36 163
36 165
36 168
36 171
36 172
36 179
36 184
36 188
36 189
36 190
36 191
36 194
36 199
37 38
37 50
37 51
37 54
37 55
37 56
37 57
37 59
37 60
37 65
37 69
37 71
37 76
37 77
37 78
37 84
37 101
37 102
37 105
37 107
37 108
37 111
37 112
37 115
37 124
37 125
37 128
37 130
37 141
37 161
37 162
37 164
37 185
37 186
37 187
37 197
37 198
38 39
38 41
38 44
38 45
38 47
38 60
38 62
38 63
38 64
38 66
38 71
38 75
38 82
38 90
38 95
38 96
38 97
38 102
38 103
38 106
38 127
38 131
38 137
38 156
38 172
38 183
38 192
38 195
39 42
39 43
39 45
39 47
39 51
39 53
39 61
39 63
39 77
39 90
39 92
39 105
39 110
39 113
39 124
39 129
39 131
39 133
39 134
39 135
39 138
39 140
39 146
39 155
39 159
39 161
39 162
39 168
39 172
39 177
39 179
39 180
39 194
39 195
39 198
39 199
40 43
40 49
40 53
40 56
40 58
40 71
40 79
40 86
40 90
40 96
40 105
40 111
40 115
40 117
40 120
40 121
40 125
40 144
40 149
40 152
40 161
40 162
40 173
40 175
40 192
40 194
40 196
41 52
41 53
41 67
41 71
41 73
41 83
41 84
41 86
41 89
41 100
41 102
41 116
41 117
41 120
41 122
41 133
41 138
41 139
41 148
41 151
41 152
41 153
41 157
41 159
41 161
41 163
41 167
41 170
41 172
41 181
41 189
42 57
42 58
42 61
42 68
42 78
42 85
42 89
42 91
42 98
42 101
42 120
42 125
42 129
42 132
42 137
42 138
42 139
42 160
42 162
42 170
42 178
42 180
42 183
42 184
42 186
42 187
42 194
43 51
43 52
43 57
43 64
43 68
43 69
43 71
43 81
43 84
43 86
43 89
43 98
43 99
43 104
43 111
43 113
43 115
43 117
43 118
43 119
43 121
43 123
43 138
43 140
43 149
43 150
43 152
43 154
43 159
43 161
43 167
43 169
43 170
43 173
43 177
43 181
43 182
43 183
43 186
43 187
43 192
43 194
44 47
44 56
44 57
44 59
44 64
44 66
44 69
44 87
44 88
44 101
44 105
44 109
44 116
44 119
44 125
44 126
44 133
44 136
44 137
44 140
44 142
44 143
44 148
44 149
44 151
44 160
44 171
44 173
44 174
44 176
44 183
44 185
44 192
44 195
44 196
45 50
45 51
45 59
45 61
45 72
45 80
45 85
45 86
45 111
45 112
45 123
45 124
45 128
45 136
45 137
45 140
45 148
45 154
45 158
45 165
45 176
45 179
45 180
45 184
45 185
45 195
46 48
46 49
46 55
46 56
46 83
46 84
46 102
46 104
46 112
46 123
46 124
46 125
46 127
46 131
46 143
46 144
46 162
46 164
46 165
46 173
46 177
46 179
46 181
46 186
46 196
47 53
47 62
47 64
47 65
47 66
47 72
47 80
47 81
47 84
47 95
47 96
47 100
47 101
47 105
47 107
47 111
47 131
47 135
47 137
47 138
47 139
47 142
47 145
47 150
47 157
47 159
47 163
47 166
47 182
47 187
47 192
47 198
48 49
48 56
48 57
48 60
48 68
48 71
48 75
48 82
48 83
48 89
48 96
48 106
48 109
48 122
48 124
48 128
48 129
48 139
48 140
48 144
48 145
48 161
48 162
48 164
48 176
48 190
48 191
48 193
49 51
49 84
49 90
49 93
49 98
49 99
49 113
49 115
49 116
49 117
49 123
49 129
49 132
49 140
49 142
49 146
49 156
49 174
49 178
49 182
49 183
49 186
49 196
49 197
50 65
50 69
50 83
50 87
50 91
50 96
50 101
50 103
50 116
50 121
50 123
50 126
50 133
50 139
50 140
50 142
50 144
50 147
50 149
50 151
50 156
50 157
50 160
50 162
50 181
50 183
51 58
51 60
51 61
51 66
51 69
51 71
51 89
51 94
51 95
51 102
51 110
51 111
51 115
51 120
51 124
51 125
51 128
51 135
51 137
51 152
51 169
51 173
51 177
51 182
51 184
51 189
51 192
51 198
52 53
52 56
52 58
52 65
52 78
52 87
52 91
52 98
52 115
52 118
52 119
52 121
52 123
52 125
52 126
52 127
52 128
52 129
52 133
52 135
52 137
52 156
52 164
52 166
52 169
52 170
52 172
52 174
52 177
52 178
52 182
52 184
52 187
52 189
52 192
53 63
53 65
53 74
53 75
53 78
53 80
53 84
53 87
53 90
53 92
53 112
53 121
53 126
53 127
53 133
53 137
53 138
53 151
53 153
53 154
53 159
53 160
53 167
53 168
53 171
53 174
53 176
53 183
53 184
53 186
53 191
54 58
54 60
54 62
54 68
54 69
54 71
54 74
54 76
54 79
54 80
54 82
54 83
54 87
54 91
54 95
54 103
54 110
54 113
54 114
54 117
54 118
54 125
54 131
54 132
54 134
54 135
54 136
54 144
54 145
54 148
54 150
54 158
54 166
54 186
54 187
54 192
54 197
55 62
55 63
55 64
55 71
55 74
55 79
55 80
55 81
55 82
55 85
55 91
55 95
55 98
55 102
55 123
55 124
55 127
55 135
55 137
55 140
55 146
55 151
55 158
55 160
55 164
55 165
55 167
55 172
55 182
55 183
55 189
55 191
55 192
55 196
55 198
56 59
56 62
56 74
56 80
56 82
56 86
56 88
56 100
56 102
56 104
56 106
56 107
56 113
56 118
56 123
56 126
56 140
56 141
56 146
56 147
56 161
56 166
56 170
56 174
56 175
56 178
56 181
56 187
56 194
56 196
56 198
57 64
57 66
57 70
57 85
57 88
57 97
57 105
57 107
57 113
57 119
57 120
57 128
57 132
57 135
57 144
57 146
57 160
57 162
57 165
57 168
57 195
58 62
58 76
58 79
58 82
58 89
58 92
58 96
58 111
58 117
58 119
58 122
58 128
58 134
58 138
58 141
58 144
58 146
58 163
58 166
58 168
58 185
58 191
58 194
58 196
59 63
59 68
59 69
59 72
59 76
59 77
59 78
59 85
59 86
59 87
59 89
59 95
59 99
59 101
59 105
59 116
59 127
59 137
59 146
59 147
59 150
59 153
59 154
59 161
59 177
59 185
59 190
60 64
60 68
60 76
60 79
60 88
60 91
60 92
60 94
60 98
60 99
60 101
60 103
60 104
60 106
60 108
60 110
60 128
60 129
60 133
60 146
60 154
60 155
60 160
60 161
60 168
60 174
60 177
60 180
60 188
60 190
60 196
60 197
61 65
61 66
61 67
61 73
61 74
61 76
61 77
61 82
61 95
61 99
61 102
61 103
61 110
61 111
61 115
61 122
61 131
61 133
61 148
61 152
61 155
61 156
61 172
61 174
61 175
61 188
61 194
61 199
62 63
62 64
62 66
62 70
62 79
62 81
62 82
62 87
62 89
62 90
62 91
62 92
62 101
62 104
62 106
62 110
62 120
62 123
62 124
62 126
62 128
62 130
62 131
62 138
62 141
62 143
62 144
62 150
62 152
62 154
62 158
62 159
62 162
62 165
62 170
62 172
62 174
62 183
62 190
62 193
63 64
63 69
63 78
63 107
63 122
63 125
63 133
63 136
63 137
63 139
63 140
63 143
63 153
63 157
63 164
63 169
63 180
63 190
63 196
63 197
64 74
64 82
64 83
64 89
64 91
64 95
64 107
64 112
64 113
64 115
64 124
64 140
64 144
64 149
64 155
64 156
64 174
64 177
64 183
64 188
64 199
65 72
65 77
65 87
65 89
65 90
65 102
65 103
65 107
65 108
65 110
65 114
65 119
65 120
65 126
65 127
65 131
65 135
65 137
65 138
65 142
65 147
65 157
65 164
65 167
65 171
65 176
65 177
65 178
65 183
65 184
65 195
65 196
66 78
66 80
66 93
66 106
66 117
66 125
66 126
66 130
66 131
66 133
66 140
66 144
66 147
66 148
66 153
66 161
66 163
66 166
66 173
66 175
66 178
66 181
66 184
66 185
66 187
66 190
66 191
66 196
66 199
67 75
67 76
67 80
67 83
67 86
67 98
67 101
67 104
67 105
67 107
67 112
67 113
67 122
67 124
67 139
67 142
67 148
67 150
67 152
67 158
67 160
67 161
67 162
67 164
67 165
67 169
67 179
67 182
67 190
67 193
67 196
67 198
68 70
68 76
68 79
68 82
68 84
68 88
68 95
68 99
68 111
68 117
68 121
68 127
68 128
68 131
68 136
68 137
68 140
68 149
68 150
68 163
68 164
68 166
68 167
68 168
68 171
68 176
68 177
68 178
68 181
68 192
68 193
68 199
69 70
69 75
69 84
69 87
69 88
69 98
69 107
69 110
69 118
69 122
69 133
69 134
69 144
69 147
69 150
69 155
69 156
69 163
69 165
69 169
69 171
69 175
69 178
69 183
69 189
69 194
70 72
70 75
70 77
70 91
70 95
70 96
70 99
70 110
70 111
70 135
70 143
70 145
70 149
70 157
70 159
70 168
70 179
70 181
71 72
71 75
71 79
71 84
71 88
71 94
71 96
71 117
71 133
71 143
71 145
71 156
71 160
71 161
71 166
71 174
71 178
71 186
71 189
71 194
71 199
72 81
72 101
72 102
72 107
72 108
72 109
72 116
72 121
72 124
72 126
72 128
72 129
72 130
72 135
72 140
72 141
72 146
72 150
72 156
72 158
72 161
72 168
72 178
72 180
72 181
72 183
72 184
72 188
72 191
72 198
73 77
73 89
73 91
73 94
73 101
73 103
73 108
73 110
73 112
73 120
73 125
73 131
73 134
73 144
73 145
73 149
73 153
73 157
73 173
73 181
73 195
73 196
74 80
74 82
74 85
74 97
74 102
74 104
74 110
74 111
74 119
74 120
74 125
74 141
74 146
74 147
74 149
74 156
74 171
74 184
74 185
74 191
74 193
74 195
74 197
74 198
75 77
75 80
75 91
75 97
75 99
75 101
75 108
75 113
75 116
75 121
75 130
75 134
75 137
75 141
75 162
75 168
75 170
75 173
75 174
75 175
75 182
75 191
75 193
75 194
75 197
75 199
76 79
76 80
76 83
76 91
76 95
76 102
76 103
76 104
76 108
76 112
76 119
76 120
76 128
76 131
76 133
76 143
76 146
76 150
76 154
76 156
76 157
76 163
76 167
76 169
76 179
76 182
76 185
76 195
76 196
77 81
77 86
77 87
77 88
77 89
77 91
77 101
77 105
77 107
77 112
77 120
77 129
77 131
77 138
77 155
77 158
77 163
77 164
77 165
77 173
77 187
77 194
77 196
78 85
78 90
78 91
78 92
78 94
78 96
78 101
78 102
78 103
78 106
78 108
78 109
78 114
78 115
78 120
78 125
78 131
78 132
78 133
78 138
78 140
78 146
78 152
78 156
78 159
78 168
78 169
78 174
78 182
78 194
79 84
79 88
79 102
79 103
79 125
79 127
79 135
79 137
79 139
79 144
79 150
79 168
79 169
79 171
79 179
79 189
79 191
79 192
80 82
80 92
80 94
80 97
80 113
80 114
80 116
80 117
80 119
80 123
80 126
80 128
80 133
80 137
80 140
80 144
80 153
80 157
80 167
80 172
80 177
80 190
80 191
80 192
80 199
81 84
81 86
81 87
81 93
81 99
81 102
81 104
81 107
81 108
81 110
81 115
81 120
81 121
81 129
81 131
81 145
81 149
81 150
81 152
81 156
81 157
81 159
81 162
81 166
81 172
81 174
81 178
81 189
81 193
82 94
82 97
82 105
82 109
82 110
82 113
82 117
82 119
82 123
82 129
82 133
82 134
82 145
82 149
82 151
82 152
82 154
82 167
82 171
82 173
82 175
82 176
82 177
82 179
82 191
82 198
83 85
83 98
83 102
83 106
83 114
83 117
83 118
83 122
83 123
83 130
83 133
83 140
83 144
83 149
83 150
83 153
83 162
83 165
83 172
83 175
83 182
83 183
83 184
83 190
83 194
83 195
83 196
83 199
84 94
84 97
84 104
84 107
84 120
84 121
84 125
84 130
84 132
84 158
84 173
84 176
84 186
84 188
84 189
84 191
84 197
85 86
85 88
85 90
85 95
85 110
85 111
85 114
85 119
85 125
85 129
85 132
85 134
85 147
85 149
85 153
85 155
85 158
85 162
85 165
85 170
85 175
85 177
85 184
85 190
85 192
85 193
86 89
86 90
86 98
86 101
86 105
86 106
86 109
86 113
86 132
86 136
86 142
86 146
86 150
86 156
86 167
86 172
86 173
86 177
86 178
86 191
86 196
86 198
87 90
87 95
87 97
87 110
87 113
87 121
87 123
87 132
87 135
87 139
87 142
87 154
87 157
87 170
87 172
87 173
87 174
87 175
87 177
87 178
87 189
87 190
87 192
87 193
87 194
87 198
88 90
88 92
88 101
88 102
88 112
88 113
88 117
88 118
88 121
88 122
88 129
88 145
88 153
88 154
88 158
88 166
88 168
88 172
88 173
88 174
88 175
88 177
88 178
88 183
88 186
88 191
89 91
89 103
89 107
89 108
89 110
89 116
89 119
89 122
89 123
89 129
89 141
89 142
89 145
89 149
89 157
89 164
89 165
89 167
89 168
89 171
89 177
89 182
89 196
89 197
89 198
90 91
90 92
90 96
90 107
90 109
90 125
90 126
90 136
90 138
90 148
90 153
90 159
90 162
90 178
90 181
90 186
90 190
90 193
90 194
90 195
91 96
91 99
91 108
91 112
91 114
91 115
91 116
91 117
91 122
91 126
91 131
91 136
91 158
91 162
91 164
91 176
91 178
91 182
91 198
92 99
92 107
92 111
92 118
92 121
92 124
92 133
92 134
92 136
92 151
92 155
92 161
92 166
92 168
92 170
92 175
92 177
92 178
92 179
92 181
92 183
92 184
92 195
93 100
93 103
93 107
93 109
93 110
93 113
93 114
93 115
93 119
93 120
93 126
93 144
93 148
93 153
93 159
93 160
93 172
93 177
93 180
93 182
93 188
93 191
93 193
93 196
94 108
94 119
94 120
94 125
94 135
94 138
94 140
94 146
94 148
94 150
94 152
94 157
94 160
94 169
94 172
94 187
95 98
95 99
95 100
95 103
95 104
95 106
95 112
95 129
95 130
95 131
95 140
95 142
95 143
95 148
95 155
95 158
95 167
95 170
95 176
95 183
95 187
95 188
95 191
96 97
96 98
96 100
96 103
96 107
96 112
96 116
96 118
96 124
96 131
96 137
96 138
96 142
96 146
96 153
96 164
96 177
96 178
96 182
96 187
96 190
96 192
96 193
96 198
96 199
97 98
97 101
97 105
97 107
97 113
97 114
97 115
97 119
97 122
97 127
97 131
97 139
97 143
97 147
97 154
97 161
97 162
97 176
97 177
97 181
97 183
97 185
97 190
97 193
97 194
97 197
97 198
98 102
98 108
98 109
98 110
98 117
98 119
98 123
98 134
98 147
98 149
98 156
98 160
98 175
98 177
98 182
98 183
98 185
98 187
98 189
99 102
99 114
99 117
99 118
99 123
99 135
99 138
99 142
99 147
99 152
99 155
99 160
99 162
99 163
99 177
99 179
99 181
99 182
99 193
99 196
99 199
100 104
100 105
100 107
100 119
100 121
100 128
100 130
100 139
100 148
100 154
100 165
100 168
100 171
100 172
100 175
100 178
100 181
100 182
100 186
100 189
100 192
100 194
101 102
101 123
101 126
101 131
101 133
101 144
101 146
101 148
101 165
101 171
101 181
101 185
101 191
101 192
102 105
102 108
102 121
102 122
102 128
102 129
102 131
102 134
102 136
102 137
102 141
102 145
102 150
102 155
102 159
102 162
102 164
102 166
102 167
102 179
102 189
103 105
103 107
103 110
103 113
103 118
103 119
103 124
103 125
103 126
103 129
103 136
103 143
103 144
103 153
103 167
103 170
103 172
103 176
103 185
103 186
103 190
103 194
104 111
104 114
104 133
104 137
104 139
104 141
104 144
104 150
104 152
104 155
104 166
104 178
104 183
104 195
104 197
105 107
105 111
105 121
105 134
105 150
105 162
105 164
105 169
105 170
105 173
105 174
105 179
106 107
106 110
106 130
106 143
106 156
106 157
106 164
106 166
106 167
106 177
106 179
106 194
107 112
107 117
107 120
107 125
107 139
107 142
107 146
107 152
107 160
107 173
107 174
107 176
107 177
107 181
107 182
107 183
107 186
107 189
107 190
107 191
107 192
107 193
108 116
108 118
108 121
108 122
108 140
108 148
108 149
108 150
108 154
108 165
108 175
108 177
108 178
108 183
108 190
108 191
109 112
109 130
109 131
109 135
109 138
109 142
109 145
109 148
109 150
109 153
109 157
109 170
109 172
109 180
109 191
109 193
110 111
110 112
110 113
110 115
110 116
110 123
110 130
110 138
110 141
110 145
110 148
110 152
110 158
110 173
110 174
110 178
110 179
110 181
110 183
110 184
110 188
110 194
110 199
111 112
111 116
111 121
111 128
111 131
111 141
111 147
111 148
111 159
111 161
111 163
111 165
111 170
111 177
111 183
111 185
111 196
112 115
112 123
112 130
112 136
112 140
112 142
112 144
112 148
112 150
112 151
112 156
112 157
112 161
112 172
112 174
112 177
112 189
112 190
112 196
113 116
113 122
113 123
113 139
113 146
113 153
113 157
113 169
113 171
113 174
113 180
113 181
113 182
113 190
113 193
113 198
114 122
114 124
114 127
114 135
114 136
114 143
114 146
114 148
114 155
114 158
114 168
114 172
114 175
114 179
114 182
114 186
114 190
114 192
114 193
114 196
114 197
115 118
115 120
115 124
115 131
115 133
115 141
115 145
115 146
115 150
115 153
115 155
115 159
115 166
115 174
115 180
115 181
115 183
115 192
116 120
116 127
116 130
116 134
116 139
116 141
116 151
116 169
116 171
116 174
116 176
116 193
116 199
117 125
117 139
117 142
117 144
117 146
117 148
117 150
117 152
117 156
117 158
117 160
117 174
117 175
117 176
117 181
117 185
118 120
118 125
118 129
118 133
118 140
118 147
118 149
118 155
118 161
118 165
118 172
118 178
118 185
118 191
118 198
119 122
119 126
119 127
119 137
119 139
119 145
119 149
119 153
119 163
119 164
119 170
119 173
119 174
119 180
119 185
119 190
119 191
119 194
119 196
120 123
120 134
120 148
120 155
120 157
120 158
120 162
120 163
120 165
120 166
120 172
120 173
120 175
120 178
120 181
120 185
120 188
120 192
121 131
121 136
121 139
121 142
121 144
121 151
121 152
121 156
121 159
121 165
121 172
121 178
121 184
121 189
121 190
121 197
122 126
122 128
122 132
122 142
122 159
122 165
122 169
122 173
122 177
122 183
122 194
122 195
122 196
123 125
123 128
123 129
123 134
123 154
123 155
123 156
123 157
123 175
123 179
123 184
124 127
124 137
124 141
124 144
124 150
124 152
124 153
124 158
124 162
124 166
124 172
124 177
124 182
124 184
124 185
124 191
124 192
125 131
125 139
125 142
125 146
125 159
125 160
125 166
125 168
125 172
125 174
125 176
125 184
126 130
126 131
126 132
126 139
126 144
126 176
126 182
126 186
126 187
126 191
126 197
127 132
127 133
127 136
127 138
127 139
127 142
127 144
127 146
127 147
127 151
127 154
127 157
127 159
127 161
127 166
127 175
127 185
127 186
127 193
127 195
128 131
128 144
128 150
128 153
128 158
128 163
128 176
128 178
128 181
128 184
128 188
128 190
128 195
129 133
129 144
129 145
129 155
129 157
129 167
129 171
129 173
129 183
129 184
129 194
130 131
130 138
130 155
130 158
130 160
130 162
130 170
130 172
130 175
130 181
130 187
130 191
130 192
131 138
131 164
131 174
131 178
131 179
131 186
131 188
131 195
131 199
132 137
132 144
132 146
132 149
132 156
132 157
132 162
132 169
132 172
132 176
132 178
132 182
132 191
132 198
133 136
133 139
133 142
133 143
133 148
133 153
133 156
133 164
133 185
133 186
133 190
133 197
134 136
134 143
134 144
134 145
134 149
134 153
134 154
134 156
134 162
134 175
134 183
134 185
135 139
135 140
135 145
135 152
135 153
135 158
135 163
135 166
135 169
135 175
135 176
135 177
135 179
135 183
135 198
136 143
136 146
136 147
136 157
136 158
136 159
136 166
136 173
136 175
136 176
136 189
136 191
136 196
137 141
137 143
137 153
137 162
137 174
137 175
137 176
137 180
137 192
137 195
137 197
138 145
138 151
138 153
138 154
138 157
138 158
138 159
138 160
138 169
138 170
138 175
138 183
138 188
138 189
138 191
138 199
139 142
139 144
139 152
139 154
139 159
139 161
139 162
139 172
139 174
139 182
139 183
139 184
139 186
139 189
139 198
140 141
140 146
140 147
140 148
140 150
140 163
140 164
140 165
140 166
140 173
140 177
140 180
140 181
140 184
140 189
141 143
141 147
141 156
141 158
141 163
141 165
141 178
141 179
141 183
141 188
141 194
142 151
142 157
142 167
142 175
142 176
142 187
142 192
142 195
142 197
142 199
143 169
143 172
143 188
144 146
144 148
144 151
144 152
144 154
144 155
144 162
144 163
144 168
144 171
144 173
144 175
144 181
144 183
144 191
144 199
145 149
145 150
145 154
145 161
145 166
145 171
145 178
145 187
145 193
146 150
146 153
146 157
146 160
146 172
146 175
146 177
146 181
146 191
146 195
146 197
146 198
147 156
147 159
147 175
147 187
147 189
147 199
148 151
148 162
148 164
148 165
148 166
148 177
148 180
148 189
148 192
148 193
149 150
149 153
149 155
149 156
149 159
149 161
149 167
149 169
149 179
149 180
149 181
149 184
149 192
150 151
150 152
150 153
150 160
150 164
150 174
150 178
150 182
150 191
150 192
150 198
151 159
151 160
151 177
151 178
151 179
151 185
151 190
151 193
152 155
152 160
152 170
152 175
152 178
152 198
153 161
153 165
153 169
153 170
153 176
153 179
153 180
153 183
153 187
153 188
153 191
153 193
154 171
154 175
154 178
154 189
154 190
154 196
155 159
155 165
155 168
155 175
155 177
155 181
155 186
155 188
155 194
156 162
156 167
156 178
156 185
156 192
156 193
157 159
157 161
157 175
157 182
157 183
157 193
157 196
157 198
158 160
158 161
158 172
158 173
158 187
158 188
158 189
158 191
158 195
158 197
159 163
159 168
159 177
159 184
159 187
159 189
159 192
159 195
159 196
160 167
160 168
160 187
160 190
160 197
160 199
161 164
161 167
161 174
161 175
161 184
161 190
161 192
161 197
161 198
162 163
162 169
162 176
162 185
162 187
162 188
162 189
162 191
162 192
162 195
163 170
163 175
163 190
163 196
164 167
164 169
164 175
164 176
164 177
164 183
164 191
164 192
164 195
164 198
165 176
165 178
165 188
165 195
165 196
165 198
166 170
166 182
166 189
166 193
166 194
166 195
166 197
166 198
167 169
167 174
167 185
167 188
167 189
167 196
167 199
168 169
168 178
168 181
168 184
168 185
168 186
168 192
168 194
169 170
169 171
169 172
169 175
169 178
169 180
169 183
169 185
169 195
169 197
170 174
170 178
170 182
170 183
170 191
170 192
170 193
171 172
171 176
171 181
171 190
172 176
172 180
172 181
172 186
172 195
172 196
172 198
173 176
173 180
173 185
173 187
173 192
173 194
174 176
174 177
174 188
174 191
174 198
175 178
175 181
175 186
175 199
176 183
176 187
176 189
176 196
177 180
177 197
178 179
178 181
178 185
178 197
179 182
179 199
180 182
180 183
180 184
180 186
180 191
180 193
180 194
181 187
181 189
181 191
181 198
182 183
183 191
184 191
184 198
185 186
185 187
185 195
185 196
186 188
187 190
188 190
188 193
188 194
188 199
189 198
190 192
190 194
190 196
190 199
191 195
192 198
192 199
193 198
193 199
196 197
