200 9958
0 1
0 4
0 6
0 9
0 10
0 12
0 15
0 18
0 25
0 26
0 28
0 32
0 33
0 35
0 37
0 41
0 42
0 47
0 51
0 57
0 58
0 59
0 60
0 62
0 63
0 64
0 65
0 66
0 69
0 72
0 75
0 77
0 78
0 79
0 80
0 81
0 82
0 85
0 86
0 87
0 88
0 91
0 93
0 94
0 96
0 98
0 99
0 101
0 103
0 104
0 108
0 109
0 110
0 111
0 112
0 115
0 117
0 118
0 120
0 122
0 125
0 127
0 128
0 129
0 130
0 131
0 132
0 133
0 137
0 138
0 139
0 140
0 142
0 145
0 147
0 149
0 150
0 151
0 152
0 154
0 155
0 160
0 161
0 162
0 163
0 164
0 165
0 167
0 169
0 170
0 171
0 173
0 177
0 178
0 179
0 181
0 183
0 184
0 186
0 187
0 189
0 191
0 192
0 193
0 195
0 197
0 198
1 2
1 3
1 6
1 10
1 11
1 12
1 14
1 16
1 19
1 24
1 26
1 28
1 29
1 30
1 31
1 32
1 36
1 38
1 40
1 41
1 42
1 43
1 45
1 47
1 51
1 53
1 54
1 56
1 57
1 59
1 62
1 64
1 65
1 67
1 72
1 76
1 80
1 81
1 83
1 85
1 87
1 93
1 94
1 96
1 97
1 98
1 105
1 106
1 107
1 108
1 111
1 113
1 116
1 117
1 123
1 125
1 127
1 129
1 130
1 132
1 135
1 136
1 140
1 142
1 144
1 145
1 146
1 148
1 152
1 154
1 157
1 159
1 160
1 162
1 166
1 167
1 169
1 171
1 172
1 173
1 177
1 178
1 180
1 183
1 185
1 186
1 187
1 189
1 193
1 195
1 199
2 3
2 5
2 6
2 7
2 8
2 11
2 19
2 23
2 24
2 26
2 28
2 30
2 31
2 33
2 39
2 42
2 43
2 45
2 46
2 51
2 52
2 54
2 57
2 59
2 60
2 61
2 62
2 69
2 71
2 73
2 74
2 75
2 76
2 82
2 85
2 87
2 91
2 94
2 97
2 98
2 102
2 105
2 108
2 110
2 112
2 114
2 115
2 116
2 117
2 118
2 120
2 122
2 123
2 124
2 125
2 127
2 128
2 129
2 132
2 133
2 134
2 136
2 137
2 138
2 140
2 141
2 143
2 144
2 146
2 148
2 149
2 152
2 153
2 154
2 156
2 159
2 164
2 171
2 173
2 174
2 175
2 177
2 178
2 179
2 183
2 185
2 187
2 191
2 197
2 199
3 4
3 5
3 6
3 7
3 12
3 20
3 22
3 27
3 29
3 31
3 32
3 33
3 34
3 35
3 36
3 41
3 44
3 45
3 46
3 47
3 48
3 50
3 51
3 53
3 55
3 56
3 58
3 59
3 61
3 62
3 64
3 66
3 67
3 68
3 70
3 71
3 72
3 75
3 76
3 77
3 78
3 81
3 82
3 83
3 84
3 87
3 90
3 91
3 93
3 96
3 97
3 98
3 99
3 103
3 104
3 105
3 107
3 108
3 110
3 113
3 114
3 115
3 118
3 121
3 123
3 124
3 126
3 127
3 128
3 129
3 131
3 133
3 134
3 135
3 137
3 141
3 144
3 146
3 147
3 148
3 149
3 150
3 152
3 155
3 156
3 157
3 158
3 161
3 162
3 167
3 170
3 171
3 175
3 176
3 177
3 178
3 179
3 181
3 182
3 184
3 185
3 186
3 195
3 196
3 197
3 198
4 5
4 7
4 9
4 11
4 17
4 18
4 19
4 22
4 23
4 24
4 25
4 27
4 28
4 30
4 34
4 36
4 38
4 44
4 45
4 47
4 48
4 51
4 53
4 58
4 59
4 60
4 61
4 62
4 64
4 65
4 66
4 67
4 69
4 70
4 71
4 72
4 73
4 77
4 78
4 81
4 82
4 86
4 87
4 89
4 92
4 93
4 96
4 99
4 104
4 106
4 110
4 111
4 115
4 117
4 119
4 120
4 121
4 122
4 123
4 124
4 126
4 128
4 130
4 137
4 139
4 143
4 144
4 145
4 149
4 151
4 152
4 154
4 155
4 156
4 157
4 159
4 160
4 161
4 162
4 165
4 167
4 168
4 170
4 172
4 173
4 175
4 176
4 180
4 181
4 187
4 189
4 192
4 193
4 195
4 196
4 197
4 198
5 10
5 11
5 13
5 16
5 20
5 21
5 28
5 31
5 32
5 33
5 34
5 40
5 42
5 43
5 51
5 53
5 55
5 56
5 58
5 59
5 60
5 61
5 62
5 63
5 66
5 68
5 69
5 73
5 74
5 75
5 78
5 79
5 82
5 83
5 84
5 86
5 88
5 91
5 95
5 97
5 100
5 105
5 107
5 108
5 109
5 110
5 113
5 114
5 119
5 120
5 123
5 124
5 129
5 131
5 132
5 133
5 134
5 136
5 137
5 138
5 139
5 140
5 142
5 143
5 149
5 150
5 154
5 155
5 156
5 157
5 159
5 162
5 166
5 169
5 170
5 171
5 172
5 178
5 179
5 180
5 181
5 182
5 195
5 197
6 7
6 10
6 12
6 14
6 15
6 16
6 17
6 19
6 20
6 21
6 23
6 25
6 29
6 30
6 31
6 32
6 33
6 34
6 39
6 40
6 43
6 49
6 54
6 55
6 56
6 57
6 58
6 59
6 60
6 63
6 65
6 66
6 67
6 69
6 73
6 75
6 77
6 78
6 80
6 83
6 85
6 86
6 88
6 90
6 91
6 93
6 94
6 95
6 97
6 99
6 101
6 102
6 103
6 106
6 109
6 110
6 111
6 113
6 114
6 115
6 116
6 117
6 119
6 122
6 125
6 127
6 128
6 129
6 131
6 135
6 137
6 139
6 140
6 141
6 145
6 146
6 152
6 153
6 155
6 156
6 159
6 160
6 161
6 163
6 164
6 166
6 167
6 170
6 171
6 172
6 173
6 175
6 177
6 180
6 182
6 187
6 193
6 194
6 195
6 197
7 9
7 11
7 12
7 13
7 14
7 15
7 17
7 18
7 19
7 21
7 23
7 24
7 25
7 26
7 28
7 31
7 32
7 33
7 36
7 37
7 38
7 40
7 42
7 43
7 46
7 47
7 50
7 51
7 55
7 57
7 58
7 60
7 64
7 66
7 67
7 70
7 71
7 72
7 73
7 74
7 75
7 79
7 80
7 84
7 90
7 91
7 95
7 96
7 97
7 102
7 103
7 105
7 106
7 109
7 110
7 111
7 112
7 113
7 114
7 115
7 118
7 119
7 120
7 121
7 122
7 123
7 124
7 126
7 127
7 137
7 138
7 139
7 142
7 146
7 147
7 148
7 150
7 151
7 155
7 156
7 157
7 158
7 159
7 160
7 162
7 166
7 168
7 171
7 172
7 173
7 175
7 176
7 177
7 183
7 184
7 186
7 187
7 188
7 189
7 190
7 191
7 193
7 194
7 199
8 12
8 16
8 17
8 21
8 22
8 25
8 26
8 27
8 28
8 29
8 30
8 35
8 38
8 40
8 42
8 44
8 45
8 48
8 49
8 50
8 53
8 54
8 55
8 56
8 57
8 59
8 62
8 63
8 64
8 65
8 66
8 67
8 69
8 70
8 72
8 73
8 75
8 77
8 81
8 83
8 84
8 85
8 89
8 92
8 95
8 98
8 99
8 100
8 101
8 103
8 104
8 106
8 108
8 109
8 112
8 113
8 115
8 116
8 117
8 118
8 119
8 120
8 121
8 122
8 123
8 126
8 127
8 130
8 135
8 137
8 138
8 139
8 141
8 142
8 143
8 145
8 146
8 148
8 155
8 156
8 157
8 158
8 160
8 161
8 162
8 163
8 165
8 166
8 170
8 171
8 172
8 176
8 177
8 181
8 182
8 183
8 185
8 187
8 188
8 190
8 194
8 195
8 197
8 198
9 12
9 14
9 17
9 18
9 19
9 20
9 21
9 22
9 24
9 25
9 27
9 29
9 30
9 33
9 37
9 40
9 41
9 42
9 44
9 48
9 49
9 53
9 58
9 60
9 61
9 62
9 63
9 67
9 69
9 71
9 74
9 75
9 77
9 80
9 82
9 86
9 87
9 88
9 89
9 90
9 91
9 92
9 96
9 97
9 99
9 100
9 101
9 102
9 103
9 104
9 107
9 111
9 115
9 119
9 121
9 122
9 123
9 124
9 125
9 127
9 129
9 131
9 132
9 134
9 135
9 136
9 140
9 141
9 142
9 145
9 146
9 148
9 153
9 154
9 155
9 156
9 157
9 158
9 160
9 161
9 162
9 164
9 167
9 168
9 169
9 174
9 175
9 176
9 179
9 180
9 181
9 183
9 185
9 186
9 187
9 188
9 189
9 191
9 192
9 197
10 11
10 12
10 14
10 15
10 18
10 23
10 24
10 27
10 28
10 32
10 34
10 35
10 36
10 37
10 39
10 41
10 42
10 45
10 46
10 47
10 48
10 50
10 51
10 52
10 53
10 54
10 55
10 58
10 59
10 60
10 61
10 63
10 66
10 67
10 78
10 79
10 80
10 81
10 82
10 83
10 84
10 85
10 88
10 90
10 91
10 92
10 93
10 94
10 95
10 96
10 97
10 98
10 99
10 101
10 103
10 108
10 110
10 115
10 116
10 118
10 120
10 122
10 123
10 125
10 126
10 127
10 128
10 130
10 131
10 132
10 134
10 137
10 139
10 140
10 143
10 144
10 145
10 146
10 147
10 148
10 150
10 153
10 154
10 155
10 156
10 162
10 163
10 167
10 169
10 170
10 171
10 173
10 176
10 177
10 178
10 179
10 181
10 182
10 183
10 184
10 187
10 189
10 191
10 193
10 199
11 13
11 18
11 20
11 28
11 29
11 31
11 32
11 34
11 35
11 41
11 42
11 45
11 46
11 47
11 49
11 51
11 52
11 54
11 56
11 57
11 60
11 62
11 63
11 65
11 70
11 72
11 73
11 74
11 75
11 77
11 78
11 79
11 80
11 87
11 90
11 94
11 96
11 99
11 100
11 102
11 103
11 105
11 106
11 108
11 109
11 110
11 113
11 114
11 116
11 118
11 119
11 122
11 123
11 124
11 126
11 127
11 130
11 131
11 136
11 138
11 142
11 143
11 144
11 146
11 149
11 150
11 151
11 153
11 158
11 159
11 161
11 164
11 165
11 166
11 167
11 169
11 170
11 174
11 175
11 177
11 178
11 180
11 181
11 182
11 183
11 184
11 185
11 186
11 187
11 191
11 193
11 198
12 13
12 14
12 16
12 19
12 21
12 22
12 23
12 24
12 26
12 27
12 28
12 29
12 31
12 33
12 34
12 35
12 36
12 39
12 40
12 41
12 44
12 48
12 49
12 50
12 51
12 53
12 56
12 57
12 59
12 60
12 63
12 64
12 66
12 68
12 70
12 72
12 74
12 76
12 81
12 82
12 85
12 86
12 87
12 89
12 90
12 91
12 93
12 94
12 103
12 105
12 106
12 109
12 110
12 113
12 114
12 115
12 116
12 117
12 118
12 120
12 122
12 125
12 126
12 128
12 130
12 132
12 134
12 135
12 138
12 139
12 140
12 141
12 142
12 143
12 144
12 145
12 147
12 150
12 151
12 153
12 154
12 156
12 159
12 163
12 164
12 166
12 167
12 171
12 173
12 176
12 182
12 185
12 187
12 193
12 194
12 199
13 15
13 16
13 17
13 19
13 20
13 21
13 22
13 23
13 28
13 34
13 35
13 38
13 41
13 44
13 47
13 49
13 50
13 51
13 52
13 53
13 54
13 55
13 57
13 59
13 60
13 62
13 63
13 65
13 66
13 69
13 70
13 71
13 72
13 74
13 76
13 79
13 81
13 85
13 88
13 90
13 98
13 100
13 106
13 107
13 108
13 111
13 113
13 114
13 116
13 118
13 120
13 122
13 123
13 124
13 125
13 126
13 135
13 136
13 139
13 140
13 142
13 145
13 146
13 148
13 149
13 151
13 152
13 155
13 156
13 158
13 159
13 161
13 163
13 164
13 166
13 167
13 169
13 170
13 172
13 173
13 175
13 176
13 177
13 178
13 184
13 185
13 188
13 192
13 196
13 197
13 198
13 199
14 15
14 17
14 19
14 20
14 21
14 23
14 24
14 31
14 35
14 36
14 37
14 39
14 44
14 46
14 48
14 51
14 57
14 59
14 61
14 68
14 69
14 70
14 71
14 72
14 73
14 74
14 75
14 77
14 78
14 81
14 82
14 84
14 85
14 86
14 93
14 94
14 102
14 104
14 106
14 110
14 112
14 116
14 117
14 118
14 120
14 123
14 125
14 126
14 127
14 130
14 133
14 134
14 138
14 140
14 148
14 149
14 150
14 151
14 152
14 154
14 155
14 157
14 161
14 166
14 170
14 171
14 173
14 175
14 177
14 179
14 182
14 184
14 189
14 191
14 194
14 195
14 196
14 199
15 17
15 22
15 23
15 24
15 25
15 31
15 32
15 33
15 35
15 36
15 43
15 44
15 45
15 46
15 47
15 48
15 49
15 50
15 53
15 54
15 57
15 58
15 60
15 62
15 63
15 66
15 68
15 70
15 71
15 78
15 79
15 83
15 85
15 86
15 87
15 89
15 90
15 93
15 94
15 95
15 99
15 102
15 103
15 104
15 105
15 107
15 110
15 111
15 112
15 113
15 115
15 117
15 118
15 126
15 128
15 130
15 131
15 134
15 135
15 137
15 138
15 140
15 141
15 143
15 147
15 150
15 151
15 152
15 153
15 155
15 157
15 160
15 161
15 164
15 168
15 170
15 177
15 188
15 190
15 191
15 195
15 197
15 198
16 17
16 19
16 23
16 24
16 25
16 27
16 28
16 29
16 30
16 32
16 33
16 36
16 37
16 39
16 40
16 42
16 45
16 47
16 49
16 50
16 52
16 54
16 56
16 57
16 58
16 59
16 60
16 61
16 64
16 65
16 69
16 70
16 72
16 77
16 78
16 79
16 81
16 82
16 84
16 86
16 87
16 89
16 90
16 92
16 94
16 98
16 99
16 102
16 104
16 106
16 108
16 109
16 111
16 114
16 115
16 116
16 117
16 118
16 119
16 122
16 124
16 125
16 128
16 129
16 130
16 132
16 134
16 135
16 137
16 138
16 139
16 140
16 141
16 142
16 151
16 152
16 154
16 155
16 159
16 160
16 161
16 163
16 166
16 169
16 170
16 172
16 175
16 177
16 178
16 180
16 184
16 185
16 187
16 188
16 191
16 192
16 193
16 195
16 198
17 18
17 19
17 20
17 21
17 23
17 24
17 25
17 26
17 29
17 30
17 32
17 34
17 42
17 43
17 45
17 46
17 48
17 49
17 50
17 54
17 55
17 57
17 59
17 62
17 63
17 64
17 66
17 69
17 70
17 72
17 73
17 74
17 75
17 78
17 81
17 84
17 85
17 86
17 87
17 88
17 89
17 91
17 94
17 95
17 98
17 99
17 101
17 103
17 105
17 107
17 109
17 110
17 113
17 114
17 121
17 123
17 126
17 127
17 133
17 138
17 141
17 143
17 146
17 148
17 150
17 154
17 155
17 156
17 157
17 160
17 161
17 162
17 163
17 164
17 165
17 166
17 168
17 169
17 170
17 171
17 173
17 175
17 183
17 184
17 185
17 190
17 191
17 193
17 194
17 196
17 197
18 19
18 20
18 21
18 22
18 25
18 26
18 27
18 30
18 33
18 35
18 37
18 38
18 39
18 42
18 44
18 45
18 49
18 50
18 51
18 53
18 54
18 55
18 58
18 59
18 60
18 62
18 63
18 65
18 67
18 68
18 70
18 74
18 75
18 78
18 80
18 81
18 82
18 84
18 85
18 93
18 94
18 95
18 98
18 100
18 101
18 102
18 103
18 106
18 107
18 108
18 109
18 112
18 114
18 116
18 117
18 119
18 126
18 127
18 131
18 135
18 136
18 138
18 140
18 143
18 144
18 145
18 147
18 150
18 151
18 152
18 153
18 154
18 155
18 162
18 163
18 165
18 168
18 170
18 174
18 175
18 176
18 177
18 179
18 180
18 182
18 186
18 188
18 189
18 190
18 191
18 192
18 193
18 195
18 196
18 198
18 199
19 20
19 21
19 24
19 25
19 26
19 28
19 29
19 31
19 33
19 35
19 38
19 39
19 43
19 44
19 47
19 51
19 52
19 53
19 62
19 63
19 64
19 65
19 66
19 68
19 73
19 74
19 75
19 77
19 79
19 80
19 82
19 85
19 86
19 90
19 91
19 92
19 103
19 109
19 111
19 115
19 116
19 119
19 122
19 124
19 130
19 131
19 132
19 136
19 137
19 139
19 140
19 141
19 143
19 144
19 146
19 147
19 148
19 149
19 150
19 151
19 153
19 156
19 159
19 162
19 163
19 167
19 170
19 172
19 173
19 176
19 177
19 178
19 179
19 182
19 184
19 185
19 186
19 187
19 188
19 189
19 192
19 195
19 196
19 198
20 21
20 22
20 23
20 26
20 28
20 31
20 32
20 33
20 34
20 39
20 40
20 41
20 43
20 46
20 48
20 51
20 53
20 54
20 59
20 61
20 64
20 65
20 66
20 67
20 69
20 70
20 71
20 73
20 74
20 77
20 78
20 79
20 82
20 87
20 90
20 94
20 95
20 97
20 100
20 102
20 103
20 104
20 107
20 112
20 113
20 116
20 119
20 120
20 121
20 122
20 123
20 124
20 126
20 128
20 129
20 132
20 135
20 136
20 139
20 144
20 145
20 146
20 147
20 148
20 153
20 155
20 156
20 160
20 163
20 166
20 167
20 168
20 169
20 171
20 172
20 173
20 175
20 182
20 183
20 185
20 186
20 187
20 189
20 192
20 198
20 199
21 22
21 23
21 27
21 30
21 31
21 32
21 34
21 35
21 36
21 37
21 39
21 40
21 42
21 44
21 45
21 46
21 47
21 50
21 53
21 55
21 61
21 62
21 63
21 69
21 77
21 78
21 79
21 80
21 81
21 85
21 86
21 87
21 90
21 92
21 94
21 95
21 97
21 100
21 102
21 103
21 108
21 111
21 112
21 113
21 114
21 115
21 116
21 118
21 122
21 123
21 124
21 125
21 126
21 128
21 135
21 136
21 137
21 138
21 143
21 144
21 145
21 146
21 149
21 150
21 152
21 153
21 154
21 156
21 158
21 159
21 160
21 162
21 167
21 169
21 171
21 172
21 174
21 175
21 176
21 178
21 179
21 181
21 183
21 185
21 186
21 187
21 189
21 193
21 195
21 197
21 198
21 199
22 24
22 30
22 33
22 36
22 43
22 44
22 45
22 47
22 49
22 50
22 51
22 52
22 53
22 55
22 59
22 62
22 64
22 69
22 73
22 74
22 75
22 77
22 78
22 79
22 85
22 86
22 88
22 90
22 91
22 93
22 94
22 95
22 97
22 98
22 99
22 102
22 103
22 104
22 109
22 113
22 116
22 117
22 120
22 123
22 124
22 125
22 126
22 127
22 128
22 129
22 133
22 135
22 136
22 137
22 138
22 139
22 140
22 148
22 150
22 153
22 154
22 158
22 159
22 161
22 162
22 168
22 169
22 172
22 173
22 175
22 176
22 177
22 179
22 180
22 181
22 182
22 187
22 188
22 189
22 190
22 191
22 194
22 196
22 198
23 25
23 27
23 28
23 29
23 33
23 34
23 36
23 37
23 38
23 40
23 47
23 48
23 51
23 52
23 60
23 61
23 62
23 66
23 68
23 71
23 72
23 74
23 76
23 78
23 81
23 84
23 86
23 89
23 90
23 92
23 93
23 94
23 97
23 100
23 101
23 104
23 105
23 106
23 107
23 109
23 111
23 112
23 113
23 114
23 118
23 122
23 124
23 126
23 127
23 128
23 131
23 133
23 134
23 135
23 136
23 137
23 138
23 140
23 141
23 145
23 148
23 151
23 152
23 154
23 155
23 156
23 157
23 158
23 164
23 165
23 167
23 168
23 169
23 170
23 172
23 173
23 175
23 178
23 184
23 188
23 190
23 192
23 193
23 196
24 25
24 27
24 30
24 31
24 32
24 34
24 37
24 40
24 42
24 44
24 45
24 47
24 51
24 52
24 54
24 56
24 57
24 58
24 60
24 62
24 68
24 70
24 74
24 75
24 77
24 78
24 80
24 83
24 87
24 92
24 96
24 97
24 101
24 102
24 103
24 105
24 106
24 107
24 108
24 109
24 110
24 112
24 113
24 114
24 117
24 119
24 121
24 122
24 123
24 126
24 128
24 129
24 130
24 132
24 133
24 135
24 136
24 141
24 142
24 143
24 145
24 147
24 148
24 151
24 152
24 154
24 156
24 157
24 160
24 161
24 162
24 164
24 165
24 166
24 171
24 173
24 175
24 179
24 180
24 182
24 185
24 187
24 191
24 192
24 193
24 197
24 198
25 26
25 29
25 30
25 32
25 33
25 34
25 35
25 36
25 41
25 42
25 44
25 45
25 46
25 47
25 48
25 49
25 50
25 52
25 53
25 55
25 56
25 58
25 59
25 60
25 61
25 63
25 64
25 65
25 70
25 71
25 72
25 73
25 74
25 78
25 80
25 81
25 82
25 84
25 90
25 91
25 93
25 99
25 100
25 101
25 102
25 105
25 106
25 107
25 108
25 111
25 112
25 115
25 116
25 118
25 119
25 120
25 121
25 125
25 130
25 131
25 134
25 135
25 141
25 144
25 145
25 149
25 150
25 153
25 154
25 155
25 156
25 159
25 160
25 161
25 163
25 164
25 166
25 168
25 170
25 171
25 173
25 179
25 180
25 181
25 183
25 184
25 185
25 186
25 187
25 188
25 190
25 191
26 27
26 30
26 32
26 33
26 34
26 35
26 37
26 38
26 39
26 41
26 44
26 46
26 48
26 51
26 54
26 56
26 57
26 59
26 61
26 64
26 65
26 66
26 67
26 71
26 73
26 76
26 82
26 83
26 86
26 87
26 89
26 90
26 91
26 92
26 93
26 94
26 95
26 96
26 98
26 99
26 100
26 104
26 107
26 108
26 112
26 113
26 115
26 116
26 118
26 119
26 122
26 123
26 126
26 127
26 129
26 131
26 133
26 134
26 138
26 139
26 140
26 142
26 144
26 145
26 147
26 154
26 157
26 159
26 161
26 163
26 164
26 169
26 170
26 173
26 174
26 175
26 177
26 178
26 183
26 187
26 189
26 192
26 193
26 194
26 195
26 196
26 199
27 29
27 32
27 34
27 36
27 37
27 38
27 45
27 46
27 48
27 54
27 55
27 56
27 64
27 66
27 68
27 70
27 71
27 72
27 74
27 75
27 76
27 78
27 83
27 86
27 87
27 88
27 89
27 91
27 94
27 99
27 101
27 103
27 104
27 109
27 110
27 114
27 116
27 117
27 120
27 124
27 125
27 128
27 129
27 130
27 131
27 132
27 133
27 135
27 136
27 139
27 141
27 142
27 143
27 144
27 146
27 148
27 149
27 150
27 153
27 155
27 156
27 157
27 158
27 161
27 163
27 164
27 166
27 172
27 174
27 175
27 176
27 178
27 179
27 181
27 184
27 187
27 189
27 194
27 195
27 197
27 199
28 29
28 31
28 33
28 36
28 39
28 40
28 41
28 45
28 46
28 47
28 50
28 51
28 52
28 53
28 54
28 55
28 60
28 62
28 64
28 66
28 68
28 74
28 75
28 76
28 80
28 81
28 86
28 88
28 89
28 91
28 94
28 97
28 98
28 100
28 101
28 102
28 106
28 108
28 109
28 111
28 118
28 122
28 123
28 124
28 125
28 126
28 128
28 129
28 131
28 134
28 135
28 137
28 140
28 141
28 143
28 145
28 146
28 148
28 149
28 151
28 153
28 155
28 156
28 157
28 158
28 162
28 163
28 165
28 166
28 170
28 171
28 173
28 176
28 179
28 186
28 187
28 188
28 196
28 198
29 30
29 31
29 32
29 36
29 38
29 40
29 43
29 44
29 45
29 47
29 50
29 51
29 52
29 54
29 55
29 56
29 60
29 62
29 64
29 65
29 66
29 68
29 69
29 72
29 74
29 77
29 78
29 79
29 80
29 85
29 86
29 88
29 89
29 95
29 97
29 99
29 101
29 102
29 104
29 105
29 107
29 108
29 110
29 111
29 114
29 116
29 118
29 120
29 122
29 123
29 124
29 126
29 132
29 133
29 135
29 136
29 137
29 139
29 140
29 142
29 143
29 144
29 145
29 147
29 148
29 149
29 151
29 156
29 158
29 159
29 162
29 163
29 165
29 169
29 171
29 173
29 174
29 177
29 180
29 181
29 183
29 185
29 186
29 192
29 193
29 197
30 31
30 32
30 34
30 37
30 38
30 40
30 41
30 44
30 45
30 50
30 52
30 54
30 55
30 57
30 58
30 59
30 61
30 62
30 64
30 65
30 67
30 69
30 71
30 72
30 73
30 78
30 79
30 80
30 81
30 82
30 84
30 87
30 90
30 95
30 96
30 98
30 100
30 104
30 105
30 109
30 112
30 113
30 117
30 118
30 120
30 122
30 124
30 125
30 126
30 128
30 130
30 131
30 133
30 135
30 138
30 140
30 145
30 147
30 148
30 150
30 152
30 153
30 155
30 156
30 157
30 159
30 164
30 165
30 166
30 169
30 171
30 172
30 175
30 177
30 180
30 182
30 184
30 188
30 189
30 191
30 192
30 195
30 196
30 197
30 198
31 32
31 33
31 36
31 37
31 38
31 41
31 42
31 45
31 48
31 51
31 52
31 53
31 55
31 56
31 57
31 58
31 61
31 62
31 63
31 64
31 69
31 70
31 72
31 74
31 76
31 77
31 79
31 80
31 81
31 83
31 84
31 86
31 91
31 94
31 95
31 96
31 97
31 98
31 99
31 101
31 107
31 110
31 111
31 112
31 113
31 115
31 118
31 119
31 120
31 122
31 123
31 124
31 125
31 127
31 128
31 129
31 130
31 132
31 133
31 134
31 135
31 136
31 137
31 138
31 139
31 141
31 143
31 144
31 147
31 148
31 153
31 154
31 159
31 160
31 162
31 163
31 170
31 172
31 173
31 180
31 181
31 182
31 183
31 184
31 185
31 188
31 189
31 193
31 196
31 198
32 34
32 37
32 38
32 39
32 40
32 43
32 46
32 47
32 52
32 53
32 54
32 57
32 59
32 61
32 64
32 66
32 67
32 69
32 73
32 74
32 75
32 77
32 80
32 82
32 84
32 86
32 89
32 90
32 92
32 93
32 94
32 95
32 96
32 97
32 98
32 100
32 103
32 105
32 106
32 108
32 115
32 116
32 117
32 120
32 121
32 123
32 124
32 125
32 126
32 127
32 129
32 130
32 131
32 133
32 137
32 138
32 139
32 140
32 141
32 143
32 148
32 152
32 154
32 155
32 157
32 158
32 159
32 161
32 162
32 163
32 164
32 166
32 168
32 169
32 170
32 171
32 172
32 173
32 175
32 180
32 184
32 185
32 189
32 190
32 191
32 192
32 193
32 194
32 195
32 197
32 199
33 37
33 38
33 39
33 42
33 46
33 47
33 52
33 53
33 56
33 58
33 61
33 63
33 64
33 65
33 66
33 68
33 70
33 73
33 74
33 76
33 80
33 83
33 85
33 86
33 88
33 89
33 94
33 98
33 100
33 102
33 103
33 107
33 110
33 113
33 114
33 115
33 116
33 117
33 118
33 122
33 123
33 124
33 125
33 126
33 129
33 130
33 131
33 135
33 136
33 138
33 139
33 141
33 142
33 146
33 148
33 149
33 150
33 151
33 153
33 154
33 159
33 160
33 163
33 164
33 167
33 168
33 173
33 177
33 178
33 179
33 181
33 182
33 186
33 187
33 188
33 191
33 195
33 197
33 199
34 37
34 38
34 40
34 41
34 42
34 46
34 48
34 49
34 51
34 55
34 58
34 59
34 60
34 61
34 63
34 67
34 73
34 75
34 77
34 81
34 83
34 85
34 88
34 89
34 90
34 92
34 95
34 100
34 104
34 105
34 110
34 114
34 115
34 116
34 117
34 118
34 120
34 121
34 127
34 128
34 130
34 131
34 134
34 135
34 136
34 137
34 139
34 143
34 148
34 152
34 153
34 154
34 155
34 156
34 159
34 162
34 163
34 165
34 169
34 172
34 173
34 174
34 176
34 180
34 181
34 183
34 188
34 191
34 195
35 37
35 39
35 45
35 50
35 51
35 52
35 58
35 64
35 66
35 73
35 76
35 82
35 86
35 87
35 92
35 93
35 96
35 98
35 99
35 102
35 103
35 105
35 107
35 108
35 109
35 110
35 113
35 115
35 117
35 118
35 124
35 125
35 131
35 132
35 134
35 135
35 136
35 138
35 141
35 143
35 145
35 147
35 149
35 151
35 153
35 156
35 158
35 160
35 163
35 164
35 166
35 168
35 169
35 170
35 171
35 172
35 174
35 177
35 179
35 180
35 181
35 182
35 183
35 184
35 186
35 187
35 188
35 190
35 191
35 193
35 195
35 196
35 199
36 37
36 41
36 43
36 45
36 46
36 48
36 49
36 50
36 53
36 55
36 56
36 64
36 68
36 69
36 71
36 72
36 76
36 79
36 80
36 81
36 85
36 88
36 89
36 91
36 92
36 96
36 99
36 102
36 103
36 104
36 105
36 107
36 109
36 111
36 114
36 117
36 118
36 119
36 120
36 121
36 122
36 129
36 132
36 133
36 138
36 139
36 140
36 142
36 144
36 145
36 146
36 148
36 152
36 153
36 154
36 155
36 156
36 158
36 160
36 161
36 164
36 165
36 167
36 168
36 169
36 170
36 173
36 175
36 176
36 178
36 180
36 181
36 182
36 183
36 186
36 190
36 197
36 198
36 199
37 40
37 41
37 42
37 46
37 48
37 49
37 50
37 52
37 57
37 59
37 62
37 65
37 66
37 68
37 69
37 72
37 73
37 74
37 75
37 76
37 77
37 78
37 80
37 82
37 85
37 87
37 89
37 91
37 94
37 96
37 97
37 98
37 100
37 101
37 102
37 104
37 105
37 107
37 111
37 115
37 117
37 120
37 121
37 122
37 130
37 134
37 135
37 137
37 138
37 139
37 141
37 146
37 148
37 151
37 153
37 154
37 158
37 159
37 161
37 162
37 163
37 167
37 168
37 172
37 173
37 176
37 180
37 181
37 186
37 189
37 190
37 191
37 192
37 193
37 196
38 40
38 41
38 42
38 44
38 45
38 47
38 49
38 50
38 55
38 57
38 58
38 65
38 67
38 68
38 69
38 71
38 75
38 76
38 77
38 79
38 84
38 85
38 87
38 89
38 92
38 99
38 101
38 104
38 106
38 107
38 108
38 109
38 110
38 111
38 113
38 115
38 116
38 118
38 119
38 121
38 123
38 125
38 127
38 128
38 129
38 130
38 135
38 137
38 140
38 144
38 145
38 146
38 147
38 149
38 150
38 151
38 156
38 157
38 158
38 159
38 161
38 162
38 164
38 165
38 166
38 167
38 168
38 172
38 174
38 177
38 178
38 179
38 180
38 181
38 183
38 185
38 198
39 40
39 41
39 42
39 43
39 46
39 47
39 49
39 51
39 52
39 55
39 56
39 60
39 64
39 65
39 70
39 71
39 73
39 74
39 77
39 80
39 81
39 83
39 85
39 86
39 87
39 88
39 89
39 90
39 92
39 93
39 94
39 95
39 96
39 98
39 102
39 108
39 110
39 113
39 115
39 116
39 117
39 119
39 120
39 123
39 126
39 127
39 129
39 130
39 131
39 133
39 135
39 136
39 137
39 139
39 140
39 144
39 145
39 147
39 148
39 153
39 154
39 155
39 158
39 161
39 162
39 163
39 167
39 174
39 175
39 176
39 177
39 179
39 181
39 183
39 184
39 185
39 190
39 191
39 193
39 194
39 196
39 198
40 41
40 43
40 45
40 46
40 50
40 53
40 55
40 56
40 58
40 59
40 60
40 66
40 67
40 68
40 69
40 70
40 71
40 73
40 74
40 77
40 81
40 86
40 87
40 88
40 90
40 93
40 94
40 95
40 96
40 97
40 99
40 100
40 101
40 102
40 105
40 106
40 107
40 112
40 113
40 116
40 117
40 118
40 119
40 120
40 121
40 123
40 124
40 126
40 127
40 131
40 132
40 134
40 135
40 140
40 141
40 143
40 147
40 149
40 151
40 153
40 156
40 158
40 160
40 161
40 164
40 165
40 168
40 170
40 171
40 172
40 174
40 175
40 176
40 181
40 188
40 189
40 190
40 191
40 194
40 195
41 43
41 44
41 45
41 47
41 49
41 51
41 56
41 58
41 59
41 62
41 64
41 65
41 71
41 72
41 73
41 78
41 79
41 80
41 81
41 82
41 84
41 85
41 87
41 88
41 89
41 90
41 91
41 99
41 101
41 102
41 103
41 107
41 110
41 111
41 112
41 113
41 118
41 120
41 124
41 127
41 128
41 129
41 130
41 131
41 140
41 141
41 142
41 145
41 147
41 148
41 149
41 153
41 155
41 156
41 161
41 162
41 164
41 165
41 166
41 167
41 170
41 175
41 176
41 177
41 178
41 184
41 185
41 187
41 191
41 192
41 194
41 196
41 197
42 43
42 44
42 45
42 47
42 50
42 52
42 53
42 55
42 56
42 58
42 62
42 64
42 65
42 67
42 69
42 74
42 81
42 82
42 83
42 84
42 87
42 88
42 89
42 93
42 95
42 97
42 99
42 101
42 102
42 105
42 107
42 108
42 109
42 110
42 113
42 114
42 117
42 119
42 125
42 126
42 127
42 130
42 134
42 138
42 139
42 141
42 143
42 144
42 145
42 146
42 148
42 150
42 151
42 152
42 153
42 154
42 155
42 158
42 159
42 160
42 161
42 162
42 164
42 167
42 168
42 169
42 170
42 171
42 172
42 174
42 176
42 178
42 180
42 181
42 184
42 187
42 188
42 189
42 190
42 193
42 195
42 196
42 199
43 44
43 45
43 46
43 47
43 48
43 49
43 50
43 51
43 52
43 54
43 55
43 56
43 59
43 60
43 61
43 66
43 67
43 70
43 72
43 73
43 75
43 79
43 80
43 81
43 82
43 85
43 86
43 91
43 92
43 93
43 94
43 96
43 97
43 98
43 101
43 103
43 107
43 108
43 110
43 111
43 112
43 115
43 117
43 119
43 126
43 127
43 129
43 130
43 131
43 132
43 133
43 144
43 147
43 150
43 151
43 152
43 157
43 158
43 160
43 164
43 166
43 167
43 170
43 171
43 172
43 173
43 174
43 175
43 177
43 179
43 182
43 183
43 184
43 186
43 187
43 188
43 191
43 192
43 193
43 194
43 197
44 46
44 47
44 51
44 54
44 55
44 57
44 58
44 59
44 61
44 68
44 70
44 74
44 75
44 76
44 78
44 79
44 82
44 83
44 84
44 88
44 89
44 90
44 91
44 92
44 93
44 95
44 96
44 97
44 100
44 101
44 102
44 103
44 106
44 108
44 112
44 113
44 116
44 121
44 124
44 125
44 126
44 128
44 130
44 131
44 132
44 133
44 135
44 136
44 137
44 138
44 141
44 144
44 145
44 152
44 156
44 158
44 159
44 161
44 164
44 165
44 168
44 170
44 171
44 172
44 176
44 184
44 186
44 188
44 194
44 196
45 46
45 49
45 50
45 51
45 52
45 53
45 55
45 56
45 57
45 58
45 59
45 61
45 62
45 63
45 64
45 65
45 66
45 71
45 75
45 76
45 77
45 78
45 80
45 81
45 83
45 84
45 86
45 87
45 88
45 91
45 92
45 93
45 96
45 98
45 99
45 100
45 101
45 104
45 107
45 108
45 109
45 110
45 111
45 112
45 114
45 116
45 117
45 118
45 119
45 124
45 126
45 128
45 130
45 131
45 132
45 134
45 135
45 136
45 139
45 140
45 145
45 146
45 149
45 150
45 151
45 154
45 157
45 158
45 159
45 160
45 161
45 162
45 163
45 164
45 168
45 170
45 171
45 173
45 178
45 180
45 181
45 182
45 187
45 188
45 194
45 197
45 198
45 199
46 47
46 48
46 51
46 54
46 55
46 56
46 57
46 58
46 59
46 62
46 65
46 70
46 72
46 73
46 74
46 76
46 79
46 81
46 82
46 84
46 85
46 89
46 91
46 92
46 93
46 99
46 100
46 101
46 103
46 104
46 106
46 110
46 111
46 112
46 114
46 115
46 120
46 121
46 122
46 123
46 125
46 126
46 129
46 131
46 132
46 135
46 137
46 143
46 144
46 145
46 147
46 148
46 149
46 150
46 154
46 155
46 156
46 157
46 159
46 160
46 163
46 165
46 167
46 168
46 170
46 171
46 172
46 173
46 177
46 180
46 185
46 186
46 190
46 191
46 195
46 197
46 198
46 199
47 48
47 49
47 50
47 51
47 52
47 55
47 57
47 58
47 63
47 64
47 65
47 66
47 67
47 71
47 72
47 73
47 74
47 75
47 81
47 83
47 86
47 88
47 89
47 91
47 92
47 94
47 95
47 99
47 101
47 104
47 110
47 111
47 112
47 113
47 114
47 121
47 123
47 124
47 125
47 127
47 128
47 131
47 134
47 138
47 141
47 145
47 148
47 149
47 150
47 160
47 165
47 169
47 171
47 172
47 174
47 177
47 178
47 179
47 182
47 184
47 185
47 190
47 192
47 193
47 194
47 195
47 197
47 198
48 49
48 50
48 53
48 54
48 55
48 57
48 58
48 61
48 62
48 63
48 66
48 67
48 69
48 71
48 72
48 76
48 77
48 78
48 79
48 80
48 83
48 85
48 86
48 87
48 90
48 91
48 92
48 94
48 95
48 98
48 100
48 105
48 107
48 109
48 115
48 117
48 118
48 120
48 123
48 129
48 132
48 136
48 137
48 138
48 139
48 140
48 141
48 142
48 146
48 147
48 148
48 151
48 153
48 154
48 157
48 163
48 168
48 170
48 174
48 178
48 179
48 180
48 182
48 183
48 185
48 189
48 191
48 195
48 196
48 198
49 51
49 52
49 53
49 54
49 55
49 56
49 57
49 58
49 65
49 66
49 67
49 68
49 69
49 70
49 72
49 74
49 76
49 77
49 79
49 81
49 82
49 84
49 86
49 87
49 88
49 90
49 91
49 92
49 93
49 96
49 98
49 104
49 105
49 106
49 108
49 109
49 110
49 111
49 112
49 114
49 115
49 116
49 119
49 120
49 122
49 125
49 126
49 127
49 128
49 129
49 131
49 132
49 136
49 138
49 141
49 142
49 143
49 145
49 147
49 148
49 149
49 150
49 151
49 153
49 154
49 156
49 159
49 160
49 162
49 163
49 164
49 166
49 167
49 168
49 169
49 171
49 172
49 175
49 177
49 178
49 179
49 182
49 183
49 185
49 186
49 187
49 191
49 193
49 194
49 196
49 197
50 51
50 52
50 54
50 57
50 60
50 61
50 62
50 63
50 64
50 65
50 67
50 68
50 69
50 70
50 71
50 72
50 75
50 77
50 78
50 80
50 81
50 85
50 86
50 87
50 89
50 90
50 92
50 95
50 96
50 97
50 98
50 99
50 100
50 107
50 110
50 113
50 114
50 116
50 119
50 120
50 122
50 123
50 124
50 125
50 131
50 132
50 138
50 142
50 143
50 145
50 146
50 147
50 149
50 152
50 153
50 156
50 158
50 161
50 162
50 164
50 166
50 168
50 169
50 170
50 171
50 172
50 173
50 174
50 176
50 177
50 179
50 185
50 190
50 194
50 195
50 196
50 199
51 55
51 58
51 61
51 62
51 65
51 67
51 68
51 69
51 74
51 75
51 76
51 77
51 82
51 83
51 84
51 85
51 89
51 90
51 91
51 92
51 94
51 95
51 98
51 100
51 101
51 102
51 106
51 107
51 109
51 110
51 111
51 113
51 116
51 118
51 119
51 120
51 121
51 122
51 123
51 124
51 128
51 129
51 130
51 131
51 135
51 137
51 138
51 139
51 140
51 141
51 144
51 146
51 147
51 148
51 150
51 151
51 153
51 158
51 159
51 169
51 172
51 173
51 176
51 177
51 180
51 181
51 182
51 183
51 184
51 185
51 187
51 189
51 193
51 194
51 195
51 196
51 197
51 199
52 53
52 54
52 55
52 56
52 57
52 64
52 65
52 70
52 71
52 72
52 73
52 74
52 75
52 76
52 77
52 84
52 85
52 86
52 87
52 88
52 92
52 96
52 97
52 100
52 102
52 105
52 107
52 110
52 113
52 118
52 119
52 120
52 122
52 123
52 124
52 125
52 126
52 128
52 130
52 134
52 135
52 136
52 137
52 139
52 142
52 146
52 147
52 148
52 149
52 152
52 153
52 154
52 155
52 157
52 160
52 163
52 164
52 176
52 178
52 184
52 188
52 190
52 191
52 192
52 193
52 194
52 195
52 197
52 199
53 54
53 56
53 57
53 58
53 59
53 60
53 61
53 62
53 63
53 66
53 68
53 69
53 70
53 75
53 79
53 80
53 83
53 84
53 89
53 90
53 92
53 93
53 94
53 97
53 98
53 99
53 101
53 104
53 105
53 106
53 108
53 109
53 111
53 112
53 116
53 118
53 119
53 120
53 121
53 123
53 124
53 129
53 130
53 131
53 132
53 133
53 134
53 136
53 138
53 141
53 143
53 144
53 146
53 147
53 148
53 149
53 150
53 155
53 157
53 160
53 161
53 163
53 165
53 167
53 168
53 171
53 175
53 178
53 180
53 182
53 184
53 187
53 192
53 198
53 199
54 55
54 56
54 59
54 64
54 69
54 77
54 80
54 82
54 85
54 89
54 92
54 93
54 96
54 97
54 99
54 100
54 103
54 106
54 108
54 110
54 111
54 116
54 117
54 118
54 121
54 123
54 125
54 129
54 131
54 133
54 137
54 138
54 139
54 141
54 142
54 143
54 144
54 150
54 151
54 156
54 159
54 160
54 161
54 163
54 164
54 165
54 166
54 171
54 175
54 177
54 185
54 188
54 189
54 191
54 193
54 194
54 195
54 196
54 198
55 57
55 58
55 60
55 61
55 62
55 64
55 70
55 73
55 75
55 78
55 80
55 81
55 82
55 83
55 84
55 85
55 86
55 87
55 89
55 91
55 93
55 94
55 96
55 97
55 100
55 104
55 105
55 107
55 108
55 112
55 114
55 115
55 116
55 121
55 122
55 123
55 124
55 127
55 128
55 132
55 133
55 134
55 135
55 136
55 138
55 141
55 143
55 146
55 148
55 149
55 150
55 152
55 154
55 155
55 157
55 158
55 159
55 161
55 162
55 163
55 165
55 166
55 168
55 173
55 174
55 176
55 177
55 178
55 179
55 180
55 182
55 186
55 187
55 189
55 192
55 193
55 195
55 196
55 198
55 199
56 57
56 58
56 59
56 60
56 61
56 62
56 65
56 66
56 67
56 68
56 69
56 70
56 72
56 76
56 79
56 80
56 82
56 83
56 84
56 86
56 88
56 90
56 92
56 93
56 96
56 97
56 99
56 100
56 101
56 102
56 103
56 104
56 105
56 106
56 109
56 111
56 112
56 113
56 114
56 117
56 125
56 126
56 127
56 128
56 136
56 137
56 139
56 140
56 143
56 145
56 147
56 152
56 158
56 160
56 165
56 167
56 170
56 171
56 181
56 182
56 183
56 185
56 186
56 187
56 191
56 192
56 195
56 197
56 198
57 58
57 59
57 64
57 65
57 69
57 70
57 72
57 78
57 79
57 82
57 84
57 87
57 88
57 89
57 92
57 93
57 94
57 96
57 98
57 99
57 101
57 102
57 110
57 111
57 112
57 117
57 118
57 120
57 121
57 122
57 126
57 127
57 128
57 129
57 132
57 134
57 136
57 137
57 138
57 142
57 145
57 147
57 150
57 152
57 153
57 156
57 157
57 158
57 160
57 162
57 164
57 168
57 169
57 170
57 176
57 177
57 178
57 180
57 181
57 182
57 183
57 189
57 193
57 199
58 60
58 62
58 63
58 65
58 67
58 72
58 74
58 76
58 81
58 83
58 85
58 86
58 88
58 90
58 91
58 93
58 95
58 96
58 97
58 99
58 101
58 103
58 109
58 110
58 113
58 118
58 119
58 120
58 121
58 122
58 123
58 124
58 125
58 126
58 127
58 129
58 130
58 132
58 133
58 135
58 136
58 137
58 138
58 139
58 145
58 147
58 148
58 149
58 151
58 153
58 154
58 156
58 164
58 166
58 176
58 177
58 178
58 179
58 183
58 186
58 188
58 194
58 195
59 60
59 61
59 62
59 64
59 65
59 66
59 67
59 70
59 74
59 75
59 76
59 79
59 81
59 82
59 83
59 85
59 87
59 89
59 90
59 91
59 92
59 96
59 97
59 99
59 101
59 104
59 105
59 109
59 112
59 114
59 115
59 116
59 117
59 118
59 120
59 126
59 134
59 136
59 138
59 139
59 143
59 145
59 148
59 152
59 153
59 154
59 155
59 158
59 159
59 161
59 163
59 165
59 166
59 169
59 170
59 173
59 175
59 176
59 178
59 181
59 182
59 183
59 184
59 185
59 187
59 189
59 190
59 191
59 192
59 194
60 61
60 64
60 65
60 67
60 68
60 69
60 73
60 77
60 78
60 82
60 84
60 85
60 89
60 90
60 91
60 92
60 93
60 95
60 96
60 98
60 99
60 100
60 101
60 102
60 106
60 108
60 111
60 112
60 115
60 119
60 120
60 121
60 124
60 125
60 126
60 128
60 130
60 133
60 134
60 140
60 142
60 144
60 147
60 148
60 149
60 150
60 151
60 152
60 153
60 154
60 155
60 157
60 159
60 160
60 161
60 162
60 163
60 164
60 165
60 166
60 168
60 171
60 173
60 175
60 176
60 178
60 180
60 183
60 184
60 186
60 190
60 191
60 192
60 194
60 196
60 197
60 199
61 63
61 64
61 66
61 67
61 68
61 69
61 74
61 81
61 91
61 93
61 94
61 95
61 96
61 97
61 99
61 102
61 103
61 104
61 108
61 111
61 114
61 116
61 119
61 120
61 127
61 130
61 131
61 132
61 135
61 136
61 141
61 145
61 147
61 148
61 150
61 153
61 155
61 156
61 157
61 160
61 162
61 163
61 164
61 165
61 169
61 170
61 171
61 172
61 174
61 175
61 176
61 178
61 179
61 181
61 182
61 184
61 189
61 191
61 195
61 199
62 63
62 64
62 65
62 69
62 71
62 72
62 73
62 77
62 79
62 81
62 83
62 84
62 85
62 87
62 89
62 91
62 96
62 99
62 102
62 105
62 106
62 107
62 108
62 109
62 110
62 113
62 114
62 115
62 116
62 118
62 120
62 125
62 126
62 127
62 129
62 131
62 133
62 134
62 136
62 137
62 138
62 143
62 151
62 153
62 157
62 159
62 160
62 161
62 163
62 164
62 167
62 168
62 169
62 170
62 171
62 173
62 178
62 183
62 186
62 188
62 190
62 191
62 199
63 64
63 65
63 66
63 67
63 69
63 70
63 72
63 74
63 75
63 76
63 77
63 78
63 85
63 86
63 88
63 91
63 92
63 93
63 95
63 99
63 101
63 103
63 104
63 105
63 107
63 108
63 109
63 110
63 111
63 114
63 117
63 118
63 121
63 124
63 125
63 126
63 127
63 128
63 131
63 132
63 134
63 137
63 138
63 139
63 141
63 142
63 143
63 144
63 145
63 148
63 150
63 151
63 153
63 154
63 156
63 159
63 160
63 161
63 162
63 164
63 165
63 167
63 168
63 169
63 170
63 173
63 175
63 178
63 180
63 183
63 184
63 186
63 189
63 190
63 191
63 192
63 193
63 196
63 197
64 65
64 66
64 67
64 68
64 70
64 72
64 73
64 74
64 80
64 82
64 84
64 85
64 86
64 89
64 90
64 91
64 92
64 93
64 94
64 95
64 97
64 98
64 99
64 100
64 101
64 102
64 105
64 106
64 111
64 116
64 117
64 119
64 120
64 122
64 124
64 125
64 126
64 127
64 128
64 129
64 130
64 131
64 132
64 133
64 136
64 137
64 139
64 140
64 141
64 142
64 143
64 147
64 148
64 149
64 152
64 153
64 155
64 157
64 158
64 160
64 162
64 164
64 165
64 166
64 168
64 169
64 170
64 172
64 174
64 175
64 179
64 180
64 182
64 185
64 187
64 188
64 190
64 191
64 194
64 197
65 67
65 71
65 72
65 74
65 75
65 76
65 78
65 79
65 81
65 82
65 83
65 86
65 88
65 91
65 94
65 98
65 100
65 101
65 103
65 104
65 106
65 107
65 111
65 116
65 117
65 120
65 122
65 125
65 127
65 128
65 131
65 132
65 133
65 134
65 135
65 139
65 140
65 144
65 145
65 146
65 148
65 149
65 153
65 155
65 158
65 160
65 162
65 164
65 165
65 167
65 168
65 171
65 172
65 173
65 175
65 177
65 178
65 179
65 180
65 181
65 185
65 187
65 188
65 194
65 196
65 197
65 198
66 67
66 69
66 72
66 75
66 76
66 77
66 79
66 81
66 82
66 84
66 85
66 86
66 87
66 89
66 90
66 91
66 94
66 95
66 96
66 97
66 101
66 102
66 104
66 109
66 112
66 113
66 114
66 117
66 118
66 122
66 123
66 126
66 129
66 130
66 131
66 132
66 133
66 134
66 139
66 142
66 143
66 146
66 147
66 148
66 150
66 151
66 152
66 154
66 155
66 160
66 162
66 167
66 169
66 170
66 174
66 175
66 177
66 178
66 182
66 185
66 187
66 191
66 192
66 194
66 196
66 198
67 73
67 75
67 76
67 79
67 81
67 82
67 83
67 84
67 86
67 87
67 88
67 91
67 92
67 93
67 96
67 98
67 99
67 100
67 103
67 104
67 108
67 111
67 112
67 113
67 114
67 116
67 117
67 120
67 123
67 125
67 127
67 128
67 133
67 134
67 137
67 140
67 141
67 142
67 143
67 144
67 145
67 147
67 151
67 152
67 153
67 157
67 158
67 160
67 164
67 165
67 166
67 169
67 171
67 172
67 173
67 175
67 179
67 180
67 181
67 182
67 183
67 184
67 185
67 187
67 188
67 189
67 191
67 193
67 195
67 196
67 197
67 199
68 70
68 71
68 72
68 73
68 75
68 77
68 79
68 80
68 81
68 84
68 85
68 90
68 92
68 93
68 95
68 96
68 97
68 98
68 99
68 101
68 102
68 103
68 105
68 107
68 108
68 109
68 110
68 111
68 114
68 115
68 118
68 120
68 121
68 123
68 124
68 125
68 126
68 128
68 129
68 130
68 131
68 133
68 138
68 145
68 146
68 147
68 155
68 156
68 160
68 161
68 164
68 166
68 168
68 169
68 170
68 171
68 173
68 174
68 175
68 177
68 178
68 180
68 184
68 186
68 187
68 188
68 189
68 190
68 196
68 198
69 70
69 71
69 73
69 75
69 78
69 79
69 81
69 84
69 85
69 91
69 96
69 99
69 101
69 107
69 109
69 112
69 116
69 119
69 123
69 126
69 129
69 131
69 132
69 134
69 137
69 139
69 140
69 141
69 144
69 145
69 146
69 147
69 149
69 151
69 153
69 154
69 155
69 156
69 164
69 165
69 166
69 169
69 170
69 173
69 174
69 175
69 178
69 180
69 182
69 187
69 188
69 189
69 191
69 194
69 196
69 197
70 71
70 72
70 73
70 76
70 81
70 83
70 84
70 87
70 88
70 90
70 92
70 93
70 94
70 95
70 96
70 99
70 101
70 102
70 103
70 104
70 105
70 107
70 109
70 111
70 113
70 115
70 116
70 118
70 121
70 126
70 129
70 133
70 134
70 135
70 136
70 137
70 139
70 140
70 143
70 146
70 149
70 150
70 152
70 155
70 156
70 159
70 160
70 162
70 165
70 166
70 169
70 170
70 174
70 175
70 176
70 178
70 180
70 181
70 182
70 184
70 185
70 192
70 193
70 194
70 195
70 196
70 199
71 73
71 75
71 76
71 77
71 79
71 80
71 82
71 84
71 85
71 87
71 88
71 90
71 93
71 94
71 98
71 99
71 101
71 104
71 105
71 108
71 109
71 111
71 112
71 115
71 119
71 121
71 122
71 123
71 125
71 127
71 129
71 131
71 135
71 138
71 140
71 144
71 149
71 152
71 153
71 154
71 156
71 157
71 158
71 160
71 161
71 164
71 165
71 166
71 167
71 168
71 175
71 176
71 177
71 178
71 179
71 182
71 185
71 186
71 191
71 192
71 193
71 194
71 195
71 196
71 198
71 199
72 77
72 78
72 87
72 88
72 89
72 91
72 93
72 96
72 98
72 99
72 101
72 102
72 104
72 105
72 108
72 115
72 116
72 117
72 119
72 120
72 121
72 123
72 126
72 128
72 132
72 133
72 134
72 136
72 137
72 138
72 139
72 143
72 144
72 145
72 146
72 149
72 154
72 156
72 157
72 158
72 164
72 166
72 168
72 171
72 172
72 173
72 174
72 175
72 177
72 178
72 179
72 180
72 182
72 184
72 185
72 186
72 188
72 189
72 190
72 191
72 193
73 75
73 78
73 80
73 81
73 82
73 83
73 85
73 87
73 90
73 92
73 93
73 96
73 99
73 100
73 104
73 105
73 107
73 108
73 109
73 110
73 111
73 115
73 117
73 119
73 121
73 125
73 130
73 132
73 134
73 135
73 136
73 138
73 141
73 143
73 145
73 149
73 152
73 155
73 161
73 162
73 164
73 165
73 166
73 168
73 169
73 171
73 173
73 174
73 175
73 177
73 178
73 182
73 184
73 186
73 191
73 192
73 193
73 194
73 196
73 197
73 198
74 75
74 76
74 77
74 78
74 79
74 82
74 84
74 85
74 86
74 88
74 92
74 94
74 95
74 98
74 99
74 100
74 101
74 102
74 104
74 105
74 106
74 108
74 110
74 111
74 112
74 117
74 120
74 122
74 124
74 125
74 132
74 133
74 134
74 140
74 141
74 142
74 143
74 149
74 151
74 152
74 155
74 160
74 161
74 162
74 163
74 164
74 166
74 167
74 168
74 169
74 171
74 172
74 174
74 175
74 176
74 177
74 179
74 183
74 184
74 185
74 186
74 187
74 188
74 189
74 190
74 191
74 192
74 194
74 195
74 196
74 199
75 80
75 83
75 84
75 86
75 87
75 88
75 91
75 99
75 100
75 105
75 106
75 108
75 110
75 113
75 115
75 117
75 119
75 120
75 123
75 125
75 129
75 130
75 131
75 134
75 136
75 137
75 138
75 140
75 142
75 143
75 144
75 145
75 146
75 149
75 151
75 154
75 157
75 158
75 161
75 162
75 163
75 164
75 166
75 169
75 170
75 171
75 172
75 175
75 176
75 177
75 179
75 181
75 183
75 184
75 185
75 188
75 190
75 193
75 194
75 196
75 197
75 198
76 77
76 86
76 88
76 89
76 90
76 92
76 93
76 95
76 96
76 97
76 100
76 101
76 103
76 104
76 105
76 108
76 111
76 112
76 113
76 114
76 115
76 116
76 117
76 118
76 119
76 120
76 124
76 125
76 127
76 128
76 130
76 132
76 138
76 139
76 142
76 143
76 145
76 147
76 148
76 149
76 151
76 154
76 155
76 156
76 157
76 163
76 164
76 165
76 166
76 167
76 169
76 170
76 171
76 172
76 178
76 179
76 182
76 184
76 185
76 187
76 190
76 192
76 198
77 78
77 80
77 82
77 86
77 87
77 89
77 90
77 93
77 97
77 98
77 100
77 101
77 102
77 104
77 106
77 107
77 110
77 111
77 115
77 121
77 124
77 125
77 128
77 130
77 133
77 134
77 135
77 136
77 137
77 141
77 142
77 143
77 148
77 149
77 150
77 151
77 153
77 154
77 155
77 156
77 157
77 158
77 163
77 165
77 169
77 171
77 172
77 174
77 177
77 178
77 179
77 180
77 182
77 183
77 190
77 191
77 192
77 193
77 195
77 196
77 198
77 199
78 79
78 81
78 82
78 83
78 84
78 89
78 90
78 92
78 93
78 94
78 100
78 101
78 102
78 105
78 108
78 110
78 112
78 115
78 116
78 118
78 121
78 125
78 126
78 128
78 129
78 133
78 134
78 136
78 138
78 141
78 142
78 145
78 146
78 147
78 149
78 151
78 152
78 153
78 154
78 158
78 159
78 160
78 161
78 162
78 163
78 164
78 165
78 168
78 169
78 170
78 171
78 172
78 173
78 174
78 176
78 178
78 181
78 182
78 183
78 185
78 186
78 188
78 189
78 190
78 191
78 193
78 195
78 196
78 198
79 80
79 81
79 82
79 83
79 84
79 85
79 86
79 87
79 90
79 92
79 96
79 98
79 99
79 102
79 105
79 107
79 108
79 111
79 112
79 113
79 118
79 119
79 120
79 122
79 124
79 126
79 127
79 129
79 130
79 131
79 132
79 133
79 136
79 137
79 138
79 141
79 142
79 143
79 144
79 146
79 148
79 150
79 152
79 156
79 158
79 159
79 160
79 161
79 162
79 163
79 165
79 166
79 167
79 169
79 170
79 172
79 173
79 174
79 175
79 177
79 178
79 180
79 181
79 183
79 186
79 187
79 190
79 191
79 192
79 193
79 194
79 195
79 196
79 199
80 82
80 84
80 85
80 89
80 90
80 92
80 94
80 96
80 100
80 101
80 102
80 103
80 104
80 106
80 107
80 108
80 110
80 111
80 113
80 115
80 116
80 117
80 118
80 119
80 123
80 124
80 128
80 130
80 133
80 134
80 135
80 136
80 137
80 140
80 143
80 144
80 147
80 148
80 149
80 151
80 154
80 155
80 158
80 161
80 163
80 165
80 166
80 167
80 169
80 170
80 171
80 172
80 175
80 180
80 181
80 182
80 184
80 185
80 186
80 187
80 197
81 82
81 83
81 84
81 85
81 86
81 87
81 90
81 94
81 98
81 101
81 102
81 104
81 107
81 112
81 115
81 117
81 118
81 120
81 121
81 122
81 124
81 125
81 127
81 128
81 130
81 132
81 135
81 136
81 137
81 139
81 142
81 143
81 144
81 149
81 150
81 154
81 158
81 165
81 168
81 171
81 172
81 173
81 176
81 177
81 178
81 182
81 184
81 187
81 188
81 192
81 198
82 83
82 84
82 89
82 90
82 92
82 93
82 95
82 97
82 98
82 100
82 103
82 105
82 108
82 111
82 114
82 117
82 119
82 122
82 123
82 125
82 127
82 129
82 130
82 132
82 133
82 134
82 135
82 136
82 138
82 140
82 141
82 143
82 146
82 151
82 152
82 155
82 161
82 163
82 164
82 169
82 170
82 171
82 177
82 179
82 180
82 181
82 182
82 186
82 187
82 190
82 191
82 192
82 196
82 197
82 198
83 84
83 86
83 87
83 88
83 90
83 92
83 93
83 95
83 97
83 98
83 99
83 100
83 102
83 103
83 106
83 113
83 114
83 115
83 116
83 118
83 120
83 124
83 126
83 127
83 130
83 131
83 132
83 134
83 135
83 137
83 138
83 140
83 141
83 142
83 148
83 149
83 150
83 151
83 155
83 156
83 158
83 159
83 161
83 162
83 163
83 169
83 173
83 174
83 176
83 177
83 179
83 181
83 183
83 186
83 187
83 188
83 189
83 190
83 192
83 193
83 195
83 197
83 198
83 199
84 87
84 88
84 90
84 91
84 94
84 96
84 97
84 98
84 103
84 106
84 107
84 109
84 110
84 113
84 114
84 116
84 118
84 121
84 122
84 124
84 128
84 129
84 132
84 133
84 134
84 137
84 140
84 141
84 144
84 146
84 148
84 150
84 157
84 158
84 159
84 163
84 164
84 165
84 168
84 169
84 171
84 173
84 174
84 175
84 176
84 177
84 181
84 182
84 183
84 184
84 186
84 187
84 188
84 191
84 192
84 194
84 195
84 196
84 199
85 87
85 89
85 90
85 96
85 97
85 98
85 103
85 105
85 109
85 112
85 115
85 118
85 121
85 123
85 124
85 127
85 129
85 131
85 134
85 135
85 137
85 139
85 140
85 141
85 142
85 143
85 144
85 148
85 151
85 152
85 153
85 154
85 156
85 158
85 160
85 161
85 162
85 164
85 165
85 167
85 169
85 170
85 171
85 174
85 175
85 177
85 178
85 179
85 180
85 182
85 183
85 184
85 185
85 186
85 188
85 189
85 191
85 193
85 195
85 196
85 198
86 88
86 89
86 90
86 96
86 97
86 98
86 99
86 100
86 102
86 104
86 106
86 107
86 108
86 109
86 112
86 114
86 116
86 117
86 119
86 120
86 121
86 123
86 124
86 125
86 127
86 129
86 132
86 134
86 136
86 140
86 143
86 145
86 148
86 149
86 151
86 154
86 155
86 156
86 157
86 158
86 159
86 162
86 164
86 165
86 166
86 167
86 171
86 173
86 174
86 175
86 176
86 178
86 180
86 181
86 182
86 185
86 186
86 187
86 188
86 191
86 192
86 193
86 194
86 195
86 196
86 197
87 88
87 90
87 92
87 93
87 95
87 97
87 100
87 103
87 104
87 106
87 109
87 111
87 112
87 116
87 117
87 118
87 120
87 122
87 123
87 127
87 129
87 133
87 135
87 136
87 137
87 138
87 140
87 141
87 142
87 143
87 147
87 148
87 149
87 150
87 152
87 153
87 154
87 155
87 158
87 159
87 163
87 166
87 167
87 169
87 170
87 172
87 174
87 176
87 180
87 184
87 189
87 190
87 192
87 193
87 195
88 90
88 91
88 94
88 96
88 97
88 100
88 107
88 111
88 112
88 116
88 117
88 119
88 126
88 130
88 131
88 133
88 134
88 136
88 139
88 140
88 142
88 143
88 146
88 148
88 150
88 152
88 158
88 160
88 163
88 166
88 168
88 171
88 172
88 173
88 174
88 175
88 177
88 181
88 183
88 184
88 186
88 187
88 191
88 193
88 194
88 195
88 198
89 90
89 91
89 95
89 96
89 102
89 104
89 105
89 106
89 107
89 109
89 113
89 116
89 118
89 120
89 121
89 122
89 128
89 129
89 131
89 132
89 133
89 136
89 137
89 140
89 144
89 145
89 146
89 147
89 148
89 149
89 150
89 152
89 154
89 156
89 158
89 159
89 160
89 162
89 163
89 164
89 165
89 166
89 167
89 171
89 173
89 174
89 175
89 176
89 178
89 179
89 180
89 181
89 184
89 187
89 191
89 192
89 196
89 199
90 92
90 93
90 95
90 98
90 99
90 100
90 101
90 104
90 105
90 108
90 110
90 111
90 112
90 113
90 116
90 117
90 119
90 120
90 122
90 123
90 125
90 126
90 128
90 129
90 134
90 136
90 138
90 139
90 143
90 144
90 146
90 148
90 149
90 150
90 151
90 152
90 153
90 156
90 157
90 160
90 161
90 162
90 164
90 165
90 166
90 167
90 171
90 173
90 175
90 176
90 179
90 181
90 182
90 185
90 189
90 190
90 191
90 192
90 195
91 92
91 95
91 96
91 97
91 100
91 102
91 103
91 104
91 105
91 106
91 108
91 109
91 111
91 113
91 116
91 118
91 119
91 122
91 127
91 128
91 129
91 131
91 133
91 134
91 135
91 137
91 138
91 139
91 140
91 142
91 146
91 148
91 151
91 155
91 156
91 160
91 161
91 162
91 165
91 170
91 172
91 173
91 174
91 175
91 179
91 180
91 182
91 183
91 187
91 193
91 194
91 199
92 94
92 96
92 98
92 99
92 100
92 101
92 102
92 104
92 105
92 107
92 108
92 109
92 110
92 111
92 112
92 114
92 115
92 116
92 117
92 121
92 122
92 123
92 125
92 127
92 130
92 133
92 139
92 140
92 141
92 143
92 144
92 145
92 146
92 148
92 149
92 150
92 151
92 154
92 155
92 156
92 157
92 160
92 161
92 164
92 165
92 167
92 169
92 171
92 172
92 173
92 174
92 175
92 176
92 179
92 182
92 186
92 190
92 191
92 192
92 193
92 195
92 196
93 101
93 102
93 103
93 104
93 105
93 106
93 108
93 109
93 111
93 114
93 115
93 116
93 117
93 118
93 119
93 120
93 121
93 123
93 125
93 126
93 133
93 135
93 142
93 144
93 146
93 148
93 150
93 151
93 154
93 159
93 160
93 161
93 165
93 166
93 167
93 168
93 177
93 178
93 180
93 185
93 187
93 192
93 193
93 194
93 196
93 197
93 198
94 97
94 100
94 103
94 104
94 105
94 106
94 108
94 110
94 111
94 112
94 114
94 117
94 118
94 119
94 122
94 123
94 126
94 128
94 129
94 130
94 132
94 135
94 139
94 141
94 144
94 147
94 149
94 150
94 151
94 154
94 155
94 156
94 157
94 158
94 160
94 162
94 167
94 169
94 170
94 172
94 176
94 185
94 186
94 187
94 189
94 190
94 193
94 197
94 198
94 199
95 98
95 99
95 100
95 103
95 106
95 107
95 108
95 111
95 112
95 115
95 116
95 118
95 119
95 121
95 124
95 127
95 129
95 137
95 140
95 141
95 142
95 143
95 144
95 145
95 146
95 148
95 154
95 157
95 160
95 162
95 166
95 168
95 171
95 174
95 176
95 177
95 178
95 181
95 183
95 185
95 188
95 191
95 192
95 194
95 195
95 196
95 199
96 99
96 105
96 106
96 108
96 109
96 112
96 113
96 115
96 116
96 117
96 118
96 119
96 120
96 122
96 129
96 130
96 131
96 132
96 133
96 134
96 140
96 141
96 142
96 143
96 146
96 147
96 148
96 152
96 155
96 156
96 157
96 159
96 160
96 161
96 164
96 165
96 166
96 168
96 169
96 171
96 172
96 173
96 176
96 177
96 182
96 183
96 186
96 187
96 188
96 189
96 190
96 196
96 197
96 198
97 98
97 103
97 104
97 105
97 106
97 108
97 110
97 111
97 112
97 114
97 116
97 118
97 120
97 121
97 122
97 126
97 128
97 129
97 136
97 137
97 138
97 141
97 144
97 145
97 146
97 147
97 148
97 149
97 151
97 155
97 157
97 158
97 160
97 161
97 162
97 165
97 166
97 167
97 169
97 172
97 178
97 179
97 180
97 181
97 183
97 185
97 188
97 194
97 196
97 198
97 199
98 100
98 101
98 103
98 104
98 105
98 106
98 107
98 109
98 110
98 111
98 112
98 116
98 117
98 119
98 120
98 121
98 122
98 123
98 124
98 126
98 127
98 128
98 130
98 132
98 134
98 135
98 136
98 137
98 138
98 141
98 142
98 143
98 145
98 146
98 148
98 149
98 151
98 152
98 154
98 155
98 156
98 157
98 159
98 160
98 161
98 164
98 167
98 169
98 171
98 172
98 173
98 174
98 175
98 176
98 179
98 180
98 183
98 186
98 191
98 193
98 197
98 198
99 100
99 103
99 104
99 106
99 109
99 111
99 112
99 114
99 116
99 117
99 119
99 120
99 122
99 124
99 126
99 127
99 129
99 136
99 138
99 139
99 140
99 141
99 144
99 145
99 147
99 150
99 151
99 153
99 154
99 155
99 156
99 160
99 161
99 163
99 165
99 167
99 168
99 171
99 173
99 174
99 175
99 178
99 182
99 184
99 186
99 187
99 188
99 189
99 190
99 191
99 193
99 195
99 197
99 198
100 104
100 107
100 108
100 111
100 113
100 115
100 116
100 119
100 123
100 129
100 131
100 132
100 135
100 139
100 141
100 143
100 144
100 145
100 147
100 148
100 150
100 151
100 158
100 159
100 161
100 163
100 164
100 166
100 167
100 170
100 174
100 177
100 180
100 185
100 186
100 188
100 190
100 192
100 196
101 103
101 104
101 106
101 113
101 115
101 117
101 119
101 122
101 123
101 124
101 125
101 127
101 128
101 130
101 131
101 132
101 133
101 134
101 135
101 139
101 142
101 144
101 145
101 146
101 151
101 154
101 156
101 157
101 162
101 163
101 164
101 167
101 169
101 176
101 178
101 181
101 183
101 185
101 188
101 189
101 191
101 192
101 193
101 196
101 197
101 199
102 103
102 105
102 109
102 110
102 113
102 117
102 118
102 120
102 121
102 125
102 128
102 129
102 130
102 132
102 134
102 137
102 138
102 141
102 142
102 143
102 147
102 148
102 153
102 154
102 155
102 157
102 159
102 161
102 162
102 166
102 173
102 176
102 178
102 179
102 181
102 183
102 188
102 189
102 191
102 192
102 193
102 194
102 195
103 104
103 105
103 106
103 108
103 109
103 111
103 113
103 114
103 115
103 120
103 123
103 124
103 125
103 126
103 127
103 128
103 129
103 131
103 132
103 135
103 137
103 138
103 139
103 140
103 141
103 143
103 147
103 148
103 151
103 152
103 153
103 158
103 159
103 160
103 161
103 162
103 163
103 164
103 165
103 166
103 168
103 169
103 171
103 172
103 173
103 177
103 178
103 179
103 180
103 181
103 185
103 186
103 189
103 190
103 193
103 195
103 196
103 197
103 199
104 107
104 108
104 113
104 114
104 119
104 122
104 124
104 125
104 128
104 130
104 134
104 135
104 136
104 138
104 139
104 141
104 142
104 145
104 146
104 147
104 152
104 154
104 155
104 157
104 158
104 159
104 161
104 163
104 165
104 166
104 169
104 170
104 173
104 175
104 178
104 179
104 183
104 185
104 186
104 188
104 189
104 190
104 191
104 196
104 197
104 198
105 106
105 107
105 108
105 110
105 111
105 115
105 117
105 121
105 122
105 124
105 125
105 126
105 128
105 131
105 132
105 134
105 135
105 137
105 138
105 140
105 141
105 143
105 144
105 147
105 149
105 150
105 151
105 152
105 153
105 154
105 155
105 158
105 163
105 164
105 166
105 171
105 172
105 174
105 175
105 179
105 183
105 186
105 187
105 192
105 193
105 194
105 196
105 197
106 107
106 108
106 109
106 110
106 111
106 113
106 114
106 116
106 123
106 125
106 127
106 128
106 130
106 133
106 137
106 139
106 144
106 145
106 146
106 149
106 155
106 156
106 158
106 159
106 161
106 164
106 165
106 167
106 169
106 172
106 176
106 181
106 182
106 183
106 184
106 186
106 188
106 194
106 195
107 108
107 111
107 114
107 117
107 119
107 122
107 123
107 125
107 127
107 129
107 130
107 131
107 132
107 133
107 134
107 135
107 137
107 138
107 139
107 140
107 141
107 142
107 144
107 145
107 147
107 148
107 149
107 150
107 151
107 152
107 156
107 157
107 159
107 161
107 162
107 163
107 165
107 167
107 170
107 171
107 173
107 177
107 178
107 180
107 186
107 187
107 188
107 191
107 193
107 197
107 198
108 109
108 111
108 112
108 113
108 114
108 116
108 117
108 118
108 127
108 129
108 130
108 131
108 132
108 133
108 134
108 135
108 136
108 139
108 143
108 144
108 145
108 146
108 147
108 148
108 149
108 157
108 158
108 160
108 167
108 170
108 172
108 173
108 177
108 178
108 180
108 183
108 184
108 186
108 189
108 191
108 194
108 197
108 199
109 111
109 112
109 113
109 115
109 116
109 118
109 119
109 122
109 125
109 128
109 130
109 133
109 136
109 139
109 143
109 144
109 145
109 146
109 152
109 153
109 154
109 155
109 157
109 158
109 160
109 163
109 167
109 169
109 173
109 175
109 177
109 178
109 180
109 182
109 184
109 186
109 189
109 190
109 191
109 193
109 194
109 196
110 112
110 113
110 114
110 115
110 116
110 117
110 125
110 126
110 127
110 133
110 135
110 136
110 137
110 139
110 144
110 145
110 149
110 151
110 152
110 154
110 155
110 156
110 158
110 160
110 161
110 163
110 164
110 166
110 176
110 177
110 179
110 181
110 182
110 184
110 189
110 192
110 194
110 195
110 199
111 112
111 113
111 114
111 116
111 118
111 119
111 129
111 130
111 131
111 132
111 133
111 134
111 135
111 137
111 141
111 143
111 145
111 146
111 147
111 149
111 150
111 152
111 153
111 156
111 158
111 160
111 161
111 162
111 163
111 164
111 167
111 169
111 173
111 174
111 175
111 176
111 178
111 179
111 180
111 182
111 184
111 186
111 187
111 189
111 190
111 191
111 194
111 196
112 113
112 114
112 119
112 120
112 121
112 125
112 129
112 133
112 137
112 141
112 143
112 144
112 145
112 147
112 149
112 150
112 151
112 154
112 155
112 156
112 157
112 158
112 159
112 160
112 162
112 163
112 164
112 167
112 169
112 173
112 174
112 176
112 177
112 178
112 179
112 180
112 182
112 183
112 185
112 186
112 187
112 188
112 189
112 190
112 191
112 192
112 193
112 194
112 195
112 199
113 115
113 117
113 118
113 121
113 122
113 124
113 126
113 129
113 130
113 131
113 132
113 136
113 138
113 139
113 140
113 141
113 142
113 143
113 144
113 147
113 148
113 150
113 153
113 155
113 156
113 157
113 159
113 162
113 168
113 174
113 175
113 177
113 178
113 179
113 182
113 184
113 186
113 188
113 190
113 192
113 194
113 195
113 197
113 198
114 116
114 119
114 121
114 122
114 126
114 129
114 131
114 132
114 136
114 137
114 138
114 139
114 141
114 143
114 145
114 146
114 147
114 149
114 150
114 152
114 153
114 154
114 155
114 158
114 159
114 161
114 165
114 166
114 167
114 169
114 170
114 171
114 172
114 173
114 174
114 176
114 178
114 179
114 180
114 181
114 182
114 184
114 187
114 189
114 190
114 191
114 195
114 197
114 198
115 116
115 117
115 118
115 119
115 122
115 123
115 126
115 127
115 128
115 131
115 132
115 134
115 135
115 137
115 138
115 139
115 140
115 142
115 146
115 148
115 150
115 152
115 153
115 155
115 157
115 158
115 161
115 162
115 163
115 164
115 168
115 169
115 170
115 171
115 173
115 174
115 178
115 179
115 184
115 191
115 192
115 193
115 194
115 195
115 196
115 197
116 120
116 124
116 127
116 131
116 138
116 141
116 143
116 145
116 148
116 149
116 154
116 155
116 157
116 159
116 164
116 165
116 166
116 168
116 169
116 173
116 177
116 179
116 181
116 182
116 183
116 184
116 185
116 188
116 190
116 191
116 192
116 193
116 195
116 199
117 118
117 120
117 122
117 125
117 126
117 127
117 128
117 130
117 131
117 132
117 136
117 138
117 139
117 142
117 145
117 149
117 151
117 152
117 153
117 154
117 155
117 156
117 158
117 159
117 160
117 162
117 163
117 166
117 167
117 170
117 172
117 173
117 174
117 176
117 178
117 179
117 181
117 182
117 183
117 185
117 187
117 188
117 189
117 192
117 193
117 194
117 197
118 119
118 120
118 121
118 127
118 131
118 134
118 135
118 137
118 138
118 142
118 146
118 149
118 152
118 153
118 155
118 156
118 159
118 160
118 161
118 162
118 163
118 165
118 168
118 171
118 180
118 186
118 189
118 191
118 192
118 194
118 197
118 198
119 123
119 124
119 125
119 128
119 130
119 133
119 135
119 136
119 138
119 139
119 141
119 142
119 143
119 144
119 145
119 147
119 151
119 152
119 153
119 154
119 155
119 158
119 159
119 161
119 162
119 163
119 164
119 165
119 167
119 169
119 170
119 171
119 172
119 174
119 175
119 176
119 177
119 178
119 181
119 184
119 185
119 186
119 188
119 190
119 191
119 193
119 198
120 121
120 122
120 123
120 124
120 129
120 131
120 132
120 133
120 135
120 136
120 140
120 143
120 144
120 145
120 146
120 148
120 150
120 151
120 152
120 156
120 163
120 164
120 168
120 169
120 170
120 171
120 172
120 179
120 180
120 181
120 184
120 188
120 189
120 191
120 193
120 195
120 196
120 197
121 123
121 125
121 132
121 133
121 135
121 136
121 137
121 141
121 145
121 147
121 148
121 149
121 152
121 155
121 158
121 159
121 160
121 161
121 162
121 163
121 164
121 166
121 168
121 170
121 171
121 176
121 178
121 179
121 181
121 182
121 183
121 184
121 185
121 188
121 190
121 193
121 196
121 198
122 123
122 125
122 126
122 127
122 131
122 133
122 134
122 136
122 138
122 141
122 145
122 146
122 148
122 150
122 151
122 152
122 154
122 157
122 164
122 165
122 167
122 168
122 172
122 173
122 174
122 175
122 176
122 177
122 182
122 185
122 186
122 194
122 195
122 197
123 124
123 126
123 130
123 131
123 132
123 136
123 138
123 139
123 140
123 141
123 142
123 143
123 146
123 153
123 157
123 158
123 159
123 160
123 162
123 164
123 165
123 167
123 168
123 169
123 170
123 171
123 181
123 184
123 186
123 189
123 190
123 191
123 193
123 196
123 197
123 198
124 127
124 128
124 130
124 131
124 133
124 139
124 141
124 142
124 143
124 144
124 145
124 156
124 158
124 159
124 161
124 162
124 163
124 164
124 165
124 168
124 169
124 170
124 171
124 173
124 174
124 176
124 180
124 184
124 185
124 190
124 193
124 194
124 195
124 196
124 197
125 130
125 131
125 132
125 133
125 136
125 139
125 141
125 142
125 143
125 145
125 147
125 148
125 150
125 152
125 154
125 158
125 159
125 161
125 164
125 165
125 167
125 168
125 170
125 171
125 173
125 174
125 175
125 176
125 178
125 179
125 180
125 185
125 187
125 188
125 189
125 192
125 194
125 199
126 127
126 129
126 130
126 131
126 134
126 136
126 142
126 146
126 148
126 149
126 150
126 152
126 153
126 158
126 159
126 165
126 166
126 167
126 171
126 174
126 175
126 177
126 178
126 182
126 183
126 185
126 186
126 187
126 188
126 189
126 192
126 194
126 198
127 129
127 130
127 131
127 134
127 139
127 140
127 141
127 145
127 146
127 147
127 148
127 152
127 153
127 156
127 157
127 158
127 160
127 161
127 164
127 165
127 166
127 168
127 169
127 173
127 175
127 176
127 177
127 178
127 179
127 180
127 182
127 183
127 185
127 186
127 188
127 189
127 190
127 196
127 197
128 130
128 132
128 133
128 138
128 139
128 140
128 141
128 142
128 146
128 148
128 149
128 155
128 156
128 157
128 160
128 161
128 163
128 164
128 165
128 166
128 167
128 168
128 169
128 170
128 177
128 178
128 181
128 182
128 185
128 189
128 190
128 191
128 192
128 194
128 195
128 196
128 198
129 131
129 133
129 134
129 137
129 139
129 140
129 141
129 142
129 144
129 146
129 147
129 153
129 154
129 155
129 158
129 166
129 167
129 168
129 169
129 172
129 175
129 178
129 180
129 181
129 183
129 184
129 185
129 187
129 188
129 190
129 192
129 193
129 194
129 199
130 137
130 138
130 139
130 141
130 142
130 143
130 144
130 145
130 147
130 149
130 151
130 152
130 153
130 154
130 160
130 161
130 162
130 163
130 166
130 167
130 172
130 173
130 175
130 176
130 178
130 179
130 180
130 181
130 182
130 183
130 185
130 187
130 194
130 195
130 196
130 199
131 132
131 136
131 137
131 138
131 140
131 141
131 142
131 144
131 147
131 148
131 149
131 150
131 157
131 158
131 159
131 160
131 161
131 165
131 167
131 168
131 169
131 170
131 172
131 175
131 176
131 182
131 186
131 187
131 190
131 191
131 193
131 194
131 196
131 197
131 198
132 136
132 138
132 139
132 141
132 142
132 146
132 147
132 149
132 150
132 151
132 152
132 157
132 158
132 160
132 163
132 165
132 166
132 167
132 170
132 171
132 172
132 174
132 175
132 176
132 178
132 179
132 181
132 183
132 184
132 185
132 186
132 188
132 189
132 190
132 192
132 193
132 198
133 134
133 136
133 137
133 140
133 141
133 142
133 143
133 145
133 147
133 148
133 149
133 150
133 153
133 154
133 155
133 156
133 159
133 161
133 164
133 165
133 166
133 168
133 170
133 171
133 172
133 175
133 176
133 177
133 178
133 179
133 183
133 184
133 185
133 186
133 187
133 189
133 190
133 194
133 197
134 135
134 140
134 141
134 143
134 144
134 149
134 153
134 154
134 156
134 160
134 161
134 162
134 163
134 166
134 167
134 168
134 170
134 171
134 173
134 175
134 176
134 177
134 178
134 179
134 184
134 188
134 191
134 192
134 193
134 194
134 195
134 196
134 199
135 136
135 138
135 140
135 141
135 146
135 147
135 148
135 151
135 153
135 154
135 158
135 159
135 160
135 167
135 168
135 169
135 170
135 171
135 175
135 176
135 179
135 182
135 190
135 191
135 192
135 194
135 196
135 197
135 198
135 199
136 137
136 139
136 141
136 142
136 143
136 144
136 147
136 148
136 154
136 155
136 156
136 157
136 160
136 161
136 164
136 166
136 167
136 168
136 169
136 171
136 174
136 175
136 176
136 183
136 185
136 186
136 187
136 189
136 190
136 198
136 199
137 142
137 144
137 146
137 147
137 148
137 149
137 151
137 153
137 155
137 156
137 159
137 163
137 164
137 165
137 166
137 167
137 171
137 172
137 176
137 179
137 180
137 181
137 182
137 186
137 187
137 188
137 189
137 190
137 191
137 195
137 196
137 197
138 139
138 140
138 141
138 143
138 145
138 149
138 156
138 158
138 159
138 161
138 163
138 167
138 172
138 173
138 176
138 177
138 178
138 179
138 180
138 181
138 182
138 183
138 185
138 188
138 189
138 192
138 193
138 194
138 196
138 199
139 144
139 145
139 147
139 148
139 149
139 152
139 155
139 156
139 158
139 159
139 162
139 163
139 165
139 167
139 172
139 174
139 176
139 182
139 183
139 186
139 188
139 189
139 190
139 192
139 194
139 197
139 199
140 141
140 147
140 148
140 149
140 150
140 152
140 153
140 154
140 158
140 160
140 161
140 163
140 164
140 165
140 172
140 173
140 175
140 177
140 180
140 183
140 186
140 188
140 190
140 192
140 193
140 195
140 197
140 199
141 153
141 154
141 155
141 158
141 161
141 163
141 167
141 168
141 172
141 182
141 183
141 185
141 186
141 187
141 191
141 193
141 194
141 195
141 196
141 197
141 198
141 199
142 144
142 145
142 146
142 147
142 150
142 152
142 153
142 155
142 157
142 159
142 161
142 163
142 164
142 165
142 166
142 167
142 169
142 172
142 175
142 177
142 178
142 179
142 183
142 185
142 186
142 187
142 188
142 189
142 190
142 192
142 194
142 197
142 198
142 199
143 145
143 146
143 147
143 150
143 154
143 155
143 160
143 161
143 165
143 166
143 167
143 170
143 171
143 173
143 174
143 176
143 177
143 179
143 181
143 184
143 185
143 186
143 190
143 191
143 194
143 199
144 146
144 148
144 152
144 154
144 156
144 157
144 160
144 161
144 163
144 166
144 167
144 171
144 173
144 175
144 178
144 183
144 184
144 185
144 186
144 189
144 190
144 193
144 194
144 195
144 196
145 146
145 152
145 154
145 157
145 160
145 166
145 167
145 169
145 171
145 174
145 175
145 177
145 178
145 182
145 184
145 185
145 187
145 189
145 192
145 195
145 196
145 199
146 147
146 150
146 156
146 157
146 160
146 162
146 163
146 166
146 167
146 168
146 169
146 171
146 172
146 173
146 174
146 175
146 176
146 177
146 180
146 184
146 188
146 189
146 190
146 192
146 196
146 198
147 148
147 151
147 153
147 155
147 158
147 162
147 163
147 164
147 165
147 166
147 167
147 171
147 173
147 176
147 179
147 180
147 181
147 183
147 186
147 187
147 188
147 192
147 195
147 196
148 149
148 152
148 153
148 154
148 155
148 156
148 157
148 159
148 163
148 164
148 165
148 170
148 171
148 172
148 174
148 175
148 177
148 178
148 180
148 181
148 182
148 185
148 187
148 189
148 190
148 191
148 192
148 197
148 199
149 150
149 155
149 157
149 158
149 163
149 164
149 166
149 169
149 170
149 171
149 172
149 175
149 178
149 179
149 184
149 187
149 193
149 197
150 155
150 156
150 157
150 160
150 161
150 165
150 166
150 168
150 170
150 172
150 174
150 176
150 177
150 180
150 181
150 182
150 184
150 185
150 186
150 188
150 190
150 191
150 192
150 195
150 196
150 197
150 199
151 153
151 155
151 156
151 157
151 158
151 159
151 160
151 161
151 162
151 163
151 164
151 165
151 167
151 169
151 177
151 178
151 180
151 181
151 184
151 185
151 186
151 189
151 190
151 191
151 193
151 194
151 195
151 197
152 153
152 157
152 158
152 160
152 169
152 170
152 171
152 172
152 173
152 174
152 175
152 176
152 177
152 178
152 179
152 180
152 181
152 183
152 184
152 185
152 186
152 189
152 190
152 193
152 196
153 154
153 155
153 160
153 161
153 163
153 165
153 166
153 168
153 170
153 174
153 176
153 177
153 178
153 184
153 185
153 188
153 189
153 191
153 192
153 194
153 196
153 197
153 198
154 158
154 159
154 160
154 169
154 170
154 171
154 172
154 173
154 174
154 175
154 178
154 179
154 181
154 182
154 183
154 184
154 185
154 186
154 187
154 188
154 189
154 192
154 193
154 194
154 197
155 158
155 160
155 164
155 166
155 167
155 168
155 169
155 171
155 173
155 183
155 185
155 189
155 190
155 191
155 192
155 194
155 196
156 158
156 159
156 160
156 163
156 165
156 166
156 168
156 169
156 170
156 171
156 174
156 179
156 180
156 183
156 185
156 186
156 187
156 191
156 195
156 196
156 199
157 159
157 160
157 163
157 169
157 170
157 173
157 178
157 181
157 183
157 186
157 188
157 191
157 192
157 197
157 199
158 164
158 166
158 169
158 170
158 173
158 175
158 176
158 178
158 179
158 180
158 181
158 182
158 185
158 189
158 190
158 191
158 196
158 198
159 160
159 163
159 164
159 171
159 172
159 174
159 178
159 179
159 181
159 184
159 185
159 186
159 187
159 188
159 189
159 190
159 192
159 197
159 199
160 161
160 164
160 166
160 167
160 168
160 173
160 176
160 179
160 180
160 181
160 182
160 183
160 184
160 186
160 189
160 191
160 192
160 193
160 195
160 196
160 198
160 199
161 164
161 165
161 167
161 168
161 170
161 171
161 173
161 174
161 175
161 176
161 180
161 182
161 186
161 187
161 188
161 189
161 190
161 191
161 193
161 195
161 196
161 198
162 163
162 164
162 165
162 170
162 172
162 173
162 174
162 175
162 176
162 178
162 179
162 180
162 182
162 183
162 186
162 187
162 190
162 191
162 193
162 195
162 197
162 199
163 168
163 169
163 170
163 173
163 175
163 176
163 177
163 178
163 181
163 183
163 184
163 186
163 187
163 188
163 189
163 191
163 195
163 198
164 165
164 166
164 168
164 169
164 176
164 177
164 178
164 179
164 181
164 183
164 184
164 185
164 186
164 188
164 189
164 190
164 193
164 194
164 195
164 197
164 199
165 169
165 173
165 174
165 179
165 180
165 182
165 192
165 193
165 194
165 195
165 196
165 197
165 199
166 168
166 169
166 170
166 171
166 176
166 177
166 178
166 181
166 183
166 186
166 187
166 188
166 189
166 195
166 196
167 168
167 169
167 170
167 171
167 173
167 175
167 178
167 179
167 180
167 183
167 184
167 185
167 186
167 190
167 192
167 194
167 195
167 196
168 171
168 177
168 178
168 179
168 182
168 184
168 186
168 187
168 188
168 191
168 198
168 199
169 172
169 175
169 177
169 178
169 179
169 184
169 186
169 187
169 188
169 189
169 192
169 193
169 195
169 196
170 173
170 174
170 176
170 179
170 181
170 182
170 183
170 184
170 185
170 186
170 192
170 194
170 195
171 172
171 174
171 175
171 176
171 178
171 179
171 180
171 181
171 183
171 185
171 187
171 188
171 189
171 190
171 191
171 192
171 195
171 199
172 176
172 177
172 179
172 180
172 182
172 183
172 186
172 187
172 188
172 189
172 190
172 191
172 193
172 195
172 196
172 197
172 198
172 199
173 175
173 179
173 182
173 187
173 188
173 191
173 193
173 194
173 196
173 197
173 199
174 180
174 184
174 185
174 186
174 194
174 195
174 196
174 197
174 198
174 199
175 177
175 179
175 180
175 182
175 183
175 184
175 186
175 190
175 191
175 193
175 194
175 197
175 198
175 199
176 178
176 181
176 183
176 186
176 187
176 189
176 192
176 195
176 196
176 199
177 178
177 179
177 180
177 181
177 185
177 186
177 187
177 190
177 197
177 199
178 179
178 181
178 189
178 190
178 193
178 194
178 195
178 196
178 198
178 199
179 182
179 183
179 185
179 188
179 194
179 195
179 199
180 182
180 184
180 185
180 186
180 187
180 190
180 191
180 192
180 195
180 196
180 197
180 198
181 182
181 184
181 185
181 190
181 191
181 192
181 193
181 194
181 195
181 196
182 183
182 185
182 187
182 189
182 190
182 194
182 195
182 197
182 199
183 184
183 188
183 190
183 191
183 193
183 195
183 196
184 186
184 187
184 188
184 190
184 191
184 192
184 193
184 195
184 196
184 197
184 198
184 199
185 186
185 187
185 188
185 189
185 190
185 191
185 192
185 198
186 188
186 189
186 190
186 193
186 198
187 190
187 191
187 192
187 196
187 197
187 198
187 199
188 196
188 198
189 190
189 196
189 198
189 199
190 191
190 192
190 193
190 194
191 192
191 193
191 194
191 195
191 196
192 193
192 194
192 195
192 197
192 199
193 194
193 198
193 199
194 195
194 196
194 197
194 199
195 196
195 199
196 199
