100 1003
0 13
0 19
0 23
0 26
0 27
0 35
0 37
0 41
0 42
0 47
0 55
0 56
0 61
0 63
0 66
0 74
0 79
0 88
0 94
0 95
1 5
1 8
1 26
1 28
1 29
1 33
1 36
1 40
1 42
1 44
1 50
1 71
1 73
1 80
1 85
1 87
1 90
1 91
2 4
2 6
2 15
2 27
2 29
2 32
2 33
2 38
2 39
2 47
2 48
2 51
2 58
2 62
2 67
2 78
2 79
2 80
2 81
2 93
2 95
2 99
3 6
3 16
3 18
3 20
3 23
3 24
3 33
3 37
3 43
3 45
3 74
3 75
3 76
3 77
3 83
3 84
3 85
3 90
3 97
4 10
4 12
4 18
4 27
4 28
4 31
4 41
4 45
4 46
4 60
4 63
4 65
4 68
4 73
4 78
4 97
4 99
5 11
5 14
5 22
5 23
5 24
5 25
5 27
5 31
5 33
5 35
5 40
5 42
5 46
5 51
5 54
5 57
5 82
5 87
5 99
6 8
6 9
6 13
6 14
6 20
6 21
6 27
6 36
6 40
6 51
6 53
6 56
6 58
6 65
6 75
6 88
6 92
6 93
6 99
7 10
7 16
7 24
7 25
7 36
7 45
7 47
7 48
7 52
7 58
7 63
7 72
7 73
7 80
8 10
8 24
8 28
8 34
8 35
8 48
8 51
8 55
8 62
8 63
8 66
8 68
8 73
8 76
8 88
8 92
8 94
9 10
9 24
9 31
9 38
9 51
9 59
9 72
9 82
9 90
9 97
10 11
10 12
10 15
10 16
10 17
10 19
10 22
10 23
10 28
10 30
10 35
10 38
10 39
10 41
10 50
10 52
10 60
10 63
10 65
10 66
10 71
10 74
10 78
10 84
10 87
10 92
10 93
11 22
11 34
11 36
11 45
11 53
11 55
11 65
11 69
11 77
11 82
11 84
11 92
11 95
12 13
12 15
12 17
12 18
12 19
12 25
12 34
12 51
12 54
12 58
12 59
12 62
12 73
12 75
12 78
12 87
12 89
12 94
13 20
13 24
13 48
13 50
13 53
13 57
13 58
13 59
13 61
13 62
13 67
13 76
13 77
13 82
13 88
13 97
14 20
14 24
14 32
14 33
14 34
14 37
14 42
14 45
14 46
14 47
14 50
14 53
14 63
14 64
14 67
14 70
14 73
14 75
14 76
14 87
14 92
14 94
14 95
14 97
15 16
15 30
15 38
15 39
15 40
15 47
15 59
15 75
15 76
15 79
15 82
15 88
15 89
15 92
15 95
15 97
16 19
16 20
16 21
16 22
16 27
16 30
16 31
16 35
16 38
16 41
16 42
16 44
16 47
16 55
16 59
16 62
16 65
16 66
16 73
16 78
16 79
16 86
16 89
16 92
16 94
16 95
16 97
17 20
17 31
17 39
17 41
17 53
17 58
17 64
17 65
17 67
17 75
17 79
17 81
17 87
17 92
17 93
17 98
18 23
18 34
18 35
18 38
18 42
18 49
18 55
18 60
18 62
18 67
18 72
18 75
18 81
18 89
18 97
19 28
19 35
19 57
19 62
19 68
19 73
19 76
19 85
20 24
20 34
20 50
20 54
20 59
20 80
20 86
20 88
21 22
21 25
21 29
21 31
21 32
21 36
21 47
21 49
21 53
21 57
21 67
21 70
21 78
21 84
21 88
21 90
21 94
21 96
21 97
21 98
21 99
22 25
22 30
22 37
22 44
22 49
22 62
22 81
22 83
22 86
22 93
22 95
22 98
22 99
23 25
23 27
23 32
23 37
23 43
23 54
23 57
23 58
23 59
23 60
23 61
23 65
23 67
23 82
23 88
23 90
23 97
24 35
24 42
24 44
24 46
24 48
24 51
24 52
24 56
24 57
24 59
24 64
24 65
24 66
24 70
24 84
24 85
24 96
24 97
25 28
25 32
25 34
25 39
25 60
25 65
25 67
25 70
25 76
25 80
25 83
25 88
25 89
25 92
26 30
26 35
26 37
26 40
26 41
26 45
26 49
26 57
26 61
26 63
26 64
26 66
26 69
26 70
26 71
26 75
26 76
26 81
26 82
26 83
26 88
26 92
26 96
27 28
27 33
27 35
27 36
27 39
27 43
27 48
27 55
27 59
27 65
27 67
27 69
27 71
27 85
27 87
27 88
27 93
28 37
28 38
28 42
28 57
28 62
28 66
28 69
28 73
28 77
28 78
28 87
28 90
28 98
29 30
29 33
29 35
29 38
29 42
29 60
29 63
29 72
29 75
29 78
29 81
29 83
29 87
29 91
29 98
30 39
30 45
30 53
30 54
30 55
30 57
30 58
30 61
30 74
30 75
30 76
30 77
30 91
30 94
30 98
31 43
31 45
31 48
31 49
31 61
31 75
31 77
31 79
31 81
31 82
31 84
31 87
32 36
32 38
32 51
32 57
32 60
32 84
32 86
32 97
33 43
33 46
33 48
33 49
33 58
33 86
33 88
33 92
34 45
34 48
34 49
34 52
34 54
34 58
34 64
34 72
34 90
34 92
34 98
34 99
35 37
35 56
35 57
35 61
35 72
35 77
36 38
36 39
36 45
36 47
36 52
36 55
36 69
36 76
36 87
37 44
37 46
37 49
37 51
37 53
37 59
37 70
37 71
37 84
37 89
37 92
37 94
38 50
38 53
38 57
38 58
38 71
38 72
38 78
38 79
38 83
38 88
38 90
38 93
39 41
39 50
39 62
39 69
39 73
39 74
39 79
39 80
39 81
39 87
39 89
39 94
39 96
40 43
40 52
40 53
40 54
40 56
40 57
40 61
40 67
40 68
40 72
40 73
40 83
40 87
40 90
40 92
41 42
41 43
41 44
41 45
41 47
41 57
41 64
41 66
41 69
41 74
41 75
41 76
41 77
41 81
41 83
41 91
41 99
42 53
42 59
42 70
42 73
42 74
42 75
42 77
42 78
42 79
42 83
42 84
42 96
43 44
43 45
43 50
43 52
43 56
43 59
43 71
43 72
43 76
43 77
43 82
43 87
43 95
43 97
44 45
44 50
44 53
44 56
44 57
44 58
44 66
44 72
44 75
44 84
44 88
44 89
44 90
44 94
45 49
45 64
45 69
45 81
45 83
45 97
46 50
46 54
46 59
46 65
46 67
46 68
46 75
46 77
46 78
46 88
46 90
46 93
46 96
47 58
47 59
47 60
47 63
47 67
47 75
47 82
47 86
47 93
47 97
48 52
48 56
48 60
48 64
48 66
48 71
48 76
48 78
48 79
48 82
48 85
49 50
49 51
49 52
49 58
49 65
49 68
49 69
49 75
49 78
49 80
49 86
49 88
49 90
49 94
50 52
50 55
50 65
50 66
50 67
50 81
50 82
50 83
50 89
50 90
51 55
51 62
51 74
51 75
51 76
51 80
51 82
51 98
52 53
52 55
52 59
52 70
52 71
52 72
52 73
52 79
52 81
52 83
52 91
52 92
52 94
52 97
52 99
53 59
53 62
53 67
53 68
53 78
53 80
53 93
53 99
54 62
54 63
54 66
54 72
54 77
54 83
54 85
54 93
54 94
54 97
55 59
55 64
55 69
55 70
55 71
55 74
55 79
55 82
55 84
55 88
55 90
55 98
56 65
56 66
56 72
56 74
56 75
56 79
56 83
56 91
56 95
57 58
57 62
57 68
57 73
57 74
57 79
57 81
57 82
57 90
57 92
57 96
57 97
58 64
58 65
58 72
58 74
58 75
58 76
58 77
58 84
58 92
58 93
58 95
58 98
58 99
59 60
59 63
59 65
59 69
59 75
59 77
59 78
59 81
59 82
59 83
59 85
60 61
60 66
60 70
60 79
60 86
60 94
61 62
61 73
61 77
61 79
61 89
61 95
61 96
62 63
62 68
62 69
62 70
62 75
62 83
62 97
63 64
63 70
63 79
63 99
64 65
64 69
64 73
64 84
64 89
64 91
64 92
64 98
65 67
65 69
65 74
65 76
65 77
65 92
65 96
65 99
66 69
66 81
66 85
66 88
66 89
66 91
66 93
66 99
67 76
67 78
67 82
67 86
67 95
68 83
68 90
68 96
69 85
69 86
70 71
70 77
70 83
70 89
70 96
71 74
71 86
71 94
71 96
72 84
72 86
72 87
72 88
72 91
72 99
73 77
73 80
73 84
73 86
73 90
73 93
73 94
73 95
74 75
74 89
74 91
74 96
74 98
75 76
75 79
75 81
75 84
75 86
75 87
76 77
76 82
76 85
76 86
76 92
76 93
76 94
76 98
77 81
77 82
77 85
77 86
77 90
77 94
78 87
78 89
78 95
79 81
79 84
79 87
79 97
80 81
80 89
80 96
80 99
81 88
81 94
81 95
81 99
82 85
82 89
82 93
82 95
82 97
83 87
83 91
83 96
84 87
84 88
84 93
84 95
85 88
86 87
87 88
87 94
87 95
87 97
88 89
88 96
88 97
89 95
89 99
90 91
90 97
90 98
91 97
