80 1585
0 4
0 5
0 9
0 10
0 14
0 21
0 22
0 23
0 24
0 27
0 28
0 29
0 30
0 31
0 34
0 36
0 37
0 39
0 41
0 42
0 44
0 45
0 47
0 49
0 50
0 55
0 56
0 59
0 61
0 63
0 65
0 66
0 67
0 71
0 73
0 75
0 77
0 78
1 4
1 5
1 7
1 12
1 13
1 19
1 23
1 25
1 27
1 33
1 34
1 35
1 39
1 40
1 44
1 46
1 50
1 52
1 53
1 58
1 59
1 61
1 62
1 67
1 69
1 70
1 71
1 72
1 75
1 76
1 79
2 3
2 5
2 9
2 12
2 14
2 15
2 17
2 18
2 23
2 24
2 26
2 28
2 29
2 30
2 31
2 32
2 33
2 37
2 41
2 42
2 43
2 46
2 47
2 53
2 55
2 56
2 58
2 60
2 61
2 62
2 64
2 75
2 78
2 79
3 4
3 5
3 8
3 10
3 14
3 17
3 18
3 22
3 25
3 28
3 29
3 31
3 32
3 33
3 34
3 35
3 36
3 37
3 39
3 41
3 43
3 44
3 47
3 48
3 49
3 51
3 58
3 59
3 60
3 63
3 65
3 66
3 68
3 69
3 71
3 74
3 75
3 77
3 79
4 7
4 9
4 10
4 11
4 12
4 13
4 16
4 17
4 18
4 20
4 21
4 25
4 32
4 33
4 37
4 38
4 39
4 43
4 44
4 47
4 48
4 50
4 53
4 56
4 57
4 58
4 62
4 63
4 64
4 65
4 66
4 68
4 69
4 71
4 72
4 73
4 75
4 79
5 8
5 9
5 14
5 15
5 17
5 18
5 22
5 23
5 24
5 25
5 26
5 27
5 30
5 31
5 32
5 33
5 35
5 37
5 39
5 41
5 42
5 43
5 44
5 46
5 47
5 48
5 52
5 53
5 55
5 56
5 57
5 61
5 63
5 64
5 66
5 69
5 72
5 73
5 75
5 77
5 79
6 7
6 8
6 9
6 11
6 14
6 15
6 16
6 17
6 18
6 22
6 23
6 25
6 26
6 27
6 28
6 29
6 32
6 33
6 37
6 38
6 44
6 48
6 50
6 52
6 53
6 54
6 57
6 58
6 61
6 65
6 67
6 68
6 72
6 73
6 75
6 76
6 77
7 8
7 9
7 12
7 13
7 16
7 17
7 18
7 20
7 22
7 23
7 25
7 26
7 29
7 31
7 32
7 34
7 35
7 37
7 38
7 39
7 40
7 42
7 45
7 48
7 52
7 53
7 58
7 60
7 63
7 64
7 65
7 67
7 68
7 69
7 78
7 79
8 10
8 11
8 13
8 15
8 16
8 17
8 18
8 20
8 24
8 28
8 29
8 31
8 33
8 34
8 35
8 37
8 39
8 41
8 43
8 45
8 47
8 48
8 51
8 52
8 53
8 54
8 59
8 61
8 64
8 67
8 70
8 71
8 72
8 74
8 76
8 77
8 79
9 10
9 12
9 14
9 19
9 20
9 21
9 24
9 26
9 27
9 29
9 30
9 32
9 34
9 37
9 39
9 40
9 48
9 50
9 53
9 56
9 57
9 58
9 59
9 60
9 63
9 64
9 65
9 66
9 67
9 68
9 70
9 71
9 73
9 74
9 78
10 11
10 12
10 13
10 15
10 16
10 18
10 19
10 20
10 21
10 22
10 25
10 31
10 32
10 33
10 37
10 42
10 46
10 47
10 48
10 50
10 52
10 58
10 59
10 62
10 63
10 67
10 69
10 70
10 71
10 72
10 78
11 13
11 14
11 15
11 16
11 17
11 23
11 26
11 27
11 31
11 33
11 37
11 39
11 41
11 42
11 43
11 44
11 45
11 46
11 47
11 48
11 49
11 50
11 53
11 54
11 55
11 58
11 60
11 62
11 63
11 65
11 67
11 68
11 69
11 71
11 72
11 74
11 75
11 76
11 77
11 78
11 79
12 13
12 14
12 15
12 16
12 17
12 19
12 20
12 22
12 24
12 25
12 26
12 27
12 28
12 30
12 31
12 32
12 35
12 36
12 38
12 40
12 42
12 45
12 47
12 49
12 50
12 52
12 55
12 56
12 57
12 58
12 64
12 65
12 68
12 70
12 71
12 79
13 16
13 18
13 19
13 20
13 25
13 26
13 28
13 31
13 40
13 43
13 45
13 46
13 53
13 55
13 56
13 57
13 60
13 61
13 62
13 66
13 67
13 71
13 74
13 75
13 77
13 79
14 18
14 19
14 22
14 24
14 26
14 27
14 28
14 30
14 32
14 33
14 35
14 37
14 39
14 42
14 43
14 45
14 46
14 48
14 49
14 54
14 58
14 59
14 60
14 62
14 63
14 64
14 67
14 70
14 72
14 73
14 76
14 78
14 79
15 16
15 19
15 20
15 21
15 24
15 25
15 30
15 31
15 32
15 33
15 34
15 35
15 37
15 38
15 39
15 41
15 42
15 43
15 46
15 47
15 49
15 50
15 51
15 53
15 56
15 57
15 59
15 60
15 61
15 63
15 64
15 66
15 67
15 68
15 69
15 70
15 71
15 73
15 76
15 78
16 17
16 20
16 22
16 23
16 26
16 29
16 30
16 33
16 35
16 37
16 38
16 39
16 43
16 45
16 46
16 48
16 50
16 51
16 53
16 56
16 58
16 59
16 61
16 65
16 66
16 68
16 69
16 71
16 73
16 76
16 77
16 78
17 19
17 24
17 27
17 35
17 36
17 37
17 40
17 42
17 47
17 48
17 50
17 53
17 55
17 57
17 58
17 62
17 63
17 65
17 66
17 68
17 70
17 72
17 73
17 78
18 20
18 23
18 25
18 26
18 30
18 31
18 34
18 36
18 39
18 42
18 43
18 45
18 48
18 52
18 54
18 55
18 56
18 57
18 58
18 59
18 61
18 64
18 65
18 66
18 67
18 68
18 70
18 72
18 75
18 76
18 79
19 20
19 23
19 25
19 27
19 28
19 29
19 30
19 31
19 33
19 37
19 38
19 41
19 43
19 45
19 47
19 48
19 52
19 54
19 56
19 57
19 58
19 59
19 62
19 63
19 64
19 65
19 66
19 70
19 71
19 72
19 73
19 74
19 77
20 21
20 22
20 23
20 26
20 28
20 29
20 31
20 33
20 35
20 36
20 37
20 41
20 42
20 44
20 45
20 46
20 49
20 50
20 51
20 57
20 59
20 60
20 62
20 63
20 66
20 67
20 70
20 71
20 73
20 75
21 22
21 25
21 27
21 28
21 32
21 34
21 35
21 36
21 38
21 39
21 40
21 41
21 43
21 46
21 47
21 48
21 51
21 53
21 55
21 57
21 58
21 59
21 64
21 66
21 67
21 68
21 69
21 71
21 73
21 74
21 77
22 23
22 24
22 26
22 33
22 34
22 36
22 37
22 38
22 39
22 40
22 41
22 42
22 45
22 47
22 48
22 50
22 51
22 53
22 55
22 56
22 59
22 61
22 62
22 63
22 64
22 65
22 66
22 67
22 69
22 72
22 73
22 76
22 79
23 28
23 30
23 34
23 35
23 36
23 40
23 41
23 43
23 45
23 46
23 48
23 49
23 50
23 51
23 52
23 53
23 54
23 55
23 57
23 58
23 59
23 61
23 62
23 64
23 65
23 68
23 71
23 72
23 74
23 75
23 76
23 78
23 79
24 25
24 27
24 29
24 32
24 35
24 36
24 39
24 40
24 42
24 44
24 46
24 47
24 54
24 55
24 61
24 62
24 64
24 66
24 69
24 70
24 71
24 73
24 75
24 78
25 27
25 29
25 31
25 35
25 36
25 41
25 42
25 44
25 46
25 48
25 50
25 52
25 58
25 59
25 60
25 61
25 62
25 63
25 74
25 77
25 78
26 30
26 31
26 32
26 33
26 35
26 37
26 39
26 40
26 43
26 45
26 52
26 53
26 54
26 55
26 56
26 57
26 58
26 59
26 60
26 62
26 63
26 65
26 66
26 68
26 69
26 71
26 73
26 75
26 76
26 77
26 79
27 30
27 31
27 33
27 35
27 38
27 39
27 41
27 42
27 45
27 46
27 48
27 49
27 50
27 51
27 52
27 53
27 54
27 55
27 59
27 61
27 62
27 63
27 64
27 66
27 67
27 70
27 72
27 73
27 75
27 76
27 79
28 29
28 31
28 32
28 41
28 45
28 46
28 47
28 53
28 54
28 57
28 58
28 59
28 61
28 62
28 63
28 64
28 66
28 67
28 70
28 73
28 74
28 75
28 76
28 78
28 79
29 33
29 35
29 39
29 42
29 43
29 45
29 47
29 51
29 52
29 53
29 54
29 55
29 56
29 57
29 58
29 59
29 61
29 63
29 64
29 65
29 66
29 68
29 69
29 70
29 72
29 73
29 74
29 75
30 31
30 32
30 33
30 34
30 36
30 37
30 38
30 39
30 40
30 41
30 43
30 46
30 48
30 49
30 50
30 52
30 54
30 61
30 65
30 66
30 68
30 69
30 70
30 71
30 72
30 76
30 77
30 78
30 79
31 32
31 33
31 38
31 42
31 43
31 47
31 49
31 50
31 53
31 54
31 56
31 59
31 60
31 62
31 67
31 69
31 70
31 71
31 72
31 74
31 75
31 77
31 78
32 38
32 39
32 41
32 44
32 45
32 49
32 51
32 54
32 55
32 56
32 57
32 58
32 59
32 60
32 61
32 62
32 65
32 68
32 70
32 72
32 74
32 75
32 78
32 79
33 34
33 36
33 37
33 39
33 40
33 41
33 43
33 46
33 49
33 50
33 55
33 56
33 57
33 59
33 61
33 63
33 64
33 66
33 68
33 70
33 72
33 74
33 76
33 77
33 78
34 35
34 41
34 45
34 49
34 55
34 57
34 58
34 59
34 62
34 63
34 64
34 65
34 66
34 67
34 69
34 70
34 72
34 76
34 77
34 79
35 37
35 41
35 42
35 43
35 45
35 49
35 52
35 54
35 55
35 56
35 57
35 58
35 62
35 64
35 68
35 69
35 70
35 76
36 39
36 41
36 42
36 43
36 46
36 48
36 53
36 55
36 59
36 60
36 61
36 62
36 70
36 71
36 72
36 73
36 75
36 76
36 78
37 46
37 48
37 49
37 50
37 52
37 54
37 55
37 57
37 64
37 65
37 66
37 69
37 70
37 72
37 74
37 75
37 77
38 41
38 42
38 47
38 48
38 50
38 56
38 57
38 58
38 59
38 60
38 62
38 63
38 68
38 69
38 70
38 71
38 74
38 75
38 76
39 41
39 42
39 44
39 48
39 50
39 52
39 54
39 57
39 63
39 64
39 65
39 68
39 69
39 70
39 71
39 72
39 74
39 78
40 43
40 45
40 46
40 47
40 48
40 52
40 53
40 54
40 55
40 57
40 58
40 60
40 61
40 63
40 64
40 66
40 67
40 69
40 71
40 74
40 76
40 78
40 79
41 42
41 44
41 47
41 51
41 52
41 53
41 54
41 56
41 59
41 61
41 66
41 67
41 68
41 70
41 72
41 74
41 75
41 76
41 77
41 78
42 44
42 45
42 46
42 47
42 49
42 50
42 55
42 56
42 57
42 59
42 61
42 62
42 64
42 68
42 69
42 70
42 71
42 74
42 75
42 79
43 46
43 47
43 52
43 53
43 55
43 57
43 58
43 59
43 66
43 69
43 71
43 72
43 73
43 74
43 75
43 76
43 77
43 78
44 46
44 47
44 49
44 50
44 51
44 55
44 57
44 58
44 59
44 60
44 63
44 64
44 66
44 67
44 68
44 69
44 70
44 72
44 74
44 75
44 76
44 77
44 78
44 79
45 48
45 49
45 50
45 52
45 53
45 61
45 62
45 66
45 68
45 69
45 73
45 74
45 76
45 78
45 79
46 47
46 48
46 52
46 56
46 57
46 58
46 60
46 61
46 62
46 63
46 65
46 68
46 70
46 71
46 73
46 74
47 54
47 56
47 59
47 60
47 62
47 67
47 68
47 70
47 71
47 72
47 74
47 75
47 77
47 78
47 79
48 50
48 54
48 56
48 58
48 59
48 60
48 61
48 64
48 66
48 67
48 69
48 70
48 71
48 72
48 73
48 76
48 78
49 50
49 52
49 54
49 57
49 59
49 61
49 63
49 64
49 66
49 70
49 72
49 76
49 78
49 79
50 51
50 52
50 53
50 54
50 58
50 60
50 61
50 62
50 64
50 69
50 71
50 73
50 74
50 77
51 52
51 54
51 55
51 56
51 59
51 60
51 63
51 64
51 65
51 66
51 67
51 69
51 73
51 79
52 53
52 54
52 57
52 60
52 61
52 62
52 66
52 69
52 72
52 73
52 74
52 79
53 57
53 58
53 59
53 60
53 61
53 62
53 64
53 66
53 67
53 68
53 69
53 70
53 71
53 75
54 62
54 63
54 65
54 67
54 69
54 70
54 71
54 72
54 74
54 76
54 77
54 79
55 56
55 57
55 60
55 63
55 64
55 66
55 70
55 71
55 73
55 74
55 75
55 77
55 78
56 57
56 58
56 60
56 62
56 63
56 65
56 66
56 69
56 70
56 71
56 74
56 78
57 60
57 61
57 62
57 66
57 67
57 68
57 69
57 71
57 72
57 75
57 77
57 78
57 79
58 59
58 60
58 66
58 67
58 68
58 71
58 74
58 76
59 60
59 62
59 63
59 66
59 67
59 68
59 70
59 72
59 75
59 76
59 79
60 61
60 68
60 69
60 70
60 73
60 76
60 78
60 79
61 63
61 64
61 65
61 70
61 72
61 74
61 75
61 76
61 77
61 79
62 63
62 64
62 65
62 66
62 67
62 71
62 72
62 73
62 74
62 75
62 78
62 79
63 66
63 71
63 73
63 74
63 75
63 79
64 67
64 68
64 69
64 70
64 73
64 74
64 77
64 78
65 67
65 68
65 71
65 72
65 75
65 77
65 78
66 67
66 71
66 72
66 73
66 74
66 75
66 77
66 78
66 79
67 70
67 72
67 77
68 74
68 75
68 76
68 78
69 70
69 72
69 73
69 76
69 78
70 71
70 73
70 77
70 78
71 77
71 78
71 79
72 73
72 76
72 77
72 79
73 74
73 77
74 77
75 78
76 78
