30 220
0 2
0 3
0 5
0 8
0 9
0 10
0 11
0 12
0 13
0 14
0 15
0 16
0 17
0 18
0 19
0 20
0 23
0 24
0 25
0 26
0 27
0 28
1 2
1 4
1 7
1 8
1 9
1 10
1 11
1 13
1 14
1 16
1 17
1 19
1 21
1 22
1 23
1 25
1 26
1 27
1 29
2 7
2 14
2 16
2 18
2 19
2 21
2 22
2 23
2 27
2 28
2 29
3 5
3 6
3 11
3 13
3 18
3 19
3 21
3 24
3 25
3 26
3 27
4 6
4 8
4 9
4 10
4 15
4 17
4 20
4 22
4 23
4 27
4 29
5 6
5 9
5 10
5 11
5 12
5 13
5 15
5 17
5 18
5 20
5 23
5 24
5 27
5 28
6 7
6 8
6 9
6 12
6 15
6 17
6 18
6 20
6 22
6 24
6 25
6 27
7 8
7 11
7 12
7 13
7 14
7 16
7 17
7 20
7 23
7 24
7 26
7 28
8 15
8 17
8 18
8 19
8 20
8 24
8 27
8 28
9 10
9 11
9 13
9 14
9 17
9 18
9 19
9 20
9 22
9 24
9 29
10 13
10 14
10 15
10 18
10 19
10 20
10 22
10 27
11 14
11 18
11 20
11 23
11 26
11 28
12 15
12 21
12 22
12 24
12 26
12 27
12 28
13 14
13 15
13 17
13 19
13 20
13 25
13 26
13 28
13 29
14 17
14 20
14 24
14 27
15 16
15 17
15 18
15 19
15 20
15 21
15 23
15 26
15 28
16 17
16 18
16 19
16 20
16 22
16 23
16 26
16 27
16 28
17 18
17 20
17 21
17 22
17 23
17 25
17 27
17 29
18 20
18 26
18 27
18 29
19 20
19 22
19 28
20 23
20 24
21 23
21 29
22 24
22 25
22 27
22 28
22 29
23 24
23 27
23 28
24 28
24 29
25 26
25 27
25 28
26 28
26 29
27 28
27 29
28 29
