80 650
0 3
0 6
0 16
0 21
0 22
0 26
0 31
0 37
0 48
0 53
0 57
0 67
0 71
0 74
0 76
1 3
1 5
1 7
1 9
1 13
1 17
1 26
1 28
1 41
1 42
1 50
1 56
1 58
1 76
2 5
2 7
2 13
2 15
2 22
2 37
2 43
2 49
2 52
2 53
2 54
2 57
2 60
2 67
2 69
2 71
2 74
2 76
2 78
3 4
3 6
3 8
3 10
3 25
3 29
3 31
3 32
3 48
3 51
3 59
3 72
3 73
3 75
3 76
4 18
4 20
4 22
4 24
4 26
4 27
4 31
4 38
4 40
4 41
4 46
4 49
4 53
4 55
4 57
4 59
4 71
4 74
4 75
5 18
5 34
5 39
5 41
5 45
5 52
5 56
5 57
5 60
5 68
5 71
5 74
6 9
6 14
6 19
6 20
6 27
6 40
6 46
6 51
6 52
6 54
6 57
6 61
6 62
6 71
6 75
6 76
6 77
6 78
7 9
7 10
7 26
7 40
7 42
7 46
7 47
7 50
7 61
7 66
7 71
8 11
8 20
8 21
8 38
8 39
8 41
8 42
8 50
8 62
8 64
8 76
8 79
9 10
9 13
9 14
9 16
9 18
9 19
9 24
9 27
9 29
9 31
9 34
9 41
9 42
9 43
9 53
9 55
9 60
9 62
9 63
9 67
9 73
9 74
9 77
10 13
10 14
10 17
10 20
10 40
10 46
10 50
10 51
10 55
10 60
10 66
10 67
10 76
10 78
11 13
11 14
11 15
11 16
11 19
11 29
11 32
11 33
11 34
11 36
11 45
11 48
11 53
11 68
11 72
11 74
11 78
12 17
12 18
12 19
12 29
12 35
12 39
12 43
12 46
12 47
12 48
12 52
12 56
12 60
12 62
12 70
12 71
12 74
12 77
13 22
13 26
13 32
13 47
13 49
13 65
13 66
13 75
13 76
14 16
14 21
14 25
14 28
14 35
14 43
14 45
15 23
15 32
15 36
15 42
15 45
15 50
15 59
15 61
15 67
15 68
15 70
15 75
16 17
16 24
16 38
16 42
16 52
16 58
16 62
16 72
16 75
16 77
16 79
17 19
17 21
17 23
17 24
17 25
17 26
17 27
17 34
17 36
17 38
17 41
17 56
17 61
17 64
17 68
17 71
17 74
17 75
17 76
18 19
18 24
18 27
18 29
18 34
18 47
18 56
18 65
18 76
19 25
19 26
19 27
19 28
19 30
19 34
19 39
19 44
19 47
19 56
19 61
19 62
19 64
19 65
19 69
19 70
19 79
20 29
20 30
20 36
20 38
20 41
20 42
20 45
20 50
20 54
20 66
20 67
20 72
20 73
20 74
20 76
21 31
21 37
21 40
21 46
21 51
21 61
21 63
21 69
21 70
21 71
21 78
22 27
22 34
22 43
22 46
22 50
22 54
22 65
22 68
22 69
23 25
23 26
23 36
23 43
23 47
23 60
23 64
24 34
24 35
24 38
24 42
24 43
24 51
24 60
24 71
24 72
24 75
24 79
25 37
25 38
25 47
25 54
25 55
25 56
25 59
25 63
25 78
26 41
26 44
26 47
26 48
26 50
26 57
26 60
26 61
26 70
26 71
26 73
27 35
27 36
27 42
27 48
27 53
27 54
27 55
27 57
27 60
27 61
27 65
27 66
27 68
27 76
28 29
28 44
28 53
28 60
28 63
28 65
28 68
28 69
28 78
28 79
29 46
29 48
29 50
29 55
29 58
29 62
29 64
29 77
30 38
30 40
30 42
30 46
30 47
30 48
30 56
30 58
30 68
30 71
30 72
30 74
30 78
30 79
31 32
31 37
31 45
31 50
31 58
31 60
31 64
31 65
31 72
31 78
32 33
32 49
32 51
32 54
32 57
32 61
32 64
32 78
33 37
33 40
33 45
33 46
33 49
33 51
33 53
33 57
33 59
33 61
33 72
33 73
33 79
34 35
34 36
34 50
34 59
34 65
34 70
34 71
34 79
35 38
35 40
35 41
35 43
35 49
35 50
35 52
35 54
35 64
35 73
35 74
35 75
36 37
36 39
36 47
36 53
36 63
36 64
36 68
36 69
36 71
37 39
37 40
37 46
37 48
37 49
37 64
37 69
38 39
38 40
38 58
38 60
38 67
38 68
38 71
38 75
38 76
38 78
39 41
39 44
39 49
39 53
39 57
39 60
39 62
39 68
39 79
40 42
40 48
40 53
40 60
40 66
40 67
40 71
41 42
41 45
41 57
41 70
41 73
41 78
42 45
42 54
42 57
42 60
42 73
43 45
43 49
43 57
43 61
43 65
43 71
43 72
43 79
44 51
44 58
44 62
44 63
44 67
44 72
44 74
44 75
44 76
44 78
45 48
45 55
45 56
45 62
45 64
45 78
46 54
46 55
46 61
46 62
46 65
46 68
46 69
46 75
46 76
46 78
47 48
47 49
47 57
47 61
47 67
47 68
47 69
47 77
48 54
48 63
48 64
48 67
48 76
49 53
49 56
49 60
49 62
49 64
49 65
49 66
49 70
49 78
50 51
50 57
50 74
51 55
51 56
51 61
51 62
51 70
51 75
52 53
52 58
52 61
52 64
52 74
53 56
53 61
53 64
54 58
54 59
54 76
55 60
55 68
55 69
55 79
56 63
56 73
56 74
57 58
57 66
57 68
57 72
58 62
58 64
58 67
58 68
58 74
58 75
59 63
59 65
59 76
59 78
60 71
60 75
61 68
61 72
61 76
61 77
61 79
62 63
62 68
62 72
62 79
63 64
63 66
63 71
63 73
63 78
64 65
64 66
64 67
64 73
64 76
66 75
66 78
67 74
67 75
67 77
68 78
69 71
69 72
69 79
70 71
70 79
71 76
71 78
71 79
73 76
74 79
75 76
75 78
