20 100
0 1
0 2
0 3
0 5
0 7
0 8
0 12
0 14
0 16
0 17
0 18
0 19
1 2
1 3
1 4
1 5
1 6
1 8
1 9
1 11
1 12
1 14
1 15
1 16
1 18
2 4
2 7
2 8
2 9
2 12
2 13
2 14
2 15
2 16
2 17
2 18
3 5
3 6
3 8
3 16
4 7
4 8
4 10
4 13
4 15
4 18
4 19
5 6
5 9
5 10
5 12
5 15
5 16
5 18
6 8
6 10
6 11
6 13
6 14
6 16
6 18
7 15
7 16
7 19
8 10
8 11
8 12
8 14
8 18
8 19
9 10
9 11
9 13
9 16
9 17
9 18
9 19
10 11
10 13
10 15
10 17
10 19
11 16
11 17
11 19
12 15
12 16
12 17
13 14
13 15
13 16
13 17
13 18
14 17
15 18
15 19
16 18
16 19
17 19
18 19
