300 8969
0 7
0 11
0 18
0 19
0 40
0 41
0 47
0 51
0 57
0 65
0 72
0 76
0 78
0 79
0 81
0 83
0 85
0 89
0 90
0 103
0 104
0 108
0 112
0 127
0 144
0 145
0 147
0 166
0 174
0 175
0 177
0 178
0 201
0 212
0 214
0 218
0 220
0 225
0 226
0 229
0 230
0 237
0 247
0 248
0 255
0 257
0 260
0 264
0 265
0 269
0 281
0 289
0 297
0 298
0 299
1 3
1 4
1 12
1 16
1 17
1 19
1 25
1 27
1 29
1 32
1 37
1 38
1 44
1 45
1 51
1 65
1 69
1 70
1 72
1 74
1 77
1 80
1 90
1 92
1 94
1 102
1 105
1 112
1 116
1 117
1 122
1 124
1 129
1 130
1 131
1 137
1 149
1 152
1 156
1 165
1 184
1 195
1 199
1 202
1 207
1 208
1 214
1 237
1 239
1 243
1 256
1 257
1 260
1 261
1 275
1 287
1 292
1 293
1 294
1 298
1 299
2 8
2 11
2 13
2 20
2 35
2 37
2 48
2 49
2 50
2 60
2 67
2 73
2 74
2 75
2 80
2 83
2 84
2 95
2 96
2 98
2 103
2 116
2 117
2 118
2 119
2 120
2 126
2 132
2 138
2 146
2 148
2 151
2 164
2 166
2 167
2 170
2 171
2 174
2 177
2 180
2 183
2 184
2 196
2 197
2 199
2 201
2 203
2 210
2 215
2 226
2 236
2 244
2 245
2 248
2 250
2 259
2 266
2 272
2 289
3 5
3 9
3 21
3 23
3 24
3 27
3 29
3 32
3 39
3 41
3 43
3 48
3 51
3 55
3 61
3 63
3 64
3 67
3 76
3 88
3 89
3 96
3 102
3 108
3 131
3 136
3 146
3 147
3 148
3 154
3 157
3 161
3 170
3 180
3 183
3 187
3 189
3 193
3 194
3 196
3 199
3 201
3 202
3 205
3 209
3 217
3 226
3 232
3 242
3 248
3 249
3 251
3 254
3 261
3 265
3 267
3 272
3 279
3 281
3 284
3 288
3 291
3 294
3 296
3 299
4 11
4 20
4 23
4 34
4 39
4 47
4 49
4 56
4 59
4 60
4 68
4 74
4 76
4 80
4 86
4 87
4 99
4 101
4 109
4 118
4 120
4 123
4 130
4 131
4 133
4 134
4 137
4 146
4 148
4 149
4 151
4 152
4 169
4 198
4 245
4 246
4 252
4 255
4 260
4 266
4 270
4 277
4 285
4 286
4 287
4 292
4 297
4 299
5 6
5 7
5 17
5 24
5 26
5 41
5 43
5 44
5 49
5 53
5 57
5 62
5 63
5 67
5 68
5 72
5 73
5 75
5 79
5 87
5 89
5 117
5 119
5 121
5 127
5 139
5 140
5 144
5 146
5 149
5 150
5 153
5 155
5 156
5 158
5 159
5 160
5 163
5 169
5 176
5 179
5 181
5 203
5 204
5 207
5 208
5 211
5 214
5 217
5 220
5 223
5 224
5 237
5 238
5 243
5 244
5 251
5 265
5 271
5 274
5 275
5 277
5 280
5 281
5 295
5 297
6 8
6 14
6 19
6 33
6 36
6 37
6 44
6 56
6 61
6 65
6 67
6 71
6 75
6 79
6 82
6 83
6 89
6 93
6 102
6 105
6 106
6 107
6 109
6 112
6 113
6 118
6 120
6 126
6 129
6 133
6 137
6 154
6 160
6 161
6 168
6 171
6 172
6 179
6 186
6 188
6 205
6 218
6 228
6 230
6 233
6 240
6 247
6 249
6 257
6 259
6 261
6 263
6 270
6 271
6 283
6 285
6 289
7 23
7 34
7 35
7 36
7 38
7 39
7 41
7 45
7 63
7 70
7 74
7 79
7 88
7 89
7 98
7 99
7 106
7 109
7 110
7 113
7 116
7 117
7 126
7 130
7 134
7 140
7 143
7 147
7 148
7 151
7 156
7 161
7 168
7 172
7 174
7 179
7 180
7 181
7 183
7 187
7 190
7 193
7 195
7 196
7 207
7 223
7 225
7 227
7 231
7 243
7 251
7 256
7 262
7 264
7 271
7 275
7 281
7 293
7 294
7 298
8 13
8 16
8 20
8 26
8 35
8 40
8 42
8 43
8 52
8 61
8 64
8 68
8 76
8 81
8 85
8 92
8 93
8 104
8 105
8 122
8 123
8 128
8 129
8 132
8 141
8 146
8 148
8 149
8 157
8 158
8 164
8 171
8 178
8 179
8 184
8 194
8 197
8 198
8 203
8 204
8 210
8 215
8 216
8 222
8 223
8 226
8 230
8 232
8 238
8 246
8 261
8 269
8 278
8 286
9 11
9 18
9 22
9 44
9 48
9 62
9 63
9 74
9 83
9 84
9 89
9 105
9 122
9 123
9 125
9 127
9 139
9 143
9 157
9 160
9 162
9 163
9 171
9 173
9 175
9 176
9 189
9 200
9 206
9 227
9 234
9 235
9 236
9 241
9 246
9 247
9 253
9 256
9 257
9 259
9 261
9 267
9 271
9 282
9 286
9 287
9 296
9 297
10 18
10 19
10 29
10 31
10 33
10 35
10 38
10 40
10 46
10 52
10 60
10 61
10 64
10 69
10 70
10 74
10 76
10 79
10 84
10 87
10 88
10 93
10 95
10 96
10 98
10 107
10 108
10 110
10 123
10 127
10 142
10 144
10 150
10 162
10 168
10 178
10 182
10 184
10 185
10 187
10 197
10 201
10 210
10 211
10 216
10 224
10 228
10 229
10 234
10 246
10 248
10 250
10 251
10 252
10 255
10 258
10 261
10 274
10 284
10 285
10 297
10 299
11 21
11 22
11 33
11 34
11 36
11 48
11 50
11 54
11 56
11 58
11 68
11 73
11 75
11 81
11 85
11 87
11 91
11 93
11 102
11 104
11 106
11 114
11 123
11 129
11 133
11 135
11 136
11 139
11 143
11 150
11 157
11 178
11 182
11 187
11 200
11 217
11 219
11 223
11 224
11 241
11 246
11 249
11 250
11 253
11 257
11 265
11 266
11 267
11 281
11 287
11 290
11 291
11 292
11 293
11 296
12 16
12 20
12 21
12 24
12 28
12 30
12 34
12 41
12 43
12 44
12 59
12 66
12 67
12 77
12 82
12 83
12 84
12 89
12 97
12 102
12 103
12 104
12 105
12 107
12 109
12 112
12 115
12 127
12 128
12 129
12 135
12 137
12 138
12 144
12 148
12 151
12 154
12 167
12 169
12 172
12 173
12 175
12 176
12 195
12 205
12 210
12 213
12 218
12 220
12 221
12 223
12 226
12 233
12 234
12 237
12 239
12 245
12 254
12 256
12 259
12 260
12 265
12 275
12 283
12 287
12 291
12 295
12 296
12 297
12 298
12 299
13 15
13 28
13 35
13 40
13 41
13 44
13 48
13 52
13 64
13 66
13 69
13 79
13 83
13 86
13 87
13 94
13 99
13 105
13 108
13 111
13 113
13 116
13 118
13 119
13 121
13 124
13 128
13 130
13 137
13 147
13 157
13 163
13 164
13 165
13 180
13 182
13 184
13 187
13 189
13 191
13 194
13 201
13 202
13 211
13 213
13 215
13 224
13 228
13 234
13 237
13 241
13 244
13 245
13 259
13 262
13 264
13 268
13 271
13 275
13 276
13 278
13 281
13 290
13 294
14 15
14 20
14 28
14 33
14 60
14 62
14 70
14 76
14 79
14 80
14 83
14 87
14 96
14 101
14 107
14 112
14 116
14 119
14 123
14 144
14 157
14 159
14 160
14 162
14 166
14 179
14 183
14 185
14 187
14 188
14 190
14 192
14 203
14 223
14 225
14 234
14 237
14 238
14 239
14 240
14 246
14 250
14 252
14 262
14 263
14 267
14 278
14 280
14 282
14 291
14 294
14 296
15 18
15 19
15 20
15 22
15 23
15 27
15 30
15 37
15 38
15 40
15 42
15 49
15 51
15 62
15 69
15 82
15 85
15 105
15 111
15 112
15 113
15 118
15 119
15 138
15 146
15 149
15 157
15 158
15 164
15 167
15 171
15 208
15 217
15 223
15 224
15 228
15 231
15 246
15 249
15 254
15 276
15 281
15 282
15 283
15 289
15 294
15 295
16 17
16 18
16 20
16 26
16 27
16 32
16 40
16 43
16 58
16 59
16 64
16 72
16 74
16 75
16 78
16 81
16 88
16 90
16 91
16 93
16 102
16 108
16 114
16 116
16 119
16 124
16 138
16 155
16 160
16 163
16 166
16 175
16 181
16 185
16 195
16 204
16 207
16 212
16 214
16 224
16 235
16 236
16 238
16 240
16 250
16 253
16 261
16 263
16 265
16 267
16 268
16 273
16 280
16 285
16 287
16 289
16 291
16 295
16 297
17 18
17 23
17 25
17 26
17 30
17 34
17 41
17 45
17 50
17 51
17 57
17 61
17 62
17 63
17 65
17 66
17 72
17 78
17 85
17 88
17 95
17 102
17 113
17 114
17 127
17 135
17 139
17 152
17 153
17 158
17 163
17 166
17 171
17 177
17 181
17 192
17 195
17 199
17 208
17 234
17 235
17 251
17 259
17 267
17 274
17 281
17 282
17 288
17 297
18 19
18 20
18 25
18 27
18 39
18 40
18 42
18 45
18 49
18 54
18 65
18 71
18 72
18 75
18 83
18 96
18 99
18 100
18 103
18 104
18 106
18 115
18 140
18 151
18 164
18 167
18 170
18 173
18 175
18 191
18 200
18 206
18 208
18 212
18 215
18 216
18 221
18 224
18 225
18 227
18 236
18 239
18 241
18 242
18 248
18 251
18 255
18 258
18 260
18 268
18 269
18 274
18 280
18 283
18 293
18 298
18 299
19 24
19 27
19 38
19 39
19 44
19 48
19 56
19 60
19 63
19 65
19 68
19 78
19 81
19 86
19 90
19 92
19 93
19 95
19 96
19 109
19 110
19 116
19 117
19 118
19 119
19 122
19 126
19 127
19 128
19 132
19 133
19 140
19 141
19 148
19 156
19 182
19 183
19 187
19 189
19 191
19 197
19 200
19 201
19 203
19 209
19 212
19 220
19 227
19 230
19 231
19 235
19 241
19 242
19 252
19 253
19 255
19 256
19 258
19 259
19 260
19 262
19 273
19 277
19 287
19 288
19 290
20 21
20 28
20 29
20 36
20 49
20 53
20 67
20 68
20 75
20 76
20 88
20 91
20 94
20 101
20 108
20 109
20 112
20 114
20 118
20 123
20 128
20 135
20 136
20 137
20 140
20 146
20 148
20 151
20 152
20 160
20 161
20 166
20 174
20 177
20 180
20 183
20 192
20 198
20 199
20 204
20 210
20 217
20 218
20 223
20 233
20 238
20 239
20 240
20 241
20 245
20 248
20 269
20 270
20 271
20 289
20 299
21 28
21 29
21 34
21 36
21 45
21 48
21 56
21 62
21 75
21 91
21 94
21 97
21 98
21 104
21 105
21 111
21 113
21 118
21 119
21 125
21 129
21 130
21 134
21 138
21 145
21 152
21 154
21 155
21 159
21 161
21 169
21 174
21 196
21 197
21 199
21 202
21 208
21 210
21 217
21 218
21 237
21 241
21 242
21 248
21 250
21 251
21 255
21 261
21 263
21 265
21 269
21 275
21 279
21 284
22 23
22 25
22 35
22 37
22 38
22 39
22 47
22 51
22 53
22 60
22 66
22 67
22 72
22 75
22 85
22 90
22 97
22 99
22 114
22 119
22 126
22 147
22 152
22 166
22 171
22 176
22 191
22 197
22 198
22 199
22 201
22 204
22 208
22 209
22 216
22 221
22 225
22 238
22 239
22 240
22 246
22 260
22 268
22 270
22 271
22 285
22 286
22 287
22 290
22 294
23 24
23 33
23 38
23 49
23 50
23 52
23 58
23 60
23 63
23 64
23 72
23 76
23 80
23 81
23 97
23 98
23 99
23 106
23 111
23 119
23 124
23 125
23 129
23 132
23 142
23 145
23 146
23 153
23 156
23 172
23 175
23 179
23 181
23 185
23 194
23 196
23 200
23 211
23 214
23 217
23 229
23 233
23 234
23 238
23 240
23 243
23 244
23 249
23 261
23 268
23 277
23 280
23 282
23 283
23 284
23 287
23 289
23 290
23 298
24 28
24 36
24 38
24 39
24 45
24 59
24 65
24 73
24 74
24 77
24 85
24 94
24 105
24 108
24 113
24 117
24 120
24 135
24 141
24 142
24 143
24 145
24 148
24 151
24 154
24 157
24 160
24 177
24 182
24 187
24 190
24 191
24 195
24 200
24 210
24 211
24 214
24 216
24 219
24 228
24 230
24 231
24 235
24 246
24 253
24 254
24 260
24 262
24 268
24 272
24 273
24 284
24 286
24 294
24 298
25 26
25 40
25 43
25 53
25 62
25 64
25 68
25 69
25 75
25 90
25 92
25 93
25 102
25 105
25 114
25 115
25 116
25 125
25 126
25 135
25 136
25 152
25 155
25 160
25 163
25 168
25 171
25 172
25 180
25 191
25 208
25 215
25 216
25 222
25 229
25 233
25 244
25 245
25 251
25 253
25 258
25 260
25 262
25 286
25 289
25 296
26 28
26 33
26 39
26 43
26 47
26 49
26 51
26 54
26 65
26 67
26 68
26 71
26 82
26 84
26 86
26 88
26 93
26 99
26 103
26 105
26 106
26 112
26 113
26 132
26 135
26 143
26 144
26 145
26 152
26 154
26 156
26 157
26 161
26 163
26 173
26 178
26 181
26 190
26 191
26 196
26 197
26 200
26 214
26 222
26 225
26 227
26 245
26 247
26 250
26 251
26 254
26 257
26 259
26 264
26 269
26 277
26 290
27 29
27 31
27 36
27 43
27 46
27 51
27 52
27 57
27 64
27 65
27 71
27 72
27 76
27 82
27 83
27 94
27 96
27 103
27 104
27 111
27 113
27 114
27 120
27 125
27 133
27 136
27 142
27 153
27 161
27 165
27 167
27 174
27 181
27 182
27 186
27 188
27 205
27 216
27 227
27 232
27 234
27 244
27 248
27 252
27 260
27 262
27 266
27 270
27 272
27 273
27 277
27 281
27 287
27 288
27 290
27 296
27 299
28 30
28 39
28 43
28 51
28 56
28 65
28 71
28 81
28 93
28 94
28 95
28 96
28 97
28 98
28 99
28 105
28 106
28 108
28 111
28 114
28 115
28 125
28 132
28 148
28 149
28 150
28 159
28 165
28 167
28 170
28 173
28 174
28 177
28 186
28 198
28 201
28 207
28 210
28 211
28 212
28 216
28 222
28 223
28 237
28 239
28 263
28 268
28 271
28 278
28 280
28 282
28 287
28 288
28 291
28 292
28 294
28 297
28 299
29 30
29 34
29 46
29 54
29 55
29 57
29 61
29 65
29 66
29 72
29 75
29 85
29 89
29 92
29 100
29 105
29 107
29 109
29 123
29 125
29 127
29 129
29 133
29 136
29 137
29 140
29 143
29 152
29 169
29 173
29 176
29 185
29 194
29 198
29 199
29 202
29 203
29 204
29 206
29 209
29 210
29 212
29 214
29 220
29 229
29 237
29 241
29 247
29 252
29 260
29 261
29 266
29 267
29 270
29 271
29 272
29 292
29 294
29 295
29 298
29 299
30 33
30 34
30 43
30 53
30 54
30 59
30 65
30 68
30 69
30 77
30 78
30 84
30 90
30 98
30 107
30 108
30 114
30 117
30 121
30 125
30 132
30 140
30 143
30 147
30 166
30 167
30 168
30 171
30 185
30 186
30 188
30 189
30 190
30 194
30 195
30 196
30 201
30 207
30 208
30 209
30 211
30 215
30 217
30 223
30 225
30 228
30 236
30 238
30 243
30 244
30 248
30 255
30 257
30 266
30 268
30 275
30 283
30 284
30 292
30 297
31 36
31 37
31 41
31 48
31 49
31 50
31 56
31 57
31 59
31 60
31 77
31 89
31 94
31 109
31 110
31 112
31 114
31 119
31 123
31 130
31 135
31 151
31 152
31 154
31 164
31 169
31 179
31 181
31 187
31 188
31 192
31 199
31 211
31 224
31 228
31 229
31 232
31 238
31 241
31 243
31 246
31 249
31 256
31 266
31 268
31 270
31 275
31 283
31 287
31 288
31 293
31 298
32 33
32 34
32 45
32 51
32 52
32 55
32 57
32 60
32 66
32 79
32 82
32 87
32 95
32 97
32 101
32 104
32 105
32 119
32 123
32 128
32 131
32 150
32 152
32 155
32 162
32 175
32 176
32 182
32 185
32 186
32 190
32 201
32 203
32 213
32 214
32 231
32 240
32 247
32 248
32 252
32 253
32 256
32 266
32 268
32 270
32 273
32 276
32 278
32 279
32 280
32 285
32 286
33 34
33 44
33 53
33 56
33 66
33 67
33 69
33 70
33 71
33 73
33 75
33 77
33 86
33 89
33 91
33 96
33 98
33 100
33 101
33 109
33 110
33 111
33 112
33 119
33 121
33 128
33 130
33 133
33 134
33 138
33 141
33 142
33 146
33 147
33 148
33 149
33 151
33 155
33 164
33 173
33 177
33 202
33 204
33 205
33 206
33 209
33 210
33 211
33 216
33 223
33 225
33 228
33 230
33 232
33 235
33 243
33 247
33 261
33 262
33 264
33 265
33 268
33 274
33 275
33 283
33 293
33 294
34 45
34 51
34 52
34 58
34 61
34 62
34 65
34 66
34 68
34 72
34 78
34 82
34 87
34 101
34 104
34 105
34 112
34 114
34 122
34 128
34 144
34 151
34 165
34 166
34 168
34 171
34 179
34 181
34 183
34 186
34 194
34 195
34 198
34 202
34 206
34 207
34 211
34 219
34 224
34 231
34 236
34 244
34 254
34 259
34 271
34 287
34 291
34 298
35 36
35 40
35 41
35 43
35 45
35 48
35 49
35 52
35 53
35 60
35 65
35 66
35 72
35 73
35 75
35 89
35 93
35 95
35 98
35 102
35 103
35 106
35 107
35 112
35 121
35 126
35 133
35 137
35 139
35 140
35 144
35 148
35 168
35 175
35 177
35 185
35 189
35 196
35 198
35 206
35 207
35 209
35 211
35 229
35 230
35 232
35 238
35 261
35 262
35 264
35 265
35 266
35 284
35 286
35 292
35 296
36 44
36 48
36 58
36 61
36 64
36 65
36 66
36 69
36 76
36 78
36 81
36 86
36 88
36 92
36 100
36 101
36 111
36 117
36 123
36 130
36 133
36 142
36 147
36 153
36 154
36 155
36 161
36 165
36 170
36 173
36 182
36 183
36 187
36 188
36 189
36 193
36 194
36 197
36 198
36 201
36 205
36 210
36 211
36 214
36 216
36 219
36 236
36 237
36 241
36 243
36 244
36 246
36 249
36 253
36 257
36 259
36 274
36 279
36 292
36 299
37 41
37 43
37 61
37 66
37 69
37 71
37 72
37 79
37 82
37 83
37 85
37 92
37 93
37 101
37 107
37 109
37 111
37 114
37 119
37 121
37 137
37 144
37 147
37 150
37 155
37 157
37 158
37 168
37 178
37 180
37 182
37 185
37 187
37 190
37 201
37 205
37 223
37 227
37 233
37 239
37 242
37 249
37 252
37 266
37 269
37 275
37 277
37 285
37 291
37 294
37 296
37 297
38 46
38 47
38 49
38 50
38 53
38 55
38 58
38 59
38 62
38 72
38 74
38 75
38 81
38 83
38 90
38 91
38 96
38 98
38 99
38 103
38 108
38 110
38 115
38 138
38 144
38 146
38 155
38 157
38 166
38 175
38 182
38 183
38 187
38 189
38 190
38 192
38 205
38 207
38 213
38 215
38 218
38 220
38 239
38 240
38 243
38 244
38 247
38 253
38 261
38 275
38 287
38 293
39 42
39 45
39 64
39 70
39 73
39 74
39 75
39 76
39 78
39 83
39 88
39 94
39 103
39 105
39 111
39 123
39 125
39 129
39 133
39 137
39 139
39 140
39 141
39 145
39 148
39 152
39 153
39 160
39 170
39 173
39 174
39 175
39 179
39 183
39 186
39 193
39 217
39 220
39 223
39 230
39 235
39 236
39 238
39 241
39 245
39 248
39 251
39 256
39 258
39 261
39 272
39 273
39 274
39 282
39 287
39 290
40 41
40 44
40 49
40 50
40 53
40 58
40 62
40 64
40 73
40 75
40 80
40 90
40 102
40 105
40 106
40 115
40 118
40 130
40 131
40 134
40 135
40 136
40 137
40 146
40 149
40 150
40 157
40 160
40 162
40 170
40 176
40 179
40 185
40 186
40 194
40 198
40 208
40 209
40 210
40 216
40 224
40 234
40 236
40 241
40 244
40 259
40 260
40 267
40 269
40 274
40 279
41 49
41 50
41 61
41 75
41 78
41 82
41 83
41 85
41 89
41 99
41 108
41 112
41 113
41 134
41 136
41 141
41 150
41 155
41 159
41 166
41 172
41 174
41 178
41 195
41 205
41 212
41 216
41 217
41 223
41 225
41 226
41 233
41 252
41 259
41 260
41 263
41 264
41 266
41 267
41 272
41 285
41 298
42 44
42 47
42 57
42 64
42 65
42 68
42 77
42 95
42 103
42 106
42 109
42 115
42 120
42 124
42 133
42 134
42 137
42 138
42 145
42 146
42 149
42 150
42 151
42 152
42 154
42 157
42 162
42 164
42 173
42 176
42 181
42 204
42 205
42 207
42 211
42 215
42 219
42 220
42 228
42 232
42 233
42 235
42 236
42 240
42 247
42 249
42 252
42 255
42 269
42 275
42 277
42 296
42 297
43 48
43 50
43 52
43 60
43 64
43 66
43 68
43 74
43 81
43 89
43 90
43 101
43 102
43 104
43 108
43 117
43 119
43 127
43 128
43 130
43 138
43 144
43 147
43 160
43 163
43 165
43 167
43 172
43 173
43 177
43 180
43 187
43 188
43 195
43 197
43 201
43 202
43 204
43 212
43 213
43 224
43 226
43 228
43 234
43 242
43 252
43 259
43 273
43 276
43 278
43 279
43 282
43 286
43 288
43 296
43 298
44 53
44 54
44 58
44 64
44 70
44 81
44 87
44 88
44 99
44 103
44 104
44 107
44 112
44 119
44 120
44 122
44 137
44 138
44 144
44 147
44 148
44 150
44 156
44 160
44 161
44 166
44 167
44 168
44 176
44 179
44 180
44 185
44 208
44 210
44 214
44 217
44 232
44 233
44 234
44 237
44 245
44 257
44 260
44 263
44 264
44 267
44 271
44 273
44 281
44 282
44 285
44 286
44 292
45 48
45 61
45 66
45 68
45 70
45 81
45 84
45 88
45 98
45 99
45 101
45 112
45 113
45 123
45 124
45 125
45 128
45 131
45 134
45 138
45 144
45 146
45 153
45 157
45 160
45 163
45 164
45 168
45 186
45 187
45 189
45 201
45 212
45 215
45 225
45 226
45 227
45 228
45 229
45 234
45 240
45 243
45 248
45 251
45 252
45 254
45 256
45 259
45 261
45 266
45 268
45 270
45 276
45 280
45 291
45 293
45 296
46 47
46 50
46 57
46 58
46 63
46 69
46 70
46 73
46 82
46 88
46 95
46 109
46 110
46 112
46 119
46 123
46 148
46 149
46 152
46 154
46 160
46 161
46 164
46 167
46 168
46 175
46 176
46 182
46 184
46 188
46 200
46 203
46 204
46 208
46 210
46 211
46 216
46 217
46 224
46 225
46 237
46 238
46 242
46 246
46 256
46 257
46 270
46 273
46 283
46 287
46 288
46 292
47 48
47 51
47 56
47 57
47 58
47 60
47 63
47 64
47 65
47 82
47 85
47 90
47 94
47 102
47 109
47 113
47 116
47 128
47 134
47 136
47 138
47 140
47 146
47 150
47 156
47 159
47 164
47 165
47 176
47 178
47 182
47 190
47 196
47 204
47 205
47 212
47 215
47 219
47 221
47 222
47 223
47 229
47 233
47 240
47 247
47 254
47 256
47 257
47 258
47 260
47 261
47 264
47 265
47 280
47 282
47 283
47 284
47 295
47 296
47 299
48 57
48 60
48 61
48 65
48 66
48 72
48 79
48 81
48 85
48 87
48 93
48 98
48 103
48 112
48 114
48 116
48 117
48 130
48 132
48 154
48 155
48 160
48 163
48 176
48 180
48 187
48 196
48 197
48 207
48 208
48 215
48 218
48 223
48 230
48 233
48 237
48 244
48 245
48 253
48 264
48 278
48 285
48 289
48 291
48 297
49 62
49 68
49 70
49 72
49 73
49 83
49 87
49 93
49 94
49 95
49 105
49 110
49 125
49 128
49 134
49 136
49 140
49 141
49 143
49 154
49 155
49 161
49 165
49 169
49 179
49 180
49 182
49 188
49 192
49 200
49 202
49 205
49 209
49 220
49 222
49 224
49 225
49 227
49 233
49 239
49 241
49 246
49 259
49 262
49 264
49 267
49 269
49 274
49 275
49 281
49 283
49 288
49 292
50 56
50 60
50 71
50 74
50 82
50 84
50 89
50 90
50 91
50 101
50 103
50 113
50 119
50 122
50 126
50 129
50 130
50 131
50 132
50 133
50 134
50 138
50 139
50 142
50 149
50 150
50 156
50 158
50 162
50 164
50 174
50 179
50 186
50 188
50 204
50 211
50 212
50 213
50 218
50 221
50 231
50 237
50 242
50 247
50 251
50 259
50 261
50 262
50 267
50 278
50 279
50 280
50 287
50 288
50 290
50 293
50 295
50 297
50 299
51 53
51 62
51 70
51 76
51 80
51 83
51 93
51 95
51 106
51 108
51 118
51 123
51 124
51 127
51 133
51 135
51 139
51 143
51 149
51 152
51 154
51 161
51 164
51 175
51 176
51 181
51 183
51 187
51 189
51 191
51 196
51 200
51 202
51 207
51 209
51 215
51 216
51 219
51 221
51 227
51 228
51 230
51 241
51 257
51 261
51 262
51 271
51 276
51 281
51 282
51 287
51 290
51 298
52 54
52 57
52 60
52 70
52 71
52 72
52 84
52 94
52 104
52 118
52 120
52 122
52 136
52 138
52 152
52 165
52 169
52 190
52 195
52 199
52 201
52 202
52 204
52 207
52 210
52 219
52 227
52 231
52 235
52 244
52 245
52 251
52 260
52 264
52 267
52 268
52 269
52 272
52 281
52 292
52 295
53 63
53 68
53 69
53 79
53 82
53 86
53 87
53 89
53 97
53 110
53 111
53 113
53 120
53 122
53 124
53 126
53 133
53 148
53 149
53 153
53 155
53 161
53 167
53 171
53 177
53 181
53 186
53 189
53 190
53 192
53 200
53 201
53 207
53 212
53 217
53 218
53 221
53 223
53 224
53 230
53 243
53 247
53 252
53 254
53 262
53 267
53 272
53 273
53 283
53 294
53 298
54 60
54 61
54 65
54 66
54 77
54 80
54 84
54 85
54 93
54 101
54 103
54 107
54 111
54 124
54 130
54 131
54 154
54 156
54 157
54 161
54 172
54 182
54 183
54 184
54 191
54 192
54 196
54 215
54 217
54 222
54 227
54 231
54 249
54 254
54 256
54 268
54 269
54 270
54 275
54 280
54 282
54 292
54 294
55 56
55 61
55 62
55 69
55 79
55 83
55 85
55 86
55 90
55 96
55 105
55 107
55 111
55 122
55 132
55 135
55 136
55 140
55 141
55 142
55 157
55 163
55 164
55 165
55 168
55 177
55 191
55 192
55 193
55 195
55 199
55 208
55 215
55 219
55 220
55 228
55 230
55 234
55 238
55 245
55 258
55 259
55 263
55 269
55 270
55 275
55 284
55 287
55 288
55 291
55 296
55 298
56 62
56 65
56 66
56 67
56 68
56 73
56 77
56 93
56 99
56 108
56 109
56 113
56 124
56 131
56 134
56 139
56 142
56 145
56 148
56 149
56 161
56 167
56 168
56 171
56 180
56 181
56 191
56 195
56 198
56 208
56 209
56 210
56 214
56 216
56 218
56 222
56 224
56 225
56 243
56 246
56 247
56 251
56 252
56 256
56 258
56 260
56 275
56 278
56 282
56 298
57 59
57 64
57 67
57 71
57 73
57 80
57 90
57 98
57 99
57 104
57 108
57 118
57 127
57 129
57 130
57 131
57 132
57 137
57 140
57 143
57 145
57 150
57 153
57 157
57 176
57 184
57 197
57 200
57 206
57 226
57 234
57 240
57 243
57 247
57 248
57 251
57 254
57 258
57 261
57 267
57 272
57 281
57 288
57 291
58 64
58 74
58 78
58 82
58 83
58 84
58 93
58 97
58 100
58 103
58 111
58 115
58 117
58 122
58 127
58 129
58 133
58 139
58 141
58 143
58 146
58 150
58 166
58 171
58 177
58 179
58 180
58 187
58 190
58 191
58 194
58 197
58 199
58 200
58 211
58 212
58 215
58 221
58 224
58 227
58 231
58 243
58 245
58 248
58 254
58 255
58 262
58 278
58 284
58 287
58 289
58 295
59 62
59 63
59 73
59 77
59 86
59 89
59 97
59 98
59 99
59 104
59 107
59 115
59 119
59 130
59 133
59 134
59 142
59 146
59 152
59 157
59 161
59 162
59 170
59 172
59 182
59 194
59 200
59 202
59 206
59 210
59 215
59 216
59 217
59 222
59 231
59 232
59 233
59 237
59 243
59 249
59 271
59 273
59 274
59 280
59 284
59 288
59 289
59 298
60 61
60 73
60 82
60 93
60 96
60 97
60 105
60 109
60 110
60 112
60 116
60 118
60 120
60 130
60 131
60 146
60 147
60 150
60 157
60 166
60 172
60 177
60 186
60 188
60 197
60 201
60 203
60 206
60 209
60 212
60 213
60 216
60 219
60 220
60 227
60 228
60 231
60 240
60 241
60 244
60 245
60 256
60 259
60 266
60 268
60 279
60 282
60 290
60 292
60 297
61 62
61 67
61 69
61 73
61 82
61 83
61 87
61 95
61 98
61 103
61 107
61 116
61 119
61 128
61 131
61 134
61 135
61 140
61 141
61 148
61 151
61 153
61 157
61 158
61 163
61 166
61 167
61 176
61 188
61 199
61 200
61 202
61 224
61 226
61 228
61 229
61 231
61 239
61 241
61 245
61 250
61 252
61 258
61 263
61 270
61 289
61 292
61 294
61 295
62 63
62 65
62 74
62 78
62 85
62 86
62 88
62 94
62 97
62 111
62 124
62 136
62 147
62 156
62 159
62 164
62 169
62 178
62 190
62 197
62 204
62 205
62 210
62 212
62 214
62 219
62 221
62 228
62 229
62 239
62 244
62 245
62 250
62 252
62 261
62 271
62 272
62 273
62 278
62 287
62 291
63 71
63 72
63 75
63 77
63 78
63 81
63 85
63 86
63 87
63 90
63 94
63 120
63 121
63 124
63 126
63 128
63 130
63 131
63 132
63 142
63 146
63 153
63 154
63 164
63 177
63 183
63 185
63 197
63 202
63 203
63 205
63 207
63 228
63 229
63 233
63 234
63 238
63 239
63 245
63 259
63 262
63 263
63 264
63 271
63 272
63 278
63 280
63 283
63 284
63 286
63 289
64 67
64 70
64 71
64 74
64 77
64 79
64 80
64 85
64 93
64 94
64 95
64 102
64 111
64 113
64 117
64 122
64 125
64 126
64 133
64 136
64 140
64 141
64 147
64 155
64 157
64 168
64 174
64 176
64 177
64 179
64 184
64 188
64 190
64 197
64 200
64 201
64 202
64 205
64 210
64 218
64 220
64 225
64 232
64 244
64 248
64 254
64 270
64 273
64 295
65 66
65 80
65 82
65 84
65 85
65 87
65 88
65 91
65 92
65 97
65 98
65 102
65 110
65 111
65 112
65 114
65 117
65 125
65 126
65 127
65 135
65 140
65 143
65 152
65 153
65 156
65 157
65 178
65 179
65 181
65 186
65 190
65 191
65 195
65 205
65 218
65 220
65 240
65 244
65 247
65 257
65 269
65 285
65 286
65 291
66 72
66 83
66 90
66 92
66 99
66 102
66 112
66 113
66 120
66 130
66 138
66 139
66 142
66 150
66 160
66 161
66 167
66 168
66 169
66 176
66 178
66 193
66 210
66 211
66 217
66 225
66 226
66 241
66 246
66 256
66 257
66 265
66 267
66 269
66 286
66 296
66 297
66 299
67 79
67 82
67 83
67 86
67 91
67 101
67 110
67 131
67 143
67 151
67 154
67 157
67 164
67 168
67 170
67 172
67 174
67 181
67 184
67 186
67 196
67 197
67 198
67 199
67 202
67 206
67 211
67 212
67 214
67 215
67 218
67 223
67 225
67 230
67 233
67 244
67 248
67 255
67 256
67 261
67 266
67 268
67 270
67 271
67 274
67 279
67 287
67 290
68 74
68 81
68 82
68 84
68 104
68 118
68 122
68 133
68 134
68 136
68 137
68 138
68 139
68 145
68 147
68 152
68 159
68 160
68 163
68 165
68 170
68 172
68 173
68 174
68 176
68 182
68 186
68 188
68 202
68 211
68 212
68 219
68 223
68 226
68 227
68 231
68 236
68 238
68 243
68 245
68 249
68 275
68 277
68 278
68 285
68 289
68 295
68 299
69 81
69 92
69 95
69 98
69 100
69 103
69 110
69 115
69 116
69 120
69 132
69 135
69 137
69 140
69 144
69 147
69 150
69 153
69 158
69 160
69 164
69 165
69 169
69 170
69 185
69 187
69 199
69 204
69 207
69 210
69 216
69 218
69 227
69 229
69 230
69 238
69 245
69 259
69 260
69 271
69 293
69 296
70 78
70 80
70 83
70 86
70 90
70 92
70 107
70 110
70 115
70 119
70 133
70 141
70 145
70 147
70 155
70 163
70 174
70 175
70 176
70 178
70 182
70 189
70 198
70 200
70 203
70 204
70 211
70 215
70 218
70 219
70 221
70 224
70 231
70 235
70 237
70 238
70 250
70 265
70 280
70 281
70 289
70 292
71 80
71 82
71 89
71 91
71 95
71 96
71 100
71 104
71 106
71 113
71 117
71 118
71 124
71 126
71 131
71 132
71 134
71 135
71 149
71 156
71 163
71 166
71 170
71 179
71 180
71 183
71 191
71 198
71 202
71 205
71 208
71 218
71 224
71 229
71 234
71 236
71 243
71 244
71 248
71 250
71 253
71 254
71 262
71 264
71 265
71 266
71 286
72 73
72 77
72 78
72 79
72 80
72 85
72 91
72 93
72 98
72 103
72 117
72 122
72 123
72 126
72 134
72 135
72 136
72 141
72 151
72 154
72 156
72 157
72 159
72 160
72 162
72 166
72 173
72 178
72 179
72 192
72 198
72 201
72 203
72 212
72 215
72 220
72 227
72 234
72 235
72 245
72 249
72 256
72 259
72 263
72 264
72 267
72 271
72 275
72 276
72 291
72 294
72 297
73 75
73 78
73 79
73 95
73 97
73 104
73 106
73 107
73 110
73 111
73 119
73 121
73 122
73 128
73 132
73 133
73 135
73 139
73 146
73 147
73 152
73 154
73 159
73 165
73 171
73 172
73 179
73 197
73 199
73 200
73 209
73 210
73 216
73 219
73 222
73 223
73 226
73 235
73 236
73 243
73 248
73 250
73 252
73 257
73 260
73 269
73 274
73 281
73 282
73 285
73 287
73 293
74 77
74 78
74 80
74 81
74 83
74 84
74 86
74 91
74 93
74 99
74 102
74 103
74 112
74 115
74 119
74 127
74 146
74 148
74 151
74 169
74 173
74 175
74 176
74 179
74 184
74 203
74 204
74 207
74 209
74 212
74 217
74 223
74 228
74 241
74 242
74 248
74 258
74 259
74 262
74 268
74 283
74 287
75 78
75 98
75 101
75 102
75 114
75 117
75 118
75 121
75 125
75 132
75 139
75 147
75 148
75 162
75 167
75 172
75 177
75 179
75 186
75 199
75 205
75 207
75 214
75 219
75 233
75 236
75 240
75 242
75 252
75 257
75 264
75 268
75 282
75 287
76 78
76 82
76 83
76 88
76 92
76 97
76 100
76 103
76 105
76 112
76 113
76 115
76 119
76 121
76 129
76 135
76 142
76 144
76 150
76 156
76 160
76 164
76 168
76 175
76 176
76 179
76 190
76 207
76 213
76 218
76 223
76 226
76 235
76 237
76 246
76 247
76 248
76 254
76 265
76 267
76 273
76 274
76 281
76 283
76 284
76 291
76 295
76 299
77 80
77 84
77 92
77 104
77 105
77 113
77 114
77 124
77 125
77 128
77 129
77 133
77 140
77 147
77 149
77 153
77 157
77 173
77 174
77 175
77 186
77 187
77 192
77 195
77 200
77 206
77 208
77 218
77 219
77 229
77 249
77 261
77 265
77 276
77 277
77 288
77 292
77 298
78 79
78 85
78 87
78 90
78 95
78 103
78 105
78 108
78 111
78 113
78 117
78 118
78 123
78 126
78 130
78 131
78 136
78 138
78 148
78 150
78 152
78 153
78 161
78 164
78 170
78 171
78 172
78 173
78 177
78 179
78 182
78 188
78 189
78 192
78 200
78 204
78 214
78 222
78 230
78 232
78 239
78 244
78 249
78 251
78 256
78 259
78 267
78 272
78 274
78 281
78 288
78 290
78 294
78 295
78 299
79 82
79 83
79 85
79 97
79 101
79 105
79 109
79 110
79 112
79 119
79 120
79 127
79 136
79 143
79 146
79 148
79 159
79 163
79 165
79 170
79 184
79 187
79 194
79 195
79 199
79 201
79 206
79 214
79 216
79 217
79 218
79 219
79 220
79 234
79 240
79 241
79 246
79 270
79 271
79 274
79 279
79 280
79 282
79 284
79 290
80 84
80 87
80 92
80 99
80 101
80 104
80 106
80 116
80 132
80 138
80 140
80 141
80 149
80 151
80 152
80 155
80 162
80 166
80 171
80 174
80 182
80 186
80 188
80 190
80 209
80 212
80 217
80 218
80 219
80 220
80 229
80 231
80 232
80 236
80 237
80 241
80 244
80 247
80 248
80 251
80 256
80 264
80 265
80 266
80 267
80 271
80 280
80 281
80 283
80 284
80 297
81 98
81 99
81 104
81 119
81 124
81 132
81 153
81 156
81 163
81 164
81 171
81 186
81 191
81 197
81 199
81 212
81 214
81 220
81 224
81 226
81 233
81 256
81 260
81 261
81 267
81 277
81 278
81 279
81 282
81 283
81 285
81 292
81 298
81 299
82 89
82 90
82 93
82 99
82 100
82 103
82 104
82 105
82 118
82 119
82 123
82 135
82 146
82 156
82 158
82 165
82 168
82 170
82 181
82 182
82 193
82 201
82 209
82 211
82 218
82 219
82 232
82 241
82 243
82 245
82 252
82 261
82 262
82 275
82 277
82 278
82 299
83 86
83 97
83 98
83 101
83 107
83 109
83 112
83 129
83 131
83 141
83 145
83 148
83 163
83 164
83 166
83 169
83 172
83 185
83 186
83 188
83 190
83 203
83 213
83 214
83 215
83 227
83 232
83 238
83 241
83 256
83 261
83 265
83 270
83 276
83 279
83 280
83 284
83 286
83 287
83 293
84 94
84 101
84 105
84 112
84 151
84 152
84 154
84 164
84 173
84 189
84 197
84 200
84 203
84 209
84 213
84 214
84 224
84 226
84 228
84 234
84 248
84 264
84 266
84 273
84 274
84 278
84 279
84 280
84 286
84 289
85 101
85 103
85 108
85 110
85 111
85 113
85 114
85 118
85 124
85 125
85 134
85 135
85 143
85 144
85 145
85 146
85 149
85 151
85 152
85 155
85 157
85 159
85 166
85 173
85 181
85 183
85 185
85 194
85 196
85 197
85 201
85 220
85 224
85 232
85 237
85 240
85 243
85 246
85 247
85 252
85 254
85 268
85 269
85 275
85 283
85 285
85 286
85 289
85 297
85 298
86 88
86 95
86 110
86 111
86 116
86 126
86 128
86 130
86 131
86 135
86 139
86 146
86 150
86 152
86 153
86 154
86 159
86 164
86 172
86 185
86 188
86 192
86 197
86 203
86 205
86 206
86 227
86 230
86 231
86 237
86 238
86 263
86 275
86 276
86 281
86 289
86 294
87 88
87 103
87 105
87 108
87 121
87 129
87 133
87 136
87 140
87 150
87 154
87 155
87 156
87 165
87 169
87 174
87 177
87 184
87 191
87 198
87 201
87 204
87 208
87 211
87 219
87 224
87 225
87 228
87 229
87 234
87 236
87 237
87 283
87 293
87 294
87 298
88 91
88 97
88 105
88 113
88 121
88 123
88 132
88 135
88 141
88 154
88 157
88 161
88 172
88 179
88 185
88 187
88 191
88 201
88 215
88 217
88 219
88 224
88 225
88 232
88 234
88 235
88 237
88 242
88 244
88 260
88 264
88 271
88 277
88 279
88 286
88 287
89 92
89 95
89 97
89 107
89 111
89 112
89 121
89 123
89 124
89 126
89 130
89 131
89 132
89 144
89 146
89 149
89 150
89 153
89 155
89 158
89 160
89 166
89 168
89 170
89 173
89 176
89 180
89 185
89 189
89 193
89 198
89 200
89 208
89 214
89 217
89 225
89 234
89 235
89 243
89 244
89 246
89 247
89 249
89 250
89 251
89 252
89 279
89 285
89 289
89 299
90 99
90 101
90 103
90 106
90 111
90 112
90 113
90 115
90 117
90 118
90 119
90 128
90 130
90 132
90 145
90 149
90 155
90 156
90 163
90 167
90 168
90 170
90 173
90 175
90 177
90 184
90 185
90 187
90 188
90 190
90 196
90 198
90 199
90 201
90 206
90 210
90 211
90 214
90 217
90 219
90 220
90 223
90 224
90 229
90 232
90 234
90 235
90 236
90 241
90 251
90 254
90 258
90 263
90 264
90 267
90 273
90 274
90 279
90 285
90 298
90 299
91 92
91 97
91 99
91 100
91 102
91 103
91 107
91 109
91 122
91 127
91 128
91 134
91 136
91 137
91 138
91 139
91 143
91 157
91 160
91 168
91 179
91 192
91 195
91 200
91 207
91 210
91 213
91 215
91 216
91 223
91 224
91 228
91 229
91 232
91 240
91 243
91 248
91 256
91 259
91 260
91 262
91 269
91 282
91 288
91 294
92 95
92 96
92 97
92 101
92 102
92 110
92 124
92 129
92 130
92 137
92 138
92 154
92 155
92 158
92 160
92 162
92 170
92 173
92 176
92 180
92 183
92 186
92 188
92 192
92 194
92 200
92 202
92 203
92 205
92 212
92 214
92 221
92 226
92 228
92 232
92 233
92 234
92 237
92 241
92 242
92 250
92 252
92 263
92 291
93 99
93 106
93 108
93 110
93 116
93 121
93 125
93 126
93 129
93 132
93 138
93 147
93 149
93 152
93 160
93 166
93 173
93 177
93 180
93 192
93 193
93 194
93 195
93 197
93 202
93 206
93 208
93 209
93 210
93 215
93 221
93 222
93 230
93 232
93 233
93 234
93 245
93 248
93 250
93 252
93 277
93 283
94 96
94 105
94 110
94 136
94 139
94 150
94 153
94 169
94 171
94 181
94 199
94 204
94 206
94 207
94 209
94 213
94 218
94 226
94 227
94 229
94 231
94 233
94 235
94 239
94 247
94 251
94 258
94 266
94 267
94 269
94 274
94 277
94 284
94 285
94 290
94 293
94 294
94 295
94 297
94 299
95 96
95 98
95 101
95 111
95 112
95 113
95 121
95 125
95 129
95 130
95 133
95 151
95 154
95 157
95 165
95 170
95 174
95 175
95 187
95 192
95 193
95 195
95 197
95 207
95 210
95 214
95 216
95 219
95 220
95 222
95 227
95 228
95 233
95 234
95 250
95 262
95 275
95 277
95 282
95 285
96 105
96 111
96 112
96 113
96 119
96 120
96 121
96 123
96 124
96 125
96 127
96 128
96 130
96 135
96 136
96 137
96 144
96 152
96 155
96 165
96 180
96 182
96 183
96 185
96 187
96 192
96 203
96 206
96 208
96 213
96 215
96 216
96 220
96 225
96 227
96 229
96 233
96 237
96 239
96 243
96 254
96 257
96 259
96 265
96 267
96 274
96 280
96 285
96 288
96 296
96 297
96 298
97 99
97 102
97 103
97 105
97 107
97 119
97 120
97 124
97 131
97 138
97 139
97 142
97 144
97 147
97 150
97 154
97 157
97 163
97 170
97 186
97 188
97 190
97 191
97 195
97 201
97 202
97 204
97 208
97 209
97 212
97 226
97 229
97 232
97 240
97 249
97 250
97 259
97 261
97 269
97 282
97 292
97 297
97 298
98 99
98 100
98 102
98 114
98 126
98 128
98 138
98 140
98 145
98 154
98 160
98 165
98 189
98 195
98 203
98 205
98 209
98 213
98 219
98 222
98 223
98 226
98 227
98 228
98 240
98 243
98 247
98 249
98 252
98 263
98 265
98 266
98 268
98 271
98 277
98 279
98 280
98 281
98 282
98 285
98 287
98 289
98 292
99 105
99 106
99 123
99 128
99 130
99 134
99 142
99 146
99 151
99 152
99 154
99 163
99 166
99 167
99 169
99 171
99 172
99 174
99 175
99 179
99 183
99 186
99 203
99 209
99 222
99 224
99 225
99 229
99 231
99 234
99 235
99 240
99 243
99 245
99 257
99 258
99 265
99 269
99 270
99 272
99 276
99 281
99 282
99 283
99 292
99 294
100 101
100 105
100 106
100 115
100 120
100 124
100 126
100 128
100 132
100 133
100 137
100 142
100 145
100 174
100 178
100 180
100 182
100 193
100 194
100 201
100 207
100 219
100 221
100 222
100 226
100 229
100 233
100 245
100 247
100 251
100 253
100 255
100 260
100 266
100 282
100 285
100 297
100 298
100 299
101 106
101 117
101 119
101 129
101 134
101 141
101 143
101 158
101 162
101 172
101 178
101 184
101 186
101 190
101 191
101 193
101 194
101 199
101 200
101 206
101 209
101 220
101 229
101 236
101 238
101 239
101 240
101 242
101 244
101 245
101 254
101 258
101 261
101 265
101 272
101 276
101 277
101 278
101 287
101 291
101 294
102 112
102 113
102 115
102 120
102 124
102 125
102 127
102 130
102 132
102 134
102 136
102 139
102 140
102 142
102 148
102 151
102 153
102 156
102 166
102 169
102 170
102 176
102 185
102 194
102 197
102 199
102 200
102 203
102 210
102 211
102 217
102 237
102 243
102 244
102 250
102 257
102 261
102 266
102 268
102 278
102 279
102 282
102 285
103 105
103 110
103 111
103 113
103 115
103 118
103 128
103 129
103 133
103 134
103 137
103 146
103 151
103 152
103 153
103 159
103 163
103 178
103 179
103 181
103 182
103 187
103 198
103 204
103 205
103 218
103 219
103 230
103 234
103 239
103 245
103 246
103 256
103 259
103 262
103 265
103 273
103 287
103 288
103 292
103 298
104 112
104 130
104 136
104 139
104 144
104 148
104 149
104 150
104 151
104 155
104 156
104 157
104 158
104 166
104 173
104 223
104 234
104 239
104 246
104 249
104 251
104 253
104 256
104 259
104 266
104 273
104 281
104 289
104 292
104 294
104 297
105 125
105 128
105 129
105 137
105 149
105 151
105 155
105 158
105 163
105 165
105 166
105 169
105 181
105 188
105 192
105 197
105 198
105 201
105 202
105 203
105 214
105 226
105 227
105 229
105 230
105 242
105 243
105 248
105 252
105 255
105 259
105 266
105 268
105 274
105 279
105 280
106 121
106 122
106 133
106 134
106 138
106 140
106 141
106 148
106 150
106 151
106 157
106 158
106 170
106 171
106 172
106 176
106 181
106 189
106 191
106 194
106 200
106 207
106 210
106 212
106 216
106 217
106 221
106 223
106 224
106 225
106 242
106 246
106 249
106 255
106 256
106 257
106 276
106 278
106 288
106 290
106 292
106 294
106 296
107 109
107 127
107 129
107 132
107 139
107 141
107 142
107 144
107 145
107 152
107 154
107 157
107 162
107 163
107 166
107 170
107 174
107 176
107 179
107 180
107 184
107 187
107 189
107 190
107 193
107 195
107 201
107 208
107 214
107 217
107 218
107 220
107 235
107 237
107 238
107 252
107 254
107 259
107 262
107 264
107 268
107 269
107 270
108 113
108 127
108 130
108 131
108 132
108 133
108 138
108 140
108 143
108 167
108 175
108 181
108 183
108 184
108 188
108 189
108 195
108 199
108 205
108 206
108 207
108 212
108 217
108 218
108 220
108 224
108 231
108 232
108 237
108 251
108 252
108 261
108 266
108 279
108 280
108 282
108 283
108 285
108 286
108 289
108 291
108 293
109 112
109 121
109 122
109 123
109 125
109 128
109 129
109 133
109 142
109 143
109 148
109 153
109 165
109 166
109 167
109 170
109 173
109 175
109 177
109 178
109 179
109 183
109 186
109 189
109 195
109 205
109 225
109 231
109 237
109 252
109 260
109 269
109 274
109 279
109 281
109 283
109 295
109 296
109 298
110 115
110 124
110 128
110 130
110 135
110 139
110 142
110 144
110 146
110 150
110 157
110 173
110 175
110 181
110 184
110 185
110 211
110 220
110 226
110 227
110 245
110 255
110 256
110 275
110 291
111 119
111 129
111 130
111 131
111 136
111 139
111 144
111 147
111 151
111 153
111 163
111 165
111 173
111 174
111 175
111 182
111 188
111 194
111 203
111 204
111 208
111 209
111 213
111 217
111 218
111 228
111 229
111 235
111 244
111 250
111 251
111 260
111 276
111 280
111 284
111 293
112 119
112 130
112 131
112 133
112 138
112 147
112 150
112 157
112 170
112 171
112 176
112 177
112 186
112 189
112 195
112 206
112 219
112 223
112 225
112 230
112 233
112 241
112 250
112 251
112 261
112 262
112 265
112 266
112 268
112 279
112 280
112 295
112 297
112 298
113 114
113 115
113 128
113 134
113 140
113 142
113 145
113 149
113 155
113 162
113 166
113 171
113 174
113 178
113 179
113 181
113 186
113 190
113 193
113 209
113 214
113 223
113 224
113 225
113 226
113 228
113 240
113 254
113 258
113 259
113 262
113 270
113 271
113 275
113 278
113 280
113 282
113 283
113 285
113 292
113 297
114 121
114 131
114 143
114 148
114 149
114 151
114 167
114 170
114 174
114 180
114 189
114 194
114 196
114 197
114 213
114 223
114 225
114 228
114 236
114 237
114 238
114 241
114 255
114 266
114 267
114 271
114 273
114 285
114 288
114 289
114 290
114 291
114 293
114 297
114 298
115 121
115 129
115 133
115 138
115 143
115 152
115 160
115 161
115 166
115 168
115 169
115 181
115 193
115 200
115 203
115 217
115 221
115 225
115 231
115 233
115 247
115 265
115 270
115 281
115 283
115 292
115 297
116 117
116 120
116 124
116 129
116 137
116 138
116 140
116 142
116 146
116 155
116 161
116 168
116 170
116 173
116 183
116 184
116 191
116 193
116 207
116 208
116 210
116 212
116 213
116 215
116 220
116 226
116 232
116 237
116 263
116 267
116 268
116 269
116 283
116 286
116 296
117 126
117 149
117 150
117 152
117 154
117 155
117 158
117 163
117 170
117 176
117 180
117 183
117 185
117 187
117 189
117 191
117 198
117 202
117 207
117 209
117 212
117 213
117 218
117 225
117 232
117 233
117 235
117 243
117 263
117 271
117 275
117 277
117 279
117 280
117 286
117 289
117 293
117 294
118 125
118 128
118 130
118 131
118 133
118 137
118 151
118 153
118 155
118 157
118 164
118 165
118 170
118 172
118 174
118 177
118 184
118 189
118 196
118 200
118 202
118 203
118 205
118 209
118 212
118 219
118 221
118 222
118 227
118 244
118 247
118 252
118 260
118 261
118 262
118 263
118 267
118 272
118 279
118 280
118 284
118 286
118 296
119 125
119 128
119 134
119 144
119 145
119 146
119 150
119 156
119 157
119 167
119 181
119 182
119 186
119 189
119 202
119 204
119 209
119 217
119 220
119 221
119 225
119 236
119 241
119 248
119 249
119 251
119 253
119 274
119 275
119 277
119 278
119 282
119 284
119 291
119 298
120 121
120 126
120 128
120 145
120 156
120 158
120 164
120 166
120 175
120 176
120 191
120 193
120 201
120 203
120 204
120 206
120 221
120 226
120 234
120 236
120 240
120 243
120 247
120 248
120 251
120 255
120 265
120 266
120 270
120 281
120 282
120 290
120 296
121 127
121 128
121 132
121 135
121 142
121 145
121 154
121 158
121 160
121 163
121 175
121 177
121 180
121 184
121 185
121 189
121 203
121 216
121 225
121 227
121 231
121 233
121 244
121 247
121 254
121 256
121 259
121 264
121 273
121 282
121 285
121 289
121 298
122 130
122 132
122 135
122 137
122 144
122 146
122 150
122 153
122 154
122 156
122 157
122 160
122 167
122 168
122 173
122 177
122 182
122 185
122 199
122 204
122 207
122 217
122 222
122 227
122 238
122 239
122 250
122 261
122 265
122 267
122 270
122 271
122 272
122 282
122 284
122 288
122 294
123 126
123 130
123 142
123 146
123 154
123 156
123 164
123 165
123 182
123 192
123 198
123 207
123 208
123 214
123 218
123 219
123 225
123 230
123 235
123 245
123 246
123 260
123 263
123 268
123 272
123 280
123 285
123 286
123 288
123 290
123 296
123 297
123 299
124 133
124 134
124 138
124 141
124 142
124 148
124 149
124 157
124 160
124 164
124 175
124 185
124 189
124 192
124 198
124 201
124 204
124 206
124 210
124 213
124 218
124 223
124 225
124 233
124 241
124 245
124 249
124 255
124 260
124 264
124 268
124 269
124 270
124 275
124 281
124 287
124 291
124 296
124 298
125 141
125 144
125 148
125 151
125 158
125 163
125 170
125 173
125 175
125 185
125 196
125 204
125 214
125 228
125 229
125 231
125 233
125 236
125 252
125 254
125 258
125 269
125 274
125 278
125 280
125 292
126 129
126 137
126 138
126 149
126 157
126 160
126 164
126 170
126 172
126 178
126 184
126 206
126 210
126 212
126 216
126 220
126 225
126 230
126 232
126 235
126 252
126 253
126 264
126 273
126 279
126 286
126 287
126 292
126 296
127 137
127 139
127 149
127 152
127 154
127 167
127 169
127 175
127 177
127 178
127 187
127 190
127 193
127 200
127 206
127 214
127 215
127 217
127 220
127 224
127 230
127 232
127 237
127 240
127 243
127 246
127 253
127 255
127 279
127 282
127 291
127 295
127 296
128 131
128 133
128 144
128 147
128 153
128 159
128 166
128 178
128 181
128 188
128 191
128 200
128 205
128 207
128 210
128 211
128 212
128 221
128 222
128 229
128 232
128 245
128 253
128 256
128 259
128 261
128 270
128 276
128 277
128 279
128 286
128 292
128 294
129 134
129 137
129 139
129 155
129 163
129 164
129 174
129 178
129 179
129 182
129 183
129 184
129 192
129 195
129 201
129 203
129 216
129 218
129 221
129 222
129 225
129 232
129 243
129 247
129 250
129 255
129 258
129 264
129 265
129 267
129 272
129 275
129 276
129 282
129 289
129 290
130 131
130 132
130 133
130 137
130 140
130 143
130 147
130 152
130 160
130 165
130 172
130 175
130 186
130 193
130 199
130 210
130 212
130 219
130 222
130 223
130 224
130 230
130 233
130 234
130 238
130 247
130 252
130 254
130 260
130 263
130 269
130 270
130 276
130 277
130 282
130 288
130 290
130 294
131 136
131 137
131 139
131 140
131 153
131 156
131 167
131 174
131 179
131 181
131 184
131 188
131 190
131 193
131 199
131 200
131 201
131 204
131 211
131 212
131 222
131 225
131 228
131 251
131 252
131 253
131 256
131 257
131 259
131 260
131 268
131 271
131 272
131 273
131 278
131 279
131 285
131 296
132 135
132 138
132 139
132 151
132 158
132 159
132 163
132 170
132 172
132 173
132 184
132 187
132 192
132 197
132 198
132 200
132 204
132 205
132 211
132 221
132 222
132 224
132 225
132 229
132 246
132 259
132 262
132 268
132 270
132 271
132 274
132 284
132 288
132 294
132 299
133 143
133 145
133 151
133 155
133 156
133 161
133 164
133 172
133 181
133 193
133 195
133 209
133 210
133 213
133 216
133 217
133 221
133 225
133 226
133 233
133 255
133 257
133 261
133 263
133 265
133 266
133 272
133 274
133 277
133 278
133 281
133 290
133 291
133 292
133 294
134 135
134 138
134 141
134 144
134 145
134 146
134 155
134 159
134 161
134 169
134 172
134 177
134 181
134 196
134 199
134 201
134 202
134 213
134 217
134 218
134 219
134 227
134 232
134 234
134 237
134 240
134 248
134 253
134 264
134 265
134 286
134 287
134 288
134 295
135 138
135 139
135 142
135 145
135 148
135 149
135 157
135 158
135 161
135 164
135 170
135 172
135 178
135 180
135 187
135 194
135 197
135 201
135 212
135 213
135 215
135 216
135 218
135 220
135 227
135 228
135 231
135 235
135 236
135 237
135 244
135 246
135 250
135 258
135 266
135 271
135 277
135 283
135 286
135 292
135 299
136 138
136 149
136 154
136 160
136 161
136 166
136 167
136 170
136 174
136 182
136 183
136 184
136 193
136 195
136 201
136 213
136 216
136 221
136 222
136 227
136 228
136 232
136 238
136 244
136 248
136 257
136 264
136 265
136 266
136 276
136 285
136 286
136 287
136 290
136 293
136 294
137 142
137 146
137 150
137 155
137 175
137 179
137 180
137 189
137 190
137 192
137 197
137 202
137 213
137 242
137 250
137 251
137 252
137 253
137 266
137 267
137 273
137 274
137 284
137 285
137 289
137 290
137 291
137 295
137 297
138 143
138 145
138 146
138 148
138 159
138 172
138 181
138 182
138 183
138 188
138 190
138 192
138 199
138 201
138 204
138 205
138 214
138 218
138 223
138 226
138 227
138 230
138 233
138 236
138 237
138 252
138 253
138 258
138 260
138 265
138 266
138 269
138 271
138 274
138 277
138 280
138 288
138 293
138 297
138 299
139 147
139 150
139 152
139 158
139 164
139 165
139 166
139 170
139 172
139 176
139 182
139 195
139 197
139 199
139 208
139 211
139 212
139 218
139 219
139 221
139 223
139 224
139 239
139 246
139 257
139 261
139 274
139 280
139 286
139 294
140 149
140 153
140 155
140 157
140 166
140 167
140 168
140 170
140 171
140 182
140 187
140 200
140 203
140 204
140 208
140 209
140 210
140 251
140 263
140 268
140 275
140 276
140 281
140 286
140 288
140 289
140 290
140 293
141 153
141 154
141 156
141 157
141 160
141 161
141 162
141 166
141 167
141 180
141 181
141 184
141 186
141 194
141 204
141 213
141 215
141 224
141 225
141 242
141 248
141 250
141 254
141 255
141 256
141 263
141 270
141 272
141 282
141 284
141 286
141 291
141 294
142 143
142 145
142 148
142 149
142 153
142 159
142 164
142 168
142 169
142 171
142 187
142 191
142 192
142 195
142 200
142 211
142 214
142 215
142 219
142 226
142 229
142 231
142 238
142 239
142 242
142 248
142 249
142 250
142 252
142 254
142 261
142 263
142 264
142 265
142 266
142 277
142 278
142 279
142 285
142 295
143 145
143 155
143 156
143 158
143 161
143 162
143 165
143 168
143 176
143 178
143 181
143 184
143 193
143 198
143 199
143 200
143 202
143 219
143 222
143 223
143 229
143 251
143 255
143 256
143 261
143 262
143 264
143 276
143 277
143 279
143 286
143 288
143 292
143 293
143 295
143 298
144 147
144 148
144 150
144 151
144 165
144 166
144 169
144 175
144 180
144 185
144 187
144 192
144 194
144 201
144 217
144 223
144 229
144 240
144 247
144 248
144 258
144 275
144 281
144 288
144 289
145 146
145 161
145 168
145 172
145 180
145 184
145 185
145 188
145 193
145 196
145 207
145 212
145 225
145 227
145 228
145 234
145 236
145 244
145 247
145 250
145 252
145 253
145 261
145 266
145 272
145 275
145 284
145 293
146 156
146 159
146 164
146 169
146 173
146 183
146 187
146 189
146 190
146 202
146 206
146 207
146 210
146 211
146 212
146 219
146 224
146 238
146 242
146 244
146 245
146 248
146 256
146 257
146 261
146 266
146 269
146 273
146 281
146 282
146 286
146 299
147 153
147 157
147 164
147 166
147 172
147 175
147 181
147 186
147 193
147 197
147 201
147 210
147 214
147 217
147 222
147 228
147 230
147 242
147 260
147 262
147 266
147 268
147 273
147 289
147 294
148 151
148 163
148 166
148 170
148 178
148 182
148 200
148 201
148 207
148 209
148 214
148 216
148 223
148 235
148 254
148 268
148 269
148 271
148 274
148 283
149 159
149 164
149 165
149 167
149 169
149 174
149 177
149 181
149 182
149 183
149 188
149 189
149 193
149 195
149 203
149 204
149 205
149 210
149 212
149 214
149 222
149 232
149 240
149 246
149 250
149 256
149 260
149 265
149 276
149 278
149 282
149 286
149 290
149 292
149 299
150 151
150 156
150 160
150 161
150 162
150 167
150 170
150 172
150 180
150 181
150 185
150 203
150 213
150 214
150 218
150 221
150 222
150 229
150 237
150 246
150 247
150 252
150 257
150 259
150 284
150 292
151 153
151 158
151 164
151 172
151 173
151 174
151 181
151 183
151 188
151 196
151 199
151 201
151 207
151 211
151 217
151 219
151 220
151 221
151 225
151 227
151 236
151 244
151 248
151 251
151 255
151 258
151 269
151 271
151 287
151 294
151 296
151 297
151 299
152 153
152 160
152 161
152 183
152 189
152 190
152 191
152 197
152 203
152 205
152 207
152 208
152 219
152 223
152 234
152 236
152 237
152 242
152 243
152 253
152 255
152 257
152 270
152 271
152 273
152 275
152 280
152 283
152 294
152 296
153 162
153 165
153 176
153 181
153 183
153 185
153 186
153 188
153 190
153 205
153 215
153 221
153 228
153 230
153 231
153 232
153 233
153 234
153 239
153 241
153 242
153 245
153 252
153 254
153 262
153 263
153 264
153 267
153 280
153 293
153 297
153 299
154 155
154 165
154 171
154 177
154 182
154 185
154 192
154 198
154 199
154 203
154 217
154 219
154 225
154 226
154 241
154 246
154 251
154 261
154 268
154 279
154 283
154 285
154 286
154 288
154 296
155 158
155 165
155 178
155 181
155 185
155 190
155 206
155 210
155 221
155 224
155 233
155 234
155 235
155 237
155 245
155 260
155 263
155 271
155 276
155 279
155 282
155 286
155 287
156 158
156 166
156 168
156 174
156 181
156 182
156 185
156 187
156 188
156 199
156 200
156 210
156 211
156 221
156 223
156 238
156 251
156 252
156 256
156 265
156 266
156 274
156 282
156 286
156 287
156 290
157 168
157 175
157 179
157 184
157 200
157 202
157 205
157 211
157 220
157 221
157 222
157 227
157 231
157 232
157 241
157 243
157 250
157 260
157 282
157 286
157 287
157 288
158 171
158 180
158 182
158 191
158 192
158 193
158 194
158 197
158 198
158 199
158 202
158 208
158 211
158 215
158 225
158 236
158 241
158 243
158 254
158 258
158 262
158 263
158 279
158 289
159 160
159 162
159 167
159 170
159 178
159 180
159 185
159 188
159 193
159 197
159 205
159 215
159 221
159 235
159 248
159 255
159 258
159 259
159 266
159 280
159 282
159 287
159 289
159 293
160 168
160 171
160 173
160 194
160 196
160 197
160 203
160 210
160 213
160 217
160 223
160 233
160 239
160 241
160 256
160 257
160 262
160 265
160 269
160 270
160 271
160 276
160 279
160 289
160 296
160 297
160 298
161 167
161 177
161 178
161 194
161 195
161 199
161 201
161 212
161 217
161 224
161 228
161 231
161 239
161 241
161 255
161 260
161 265
161 267
161 270
161 277
161 282
161 295
161 296
162 168
162 169
162 175
162 178
162 183
162 187
162 190
162 191
162 192
162 194
162 201
162 205
162 211
162 223
162 235
162 236
162 248
162 252
162 255
162 270
162 274
162 278
162 281
162 290
162 292
162 295
162 298
163 164
163 178
163 179
163 182
163 184
163 189
163 193
163 202
163 210
163 211
163 214
163 221
163 223
163 224
163 230
163 240
163 251
163 259
163 264
163 290
163 296
164 165
164 184
164 186
164 196
164 206
164 210
164 214
164 227
164 230
164 234
164 242
164 244
164 252
164 254
164 270
164 282
164 287
164 290
164 294
164 295
164 298
165 169
165 172
165 176
165 186
165 188
165 193
165 198
165 199
165 203
165 204
165 207
165 208
165 210
165 213
165 220
165 230
165 238
165 243
165 252
165 254
165 260
165 266
165 267
165 274
165 276
165 279
165 295
165 296
166 167
166 171
166 177
166 190
166 191
166 199
166 200
166 203
166 207
166 211
166 214
166 221
166 226
166 235
166 236
166 249
166 256
166 261
166 277
166 280
166 294
167 171
167 173
167 174
167 176
167 194
167 197
167 202
167 203
167 205
167 213
167 216
167 220
167 222
167 235
167 242
167 245
167 252
167 265
167 270
167 284
167 286
167 295
167 297
168 173
168 176
168 178
168 182
168 183
168 192
168 195
168 199
168 202
168 207
168 209
168 214
168 218
168 222
168 223
168 231
168 234
168 238
168 261
168 263
168 276
168 278
168 279
168 280
168 282
168 288
168 293
168 298
169 170
169 178
169 179
169 191
169 192
169 195
169 202
169 203
169 214
169 222
169 228
169 229
169 236
169 242
169 251
169 264
169 267
169 283
170 171
170 184
170 185
170 190
170 191
170 194
170 199
170 204
170 210
170 217
170 219
170 236
170 243
170 244
170 245
170 247
170 248
170 250
170 253
170 255
170 259
170 272
170 278
170 280
170 282
170 283
170 288
170 292
170 293
170 295
171 172
171 175
171 181
171 193
171 196
171 199
171 203
171 211
171 218
171 219
171 222
171 223
171 226
171 230
171 232
171 234
171 238
171 243
171 248
171 250
171 252
171 257
171 258
171 270
171 275
171 278
171 279
172 184
172 186
172 192
172 197
172 199
172 200
172 206
172 210
172 212
172 217
172 219
172 225
172 226
172 229
172 230
172 235
172 236
172 244
172 249
172 251
172 255
172 257
172 258
172 260
172 270
172 276
172 287
173 175
173 177
173 179
173 181
173 189
173 200
173 210
173 213
173 222
173 228
173 237
173 240
173 244
173 250
173 255
173 257
173 258
173 260
173 261
173 272
173 278
173 279
173 280
173 284
173 289
173 290
173 299
174 176
174 182
174 196
174 199
174 201
174 204
174 210
174 217
174 218
174 219
174 226
174 228
174 236
174 237
174 238
174 239
174 251
174 256
174 257
174 261
174 271
174 273
174 278
174 279
174 285
174 287
174 291
174 295
174 299
175 190
175 192
175 193
175 194
175 201
175 202
175 203
175 204
175 208
175 209
175 212
175 213
175 218
175 223
175 233
175 236
175 242
175 251
175 260
175 265
175 269
175 275
175 284
175 291
176 177
176 179
176 182
176 189
176 195
176 200
176 204
176 205
176 209
176 212
176 220
176 226
176 232
176 245
176 249
176 252
176 256
176 271
176 273
176 277
176 281
176 293
176 297
177 188
177 191
177 193
177 199
177 208
177 210
177 213
177 215
177 218
177 220
177 221
177 224
177 235
177 239
177 240
177 246
177 251
177 252
177 254
177 257
177 258
177 260
177 262
177 265
177 266
177 268
177 269
177 272
177 273
177 276
177 279
177 284
177 291
177 294
177 295
178 179
178 181
178 186
178 187
178 189
178 195
178 196
178 203
178 211
178 218
178 220
178 221
178 222
178 228
178 247
178 248
178 249
178 257
178 267
178 275
178 277
178 280
178 283
178 294
178 297
179 181
179 189
179 193
179 197
179 202
179 206
179 208
179 215
179 220
179 235
179 236
179 241
179 259
179 263
179 268
179 272
179 282
179 283
179 285
179 289
179 291
179 292
179 293
179 295
180 194
180 202
180 203
180 210
180 212
180 213
180 217
180 219
180 221
180 224
180 226
180 228
180 234
180 243
180 252
180 254
180 255
180 258
180 262
180 264
180 267
180 274
180 280
180 287
180 288
180 289
180 292
180 295
181 190
181 194
181 203
181 206
181 207
181 208
181 209
181 220
181 222
181 230
181 233
181 248
181 259
181 260
181 271
181 272
181 284
181 288
181 294
181 296
182 184
182 187
182 189
182 194
182 200
182 201
182 208
182 209
182 219
182 224
182 226
182 234
182 238
182 240
182 247
182 249
182 259
182 262
182 263
182 267
182 271
182 278
182 279
182 282
182 292
182 293
183 186
183 189
183 190
183 192
183 205
183 208
183 210
183 212
183 213
183 226
183 229
183 240
183 253
183 257
183 260
183 264
183 267
183 269
183 270
183 271
183 272
183 287
183 296
184 196
184 202
184 209
184 215
184 226
184 227
184 233
184 236
184 242
184 246
184 250
184 251
184 253
184 260
184 263
184 283
184 285
184 299
185 189
185 197
185 201
185 203
185 205
185 206
185 210
185 211
185 213
185 217
185 219
185 225
185 226
185 231
185 233
185 234
185 250
185 251
185 256
185 257
185 278
185 285
185 287
185 295
185 296
185 299
186 193
186 200
186 209
186 210
186 214
186 215
186 221
186 228
186 235
186 237
186 239
186 243
186 255
186 257
186 258
186 268
186 273
186 283
186 285
186 289
186 290
186 299
187 191
187 194
187 212
187 215
187 217
187 219
187 237
187 244
187 245
187 250
187 255
187 261
187 267
187 270
187 275
188 189
188 197
188 198
188 202
188 203
188 209
188 221
188 225
188 226
188 232
188 233
188 238
188 251
188 257
188 258
188 267
188 271
188 272
188 289
188 295
188 298
189 194
189 204
189 212
189 217
189 233
189 235
189 240
189 247
189 250
189 251
189 255
189 259
189 261
189 268
189 269
189 275
189 278
189 295
189 299
190 193
190 194
190 202
190 208
190 213
190 215
190 224
190 229
190 234
190 235
190 248
190 253
190 262
190 265
190 269
190 271
190 272
190 273
190 276
190 281
190 282
190 284
190 288
191 201
191 205
191 212
191 221
191 227
191 228
191 230
191 233
191 238
191 239
191 241
191 243
191 244
191 245
191 246
191 248
191 249
191 250
191 255
191 257
191 259
191 261
191 268
191 272
191 273
191 276
191 284
191 285
191 293
191 294
191 295
192 195
192 203
192 204
192 205
192 223
192 226
192 227
192 232
192 234
192 237
192 245
192 246
192 248
192 252
192 259
192 262
192 264
192 268
192 275
192 277
192 281
192 282
192 287
192 296
192 297
193 195
193 205
193 209
193 211
193 220
193 223
193 225
193 227
193 234
193 243
193 244
193 258
193 260
193 271
193 274
193 282
193 292
193 293
193 298
194 203
194 206
194 224
194 227
194 233
194 238
194 240
194 242
194 245
194 246
194 249
194 252
194 253
194 256
194 259
194 261
194 264
194 265
194 270
194 276
194 281
194 284
194 285
194 289
194 296
195 199
195 200
195 201
195 208
195 213
195 216
195 217
195 232
195 240
195 244
195 251
195 257
195 259
195 260
195 266
195 269
195 275
195 276
195 277
195 279
195 282
195 285
195 291
195 295
196 204
196 216
196 220
196 223
196 232
196 244
196 249
196 262
196 266
196 268
196 282
196 283
196 286
197 204
197 216
197 219
197 220
197 221
197 224
197 225
197 226
197 228
197 229
197 241
197 252
197 254
197 258
197 264
197 267
197 268
197 278
197 280
197 296
197 297
198 209
198 210
198 214
198 215
198 223
198 241
198 244
198 252
198 253
198 257
198 263
198 280
198 287
198 296
198 299
199 203
199 220
199 221
199 222
199 230
199 232
199 234
199 239
199 242
199 246
199 247
199 249
199 250
199 263
199 265
199 267
199 269
199 270
199 272
199 282
200 201
200 217
200 233
200 238
200 239
200 240
200 247
200 248
200 260
200 262
200 266
200 267
200 271
200 273
200 278
200 279
200 283
200 286
200 287
200 293
200 295
201 220
201 226
201 227
201 232
201 234
201 239
201 240
201 253
201 257
201 265
201 273
201 274
201 282
201 283
201 286
201 299
202 206
202 212
202 213
202 214
202 222
202 227
202 229
202 230
202 234
202 244
202 255
202 258
202 260
202 261
202 266
202 271
202 272
202 274
202 277
202 282
202 291
202 293
202 294
202 299
203 210
203 211
203 212
203 215
203 225
203 226
203 229
203 231
203 234
203 236
203 237
203 239
203 243
203 264
203 267
203 268
203 276
203 278
203 283
203 284
203 288
203 298
204 206
204 220
204 227
204 229
204 232
204 237
204 238
204 239
204 244
204 248
204 250
204 251
204 257
204 264
204 269
204 270
204 271
204 276
204 278
204 279
204 283
204 288
204 291
204 296
205 208
205 212
205 222
205 224
205 227
205 229
205 253
205 258
205 260
205 261
205 282
205 284
205 286
205 288
205 291
205 292
205 295
205 298
205 299
206 207
206 209
206 217
206 222
206 223
206 225
206 245
206 247
206 261
206 267
206 269
206 270
206 273
206 277
206 290
206 292
206 298
207 211
207 214
207 236
207 239
207 248
207 251
207 256
207 270
207 276
207 278
207 280
207 295
207 298
208 210
208 213
208 221
208 235
208 245
208 251
208 254
208 263
208 272
208 284
208 288
208 289
208 293
208 296
208 297
209 211
209 229
209 232
209 234
209 236
209 238
209 243
209 246
209 248
209 263
209 271
209 272
209 274
209 275
209 285
209 286
209 290
209 291
210 213
210 221
210 231
210 234
210 237
210 240
210 241
210 247
210 252
210 255
210 256
210 258
210 266
210 284
210 286
210 291
210 292
210 293
210 296
211 218
211 224
211 227
211 233
211 235
211 241
211 242
211 246
211 250
211 251
211 267
211 283
211 294
211 296
212 215
212 222
212 226
212 233
212 235
212 236
212 238
212 239
212 242
212 245
212 248
212 254
212 274
212 283
212 291
212 292
212 296
213 214
213 216
213 220
213 228
213 236
213 244
213 248
213 253
213 265
213 268
213 274
213 277
213 278
213 293
213 298
213 299
214 220
214 227
214 231
214 248
214 261
214 262
214 263
214 266
214 279
214 280
214 283
214 286
214 295
215 218
215 223
215 225
215 232
215 237
215 248
215 249
215 250
215 255
215 260
215 263
215 266
215 272
215 286
215 288
215 299
216 218
216 219
216 220
216 226
216 229
216 231
216 234
216 239
216 245
216 247
216 248
216 259
216 260
216 273
216 276
216 284
216 285
216 292
216 297
217 223
217 226
217 232
217 237
217 243
217 250
217 255
217 257
217 258
217 259
217 260
217 272
217 273
217 274
217 285
217 291
217 294
217 296
218 229
218 233
218 238
218 240
218 247
218 251
218 252
218 254
218 255
218 256
218 257
218 259
218 263
218 266
218 269
218 276
218 277
218 295
218 298
219 221
219 222
219 239
219 241
219 242
219 247
219 248
219 250
219 255
219 257
219 258
219 265
219 268
219 271
219 281
219 289
219 291
219 292
219 295
220 224
220 228
220 239
220 241
220 243
220 261
220 262
220 264
220 271
220 274
220 277
220 281
220 282
220 290
220 294
220 297
221 224
221 226
221 228
221 232
221 235
221 248
221 255
221 258
221 259
221 269
221 270
221 276
221 285
221 297
221 299
222 228
222 240
222 241
222 243
222 253
222 263
222 264
222 272
222 286
222 297
222 298
223 229
223 231
223 237
223 238
223 241
223 248
223 259
223 264
223 265
223 266
223 276
223 280
223 287
223 297
223 299
224 227
224 230
224 234
224 237
224 251
224 252
224 256
224 278
224 286
224 288
224 290
224 293
224 294
224 295
224 296
224 299
225 230
225 238
225 244
225 248
225 251
225 263
225 266
225 271
225 274
225 280
225 283
225 287
225 288
225 291
225 293
226 230
226 235
226 244
226 245
226 263
226 266
226 271
226 277
226 281
226 294
227 241
227 242
227 250
227 258
227 263
227 264
227 278
227 279
227 294
227 299
228 231
228 237
228 238
228 240
228 243
228 247
228 250
228 251
228 257
228 259
228 261
228 263
228 264
228 269
228 274
228 287
228 299
229 235
229 240
229 242
229 257
229 260
229 261
229 266
229 267
229 268
229 271
229 280
229 282
229 283
229 293
229 295
229 298
229 299
230 235
230 240
230 242
230 243
230 247
230 253
230 257
230 266
230 275
230 280
230 281
230 285
231 236
231 240
231 252
231 254
231 256
231 273
231 280
231 284
231 286
231 287
231 290
231 295
231 298
231 299
232 236
232 245
232 246
232 249
232 258
232 260
232 266
232 269
232 278
232 289
233 238
233 239
233 240
233 249
233 267
233 270
233 281
233 284
233 288
233 292
233 297
233 298
234 239
234 240
234 244
234 252
234 256
234 266
234 273
234 276
234 283
234 284
234 287
234 288
234 291
235 239
235 243
235 246
235 248
235 249
235 252
235 253
235 258
235 262
235 265
235 266
235 273
235 282
235 283
235 294
236 237
236 242
236 244
236 246
236 250
236 251
236 254
236 259
236 266
236 276
236 277
236 282
236 284
236 287
236 289
236 292
236 293
237 240
237 242
237 243
237 252
237 268
237 270
237 271
237 283
237 288
237 290
237 293
238 247
238 251
238 252
238 253
238 255
238 261
238 270
238 277
238 278
238 283
238 292
239 245
239 246
239 247
239 251
239 253
239 259
239 260
239 263
239 266
239 280
239 282
239 284
239 289
239 295
240 241
240 242
240 243
240 244
240 252
240 260
240 265
240 266
240 268
240 269
240 273
240 280
240 285
240 288
240 293
240 294
241 243
241 245
241 252
241 268
241 285
241 287
241 298
241 299
242 247
242 248
242 249
242 254
242 266
242 268
242 289
242 291
242 294
242 295
242 298
243 246
243 247
243 257
243 258
243 261
243 262
243 265
243 272
243 277
243 281
243 282
243 294
244 250
244 253
244 256
244 278
244 279
244 280
244 282
244 283
245 267
245 277
245 279
245 283
245 284
245 286
245 295
246 249
246 253
246 259
246 260
246 264
246 278
246 279
246 297
246 299
247 248
247 255
247 270
247 283
247 288
247 289
247 299
248 254
248 268
248 272
248 273
248 276
248 279
248 281
248 283
248 284
248 288
248 293
249 253
249 256
249 268
249 269
249 273
249 277
249 290
249 295
249 296
250 254
250 260
250 266
250 268
250 271
250 275
250 277
250 280
250 287
250 298
251 254
251 255
251 256
251 261
251 264
251 270
251 275
251 277
251 286
251 287
251 289
251 293
251 295
252 256
252 259
252 261
252 271
252 274
252 276
252 278
252 284
253 259
253 261
253 272
253 277
253 280
253 283
253 286
253 289
253 290
253 297
253 298
253 299
254 255
254 261
254 263
254 264
254 270
254 274
254 275
254 276
254 282
254 284
254 298
254 299
255 260
255 264
255 266
255 274
255 279
255 284
255 285
255 291
255 292
255 296
255 298
256 265
256 278
256 284
256 287
256 296
257 264
257 274
257 284
257 292
257 295
257 297
258 268
258 273
258 274
258 286
258 288
258 289
258 290
258 292
258 294
258 298
258 299
259 262
259 274
259 278
259 280
259 286
259 291
259 293
259 294
260 262
260 266
260 275
260 276
260 280
260 286
260 299
261 262
261 270
261 271
261 277
261 288
261 289
261 294
261 299
262 264
262 266
262 286
263 266
263 270
263 272
263 284
263 290
263 291
263 292
263 293
263 295
263 298
263 299
264 271
264 273
264 274
264 276
264 285
265 271
265 276
265 281
265 284
265 285
265 290
265 292
265 297
266 270
266 276
266 277
266 283
266 288
266 293
266 296
266 297
266 298
267 276
267 277
267 279
267 284
267 288
267 297
268 279
268 288
268 295
269 273
269 276
269 280
269 286
269 292
269 294
269 295
269 298
270 273
270 274
270 275
270 280
271 274
271 281
271 293
271 295
272 283
272 290
272 294
272 296
272 298
273 274
273 281
273 283
273 285
273 286
273 295
274 276
274 281
274 288
274 297
274 299
275 290
275 292
276 277
276 282
276 286
276 292
276 294
277 287
277 288
277 298
278 279
278 285
278 292
279 280
280 281
280 282
280 286
280 291
280 294
280 298
281 288
281 292
281 295
281 296
281 297
282 289
282 295
282 298
282 299
283 289
283 290
283 299
284 285
284 290
285 288
285 291
285 294
285 297
286 289
286 293
286 294
286 297
287 293
288 289
288 293
288 297
289 295
289 298
290 296
290 297
291 295
291 297
292 294
293 294
293 295
294 296
295 296
297 298
