200 5960
0 1
0 4
0 5
0 7
0 9
0 10
0 14
0 16
0 17
0 19
0 20
0 21
0 23
0 28
0 30
0 31
0 32
0 39
0 41
0 42
0 43
0 50
0 51
0 60
0 61
0 62
0 74
0 75
0 76
0 78
0 81
0 83
0 84
0 87
0 88
0 90
0 95
0 97
0 101
0 104
0 105
0 120
0 124
0 129
0 137
0 138
0 140
0 141
0 144
0 145
0 149
0 150
0 151
0 153
0 164
0 176
0 179
0 183
0 186
0 187
0 188
0 193
0 194
0 195
0 198
1 8
1 16
1 23
1 28
1 32
1 37
1 38
1 43
1 55
1 57
1 69
1 76
1 78
1 80
1 81
1 83
1 87
1 89
1 95
1 97
1 98
1 104
1 106
1 121
1 124
1 125
1 126
1 128
1 129
1 132
1 138
1 140
1 143
1 144
1 150
1 155
1 156
1 160
1 167
1 168
1 171
1 173
1 174
1 176
1 177
1 183
1 193
1 198
2 4
2 5
2 11
2 12
2 13
2 14
2 16
2 17
2 23
2 27
2 31
2 35
2 37
2 40
2 42
2 48
2 49
2 52
2 53
2 59
2 63
2 65
2 66
2 67
2 72
2 79
2 81
2 82
2 84
2 85
2 86
2 89
2 90
2 91
2 92
2 93
2 94
2 95
2 96
2 97
2 103
2 104
2 105
2 110
2 116
2 117
2 118
2 119
2 127
2 130
2 133
2 135
2 136
2 137
2 139
2 142
2 143
2 144
2 164
2 167
2 169
2 171
2 173
2 174
2 178
2 182
2 187
2 190
2 192
2 196
2 197
3 8
3 9
3 12
3 13
3 15
3 18
3 23
3 24
3 28
3 30
3 32
3 34
3 39
3 42
3 43
3 50
3 52
3 53
3 55
3 56
3 66
3 67
3 68
3 69
3 78
3 82
3 89
3 92
3 99
3 101
3 104
3 105
3 106
3 111
3 115
3 117
3 124
3 126
3 131
3 132
3 136
3 137
3 139
3 140
3 142
3 146
3 156
3 162
3 163
3 174
3 177
3 182
3 184
3 186
3 187
3 195
3 196
3 197
3 198
4 6
4 7
4 8
4 11
4 13
4 15
4 17
4 21
4 24
4 25
4 27
4 36
4 41
4 46
4 47
4 50
4 53
4 58
4 62
4 63
4 64
4 69
4 71
4 73
4 74
4 75
4 79
4 81
4 86
4 87
4 91
4 93
4 96
4 100
4 103
4 105
4 106
4 116
4 117
4 119
4 126
4 132
4 133
4 136
4 137
4 139
4 142
4 143
4 152
4 161
4 162
4 163
4 166
4 169
4 171
4 172
4 181
4 182
4 184
4 189
4 191
4 193
4 194
4 196
5 6
5 10
5 14
5 17
5 23
5 29
5 31
5 33
5 37
5 38
5 43
5 54
5 58
5 60
5 62
5 63
5 65
5 69
5 73
5 84
5 86
5 88
5 91
5 92
5 101
5 103
5 105
5 108
5 111
5 112
5 115
5 118
5 120
5 125
5 130
5 132
5 133
5 134
5 139
5 141
5 145
5 147
5 152
5 157
5 158
5 161
5 163
5 169
5 170
5 171
5 174
5 176
5 177
5 178
5 181
5 192
5 196
5 197
6 9
6 11
6 12
6 14
6 15
6 16
6 23
6 25
6 30
6 31
6 34
6 39
6 49
6 54
6 59
6 60
6 62
6 64
6 70
6 72
6 74
6 77
6 78
6 80
6 81
6 82
6 85
6 86
6 97
6 99
6 102
6 103
6 107
6 111
6 123
6 129
6 132
6 140
6 141
6 142
6 143
6 148
6 156
6 161
6 162
6 163
6 165
6 167
6 168
6 169
6 173
6 181
6 183
6 189
6 193
6 194
6 198
7 18
7 29
7 34
7 36
7 38
7 47
7 52
7 54
7 60
7 63
7 70
7 74
7 78
7 80
7 81
7 82
7 91
7 92
7 110
7 112
7 115
7 122
7 124
7 126
7 129
7 131
7 132
7 134
7 137
7 138
7 140
7 144
7 148
7 151
7 154
7 156
7 157
7 158
7 166
7 168
7 169
7 176
7 178
7 183
7 187
7 190
7 194
8 11
8 12
8 15
8 20
8 23
8 25
8 32
8 33
8 36
8 37
8 42
8 46
8 49
8 50
8 51
8 52
8 57
8 60
8 63
8 67
8 75
8 77
8 80
8 85
8 86
8 97
8 100
8 106
8 108
8 109
8 111
8 112
8 113
8 116
8 118
8 119
8 120
8 125
8 128
8 131
8 134
8 135
8 136
8 141
8 144
8 153
8 155
8 156
8 157
8 162
8 164
8 166
8 167
8 175
8 176
8 185
8 191
8 193
9 12
9 13
9 14
9 16
9 19
9 20
9 23
9 26
9 28
9 30
9 31
9 39
9 40
9 41
9 42
9 46
9 52
9 57
9 61
9 64
9 66
9 67
9 68
9 83
9 84
9 85
9 92
9 98
9 100
9 102
9 104
9 105
9 106
9 113
9 116
9 121
9 124
9 128
9 135
9 136
9 139
9 140
9 141
9 146
9 147
9 149
9 152
9 155
9 158
9 164
9 166
9 168
9 171
9 173
9 177
9 180
9 181
9 183
9 184
9 188
9 189
9 190
9 192
10 11
10 16
10 18
10 26
10 30
10 31
10 32
10 33
10 35
10 58
10 62
10 63
10 67
10 70
10 72
10 75
10 83
10 84
10 85
10 86
10 89
10 90
10 95
10 97
10 103
10 107
10 111
10 112
10 117
10 119
10 123
10 124
10 126
10 129
10 130
10 134
10 135
10 156
10 157
10 162
10 163
10 164
10 166
10 171
10 174
10 181
10 183
10 184
10 186
10 193
10 196
11 12
11 21
11 22
11 23
11 25
11 27
11 31
11 33
11 46
11 48
11 49
11 55
11 56
11 58
11 59
11 62
11 64
11 71
11 78
11 80
11 81
11 82
11 83
11 84
11 85
11 89
11 92
11 93
11 96
11 98
11 103
11 104
11 109
11 110
11 118
11 119
11 121
11 127
11 128
11 129
11 132
11 134
11 137
11 139
11 140
11 142
11 143
11 146
11 152
11 158
11 160
11 164
11 166
11 167
11 177
11 178
11 180
11 185
11 197
11 198
11 199
12 15
12 17
12 21
12 23
12 27
12 29
12 30
12 31
12 35
12 43
12 45
12 51
12 57
12 63
12 69
12 70
12 73
12 77
12 78
12 79
12 82
12 86
12 95
12 100
12 105
12 107
12 112
12 119
12 123
12 128
12 131
12 133
12 135
12 139
12 143
12 146
12 148
12 156
12 157
12 158
12 161
12 162
12 166
12 172
12 174
12 176
12 181
12 183
12 187
12 193
12 194
12 197
13 20
13 24
13 26
13 27
13 29
13 31
13 34
13 42
13 44
13 53
13 58
13 59
13 67
13 68
13 70
13 72
13 76
13 77
13 78
13 79
13 85
13 86
13 91
13 96
13 97
13 98
13 99
13 100
13 101
13 102
13 103
13 111
13 112
13 113
13 120
13 124
13 127
13 131
13 134
13 137
13 140
13 154
13 157
13 165
13 166
13 167
13 168
13 169
13 171
13 175
13 177
13 178
13 179
13 181
13 186
13 188
13 190
13 199
14 23
14 29
14 33
14 34
14 35
14 36
14 39
14 40
14 42
14 44
14 50
14 52
14 53
14 57
14 59
14 60
14 87
14 93
14 98
14 99
14 101
14 106
14 108
14 109
14 113
14 115
14 124
14 126
14 127
14 133
14 134
14 137
14 138
14 141
14 142
14 146
14 148
14 149
14 154
14 155
14 157
14 160
14 164
14 166
14 167
14 169
14 175
14 180
14 183
14 189
14 190
14 191
14 196
14 198
15 17
15 23
15 29
15 30
15 41
15 42
15 44
15 45
15 46
15 48
15 49
15 52
15 54
15 55
15 57
15 62
15 63
15 64
15 65
15 68
15 70
15 73
15 79
15 80
15 83
15 84
15 88
15 90
15 91
15 92
15 97
15 100
15 101
15 104
15 105
15 111
15 114
15 118
15 124
15 125
15 127
15 136
15 139
15 140
15 141
15 143
15 150
15 151
15 152
15 159
15 162
15 163
15 164
15 173
15 175
15 185
15 186
15 187
15 189
15 194
16 19
16 23
16 32
16 35
16 41
16 43
16 44
16 50
16 52
16 53
16 56
16 61
16 62
16 67
16 68
16 69
16 70
16 76
16 80
16 81
16 88
16 92
16 94
16 95
16 98
16 99
16 101
16 104
16 105
16 108
16 109
16 112
16 116
16 117
16 118
16 121
16 123
16 124
16 142
16 143
16 146
16 150
16 159
16 163
16 164
16 168
16 173
16 177
16 181
16 184
16 185
16 187
16 189
16 190
16 191
16 192
16 196
17 18
17 21
17 24
17 27
17 32
17 35
17 37
17 38
17 39
17 40
17 44
17 45
17 47
17 50
17 51
17 52
17 53
17 55
17 56
17 57
17 59
17 66
17 71
17 75
17 81
17 84
17 86
17 87
17 90
17 96
17 104
17 107
17 112
17 114
17 115
17 120
17 122
17 123
17 129
17 132
17 133
17 137
17 139
17 147
17 149
17 157
17 159
17 161
17 162
17 163
17 165
17 168
17 176
17 177
17 178
17 182
17 183
17 184
17 190
17 196
17 197
17 198
18 23
18 24
18 25
18 29
18 30
18 31
18 33
18 34
18 35
18 36
18 37
18 39
18 43
18 49
18 52
18 57
18 59
18 65
18 67
18 73
18 76
18 78
18 85
18 87
18 92
18 100
18 101
18 104
18 107
18 111
18 112
18 113
18 115
18 116
18 125
18 128
18 131
18 132
18 139
18 146
18 151
18 154
18 158
18 161
18 165
18 166
18 167
18 169
18 175
18 178
18 181
18 182
18 185
18 187
18 188
18 193
18 196
18 199
19 21
19 22
19 30
19 34
19 47
19 50
19 51
19 52
19 53
19 56
19 59
19 61
19 63
19 64
19 65
19 66
19 69
19 72
19 78
19 81
19 86
19 87
19 89
19 90
19 98
19 100
19 103
19 104
19 107
19 115
19 117
19 127
19 129
19 133
19 144
19 145
19 146
19 152
19 153
19 156
19 157
19 163
19 168
19 169
19 171
19 172
19 174
19 175
19 184
19 186
19 188
19 196
20 28
20 29
20 30
20 43
20 45
20 51
20 52
20 60
20 61
20 63
20 66
20 67
20 68
20 71
20 74
20 75
20 77
20 79
20 81
20 92
20 95
20 97
20 100
20 104
20 105
20 109
20 110
20 116
20 122
20 129
20 131
20 132
20 134
20 141
20 147
20 148
20 158
20 168
20 170
20 176
20 177
20 178
20 179
20 185
20 187
20 188
20 192
20 195
20 196
21 26
21 28
21 30
21 35
21 36
21 37
21 40
21 43
21 44
21 54
21 55
21 57
21 59
21 62
21 64
21 65
21 66
21 68
21 78
21 84
21 85
21 90
21 99
21 100
21 101
21 102
21 103
21 104
21 107
21 110
21 115
21 118
21 120
21 124
21 131
21 138
21 139
21 140
21 142
21 152
21 154
21 160
21 163
21 166
21 170
21 173
21 191
21 199
22 28
22 29
22 31
22 33
22 41
22 50
22 53
22 54
22 55
22 57
22 59
22 62
22 65
22 66
22 71
22 75
22 83
22 86
22 91
22 99
22 101
22 102
22 104
22 107
22 109
22 120
22 121
22 122
22 131
22 137
22 138
22 149
22 151
22 153
22 157
22 159
22 161
22 163
22 168
22 170
22 175
22 179
22 183
22 185
22 186
22 192
22 193
22 197
22 199
23 24
23 38
23 39
23 44
23 45
23 54
23 58
23 66
23 69
23 70
23 72
23 74
23 77
23 79
23 90
23 91
23 92
23 95
23 99
23 101
23 102
23 103
23 104
23 113
23 114
23 115
23 117
23 126
23 128
23 130
23 136
23 141
23 147
23 148
23 151
23 152
23 154
23 163
23 168
23 169
23 174
23 183
23 197
24 26
24 28
24 32
24 33
24 35
24 39
24 43
24 44
24 46
24 47
24 51
24 52
24 62
24 63
24 66
24 70
24 77
24 78
24 84
24 91
24 102
24 106
24 110
24 111
24 112
24 113
24 117
24 119
24 129
24 130
24 133
24 134
24 139
24 147
24 148
24 150
24 152
24 153
24 156
24 157
24 160
24 161
24 163
24 167
24 168
24 170
24 173
24 174
24 180
24 185
24 186
24 197
25 28
25 29
25 30
25 33
25 35
25 38
25 39
25 44
25 52
25 57
25 62
25 64
25 65
25 66
25 67
25 75
25 76
25 79
25 86
25 103
25 110
25 112
25 118
25 121
25 128
25 136
25 140
25 141
25 143
25 144
25 145
25 147
25 148
25 149
25 152
25 158
25 160
25 162
25 163
25 165
25 166
25 171
25 173
25 174
25 175
25 181
25 182
25 183
25 186
25 187
25 189
25 197
26 39
26 40
26 42
26 49
26 50
26 55
26 58
26 62
26 63
26 64
26 68
26 70
26 72
26 73
26 76
26 77
26 79
26 82
26 83
26 84
26 87
26 88
26 92
26 93
26 98
26 99
26 103
26 104
26 107
26 111
26 112
26 113
26 116
26 123
26 126
26 127
26 128
26 130
26 131
26 138
26 141
26 142
26 143
26 144
26 145
26 153
26 157
26 160
26 163
26 164
26 166
26 168
26 172
26 176
26 178
26 181
26 184
26 185
26 189
26 190
27 28
27 33
27 36
27 43
27 45
27 48
27 51
27 52
27 54
27 55
27 60
27 62
27 63
27 64
27 66
27 70
27 72
27 74
27 75
27 80
27 83
27 85
27 86
27 91
27 95
27 99
27 103
27 105
27 108
27 109
27 111
27 112
27 115
27 117
27 119
27 120
27 124
27 126
27 134
27 135
27 136
27 144
27 149
27 159
27 160
27 166
27 175
27 180
27 183
27 184
27 186
27 189
27 197
28 30
28 32
28 35
28 42
28 43
28 44
28 53
28 56
28 59
28 62
28 64
28 68
28 69
28 72
28 76
28 78
28 80
28 82
28 83
28 88
28 89
28 91
28 93
28 94
28 99
28 104
28 107
28 108
28 111
28 114
28 117
28 118
28 120
28 126
28 131
28 132
28 135
28 144
28 148
28 150
28 156
28 157
28 158
28 159
28 170
28 171
28 174
28 182
28 189
28 194
28 195
28 199
29 31
29 32
29 35
29 38
29 43
29 44
29 54
29 56
29 59
29 60
29 66
29 67
29 72
29 73
29 78
29 89
29 90
29 93
29 97
29 111
29 114
29 116
29 123
29 124
29 125
29 135
29 137
29 138
29 139
29 141
29 143
29 145
29 146
29 150
29 151
29 157
29 159
29 162
29 166
29 174
29 178
29 183
29 189
29 194
29 199
30 31
30 39
30 44
30 45
30 48
30 50
30 51
30 56
30 60
30 61
30 67
30 68
30 74
30 81
30 82
30 84
30 85
30 91
30 92
30 93
30 94
30 96
30 101
30 102
30 105
30 106
30 111
30 115
30 120
30 121
30 122
30 126
30 129
30 131
30 132
30 133
30 135
30 137
30 138
30 139
30 142
30 151
30 153
30 155
30 158
30 159
30 161
30 164
30 167
30 172
30 179
30 180
30 184
30 186
30 187
30 188
30 193
30 197
30 198
30 199
31 35
31 36
31 38
31 43
31 44
31 46
31 47
31 52
31 57
31 58
31 61
31 62
31 64
31 65
31 66
31 69
31 70
31 72
31 73
31 74
31 77
31 78
31 82
31 86
31 89
31 91
31 102
31 103
31 107
31 109
31 111
31 122
31 125
31 126
31 127
31 129
31 130
31 132
31 135
31 136
31 138
31 139
31 141
31 142
31 146
31 147
31 148
31 149
31 153
31 155
31 161
31 168
31 169
31 170
31 172
31 173
31 177
31 180
31 181
31 194
31 199
32 35
32 39
32 45
32 48
32 50
32 51
32 53
32 54
32 59
32 62
32 69
32 72
32 73
32 79
32 80
32 81
32 88
32 91
32 94
32 95
32 101
32 104
32 105
32 106
32 108
32 110
32 111
32 112
32 115
32 117
32 121
32 123
32 125
32 126
32 130
32 138
32 139
32 140
32 141
32 146
32 152
32 157
32 159
32 162
32 164
32 165
32 167
32 169
32 172
32 176
32 180
32 181
32 187
32 190
32 191
32 194
32 198
33 37
33 38
33 39
33 42
33 44
33 49
33 50
33 51
33 52
33 58
33 64
33 67
33 77
33 78
33 91
33 94
33 95
33 99
33 100
33 102
33 107
33 116
33 117
33 121
33 123
33 124
33 125
33 127
33 135
33 140
33 142
33 144
33 145
33 147
33 153
33 158
33 161
33 162
33 164
33 169
33 174
33 179
33 181
33 185
33 188
33 190
33 197
34 39
34 43
34 44
34 46
34 52
34 53
34 55
34 58
34 60
34 62
34 67
34 68
34 72
34 78
34 81
34 82
34 86
34 89
34 90
34 92
34 95
34 98
34 101
34 106
34 109
34 113
34 114
34 116
34 119
34 121
34 122
34 123
34 124
34 126
34 132
34 138
34 149
34 157
34 167
34 168
34 170
34 171
34 173
34 180
34 184
34 186
34 190
34 193
34 198
35 37
35 51
35 56
35 60
35 67
35 68
35 69
35 79
35 80
35 86
35 90
35 93
35 100
35 102
35 103
35 107
35 114
35 115
35 125
35 129
35 130
35 134
35 136
35 141
35 146
35 150
35 151
35 156
35 162
35 165
35 166
35 168
35 179
35 180
35 182
35 185
35 186
35 194
35 197
36 37
36 39
36 40
36 49
36 53
36 58
36 62
36 69
36 71
36 73
36 74
36 79
36 80
36 82
36 91
36 93
36 98
36 100
36 104
36 106
36 112
36 114
36 116
36 117
36 124
36 130
36 132
36 139
36 145
36 146
36 148
36 152
36 154
36 162
36 165
36 167
36 173
36 177
36 178
36 180
36 181
36 182
36 183
36 186
36 193
36 196
36 197
36 199
37 40
37 42
37 43
37 44
37 45
37 48
37 51
37 52
37 53
37 54
37 57
37 58
37 60
37 63
37 64
37 65
37 72
37 73
37 77
37 81
37 84
37 91
37 92
37 93
37 94
37 97
37 101
37 104
37 112
37 116
37 120
37 123
37 130
37 132
37 137
37 144
37 148
37 152
37 153
37 157
37 162
37 164
37 170
37 172
37 177
37 180
37 184
37 191
37 194
37 196
37 199
38 39
38 42
38 49
38 51
38 56
38 68
38 70
38 74
38 75
38 80
38 82
38 86
38 88
38 90
38 99
38 101
38 104
38 115
38 116
38 125
38 132
38 134
38 139
38 140
38 147
38 150
38 152
38 153
38 157
38 165
38 169
38 172
38 173
38 174
38 179
38 182
38 183
38 191
38 195
39 41
39 43
39 44
39 45
39 46
39 57
39 59
39 60
39 62
39 64
39 67
39 68
39 71
39 74
39 80
39 82
39 85
39 86
39 88
39 91
39 92
39 94
39 95
39 96
39 102
39 107
39 108
39 110
39 114
39 115
39 117
39 119
39 122
39 125
39 127
39 137
39 140
39 142
39 144
39 146
39 147
39 152
39 155
39 156
39 162
39 164
39 165
39 166
39 171
39 175
39 177
39 178
39 180
39 184
39 186
39 188
39 189
39 190
39 197
39 198
40 43
40 45
40 46
40 51
40 53
40 54
40 55
40 56
40 62
40 65
40 76
40 81
40 83
40 84
40 93
40 104
40 109
40 111
40 112
40 113
40 119
40 125
40 127
40 128
40 134
40 137
40 145
40 146
40 151
40 157
40 162
40 168
40 172
40 174
40 179
40 180
40 183
40 184
40 189
40 196
40 199
41 42
41 46
41 47
41 51
41 55
41 58
41 59
41 63
41 64
41 67
41 68
41 72
41 74
41 75
41 79
41 82
41 83
41 85
41 90
41 91
41 94
41 100
41 102
41 106
41 107
41 109
41 110
41 111
41 112
41 119
41 122
41 129
41 131
41 134
41 137
41 138
41 140
41 147
41 149
41 151
41 152
41 160
41 161
41 163
41 164
41 169
41 170
41 173
41 176
41 181
41 196
42 43
42 50
42 51
42 58
42 61
42 83
42 89
42 97
42 100
42 106
42 110
42 117
42 123
42 128
42 130
42 137
42 145
42 151
42 154
42 156
42 162
42 168
42 170
42 171
42 172
42 176
42 177
42 180
42 185
42 188
42 193
43 44
43 47
43 48
43 50
43 53
43 56
43 59
43 63
43 64
43 69
43 71
43 75
43 81
43 82
43 83
43 85
43 98
43 100
43 102
43 104
43 105
43 107
43 108
43 113
43 116
43 127
43 131
43 144
43 147
43 151
43 155
43 159
43 160
43 163
43 167
43 172
43 174
43 176
43 189
43 190
43 191
43 192
43 196
44 45
44 46
44 47
44 48
44 49
44 53
44 58
44 60
44 63
44 71
44 72
44 78
44 79
44 80
44 85
44 86
44 87
44 92
44 95
44 98
44 101
44 107
44 108
44 112
44 114
44 116
44 122
44 126
44 128
44 129
44 130
44 131
44 132
44 137
44 139
44 153
44 156
44 157
44 160
44 162
44 163
44 164
44 165
44 168
44 170
44 175
44 179
44 180
44 181
44 188
44 197
45 46
45 52
45 55
45 56
45 74
45 77
45 84
45 88
45 90
45 92
45 95
45 97
45 99
45 101
45 108
45 111
45 113
45 115
45 116
45 119
45 120
45 121
45 122
45 124
45 128
45 131
45 132
45 134
45 142
45 143
45 144
45 148
45 153
45 154
45 155
45 158
45 161
45 170
45 181
45 184
45 185
45 187
45 189
45 196
45 198
46 48
46 49
46 50
46 54
46 55
46 57
46 58
46 60
46 67
46 69
46 73
46 74
46 76
46 78
46 87
46 94
46 100
46 104
46 105
46 106
46 108
46 109
46 110
46 113
46 121
46 127
46 131
46 135
46 137
46 140
46 149
46 150
46 152
46 154
46 156
46 161
46 164
46 172
46 174
46 178
46 185
46 193
47 49
47 52
47 56
47 59
47 61
47 64
47 67
47 68
47 69
47 71
47 74
47 75
47 78
47 86
47 87
47 88
47 90
47 96
47 99
47 101
47 103
47 107
47 112
47 114
47 115
47 118
47 121
47 122
47 126
47 127
47 130
47 132
47 133
47 136
47 139
47 140
47 144
47 145
47 146
47 150
47 154
47 156
47 157
47 159
47 160
47 165
47 175
47 176
47 181
47 184
47 186
47 188
47 189
47 192
47 195
48 51
48 67
48 72
48 73
48 79
48 82
48 85
48 89
48 90
48 92
48 95
48 96
48 99
48 102
48 104
48 107
48 110
48 111
48 113
48 118
48 121
48 123
48 129
48 130
48 132
48 133
48 137
48 141
48 145
48 150
48 151
48 153
48 154
48 165
48 170
48 172
48 173
48 175
48 177
48 181
48 182
48 183
48 186
48 187
48 188
48 192
48 195
48 197
49 52
49 59
49 64
49 68
49 69
49 72
49 74
49 75
49 76
49 77
49 78
49 104
49 105
49 110
49 115
49 117
49 125
49 128
49 130
49 133
49 135
49 138
49 140
49 148
49 153
49 156
49 157
49 160
49 161
49 162
49 163
49 166
49 167
49 168
49 170
49 176
49 180
49 182
49 187
49 188
49 189
49 191
49 194
49 197
49 199
50 67
50 73
50 74
50 76
50 78
50 84
50 85
50 87
50 88
50 90
50 93
50 97
50 99
50 100
50 102
50 103
50 104
50 105
50 110
50 112
50 114
50 115
50 118
50 123
50 124
50 125
50 128
50 133
50 136
50 139
50 141
50 146
50 150
50 159
50 168
50 169
50 171
50 172
50 179
50 180
50 183
50 186
50 192
50 194
50 197
51 54
51 56
51 58
51 62
51 66
51 69
51 72
51 74
51 77
51 81
51 82
51 100
51 108
51 109
51 115
51 118
51 121
51 122
51 125
51 133
51 134
51 139
51 140
51 141
51 143
51 144
51 146
51 150
51 158
51 167
51 169
51 178
51 181
51 184
51 187
51 190
51 191
51 195
51 196
51 197
52 56
52 58
52 60
52 63
52 67
52 70
52 75
52 80
52 81
52 82
52 84
52 92
52 93
52 96
52 99
52 104
52 107
52 108
52 113
52 115
52 122
52 125
52 127
52 133
52 136
52 138
52 145
52 149
52 155
52 165
52 170
52 173
52 181
52 184
52 187
52 192
52 197
52 199
53 57
53 63
53 66
53 67
53 70
53 74
53 77
53 82
53 85
53 92
53 101
53 105
53 106
53 107
53 108
53 109
53 111
53 112
53 113
53 117
53 120
53 121
53 143
53 146
53 149
53 150
53 151
53 152
53 153
53 155
53 159
53 164
53 166
53 171
53 172
53 173
53 175
53 184
53 188
53 189
53 190
53 193
53 194
53 196
54 56
54 59
54 67
54 71
54 73
54 74
54 77
54 82
54 95
54 102
54 103
54 110
54 111
54 115
54 119
54 120
54 121
54 123
54 124
54 125
54 128
54 129
54 133
54 140
54 144
54 148
54 151
54 152
54 153
54 161
54 163
54 175
54 178
54 181
54 182
54 189
54 190
54 191
54 192
54 194
54 195
54 197
54 198
55 56
55 63
55 73
55 88
55 92
55 97
55 99
55 103
55 107
55 111
55 112
55 117
55 118
55 122
55 124
55 126
55 128
55 129
55 131
55 132
55 142
55 155
55 157
55 160
55 164
55 165
55 170
55 174
55 181
55 184
55 186
55 191
55 193
55 195
55 198
56 58
56 63
56 66
56 67
56 71
56 77
56 84
56 87
56 89
56 99
56 100
56 101
56 107
56 108
56 114
56 115
56 116
56 117
56 118
56 121
56 122
56 123
56 125
56 127
56 129
56 133
56 134
56 135
56 138
56 141
56 145
56 154
56 157
56 162
56 173
56 180
56 185
56 187
56 188
56 189
56 192
56 194
56 196
56 199
57 58
57 60
57 69
57 70
57 75
57 84
57 86
57 88
57 90
57 96
57 97
57 98
57 104
57 106
57 107
57 111
57 112
57 115
57 124
57 126
57 128
57 131
57 141
57 144
57 162
57 164
57 168
57 170
57 172
57 178
57 179
57 182
57 183
57 184
57 187
57 189
58 63
58 64
58 66
58 69
58 70
58 72
58 74
58 78
58 87
58 89
58 90
58 98
58 100
58 101
58 102
58 103
58 104
58 108
58 112
58 113
58 116
58 117
58 121
58 123
58 124
58 125
58 126
58 137
58 144
58 145
58 150
58 152
58 158
58 159
58 162
58 163
58 167
58 170
58 172
58 176
58 177
58 179
58 181
58 182
58 183
58 187
58 189
58 193
58 196
58 198
59 64
59 67
59 73
59 75
59 82
59 83
59 90
59 94
59 103
59 104
59 105
59 107
59 113
59 115
59 118
59 119
59 120
59 127
59 130
59 134
59 135
59 136
59 139
59 140
59 144
59 146
59 151
59 154
59 156
59 159
59 163
59 164
59 182
59 183
59 184
59 188
59 192
59 193
59 196
59 198
60 62
60 64
60 66
60 69
60 76
60 77
60 78
60 79
60 83
60 90
60 93
60 95
60 99
60 101
60 102
60 105
60 106
60 109
60 110
60 111
60 113
60 120
60 129
60 130
60 132
60 133
60 141
60 143
60 144
60 146
60 150
60 153
60 154
60 158
60 163
60 164
60 169
60 170
60 171
60 173
60 176
60 181
60 182
60 183
60 184
60 186
60 187
60 188
60 197
60 198
61 62
61 63
61 65
61 68
61 69
61 70
61 82
61 86
61 88
61 95
61 96
61 98
61 105
61 106
61 108
61 113
61 115
61 117
61 121
61 122
61 123
61 136
61 137
61 140
61 145
61 147
61 149
61 151
61 155
61 160
61 166
61 171
61 173
61 175
61 176
61 178
61 181
61 183
61 185
61 187
61 188
61 189
61 190
61 192
61 194
61 196
61 199
62 63
62 64
62 65
62 72
62 75
62 79
62 83
62 86
62 90
62 96
62 101
62 102
62 105
62 109
62 112
62 118
62 121
62 125
62 127
62 129
62 133
62 138
62 140
62 141
62 144
62 150
62 153
62 154
62 156
62 158
62 159
62 161
62 164
62 169
62 171
62 175
62 181
62 184
62 186
62 188
62 195
62 196
62 197
63 64
63 65
63 70
63 71
63 75
63 77
63 90
63 93
63 95
63 109
63 115
63 124
63 126
63 127
63 130
63 132
63 137
63 152
63 163
63 171
63 172
63 173
63 179
63 182
63 184
63 190
63 191
63 195
63 197
64 68
64 69
64 70
64 71
64 72
64 73
64 74
64 75
64 77
64 78
64 82
64 91
64 92
64 94
64 95
64 97
64 99
64 102
64 104
64 106
64 107
64 117
64 120
64 122
64 123
64 124
64 127
64 129
64 131
64 133
64 134
64 135
64 142
64 143
64 145
64 146
64 149
64 150
64 156
64 160
64 167
64 168
64 172
64 173
64 174
64 177
64 180
64 183
64 188
64 189
64 193
64 194
64 195
64 196
64 197
65 69
65 72
65 77
65 81
65 82
65 86
65 94
65 95
65 97
65 100
65 105
65 107
65 109
65 110
65 111
65 113
65 115
65 120
65 123
65 125
65 126
65 135
65 137
65 141
65 143
65 145
65 147
65 148
65 153
65 157
65 158
65 159
65 162
65 165
65 166
65 167
65 169
65 179
65 182
65 183
65 188
65 190
65 191
65 193
65 197
65 199
66 70
66 71
66 73
66 74
66 78
66 79
66 81
66 84
66 86
66 88
66 94
66 102
66 109
66 114
66 116
66 125
66 132
66 134
66 135
66 138
66 139
66 140
66 141
66 143
66 144
66 147
66 151
66 157
66 158
66 159
66 162
66 164
66 167
66 170
66 172
66 173
66 176
66 177
66 180
66 181
66 182
66 189
66 190
66 193
66 197
66 198
67 68
67 69
67 70
67 71
67 76
67 81
67 84
67 90
67 92
67 97
67 98
67 99
67 101
67 104
67 106
67 108
67 109
67 111
67 116
67 118
67 119
67 124
67 130
67 133
67 134
67 137
67 140
67 141
67 143
67 145
67 149
67 150
67 153
67 155
67 158
67 166
67 167
67 168
67 169
67 170
67 173
67 174
67 176
67 182
67 183
67 187
67 189
67 190
67 191
67 194
67 195
68 71
68 78
68 80
68 84
68 88
68 95
68 101
68 103
68 106
68 111
68 116
68 121
68 124
68 125
68 134
68 135
68 142
68 148
68 152
68 154
68 155
68 175
68 178
68 181
68 182
68 184
68 186
68 188
68 191
68 192
68 195
68 196
68 197
69 71
69 78
69 80
69 82
69 85
69 91
69 92
69 96
69 98
69 99
69 104
69 105
69 106
69 111
69 115
69 116
69 118
69 120
69 121
69 130
69 133
69 138
69 141
69 144
69 145
69 146
69 163
69 166
69 170
69 174
69 175
69 176
69 177
69 180
69 191
69 193
69 194
69 195
69 197
70 76
70 81
70 84
70 86
70 87
70 90
70 93
70 105
70 107
70 112
70 113
70 114
70 117
70 124
70 135
70 141
70 146
70 147
70 153
70 155
70 158
70 161
70 167
70 168
70 169
70 171
70 176
70 182
70 183
70 185
70 188
70 189
70 192
70 198
71 84
71 85
71 87
71 91
71 99
71 104
71 105
71 108
71 126
71 131
71 133
71 137
71 139
71 141
71 143
71 144
71 145
71 146
71 149
71 155
71 157
71 160
71 163
71 165
71 168
71 169
71 170
71 171
71 178
71 183
71 186
71 191
71 197
71 198
72 73
72 77
72 79
72 81
72 84
72 86
72 88
72 95
72 98
72 101
72 105
72 108
72 110
72 117
72 119
72 121
72 123
72 126
72 127
72 129
72 130
72 135
72 138
72 139
72 141
72 143
72 146
72 151
72 152
72 161
72 162
72 164
72 173
72 180
72 183
72 186
72 187
72 191
72 199
73 74
73 75
73 78
73 79
73 80
73 88
73 90
73 92
73 97
73 104
73 106
73 110
73 112
73 113
73 118
73 123
73 124
73 126
73 127
73 135
73 137
73 139
73 143
73 145
73 153
73 154
73 155
73 165
73 168
73 180
73 181
73 185
73 187
73 190
73 192
73 193
73 197
73 198
74 77
74 78
74 79
74 80
74 81
74 84
74 90
74 95
74 96
74 105
74 106
74 110
74 111
74 114
74 120
74 127
74 136
74 141
74 142
74 145
74 146
74 149
74 150
74 158
74 159
74 161
74 167
74 169
74 173
74 175
74 176
74 179
74 182
74 184
74 186
74 187
74 188
74 191
74 194
74 195
74 197
74 198
75 82
75 86
75 87
75 91
75 96
75 97
75 104
75 105
75 106
75 107
75 112
75 118
75 120
75 121
75 127
75 132
75 133
75 136
75 143
75 151
75 154
75 156
75 157
75 158
75 161
75 163
75 167
75 168
75 170
75 174
75 178
75 179
75 182
75 183
75 186
75 187
75 192
75 197
75 198
76 77
76 81
76 87
76 89
76 91
76 93
76 94
76 96
76 99
76 101
76 104
76 107
76 111
76 113
76 114
76 115
76 121
76 123
76 128
76 129
76 135
76 136
76 137
76 142
76 147
76 149
76 151
76 153
76 157
76 166
76 167
76 169
76 179
76 180
76 184
76 187
76 188
76 193
76 198
77 86
77 89
77 91
77 98
77 101
77 103
77 104
77 107
77 112
77 114
77 115
77 116
77 118
77 119
77 122
77 125
77 137
77 139
77 147
77 148
77 150
77 159
77 163
77 172
77 179
77 182
77 184
77 186
77 188
77 195
77 196
77 197
77 199
78 83
78 84
78 86
78 87
78 88
78 92
78 96
78 107
78 108
78 110
78 113
78 114
78 116
78 121
78 125
78 127
78 129
78 132
78 133
78 135
78 136
78 138
78 140
78 144
78 145
78 146
78 147
78 148
78 149
78 150
78 151
78 154
78 159
78 174
78 175
78 176
78 177
78 179
78 180
78 183
78 186
78 187
78 188
78 189
78 195
79 82
79 86
79 87
79 89
79 102
79 109
79 113
79 114
79 120
79 124
79 129
79 132
79 134
79 142
79 144
79 158
79 164
79 170
79 173
79 175
79 178
79 179
79 180
79 182
79 183
79 184
79 185
79 186
79 194
79 197
79 199
80 83
80 87
80 90
80 91
80 99
80 105
80 106
80 107
80 108
80 111
80 112
80 115
80 116
80 118
80 122
80 127
80 129
80 130
80 133
80 134
80 138
80 141
80 142
80 145
80 147
80 150
80 154
80 159
80 160
80 166
80 171
80 176
80 182
80 183
80 187
80 188
80 191
80 194
80 199
81 88
81 89
81 102
81 104
81 110
81 112
81 116
81 121
81 126
81 128
81 129
81 131
81 134
81 135
81 136
81 144
81 149
81 154
81 160
81 172
81 175
81 177
81 178
81 184
81 187
81 194
82 84
82 85
82 92
82 102
82 103
82 116
82 117
82 118
82 124
82 126
82 128
82 131
82 134
82 138
82 141
82 142
82 145
82 147
82 149
82 150
82 152
82 154
82 157
82 162
82 163
82 165
82 171
82 174
82 177
82 179
82 182
82 187
83 91
83 94
83 99
83 104
83 105
83 106
83 108
83 113
83 116
83 117
83 120
83 123
83 127
83 137
83 145
83 147
83 152
83 153
83 154
83 155
83 156
83 160
83 161
83 173
83 178
83 180
83 182
83 185
83 186
83 191
83 193
83 195
83 196
84 87
84 92
84 94
84 96
84 98
84 103
84 107
84 113
84 118
84 119
84 122
84 127
84 128
84 129
84 131
84 132
84 134
84 136
84 149
84 155
84 157
84 160
84 163
84 164
84 168
84 169
84 181
84 186
84 188
84 196
85 87
85 89
85 90
85 94
85 95
85 96
85 104
85 108
85 111
85 112
85 131
85 133
85 134
85 143
85 144
85 145
85 147
85 151
85 152
85 156
85 161
85 165
85 167
85 183
85 188
85 190
85 198
86 89
86 93
86 95
86 99
86 112
86 113
86 116
86 118
86 119
86 124
86 129
86 130
86 132
86 138
86 142
86 144
86 146
86 151
86 158
86 160
86 162
86 163
86 168
86 175
86 176
86 181
86 188
86 193
86 195
86 197
87 92
87 95
87 102
87 105
87 106
87 110
87 112
87 115
87 118
87 119
87 122
87 123
87 125
87 127
87 130
87 135
87 141
87 144
87 145
87 148
87 150
87 151
87 153
87 155
87 162
87 163
87 169
87 172
87 173
87 177
87 183
87 189
87 192
87 198
88 89
88 92
88 93
88 94
88 96
88 103
88 106
88 108
88 109
88 110
88 112
88 113
88 117
88 123
88 131
88 133
88 134
88 135
88 145
88 146
88 148
88 149
88 154
88 157
88 163
88 166
88 167
88 168
88 173
88 176
88 179
88 181
88 186
88 187
88 188
88 198
89 90
89 92
89 94
89 98
89 103
89 106
89 108
89 109
89 110
89 112
89 116
89 119
89 123
89 125
89 127
89 132
89 135
89 136
89 139
89 140
89 142
89 146
89 149
89 151
89 157
89 163
89 165
89 166
89 167
89 169
89 173
89 175
89 176
89 180
89 181
89 182
89 189
89 190
89 191
89 199
90 95
90 98
90 99
90 101
90 102
90 103
90 111
90 119
90 120
90 122
90 123
90 126
90 127
90 136
90 143
90 147
90 150
90 151
90 153
90 157
90 159
90 162
90 166
90 172
90 176
90 181
90 182
90 189
90 190
90 192
90 193
90 199
91 95
91 96
91 110
91 112
91 113
91 115
91 117
91 120
91 124
91 128
91 131
91 132
91 134
91 136
91 138
91 139
91 141
91 154
91 161
91 162
91 163
91 164
91 165
91 171
91 182
91 189
91 198
92 98
92 100
92 107
92 113
92 114
92 123
92 126
92 129
92 135
92 140
92 141
92 146
92 156
92 159
92 161
92 163
92 165
92 166
92 168
92 169
92 175
92 176
92 185
92 190
92 191
92 194
92 196
92 198
93 94
93 99
93 102
93 111
93 112
93 115
93 122
93 125
93 126
93 130
93 133
93 138
93 139
93 144
93 147
93 148
93 149
93 150
93 155
93 160
93 164
93 174
93 175
93 188
93 194
93 195
93 198
94 96
94 98
94 101
94 103
94 109
94 110
94 111
94 112
94 114
94 118
94 121
94 128
94 144
94 148
94 151
94 156
94 160
94 167
94 169
94 170
94 171
94 174
94 177
94 178
94 192
94 195
94 199
95 105
95 109
95 111
95 113
95 114
95 116
95 125
95 129
95 133
95 135
95 136
95 144
95 145
95 147
95 149
95 152
95 153
95 154
95 159
95 161
95 166
95 167
95 176
95 177
95 186
95 188
95 190
95 193
95 194
95 195
95 197
95 198
96 99
96 102
96 105
96 108
96 110
96 111
96 116
96 121
96 123
96 124
96 126
96 130
96 132
96 135
96 136
96 139
96 149
96 152
96 153
96 157
96 158
96 161
96 162
96 167
96 168
96 170
96 173
96 177
96 182
96 184
96 188
96 189
96 190
96 192
96 195
96 196
97 98
97 103
97 109
97 114
97 116
97 117
97 119
97 120
97 121
97 122
97 127
97 132
97 139
97 141
97 147
97 152
97 158
97 170
97 171
97 179
97 185
97 186
97 188
97 189
97 190
97 194
97 197
98 102
98 106
98 107
98 114
98 118
98 120
98 121
98 122
98 125
98 129
98 132
98 133
98 138
98 148
98 152
98 164
98 169
98 172
98 174
98 179
98 182
98 183
98 185
98 187
98 188
98 190
98 192
98 193
98 196
98 197
99 104
99 115
99 120
99 122
99 126
99 129
99 134
99 135
99 144
99 145
99 148
99 150
99 153
99 154
99 166
99 169
99 173
99 175
99 177
99 181
99 184
99 189
99 190
99 195
100 105
100 107
100 108
100 111
100 118
100 119
100 122
100 125
100 128
100 130
100 131
100 137
100 142
100 146
100 148
100 150
100 153
100 154
100 157
100 158
100 159
100 160
100 162
100 163
100 167
100 175
100 194
100 195
100 198
100 199
101 102
101 103
101 104
101 106
101 107
101 124
101 127
101 130
101 132
101 133
101 137
101 141
101 143
101 145
101 147
101 148
101 149
101 152
101 153
101 154
101 161
101 165
101 169
101 171
101 172
101 179
101 185
101 186
101 188
101 194
101 196
101 198
101 199
102 103
102 108
102 109
102 112
102 116
102 118
102 119
102 122
102 132
102 138
102 146
102 149
102 151
102 156
102 157
102 166
102 168
102 172
102 173
102 180
102 185
102 186
102 187
102 193
102 195
102 196
103 110
103 115
103 120
103 122
103 128
103 129
103 130
103 131
103 133
103 142
103 144
103 148
103 150
103 157
103 161
103 164
103 166
103 171
103 172
103 174
103 179
103 181
103 184
103 189
103 192
103 197
104 115
104 116
104 121
104 124
104 127
104 130
104 132
104 137
104 139
104 142
104 145
104 146
104 153
104 155
104 156
104 159
104 162
104 166
104 167
104 169
104 171
104 172
104 177
104 179
104 180
104 181
104 184
104 189
104 190
104 195
105 111
105 115
105 117
105 118
105 120
105 126
105 130
105 134
105 147
105 152
105 153
105 158
105 159
105 162
105 183
105 189
105 191
105 197
106 110
106 112
106 115
106 120
106 121
106 126
106 129
106 130
106 131
106 134
106 136
106 138
106 140
106 143
106 149
106 152
106 154
106 160
106 165
106 170
106 172
106 173
106 175
106 190
106 197
106 199
107 108
107 110
107 116
107 119
107 123
107 125
107 126
107 127
107 128
107 131
107 132
107 133
107 135
107 138
107 148
107 152
107 154
107 155
107 167
107 169
107 173
107 177
107 179
107 181
107 182
107 183
107 185
107 191
107 193
107 195
108 113
108 114
108 119
108 123
108 124
108 126
108 127
108 130
108 131
108 134
108 136
108 140
108 143
108 147
108 148
108 149
108 160
108 163
108 164
108 166
108 168
108 169
108 174
108 176
108 177
108 178
108 181
108 189
108 194
108 197
109 110
109 113
109 114
109 115
109 124
109 128
109 129
109 132
109 141
109 143
109 147
109 150
109 151
109 152
109 158
109 160
109 163
109 166
109 169
109 173
109 177
109 179
109 193
110 116
110 120
110 121
110 123
110 125
110 128
110 136
110 137
110 142
110 153
110 154
110 159
110 174
110 178
110 180
110 181
110 182
110 186
110 194
111 121
111 137
111 139
111 142
111 147
111 151
111 159
111 169
111 173
111 174
111 175
111 178
111 179
111 180
111 192
111 196
111 197
111 198
112 114
112 115
112 116
112 117
112 124
112 128
112 129
112 130
112 133
112 136
112 137
112 138
112 141
112 144
112 147
112 149
112 151
112 154
112 171
112 175
112 178
112 179
112 184
112 188
112 192
113 114
113 115
113 120
113 121
113 127
113 134
113 136
113 138
113 141
113 145
113 150
113 151
113 152
113 153
113 154
113 156
113 157
113 159
113 161
113 164
113 165
113 167
113 168
113 175
113 179
113 180
113 183
113 185
113 188
113 192
113 194
113 196
113 197
114 117
114 122
114 124
114 125
114 126
114 129
114 131
114 133
114 134
114 135
114 139
114 142
114 144
114 145
114 146
114 147
114 149
114 151
114 152
114 157
114 162
114 164
114 168
114 172
114 173
114 174
114 175
114 178
114 179
114 185
114 190
114 196
115 116
115 118
115 123
115 124
115 126
115 133
115 135
115 140
115 146
115 150
115 162
115 163
115 166
115 170
115 171
115 175
115 176
115 177
115 183
115 184
115 185
115 188
115 189
115 191
115 197
115 198
116 118
116 127
116 129
116 132
116 133
116 136
116 139
116 142
116 151
116 152
116 154
116 155
116 156
116 162
116 163
116 165
116 168
116 170
116 171
116 172
116 173
116 175
116 177
116 180
116 183
116 192
116 194
116 195
117 119
117 122
117 123
117 126
117 130
117 136
117 146
117 150
117 156
117 159
117 160
117 161
117 168
117 171
117 180
117 187
117 191
117 194
118 121
118 123
118 124
118 125
118 126
118 130
118 134
118 135
118 142
118 148
118 149
118 152
118 155
118 156
118 159
118 165
118 169
118 170
118 171
118 174
118 175
118 176
118 179
118 181
118 183
118 185
118 194
118 197
118 199
119 124
119 128
119 130
119 132
119 134
119 135
119 137
119 139
119 142
119 144
119 153
119 156
119 157
119 159
119 161
119 163
119 164
119 166
119 171
119 178
119 180
119 182
119 183
119 184
119 187
119 189
119 190
119 192
119 193
119 199
120 121
120 125
120 135
120 137
120 138
120 142
120 145
120 148
120 149
120 152
120 159
120 160
120 165
120 166
120 175
120 184
120 185
120 186
120 188
120 198
121 122
121 125
121 127
121 129
121 130
121 140
121 142
121 144
121 145
121 147
121 149
121 151
121 152
121 153
121 154
121 158
121 159
121 160
121 162
121 168
121 169
121 170
121 181
121 185
121 190
121 192
121 194
121 199
122 132
122 135
122 139
122 146
122 148
122 153
122 159
122 162
122 167
122 171
122 174
122 177
122 180
122 185
122 186
122 187
122 188
122 189
122 190
122 191
122 195
122 199
123 135
123 141
123 144
123 145
123 148
123 152
123 153
123 155
123 161
123 162
123 163
123 168
123 174
123 175
123 176
123 180
123 182
123 185
123 192
124 126
124 127
124 130
124 132
124 133
124 134
124 136
124 138
124 148
124 149
124 153
124 154
124 159
124 160
124 161
124 164
124 170
124 171
124 173
124 174
124 175
124 177
124 180
124 182
124 184
124 186
124 190
124 192
124 197
125 126
125 132
125 133
125 136
125 144
125 151
125 152
125 156
125 162
125 164
125 165
125 166
125 174
125 179
125 180
125 182
125 184
125 188
125 197
126 128
126 132
126 136
126 140
126 141
126 145
126 147
126 148
126 149
126 157
126 164
126 167
126 169
126 172
126 173
126 184
126 186
126 194
126 196
126 197
126 198
127 128
127 135
127 138
127 140
127 145
127 146
127 150
127 152
127 153
127 156
127 157
127 160
127 172
127 178
127 181
127 184
127 196
127 198
128 130
128 131
128 133
128 137
128 138
128 140
128 144
128 150
128 151
128 152
128 157
128 167
128 168
128 170
128 174
128 176
128 181
128 183
128 192
128 195
128 196
128 199
129 130
129 134
129 137
129 140
129 141
129 142
129 146
129 148
129 152
129 157
129 158
129 161
129 166
129 169
129 176
129 177
129 184
129 187
129 190
129 191
129 192
129 193
129 195
129 196
130 132
130 139
130 140
130 144
130 149
130 151
130 153
130 154
130 158
130 161
130 166
130 169
130 174
130 175
130 178
130 180
130 182
130 185
130 191
130 194
130 197
131 139
131 141
131 142
131 158
131 160
131 161
131 162
131 166
131 167
131 173
131 175
131 177
131 181
131 189
131 190
131 195
131 197
132 141
132 143
132 147
132 148
132 163
132 164
132 168
132 171
132 175
132 178
132 180
132 185
132 187
132 191
132 192
132 199
133 138
133 142
133 144
133 145
133 151
133 152
133 154
133 155
133 160
133 161
133 163
133 166
133 171
133 173
133 176
133 177
133 179
133 180
133 181
133 182
133 185
133 190
133 192
133 197
134 142
134 147
134 148
134 150
134 154
134 155
134 158
134 162
134 164
134 165
134 166
134 167
134 170
134 171
134 173
134 179
134 183
134 188
134 190
134 191
134 198
135 136
135 139
135 141
135 143
135 145
135 148
135 155
135 157
135 158
135 160
135 161
135 162
135 169
135 172
135 173
135 175
135 176
135 178
135 181
135 182
135 183
135 186
135 187
135 192
135 197
135 198
135 199
136 137
136 139
136 141
136 144
136 145
136 146
136 149
136 152
136 156
136 161
136 162
136 165
136 167
136 168
136 172
136 173
136 174
136 175
136 177
136 184
136 187
136 191
136 196
137 140
137 143
137 144
137 147
137 151
137 153
137 157
137 159
137 162
137 168
137 170
137 173
137 175
137 182
137 184
137 186
137 193
137 198
138 140
138 142
138 143
138 144
138 146
138 152
138 153
138 157
138 158
138 161
138 164
138 168
138 169
138 171
138 178
138 179
138 180
138 181
138 189
138 191
138 194
138 195
138 196
138 197
139 141
139 143
139 144
139 145
139 150
139 152
139 153
139 155
139 157
139 158
139 160
139 162
139 164
139 165
139 166
139 169
139 177
139 181
139 182
139 183
139 184
139 186
139 195
140 143
140 144
140 146
140 148
140 149
140 150
140 164
140 167
140 172
140 173
140 175
140 176
140 178
140 180
140 183
140 185
140 187
140 189
140 192
140 198
140 199
141 142
141 144
141 145
141 148
141 149
141 151
141 154
141 158
141 162
141 163
141 164
141 166
141 169
141 170
141 172
141 183
141 185
141 186
141 189
141 192
141 193
141 195
142 143
142 144
142 145
142 146
142 151
142 154
142 158
142 163
142 164
142 165
142 170
142 174
142 182
142 186
142 187
142 195
143 145
143 150
143 152
143 154
143 155
143 157
143 163
143 164
143 167
143 169
143 171
143 175
143 177
143 178
143 187
143 191
143 192
143 196
143 197
144 145
144 151
144 156
144 162
144 167
144 180
144 182
144 188
144 189
144 196
144 199
145 147
145 160
145 170
145 172
145 173
145 181
145 185
145 187
145 191
146 154
146 161
146 162
146 165
146 167
146 168
146 171
146 174
146 177
146 178
146 179
146 186
146 198
146 199
147 154
147 156
147 158
147 159
147 160
147 162
147 166
147 167
147 171
147 172
147 174
147 182
147 183
147 188
147 191
148 150
148 151
148 152
148 156
148 157
148 161
148 171
148 176
148 177
148 178
148 181
148 192
149 151
149 153
149 155
149 159
149 164
149 166
149 170
149 172
149 173
149 176
149 179
149 187
149 190
149 191
149 196
149 197
149 199
150 154
150 159
150 161
150 167
150 170
150 173
150 174
150 179
150 183
150 189
150 192
151 154
151 157
151 162
151 165
151 168
151 169
151 170
151 175
151 176
151 179
151 180
151 181
151 182
151 188
151 192
151 193
151 195
152 159
152 162
152 165
152 175
152 180
152 182
152 187
152 190
152 196
152 197
153 156
153 157
153 164
153 165
153 168
153 171
153 172
153 174
153 176
153 179
153 181
153 182
153 184
153 185
153 186
153 189
153 191
153 193
153 197
154 157
154 161
154 165
154 168
154 169
154 177
154 178
154 181
154 182
154 183
154 189
154 190
154 192
154 197
154 198
154 199
155 156
155 157
155 158
155 160
155 163
155 171
155 174
155 176
155 178
155 179
155 180
155 181
155 182
155 185
155 186
155 191
155 196
156 157
156 160
156 161
156 164
156 168
156 180
156 188
156 189
156 192
156 196
156 199
157 160
157 161
157 166
157 170
157 176
157 180
157 181
157 184
157 186
157 187
157 190
157 191
157 195
157 198
158 161
158 165
158 167
158 180
158 184
158 186
158 189
159 161
159 163
159 168
159 178
159 179
159 183
159 184
159 195
159 196
159 199
160 161
160 166
160 167
160 168
160 171
160 174
160 180
160 192
160 194
160 195
160 196
161 163
161 170
161 183
161 189
161 190
161 191
161 195
161 197
162 173
162 174
162 175
162 177
162 179
162 181
162 183
162 189
162 190
162 195
162 197
162 198
163 166
163 180
163 184
163 187
163 190
163 198
164 165
164 174
164 179
164 180
164 181
164 185
164 188
164 189
164 192
164 195
164 199
165 172
165 177
165 178
165 188
165 189
165 192
165 193
165 197
165 199
166 168
166 172
166 175
166 176
166 180
166 189
166 190
166 192
166 193
166 195
166 198
166 199
167 178
167 179
167 180
167 181
167 184
167 185
167 186
167 194
167 195
167 199
168 173
168 176
168 178
168 179
168 182
168 184
168 186
168 188
168 189
168 190
168 194
169 171
169 176
169 178
169 185
169 186
169 187
169 188
169 189
169 190
169 195
169 196
169 198
170 171
170 180
170 181
170 185
170 186
170 193
170 198
171 172
171 175
171 176
171 178
171 181
171 183
171 190
171 191
171 192
172 173
172 174
172 180
172 184
172 186
172 189
172 196
173 176
173 177
173 181
173 183
173 187
173 192
173 195
173 196
173 197
173 198
174 181
174 183
174 189
174 193
175 177
175 183
175 184
175 188
175 191
175 192
175 194
175 195
175 196
176 181
176 182
176 189
176 190
176 191
176 193
176 194
176 196
177 178
177 181
177 186
177 190
177 192
177 199
178 181
178 189
178 192
178 193
178 196
179 182
179 184
179 185
179 186
179 191
179 197
179 198
180 182
180 187
180 189
180 190
180 191
180 192
180 193
180 196
180 199
181 182
181 183
181 198
182 183
182 184
182 189
182 193
182 197
182 199
183 193
183 195
184 186
184 188
184 193
184 195
184 197
185 189
185 199
186 190
186 192
186 195
186 196
186 199
187 188
187 189
187 190
187 194
187 195
187 197
188 189
188 190
188 191
188 193
188 196
188 197
188 199
189 191
189 193
189 195
189 198
190 191
190 192
190 197
191 194
191 196
191 198
192 193
192 195
192 198
193 197
193 198
194 195
194 197
194 199
195 197
195 198
197 198
