50 387
0 4
0 8
0 10
0 11
0 18
0 23
0 27
0 30
0 31
0 33
0 35
0 36
0 37
0 39
0 42
0 43
0 48
1 8
1 12
1 14
1 15
1 21
1 23
1 32
1 34
1 43
1 46
1 48
1 49
2 4
2 5
2 12
2 14
2 15
2 18
2 20
2 28
2 29
2 31
2 33
2 34
2 38
2 39
2 40
2 44
2 45
2 49
3 5
3 10
3 24
3 28
3 37
3 42
3 45
3 47
4 6
4 22
4 23
4 32
4 35
4 36
4 40
4 42
4 44
4 45
4 48
5 12
5 18
5 20
5 33
5 48
6 8
6 16
6 20
6 22
6 23
6 25
6 26
6 31
6 33
6 35
6 36
6 38
6 40
6 41
6 43
7 11
7 12
7 15
7 16
7 17
7 18
7 20
7 21
7 25
7 27
7 29
7 35
7 37
7 38
7 39
7 40
7 42
7 43
7 44
8 14
8 21
8 23
8 24
8 32
8 37
8 44
8 46
9 16
9 17
9 18
9 19
9 21
9 22
9 23
9 26
9 32
9 34
9 35
9 39
9 43
9 44
9 47
9 48
9 49
10 12
10 14
10 20
10 24
10 25
10 29
10 30
10 31
10 34
10 37
10 39
10 42
10 45
10 46
10 47
11 12
11 20
11 21
11 22
11 23
11 24
11 28
11 41
11 42
11 44
11 45
12 15
12 19
12 25
12 26
12 27
12 29
12 31
12 36
12 37
12 40
12 44
12 46
12 47
13 14
13 19
13 20
13 22
13 23
13 34
13 35
13 46
13 48
14 20
14 32
14 34
14 37
14 39
14 44
15 19
15 25
15 27
15 34
15 36
15 38
15 41
15 45
15 49
16 17
16 20
16 23
16 28
16 30
16 31
16 46
16 49
17 20
17 23
17 31
17 35
17 39
17 40
17 41
17 42
17 43
17 46
17 47
18 19
18 22
18 24
18 30
18 32
18 33
18 40
18 43
18 44
18 45
18 46
18 47
18 48
19 21
19 22
19 24
19 25
19 29
19 34
19 35
19 36
19 39
19 41
19 43
19 49
20 21
20 22
20 24
20 30
20 32
20 33
20 34
20 35
20 41
20 43
20 46
20 49
21 23
21 25
21 28
21 36
21 38
21 40
21 44
21 45
21 46
21 48
22 24
22 30
22 31
22 42
22 47
22 49
23 26
23 35
23 36
23 39
23 40
23 42
24 25
24 30
24 31
24 32
24 33
24 37
24 39
24 40
24 44
24 45
25 29
25 30
25 33
25 34
25 37
25 39
25 43
25 46
25 47
26 29
26 30
26 32
26 33
26 42
26 43
26 45
26 47
27 33
27 35
27 36
27 37
27 38
27 42
27 44
27 48
28 34
28 37
28 38
28 46
28 49
29 33
29 37
29 39
29 41
29 43
29 46
29 47
29 49
30 31
30 34
30 36
30 38
30 40
30 42
30 46
31 32
31 34
31 35
31 36
31 40
31 41
31 45
31 46
31 47
31 49
32 33
32 34
32 35
32 36
32 38
32 46
32 47
32 48
33 34
33 35
33 37
33 42
33 44
33 45
33 46
34 35
34 37
34 46
34 48
34 49
35 40
35 41
35 44
35 45
35 48
35 49
36 38
36 39
36 45
36 49
37 42
37 44
37 46
38 40
38 47
38 49
39 41
39 45
39 46
40 46
40 47
41 42
41 46
41 48
42 44
42 49
43 47
43 49
44 45
44 46
45 49
