50 601
0 3
0 6
0 9
0 10
0 11
0 12
0 13
0 17
0 18
0 20
0 24
0 25
0 26
0 27
0 28
0 31
0 36
0 39
0 40
0 45
0 46
0 47
1 2
1 4
1 5
1 6
1 7
1 9
1 10
1 12
1 16
1 18
1 19
1 22
1 23
1 28
1 29
1 32
1 33
1 35
1 36
1 37
1 42
1 43
1 45
1 46
1 48
1 49
2 8
2 10
2 11
2 15
2 18
2 21
2 22
2 23
2 24
2 31
2 34
2 36
2 39
2 40
2 41
2 42
2 43
2 44
2 46
2 47
2 48
3 8
3 11
3 15
3 18
3 25
3 28
3 30
3 31
3 32
3 33
3 34
3 35
3 38
3 39
3 43
3 44
3 45
3 46
4 5
4 6
4 9
4 14
4 16
4 19
4 20
4 21
4 22
4 23
4 24
4 26
4 27
4 28
4 32
4 34
4 37
4 43
4 47
4 49
5 9
5 10
5 11
5 13
5 14
5 16
5 18
5 19
5 20
5 24
5 25
5 26
5 27
5 28
5 29
5 31
5 32
5 33
5 34
5 35
5 36
5 37
5 38
5 43
5 44
5 48
6 8
6 11
6 14
6 15
6 17
6 20
6 21
6 25
6 26
6 28
6 29
6 30
6 31
6 32
6 37
6 38
6 39
6 41
6 43
6 44
6 46
6 47
6 49
7 9
7 11
7 12
7 13
7 15
7 16
7 17
7 18
7 20
7 24
7 26
7 30
7 31
7 32
7 34
7 35
7 36
7 38
7 42
7 44
7 46
7 49
8 12
8 15
8 17
8 18
8 20
8 25
8 26
8 27
8 30
8 31
8 32
8 35
8 36
8 37
8 40
8 41
8 47
8 48
9 10
9 11
9 14
9 15
9 16
9 17
9 19
9 20
9 24
9 25
9 27
9 30
9 32
9 33
9 34
9 36
9 39
9 45
9 47
9 48
9 49
10 13
10 17
10 18
10 19
10 20
10 22
10 24
10 27
10 29
10 31
10 33
10 34
10 35
10 36
10 37
10 41
10 42
10 43
10 46
10 48
10 49
11 13
11 14
11 18
11 20
11 26
11 28
11 30
11 31
11 32
11 34
11 37
11 38
11 40
11 41
11 44
11 46
11 47
11 48
11 49
12 13
12 18
12 20
12 22
12 23
12 25
12 27
12 30
12 33
12 35
12 36
12 38
12 41
12 42
12 43
12 44
12 45
12 46
12 47
12 48
12 49
13 14
13 17
13 22
13 23
13 24
13 26
13 28
13 30
13 32
13 33
13 34
13 35
13 37
13 38
13 39
13 40
13 41
13 42
13 45
13 46
13 47
13 49
14 19
14 25
14 26
14 27
14 29
14 30
14 31
14 35
14 37
14 38
14 39
14 40
14 43
14 44
14 45
14 46
14 48
14 49
15 16
15 21
15 24
15 27
15 29
15 30
15 33
15 39
15 41
15 42
15 44
15 46
15 47
16 18
16 21
16 23
16 27
16 30
16 34
16 35
16 40
16 41
16 42
16 43
16 44
16 45
16 46
16 48
16 49
17 26
17 32
17 35
17 36
17 41
17 42
17 43
17 44
17 49
18 19
18 26
18 27
18 28
18 29
18 31
18 34
18 40
18 41
18 44
18 45
18 48
19 22
19 23
19 24
19 25
19 27
19 34
19 36
19 37
19 40
19 41
19 43
19 44
19 45
19 48
20 21
20 24
20 27
20 29
20 31
20 34
20 35
20 36
20 37
20 38
20 39
20 40
20 42
20 43
20 44
20 46
20 47
20 48
21 22
21 24
21 25
21 26
21 29
21 30
21 31
21 35
21 37
21 39
21 42
21 44
21 49
22 23
22 27
22 29
22 31
22 32
22 33
22 37
22 38
22 39
22 41
22 45
22 46
22 47
22 48
23 25
23 27
23 28
23 30
23 32
23 35
23 37
23 38
23 39
23 41
23 44
23 48
23 49
24 25
24 26
24 27
24 28
24 31
24 33
24 34
24 36
24 40
24 41
24 42
24 43
24 46
24 49
25 27
25 28
25 29
25 34
25 35
25 38
25 40
25 41
25 42
25 45
25 47
25 48
26 27
26 29
26 30
26 33
26 34
26 35
26 37
26 39
26 40
26 41
26 43
26 45
26 49
27 28
27 29
27 31
27 35
27 37
27 39
27 40
27 41
27 45
27 46
27 47
27 49
28 29
28 32
28 38
28 43
28 47
28 48
28 49
29 32
29 35
29 36
29 38
29 40
29 43
29 46
29 48
30 31
30 32
30 34
30 36
30 42
30 47
30 48
30 49
31 33
31 38
31 42
31 43
31 44
31 45
31 48
32 33
32 36
32 38
32 41
32 43
32 44
32 45
33 34
33 37
33 38
33 41
33 43
33 45
33 46
33 47
33 49
34 35
34 37
34 38
34 39
34 40
34 44
34 47
34 48
35 38
35 39
35 40
35 41
35 42
35 44
35 45
35 46
35 47
36 41
36 43
36 46
36 49
37 39
37 40
37 41
37 45
37 46
37 48
37 49
38 40
38 41
38 42
38 43
38 45
38 46
38 47
38 48
38 49
39 40
39 41
39 43
39 48
40 42
40 45
40 46
40 47
40 48
41 46
41 47
41 48
42 46
42 47
42 48
42 49
43 44
43 45
43 48
43 49
44 47
44 49
45 46
45 47
45 48
46 48
48 49
