80 649
0 1
0 3
0 5
0 10
0 12
0 15
0 20
0 33
0 34
0 35
0 39
0 41
0 43
0 44
0 51
0 60
0 64
0 66
0 69
0 73
1 4
1 16
1 21
1 26
1 29
1 32
1 39
1 44
1 48
1 65
1 67
1 69
1 71
2 6
2 12
2 21
2 24
2 40
2 44
2 49
2 50
2 55
2 56
2 64
2 73
2 75
2 76
2 78
3 4
3 6
3 8
3 13
3 14
3 15
3 18
3 22
3 26
3 27
3 29
3 33
3 34
3 36
3 45
3 47
3 48
3 51
3 55
3 56
3 67
3 68
4 5
4 7
4 12
4 13
4 14
4 18
4 23
4 29
4 32
4 34
4 39
4 43
4 45
4 47
4 48
4 50
4 51
4 52
4 58
4 62
4 64
4 66
4 68
4 74
4 76
5 6
5 11
5 14
5 17
5 18
5 20
5 21
5 22
5 23
5 26
5 30
5 33
5 38
5 48
5 49
5 54
5 58
5 62
5 63
5 68
5 75
5 76
5 77
6 7
6 9
6 17
6 21
6 28
6 30
6 33
6 42
6 45
6 48
6 56
6 59
6 60
6 68
7 10
7 15
7 18
7 25
7 27
7 33
7 37
7 40
7 41
7 43
7 45
7 50
7 76
7 78
8 10
8 26
8 44
8 47
8 52
8 56
8 62
8 67
8 68
9 13
9 15
9 19
9 20
9 23
9 27
9 30
9 35
9 39
9 40
9 41
9 48
9 52
9 55
9 56
9 58
9 61
9 62
9 64
9 65
9 74
9 76
10 11
10 14
10 26
10 32
10 38
10 39
10 48
10 57
10 60
10 67
11 19
11 23
11 27
11 43
11 47
11 50
11 54
11 56
11 59
11 65
11 67
11 75
12 14
12 21
12 25
12 38
12 39
12 43
12 50
12 52
12 56
12 58
12 63
12 71
12 75
12 76
12 77
13 15
13 16
13 17
13 18
13 25
13 26
13 27
13 28
13 36
13 37
13 38
13 43
13 55
13 56
13 64
13 67
13 68
13 72
13 75
13 78
14 36
14 40
14 41
14 42
14 45
14 50
14 55
14 56
14 60
14 64
15 17
15 19
15 21
15 22
15 23
15 24
15 28
15 36
15 44
15 45
15 48
15 51
15 54
15 57
15 58
15 61
15 63
15 66
15 72
15 74
16 21
16 29
16 32
16 41
16 44
16 62
16 67
16 72
16 73
17 34
17 39
17 43
17 44
17 47
17 52
17 53
17 60
17 61
17 63
17 74
17 79
18 25
18 28
18 32
18 36
18 39
18 48
18 56
18 60
18 62
18 68
19 22
19 33
19 37
19 39
19 40
19 42
19 48
19 50
19 51
19 52
19 53
19 56
19 57
19 63
19 74
19 79
20 22
20 33
20 35
20 40
20 41
20 42
20 60
20 72
21 29
21 30
21 36
21 41
21 50
21 52
21 58
21 60
22 26
22 27
22 28
22 32
22 33
22 37
22 42
22 43
22 44
22 49
22 54
22 60
22 63
22 64
23 42
23 47
23 50
23 55
23 62
23 68
23 69
23 72
24 26
24 31
24 32
24 33
24 36
24 54
24 56
24 58
24 66
24 67
24 71
24 76
24 78
25 29
25 37
25 40
25 41
25 48
25 57
25 60
25 65
25 73
25 74
25 75
25 76
26 33
26 36
26 37
26 39
26 43
26 46
26 56
26 72
26 74
26 76
26 77
26 78
27 31
27 35
27 40
27 45
27 46
27 48
27 54
27 65
27 74
28 33
28 34
28 39
28 41
28 47
28 68
28 74
28 79
29 30
29 31
29 32
29 43
29 45
29 46
29 47
29 48
29 54
29 57
29 62
30 31
30 34
30 55
30 67
31 36
31 42
31 52
31 58
31 60
31 65
31 68
32 35
32 44
32 48
32 51
32 53
32 60
32 61
32 62
32 66
33 38
33 40
33 45
33 46
33 47
33 60
33 72
33 76
33 77
34 36
34 44
34 47
34 50
34 53
34 56
34 65
34 68
34 76
34 79
35 45
35 56
35 60
35 63
35 64
35 65
35 66
35 73
36 40
36 46
36 51
36 56
36 57
36 62
36 66
36 72
36 76
37 39
37 48
37 49
37 58
37 65
37 67
37 77
37 79
38 43
38 48
38 51
38 55
38 56
38 57
38 58
38 61
38 63
38 72
38 75
38 76
39 47
39 48
39 54
39 61
39 76
40 42
40 44
40 52
40 55
40 66
40 68
40 69
40 70
40 75
40 76
41 46
41 60
41 63
41 68
41 69
41 74
41 77
42 50
42 54
42 55
42 57
42 59
42 61
42 65
42 72
42 73
42 77
42 79
43 51
43 54
43 60
43 62
43 64
43 73
43 75
44 66
44 67
44 79
45 47
45 48
45 52
45 56
45 63
45 64
45 65
45 66
45 68
45 71
45 74
46 48
46 58
46 63
46 69
46 77
47 51
47 63
47 73
48 55
48 64
48 79
49 53
49 57
49 61
49 75
49 76
49 77
49 78
50 53
50 56
50 60
50 66
50 75
51 54
51 56
51 61
51 68
51 70
52 57
52 60
52 65
52 71
53 55
53 60
53 62
53 74
53 79
54 56
54 58
54 59
54 63
54 69
55 59
55 65
55 69
55 70
55 71
56 77
57 67
57 77
58 63
58 64
58 68
58 78
59 66
59 72
59 75
60 65
60 67
60 73
60 78
61 67
61 68
61 77
61 79
62 64
62 66
62 67
62 69
62 71
62 72
63 66
63 67
63 68
63 71
63 73
64 73
64 75
64 77
64 78
65 66
65 67
65 70
65 74
65 77
66 68
66 70
66 72
66 73
67 69
67 71
67 74
67 79
68 69
69 70
69 79
70 75
70 79
71 72
71 77
72 77
72 78
74 78
76 77
77 78
