300 13572
0 1
0 3
0 4
0 7
0 11
0 13
0 14
0 16
0 17
0 23
0 24
0 29
0 31
0 32
0 34
0 35
0 38
0 46
0 50
0 51
0 53
0 58
0 60
0 61
0 66
0 73
0 78
0 79
0 86
0 88
0 93
0 94
0 95
0 100
0 109
0 111
0 113
0 118
0 125
0 127
0 134
0 135
0 137
0 139
0 140
0 147
0 148
0 150
0 151
0 152
0 163
0 167
0 168
0 169
0 173
0 175
0 180
0 182
0 186
0 190
0 193
0 195
0 197
0 200
0 203
0 207
0 210
0 212
0 215
0 217
0 218
0 221
0 224
0 228
0 232
0 233
0 234
0 235
0 236
0 237
0 245
0 248
0 250
0 253
0 255
0 258
0 259
0 262
0 269
0 271
0 273
0 279
0 283
0 284
0 285
0 290
0 292
1 7
1 10
1 11
1 12
1 16
1 19
1 21
1 33
1 42
1 43
1 44
1 46
1 50
1 56
1 57
1 60
1 61
1 65
1 73
1 75
1 78
1 81
1 94
1 102
1 105
1 106
1 107
1 110
1 112
1 113
1 114
1 115
1 123
1 125
1 126
1 127
1 130
1 132
1 133
1 147
1 150
1 161
1 165
1 168
1 170
1 173
1 177
1 179
1 183
1 186
1 189
1 191
1 194
1 204
1 205
1 207
1 212
1 213
1 214
1 217
1 220
1 221
1 226
1 228
1 234
1 235
1 236
1 239
1 247
1 248
1 264
1 265
1 268
1 270
1 274
1 285
1 291
2 3
2 5
2 8
2 9
2 10
2 11
2 14
2 16
2 17
2 18
2 20
2 21
2 22
2 24
2 26
2 29
2 31
2 41
2 48
2 51
2 54
2 55
2 58
2 61
2 64
2 74
2 75
2 76
2 77
2 81
2 83
2 92
2 95
2 101
2 110
2 111
2 113
2 119
2 120
2 122
2 125
2 137
2 140
2 143
2 144
2 147
2 151
2 154
2 158
2 162
2 165
2 168
2 169
2 170
2 186
2 188
2 190
2 199
2 211
2 215
2 224
2 225
2 234
2 239
2 241
2 242
2 244
2 247
2 253
2 257
2 259
2 260
2 262
2 265
2 267
2 270
2 272
2 275
2 276
2 278
2 279
2 299
3 5
3 7
3 10
3 18
3 20
3 26
3 27
3 28
3 34
3 35
3 39
3 43
3 44
3 49
3 50
3 51
3 58
3 64
3 78
3 79
3 80
3 87
3 94
3 95
3 97
3 102
3 105
3 108
3 109
3 110
3 115
3 120
3 121
3 123
3 126
3 127
3 128
3 133
3 135
3 139
3 142
3 147
3 152
3 158
3 159
3 160
3 161
3 164
3 166
3 170
3 176
3 178
3 189
3 194
3 195
3 202
3 204
3 205
3 210
3 211
3 212
3 213
3 218
3 222
3 224
3 226
3 229
3 233
3 245
3 246
3 252
3 253
3 254
3 256
3 257
3 259
3 261
3 264
3 265
3 268
3 269
3 271
3 273
3 275
3 282
3 291
3 292
3 298
4 7
4 14
4 19
4 21
4 24
4 35
4 36
4 42
4 46
4 48
4 50
4 56
4 57
4 60
4 62
4 65
4 66
4 67
4 71
4 73
4 75
4 77
4 82
4 85
4 92
4 94
4 97
4 100
4 101
4 102
4 103
4 104
4 108
4 109
4 113
4 114
4 115
4 116
4 117
4 119
4 126
4 129
4 132
4 137
4 138
4 143
4 144
4 152
4 163
4 165
4 167
4 171
4 175
4 178
4 179
4 182
4 183
4 189
4 193
4 195
4 197
4 199
4 200
4 202
4 207
4 208
4 211
4 212
4 217
4 219
4 220
4 229
4 234
4 241
4 242
4 249
4 250
4 253
4 263
4 271
4 274
4 277
4 280
4 281
4 282
4 283
4 288
4 289
4 292
4 293
4 296
5 6
5 10
5 12
5 16
5 24
5 26
5 28
5 29
5 34
5 37
5 38
5 41
5 42
5 43
5 44
5 47
5 58
5 66
5 68
5 69
5 70
5 72
5 73
5 76
5 77
5 78
5 84
5 86
5 90
5 95
5 101
5 106
5 116
5 120
5 121
5 123
5 125
5 130
5 133
5 139
5 141
5 144
5 146
5 149
5 151
5 155
5 159
5 161
5 162
5 163
5 165
5 166
5 169
5 172
5 175
5 178
5 179
5 180
5 184
5 189
5 190
5 191
5 192
5 194
5 195
5 196
5 201
5 204
5 206
5 213
5 215
5 216
5 219
5 222
5 238
5 244
5 247
5 249
5 250
5 252
5 255
5 256
5 264
5 274
5 275
5 277
5 279
5 281
5 282
5 285
5 290
5 295
5 296
6 7
6 10
6 11
6 22
6 25
6 27
6 28
6 37
6 42
6 43
6 46
6 47
6 53
6 55
6 58
6 64
6 66
6 67
6 69
6 82
6 83
6 85
6 88
6 89
6 91
6 92
6 97
6 99
6 103
6 108
6 110
6 111
6 113
6 114
6 116
6 120
6 126
6 127
6 128
6 129
6 131
6 133
6 138
6 144
6 146
6 150
6 151
6 154
6 155
6 158
6 161
6 167
6 168
6 169
6 173
6 174
6 176
6 178
6 180
6 191
6 196
6 197
6 198
6 200
6 202
6 203
6 205
6 206
6 214
6 216
6 218
6 219
6 220
6 225
6 228
6 231
6 232
6 242
6 256
6 260
6 261
6 265
6 277
6 278
6 279
6 283
6 291
6 296
6 297
7 9
7 11
7 16
7 22
7 29
7 34
7 35
7 47
7 49
7 58
7 59
7 62
7 65
7 66
7 67
7 71
7 76
7 83
7 86
7 87
7 89
7 91
7 97
7 99
7 101
7 104
7 105
7 106
7 107
7 108
7 109
7 110
7 114
7 120
7 123
7 127
7 132
7 133
7 135
7 138
7 139
7 140
7 141
7 142
7 143
7 149
7 153
7 155
7 158
7 162
7 167
7 169
7 171
7 173
7 177
7 187
7 188
7 192
7 193
7 205
7 207
7 209
7 215
7 226
7 227
7 229
7 232
7 235
7 237
7 238
7 241
7 243
7 252
7 254
7 258
7 259
7 260
7 266
7 269
7 272
7 273
7 274
7 276
7 277
7 280
7 281
7 285
7 286
7 288
7 295
8 19
8 22
8 27
8 33
8 35
8 37
8 48
8 49
8 50
8 52
8 53
8 57
8 65
8 66
8 67
8 70
8 83
8 94
8 97
8 98
8 102
8 109
8 115
8 116
8 123
8 126
8 128
8 131
8 134
8 141
8 142
8 149
8 152
8 156
8 160
8 163
8 167
8 168
8 178
8 181
8 185
8 189
8 197
8 198
8 199
8 201
8 217
8 218
8 219
8 220
8 221
8 222
8 228
8 229
8 232
8 233
8 234
8 235
8 236
8 242
8 243
8 247
8 251
8 252
8 255
8 259
8 261
8 264
8 268
8 269
8 277
8 282
8 283
8 284
8 285
8 293
8 299
9 13
9 17
9 26
9 29
9 31
9 41
9 42
9 48
9 51
9 52
9 55
9 57
9 58
9 66
9 72
9 74
9 78
9 86
9 87
9 88
9 90
9 95
9 99
9 101
9 103
9 106
9 107
9 111
9 112
9 114
9 128
9 129
9 132
9 134
9 135
9 138
9 140
9 142
9 145
9 146
9 148
9 153
9 155
9 164
9 165
9 166
9 167
9 170
9 171
9 173
9 177
9 183
9 184
9 191
9 198
9 204
9 205
9 209
9 211
9 212
9 224
9 232
9 233
9 239
9 240
9 241
9 245
9 255
9 261
9 265
9 266
9 274
9 275
9 281
9 284
9 286
9 290
10 16
10 21
10 24
10 38
10 39
10 41
10 47
10 48
10 51
10 52
10 53
10 55
10 57
10 65
10 72
10 76
10 83
10 86
10 90
10 91
10 102
10 105
10 106
10 108
10 109
10 111
10 113
10 114
10 119
10 123
10 126
10 129
10 132
10 141
10 145
10 147
10 148
10 150
10 158
10 161
10 162
10 164
10 167
10 173
10 176
10 180
10 185
10 187
10 189
10 191
10 195
10 196
10 205
10 206
10 212
10 218
10 220
10 221
10 226
10 228
10 229
10 232
10 236
10 239
10 241
10 246
10 249
10 251
10 254
10 256
10 258
10 259
10 260
10 263
10 265
10 268
10 271
10 272
10 277
10 278
10 280
10 281
10 284
10 287
10 293
10 298
10 299
11 12
11 15
11 20
11 21
11 28
11 30
11 36
11 37
11 39
11 41
11 48
11 51
11 52
11 60
11 62
11 63
11 68
11 69
11 70
11 76
11 90
11 92
11 93
11 101
11 102
11 104
11 106
11 107
11 109
11 112
11 114
11 116
11 118
11 119
11 123
11 125
11 132
11 134
11 136
11 147
11 150
11 156
11 160
11 162
11 169
11 171
11 179
11 181
11 182
11 184
11 191
11 201
11 205
11 206
11 208
11 209
11 210
11 211
11 213
11 214
11 219
11 222
11 226
11 227
11 228
11 231
11 238
11 241
11 243
11 244
11 245
11 249
11 262
11 264
11 272
11 273
11 277
11 284
11 285
11 292
11 294
11 295
11 297
12 13
12 17
12 22
12 25
12 26
12 28
12 29
12 33
12 36
12 38
12 46
12 47
12 48
12 50
12 51
12 54
12 59
12 65
12 70
12 73
12 77
12 79
12 81
12 82
12 83
12 84
12 97
12 110
12 112
12 120
12 127
12 130
12 134
12 136
12 138
12 140
12 143
12 148
12 149
12 153
12 161
12 165
12 166
12 173
12 176
12 183
12 185
12 201
12 203
12 207
12 208
12 209
12 210
12 216
12 221
12 228
12 232
12 235
12 240
12 244
12 245
12 251
12 252
12 255
12 258
12 260
12 261
12 262
12 263
12 271
12 272
12 276
12 279
12 280
12 283
12 284
12 295
12 298
13 18
13 22
13 23
13 34
13 36
13 39
13 40
13 41
13 42
13 44
13 45
13 50
13 53
13 64
13 65
13 68
13 69
13 76
13 78
13 81
13 84
13 86
13 88
13 92
13 95
13 98
13 107
13 112
13 114
13 118
13 119
13 121
13 122
13 124
13 134
13 137
13 151
13 152
13 153
13 159
13 163
13 176
13 184
13 187
13 192
13 197
13 199
13 206
13 207
13 210
13 212
13 217
13 219
13 223
13 226
13 229
13 231
13 233
13 234
13 241
13 258
13 260
13 265
13 274
13 275
13 285
13 291
13 295
13 297
13 298
13 299
14 17
14 20
14 21
14 22
14 23
14 24
14 29
14 30
14 33
14 37
14 38
14 39
14 42
14 46
14 48
14 60
14 63
14 69
14 71
14 73
14 74
14 75
14 76
14 77
14 78
14 79
14 83
14 84
14 85
14 102
14 105
14 106
14 107
14 109
14 113
14 116
14 117
14 119
14 120
14 122
14 123
14 126
14 130
14 131
14 134
14 138
14 140
14 141
14 152
14 157
14 161
14 164
14 169
14 171
14 172
14 173
14 179
14 182
14 183
14 186
14 187
14 189
14 192
14 193
14 195
14 196
14 197
14 199
14 210
14 213
14 215
14 216
14 218
14 220
14 222
14 224
14 227
14 231
14 233
14 234
14 235
14 244
14 245
14 253
14 254
14 258
14 264
14 270
14 272
14 273
14 275
14 279
14 281
14 286
14 293
14 295
15 18
15 21
15 23
15 26
15 29
15 32
15 36
15 38
15 41
15 46
15 47
15 51
15 52
15 56
15 62
15 64
15 67
15 74
15 75
15 77
15 78
15 81
15 83
15 87
15 89
15 92
15 93
15 98
15 104
15 107
15 108
15 109
15 114
15 117
15 120
15 121
15 123
15 128
15 135
15 136
15 137
15 139
15 143
15 146
15 148
15 157
15 163
15 166
15 171
15 173
15 174
15 178
15 179
15 189
15 190
15 200
15 201
15 206
15 214
15 218
15 219
15 220
15 226
15 229
15 234
15 254
15 259
15 263
15 271
15 273
15 275
15 279
15 281
15 283
15 285
15 289
15 293
15 296
16 20
16 30
16 32
16 33
16 34
16 39
16 40
16 41
16 54
16 55
16 57
16 62
16 63
16 73
16 75
16 78
16 79
16 81
16 86
16 94
16 95
16 101
16 104
16 105
16 106
16 108
16 109
16 110
16 115
16 117
16 119
16 122
16 124
16 128
16 130
16 131
16 132
16 133
16 136
16 138
16 142
16 143
16 147
16 149
16 164
16 165
16 166
16 168
16 171
16 178
16 182
16 186
16 187
16 189
16 196
16 198
16 204
16 206
16 209
16 211
16 219
16 222
16 223
16 224
16 230
16 231
16 234
16 236
16 238
16 240
16 243
16 249
16 250
16 251
16 256
16 260
16 262
16 267
16 270
16 271
16 282
16 283
16 286
17 21
17 23
17 24
17 33
17 35
17 46
17 47
17 52
17 53
17 54
17 57
17 61
17 65
17 66
17 67
17 70
17 71
17 75
17 79
17 88
17 91
17 94
17 99
17 101
17 104
17 107
17 108
17 109
17 113
17 118
17 119
17 121
17 129
17 133
17 140
17 141
17 143
17 147
17 150
17 151
17 160
17 161
17 164
17 174
17 175
17 176
17 177
17 180
17 181
17 182
17 185
17 192
17 197
17 198
17 203
17 204
17 205
17 206
17 209
17 210
17 211
17 213
17 214
17 221
17 224
17 229
17 234
17 235
17 237
17 247
17 248
17 249
17 253
17 258
17 262
17 268
17 269
17 278
17 279
17 289
18 27
18 32
18 35
18 40
18 42
18 45
18 47
18 48
18 50
18 56
18 57
18 61
18 64
18 66
18 70
18 74
18 77
18 78
18 79
18 88
18 93
18 95
18 97
18 98
18 100
18 102
18 105
18 107
18 109
18 110
18 111
18 112
18 117
18 123
18 124
18 129
18 130
18 135
18 137
18 139
18 141
18 143
18 147
18 154
18 161
18 162
18 163
18 164
18 174
18 177
18 178
18 182
18 185
18 193
18 196
18 211
18 214
18 217
18 218
18 222
18 223
18 226
18 227
18 233
18 236
18 237
18 242
18 245
18 246
18 255
18 257
18 258
18 263
18 271
18 273
18 274
18 278
18 283
18 286
18 287
18 288
18 298
18 299
19 31
19 34
19 36
19 42
19 43
19 44
19 46
19 54
19 57
19 60
19 63
19 65
19 70
19 73
19 76
19 78
19 80
19 82
19 84
19 85
19 89
19 91
19 93
19 95
19 97
19 99
19 101
19 105
19 109
19 110
19 111
19 112
19 126
19 130
19 131
19 133
19 136
19 137
19 139
19 140
19 142
19 143
19 146
19 148
19 152
19 153
19 157
19 158
19 164
19 165
19 169
19 179
19 184
19 189
19 197
19 199
19 200
19 211
19 217
19 219
19 224
19 229
19 232
19 234
19 237
19 238
19 242
19 245
19 252
19 254
19 262
19 263
19 266
19 270
19 277
19 282
19 284
19 286
19 288
19 290
19 294
19 296
19 299
20 24
20 26
20 28
20 33
20 38
20 39
20 41
20 46
20 49
20 50
20 51
20 52
20 53
20 60
20 75
20 76
20 78
20 86
20 92
20 93
20 95
20 96
20 97
20 99
20 101
20 107
20 108
20 112
20 115
20 130
20 132
20 138
20 150
20 151
20 156
20 158
20 171
20 172
20 173
20 174
20 177
20 183
20 187
20 190
20 194
20 197
20 198
20 200
20 203
20 209
20 217
20 220
20 223
20 224
20 226
20 229
20 232
20 233
20 234
20 238
20 239
20 243
20 244
20 245
20 250
20 258
20 263
20 267
20 271
20 275
20 278
20 280
20 289
20 290
20 298
21 28
21 33
21 34
21 40
21 46
21 50
21 54
21 56
21 57
21 60
21 62
21 66
21 68
21 69
21 70
21 72
21 74
21 75
21 76
21 80
21 82
21 83
21 87
21 88
21 90
21 101
21 102
21 103
21 113
21 115
21 125
21 130
21 132
21 134
21 135
21 136
21 140
21 144
21 146
21 148
21 150
21 152
21 153
21 154
21 158
21 159
21 167
21 170
21 172
21 179
21 184
21 186
21 187
21 201
21 204
21 207
21 208
21 209
21 213
21 218
21 221
21 222
21 224
21 233
21 237
21 242
21 244
21 245
21 246
21 249
21 251
21 253
21 254
21 255
21 256
21 262
21 264
21 266
21 267
21 268
21 271
21 274
21 281
21 285
21 289
21 290
21 297
21 299
22 24
22 25
22 31
22 34
22 36
22 45
22 46
22 48
22 53
22 56
22 57
22 59
22 60
22 62
22 65
22 71
22 73
22 74
22 78
22 81
22 82
22 97
22 98
22 105
22 108
22 109
22 110
22 111
22 113
22 121
22 127
22 129
22 139
22 140
22 141
22 142
22 146
22 148
22 150
22 151
22 153
22 155
22 158
22 163
22 165
22 166
22 172
22 174
22 177
22 182
22 185
22 191
22 193
22 195
22 200
22 203
22 205
22 208
22 209
22 211
22 212
22 215
22 217
22 224
22 225
22 226
22 231
22 234
22 239
22 242
22 244
22 245
22 251
22 252
22 258
22 259
22 260
22 263
22 268
22 269
22 274
22 277
22 280
22 297
23 25
23 28
23 37
23 39
23 49
23 51
23 53
23 56
23 57
23 58
23 61
23 63
23 64
23 65
23 68
23 75
23 77
23 78
23 79
23 82
23 84
23 85
23 86
23 87
23 91
23 93
23 97
23 105
23 106
23 111
23 113
23 114
23 115
23 121
23 123
23 124
23 129
23 130
23 131
23 133
23 134
23 135
23 137
23 142
23 144
23 147
23 148
23 156
23 158
23 159
23 165
23 170
23 172
23 178
23 180
23 183
23 195
23 196
23 197
23 209
23 210
23 211
23 216
23 217
23 221
23 227
23 230
23 232
23 236
23 237
23 248
23 249
23 251
23 252
23 254
23 257
23 258
23 259
23 262
23 263
23 268
23 269
23 270
23 272
23 275
23 277
23 278
23 280
23 281
23 282
23 283
23 284
23 288
23 290
23 291
23 295
23 296
23 299
24 29
24 33
24 35
24 36
24 37
24 45
24 47
24 48
24 50
24 52
24 53
24 54
24 59
24 62
24 63
24 68
24 72
24 77
24 79
24 80
24 81
24 83
24 86
24 88
24 92
24 93
24 96
24 97
24 99
24 100
24 101
24 105
24 108
24 109
24 112
24 115
24 117
24 120
24 122
24 123
24 125
24 131
24 133
24 136
24 137
24 138
24 142
24 143
24 144
24 146
24 150
24 151
24 157
24 158
24 159
24 162
24 165
24 166
24 172
24 173
24 184
24 185
24 186
24 187
24 189
24 190
24 191
24 196
24 200
24 202
24 203
24 208
24 210
24 211
24 213
24 215
24 218
24 220
24 222
24 224
24 225
24 226
24 227
24 228
24 231
24 233
24 237
24 245
24 246
24 252
24 255
24 258
24 262
24 265
24 269
24 274
24 275
24 277
24 279
24 287
24 289
24 297
24 299
25 26
25 27
25 31
25 35
25 36
25 43
25 45
25 47
25 48
25 50
25 51
25 53
25 55
25 65
25 68
25 72
25 73
25 74
25 77
25 79
25 81
25 85
25 87
25 91
25 94
25 96
25 98
25 101
25 103
25 111
25 117
25 126
25 127
25 129
25 132
25 136
25 138
25 139
25 144
25 148
25 149
25 153
25 155
25 157
25 161
25 164
25 166
25 167
25 175
25 176
25 179
25 182
25 186
25 193
25 200
25 201
25 207
25 208
25 209
25 211
25 213
25 221
25 226
25 227
25 234
25 238
25 239
25 240
25 241
25 252
25 257
25 260
25 265
25 271
25 281
25 282
25 285
25 288
25 296
25 297
25 298
26 30
26 31
26 36
26 37
26 42
26 43
26 45
26 46
26 49
26 54
26 56
26 57
26 60
26 61
26 64
26 66
26 76
26 79
26 86
26 90
26 91
26 92
26 96
26 97
26 101
26 104
26 105
26 111
26 118
26 119
26 121
26 126
26 132
26 139
26 140
26 141
26 142
26 144
26 146
26 149
26 155
26 157
26 159
26 160
26 166
26 168
26 171
26 172
26 173
26 176
26 178
26 179
26 182
26 184
26 189
26 190
26 195
26 196
26 199
26 201
26 205
26 207
26 208
26 210
26 212
26 220
26 221
26 224
26 226
26 227
26 228
26 230
26 231
26 233
26 238
26 239
26 240
26 248
26 252
26 254
26 256
26 260
26 262
26 265
26 267
26 268
26 273
26 279
26 281
26 282
26 285
26 290
26 291
26 293
27 31
27 32
27 33
27 36
27 38
27 39
27 43
27 45
27 50
27 60
27 70
27 71
27 73
27 74
27 76
27 78
27 84
27 85
27 88
27 91
27 93
27 97
27 98
27 106
27 110
27 113
27 115
27 116
27 118
27 121
27 124
27 134
27 136
27 138
27 146
27 157
27 159
27 161
27 162
27 163
27 164
27 169
27 170
27 176
27 180
27 183
27 185
27 187
27 191
27 193
27 197
27 200
27 203
27 206
27 209
27 211
27 219
27 220
27 222
27 223
27 224
27 225
27 226
27 228
27 232
27 233
27 235
27 241
27 244
27 245
27 249
27 252
27 253
27 257
27 258
27 259
27 271
27 272
27 274
27 275
27 285
27 286
27 289
27 290
28 29
28 33
28 36
28 37
28 52
28 55
28 56
28 59
28 60
28 66
28 71
28 72
28 74
28 78
28 79
28 81
28 83
28 87
28 88
28 90
28 91
28 96
28 97
28 101
28 106
28 108
28 110
28 111
28 113
28 117
28 119
28 120
28 121
28 123
28 126
28 127
28 133
28 141
28 143
28 147
28 149
28 155
28 160
28 161
28 162
28 163
28 167
28 168
28 170
28 171
28 175
28 178
28 179
28 192
28 202
28 204
28 209
28 212
28 213
28 217
28 219
28 223
28 229
28 232
28 235
28 238
28 239
28 241
28 248
28 250
28 256
28 257
28 260
28 264
28 268
28 272
28 277
28 280
28 281
28 289
28 290
28 296
28 297
28 299
29 30
29 32
29 38
29 44
29 46
29 47
29 53
29 56
29 58
29 60
29 67
29 73
29 82
29 84
29 85
29 87
29 89
29 90
29 93
29 96
29 98
29 102
29 103
29 106
29 114
29 119
29 122
29 127
29 129
29 141
29 142
29 146
29 147
29 148
29 157
29 162
29 171
29 172
29 173
29 175
29 176
29 178
29 179
29 181
29 182
29 185
29 186
29 187
29 188
29 191
29 194
29 196
29 199
29 205
29 206
29 207
29 212
29 214
29 218
29 225
29 231
29 236
29 237
29 238
29 243
29 246
29 248
29 250
29 255
29 258
29 261
29 266
29 267
29 269
29 276
29 284
29 285
29 289
29 293
29 299
30 31
30 42
30 43
30 49
30 50
30 53
30 55
30 61
30 62
30 63
30 65
30 66
30 70
30 72
30 91
30 92
30 94
30 98
30 100
30 108
30 111
30 113
30 114
30 116
30 118
30 119
30 123
30 124
30 142
30 144
30 153
30 155
30 156
30 161
30 165
30 168
30 175
30 178
30 181
30 182
30 184
30 187
30 192
30 193
30 194
30 206
30 207
30 208
30 210
30 215
30 220
30 221
30 226
30 229
30 234
30 236
30 237
30 238
30 247
30 249
30 257
30 259
30 260
30 261
30 264
30 270
30 271
30 277
30 278
30 279
30 287
30 288
30 289
31 37
31 38
31 40
31 41
31 44
31 56
31 64
31 66
31 67
31 71
31 72
31 74
31 76
31 78
31 79
31 81
31 82
31 86
31 87
31 88
31 89
31 90
31 93
31 99
31 103
31 105
31 107
31 111
31 112
31 113
31 114
31 115
31 120
31 124
31 128
31 134
31 137
31 138
31 139
31 140
31 142
31 143
31 145
31 150
31 151
31 154
31 158
31 159
31 165
31 168
31 170
31 171
31 173
31 174
31 182
31 184
31 186
31 187
31 192
31 195
31 196
31 197
31 198
31 199
31 204
31 208
31 209
31 210
31 214
31 236
31 237
31 240
31 242
31 244
31 245
31 246
31 249
31 257
31 259
31 260
31 266
31 273
31 274
31 279
31 282
31 283
31 288
31 289
31 294
31 299
32 34
32 39
32 41
32 43
32 44
32 45
32 46
32 48
32 52
32 53
32 56
32 59
32 71
32 73
32 78
32 81
32 82
32 83
32 84
32 90
32 91
32 92
32 94
32 98
32 99
32 101
32 109
32 110
32 115
32 118
32 119
32 123
32 125
32 127
32 129
32 133
32 134
32 143
32 147
32 149
32 154
32 157
32 165
32 171
32 177
32 180
32 181
32 182
32 187
32 190
32 193
32 208
32 213
32 216
32 218
32 220
32 226
32 229
32 230
32 234
32 242
32 248
32 251
32 253
32 254
32 256
32 258
32 260
32 261
32 262
32 263
32 269
32 270
32 271
32 272
32 273
32 275
32 286
32 288
32 290
32 291
32 292
32 294
32 297
33 34
33 39
33 40
33 48
33 50
33 55
33 56
33 58
33 65
33 66
33 67
33 68
33 70
33 72
33 73
33 74
33 75
33 76
33 80
33 85
33 87
33 89
33 90
33 98
33 100
33 101
33 103
33 106
33 107
33 110
33 125
33 127
33 130
33 131
33 132
33 133
33 139
33 142
33 143
33 161
33 162
33 165
33 172
33 175
33 178
33 180
33 183
33 188
33 190
33 193
33 196
33 198
33 200
33 204
33 205
33 208
33 209
33 210
33 211
33 212
33 215
33 217
33 218
33 226
33 230
33 231
33 233
33 239
33 240
33 242
33 245
33 248
33 253
33 261
33 268
33 272
33 275
33 283
33 288
33 297
34 40
34 41
34 42
34 43
34 45
34 47
34 48
34 50
34 52
34 55
34 56
34 57
34 58
34 59
34 65
34 66
34 67
34 69
34 70
34 71
34 72
34 74
34 75
34 77
34 79
34 84
34 87
34 95
34 98
34 102
34 108
34 109
34 112
34 113
34 115
34 116
34 125
34 126
34 130
34 134
34 135
34 139
34 141
34 147
34 151
34 152
34 157
34 160
34 163
34 166
34 167
34 174
34 183
34 185
34 187
34 189
34 199
34 202
34 207
34 210
34 213
34 214
34 215
34 217
34 218
34 219
34 221
34 228
34 233
34 237
34 244
34 245
34 246
34 252
34 254
34 256
34 260
34 267
34 269
34 276
34 277
34 280
34 282
34 292
35 36
35 37
35 38
35 41
35 49
35 50
35 52
35 53
35 54
35 56
35 58
35 59
35 61
35 68
35 82
35 83
35 90
35 92
35 98
35 103
35 110
35 112
35 114
35 117
35 118
35 119
35 120
35 127
35 128
35 135
35 136
35 141
35 142
35 146
35 147
35 148
35 149
35 150
35 156
35 159
35 163
35 165
35 172
35 173
35 181
35 182
35 183
35 186
35 188
35 194
35 200
35 203
35 210
35 217
35 222
35 223
35 225
35 226
35 227
35 229
35 230
35 238
35 239
35 247
35 249
35 255
35 258
35 259
35 260
35 261
35 262
35 264
35 266
35 267
35 270
35 278
35 279
35 280
35 281
35 282
35 291
35 292
35 295
36 40
36 43
36 46
36 47
36 49
36 55
36 65
36 72
36 74
36 76
36 77
36 81
36 83
36 88
36 92
36 95
36 99
36 102
36 103
36 107
36 113
36 115
36 116
36 117
36 120
36 124
36 128
36 134
36 138
36 143
36 147
36 151
36 152
36 153
36 155
36 156
36 159
36 162
36 163
36 165
36 170
36 172
36 174
36 183
36 186
36 189
36 196
36 200
36 202
36 203
36 204
36 206
36 208
36 209
36 212
36 215
36 218
36 220
36 224
36 230
36 231
36 236
36 244
36 245
36 246
36 247
36 248
36 253
36 259
36 263
36 264
36 266
36 272
36 281
36 284
36 289
36 290
36 293
36 296
36 297
36 298
37 39
37 40
37 43
37 47
37 48
37 52
37 55
37 60
37 74
37 76
37 78
37 80
37 81
37 90
37 97
37 98
37 107
37 109
37 112
37 115
37 118
37 119
37 120
37 124
37 127
37 130
37 131
37 135
37 138
37 140
37 142
37 145
37 146
37 151
37 153
37 160
37 161
37 162
37 164
37 166
37 171
37 176
37 179
37 183
37 185
37 190
37 195
37 197
37 203
37 205
37 210
37 211
37 213
37 215
37 226
37 228
37 231
37 232
37 234
37 239
37 246
37 250
37 251
37 252
37 253
37 255
37 257
37 259
37 263
37 264
37 268
37 278
37 282
37 284
37 286
37 292
37 297
37 298
37 299
38 39
38 43
38 44
38 47
38 51
38 57
38 61
38 62
38 64
38 66
38 67
38 68
38 70
38 71
38 73
38 76
38 78
38 79
38 81
38 88
38 94
38 100
38 106
38 108
38 112
38 115
38 116
38 119
38 122
38 124
38 130
38 136
38 137
38 139
38 143
38 144
38 146
38 151
38 152
38 153
38 155
38 158
38 161
38 165
38 166
38 167
38 171
38 172
38 174
38 176
38 180
38 189
38 190
38 192
38 194
38 195
38 203
38 204
38 205
38 210
38 211
38 212
38 214
38 216
38 222
38 224
38 230
38 237
38 238
38 239
38 240
38 245
38 247
38 248
38 256
38 257
38 271
38 275
38 276
38 281
38 289
38 291
38 298
38 299
39 42
39 44
39 45
39 56
39 59
39 65
39 66
39 71
39 76
39 90
39 94
39 102
39 112
39 114
39 116
39 122
39 123
39 124
39 134
39 136
39 137
39 138
39 142
39 144
39 147
39 149
39 166
39 169
39 170
39 171
39 172
39 175
39 186
39 190
39 193
39 194
39 198
39 199
39 200
39 206
39 208
39 214
39 219
39 221
39 224
39 233
39 236
39 239
39 243
39 251
39 252
39 255
39 260
39 263
39 266
39 268
39 276
39 277
39 278
39 279
39 281
39 282
39 283
39 284
39 291
39 293
39 294
39 298
39 299
40 41
40 47
40 49
40 53
40 56
40 58
40 62
40 63
40 65
40 69
40 72
40 78
40 80
40 87
40 92
40 94
40 105
40 106
40 110
40 112
40 114
40 118
40 119
40 124
40 133
40 136
40 137
40 143
40 147
40 148
40 150
40 152
40 155
40 157
40 163
40 165
40 168
40 170
40 171
40 173
40 178
40 180
40 182
40 187
40 188
40 194
40 195
40 197
40 198
40 199
40 205
40 206
40 207
40 209
40 212
40 213
40 216
40 217
40 221
40 222
40 233
40 243
40 246
40 248
40 252
40 255
40 256
40 258
40 259
40 261
40 262
40 266
40 268
40 278
40 282
40 285
40 295
40 297
41 42
41 43
41 44
41 48
41 52
41 54
41 56
41 59
41 60
41 65
41 66
41 79
41 82
41 84
41 89
41 90
41 91
41 97
41 100
41 107
41 109
41 114
41 118
41 119
41 120
41 131
41 132
41 134
41 135
41 139
41 143
41 144
41 157
41 160
41 164
41 165
41 171
41 172
41 173
41 174
41 178
41 180
41 185
41 186
41 201
41 204
41 205
41 221
41 226
41 240
41 245
41 246
41 249
41 254
41 259
41 260
41 261
41 262
41 269
41 270
41 274
41 275
41 278
41 283
41 284
41 293
41 299
42 45
42 46
42 48
42 51
42 52
42 53
42 56
42 60
42 62
42 63
42 70
42 74
42 76
42 87
42 93
42 94
42 102
42 104
42 105
42 106
42 112
42 116
42 117
42 120
42 121
42 132
42 133
42 137
42 140
42 145
42 153
42 155
42 156
42 160
42 164
42 169
42 172
42 175
42 176
42 177
42 178
42 181
42 184
42 185
42 186
42 187
42 188
42 190
42 193
42 196
42 199
42 204
42 205
42 206
42 213
42 214
42 215
42 221
42 222
42 223
42 224
42 230
42 234
42 237
42 243
42 244
42 245
42 252
42 253
42 259
42 263
42 264
42 266
42 268
42 269
42 275
42 279
42 280
42 284
42 288
42 291
42 295
43 46
43 48
43 51
43 52
43 56
43 59
43 62
43 63
43 66
43 67
43 71
43 72
43 78
43 79
43 80
43 83
43 87
43 91
43 96
43 97
43 110
43 114
43 119
43 128
43 133
43 136
43 139
43 140
43 152
43 157
43 159
43 162
43 176
43 178
43 179
43 184
43 190
43 191
43 194
43 200
43 201
43 206
43 221
43 223
43 224
43 225
43 226
43 236
43 240
43 246
43 247
43 253
43 259
43 262
43 268
43 271
43 273
43 274
43 275
43 281
43 283
43 286
43 287
43 292
44 46
44 48
44 50
44 52
44 55
44 63
44 70
44 71
44 72
44 74
44 76
44 85
44 90
44 92
44 99
44 100
44 106
44 107
44 112
44 113
44 117
44 120
44 121
44 122
44 125
44 126
44 130
44 132
44 133
44 134
44 135
44 137
44 138
44 140
44 142
44 144
44 151
44 152
44 155
44 157
44 175
44 178
44 179
44 182
44 183
44 187
44 189
44 192
44 195
44 197
44 203
44 208
44 213
44 214
44 219
44 222
44 224
44 227
44 230
44 231
44 232
44 234
44 243
44 244
44 245
44 246
44 250
44 255
44 258
44 259
44 262
44 264
44 266
44 267
44 273
44 280
44 282
44 286
44 287
44 288
44 290
44 298
45 46
45 48
45 52
45 56
45 58
45 64
45 66
45 69
45 70
45 71
45 72
45 80
45 84
45 87
45 91
45 92
45 98
45 99
45 104
45 114
45 121
45 124
45 125
45 127
45 130
45 132
45 133
45 137
45 141
45 143
45 149
45 151
45 169
45 170
45 176
45 177
45 179
45 180
45 184
45 198
45 200
45 206
45 207
45 219
45 224
45 227
45 229
45 230
45 231
45 233
45 234
45 235
45 236
45 238
45 239
45 240
45 241
45 251
45 256
45 258
45 259
45 260
45 261
45 262
45 265
45 267
45 269
45 270
45 274
45 276
45 277
45 278
45 280
45 285
45 286
45 289
45 291
45 295
45 299
46 47
46 53
46 54
46 56
46 60
46 61
46 63
46 64
46 66
46 69
46 70
46 76
46 81
46 84
46 87
46 89
46 92
46 93
46 97
46 98
46 99
46 100
46 101
46 105
46 107
46 114
46 115
46 116
46 118
46 119
46 120
46 123
46 124
46 129
46 130
46 131
46 134
46 135
46 136
46 137
46 138
46 139
46 147
46 151
46 152
46 154
46 159
46 161
46 167
46 174
46 180
46 181
46 185
46 195
46 208
46 209
46 210
46 212
46 215
46 218
46 221
46 225
46 227
46 230
46 232
46 237
46 239
46 243
46 251
46 253
46 254
46 257
46 259
46 260
46 268
46 269
46 276
46 277
46 279
46 280
46 285
46 288
46 294
46 295
46 296
46 298
47 50
47 51
47 54
47 56
47 58
47 60
47 65
47 69
47 70
47 74
47 77
47 78
47 79
47 81
47 83
47 86
47 87
47 89
47 92
47 95
47 103
47 113
47 122
47 123
47 126
47 127
47 128
47 130
47 131
47 134
47 135
47 136
47 138
47 139
47 142
47 146
47 159
47 161
47 166
47 173
47 175
47 179
47 180
47 181
47 182
47 186
47 197
47 202
47 207
47 210
47 211
47 212
47 215
47 222
47 223
47 224
47 232
47 235
47 236
47 240
47 241
47 244
47 246
47 249
47 252
47 253
47 254
47 256
47 259
47 260
47 261
47 270
47 278
47 285
47 288
47 294
47 297
48 53
48 57
48 61
48 64
48 71
48 72
48 84
48 86
48 91
48 92
48 93
48 94
48 100
48 102
48 112
48 114
48 115
48 120
48 123
48 124
48 129
48 132
48 135
48 138
48 139
48 141
48 143
48 145
48 149
48 150
48 152
48 153
48 156
48 159
48 160
48 161
48 165
48 169
48 174
48 178
48 184
48 185
48 186
48 189
48 190
48 199
48 201
48 205
48 207
48 209
48 210
48 211
48 212
48 216
48 220
48 223
48 227
48 229
48 230
48 234
48 236
48 237
48 240
48 244
48 245
48 246
48 249
48 250
48 254
48 257
48 259
48 262
48 272
48 275
48 276
48 283
48 288
48 298
48 299
49 50
49 53
49 54
49 58
49 59
49 62
49 64
49 68
49 72
49 76
49 78
49 79
49 81
49 86
49 88
49 95
49 96
49 97
49 104
49 106
49 113
49 116
49 117
49 121
49 123
49 124
49 125
49 126
49 132
49 138
49 139
49 141
49 142
49 149
49 153
49 157
49 159
49 163
49 164
49 166
49 167
49 172
49 173
49 175
49 180
49 183
49 189
49 190
49 192
49 193
49 194
49 195
49 197
49 198
49 202
49 204
49 206
49 207
49 216
49 219
49 220
49 228
49 229
49 233
49 234
49 236
49 242
49 252
49 254
49 256
49 257
49 260
49 266
49 269
49 271
49 276
49 277
49 280
49 292
49 294
50 52
50 53
50 55
50 56
50 57
50 58
50 68
50 70
50 75
50 85
50 88
50 89
50 91
50 94
50 97
50 98
50 103
50 105
50 114
50 115
50 116
50 117
50 120
50 121
50 123
50 125
50 126
50 128
50 131
50 151
50 153
50 158
50 160
50 161
50 162
50 163
50 165
50 172
50 174
50 177
50 178
50 186
50 187
50 188
50 189
50 193
50 194
50 195
50 203
50 204
50 207
50 208
50 209
50 210
50 211
50 224
50 225
50 226
50 227
50 234
50 238
50 242
50 244
50 247
50 249
50 252
50 258
50 260
50 270
50 280
50 284
50 285
50 288
50 292
50 293
50 296
50 297
50 299
51 52
51 58
51 63
51 68
51 74
51 77
51 84
51 89
51 92
51 95
51 98
51 99
51 102
51 110
51 112
51 113
51 120
51 125
51 133
51 135
51 136
51 142
51 151
51 154
51 157
51 158
51 161
51 162
51 164
51 169
51 173
51 175
51 178
51 179
51 180
51 182
51 183
51 184
51 186
51 196
51 197
51 198
51 199
51 204
51 209
51 217
51 219
51 224
51 226
51 228
51 229
51 232
51 233
51 235
51 236
51 238
51 241
51 242
51 247
51 248
51 249
51 253
51 256
51 260
51 261
51 264
51 267
51 272
51 274
51 276
51 277
51 278
51 286
51 288
51 289
51 293
51 294
52 58
52 61
52 62
52 72
52 95
52 102
52 104
52 105
52 108
52 114
52 120
52 122
52 135
52 138
52 142
52 144
52 148
52 150
52 151
52 156
52 165
52 167
52 169
52 171
52 172
52 176
52 179
52 181
52 183
52 189
52 191
52 193
52 194
52 198
52 199
52 203
52 204
52 206
52 207
52 210
52 212
52 216
52 219
52 222
52 227
52 228
52 229
52 230
52 231
52 234
52 240
52 242
52 244
52 247
52 248
52 249
52 255
52 256
52 257
52 258
52 262
52 264
52 269
52 271
52 272
52 277
52 279
52 281
52 284
52 286
52 287
52 289
52 290
52 295
53 54
53 59
53 64
53 65
53 66
53 73
53 74
53 75
53 77
53 80
53 82
53 87
53 92
53 95
53 96
53 97
53 99
53 100
53 102
53 105
53 107
53 108
53 111
53 112
53 113
53 120
53 123
53 128
53 131
53 133
53 136
53 138
53 140
53 141
53 142
53 145
53 153
53 157
53 158
53 162
53 165
53 166
53 169
53 173
53 189
53 190
53 194
53 197
53 198
53 201
53 205
53 219
53 221
53 223
53 226
53 231
53 233
53 236
53 243
53 245
53 246
53 247
53 249
53 253
53 256
53 259
53 260
53 261
53 265
53 274
53 283
53 284
53 287
53 289
53 292
53 296
54 59
54 62
54 66
54 68
54 70
54 72
54 73
54 75
54 83
54 84
54 91
54 93
54 99
54 102
54 112
54 116
54 119
54 120
54 121
54 122
54 129
54 130
54 132
54 139
54 146
54 148
54 150
54 152
54 154
54 155
54 156
54 157
54 161
54 165
54 166
54 168
54 169
54 170
54 177
54 179
54 181
54 185
54 194
54 196
54 200
54 201
54 206
54 207
54 219
54 222
54 223
54 225
54 230
54 231
54 236
54 242
54 243
54 248
54 253
54 255
54 257
54 260
54 263
54 266
54 271
54 272
54 273
54 277
54 279
54 280
54 282
54 288
54 293
54 295
54 296
55 57
55 58
55 66
55 68
55 69
55 71
55 72
55 73
55 79
55 80
55 81
55 82
55 84
55 86
55 89
55 90
55 91
55 95
55 96
55 100
55 104
55 105
55 110
55 111
55 112
55 114
55 115
55 117
55 126
55 135
55 137
55 161
55 162
55 170
55 171
55 173
55 175
55 176
55 177
55 178
55 182
55 183
55 184
55 187
55 189
55 190
55 192
55 205
55 210
55 211
55 214
55 221
55 223
55 226
55 241
55 250
55 252
55 255
55 257
55 263
55 266
55 270
55 271
55 272
55 276
55 277
55 283
55 288
55 292
55 293
55 297
56 58
56 62
56 71
56 78
56 79
56 80
56 83
56 84
56 86
56 89
56 93
56 94
56 102
56 103
56 105
56 106
56 107
56 110
56 112
56 114
56 117
56 118
56 135
56 139
56 143
56 155
56 158
56 159
56 169
56 170
56 177
56 178
56 179
56 182
56 183
56 187
56 190
56 192
56 196
56 202
56 209
56 215
56 222
56 224
56 225
56 226
56 228
56 234
56 237
56 246
56 251
56 252
56 268
56 270
56 272
56 273
56 274
56 276
56 277
56 288
56 289
56 290
56 292
56 297
57 58
57 63
57 73
57 85
57 103
57 105
57 106
57 108
57 109
57 115
57 118
57 119
57 122
57 124
57 125
57 127
57 131
57 132
57 134
57 142
57 145
57 146
57 147
57 149
57 153
57 156
57 159
57 165
57 170
57 177
57 179
57 183
57 185
57 193
57 194
57 195
57 197
57 208
57 212
57 215
57 218
57 226
57 231
57 232
57 236
57 237
57 240
57 242
57 243
57 244
57 249
57 250
57 251
57 254
57 256
57 260
57 261
57 262
57 263
57 266
57 267
57 268
57 278
57 286
57 290
57 293
57 296
57 297
57 298
58 59
58 61
58 63
58 66
58 69
58 74
58 78
58 81
58 84
58 89
58 95
58 98
58 100
58 101
58 109
58 111
58 113
58 119
58 123
58 124
58 128
58 130
58 133
58 135
58 136
58 137
58 140
58 141
58 142
58 143
58 153
58 154
58 156
58 158
58 161
58 162
58 167
58 178
58 184
58 189
58 193
58 196
58 198
58 200
58 210
58 211
58 214
58 226
58 227
58 230
58 236
58 238
58 239
58 242
58 243
58 248
58 251
58 255
58 258
58 260
58 267
58 271
58 272
58 274
58 281
58 284
58 285
58 286
58 288
58 290
58 295
58 296
58 298
58 299
59 70
59 74
59 76
59 77
59 79
59 81
59 83
59 90
59 94
59 96
59 98
59 103
59 106
59 107
59 111
59 116
59 118
59 121
59 124
59 125
59 130
59 133
59 134
59 146
59 147
59 148
59 150
59 151
59 155
59 157
59 158
59 165
59 190
59 195
59 197
59 204
59 207
59 210
59 215
59 216
59 222
59 225
59 240
59 248
59 253
59 258
59 264
59 266
59 269
59 270
59 271
59 273
59 286
59 288
59 292
59 293
59 297
60 64
60 67
60 70
60 71
60 74
60 75
60 77
60 78
60 79
60 80
60 83
60 90
60 91
60 93
60 96
60 98
60 99
60 101
60 102
60 105
60 115
60 116
60 117
60 119
60 121
60 122
60 128
60 129
60 130
60 131
60 134
60 136
60 137
60 139
60 144
60 148
60 152
60 155
60 157
60 159
60 174
60 175
60 176
60 178
60 183
60 184
60 188
60 191
60 192
60 197
60 199
60 201
60 203
60 205
60 208
60 211
60 212
60 214
60 218
60 219
60 222
60 225
60 226
60 234
60 237
60 239
60 240
60 247
60 248
60 251
60 252
60 253
60 255
60 256
60 257
60 263
60 266
60 271
60 274
60 276
60 278
60 280
60 288
60 289
60 291
60 297
60 298
60 299
61 62
61 67
61 75
61 77
61 79
61 82
61 84
61 88
61 90
61 91
61 92
61 95
61 98
61 99
61 102
61 103
61 107
61 108
61 111
61 122
61 126
61 135
61 143
61 144
61 145
61 154
61 155
61 159
61 163
61 174
61 178
61 180
61 186
61 188
61 189
61 191
61 193
61 202
61 203
61 207
61 209
61 211
61 212
61 216
61 219
61 220
61 223
61 224
61 229
61 231
61 239
61 241
61 243
61 244
61 247
61 254
61 262
61 264
61 283
61 284
61 288
61 293
61 295
61 297
62 63
62 67
62 68
62 74
62 76
62 78
62 85
62 92
62 93
62 95
62 100
62 102
62 105
62 107
62 112
62 114
62 121
62 122
62 123
62 124
62 139
62 141
62 152
62 155
62 159
62 160
62 161
62 163
62 164
62 171
62 173
62 174
62 176
62 182
62 183
62 190
62 191
62 194
62 196
62 198
62 206
62 208
62 211
62 212
62 213
62 220
62 223
62 224
62 226
62 227
62 228
62 229
62 233
62 234
62 238
62 244
62 247
62 250
62 252
62 257
62 259
62 263
62 266
62 267
62 268
62 271
62 273
62 279
62 284
62 286
62 290
62 291
62 295
62 297
62 299
63 79
63 83
63 88
63 91
63 92
63 93
63 98
63 99
63 100
63 101
63 104
63 106
63 108
63 111
63 115
63 116
63 118
63 120
63 121
63 124
63 130
63 131
63 140
63 145
63 146
63 151
63 154
63 155
63 159
63 161
63 166
63 167
63 170
63 171
63 173
63 179
63 181
63 183
63 184
63 185
63 192
63 193
63 194
63 196
63 199
63 200
63 202
63 211
63 213
63 214
63 215
63 217
63 218
63 224
63 225
63 230
63 231
63 235
63 236
63 239
63 243
63 247
63 250
63 252
63 253
63 263
63 265
63 267
63 269
63 270
63 275
63 279
63 280
63 281
63 285
63 286
63 291
63 292
63 294
64 66
64 67
64 72
64 76
64 80
64 83
64 85
64 88
64 90
64 93
64 95
64 103
64 107
64 109
64 111
64 112
64 115
64 116
64 117
64 118
64 119
64 122
64 123
64 124
64 127
64 128
64 133
64 134
64 136
64 140
64 144
64 146
64 147
64 149
64 153
64 157
64 158
64 163
64 178
64 183
64 186
64 189
64 194
64 197
64 200
64 205
64 208
64 210
64 212
64 215
64 222
64 225
64 226
64 227
64 230
64 231
64 233
64 234
64 241
64 245
64 246
64 248
64 255
64 261
64 262
64 264
64 267
64 270
64 278
64 280
64 282
64 289
64 290
64 294
64 295
65 66
65 68
65 69
65 74
65 75
65 76
65 78
65 82
65 85
65 88
65 89
65 90
65 95
65 98
65 99
65 105
65 108
65 117
65 118
65 119
65 120
65 125
65 127
65 132
65 133
65 134
65 138
65 140
65 142
65 150
65 152
65 155
65 161
65 164
65 172
65 173
65 178
65 188
65 189
65 196
65 199
65 200
65 206
65 208
65 210
65 226
65 231
65 233
65 235
65 238
65 239
65 241
65 247
65 262
65 263
65 271
65 272
65 273
65 274
65 278
65 282
65 283
65 291
65 292
65 294
65 296
65 298
66 72
66 76
66 83
66 84
66 85
66 86
66 91
66 97
66 104
66 106
66 107
66 113
66 114
66 115
66 116
66 118
66 125
66 127
66 130
66 133
66 137
66 138
66 140
66 149
66 152
66 155
66 157
66 161
66 163
66 167
66 168
66 169
66 172
66 173
66 179
66 182
66 184
66 189
66 190
66 191
66 193
66 194
66 195
66 197
66 199
66 204
66 209
66 214
66 220
66 223
66 224
66 227
66 228
66 229
66 237
66 238
66 243
66 244
66 251
66 255
66 258
66 259
66 260
66 266
66 268
66 270
66 271
66 272
66 273
66 274
66 276
66 277
66 278
66 280
66 284
66 286
66 289
66 295
66 299
67 69
67 73
67 76
67 79
67 80
67 81
67 86
67 87
67 92
67 95
67 96
67 98
67 100
67 101
67 109
67 110
67 111
67 114
67 115
67 117
67 124
67 125
67 126
67 127
67 128
67 138
67 142
67 146
67 147
67 152
67 153
67 157
67 158
67 160
67 163
67 166
67 168
67 169
67 171
67 174
67 175
67 177
67 181
67 188
67 194
67 196
67 199
67 200
67 203
67 204
67 205
67 209
67 210
67 215
67 217
67 218
67 227
67 230
67 231
67 233
67 234
67 238
67 240
67 243
67 244
67 249
67 255
67 266
67 279
67 290
67 292
67 298
68 69
68 73
68 76
68 77
68 85
68 87
68 88
68 95
68 96
68 100
68 106
68 108
68 110
68 112
68 113
68 115
68 121
68 123
68 126
68 131
68 135
68 140
68 141
68 147
68 150
68 151
68 161
68 162
68 163
68 167
68 169
68 170
68 174
68 176
68 179
68 181
68 182
68 187
68 188
68 190
68 193
68 196
68 198
68 200
68 203
68 208
68 209
68 211
68 214
68 220
68 223
68 226
68 231
68 235
68 240
68 241
68 244
68 245
68 246
68 248
68 249
68 260
68 269
68 270
68 273
68 274
68 275
68 276
68 279
68 283
68 289
69 73
69 74
69 75
69 76
69 77
69 84
69 88
69 89
69 90
69 92
69 94
69 97
69 99
69 100
69 103
69 104
69 105
69 106
69 113
69 114
69 116
69 117
69 123
69 124
69 125
69 126
69 128
69 129
69 134
69 135
69 137
69 149
69 150
69 151
69 155
69 158
69 159
69 161
69 162
69 179
69 184
69 188
69 189
69 191
69 193
69 194
69 197
69 198
69 199
69 201
69 202
69 203
69 204
69 205
69 210
69 212
69 214
69 215
69 221
69 224
69 226
69 231
69 233
69 234
69 239
69 240
69 242
69 243
69 251
69 255
69 257
69 266
69 268
69 269
69 270
69 271
69 275
69 280
69 284
69 289
69 292
69 297
69 298
70 72
70 73
70 74
70 78
70 79
70 81
70 82
70 86
70 91
70 95
70 101
70 102
70 103
70 111
70 115
70 116
70 120
70 123
70 124
70 125
70 132
70 136
70 140
70 147
70 151
70 152
70 153
70 155
70 160
70 161
70 176
70 177
70 178
70 179
70 181
70 187
70 190
70 194
70 195
70 196
70 198
70 203
70 206
70 211
70 217
70 219
70 221
70 222
70 225
70 228
70 229
70 232
70 235
70 236
70 239
70 240
70 242
70 243
70 255
70 256
70 258
70 259
70 260
70 271
70 278
70 281
70 283
70 290
70 294
70 296
70 298
71 73
71 78
71 83
71 88
71 90
71 92
71 95
71 97
71 100
71 101
71 105
71 106
71 107
71 108
71 110
71 112
71 115
71 119
71 120
71 122
71 123
71 125
71 131
71 132
71 137
71 143
71 148
71 151
71 158
71 159
71 160
71 161
71 165
71 168
71 172
71 179
71 181
71 185
71 199
71 200
71 202
71 204
71 209
71 212
71 214
71 224
71 228
71 229
71 232
71 242
71 243
71 250
71 253
71 255
71 257
71 258
71 259
71 261
71 271
71 272
71 273
71 274
71 275
71 276
71 277
71 283
71 284
71 285
71 288
71 291
71 292
71 293
71 294
71 296
71 299
72 73
72 74
72 80
72 90
72 91
72 94
72 97
72 98
72 103
72 104
72 106
72 108
72 117
72 120
72 123
72 124
72 125
72 128
72 129
72 130
72 134
72 143
72 145
72 146
72 148
72 152
72 154
72 158
72 159
72 162
72 163
72 167
72 173
72 175
72 177
72 183
72 188
72 192
72 197
72 204
72 206
72 213
72 218
72 227
72 237
72 248
72 250
72 251
72 254
72 259
72 261
72 262
72 263
72 271
72 276
72 277
72 279
72 281
72 282
72 283
72 284
72 285
72 291
72 294
72 298
73 74
73 75
73 78
73 80
73 87
73 90
73 92
73 93
73 95
73 98
73 100
73 101
73 102
73 105
73 107
73 111
73 113
73 115
73 119
73 121
73 127
73 136
73 137
73 140
73 143
73 146
73 147
73 150
73 168
73 174
73 175
73 177
73 178
73 183
73 188
73 191
73 192
73 196
73 208
73 211
73 212
73 217
73 226
73 228
73 229
73 236
73 243
73 246
73 248
73 251
73 252
73 253
73 254
73 258
73 259
73 265
73 267
73 270
73 272
73 278
73 280
73 289
73 293
73 294
73 296
74 78
74 82
74 83
74 86
74 91
74 92
74 95
74 97
74 99
74 100
74 105
74 108
74 109
74 113
74 127
74 134
74 137
74 138
74 140
74 146
74 147
74 149
74 153
74 159
74 166
74 169
74 174
74 175
74 185
74 186
74 189
74 193
74 194
74 198
74 199
74 200
74 213
74 215
74 217
74 222
74 235
74 237
74 239
74 241
74 243
74 246
74 249
74 253
74 255
74 256
74 259
74 261
74 262
74 264
74 265
74 267
74 270
74 281
74 283
74 287
74 292
74 299
75 76
75 85
75 87
75 88
75 89
75 90
75 91
75 93
75 94
75 103
75 105
75 106
75 107
75 112
75 115
75 116
75 121
75 122
75 130
75 133
75 135
75 139
75 140
75 141
75 149
75 152
75 155
75 157
75 165
75 167
75 174
75 176
75 181
75 183
75 186
75 187
75 190
75 194
75 197
75 198
75 199
75 208
75 211
75 213
75 219
75 223
75 225
75 227
75 229
75 230
75 232
75 233
75 234
75 244
75 245
75 248
75 250
75 251
75 252
75 253
75 256
75 263
75 268
75 270
75 272
75 273
75 274
75 275
75 277
75 282
75 287
75 289
75 296
75 299
76 77
76 78
76 83
76 89
76 91
76 92
76 95
76 98
76 101
76 103
76 105
76 107
76 109
76 110
76 114
76 116
76 124
76 125
76 130
76 131
76 138
76 140
76 143
76 150
76 152
76 153
76 154
76 157
76 159
76 163
76 167
76 170
76 176
76 183
76 185
76 188
76 189
76 193
76 202
76 207
76 208
76 210
76 214
76 221
76 222
76 224
76 227
76 228
76 229
76 231
76 233
76 236
76 237
76 238
76 245
76 251
76 254
76 255
76 256
76 268
76 272
76 273
76 278
76 283
76 286
76 287
76 288
76 292
76 293
77 80
77 81
77 84
77 87
77 89
77 90
77 91
77 94
77 95
77 97
77 102
77 104
77 105
77 106
77 107
77 111
77 112
77 114
77 115
77 120
77 123
77 125
77 126
77 128
77 131
77 138
77 141
77 142
77 148
77 149
77 164
77 175
77 180
77 185
77 189
77 190
77 192
77 193
77 198
77 203
77 211
77 219
77 220
77 221
77 226
77 229
77 231
77 236
77 239
77 242
77 247
77 249
77 261
77 262
77 265
77 267
77 268
77 271
77 272
77 278
77 279
77 282
77 283
77 286
77 288
77 289
77 290
77 292
78 81
78 84
78 85
78 90
78 91
78 94
78 95
78 99
78 107
78 109
78 110
78 112
78 118
78 125
78 128
78 130
78 135
78 137
78 141
78 142
78 144
78 147
78 148
78 149
78 153
78 154
78 155
78 162
78 164
78 168
78 171
78 175
78 177
78 180
78 183
78 185
78 190
78 191
78 192
78 195
78 199
78 202
78 204
78 212
78 213
78 214
78 218
78 223
78 224
78 226
78 233
78 236
78 237
78 239
78 241
78 247
78 250
78 253
78 265
78 268
78 270
78 275
78 276
78 277
78 278
78 279
78 282
78 284
78 289
78 296
78 298
79 81
79 84
79 85
79 90
79 96
79 97
79 103
79 106
79 107
79 109
79 113
79 119
79 121
79 124
79 133
79 136
79 137
79 142
79 143
79 153
79 155
79 160
79 161
79 167
79 170
79 171
79 174
79 180
79 183
79 184
79 186
79 187
79 189
79 191
79 194
79 195
79 196
79 199
79 201
79 202
79 210
79 212
79 217
79 220
79 222
79 233
79 234
79 239
79 246
79 249
79 251
79 254
79 255
79 258
79 259
79 264
79 265
79 269
79 270
79 278
79 284
79 290
79 292
79 294
80 81
80 84
80 88
80 104
80 106
80 110
80 111
80 120
80 123
80 124
80 125
80 135
80 140
80 147
80 149
80 151
80 156
80 161
80 164
80 165
80 168
80 172
80 173
80 176
80 185
80 192
80 193
80 197
80 206
80 208
80 218
80 220
80 222
80 226
80 229
80 230
80 234
80 235
80 238
80 240
80 244
80 245
80 250
80 251
80 257
80 261
80 263
80 270
80 276
80 279
80 280
80 291
80 294
80 295
80 296
80 297
80 298
80 299
81 92
81 93
81 94
81 98
81 99
81 100
81 101
81 104
81 107
81 108
81 115
81 118
81 120
81 123
81 129
81 134
81 142
81 145
81 148
81 150
81 152
81 157
81 158
81 160
81 167
81 170
81 172
81 176
81 177
81 184
81 192
81 194
81 197
81 205
81 208
81 209
81 212
81 221
81 222
81 227
81 228
81 229
81 231
81 234
81 235
81 238
81 250
81 256
81 257
81 264
81 267
81 268
81 273
81 276
81 278
81 284
81 290
81 297
81 299
82 87
82 90
82 94
82 95
82 96
82 97
82 99
82 102
82 105
82 108
82 109
82 114
82 117
82 122
82 125
82 131
82 136
82 137
82 141
82 143
82 145
82 146
82 150
82 151
82 152
82 153
82 154
82 156
82 159
82 165
82 168
82 172
82 173
82 175
82 176
82 179
82 189
82 192
82 193
82 194
82 196
82 197
82 198
82 199
82 200
82 206
82 220
82 223
82 228
82 232
82 233
82 234
82 235
82 239
82 244
82 245
82 246
82 250
82 254
82 255
82 259
82 263
82 274
82 276
82 277
82 278
82 281
82 284
82 289
82 290
82 294
82 297
82 299
83 84
83 88
83 91
83 101
83 103
83 106
83 107
83 109
83 111
83 115
83 117
83 121
83 125
83 142
83 145
83 154
83 155
83 156
83 157
83 159
83 160
83 165
83 170
83 172
83 173
83 174
83 175
83 178
83 179
83 180
83 183
83 192
83 199
83 201
83 207
83 208
83 212
83 223
83 224
83 226
83 228
83 229
83 233
83 235
83 236
83 244
83 247
83 248
83 252
83 258
83 263
83 270
83 275
83 276
83 280
83 282
83 283
83 288
83 294
83 295
83 297
83 298
84 85
84 87
84 88
84 95
84 104
84 107
84 114
84 124
84 126
84 129
84 142
84 146
84 147
84 150
84 157
84 164
84 169
84 172
84 177
84 178
84 182
84 183
84 184
84 191
84 196
84 197
84 200
84 201
84 204
84 207
84 209
84 214
84 218
84 220
84 224
84 226
84 227
84 229
84 233
84 237
84 241
84 242
84 243
84 247
84 249
84 257
84 258
84 267
84 275
84 276
84 281
84 285
84 286
84 288
84 289
84 292
84 295
84 298
84 299
85 92
85 97
85 98
85 99
85 101
85 107
85 113
85 127
85 128
85 132
85 135
85 138
85 141
85 146
85 148
85 165
85 166
85 173
85 179
85 182
85 184
85 189
85 199
85 201
85 203
85 214
85 220
85 221
85 222
85 224
85 225
85 236
85 238
85 240
85 241
85 244
85 248
85 251
85 254
85 260
85 262
85 267
85 269
85 270
85 271
85 275
85 283
85 284
85 288
85 289
85 296
85 299
86 91
86 93
86 95
86 96
86 97
86 101
86 112
86 115
86 119
86 129
86 132
86 138
86 139
86 146
86 147
86 148
86 153
86 157
86 168
86 173
86 175
86 181
86 182
86 183
86 185
86 188
86 189
86 190
86 192
86 195
86 196
86 198
86 199
86 203
86 205
86 207
86 209
86 210
86 211
86 212
86 218
86 223
86 225
86 227
86 228
86 229
86 232
86 240
86 242
86 246
86 249
86 250
86 256
86 258
86 260
86 261
86 266
86 270
86 277
86 283
86 286
86 290
86 294
86 298
87 88
87 90
87 93
87 100
87 102
87 104
87 110
87 111
87 114
87 115
87 119
87 122
87 127
87 129
87 132
87 135
87 144
87 145
87 148
87 150
87 152
87 155
87 158
87 161
87 171
87 172
87 176
87 182
87 188
87 190
87 195
87 198
87 200
87 204
87 211
87 212
87 213
87 214
87 215
87 216
87 219
87 225
87 229
87 231
87 232
87 240
87 250
87 251
87 255
87 256
87 257
87 261
87 266
87 269
87 270
87 273
87 274
87 276
87 278
87 282
87 284
87 285
87 294
88 90
88 97
88 99
88 103
88 104
88 110
88 115
88 121
88 125
88 126
88 127
88 128
88 136
88 137
88 138
88 139
88 140
88 142
88 143
88 146
88 149
88 151
88 152
88 153
88 154
88 156
88 161
88 162
88 173
88 184
88 186
88 188
88 190
88 193
88 208
88 216
88 218
88 221
88 225
88 227
88 230
88 231
88 238
88 239
88 245
88 250
88 251
88 252
88 254
88 259
88 265
88 270
88 273
88 275
88 281
88 284
88 285
88 295
89 90
89 92
89 97
89 104
89 105
89 107
89 111
89 127
89 132
89 134
89 136
89 139
89 143
89 144
89 146
89 150
89 157
89 158
89 159
89 160
89 161
89 162
89 163
89 171
89 174
89 175
89 176
89 183
89 186
89 194
89 195
89 198
89 203
89 211
89 212
89 216
89 218
89 222
89 228
89 229
89 235
89 238
89 241
89 242
89 246
89 247
89 250
89 251
89 253
89 254
89 259
89 260
89 262
89 265
89 271
89 272
89 274
89 276
89 277
89 282
89 283
89 285
89 293
90 93
90 98
90 105
90 110
90 114
90 123
90 125
90 129
90 133
90 138
90 139
90 140
90 159
90 160
90 162
90 164
90 167
90 173
90 175
90 176
90 178
90 183
90 184
90 185
90 191
90 192
90 198
90 208
90 212
90 214
90 220
90 221
90 222
90 223
90 227
90 234
90 241
90 243
90 245
90 246
90 248
90 251
90 254
90 255
90 260
90 261
90 265
90 266
90 267
90 268
90 271
90 272
90 273
90 277
90 280
90 285
90 287
90 293
90 294
90 297
91 94
91 98
91 99
91 100
91 102
91 104
91 105
91 108
91 115
91 124
91 125
91 133
91 137
91 140
91 143
91 146
91 158
91 160
91 162
91 163
91 165
91 167
91 170
91 171
91 174
91 176
91 177
91 179
91 185
91 188
91 189
91 191
91 193
91 195
91 197
91 200
91 203
91 204
91 209
91 211
91 212
91 214
91 218
91 221
91 223
91 224
91 225
91 226
91 227
91 228
91 229
91 232
91 235
91 237
91 239
91 240
91 242
91 244
91 245
91 248
91 251
91 253
91 263
91 265
91 270
91 271
91 272
91 274
91 275
91 277
91 279
91 282
91 283
91 285
91 292
91 299
92 93
92 95
92 96
92 97
92 98
92 103
92 105
92 107
92 110
92 111
92 112
92 119
92 121
92 133
92 136
92 141
92 142
92 144
92 146
92 153
92 155
92 157
92 158
92 159
92 160
92 162
92 165
92 167
92 168
92 171
92 175
92 178
92 186
92 192
92 193
92 197
92 199
92 200
92 201
92 203
92 206
92 207
92 211
92 212
92 216
92 220
92 221
92 226
92 234
92 238
92 244
92 246
92 248
92 256
92 259
92 263
92 266
92 268
92 269
92 270
92 273
92 274
92 275
92 279
92 280
92 281
92 282
92 284
92 286
92 289
92 291
92 299
93 94
93 95
93 99
93 100
93 101
93 109
93 111
93 118
93 122
93 123
93 124
93 125
93 130
93 134
93 148
93 150
93 151
93 153
93 155
93 156
93 158
93 163
93 165
93 178
93 180
93 181
93 183
93 185
93 188
93 191
93 193
93 194
93 198
93 199
93 206
93 207
93 211
93 212
93 214
93 215
93 226
93 236
93 239
93 240
93 246
93 247
93 250
93 252
93 253
93 257
93 260
93 265
93 269
93 270
93 271
93 273
93 279
93 280
93 281
93 283
93 284
93 287
93 288
93 289
93 299
94 101
94 107
94 113
94 117
94 118
94 119
94 124
94 131
94 133
94 136
94 140
94 150
94 151
94 155
94 163
94 165
94 169
94 172
94 173
94 182
94 183
94 187
94 190
94 191
94 201
94 206
94 209
94 211
94 222
94 223
94 224
94 232
94 235
94 237
94 239
94 242
94 248
94 249
94 253
94 261
94 262
94 269
94 272
94 273
94 278
94 281
94 282
94 284
94 289
94 290
94 299
95 96
95 103
95 110
95 122
95 125
95 133
95 136
95 138
95 141
95 147
95 148
95 149
95 153
95 154
95 157
95 160
95 166
95 168
95 169
95 176
95 179
95 181
95 183
95 184
95 187
95 197
95 198
95 202
95 204
95 205
95 210
95 211
95 212
95 214
95 217
95 219
95 221
95 227
95 232
95 234
95 236
95 245
95 246
95 247
95 248
95 251
95 255
95 262
95 264
95 266
95 268
95 272
95 275
95 280
95 283
95 285
95 286
95 287
95 288
95 292
95 293
95 298
96 99
96 103
96 105
96 106
96 109
96 110
96 112
96 113
96 114
96 118
96 119
96 122
96 123
96 124
96 125
96 126
96 129
96 130
96 134
96 148
96 152
96 153
96 154
96 157
96 159
96 160
96 161
96 162
96 168
96 170
96 175
96 177
96 179
96 184
96 186
96 187
96 192
96 193
96 196
96 197
96 201
96 206
96 209
96 211
96 215
96 216
96 220
96 222
96 230
96 231
96 235
96 238
96 239
96 252
96 253
96 255
96 258
96 266
96 269
96 271
96 279
96 282
96 283
96 287
96 295
96 299
97 98
97 100
97 103
97 108
97 110
97 111
97 114
97 115
97 116
97 118
97 120
97 140
97 145
97 146
97 149
97 157
97 159
97 168
97 180
97 181
97 182
97 184
97 186
97 187
97 188
97 189
97 190
97 191
97 196
97 198
97 203
97 214
97 215
97 216
97 218
97 223
97 224
97 237
97 242
97 244
97 254
97 256
97 257
97 272
97 277
97 284
97 287
97 294
97 296
98 99
98 106
98 107
98 113
98 114
98 115
98 116
98 118
98 125
98 126
98 127
98 130
98 132
98 133
98 134
98 141
98 143
98 144
98 145
98 146
98 151
98 155
98 159
98 160
98 163
98 164
98 167
98 172
98 175
98 176
98 180
98 183
98 184
98 187
98 188
98 194
98 198
98 201
98 202
98 210
98 213
98 217
98 220
98 221
98 223
98 226
98 229
98 231
98 245
98 247
98 249
98 253
98 254
98 260
98 263
98 270
98 276
98 277
98 281
98 282
98 284
98 288
98 289
98 292
98 295
99 101
99 102
99 103
99 108
99 113
99 114
99 118
99 119
99 120
99 122
99 132
99 135
99 136
99 152
99 155
99 162
99 167
99 172
99 176
99 181
99 185
99 186
99 188
99 195
99 200
99 207
99 209
99 211
99 219
99 220
99 223
99 228
99 235
99 245
99 247
99 249
99 253
99 254
99 256
99 257
99 258
99 260
99 264
99 265
99 267
99 269
99 272
99 273
99 274
99 276
99 277
99 278
99 281
99 286
99 287
100 105
100 120
100 123
100 124
100 128
100 133
100 138
100 154
100 161
100 163
100 168
100 178
100 185
100 186
100 188
100 197
100 201
100 202
100 207
100 209
100 210
100 212
100 214
100 219
100 220
100 225
100 227
100 228
100 229
100 230
100 233
100 237
100 247
100 248
100 251
100 252
100 254
100 256
100 257
100 264
100 266
100 267
100 269
100 276
100 278
100 289
100 290
100 293
100 298
101 109
101 114
101 117
101 120
101 123
101 126
101 130
101 133
101 134
101 135
101 136
101 137
101 139
101 140
101 151
101 154
101 162
101 164
101 167
101 168
101 174
101 175
101 178
101 180
101 184
101 185
101 186
101 187
101 192
101 194
101 195
101 197
101 201
101 204
101 205
101 206
101 210
101 211
101 212
101 217
101 219
101 223
101 226
101 229
101 230
101 239
101 250
101 251
101 252
101 253
101 257
101 258
101 259
101 262
101 263
101 266
101 271
101 272
101 276
101 290
101 291
101 293
101 294
101 296
101 297
101 298
101 299
102 103
102 106
102 107
102 123
102 128
102 129
102 131
102 133
102 150
102 152
102 153
102 154
102 158
102 159
102 163
102 166
102 167
102 170
102 173
102 176
102 184
102 185
102 189
102 192
102 197
102 198
102 209
102 212
102 215
102 216
102 217
102 218
102 219
102 220
102 221
102 225
102 228
102 233
102 234
102 235
102 237
102 238
102 241
102 243
102 245
102 248
102 251
102 253
102 254
102 255
102 256
102 261
102 264
102 272
102 273
102 276
102 277
102 286
102 294
102 297
103 108
103 109
103 116
103 119
103 120
103 122
103 123
103 124
103 127
103 131
103 132
103 136
103 137
103 145
103 149
103 153
103 155
103 158
103 161
103 162
103 165
103 181
103 183
103 184
103 185
103 186
103 188
103 190
103 191
103 201
103 202
103 206
103 214
103 215
103 217
103 218
103 221
103 224
103 226
103 229
103 233
103 235
103 243
103 245
103 247
103 248
103 252
103 254
103 259
103 266
103 267
103 270
103 271
103 272
103 276
103 277
103 286
103 287
103 288
103 290
103 293
103 294
103 296
104 107
104 112
104 113
104 114
104 115
104 118
104 122
104 127
104 129
104 131
104 137
104 142
104 144
104 147
104 152
104 153
104 157
104 159
104 161
104 166
104 168
104 169
104 174
104 176
104 178
104 181
104 184
104 187
104 189
104 192
104 194
104 199
104 205
104 208
104 211
104 216
104 217
104 219
104 223
104 232
104 236
104 238
104 244
104 246
104 249
104 250
104 252
104 254
104 255
104 256
104 261
104 262
104 263
104 269
104 280
104 284
104 286
104 291
104 293
104 294
104 296
105 107
105 109
105 111
105 113
105 120
105 122
105 127
105 128
105 133
105 149
105 150
105 154
105 155
105 160
105 164
105 168
105 171
105 172
105 173
105 175
105 183
105 192
105 193
105 199
105 201
105 203
105 205
105 206
105 207
105 210
105 212
105 218
105 220
105 221
105 222
105 223
105 225
105 227
105 228
105 230
105 236
105 238
105 239
105 241
105 243
105 245
105 247
105 248
105 253
105 255
105 256
105 262
105 264
105 267
105 274
105 277
105 280
105 282
105 286
105 288
105 296
105 298
105 299
106 110
106 111
106 113
106 115
106 117
106 121
106 124
106 126
106 132
106 133
106 141
106 143
106 145
106 153
106 154
106 156
106 157
106 158
106 159
106 160
106 166
106 167
106 170
106 172
106 175
106 177
106 183
106 188
106 195
106 197
106 198
106 201
106 203
106 204
106 207
106 213
106 216
106 220
106 227
106 234
106 236
106 237
106 240
106 254
106 256
106 258
106 259
106 266
106 267
106 270
106 272
106 276
106 280
106 286
106 292
106 295
107 110
107 121
107 122
107 123
107 124
107 127
107 129
107 133
107 135
107 139
107 140
107 141
107 153
107 154
107 157
107 165
107 167
107 168
107 172
107 174
107 175
107 176
107 177
107 178
107 181
107 185
107 186
107 187
107 188
107 189
107 191
107 196
107 197
107 198
107 201
107 203
107 209
107 210
107 211
107 217
107 223
107 233
107 236
107 237
107 238
107 240
107 241
107 243
107 245
107 246
107 247
107 251
107 256
107 257
107 258
107 264
107 273
107 274
107 279
107 284
107 285
107 286
107 287
107 289
107 291
107 298
107 299
108 114
108 116
108 120
108 125
108 130
108 132
108 135
108 140
108 147
108 150
108 154
108 156
108 158
108 160
108 163
108 167
108 168
108 169
108 173
108 174
108 177
108 178
108 179
108 185
108 188
108 194
108 197
108 198
108 206
108 209
108 214
108 223
108 227
108 232
108 235
108 246
108 247
108 255
108 266
108 272
108 276
108 278
108 286
108 292
108 293
108 295
108 296
108 299
109 114
109 120
109 121
109 131
109 132
109 134
109 135
109 138
109 140
109 144
109 147
109 155
109 159
109 160
109 163
109 165
109 167
109 170
109 171
109 173
109 174
109 175
109 180
109 181
109 183
109 184
109 185
109 189
109 191
109 194
109 195
109 197
109 198
109 199
109 200
109 204
109 205
109 208
109 209
109 212
109 217
109 221
109 224
109 227
109 229
109 230
109 239
109 253
109 254
109 256
109 257
109 270
109 274
109 280
109 281
109 289
109 292
109 294
109 296
110 111
110 113
110 114
110 115
110 118
110 120
110 125
110 129
110 131
110 134
110 135
110 136
110 146
110 148
110 149
110 159
110 161
110 164
110 165
110 175
110 178
110 183
110 188
110 194
110 195
110 196
110 197
110 200
110 206
110 210
110 218
110 221
110 224
110 228
110 229
110 233
110 239
110 240
110 245
110 248
110 252
110 254
110 260
110 267
110 269
110 280
110 284
110 289
110 292
110 297
111 115
111 121
111 124
111 137
111 140
111 144
111 150
111 153
111 155
111 156
111 157
111 159
111 169
111 170
111 172
111 173
111 175
111 177
111 179
111 182
111 187
111 191
111 192
111 197
111 201
111 205
111 207
111 209
111 210
111 218
111 219
111 221
111 226
111 230
111 231
111 244
111 245
111 248
111 249
111 250
111 252
111 257
111 259
111 261
111 264
111 268
111 282
111 284
111 287
111 290
111 291
111 292
111 294
111 296
112 114
112 124
112 131
112 132
112 134
112 135
112 139
112 145
112 148
112 151
112 152
112 154
112 160
112 166
112 172
112 175
112 177
112 179
112 184
112 185
112 186
112 191
112 192
112 193
112 197
112 199
112 203
112 205
112 207
112 210
112 212
112 214
112 220
112 224
112 225
112 231
112 232
112 234
112 235
112 236
112 239
112 241
112 246
112 250
112 251
112 262
112 263
112 268
112 269
112 278
112 279
112 280
112 283
112 290
112 291
112 292
112 295
112 296
112 297
113 118
113 122
113 124
113 125
113 126
113 130
113 137
113 143
113 144
113 148
113 149
113 151
113 154
113 160
113 163
113 165
113 166
113 167
113 168
113 170
113 171
113 184
113 185
113 186
113 195
113 196
113 198
113 199
113 202
113 203
113 205
113 207
113 210
113 212
113 214
113 215
113 216
113 219
113 220
113 224
113 226
113 228
113 229
113 232
113 235
113 236
113 238
113 241
113 242
113 244
113 245
113 246
113 253
113 254
113 258
113 262
113 268
113 272
113 274
113 293
113 294
113 298
114 116
114 119
114 121
114 122
114 123
114 124
114 132
114 133
114 136
114 141
114 143
114 145
114 148
114 150
114 151
114 152
114 157
114 159
114 160
114 162
114 168
114 177
114 184
114 190
114 192
114 193
114 196
114 201
114 202
114 206
114 207
114 210
114 213
114 214
114 216
114 221
114 224
114 227
114 229
114 230
114 232
114 235
114 236
114 239
114 240
114 242
114 243
114 247
114 250
114 254
114 256
114 258
114 259
114 268
114 270
114 272
114 277
114 278
114 281
114 282
114 283
114 289
114 290
114 291
114 292
114 295
114 297
115 116
115 118
115 119
115 122
115 124
115 125
115 128
115 140
115 141
115 144
115 148
115 150
115 151
115 152
115 154
115 162
115 164
115 169
115 172
115 179
115 192
115 197
115 199
115 210
115 212
115 219
115 225
115 227
115 228
115 231
115 232
115 235
115 236
115 240
115 242
115 244
115 247
115 253
115 257
115 261
115 263
115 266
115 268
115 269
115 270
115 278
115 279
115 280
115 281
115 287
115 291
115 295
115 298
116 118
116 119
116 121
116 122
116 124
116 127
116 128
116 130
116 131
116 132
116 137
116 139
116 140
116 143
116 147
116 154
116 164
116 166
116 170
116 173
116 176
116 177
116 181
116 187
116 188
116 189
116 191
116 196
116 199
116 210
116 211
116 214
116 216
116 217
116 218
116 227
116 231
116 236
116 241
116 242
116 243
116 248
116 253
116 259
116 262
116 268
116 271
116 272
116 273
116 275
116 280
116 285
116 287
116 292
116 294
116 296
117 118
117 128
117 130
117 136
117 137
117 138
117 139
117 142
117 143
117 144
117 147
117 151
117 159
117 164
117 166
117 172
117 174
117 175
117 178
117 180
117 182
117 184
117 186
117 188
117 199
117 200
117 202
117 205
117 207
117 210
117 211
117 212
117 214
117 222
117 223
117 226
117 227
117 237
117 241
117 242
117 247
117 254
117 259
117 260
117 261
117 262
117 266
117 270
117 277
117 279
117 281
117 282
117 283
117 286
117 289
117 292
117 294
117 296
117 298
117 299
118 120
118 122
118 123
118 129
118 130
118 131
118 134
118 135
118 138
118 142
118 143
118 145
118 147
118 149
118 150
118 151
118 159
118 165
118 166
118 170
118 172
118 176
118 180
118 182
118 191
118 193
118 194
118 196
118 201
118 203
118 209
118 212
118 214
118 219
118 221
118 225
118 230
118 233
118 236
118 237
118 240
118 242
118 243
118 244
118 247
118 250
118 258
118 261
118 263
118 265
118 266
118 272
118 275
118 277
118 280
118 283
118 284
118 285
118 286
118 287
118 292
118 297
118 299
119 120
119 121
119 124
119 130
119 131
119 139
119 143
119 144
119 145
119 146
119 147
119 150
119 151
119 157
119 161
119 165
119 167
119 171
119 175
119 181
119 182
119 186
119 187
119 188
119 202
119 205
119 207
119 210
119 211
119 212
119 213
119 215
119 220
119 221
119 222
119 227
119 228
119 229
119 236
119 237
119 242
119 243
119 245
119 247
119 253
119 259
119 260
119 268
119 277
119 282
119 284
119 285
119 287
119 288
119 289
119 290
119 294
119 296
120 126
120 127
120 128
120 134
120 135
120 140
120 145
120 149
120 157
120 158
120 162
120 165
120 174
120 180
120 181
120 189
120 195
120 196
120 206
120 207
120 214
120 217
120 224
120 225
120 229
120 233
120 235
120 241
120 246
120 249
120 253
120 255
120 256
120 259
120 260
120 263
120 274
120 277
120 279
120 282
120 283
120 294
120 295
120 296
121 125
121 127
121 131
121 135
121 136
121 144
121 147
121 151
121 158
121 165
121 168
121 171
121 172
121 184
121 186
121 189
121 194
121 197
121 198
121 205
121 206
121 208
121 211
121 215
121 219
121 223
121 231
121 232
121 238
121 240
121 243
121 244
121 247
121 250
121 252
121 257
121 259
121 261
121 266
121 268
121 270
121 275
121 277
121 282
121 288
121 290
121 292
121 297
121 298
122 126
122 128
122 129
122 131
122 133
122 145
122 149
122 156
122 157
122 160
122 161
122 167
122 169
122 171
122 172
122 179
122 180
122 182
122 187
122 192
122 193
122 200
122 202
122 207
122 209
122 210
122 211
122 213
122 217
122 219
122 225
122 226
122 228
122 229
122 231
122 233
122 238
122 240
122 244
122 256
122 258
122 259
122 260
122 270
122 275
122 279
122 283
122 285
122 289
122 294
122 296
122 298
123 124
123 125
123 126
123 128
123 129
123 135
123 136
123 138
123 140
123 149
123 150
123 157
123 163
123 176
123 177
123 183
123 187
123 188
123 191
123 192
123 202
123 203
123 204
123 209
123 213
123 221
123 223
123 227
123 228
123 232
123 233
123 234
123 235
123 238
123 239
123 244
123 246
123 247
123 251
123 256
123 257
123 260
123 264
123 269
123 274
123 275
123 276
123 278
123 281
123 291
123 292
123 294
123 299
124 127
124 130
124 131
124 138
124 142
124 143
124 145
124 146
124 153
124 157
124 158
124 160
124 161
124 166
124 170
124 176
124 183
124 184
124 188
124 189
124 191
124 193
124 196
124 197
124 199
124 200
124 201
124 210
124 212
124 222
124 223
124 224
124 225
124 227
124 229
124 232
124 236
124 241
124 247
124 251
124 253
124 257
124 258
124 260
124 262
124 268
124 271
124 274
124 276
124 277
124 279
124 283
124 287
124 290
124 298
125 126
125 133
125 135
125 138
125 139
125 142
125 143
125 144
125 145
125 146
125 148
125 152
125 159
125 161
125 169
125 170
125 171
125 173
125 182
125 187
125 191
125 192
125 198
125 199
125 200
125 204
125 205
125 207
125 214
125 215
125 216
125 217
125 219
125 221
125 222
125 223
125 231
125 234
125 237
125 240
125 246
125 247
125 251
125 252
125 253
125 256
125 257
125 258
125 261
125 262
125 264
125 271
125 272
125 277
125 280
125 287
125 289
125 290
125 292
125 293
125 294
125 295
125 298
126 131
126 133
126 135
126 140
126 141
126 145
126 146
126 148
126 149
126 151
126 153
126 155
126 161
126 164
126 165
126 167
126 168
126 179
126 182
126 198
126 202
126 212
126 214
126 216
126 217
126 218
126 227
126 229
126 230
126 238
126 239
126 246
126 247
126 248
126 249
126 251
126 253
126 256
126 258
126 261
126 263
126 264
126 268
126 271
126 275
126 277
126 278
126 280
126 281
126 283
126 287
126 290
126 292
126 297
127 131
127 132
127 137
127 138
127 140
127 145
127 146
127 159
127 161
127 164
127 165
127 167
127 168
127 171
127 175
127 178
127 179
127 183
127 187
127 191
127 192
127 193
127 194
127 196
127 198
127 199
127 200
127 206
127 210
127 212
127 221
127 222
127 225
127 227
127 229
127 233
127 234
127 236
127 238
127 246
127 252
127 253
127 254
127 255
127 259
127 265
127 271
127 276
127 277
127 283
127 287
127 288
127 290
127 294
127 295
127 296
128 129
128 130
128 134
128 135
128 139
128 140
128 143
128 144
128 148
128 158
128 162
128 163
128 167
128 168
128 169
128 170
128 173
128 180
128 182
128 183
128 193
128 194
128 196
128 197
128 198
128 204
128 207
128 208
128 218
128 221
128 222
128 224
128 225
128 226
128 230
128 236
128 242
128 244
128 247
128 254
128 259
128 260
128 266
128 267
128 275
128 278
128 280
128 281
128 284
128 285
128 287
128 288
128 290
128 295
128 296
128 297
128 298
129 135
129 136
129 137
129 143
129 145
129 148
129 151
129 153
129 156
129 157
129 159
129 163
129 164
129 165
129 167
129 172
129 176
129 180
129 181
129 182
129 183
129 184
129 187
129 188
129 191
129 192
129 193
129 194
129 196
129 199
129 201
129 204
129 207
129 208
129 215
129 224
129 228
129 231
129 233
129 239
129 240
129 246
129 247
129 248
129 252
129 254
129 257
129 260
129 263
129 264
129 266
129 267
129 269
129 270
129 272
129 278
129 281
129 282
129 285
129 289
129 290
129 291
129 292
129 294
129 297
129 298
129 299
130 132
130 135
130 139
130 143
130 151
130 152
130 154
130 156
130 158
130 161
130 169
130 174
130 175
130 180
130 181
130 184
130 186
130 191
130 194
130 197
130 199
130 205
130 207
130 209
130 210
130 218
130 220
130 228
130 231
130 235
130 236
130 237
130 238
130 247
130 258
130 266
130 269
130 272
130 277
130 280
130 283
130 287
130 288
130 290
130 292
130 298
131 133
131 134
131 138
131 139
131 143
131 147
131 148
131 151
131 158
131 161
131 163
131 174
131 175
131 181
131 182
131 184
131 185
131 188
131 193
131 198
131 199
131 200
131 201
131 204
131 205
131 206
131 207
131 208
131 217
131 218
131 219
131 220
131 224
131 230
131 233
131 236
131 244
131 248
131 257
131 258
131 259
131 265
131 277
131 278
131 279
131 280
131 281
131 287
132 136
132 138
132 139
132 140
132 141
132 151
132 157
132 158
132 160
132 163
132 164
132 165
132 170
132 172
132 177
132 178
132 179
132 182
132 185
132 186
132 195
132 196
132 197
132 205
132 206
132 209
132 211
132 213
132 214
132 215
132 217
132 221
132 222
132 223
132 230
132 233
132 235
132 237
132 238
132 239
132 240
132 241
132 242
132 246
132 255
132 257
132 259
132 261
132 266
132 267
132 278
132 290
132 292
132 293
132 296
132 297
133 137
133 146
133 147
133 150
133 152
133 154
133 156
133 158
133 160
133 164
133 174
133 176
133 185
133 192
133 198
133 208
133 209
133 212
133 213
133 217
133 219
133 222
133 225
133 233
133 236
133 241
133 245
133 246
133 251
133 258
133 259
133 261
133 262
133 266
133 267
133 272
133 273
133 274
133 277
133 278
133 282
133 286
133 293
133 294
134 138
134 146
134 153
134 167
134 170
134 174
134 177
134 178
134 182
134 188
134 189
134 194
134 212
134 215
134 216
134 219
134 222
134 228
134 231
134 233
134 235
134 236
134 241
134 245
134 251
134 252
134 256
134 261
134 263
134 264
134 268
134 269
134 271
134 273
134 279
134 282
134 288
134 289
134 295
134 296
134 299
135 136
135 139
135 140
135 141
135 144
135 146
135 149
135 153
135 155
135 160
135 164
135 167
135 168
135 171
135 174
135 176
135 177
135 182
135 184
135 192
135 196
135 199
135 212
135 217
135 219
135 227
135 229
135 231
135 233
135 235
135 236
135 241
135 242
135 247
135 252
135 253
135 254
135 259
135 260
135 261
135 270
135 273
135 285
135 291
135 292
135 295
135 297
135 298
135 299
136 141
136 152
136 157
136 161
136 172
136 180
136 182
136 189
136 194
136 195
136 197
136 198
136 202
136 203
136 205
136 206
136 208
136 212
136 216
136 217
136 219
136 224
136 227
136 228
136 247
136 248
136 257
136 261
136 263
136 266
136 267
136 268
136 269
136 274
136 276
136 277
136 279
136 280
136 282
136 286
136 289
136 291
136 299
137 139
137 140
137 144
137 150
137 157
137 159
137 165
137 166
137 181
137 184
137 185
137 187
137 188
137 190
137 193
137 194
137 200
137 207
137 210
137 214
137 218
137 226
137 230
137 232
137 235
137 236
137 237
137 238
137 241
137 254
137 255
137 258
137 269
137 272
137 276
137 283
137 285
137 286
137 288
137 289
137 293
137 295
138 140
138 141
138 144
138 145
138 148
138 150
138 154
138 157
138 158
138 159
138 168
138 174
138 176
138 182
138 184
138 185
138 187
138 196
138 205
138 207
138 208
138 209
138 212
138 214
138 215
138 217
138 218
138 222
138 229
138 233
138 234
138 235
138 237
138 249
138 251
138 259
138 263
138 267
138 273
138 275
138 276
138 277
138 281
138 283
138 284
138 285
138 286
138 287
138 290
138 299
139 140
139 141
139 146
139 148
139 149
139 153
139 159
139 162
139 164
139 174
139 176
139 179
139 192
139 193
139 195
139 201
139 205
139 210
139 214
139 216
139 217
139 219
139 229
139 234
139 238
139 240
139 242
139 247
139 251
139 253
139 255
139 258
139 259
139 262
139 270
139 277
139 281
139 283
139 296
139 299
140 151
140 152
140 161
140 162
140 164
140 165
140 167
140 170
140 171
140 174
140 183
140 187
140 196
140 200
140 201
140 204
140 205
140 206
140 208
140 210
140 215
140 222
140 226
140 227
140 230
140 234
140 243
140 244
140 245
140 246
140 248
140 253
140 260
140 261
140 262
140 263
140 267
140 268
140 273
140 276
140 278
140 280
140 286
140 290
140 291
140 292
140 293
140 296
140 299
141 144
141 145
141 150
141 151
141 154
141 156
141 159
141 164
141 166
141 167
141 175
141 177
141 179
141 180
141 185
141 186
141 189
141 191
141 192
141 195
141 197
141 199
141 204
141 215
141 216
141 217
141 218
141 220
141 221
141 231
141 234
141 236
141 237
141 238
141 241
141 260
141 262
141 273
141 274
141 279
141 281
141 282
141 288
141 290
141 294
141 295
141 298
142 144
142 147
142 149
142 150
142 152
142 156
142 157
142 158
142 159
142 161
142 171
142 172
142 178
142 181
142 185
142 186
142 190
142 193
142 194
142 196
142 202
142 203
142 204
142 208
142 211
142 214
142 215
142 223
142 224
142 229
142 232
142 235
142 239
142 241
142 243
142 245
142 246
142 248
142 249
142 251
142 252
142 253
142 257
142 263
142 265
142 268
142 273
142 274
142 276
142 279
142 280
142 282
142 285
142 286
142 290
142 292
143 148
143 149
143 152
143 154
143 162
143 164
143 167
143 173
143 175
143 186
143 191
143 193
143 194
143 195
143 196
143 197
143 198
143 201
143 203
143 204
143 210
143 212
143 220
143 221
143 230
143 231
143 237
143 241
143 242
143 244
143 246
143 247
143 249
143 250
143 270
143 272
143 279
143 282
143 285
143 288
143 291
143 296
144 153
144 154
144 155
144 156
144 157
144 158
144 162
144 165
144 176
144 177
144 178
144 182
144 183
144 187
144 188
144 189
144 199
144 204
144 205
144 209
144 210
144 211
144 215
144 218
144 223
144 224
144 226
144 227
144 232
144 233
144 238
144 240
144 251
144 252
144 258
144 263
144 264
144 267
144 268
144 273
144 277
144 282
144 283
144 284
144 289
144 290
144 291
144 296
144 297
145 147
145 149
145 151
145 153
145 160
145 162
145 163
145 168
145 177
145 180
145 183
145 187
145 188
145 189
145 197
145 199
145 200
145 201
145 203
145 204
145 205
145 220
145 223
145 224
145 228
145 232
145 238
145 239
145 244
145 249
145 253
145 256
145 258
145 261
145 262
145 263
145 265
145 266
145 267
145 271
145 274
145 276
145 277
145 278
145 279
145 288
145 290
145 292
145 295
146 147
146 154
146 160
146 161
146 167
146 168
146 169
146 171
146 174
146 178
146 186
146 198
146 205
146 218
146 226
146 234
146 237
146 240
146 243
146 244
146 247
146 251
146 257
146 263
146 270
146 273
146 276
146 278
146 284
146 289
146 291
146 294
146 297
146 298
146 299
147 151
147 157
147 160
147 166
147 167
147 172
147 175
147 180
147 182
147 188
147 189
147 192
147 193
147 194
147 195
147 196
147 197
147 200
147 201
147 205
147 208
147 209
147 224
147 228
147 242
147 243
147 244
147 252
147 257
147 260
147 266
147 268
147 269
147 272
147 274
147 276
147 279
147 280
147 291
147 292
148 154
148 155
148 156
148 158
148 160
148 161
148 162
148 165
148 166
148 175
148 177
148 182
148 186
148 187
148 196
148 200
148 201
148 220
148 223
148 228
148 232
148 233
148 236
148 237
148 245
148 248
148 258
148 260
148 262
148 267
148 275
148 281
148 285
148 290
148 292
148 295
148 297
149 156
149 158
149 161
149 165
149 169
149 172
149 178
149 180
149 181
149 183
149 184
149 185
149 187
149 191
149 199
149 200
149 210
149 220
149 222
149 227
149 232
149 237
149 242
149 243
149 255
149 261
149 264
149 270
149 277
149 278
149 279
149 284
149 298
150 153
150 155
150 157
150 158
150 163
150 166
150 172
150 178
150 179
150 183
150 184
150 188
150 191
150 193
150 194
150 196
150 201
150 205
150 208
150 212
150 214
150 218
150 222
150 225
150 230
150 236
150 237
150 239
150 246
150 249
150 250
150 256
150 264
150 265
150 273
150 274
150 275
150 277
150 282
150 285
150 286
150 288
150 295
150 299
151 152
151 161
151 162
151 166
151 169
151 171
151 180
151 181
151 184
151 185
151 189
151 193
151 199
151 201
151 207
151 212
151 213
151 219
151 224
151 231
151 233
151 238
151 252
151 259
151 261
151 262
151 264
151 274
151 279
151 283
151 285
151 288
151 291
151 293
151 296
151 297
152 155
152 158
152 164
152 166
152 167
152 175
152 181
152 188
152 191
152 195
152 197
152 199
152 205
152 208
152 213
152 215
152 216
152 218
152 221
152 222
152 223
152 225
152 232
152 234
152 236
152 242
152 248
152 250
152 252
152 257
152 261
152 264
152 268
152 272
152 277
152 278
152 282
152 284
152 285
152 289
152 290
152 298
153 154
153 159
153 161
153 163
153 167
153 168
153 173
153 175
153 176
153 186
153 191
153 195
153 196
153 197
153 202
153 203
153 204
153 212
153 214
153 215
153 216
153 218
153 228
153 229
153 233
153 235
153 237
153 239
153 240
153 242
153 245
153 250
153 253
153 256
153 259
153 267
153 269
153 273
153 275
153 276
153 278
153 280
153 292
153 294
153 296
153 297
153 299
154 157
154 160
154 164
154 165
154 168
154 169
154 174
154 175
154 178
154 181
154 187
154 188
154 189
154 196
154 198
154 208
154 211
154 215
154 216
154 221
154 222
154 224
154 232
154 233
154 234
154 242
154 244
154 245
154 249
154 251
154 260
154 265
154 267
154 274
154 275
154 276
154 277
154 280
154 282
154 283
154 284
154 285
154 288
154 290
154 291
154 294
154 295
154 296
155 156
155 161
155 162
155 166
155 178
155 181
155 186
155 187
155 188
155 189
155 197
155 200
155 201
155 208
155 211
155 214
155 216
155 218
155 219
155 220
155 222
155 227
155 230
155 235
155 242
155 243
155 245
155 246
155 250
155 251
155 256
155 258
155 266
155 268
155 271
155 273
155 281
155 287
155 288
155 290
155 292
155 294
155 295
155 296
156 157
156 161
156 177
156 178
156 183
156 184
156 188
156 192
156 199
156 205
156 222
156 224
156 226
156 227
156 229
156 233
156 238
156 239
156 246
156 247
156 249
156 252
156 254
156 257
156 258
156 270
156 273
156 274
156 278
156 279
156 283
156 289
157 159
157 162
157 165
157 166
157 168
157 169
157 170
157 174
157 176
157 177
157 178
157 196
157 212
157 217
157 219
157 220
157 224
157 226
157 230
157 231
157 234
157 236
157 237
157 238
157 241
157 244
157 245
157 248
157 254
157 255
157 260
157 273
157 276
157 282
157 288
157 289
157 294
157 296
158 164
158 165
158 168
158 175
158 176
158 178
158 188
158 197
158 203
158 204
158 208
158 209
158 215
158 220
158 223
158 224
158 225
158 230
158 237
158 240
158 241
158 242
158 243
158 244
158 247
158 249
158 252
158 254
158 256
158 257
158 258
158 261
158 265
158 266
158 272
158 279
158 280
158 288
158 289
158 292
158 294
158 296
158 298
159 160
159 161
159 163
159 167
159 169
159 173
159 177
159 182
159 189
159 191
159 194
159 200
159 203
159 204
159 205
159 206
159 209
159 211
159 213
159 214
159 216
159 219
159 221
159 225
159 230
159 240
159 246
159 249
159 252
159 258
159 261
159 262
159 265
159 268
159 270
159 272
159 274
159 277
159 279
159 280
159 281
159 283
159 287
159 291
159 296
160 173
160 174
160 175
160 177
160 182
160 183
160 194
160 204
160 211
160 212
160 218
160 220
160 224
160 231
160 234
160 237
160 255
160 259
160 263
160 267
160 269
160 273
160 275
160 276
160 277
160 293
160 295
161 165
161 167
161 169
161 170
161 176
161 177
161 186
161 187
161 190
161 192
161 195
161 198
161 208
161 209
161 210
161 212
161 213
161 224
161 225
161 226
161 231
161 232
161 238
161 241
161 242
161 243
161 244
161 250
161 256
161 260
161 261
161 264
161 265
161 266
161 268
161 269
161 270
161 272
161 273
161 276
161 277
161 278
161 283
161 285
161 291
161 296
162 163
162 166
162 168
162 169
162 170
162 171
162 172
162 174
162 180
162 182
162 188
162 194
162 199
162 200
162 206
162 209
162 211
162 220
162 227
162 229
162 232
162 233
162 236
162 237
162 239
162 247
162 248
162 249
162 251
162 252
162 255
162 257
162 259
162 262
162 267
162 271
162 272
162 273
162 274
162 276
162 277
162 278
162 279
162 281
162 282
162 287
162 288
162 289
162 291
162 293
162 294
162 295
163 164
163 170
163 171
163 174
163 177
163 186
163 187
163 188
163 191
163 197
163 201
163 204
163 205
163 207
163 208
163 215
163 218
163 221
163 224
163 230
163 234
163 236
163 239
163 246
163 254
163 255
163 258
163 268
163 269
163 272
163 273
163 276
163 280
163 287
163 288
163 293
163 299
164 165
164 167
164 168
164 169
164 171
164 176
164 177
164 183
164 184
164 185
164 188
164 190
164 192
164 195
164 200
164 205
164 206
164 212
164 214
164 217
164 227
164 229
164 231
164 234
164 235
164 239
164 241
164 248
164 249
164 250
164 251
164 252
164 254
164 258
164 261
164 266
164 268
164 270
164 273
164 279
164 287
164 293
164 295
164 297
164 299
165 167
165 171
165 175
165 176
165 178
165 179
165 184
165 186
165 188
165 191
165 195
165 198
165 201
165 207
165 211
165 212
165 221
165 225
165 226
165 234
165 240
165 242
165 250
165 253
165 254
165 261
165 270
165 274
165 275
165 276
165 278
165 285
165 288
165 289
165 291
165 298
166 169
166 171
166 172
166 176
166 182
166 184
166 185
166 197
166 200
166 203
166 205
166 207
166 209
166 210
166 211
166 212
166 213
166 215
166 217
166 226
166 227
166 229
166 231
166 235
166 244
166 248
166 249
166 252
166 256
166 258
166 264
166 265
166 268
166 269
166 271
166 274
166 281
166 286
166 289
166 290
166 292
166 295
166 299
167 169
167 187
167 195
167 196
167 197
167 204
167 205
167 206
167 210
167 212
167 214
167 216
167 217
167 219
167 225
167 227
167 230
167 232
167 236
167 237
167 241
167 242
167 250
167 251
167 256
167 258
167 259
167 260
167 261
167 275
167 277
167 279
167 281
167 285
167 286
167 288
167 289
167 290
167 292
167 297
168 172
168 173
168 174
168 176
168 177
168 180
168 181
168 183
168 184
168 186
168 187
168 191
168 192
168 194
168 195
168 196
168 201
168 202
168 212
168 215
168 219
168 224
168 229
168 233
168 235
168 236
168 238
168 240
168 241
168 242
168 243
168 248
168 251
168 257
168 259
168 270
168 273
168 275
168 280
168 281
168 282
168 287
168 293
168 295
168 298
169 184
169 197
169 199
169 200
169 204
169 206
169 209
169 218
169 224
169 226
169 229
169 230
169 248
169 249
169 252
169 253
169 260
169 261
169 267
169 268
169 270
169 278
169 288
169 289
169 291
170 171
170 173
170 174
170 184
170 188
170 190
170 192
170 196
170 198
170 202
170 206
170 209
170 214
170 216
170 218
170 221
170 222
170 223
170 226
170 229
170 235
170 236
170 238
170 241
170 242
170 243
170 244
170 247
170 257
170 258
170 261
170 265
170 268
170 269
170 271
170 272
170 279
170 280
170 282
170 287
170 289
170 291
170 292
170 294
170 295
171 178
171 181
171 186
171 187
171 193
171 194
171 199
171 200
171 202
171 213
171 214
171 218
171 220
171 221
171 227
171 229
171 232
171 234
171 236
171 237
171 239
171 241
171 242
171 246
171 249
171 251
171 257
171 258
171 259
171 261
171 266
171 275
171 278
171 297
172 173
172 174
172 179
172 185
172 186
172 190
172 193
172 194
172 195
172 196
172 199
172 202
172 203
172 206
172 207
172 213
172 217
172 219
172 222
172 223
172 226
172 228
172 229
172 230
172 234
172 242
172 245
172 252
172 254
172 255
172 260
172 261
172 263
172 264
172 267
172 268
172 269
172 288
172 289
172 291
172 295
172 296
172 297
173 174
173 185
173 187
173 189
173 190
173 192
173 193
173 197
173 198
173 200
173 202
173 204
173 206
173 214
173 216
173 219
173 220
173 221
173 223
173 236
173 237
173 240
173 242
173 245
173 249
173 253
173 254
173 257
173 262
173 265
173 266
173 270
173 272
173 275
173 279
173 281
173 283
173 286
174 175
174 176
174 184
174 187
174 190
174 193
174 199
174 200
174 204
174 205
174 212
174 214
174 216
174 217
174 223
174 226
174 232
174 235
174 237
174 238
174 240
174 245
174 246
174 247
174 251
174 253
174 262
174 263
174 264
174 266
174 267
174 269
174 276
174 277
174 278
174 287
174 290
174 294
174 299
175 180
175 184
175 185
175 192
175 194
175 197
175 199
175 201
175 204
175 210
175 213
175 215
175 217
175 218
175 220
175 225
175 226
175 230
175 231
175 233
175 240
175 241
175 246
175 247
175 249
175 252
175 253
175 255
175 256
175 259
175 260
175 262
175 263
175 279
175 286
175 287
175 298
175 299
176 184
176 187
176 188
176 194
176 198
176 201
176 205
176 207
176 214
176 215
176 216
176 217
176 222
176 223
176 224
176 225
176 226
176 230
176 233
176 235
176 237
176 240
176 241
176 242
176 244
176 247
176 249
176 253
176 256
176 261
176 263
176 271
176 276
176 277
176 278
176 282
176 284
176 292
177 179
177 183
177 189
177 190
177 195
177 199
177 202
177 203
177 205
177 208
177 211
177 214
177 219
177 221
177 223
177 226
177 228
177 233
177 234
177 238
177 240
177 244
177 245
177 247
177 248
177 250
177 260
177 267
177 269
177 271
177 275
177 278
177 281
177 282
177 283
177 284
177 288
177 291
177 294
177 295
177 296
177 298
178 183
178 184
178 191
178 193
178 194
178 196
178 202
178 204
178 205
178 210
178 214
178 217
178 220
178 233
178 237
178 238
178 239
178 241
178 244
178 248
178 251
178 252
178 254
178 255
178 257
178 258
178 260
178 263
178 264
178 267
178 271
178 277
178 279
178 282
178 283
178 284
178 286
178 288
178 292
178 296
178 298
179 180
179 182
179 188
179 198
179 201
179 205
179 209
179 211
179 214
179 217
179 219
179 225
179 231
179 232
179 235
179 238
179 243
179 248
179 249
179 250
179 251
179 254
179 256
179 260
179 261
179 263
179 270
179 271
179 278
179 280
179 281
179 282
179 288
179 295
179 297
179 298
180 181
180 183
180 184
180 187
180 188
180 189
180 192
180 194
180 196
180 202
180 204
180 206
180 207
180 208
180 209
180 213
180 214
180 226
180 232
180 235
180 243
180 244
180 246
180 247
180 257
180 265
180 266
180 267
180 268
180 270
180 271
180 273
180 275
180 276
180 280
180 281
180 282
180 285
180 288
180 292
180 296
180 297
181 189
181 192
181 193
181 194
181 196
181 198
181 203
181 205
181 206
181 215
181 218
181 219
181 222
181 225
181 230
181 231
181 232
181 233
181 241
181 247
181 250
181 254
181 256
181 261
181 271
181 272
181 273
181 275
181 289
181 292
181 294
181 298
182 189
182 192
182 196
182 197
182 198
182 199
182 201
182 203
182 206
182 209
182 210
182 212
182 214
182 216
182 222
182 223
182 229
182 232
182 234
182 236
182 239
182 243
182 245
182 246
182 251
182 256
182 257
182 263
182 270
182 272
182 273
182 276
182 277
182 280
182 285
182 286
182 295
182 296
182 297
183 185
183 186
183 188
183 191
183 200
183 201
183 208
183 210
183 211
183 213
183 214
183 215
183 219
183 222
183 234
183 235
183 238
183 239
183 240
183 241
183 244
183 245
183 249
183 250
183 251
183 259
183 261
183 265
183 266
183 267
183 268
183 271
183 273
183 276
183 277
183 280
183 283
183 285
183 289
183 291
183 292
183 294
183 297
184 185
184 192
184 193
184 196
184 197
184 200
184 206
184 211
184 212
184 224
184 231
184 233
184 234
184 239
184 246
184 248
184 252
184 253
184 257
184 258
184 260
184 262
184 268
184 269
184 274
184 280
184 291
184 295
185 189
185 192
185 198
185 199
185 200
185 207
185 212
185 224
185 229
185 230
185 235
185 237
185 238
185 240
185 241
185 242
185 243
185 245
185 247
185 251
185 256
185 262
185 264
185 267
185 269
185 270
185 273
185 278
185 282
185 285
185 290
185 295
185 297
186 189
186 192
186 194
186 198
186 204
186 210
186 215
186 217
186 222
186 225
186 234
186 235
186 242
186 244
186 245
186 257
186 262
186 270
186 271
186 272
186 273
186 275
186 276
186 278
186 279
186 287
186 288
186 291
186 292
186 293
187 191
187 193
187 196
187 208
187 211
187 213
187 216
187 217
187 223
187 225
187 226
187 229
187 231
187 232
187 235
187 239
187 246
187 253
187 256
187 263
187 266
187 267
187 268
187 269
187 271
187 276
187 278
187 282
187 287
187 288
187 290
187 292
187 293
187 295
188 190
188 191
188 200
188 205
188 206
188 210
188 217
188 221
188 222
188 227
188 228
188 236
188 237
188 241
188 243
188 248
188 249
188 252
188 254
188 256
188 257
188 258
188 267
188 269
188 270
188 277
188 281
188 282
188 284
188 285
188 290
188 291
188 293
188 294
188 298
189 191
189 192
189 193
189 195
189 198
189 200
189 201
189 203
189 207
189 217
189 225
189 228
189 240
189 243
189 244
189 246
189 254
189 255
189 258
189 262
189 265
189 266
189 267
189 269
189 270
189 275
189 276
189 277
189 285
189 296
189 297
189 298
190 192
190 195
190 205
190 207
190 208
190 210
190 211
190 215
190 230
190 233
190 234
190 235
190 236
190 239
190 244
190 253
190 256
190 257
190 258
190 262
190 264
190 265
190 273
190 279
190 280
190 282
190 285
190 290
190 293
190 295
190 296
190 298
191 198
191 200
191 210
191 216
191 219
191 220
191 232
191 243
191 249
191 257
191 258
191 259
191 263
191 266
191 267
191 269
191 270
191 272
191 275
191 276
191 290
191 294
191 297
192 193
192 195
192 201
192 208
192 209
192 211
192 213
192 214
192 218
192 221
192 236
192 238
192 239
192 240
192 241
192 243
192 247
192 249
192 251
192 252
192 253
192 254
192 255
192 258
192 259
192 262
192 263
192 270
192 275
192 277
192 278
192 285
192 291
192 297
192 299
193 197
193 198
193 199
193 202
193 206
193 210
193 215
193 218
193 220
193 222
193 230
193 237
193 239
193 243
193 244
193 245
193 246
193 250
193 252
193 255
193 258
193 259
193 262
193 263
193 264
193 271
193 273
193 274
193 279
193 280
193 286
193 289
193 290
193 293
193 295
193 296
193 298
194 195
194 200
194 204
194 206
194 207
194 208
194 209
194 213
194 214
194 216
194 225
194 226
194 227
194 229
194 231
194 236
194 238
194 241
194 242
194 243
194 245
194 246
194 249
194 253
194 255
194 264
194 265
194 267
194 272
194 276
194 277
194 287
194 293
195 196
195 197
195 199
195 203
195 209
195 210
195 215
195 223
195 224
195 226
195 227
195 231
195 247
195 256
195 263
195 266
195 268
195 269
195 272
195 273
195 274
195 276
195 277
195 279
195 280
195 282
195 289
195 296
195 297
195 299
196 198
196 199
196 200
196 202
196 204
196 209
196 213
196 216
196 218
196 219
196 221
196 225
196 226
196 229
196 232
196 237
196 239
196 241
196 249
196 251
196 253
196 255
196 257
196 260
196 261
196 265
196 275
196 281
196 282
196 283
196 285
196 287
196 288
196 291
196 293
196 295
196 297
196 299
197 198
197 199
197 202
197 203
197 204
197 208
197 209
197 210
197 212
197 219
197 222
197 226
197 232
197 234
197 236
197 237
197 240
197 241
197 244
197 246
197 254
197 258
197 261
197 262
197 265
197 268
197 277
197 280
197 281
197 286
197 288
197 292
197 293
197 295
197 299
198 204
198 205
198 208
198 209
198 219
198 221
198 226
198 228
198 229
198 231
198 234
198 235
198 236
198 239
198 242
198 243
198 245
198 257
198 262
198 265
198 266
198 267
198 268
198 270
198 272
198 278
198 280
198 284
198 293
198 295
198 296
199 200
199 201
199 202
199 206
199 208
199 210
199 211
199 216
199 220
199 228
199 230
199 232
199 237
199 246
199 247
199 248
199 249
199 250
199 264
199 265
199 266
199 267
199 268
199 272
199 277
199 278
199 280
199 285
199 288
199 296
199 298
200 202
200 207
200 208
200 209
200 210
200 213
200 218
200 230
200 234
200 237
200 239
200 241
200 242
200 245
200 246
200 249
200 250
200 251
200 259
200 261
200 268
200 278
200 280
200 291
200 292
200 296
200 297
201 203
201 204
201 205
201 206
201 212
201 213
201 215
201 216
201 221
201 226
201 227
201 228
201 231
201 233
201 234
201 235
201 239
201 242
201 252
201 256
201 259
201 261
201 262
201 264
201 268
201 272
201 278
201 279
201 281
201 296
201 299
202 203
202 204
202 205
202 206
202 213
202 214
202 215
202 216
202 217
202 219
202 220
202 221
202 222
202 227
202 228
202 230
202 233
202 234
202 235
202 237
202 239
202 243
202 244
202 254
202 255
202 260
202 263
202 273
202 274
202 279
202 286
202 287
202 289
202 290
202 297
202 299
203 216
203 218
203 220
203 222
203 224
203 225
203 227
203 228
203 230
203 232
203 239
203 241
203 243
203 244
203 250
203 255
203 256
203 261
203 262
203 266
203 273
203 279
203 285
203 286
203 295
203 297
204 210
204 214
204 216
204 218
204 219
204 222
204 230
204 232
204 233
204 234
204 235
204 239
204 242
204 245
204 246
204 248
204 251
204 253
204 255
204 260
204 265
204 266
204 267
204 268
204 272
204 273
204 274
204 276
204 277
204 285
204 288
204 289
204 292
204 294
205 206
205 209
205 211
205 214
205 223
205 229
205 231
205 232
205 233
205 235
205 238
205 256
205 259
205 263
205 264
205 266
205 267
205 278
205 279
205 285
205 286
205 287
205 289
205 290
205 295
206 209
206 211
206 214
206 220
206 221
206 227
206 229
206 232
206 237
206 238
206 247
206 252
206 255
206 259
206 264
206 269
206 272
206 279
206 281
206 286
206 287
206 289
206 292
206 297
207 209
207 211
207 215
207 217
207 222
207 224
207 226
207 227
207 233
207 236
207 239
207 242
207 246
207 248
207 251
207 254
207 256
207 262
207 268
207 273
207 276
207 277
207 285
207 286
207 288
207 289
207 290
207 295
207 296
207 299
208 217
208 226
208 227
208 233
208 234
208 237
208 243
208 244
208 245
208 246
208 247
208 252
208 253
208 254
208 255
208 259
208 262
208 266
208 270
208 272
208 275
208 276
208 282
208 283
208 288
208 291
208 292
208 294
208 298
209 210
209 214
209 215
209 217
209 218
209 226
209 229
209 233
209 244
209 249
209 250
209 254
209 255
209 257
209 267
209 279
209 281
209 282
209 288
209 289
209 291
209 294
210 211
210 212
210 215
210 216
210 218
210 224
210 226
210 227
210 230
210 231
210 233
210 234
210 235
210 236
210 239
210 244
210 246
210 247
210 248
210 253
210 254
210 256
210 257
210 258
210 259
210 261
210 270
210 273
210 275
210 276
210 277
210 279
210 281
210 282
210 285
210 286
210 287
210 290
210 294
210 295
211 214
211 217
211 219
211 220
211 222
211 226
211 228
211 232
211 237
211 239
211 240
211 241
211 242
211 243
211 244
211 245
211 248
211 252
211 253
211 254
211 257
211 258
211 259
211 262
211 269
211 272
211 273
211 274
211 275
211 277
211 278
211 281
211 282
211 283
211 285
211 286
211 291
211 292
211 294
212 213
212 218
212 220
212 225
212 236
212 244
212 249
212 251
212 253
212 254
212 256
212 260
212 263
212 264
212 265
212 269
212 271
212 272
212 275
212 277
212 281
212 282
212 283
212 291
212 296
212 298
212 299
213 214
213 217
213 218
213 221
213 223
213 224
213 232
213 234
213 236
213 238
213 243
213 250
213 252
213 256
213 260
213 261
213 262
213 267
213 272
213 273
213 280
213 282
213 285
213 289
213 296
213 299
214 216
214 218
214 220
214 221
214 222
214 224
214 231
214 234
214 235
214 236
214 240
214 244
214 247
214 254
214 255
214 259
214 260
214 261
214 275
214 276
214 277
214 285
214 289
214 290
214 292
214 295
214 299
215 216
215 219
215 220
215 225
215 229
215 235
215 236
215 238
215 240
215 243
215 247
215 248
215 249
215 251
215 253
215 258
215 266
215 268
215 270
215 272
215 277
215 278
215 281
215 283
215 286
215 288
215 289
215 292
216 218
216 219
216 223
216 227
216 231
216 232
216 238
216 240
216 241
216 248
216 249
216 251
216 253
216 255
216 259
216 260
216 261
216 262
216 267
216 268
216 269
216 271
216 275
216 277
216 280
216 288
216 289
216 290
216 291
216 292
216 293
216 294
216 295
216 297
216 298
217 221
217 222
217 223
217 224
217 225
217 226
217 234
217 235
217 236
217 237
217 243
217 244
217 251
217 252
217 256
217 257
217 263
217 264
217 266
217 268
217 277
217 279
217 284
217 286
217 288
217 291
217 293
217 294
217 295
218 220
218 221
218 222
218 228
218 229
218 238
218 244
218 246
218 251
218 255
218 259
218 260
218 261
218 264
218 266
218 271
218 272
218 275
218 279
218 282
218 285
218 287
218 288
218 292
218 294
218 295
219 221
219 223
219 226
219 230
219 231
219 235
219 238
219 244
219 245
219 247
219 249
219 253
219 257
219 258
219 265
219 267
219 283
219 291
219 293
219 294
219 296
219 297
219 298
220 222
220 230
220 237
220 239
220 240
220 241
220 246
220 247
220 248
220 256
220 257
220 258
220 260
220 265
220 268
220 272
220 273
220 276
220 287
220 290
220 291
220 295
221 222
221 228
221 229
221 231
221 234
221 236
221 238
221 241
221 246
221 249
221 250
221 252
221 260
221 263
221 266
221 271
221 278
221 279
221 281
221 282
221 283
221 284
221 285
221 287
221 290
221 293
221 296
222 225
222 226
222 227
222 229
222 236
222 239
222 247
222 255
222 257
222 260
222 265
222 266
222 270
222 271
222 277
222 281
222 284
222 288
222 293
222 294
222 299
223 228
223 232
223 234
223 236
223 241
223 243
223 245
223 246
223 248
223 249
223 250
223 251
223 261
223 269
223 274
223 278
223 285
223 295
223 298
224 226
224 228
224 234
224 246
224 247
224 248
224 250
224 255
224 259
224 260
224 264
224 266
224 267
224 268
224 271
224 273
224 276
224 277
224 278
224 279
224 280
224 282
224 284
224 285
224 291
224 295
224 299
225 227
225 228
225 241
225 244
225 245
225 246
225 255
225 259
225 262
225 265
225 266
225 267
225 268
225 270
225 271
225 275
225 276
225 277
225 285
225 290
225 294
225 296
226 234
226 236
226 242
226 257
226 260
226 262
226 264
226 265
226 266
226 267
226 272
226 276
226 279
226 280
226 298
226 299
227 229
227 231
227 239
227 243
227 244
227 250
227 254
227 259
227 262
227 267
227 269
227 270
227 273
227 276
227 280
227 281
227 282
227 283
227 286
227 292
227 294
227 297
227 299
228 237
228 239
228 244
228 245
228 247
228 256
228 257
228 261
228 264
228 265
228 277
228 284
228 295
228 297
228 299
229 230
229 233
229 235
229 237
229 241
229 247
229 252
229 253
229 256
229 260
229 262
229 265
229 267
229 275
229 278
229 279
229 284
229 292
229 293
229 297
229 299
230 231
230 232
230 236
230 238
230 239
230 242
230 245
230 247
230 249
230 251
230 254
230 257
230 258
230 259
230 261
230 266
230 273
230 275
230 276
230 278
230 284
230 298
231 232
231 237
231 240
231 245
231 247
231 248
231 254
231 259
231 262
231 267
231 269
231 271
231 277
231 278
231 281
231 282
231 286
231 289
231 293
231 294
231 295
231 296
232 234
232 235
232 238
232 240
232 243
232 244
232 247
232 250
232 252
232 254
232 258
232 262
232 264
232 265
232 266
232 268
232 271
232 272
232 274
232 276
232 277
232 279
232 283
232 286
232 287
232 291
232 292
232 293
232 296
233 241
233 243
233 244
233 251
233 259
233 261
233 262
233 265
233 269
233 271
233 276
233 279
233 281
233 288
233 292
233 293
233 299
234 236
234 241
234 248
234 250
234 253
234 255
234 258
234 261
234 265
234 267
234 271
234 272
234 275
234 279
234 280
234 285
234 286
234 293
234 295
234 297
235 237
235 238
235 243
235 246
235 247
235 250
235 256
235 258
235 263
235 268
235 273
235 282
235 284
235 289
235 292
235 297
236 237
236 240
236 241
236 243
236 245
236 250
236 254
236 257
236 260
236 261
236 268
236 274
236 275
236 283
236 288
236 289
236 290
236 296
236 299
237 239
237 241
237 243
237 245
237 251
237 253
237 256
237 258
237 263
237 264
237 265
237 268
237 278
237 279
237 280
237 281
237 284
237 286
237 287
237 288
237 294
238 240
238 247
238 250
238 254
238 261
238 268
238 273
238 279
238 282
238 283
238 287
238 291
238 294
238 295
238 297
238 298
239 242
239 246
239 248
239 249
239 250
239 251
239 253
239 254
239 259
239 263
239 266
239 267
239 268
239 274
239 279
239 282
239 286
239 288
239 293
239 294
239 299
240 244
240 248
240 251
240 254
240 256
240 259
240 260
240 264
240 266
240 267
240 271
240 277
240 279
240 282
240 284
240 286
240 289
240 290
240 292
240 295
240 297
240 298
241 249
241 250
241 251
241 252
241 255
241 256
241 259
241 261
241 262
241 267
241 268
241 272
241 273
241 275
241 276
241 278
241 283
241 294
242 243
242 244
242 246
242 247
242 248
242 255
242 256
242 258
242 259
242 260
242 264
242 268
242 276
242 278
242 280
242 281
242 282
242 286
242 288
242 290
242 291
242 296
242 298
243 247
243 248
243 249
243 256
243 257
243 259
243 263
243 264
243 266
243 267
243 272
243 273
243 279
243 280
243 283
243 284
243 288
243 291
243 293
243 295
243 299
244 253
244 256
244 267
244 268
244 269
244 270
244 271
244 284
244 285
244 287
244 288
244 291
244 292
244 298
244 299
245 246
245 247
245 251
245 252
245 265
245 266
245 267
245 269
245 270
245 274
245 276
245 279
245 280
245 281
245 289
245 292
245 294
245 298
246 249
246 252
246 263
246 264
246 267
246 269
246 270
246 272
246 276
246 278
246 281
246 282
246 283
246 287
246 288
246 292
246 293
246 294
246 295
247 249
247 251
247 257
247 259
247 267
247 270
247 273
247 283
247 284
247 297
248 250
248 255
248 264
248 267
248 268
248 269
248 271
248 272
248 273
248 276
248 277
248 282
248 283
248 284
248 285
248 286
248 288
248 289
248 293
248 295
248 297
249 250
249 253
249 255
249 256
249 257
249 258
249 259
249 260
249 262
249 263
249 265
249 267
249 269
249 270
249 272
249 273
249 275
249 276
249 278
249 280
249 282
249 283
249 286
249 288
249 290
249 291
249 293
249 299
250 251
250 262
250 273
250 276
250 277
250 279
250 281
250 282
250 284
250 285
250 291
250 292
250 294
250 296
250 298
250 299
251 252
251 253
251 258
251 259
251 263
251 275
251 279
251 282
251 284
251 293
251 294
251 296
251 297
252 253
252 255
252 258
252 264
252 265
252 276
252 278
252 285
252 286
252 292
252 294
252 296
253 257
253 263
253 265
253 275
253 278
253 281
253 284
253 288
253 290
253 294
253 295
253 298
253 299
254 255
254 256
254 265
254 267
254 276
254 278
254 290
254 291
254 294
254 296
255 256
255 257
255 261
255 268
255 270
255 274
255 275
255 276
255 278
255 280
255 281
255 283
255 287
255 290
255 296
256 259
256 261
256 262
256 268
256 271
256 275
256 277
256 281
256 290
256 293
257 258
257 260
257 263
257 269
257 270
257 272
257 275
257 280
257 282
257 284
257 286
257 288
257 289
257 295
257 296
257 299
258 260
258 268
258 271
258 272
258 275
258 279
258 280
258 284
258 285
258 288
258 289
258 291
258 299
259 264
259 265
259 270
259 271
259 284
259 288
259 294
259 298
260 263
260 266
260 267
260 271
260 275
260 281
260 285
260 293
260 294
261 262
261 266
261 270
261 271
261 274
261 276
261 280
261 281
261 284
261 287
261 288
261 289
261 291
262 264
262 265
262 267
262 274
262 275
262 278
262 280
262 282
262 284
262 293
262 294
262 298
263 266
263 274
263 275
263 277
263 278
263 286
263 287
263 288
263 294
263 296
264 265
264 272
264 276
264 277
264 278
264 281
264 297
265 268
265 271
265 274
265 276
265 280
265 285
265 289
265 294
266 267
266 275
266 276
266 281
266 291
266 293
266 296
266 298
267 271
267 273
267 274
267 275
267 277
267 278
267 282
267 285
267 286
267 290
267 291
267 293
267 295
268 274
268 275
268 276
268 280
268 290
268 291
268 295
268 296
269 271
269 277
269 280
269 283
269 286
269 299
270 274
270 275
270 277
270 278
270 283
270 289
270 293
270 294
270 296
271 273
271 274
271 277
271 281
271 282
271 289
271 295
271 298
272 274
272 277
272 278
272 279
272 280
272 282
272 283
272 284
272 287
272 289
272 295
273 274
273 278
273 281
273 282
273 283
273 293
273 294
273 296
273 297
273 299
274 280
274 281
274 284
274 286
274 291
274 295
274 298
274 299
275 277
275 279
275 282
275 283
275 288
275 295
276 280
276 281
276 287
276 290
276 295
277 280
277 290
277 291
277 292
277 294
277 295
277 296
278 285
278 289
278 295
278 296
278 299
279 281
279 282
279 284
279 287
279 290
279 298
280 282
280 285
280 290
280 292
281 288
281 291
281 295
281 298
282 290
282 291
282 292
282 297
282 299
283 285
283 286
283 287
283 288
283 290
283 291
283 296
284 285
284 287
284 290
284 294
284 295
284 296
284 297
284 298
285 290
285 296
285 297
286 287
286 289
286 291
286 297
287 288
287 290
287 292
287 295
287 296
288 289
288 290
288 291
288 299
289 293
289 295
290 292
290 295
290 296
291 292
291 295
291 296
292 294
292 298
293 294
293 295
294 295
294 298
295 297
296 298
