80 943
0 1
0 6
0 8
0 13
0 16
0 18
0 20
0 25
0 30
0 31
0 38
0 40
0 42
0 49
0 50
0 54
0 55
0 59
0 61
0 65
0 66
0 67
0 71
0 72
0 74
1 3
1 4
1 7
1 11
1 16
1 18
1 20
1 21
1 24
1 28
1 29
1 30
1 32
1 36
1 37
1 39
1 40
1 48
1 50
1 51
1 54
1 55
1 57
1 58
1 60
1 68
1 73
1 76
1 77
1 78
2 3
2 10
2 28
2 30
2 32
2 34
2 36
2 37
2 40
2 45
2 50
2 52
2 55
2 59
2 65
2 69
3 8
3 11
3 17
3 18
3 27
3 29
3 30
3 32
3 33
3 38
3 46
3 51
3 53
3 57
3 60
3 64
3 65
3 74
3 76
4 9
4 14
4 20
4 21
4 25
4 26
4 29
4 31
4 34
4 36
4 38
4 45
4 47
4 54
4 71
4 74
5 6
5 12
5 13
5 17
5 19
5 20
5 21
5 22
5 23
5 26
5 37
5 38
5 39
5 41
5 43
5 45
5 49
5 53
5 55
5 60
5 63
5 64
5 68
5 70
5 73
5 74
6 8
6 15
6 22
6 28
6 29
6 34
6 36
6 39
6 41
6 45
6 47
6 54
6 55
6 57
6 58
6 60
6 61
6 63
6 67
6 71
6 74
6 77
6 78
7 9
7 10
7 14
7 20
7 23
7 25
7 27
7 31
7 32
7 35
7 38
7 41
7 43
7 44
7 55
7 59
7 61
7 66
7 67
7 69
7 70
7 71
7 77
7 79
8 17
8 20
8 21
8 22
8 24
8 28
8 32
8 42
8 45
8 50
8 51
8 53
8 60
8 61
8 62
8 63
8 64
8 67
8 69
8 70
8 73
8 75
8 76
8 77
8 79
9 10
9 11
9 12
9 14
9 15
9 17
9 25
9 27
9 30
9 31
9 37
9 38
9 44
9 46
9 47
9 51
9 58
9 59
9 62
9 65
9 67
9 69
9 75
9 77
10 11
10 15
10 23
10 24
10 26
10 28
10 30
10 31
10 33
10 38
10 41
10 43
10 44
10 48
10 50
10 52
10 57
10 60
10 65
10 72
10 74
10 78
10 79
11 13
11 18
11 20
11 21
11 26
11 30
11 31
11 49
11 50
11 52
11 53
11 54
11 58
11 59
11 60
11 61
11 63
11 72
11 73
11 79
12 13
12 16
12 17
12 24
12 35
12 37
12 38
12 39
12 44
12 50
12 61
12 62
12 63
12 64
12 74
12 77
12 79
13 17
13 20
13 21
13 23
13 25
13 29
13 30
13 33
13 39
13 40
13 49
13 53
13 56
13 64
13 65
13 66
13 68
13 72
13 75
13 77
13 79
14 16
14 24
14 31
14 34
14 35
14 42
14 43
14 46
14 48
14 50
14 51
14 52
14 54
14 56
14 63
14 68
14 69
14 73
14 76
14 77
14 79
15 20
15 21
15 22
15 24
15 26
15 29
15 32
15 37
15 39
15 42
15 47
15 50
15 51
15 55
15 59
15 60
15 62
15 67
15 71
15 73
15 74
15 79
16 24
16 27
16 33
16 49
16 50
16 53
16 59
16 65
16 69
16 70
16 71
16 74
16 75
16 78
17 21
17 22
17 24
17 28
17 32
17 36
17 37
17 39
17 42
17 45
17 46
17 50
17 54
17 55
17 56
17 58
17 63
17 64
17 67
17 71
17 74
17 75
17 77
18 21
18 25
18 27
18 29
18 30
18 31
18 36
18 41
18 42
18 43
18 44
18 46
18 48
18 50
18 58
18 59
18 62
18 64
18 65
18 67
18 68
18 69
18 70
18 73
18 78
19 20
19 33
19 35
19 42
19 44
19 46
19 48
19 49
19 53
19 57
19 59
19 60
19 63
19 69
19 70
19 74
19 77
20 22
20 25
20 27
20 28
20 30
20 35
20 39
20 40
20 41
20 44
20 48
20 56
20 59
20 60
20 63
20 64
20 65
20 68
20 70
20 71
20 76
20 78
21 22
21 27
21 28
21 35
21 42
21 43
21 44
21 45
21 46
21 47
21 51
21 58
21 60
21 62
21 71
21 73
21 78
21 79
22 23
22 25
22 26
22 30
22 33
22 40
22 51
22 61
22 62
22 64
22 67
22 71
22 72
22 76
22 78
23 26
23 27
23 28
23 32
23 37
23 42
23 51
23 57
23 61
23 63
23 68
23 74
23 75
23 77
23 78
24 26
24 27
24 29
24 33
24 34
24 37
24 38
24 39
24 40
24 41
24 50
24 62
24 64
24 65
24 68
24 69
24 73
24 78
25 29
25 31
25 35
25 36
25 37
25 41
25 42
25 47
25 53
25 55
25 59
25 61
25 66
25 71
25 74
25 76
26 31
26 33
26 38
26 42
26 44
26 51
26 54
26 65
26 70
26 75
26 78
26 79
27 31
27 32
27 36
27 45
27 46
27 58
27 67
27 79
28 31
28 33
28 34
28 35
28 37
28 38
28 39
28 46
28 47
28 48
28 51
28 64
28 67
28 69
28 71
28 75
28 76
28 78
28 79
29 30
29 31
29 33
29 35
29 37
29 38
29 39
29 46
29 49
29 53
29 59
29 63
29 66
29 68
29 69
29 73
29 76
29 77
29 78
30 34
30 41
30 46
30 50
30 55
30 58
30 60
30 69
30 73
30 74
30 78
30 79
31 32
31 33
31 37
31 47
31 57
31 60
31 61
31 65
31 66
31 68
31 78
32 38
32 39
32 40
32 41
32 42
32 46
32 47
32 48
32 52
32 53
32 56
32 70
32 73
32 74
32 77
33 35
33 36
33 41
33 45
33 48
33 50
33 57
33 60
33 62
33 66
33 71
33 76
33 78
34 37
34 40
34 42
34 47
34 51
34 55
34 57
34 59
34 60
34 69
34 71
34 73
34 74
34 75
34 78
34 79
35 36
35 41
35 47
35 48
35 49
35 53
35 59
35 60
35 64
35 66
35 68
35 70
35 75
35 76
35 79
36 37
36 38
36 39
36 40
36 44
36 52
36 57
36 58
36 65
36 70
36 75
36 79
37 40
37 41
37 46
37 50
37 53
37 58
37 61
37 63
37 68
37 69
37 70
37 74
37 79
38 40
38 41
38 42
38 45
38 46
38 53
38 55
38 56
38 57
38 58
38 64
38 65
38 66
38 71
38 72
38 74
38 75
38 78
39 40
39 42
39 51
39 53
39 54
39 56
39 57
39 59
39 60
39 62
39 63
39 67
39 68
39 69
39 71
39 75
40 51
40 52
40 53
40 57
40 65
40 70
40 71
40 77
40 78
41 47
41 50
41 52
41 53
41 54
41 55
41 57
41 59
41 61
41 62
41 63
41 72
42 46
42 51
42 53
42 63
42 65
42 68
42 70
42 76
42 77
42 79
43 44
43 46
43 55
43 56
43 61
43 64
43 65
43 69
43 72
43 78
43 79
44 50
44 55
44 56
44 62
44 72
44 73
44 78
45 46
45 50
45 60
45 63
45 65
45 66
45 69
45 75
46 48
46 50
46 51
46 60
46 61
46 64
46 72
46 75
47 49
47 52
47 54
47 65
47 71
47 72
47 78
48 49
48 51
48 67
48 74
48 75
49 63
49 65
49 68
49 74
49 77
49 78
49 79
50 51
50 52
50 53
50 55
50 60
50 61
50 63
50 70
50 72
51 52
51 54
51 60
51 66
51 68
51 72
51 77
52 53
52 55
52 60
52 61
52 62
52 65
52 66
52 69
52 70
52 71
52 72
52 73
52 76
53 60
53 65
53 71
53 72
54 56
54 60
54 62
54 67
54 74
55 57
55 61
55 62
55 66
55 69
55 76
55 77
55 79
56 61
56 67
56 68
56 69
56 75
56 78
57 59
57 61
57 65
57 67
57 70
57 73
57 74
57 76
57 77
57 78
58 61
58 62
58 72
59 61
59 66
59 67
59 69
59 72
59 73
59 74
59 76
60 68
60 76
60 77
61 64
61 69
61 72
61 75
62 68
62 72
62 76
62 77
62 78
63 65
63 68
63 72
63 73
63 74
63 75
64 68
64 69
64 72
64 74
64 76
64 77
64 78
65 74
66 72
67 70
67 77
68 70
68 71
68 72
68 77
68 79
69 73
69 77
69 79
70 71
70 73
70 74
70 75
70 78
71 78
72 73
72 74
72 75
72 78
73 76
75 78
76 77
76 79
77 78
