100 1490
0 5
0 6
0 8
0 10
0 15
0 19
0 21
0 30
0 31
0 38
0 41
0 47
0 48
0 51
0 55
0 57
0 58
0 59
0 65
0 71
0 73
0 75
0 76
0 78
0 79
0 80
0 88
0 89
0 90
0 99
1 2
1 10
1 12
1 13
1 16
1 17
1 20
1 21
1 25
1 30
1 32
1 40
1 42
1 47
1 51
1 54
1 56
1 57
1 60
1 61
1 62
1 63
1 64
1 65
1 72
1 73
1 74
1 81
1 82
1 86
1 88
1 90
2 3
2 5
2 6
2 8
2 9
2 15
2 16
2 18
2 19
2 23
2 37
2 38
2 40
2 45
2 48
2 51
2 58
2 62
2 63
2 66
2 67
2 68
2 72
2 73
2 74
2 75
2 77
2 80
2 81
2 84
2 87
2 89
2 94
2 98
2 99
3 4
3 6
3 11
3 12
3 15
3 18
3 19
3 25
3 30
3 31
3 33
3 39
3 43
3 47
3 53
3 56
3 58
3 62
3 65
3 69
3 71
3 72
3 77
3 80
3 87
3 88
3 89
3 92
3 94
3 97
3 99
4 7
4 10
4 14
4 17
4 24
4 41
4 46
4 47
4 52
4 53
4 54
4 56
4 58
4 60
4 63
4 67
4 68
4 71
4 72
4 73
4 75
4 77
4 79
4 80
4 81
4 82
4 83
4 86
4 93
4 98
4 99
5 6
5 12
5 13
5 14
5 17
5 23
5 28
5 30
5 32
5 36
5 37
5 43
5 50
5 56
5 58
5 59
5 63
5 67
5 69
5 70
5 71
5 73
5 75
5 78
5 85
5 90
5 93
5 98
6 10
6 16
6 17
6 19
6 28
6 31
6 32
6 35
6 37
6 39
6 40
6 42
6 45
6 46
6 47
6 48
6 49
6 54
6 55
6 57
6 58
6 63
6 69
6 72
6 73
6 74
6 78
6 81
6 84
6 87
6 89
6 97
7 9
7 12
7 13
7 15
7 19
7 20
7 23
7 25
7 36
7 38
7 44
7 45
7 48
7 49
7 50
7 55
7 56
7 57
7 58
7 61
7 68
7 69
7 70
7 72
7 75
7 78
7 79
7 80
7 93
7 95
8 10
8 16
8 23
8 32
8 35
8 36
8 37
8 40
8 45
8 46
8 49
8 52
8 62
8 70
8 71
8 81
8 82
8 87
8 90
8 91
8 93
8 98
9 11
9 14
9 15
9 18
9 27
9 29
9 31
9 35
9 39
9 41
9 43
9 45
9 46
9 47
9 50
9 55
9 57
9 58
9 60
9 62
9 68
9 72
9 73
9 78
9 82
9 83
9 87
9 88
9 90
9 92
9 94
9 95
9 97
10 11
10 13
10 15
10 19
10 23
10 24
10 32
10 33
10 36
10 38
10 47
10 48
10 49
10 51
10 54
10 63
10 69
10 79
10 80
10 85
10 90
10 91
10 94
10 95
10 98
11 12
11 13
11 14
11 15
11 16
11 18
11 21
11 23
11 27
11 31
11 34
11 35
11 36
11 44
11 45
11 48
11 50
11 53
11 55
11 57
11 59
11 60
11 61
11 68
11 69
11 70
11 71
11 75
11 76
11 78
11 81
11 83
11 85
11 88
12 13
12 16
12 22
12 29
12 38
12 39
12 41
12 43
12 46
12 49
12 52
12 54
12 60
12 61
12 66
12 67
12 71
12 72
12 75
12 77
12 79
12 80
12 83
12 84
12 87
12 88
12 96
12 98
13 14
13 16
13 20
13 30
13 32
13 35
13 38
13 48
13 53
13 58
13 60
13 64
13 73
13 74
13 78
13 82
13 90
13 97
13 99
14 16
14 17
14 19
14 26
14 31
14 33
14 40
14 41
14 42
14 45
14 46
14 50
14 52
14 55
14 57
14 59
14 71
14 74
14 75
14 76
14 79
14 80
14 85
14 88
14 90
14 92
14 94
14 98
14 99
15 20
15 22
15 23
15 24
15 26
15 32
15 33
15 34
15 39
15 43
15 46
15 47
15 48
15 49
15 52
15 53
15 56
15 58
15 59
15 67
15 68
15 69
15 73
15 74
15 83
15 86
15 89
15 92
15 94
16 18
16 23
16 25
16 27
16 29
16 30
16 33
16 40
16 46
16 48
16 54
16 58
16 59
16 64
16 71
16 74
16 76
16 81
16 86
16 89
16 98
16 99
17 18
17 27
17 29
17 31
17 33
17 35
17 39
17 43
17 53
17 56
17 60
17 62
17 68
17 69
17 72
17 78
17 80
17 81
17 86
17 94
17 96
17 97
17 98
18 19
18 20
18 24
18 29
18 33
18 36
18 41
18 44
18 53
18 54
18 59
18 69
18 71
18 73
18 74
18 78
18 79
18 80
18 84
18 92
18 98
19 26
19 35
19 37
19 39
19 45
19 46
19 50
19 53
19 56
19 65
19 70
19 77
19 80
19 82
19 83
19 85
19 90
19 91
19 92
19 94
19 97
20 22
20 26
20 29
20 33
20 34
20 36
20 37
20 40
20 45
20 46
20 50
20 57
20 59
20 60
20 63
20 65
20 73
20 74
20 84
20 89
20 91
20 92
20 97
21 32
21 35
21 39
21 41
21 43
21 47
21 53
21 54
21 55
21 58
21 62
21 67
21 70
21 73
21 82
21 86
21 91
21 97
21 98
22 24
22 25
22 27
22 31
22 40
22 42
22 43
22 46
22 56
22 57
22 58
22 60
22 61
22 63
22 67
22 72
22 74
22 77
22 78
22 80
22 84
22 88
22 90
22 91
22 92
22 95
22 97
22 98
22 99
23 24
23 26
23 33
23 35
23 37
23 39
23 42
23 49
23 56
23 63
23 68
23 69
23 71
23 73
23 76
23 79
23 81
23 82
23 83
23 84
23 85
23 87
23 90
23 92
23 94
23 98
23 99
24 25
24 27
24 28
24 31
24 33
24 34
24 39
24 41
24 44
24 51
24 53
24 57
24 58
24 61
24 65
24 69
24 70
24 76
24 78
24 79
24 85
24 86
24 94
24 96
24 97
25 26
25 27
25 29
25 32
25 33
25 34
25 37
25 49
25 52
25 53
25 54
25 55
25 58
25 64
25 65
25 67
25 74
25 79
25 84
25 88
25 90
25 95
25 97
25 98
26 28
26 29
26 35
26 42
26 44
26 51
26 56
26 57
26 61
26 65
26 69
26 71
26 72
26 81
26 88
26 90
26 93
26 94
26 99
27 34
27 37
27 38
27 39
27 43
27 47
27 48
27 51
27 52
27 53
27 63
27 72
27 76
27 77
27 80
27 84
27 85
27 88
27 90
27 96
27 97
27 99
28 30
28 33
28 34
28 36
28 41
28 54
28 56
28 59
28 65
28 66
28 71
28 76
28 80
28 81
28 83
28 87
28 97
28 98
29 31
29 32
29 33
29 43
29 44
29 45
29 51
29 53
29 58
29 61
29 62
29 67
29 68
29 72
29 80
29 85
29 90
29 93
29 96
29 97
29 98
30 42
30 49
30 50
30 53
30 54
30 60
30 62
30 66
30 73
30 77
30 79
30 80
30 81
30 84
30 87
30 93
30 97
31 39
31 46
31 47
31 51
31 53
31 54
31 55
31 66
31 73
31 75
31 80
31 85
31 86
31 87
31 88
31 89
31 91
31 92
31 94
32 37
32 38
32 42
32 46
32 49
32 51
32 52
32 53
32 56
32 60
32 64
32 67
32 68
32 70
32 76
32 78
32 81
32 82
32 94
32 99
33 34
33 36
33 37
33 41
33 42
33 45
33 56
33 59
33 68
33 71
33 72
33 75
33 76
33 77
33 78
33 79
33 83
33 85
33 90
33 92
33 98
34 36
34 38
34 46
34 52
34 53
34 58
34 59
34 60
34 62
34 66
34 68
34 72
34 76
34 77
34 81
34 84
34 87
34 91
34 95
34 96
34 98
35 36
35 42
35 44
35 47
35 48
35 52
35 56
35 60
35 64
35 66
35 69
35 71
35 74
35 76
35 81
35 83
35 85
35 87
35 88
35 89
35 91
35 96
35 99
36 42
36 45
36 47
36 52
36 53
36 54
36 58
36 59
36 62
36 63
36 64
36 66
36 69
36 70
36 77
36 78
36 80
36 81
36 84
36 85
36 86
36 94
36 97
37 41
37 43
37 45
37 50
37 54
37 55
37 56
37 57
37 76
37 77
37 82
37 84
37 88
37 92
37 95
38 42
38 43
38 48
38 52
38 54
38 58
38 62
38 64
38 66
38 70
38 71
38 75
38 76
38 82
38 85
38 86
38 89
38 90
38 94
38 95
39 43
39 44
39 48
39 49
39 55
39 56
39 57
39 59
39 68
39 70
39 77
39 78
39 79
39 81
39 83
39 84
39 85
39 86
39 87
39 89
39 93
39 94
39 99
40 43
40 50
40 51
40 53
40 54
40 62
40 63
40 67
40 75
40 76
40 80
40 82
40 84
40 88
40 91
40 92
40 98
41 54
41 64
41 68
41 72
41 73
41 74
41 77
41 80
41 82
41 84
41 88
41 93
42 48
42 54
42 61
42 62
42 63
42 69
42 78
42 79
42 80
42 83
42 87
42 94
42 95
43 44
43 45
43 47
43 48
43 51
43 52
43 60
43 62
43 67
43 68
43 70
43 73
43 76
43 78
43 79
43 86
43 91
43 92
43 95
43 96
43 98
44 58
44 63
44 68
44 69
44 70
44 72
44 79
44 83
44 84
44 90
44 91
44 93
45 46
45 48
45 51
45 61
45 64
45 65
45 67
45 79
45 84
45 89
45 93
45 94
45 96
45 97
46 48
46 51
46 54
46 55
46 60
46 63
46 65
46 68
46 69
46 71
46 73
46 74
46 75
46 77
46 83
46 84
46 85
46 88
46 95
47 50
47 58
47 60
47 64
47 67
47 72
47 73
47 74
47 75
47 80
47 85
47 95
47 99
48 50
48 58
48 60
48 68
48 72
48 73
48 74
48 78
48 79
48 80
48 81
48 83
48 84
48 87
48 88
48 90
48 95
49 50
49 51
49 57
49 61
49 63
49 69
49 75
49 77
49 81
49 84
49 86
49 94
49 96
49 97
49 98
50 54
50 56
50 60
50 61
50 62
50 65
50 66
50 71
50 73
50 79
50 85
50 89
50 95
50 96
50 99
51 52
51 55
51 56
51 58
51 59
51 62
51 64
51 67
51 73
51 82
51 83
51 87
51 90
51 95
51 98
52 57
52 58
52 61
52 65
52 74
52 78
52 81
52 82
52 88
52 90
52 93
53 54
53 60
53 61
53 63
53 71
53 77
53 82
53 83
53 86
53 93
53 95
53 99
54 55
54 59
54 60
54 63
54 67
54 69
54 71
54 74
54 82
54 91
55 57
55 59
55 62
55 64
55 68
55 71
55 76
55 86
55 87
55 90
55 91
55 96
56 57
56 64
56 65
56 67
56 68
56 69
56 72
56 73
56 76
56 82
56 83
56 86
56 89
56 93
57 63
57 64
57 69
57 82
57 83
57 84
57 86
57 88
57 99
58 61
58 62
58 71
58 77
58 81
58 85
58 91
58 92
58 94
58 99
59 60
59 61
59 65
59 68
59 72
59 76
59 78
59 90
59 93
60 64
60 66
60 69
60 71
60 81
60 82
60 84
60 87
60 93
60 94
60 95
60 97
61 63
61 68
61 69
61 72
61 74
61 84
61 89
61 90
61 93
61 95
61 97
61 98
62 70
62 74
62 77
62 80
62 90
62 93
62 94
63 68
63 69
63 74
63 75
63 77
63 89
63 98
64 65
64 74
64 76
64 78
64 79
64 84
64 91
64 92
64 93
64 95
64 96
65 67
65 70
65 73
65 74
65 75
65 76
65 77
65 82
65 89
65 91
65 94
65 97
66 67
66 71
66 73
66 76
66 78
66 82
66 84
66 94
66 95
66 98
67 68
67 69
67 71
67 73
67 74
67 77
67 78
67 83
67 85
67 86
67 87
67 89
67 91
67 92
68 78
68 80
68 81
68 83
68 84
68 86
68 87
68 89
68 91
68 94
68 95
68 98
69 75
69 88
69 89
69 91
69 94
69 95
69 96
69 97
69 99
70 71
70 77
70 78
70 79
70 80
70 82
70 84
70 87
70 90
70 93
70 96
70 97
70 99
71 76
71 80
71 84
71 88
71 95
72 78
72 81
72 82
72 87
72 89
72 92
72 93
72 97
73 75
73 76
73 77
73 78
73 80
73 81
73 83
73 89
73 90
73 91
74 78
74 84
74 87
74 92
74 94
74 99
75 76
75 85
75 87
75 88
75 91
75 93
75 97
76 80
76 88
77 80
77 84
77 93
77 94
77 96
78 82
78 83
78 84
78 92
78 94
78 95
78 97
78 99
79 80
79 82
79 83
79 88
79 89
79 94
79 95
79 97
79 99
80 81
80 87
80 90
80 95
80 99
81 82
81 85
81 89
81 92
81 96
82 84
82 85
82 86
82 91
82 93
82 95
82 99
83 90
83 92
83 97
84 86
84 96
84 97
85 87
85 90
85 92
85 94
86 90
86 92
86 96
86 97
86 98
86 99
87 88
87 96
88 89
88 95
89 98
89 99
90 91
90 93
90 96
90 98
90 99
91 94
91 95
92 95
92 96
92 97
92 98
93 95
93 98
94 95
94 97
95 96
95 99
97 99
