300 13357
0 8
0 9
0 17
0 20
0 21
0 26
0 29
0 31
0 32
0 35
0 37
0 38
0 39
0 41
0 42
0 44
0 46
0 47
0 49
0 56
0 57
0 58
0 59
0 62
0 63
0 64
0 67
0 69
0 70
0 72
0 73
0 74
0 76
0 78
0 87
0 94
0 95
0 98
0 99
0 102
0 104
0 109
0 112
0 115
0 119
0 123
0 124
0 126
0 130
0 134
0 135
0 136
0 137
0 138
0 144
0 153
0 157
0 160
0 161
0 163
0 164
0 165
0 167
0 169
0 180
0 182
0 188
0 191
0 196
0 197
0 203
0 206
0 212
0 216
0 217
0 219
0 223
0 225
0 228
0 229
0 230
0 232
0 234
0 236
0 237
0 238
0 239
0 242
0 247
0 250
0 251
0 257
0 259
0 261
0 262
0 263
0 264
0 275
0 282
0 289
0 291
0 295
0 298
1 13
1 18
1 21
1 24
1 30
1 34
1 41
1 50
1 58
1 60
1 61
1 62
1 63
1 67
1 70
1 71
1 73
1 74
1 76
1 77
1 78
1 79
1 84
1 85
1 97
1 101
1 102
1 110
1 111
1 112
1 114
1 115
1 118
1 122
1 128
1 131
1 135
1 137
1 139
1 141
1 142
1 143
1 144
1 145
1 156
1 159
1 161
1 164
1 166
1 168
1 169
1 173
1 175
1 176
1 177
1 179
1 180
1 187
1 192
1 195
1 197
1 200
1 206
1 209
1 219
1 220
1 221
1 224
1 225
1 226
1 233
1 240
1 241
1 242
1 248
1 250
1 251
1 252
1 253
1 255
1 257
1 262
1 274
1 277
1 279
1 283
1 289
1 290
2 3
2 12
2 14
2 24
2 28
2 34
2 35
2 37
2 38
2 39
2 40
2 41
2 59
2 64
2 65
2 66
2 67
2 70
2 72
2 74
2 75
2 76
2 77
2 94
2 95
2 97
2 102
2 103
2 107
2 110
2 112
2 113
2 118
2 119
2 120
2 122
2 129
2 132
2 136
2 138
2 151
2 152
2 155
2 156
2 162
2 166
2 169
2 171
2 174
2 175
2 176
2 178
2 190
2 192
2 193
2 194
2 198
2 199
2 200
2 206
2 207
2 208
2 210
2 211
2 214
2 216
2 217
2 222
2 224
2 225
2 226
2 229
2 232
2 233
2 243
2 244
2 249
2 263
2 276
2 279
2 281
2 283
2 284
2 290
2 292
2 293
3 4
3 14
3 16
3 17
3 18
3 20
3 22
3 29
3 31
3 33
3 42
3 43
3 46
3 48
3 49
3 56
3 59
3 61
3 62
3 64
3 65
3 66
3 70
3 71
3 72
3 77
3 80
3 84
3 85
3 95
3 96
3 106
3 111
3 112
3 113
3 115
3 116
3 117
3 120
3 130
3 139
3 144
3 145
3 146
3 148
3 149
3 150
3 151
3 155
3 158
3 159
3 160
3 161
3 162
3 164
3 166
3 170
3 171
3 174
3 183
3 191
3 194
3 197
3 200
3 202
3 205
3 209
3 210
3 214
3 215
3 216
3 218
3 225
3 227
3 230
3 231
3 235
3 236
3 239
3 240
3 245
3 246
3 249
3 253
3 254
3 255
3 256
3 265
3 267
3 270
3 273
3 276
3 277
3 278
3 283
3 288
3 291
3 299
4 5
4 6
4 10
4 18
4 20
4 37
4 39
4 40
4 41
4 46
4 48
4 51
4 52
4 62
4 69
4 70
4 71
4 72
4 75
4 77
4 78
4 79
4 81
4 84
4 86
4 88
4 94
4 104
4 106
4 108
4 111
4 113
4 114
4 116
4 123
4 124
4 127
4 132
4 134
4 139
4 142
4 143
4 144
4 149
4 150
4 157
4 160
4 162
4 165
4 167
4 169
4 171
4 172
4 175
4 179
4 182
4 184
4 189
4 193
4 197
4 207
4 208
4 209
4 216
4 227
4 228
4 230
4 231
4 236
4 237
4 238
4 239
4 241
4 242
4 244
4 253
4 254
4 259
4 261
4 267
4 269
4 270
4 271
4 274
4 283
4 292
4 295
4 298
5 6
5 9
5 11
5 12
5 14
5 15
5 16
5 21
5 32
5 33
5 34
5 36
5 37
5 38
5 39
5 47
5 53
5 57
5 58
5 60
5 62
5 63
5 64
5 67
5 71
5 77
5 79
5 80
5 81
5 84
5 85
5 86
5 97
5 102
5 105
5 106
5 108
5 116
5 120
5 123
5 125
5 127
5 130
5 135
5 141
5 142
5 143
5 146
5 149
5 154
5 155
5 160
5 162
5 164
5 167
5 170
5 171
5 173
5 177
5 182
5 183
5 187
5 188
5 198
5 202
5 203
5 206
5 209
5 212
5 215
5 219
5 220
5 221
5 225
5 226
5 227
5 230
5 231
5 232
5 234
5 238
5 239
5 240
5 241
5 247
5 248
5 254
5 259
5 260
5 266
5 267
5 270
5 271
5 283
5 284
5 288
5 291
5 295
5 296
5 297
5 299
6 7
6 8
6 12
6 13
6 15
6 17
6 22
6 23
6 24
6 25
6 27
6 32
6 33
6 34
6 38
6 39
6 42
6 44
6 46
6 49
6 50
6 55
6 61
6 62
6 67
6 76
6 77
6 82
6 85
6 86
6 87
6 90
6 91
6 92
6 93
6 94
6 99
6 102
6 104
6 105
6 107
6 108
6 109
6 119
6 121
6 123
6 125
6 130
6 131
6 134
6 135
6 137
6 140
6 141
6 142
6 145
6 147
6 149
6 152
6 160
6 161
6 163
6 165
6 168
6 169
6 171
6 174
6 176
6 182
6 187
6 189
6 190
6 192
6 195
6 196
6 197
6 199
6 201
6 208
6 209
6 210
6 219
6 235
6 237
6 238
6 239
6 242
6 244
6 248
6 256
6 258
6 264
6 265
6 268
6 269
6 270
6 276
6 283
6 289
6 292
6 293
7 10
7 11
7 12
7 13
7 15
7 21
7 25
7 26
7 27
7 30
7 31
7 33
7 34
7 36
7 38
7 40
7 44
7 53
7 55
7 56
7 57
7 60
7 61
7 63
7 67
7 73
7 76
7 77
7 78
7 89
7 90
7 91
7 92
7 93
7 94
7 97
7 98
7 102
7 103
7 104
7 108
7 112
7 115
7 121
7 124
7 127
7 130
7 133
7 137
7 144
7 146
7 147
7 148
7 151
7 154
7 159
7 168
7 172
7 173
7 175
7 177
7 180
7 191
7 197
7 200
7 202
7 209
7 212
7 214
7 221
7 222
7 224
7 231
7 232
7 233
7 240
7 241
7 245
7 251
7 252
7 255
7 268
7 275
7 277
7 280
7 282
7 283
7 286
7 297
7 299
8 9
8 17
8 26
8 28
8 35
8 38
8 42
8 46
8 48
8 51
8 52
8 66
8 69
8 74
8 75
8 83
8 88
8 90
8 92
8 94
8 98
8 100
8 101
8 110
8 113
8 116
8 117
8 118
8 123
8 126
8 127
8 129
8 131
8 133
8 135
8 140
8 141
8 142
8 143
8 144
8 146
8 152
8 153
8 155
8 156
8 157
8 166
8 172
8 174
8 176
8 177
8 178
8 180
8 181
8 182
8 185
8 193
8 194
8 199
8 209
8 215
8 217
8 223
8 225
8 228
8 238
8 239
8 241
8 245
8 246
8 252
8 255
8 257
8 258
8 259
8 261
8 267
8 268
8 269
8 273
8 275
8 285
8 286
8 287
8 288
8 290
8 292
8 294
8 295
9 12
9 20
9 25
9 29
9 32
9 33
9 45
9 51
9 56
9 57
9 59
9 65
9 68
9 70
9 72
9 76
9 77
9 78
9 82
9 84
9 88
9 89
9 90
9 92
9 93
9 97
9 99
9 101
9 102
9 105
9 108
9 112
9 114
9 116
9 128
9 130
9 131
9 133
9 134
9 135
9 137
9 139
9 140
9 141
9 165
9 167
9 168
9 170
9 171
9 172
9 173
9 176
9 180
9 184
9 191
9 192
9 193
9 195
9 203
9 218
9 221
9 224
9 226
9 234
9 238
9 239
9 243
9 250
9 252
9 253
9 254
9 256
9 259
9 260
9 268
9 275
9 279
9 286
9 290
9 292
9 297
9 299
10 15
10 28
10 33
10 38
10 40
10 42
10 44
10 45
10 50
10 53
10 57
10 58
10 62
10 67
10 74
10 97
10 100
10 115
10 116
10 122
10 123
10 128
10 129
10 131
10 137
10 138
10 152
10 162
10 163
10 165
10 168
10 169
10 175
10 179
10 181
10 182
10 183
10 187
10 190
10 197
10 201
10 206
10 209
10 212
10 214
10 215
10 224
10 228
10 231
10 233
10 235
10 239
10 240
10 241
10 243
10 247
10 248
10 249
10 258
10 259
10 262
10 263
10 276
10 284
10 287
10 291
10 292
10 294
10 295
11 12
11 15
11 16
11 18
11 20
11 21
11 27
11 29
11 38
11 39
11 42
11 44
11 45
11 48
11 51
11 57
11 58
11 59
11 60
11 65
11 66
11 69
11 70
11 73
11 74
11 75
11 81
11 83
11 85
11 86
11 88
11 89
11 95
11 96
11 100
11 101
11 102
11 103
11 106
11 107
11 108
11 118
11 120
11 121
11 123
11 124
11 128
11 129
11 131
11 132
11 134
11 140
11 151
11 157
11 158
11 159
11 160
11 164
11 168
11 170
11 174
11 176
11 182
11 188
11 191
11 192
11 194
11 203
11 204
11 206
11 216
11 218
11 222
11 223
11 224
11 226
11 228
11 240
11 245
11 250
11 255
11 260
11 261
11 270
11 271
11 273
11 274
11 275
11 277
11 279
11 284
11 289
11 291
11 295
11 297
12 14
12 16
12 20
12 29
12 32
12 35
12 39
12 43
12 45
12 50
12 51
12 52
12 55
12 56
12 59
12 60
12 62
12 63
12 65
12 68
12 70
12 76
12 77
12 81
12 83
12 89
12 91
12 103
12 104
12 107
12 108
12 117
12 119
12 122
12 123
12 133
12 142
12 145
12 149
12 150
12 152
12 155
12 161
12 162
12 165
12 175
12 176
12 183
12 187
12 191
12 195
12 198
12 200
12 202
12 203
12 207
12 208
12 209
12 211
12 214
12 223
12 224
12 225
12 227
12 228
12 236
12 243
12 246
12 249
12 253
12 255
12 258
12 262
12 267
12 269
12 270
12 274
12 276
12 284
12 285
13 16
13 18
13 23
13 26
13 29
13 34
13 40
13 41
13 45
13 46
13 54
13 62
13 63
13 69
13 74
13 77
13 79
13 80
13 81
13 83
13 84
13 85
13 89
13 90
13 93
13 100
13 102
13 103
13 104
13 107
13 109
13 111
13 115
13 116
13 124
13 128
13 131
13 133
13 139
13 140
13 143
13 148
13 150
13 151
13 153
13 156
13 164
13 172
13 178
13 183
13 186
13 188
13 192
13 194
13 197
13 199
13 203
13 204
13 209
13 210
13 211
13 216
13 218
13 219
13 222
13 223
13 224
13 228
13 231
13 241
13 248
13 254
13 258
13 260
13 264
13 265
13 268
13 271
13 272
13 274
13 276
13 283
13 285
13 287
13 289
13 291
13 294
13 295
13 299
14 19
14 22
14 30
14 31
14 36
14 38
14 43
14 44
14 46
14 51
14 52
14 53
14 57
14 63
14 73
14 74
14 76
14 77
14 84
14 86
14 87
14 89
14 91
14 92
14 93
14 101
14 103
14 104
14 108
14 110
14 111
14 112
14 119
14 124
14 125
14 126
14 128
14 132
14 139
14 140
14 142
14 146
14 148
14 150
14 152
14 154
14 155
14 157
14 158
14 161
14 163
14 165
14 168
14 170
14 178
14 179
14 183
14 185
14 187
14 191
14 192
14 193
14 197
14 204
14 209
14 214
14 216
14 217
14 219
14 220
14 221
14 224
14 225
14 227
14 230
14 231
14 235
14 241
14 245
14 250
14 258
14 262
14 264
14 271
14 274
14 280
14 284
14 298
15 23
15 28
15 35
15 36
15 49
15 51
15 52
15 56
15 59
15 64
15 66
15 68
15 69
15 70
15 71
15 72
15 73
15 76
15 84
15 85
15 93
15 100
15 103
15 106
15 108
15 115
15 121
15 124
15 125
15 126
15 130
15 135
15 137
15 139
15 143
15 150
15 155
15 158
15 172
15 177
15 178
15 180
15 185
15 187
15 188
15 192
15 193
15 194
15 195
15 200
15 201
15 209
15 214
15 215
15 219
15 220
15 225
15 228
15 234
15 236
15 243
15 247
15 249
15 251
15 252
15 258
15 262
15 269
15 271
15 275
15 277
15 279
15 289
15 294
15 297
15 298
16 22
16 23
16 26
16 36
16 37
16 41
16 42
16 45
16 50
16 59
16 60
16 65
16 66
16 68
16 72
16 74
16 79
16 91
16 96
16 103
16 106
16 107
16 108
16 118
16 126
16 127
16 128
16 132
16 136
16 140
16 145
16 153
16 154
16 155
16 156
16 158
16 175
16 177
16 178
16 183
16 190
16 192
16 193
16 196
16 202
16 203
16 204
16 207
16 213
16 218
16 219
16 243
16 244
16 254
16 259
16 265
16 267
16 269
16 272
16 274
16 275
16 277
16 279
16 282
16 288
16 298
17 22
17 23
17 26
17 33
17 35
17 37
17 38
17 47
17 51
17 54
17 56
17 57
17 63
17 64
17 68
17 70
17 71
17 73
17 74
17 77
17 82
17 88
17 89
17 95
17 102
17 106
17 108
17 109
17 110
17 111
17 116
17 117
17 122
17 123
17 124
17 126
17 127
17 132
17 133
17 134
17 139
17 142
17 143
17 144
17 156
17 159
17 163
17 166
17 168
17 169
17 170
17 171
17 177
17 179
17 180
17 181
17 182
17 183
17 184
17 188
17 195
17 197
17 199
17 200
17 204
17 208
17 209
17 211
17 212
17 213
17 214
17 216
17 226
17 240
17 241
17 253
17 255
17 258
17 259
17 266
17 267
17 273
17 275
17 283
17 285
17 295
18 20
18 21
18 23
18 24
18 27
18 32
18 35
18 37
18 41
18 42
18 43
18 45
18 49
18 51
18 66
18 71
18 72
18 73
18 77
18 85
18 91
18 94
18 101
18 113
18 117
18 120
18 131
18 135
18 136
18 137
18 138
18 143
18 144
18 146
18 148
18 156
18 157
18 158
18 161
18 166
18 168
18 169
18 178
18 179
18 183
18 187
18 190
18 197
18 202
18 212
18 220
18 228
18 232
18 233
18 240
18 241
18 246
18 247
18 252
18 256
18 258
18 261
18 263
18 264
18 265
18 266
18 268
18 276
18 279
18 283
18 284
18 294
18 295
18 296
18 297
19 20
19 28
19 35
19 38
19 39
19 41
19 49
19 54
19 58
19 66
19 74
19 76
19 77
19 79
19 80
19 85
19 90
19 94
19 97
19 101
19 102
19 103
19 105
19 109
19 121
19 124
19 135
19 136
19 141
19 144
19 147
19 150
19 151
19 154
19 160
19 163
19 166
19 171
19 173
19 185
19 189
19 190
19 195
19 196
19 206
19 209
19 214
19 215
19 216
19 217
19 222
19 223
19 225
19 227
19 232
19 237
19 240
19 241
19 243
19 245
19 246
19 251
19 256
19 260
19 271
19 275
19 277
19 279
19 280
19 282
19 287
19 289
19 290
19 294
19 297
19 298
20 26
20 37
20 38
20 39
20 40
20 47
20 52
20 58
20 59
20 60
20 62
20 63
20 66
20 70
20 71
20 75
20 76
20 78
20 81
20 89
20 95
20 99
20 104
20 110
20 111
20 112
20 114
20 116
20 117
20 119
20 120
20 122
20 127
20 129
20 131
20 135
20 136
20 138
20 145
20 149
20 157
20 158
20 160
20 162
20 163
20 168
20 171
20 178
20 179
20 180
20 184
20 185
20 192
20 193
20 201
20 203
20 204
20 207
20 208
20 209
20 212
20 213
20 215
20 216
20 217
20 219
20 225
20 227
20 228
20 229
20 234
20 237
20 242
20 243
20 246
20 252
20 253
20 254
20 260
20 261
20 267
20 270
20 275
20 280
20 286
20 288
20 289
20 294
20 298
20 299
21 22
21 26
21 27
21 29
21 31
21 35
21 39
21 43
21 52
21 56
21 62
21 64
21 66
21 67
21 70
21 72
21 78
21 79
21 81
21 86
21 90
21 94
21 98
21 101
21 116
21 130
21 132
21 138
21 141
21 143
21 155
21 160
21 164
21 168
21 169
21 170
21 173
21 175
21 181
21 186
21 188
21 195
21 196
21 198
21 199
21 203
21 207
21 212
21 213
21 219
21 223
21 224
21 227
21 228
21 229
21 235
21 239
21 240
21 244
21 245
21 246
21 247
21 250
21 252
21 253
21 254
21 257
21 259
21 261
21 262
21 265
21 266
21 267
21 269
21 273
21 278
21 282
21 284
21 298
22 24
22 25
22 27
22 33
22 36
22 38
22 39
22 41
22 42
22 44
22 46
22 48
22 52
22 53
22 54
22 55
22 56
22 66
22 76
22 78
22 79
22 82
22 86
22 89
22 91
22 95
22 106
22 107
22 108
22 114
22 118
22 123
22 126
22 128
22 131
22 134
22 142
22 145
22 156
22 157
22 162
22 165
22 168
22 169
22 173
22 184
22 185
22 190
22 193
22 194
22 195
22 198
22 200
22 202
22 203
22 204
22 209
22 212
22 215
22 218
22 224
22 228
22 229
22 232
22 233
22 236
22 237
22 238
22 254
22 255
22 257
22 259
22 260
22 262
22 265
22 273
22 274
22 276
22 277
22 279
22 281
22 283
22 286
22 287
22 294
22 298
23 24
23 29
23 30
23 31
23 33
23 39
23 43
23 48
23 50
23 52
23 58
23 60
23 65
23 67
23 69
23 71
23 73
23 74
23 76
23 77
23 78
23 84
23 87
23 88
23 89
23 91
23 101
23 104
23 108
23 109
23 113
23 115
23 116
23 119
23 122
23 123
23 125
23 126
23 127
23 132
23 134
23 137
23 138
23 139
23 148
23 149
23 158
23 160
23 169
23 171
23 175
23 180
23 182
23 183
23 187
23 188
23 198
23 200
23 205
23 206
23 208
23 216
23 217
23 218
23 219
23 227
23 229
23 233
23 234
23 235
23 237
23 241
23 242
23 246
23 252
23 254
23 257
23 259
23 264
23 267
23 277
23 280
23 282
23 283
23 284
23 285
23 286
23 287
23 291
23 292
23 293
24 31
24 32
24 34
24 36
24 44
24 46
24 52
24 53
24 54
24 55
24 56
24 57
24 58
24 65
24 73
24 77
24 82
24 83
24 88
24 89
24 91
24 95
24 99
24 101
24 106
24 116
24 119
24 120
24 122
24 123
24 126
24 127
24 129
24 133
24 134
24 136
24 140
24 144
24 146
24 148
24 152
24 154
24 157
24 162
24 163
24 168
24 181
24 183
24 184
24 185
24 186
24 187
24 191
24 197
24 200
24 201
24 202
24 204
24 211
24 219
24 220
24 227
24 228
24 231
24 233
24 238
24 240
24 246
24 252
24 270
24 271
24 275
24 277
24 282
24 285
24 290
24 297
24 298
25 29
25 30
25 31
25 40
25 42
25 44
25 49
25 57
25 70
25 76
25 78
25 80
25 82
25 89
25 91
25 92
25 96
25 102
25 105
25 110
25 113
25 117
25 118
25 119
25 127
25 129
25 130
25 131
25 138
25 139
25 141
25 142
25 146
25 150
25 155
25 156
25 158
25 160
25 162
25 165
25 166
25 167
25 168
25 174
25 176
25 180
25 185
25 190
25 192
25 196
25 201
25 204
25 206
25 207
25 208
25 209
25 214
25 215
25 222
25 228
25 233
25 235
25 236
25 237
25 245
25 250
25 253
25 255
25 263
25 266
25 267
25 269
25 274
25 276
25 278
25 279
25 280
25 281
25 285
25 286
25 287
25 291
25 297
25 298
26 29
26 34
26 36
26 42
26 44
26 45
26 51
26 53
26 60
26 63
26 66
26 68
26 71
26 75
26 78
26 79
26 80
26 84
26 86
26 88
26 92
26 97
26 100
26 103
26 114
26 121
26 124
26 128
26 130
26 131
26 134
26 136
26 139
26 140
26 141
26 144
26 145
26 156
26 165
26 166
26 169
26 170
26 172
26 173
26 175
26 179
26 180
26 183
26 189
26 190
26 192
26 193
26 195
26 207
26 212
26 213
26 217
26 223
26 224
26 227
26 228
26 229
26 230
26 231
26 232
26 235
26 241
26 246
26 253
26 255
26 259
26 262
26 265
26 267
26 268
26 269
26 272
26 273
26 280
26 281
26 282
26 286
26 293
26 294
26 295
26 299
27 30
27 31
27 37
27 40
27 42
27 44
27 45
27 48
27 54
27 62
27 63
27 66
27 73
27 74
27 76
27 78
27 83
27 85
27 89
27 96
27 99
27 100
27 105
27 110
27 112
27 114
27 116
27 119
27 121
27 126
27 128
27 130
27 133
27 135
27 136
27 139
27 140
27 142
27 146
27 149
27 155
27 157
27 162
27 170
27 174
27 176
27 177
27 178
27 179
27 184
27 188
27 189
27 192
27 193
27 195
27 199
27 206
27 210
27 214
27 215
27 220
27 221
27 225
27 227
27 235
27 248
27 249
27 254
27 255
27 256
27 259
27 260
27 263
27 267
27 271
27 272
27 274
27 279
27 281
27 283
27 287
27 299
28 29
28 32
28 38
28 39
28 40
28 44
28 53
28 55
28 60
28 62
28 63
28 65
28 67
28 68
28 71
28 81
28 85
28 86
28 88
28 90
28 92
28 95
28 101
28 107
28 108
28 112
28 113
28 115
28 116
28 118
28 126
28 129
28 131
28 135
28 139
28 145
28 150
28 153
28 154
28 162
28 164
28 166
28 171
28 174
28 187
28 191
28 194
28 197
28 201
28 202
28 205
28 208
28 209
28 214
28 216
28 219
28 220
28 221
28 231
28 232
28 239
28 241
28 244
28 245
28 247
28 249
28 252
28 255
28 260
28 268
28 271
28 273
28 276
28 279
28 281
28 283
28 284
28 287
28 291
28 292
28 298
29 30
29 31
29 34
29 39
29 40
29 42
29 43
29 45
29 48
29 50
29 54
29 56
29 57
29 59
29 61
29 69
29 70
29 72
29 79
29 80
29 82
29 84
29 89
29 91
29 92
29 95
29 100
29 107
29 108
29 109
29 115
29 125
29 127
29 132
29 134
29 135
29 136
29 141
29 142
29 144
29 148
29 151
29 157
29 160
29 162
29 163
29 164
29 172
29 174
29 177
29 182
29 183
29 184
29 185
29 193
29 194
29 198
29 207
29 212
29 216
29 220
29 227
29 230
29 235
29 238
29 239
29 241
29 248
29 249
29 254
29 257
29 259
29 260
29 261
29 266
29 268
29 272
29 286
29 293
29 297
29 299
30 31
30 32
30 33
30 34
30 35
30 44
30 51
30 52
30 55
30 57
30 58
30 59
30 64
30 66
30 73
30 80
30 82
30 119
30 120
30 122
30 131
30 134
30 137
30 139
30 142
30 146
30 151
30 152
30 154
30 160
30 164
30 165
30 166
30 168
30 173
30 174
30 175
30 181
30 205
30 206
30 208
30 209
30 210
30 221
30 225
30 227
30 229
30 231
30 234
30 244
30 255
30 256
30 270
30 278
30 280
30 289
30 290
30 291
30 292
30 298
31 37
31 42
31 43
31 45
31 46
31 48
31 50
31 56
31 58
31 63
31 68
31 73
31 74
31 79
31 81
31 90
31 93
31 94
31 98
31 102
31 105
31 108
31 110
31 112
31 115
31 118
31 120
31 129
31 130
31 132
31 137
31 140
31 148
31 152
31 153
31 160
31 162
31 166
31 167
31 169
31 178
31 179
31 182
31 183
31 185
31 186
31 187
31 188
31 189
31 196
31 204
31 205
31 208
31 214
31 217
31 218
31 219
31 224
31 225
31 231
31 238
31 239
31 244
31 247
31 250
31 251
31 256
31 259
31 263
31 264
31 267
31 268
31 269
31 273
31 276
31 278
31 282
31 284
31 285
31 291
31 295
31 297
31 299
32 37
32 39
32 40
32 43
32 50
32 52
32 53
32 54
32 57
32 59
32 62
32 63
32 66
32 72
32 77
32 78
32 84
32 91
32 92
32 97
32 99
32 100
32 101
32 102
32 103
32 104
32 105
32 106
32 107
32 109
32 110
32 122
32 124
32 125
32 127
32 137
32 141
32 142
32 146
32 147
32 152
32 155
32 156
32 157
32 158
32 160
32 163
32 169
32 170
32 173
32 174
32 179
32 183
32 184
32 188
32 189
32 196
32 199
32 201
32 202
32 203
32 206
32 207
32 211
32 216
32 221
32 222
32 223
32 224
32 227
32 228
32 230
32 231
32 234
32 235
32 237
32 238
32 241
32 254
32 256
32 257
32 260
32 263
32 273
32 280
32 282
32 287
32 291
32 298
33 35
33 37
33 44
33 46
33 47
33 49
33 52
33 53
33 58
33 60
33 65
33 66
33 68
33 69
33 71
33 80
33 84
33 87
33 90
33 110
33 114
33 116
33 117
33 120
33 126
33 128
33 129
33 130
33 131
33 138
33 145
33 147
33 149
33 153
33 165
33 169
33 171
33 175
33 177
33 179
33 181
33 186
33 189
33 191
33 200
33 203
33 205
33 207
33 211
33 220
33 222
33 228
33 232
33 245
33 247
33 248
33 251
33 257
33 258
33 260
33 262
33 263
33 272
33 274
33 280
33 285
33 288
33 290
33 293
33 294
33 295
34 37
34 40
34 45
34 46
34 47
34 48
34 55
34 60
34 61
34 64
34 65
34 66
34 72
34 73
34 78
34 84
34 85
34 86
34 91
34 93
34 95
34 100
34 101
34 102
34 105
34 108
34 110
34 112
34 121
34 124
34 129
34 135
34 136
34 139
34 141
34 143
34 144
34 156
34 157
34 158
34 159
34 165
34 166
34 168
34 171
34 173
34 177
34 178
34 179
34 181
34 183
34 184
34 194
34 199
34 201
34 202
34 203
34 209
34 211
34 221
34 226
34 227
34 231
34 236
34 240
34 243
34 244
34 245
34 247
34 248
34 253
34 255
34 256
34 259
34 260
34 264
34 265
34 267
34 268
34 270
34 274
34 275
34 276
34 277
34 284
34 285
34 288
34 291
34 295
34 298
35 37
35 56
35 60
35 61
35 69
35 73
35 77
35 78
35 79
35 80
35 86
35 87
35 88
35 89
35 94
35 96
35 97
35 100
35 101
35 103
35 105
35 106
35 108
35 110
35 111
35 115
35 117
35 122
35 124
35 126
35 132
35 133
35 134
35 135
35 136
35 142
35 149
35 155
35 157
35 181
35 185
35 187
35 191
35 192
35 197
35 202
35 203
35 212
35 213
35 215
35 217
35 219
35 224
35 227
35 228
35 229
35 231
35 245
35 250
35 255
35 260
35 261
35 265
35 266
35 268
35 276
35 277
35 285
35 289
35 292
35 296
35 297
36 37
36 38
36 40
36 42
36 44
36 45
36 46
36 62
36 63
36 66
36 70
36 76
36 80
36 85
36 86
36 89
36 93
36 99
36 105
36 108
36 110
36 114
36 117
36 126
36 130
36 132
36 137
36 138
36 141
36 142
36 143
36 147
36 151
36 155
36 165
36 169
36 171
36 173
36 174
36 175
36 177
36 179
36 190
36 191
36 192
36 193
36 194
36 198
36 201
36 205
36 207
36 211
36 216
36 220
36 224
36 225
36 226
36 234
36 236
36 237
36 244
36 253
36 255
36 257
36 258
36 259
36 261
36 265
36 274
36 275
36 279
36 285
36 294
36 298
37 38
37 42
37 47
37 49
37 51
37 52
37 56
37 60
37 62
37 66
37 68
37 71
37 73
37 75
37 77
37 79
37 81
37 86
37 87
37 90
37 93
37 95
37 98
37 101
37 104
37 105
37 109
37 110
37 123
37 132
37 135
37 136
37 144
37 149
37 155
37 156
37 162
37 163
37 165
37 167
37 169
37 170
37 175
37 178
37 188
37 189
37 192
37 194
37 197
37 198
37 203
37 209
37 210
37 211
37 213
37 215
37 218
37 224
37 226
37 229
37 231
37 240
37 241
37 244
37 245
37 251
37 253
37 258
37 259
37 264
37 265
37 266
37 268
37 270
37 273
37 282
37 283
37 289
37 291
37 292
37 293
38 39
38 44
38 51
38 52
38 54
38 58
38 61
38 62
38 71
38 73
38 75
38 82
38 92
38 94
38 95
38 102
38 115
38 117
38 119
38 125
38 127
38 129
38 130
38 134
38 136
38 142
38 144
38 147
38 150
38 151
38 158
38 159
38 160
38 163
38 165
38 169
38 170
38 173
38 176
38 185
38 186
38 189
38 191
38 194
38 200
38 202
38 203
38 205
38 210
38 211
38 212
38 213
38 217
38 223
38 224
38 227
38 236
38 238
38 239
38 248
38 253
38 254
38 259
38 260
38 265
38 266
38 271
38 275
38 281
38 282
38 285
38 286
38 288
38 290
38 293
38 297
38 299
39 41
39 44
39 53
39 57
39 59
39 67
39 69
39 71
39 72
39 76
39 78
39 83
39 85
39 86
39 89
39 90
39 92
39 95
39 96
39 97
39 100
39 109
39 113
39 119
39 124
39 127
39 133
39 135
39 136
39 138
39 139
39 140
39 146
39 147
39 148
39 150
39 158
39 173
39 182
39 184
39 189
39 194
39 198
39 199
39 201
39 203
39 207
39 212
39 213
39 217
39 221
39 227
39 228
39 229
39 230
39 232
39 240
39 243
39 245
39 246
39 259
39 263
39 265
39 271
39 273
39 275
39 277
39 279
39 280
39 285
39 286
39 287
39 289
39 293
39 299
40 44
40 47
40 51
40 53
40 55
40 60
40 64
40 66
40 67
40 69
40 74
40 78
40 80
40 82
40 88
40 89
40 99
40 100
40 103
40 110
40 111
40 113
40 116
40 122
40 124
40 128
40 131
40 133
40 136
40 140
40 143
40 145
40 148
40 153
40 156
40 157
40 159
40 168
40 170
40 172
40 173
40 174
40 175
40 176
40 177
40 183
40 187
40 192
40 196
40 199
40 200
40 203
40 205
40 208
40 212
40 216
40 217
40 218
40 220
40 222
40 224
40 229
40 230
40 237
40 239
40 240
40 247
40 249
40 250
40 261
40 264
40 265
40 266
40 270
40 274
40 277
40 279
40 289
40 293
40 295
41 44
41 45
41 51
41 52
41 55
41 60
41 63
41 83
41 89
41 92
41 97
41 100
41 103
41 105
41 106
41 107
41 109
41 110
41 111
41 115
41 117
41 120
41 122
41 123
41 124
41 128
41 130
41 134
41 140
41 143
41 144
41 146
41 149
41 152
41 154
41 155
41 157
41 158
41 165
41 170
41 172
41 174
41 175
41 182
41 183
41 188
41 189
41 190
41 191
41 192
41 195
41 199
41 202
41 205
41 209
41 210
41 218
41 220
41 228
41 229
41 236
41 242
41 246
41 248
41 250
41 251
41 253
41 256
41 257
41 262
41 265
41 266
41 269
41 275
41 278
41 279
41 282
41 290
41 292
42 48
42 52
42 53
42 54
42 63
42 67
42 68
42 72
42 74
42 82
42 85
42 86
42 93
42 96
42 100
42 107
42 108
42 112
42 113
42 120
42 121
42 122
42 128
42 129
42 132
42 138
42 140
42 142
42 143
42 145
42 149
42 155
42 159
42 162
42 170
42 172
42 177
42 181
42 182
42 184
42 186
42 187
42 188
42 190
42 201
42 205
42 206
42 212
42 217
42 224
42 227
42 230
42 231
42 236
42 237
42 239
42 241
42 242
42 243
42 245
42 246
42 252
42 266
42 267
42 269
42 271
42 277
42 280
42 284
42 285
42 286
42 287
42 289
42 291
42 293
42 295
42 296
42 297
42 298
43 47
43 48
43 49
43 52
43 53
43 54
43 55
43 58
43 64
43 65
43 77
43 79
43 81
43 82
43 93
43 103
43 105
43 114
43 115
43 116
43 121
43 128
43 129
43 135
43 137
43 140
43 142
43 146
43 155
43 156
43 159
43 162
43 167
43 176
43 179
43 186
43 187
43 190
43 191
43 197
43 200
43 201
43 203
43 217
43 231
43 232
43 236
43 243
43 246
43 249
43 250
43 251
43 252
43 255
43 263
43 264
43 273
43 274
43 284
43 288
43 289
43 295
44 45
44 48
44 53
44 62
44 68
44 69
44 71
44 73
44 79
44 80
44 81
44 87
44 91
44 93
44 110
44 111
44 112
44 113
44 114
44 118
44 123
44 125
44 128
44 137
44 146
44 147
44 153
44 154
44 155
44 156
44 158
44 160
44 161
44 162
44 163
44 170
44 171
44 182
44 185
44 186
44 195
44 198
44 206
44 211
44 215
44 219
44 221
44 226
44 227
44 228
44 235
44 237
44 244
44 248
44 249
44 252
44 256
44 267
44 269
44 273
44 275
44 276
44 277
44 278
44 280
44 282
44 287
44 289
44 293
44 296
44 297
45 46
45 48
45 62
45 70
45 75
45 76
45 78
45 80
45 86
45 88
45 89
45 95
45 96
45 97
45 98
45 101
45 102
45 106
45 113
45 116
45 117
45 118
45 120
45 122
45 129
45 133
45 137
45 139
45 142
45 148
45 153
45 154
45 160
45 164
45 165
45 168
45 174
45 175
45 179
45 180
45 182
45 183
45 184
45 186
45 187
45 192
45 194
45 197
45 204
45 205
45 211
45 213
45 215
45 216
45 218
45 219
45 220
45 222
45 226
45 228
45 229
45 233
45 235
45 240
45 242
45 244
45 245
45 248
45 249
45 250
45 254
45 261
45 262
45 263
45 267
45 269
45 278
45 279
45 287
45 292
45 299
46 49
46 50
46 56
46 58
46 59
46 60
46 64
46 75
46 78
46 79
46 80
46 84
46 87
46 93
46 109
46 115
46 120
46 121
46 125
46 126
46 127
46 130
46 135
46 137
46 140
46 142
46 148
46 150
46 151
46 156
46 161
46 173
46 174
46 178
46 180
46 183
46 188
46 195
46 196
46 198
46 208
46 213
46 214
46 218
46 225
46 230
46 231
46 232
46 233
46 235
46 237
46 245
46 247
46 250
46 253
46 257
46 260
46 262
46 273
46 276
46 278
46 279
46 282
46 283
46 284
46 286
46 287
46 289
46 296
47 49
47 50
47 58
47 59
47 62
47 65
47 66
47 69
47 70
47 71
47 73
47 78
47 81
47 82
47 86
47 89
47 91
47 92
47 99
47 100
47 102
47 104
47 109
47 115
47 116
47 117
47 119
47 120
47 122
47 125
47 130
47 138
47 139
47 140
47 141
47 143
47 147
47 153
47 155
47 159
47 160
47 161
47 162
47 165
47 169
47 171
47 172
47 173
47 177
47 187
47 190
47 192
47 194
47 196
47 203
47 207
47 209
47 215
47 217
47 219
47 222
47 223
47 228
47 229
47 232
47 234
47 248
47 253
47 260
47 261
47 262
47 263
47 264
47 265
47 273
47 274
47 282
47 286
47 299
48 51
48 60
48 62
48 64
48 68
48 69
48 79
48 84
48 87
48 90
48 101
48 106
48 109
48 110
48 113
48 126
48 127
48 128
48 129
48 136
48 139
48 141
48 143
48 146
48 150
48 155
48 157
48 158
48 161
48 164
48 165
48 166
48 168
48 169
48 172
48 174
48 180
48 181
48 184
48 185
48 188
48 191
48 192
48 202
48 206
48 210
48 211
48 214
48 220
48 221
48 222
48 229
48 232
48 234
48 237
48 238
48 239
48 240
48 242
48 252
48 263
48 267
48 270
48 272
48 275
48 279
48 283
48 284
48 286
48 287
48 290
48 295
48 296
48 298
49 52
49 55
49 58
49 60
49 62
49 64
49 65
49 69
49 71
49 72
49 75
49 77
49 79
49 80
49 82
49 84
49 85
49 89
49 91
49 95
49 97
49 102
49 105
49 106
49 108
49 109
49 112
49 116
49 118
49 123
49 124
49 137
49 138
49 142
49 146
49 157
49 159
49 162
49 170
49 171
49 177
49 183
49 184
49 187
49 203
49 205
49 213
49 216
49 227
49 229
49 231
49 232
49 233
49 234
49 239
49 242
49 244
49 248
49 250
49 254
49 257
49 258
49 260
49 261
49 265
49 270
49 272
49 278
49 283
49 284
49 286
49 291
49 293
49 294
49 299
50 53
50 57
50 58
50 60
50 63
50 70
50 72
50 73
50 76
50 83
50 84
50 87
50 88
50 89
50 91
50 93
50 94
50 98
50 110
50 113
50 117
50 119
50 120
50 125
50 127
50 133
50 134
50 135
50 136
50 145
50 146
50 152
50 160
50 162
50 164
50 167
50 172
50 174
50 177
50 182
50 191
50 192
50 193
50 203
50 206
50 219
50 226
50 227
50 231
50 232
50 233
50 236
50 240
50 246
50 249
50 251
50 252
50 253
50 256
50 257
50 258
50 261
50 274
50 276
50 277
50 280
50 281
50 284
50 287
50 289
50 290
50 292
50 293
50 294
50 296
50 297
51 53
51 54
51 55
51 56
51 57
51 60
51 64
51 66
51 71
51 76
51 77
51 79
51 84
51 86
51 94
51 96
51 104
51 106
51 108
51 111
51 112
51 113
51 116
51 122
51 123
51 129
51 130
51 137
51 138
51 139
51 141
51 146
51 149
51 154
51 156
51 159
51 160
51 162
51 163
51 171
51 173
51 175
51 178
51 180
51 182
51 184
51 186
51 194
51 197
51 205
51 211
51 217
51 219
51 222
51 224
51 225
51 228
51 235
51 243
51 247
51 253
51 254
51 256
51 258
51 259
51 261
51 265
51 268
51 269
51 271
51 272
51 278
51 280
51 281
51 282
51 283
51 288
51 291
52 53
52 56
52 57
52 59
52 61
52 67
52 68
52 72
52 75
52 81
52 84
52 93
52 97
52 104
52 106
52 108
52 111
52 116
52 118
52 126
52 133
52 134
52 135
52 142
52 147
52 149
52 150
52 151
52 153
52 156
52 157
52 159
52 162
52 163
52 166
52 167
52 169
52 173
52 176
52 188
52 190
52 191
52 196
52 198
52 201
52 204
52 207
52 214
52 217
52 218
52 221
52 222
52 225
52 228
52 229
52 241
52 245
52 249
52 251
52 253
52 254
52 255
52 256
52 257
52 259
52 262
52 263
52 269
52 270
52 272
52 274
52 275
52 276
52 277
52 285
52 290
52 292
52 293
52 298
53 57
53 58
53 60
53 63
53 64
53 69
53 71
53 74
53 75
53 76
53 79
53 81
53 83
53 89
53 92
53 95
53 96
53 97
53 98
53 103
53 110
53 122
53 128
53 131
53 132
53 133
53 136
53 138
53 140
53 144
53 145
53 147
53 149
53 151
53 152
53 155
53 158
53 159
53 163
53 165
53 168
53 174
53 176
53 178
53 180
53 181
53 184
53 187
53 191
53 193
53 194
53 196
53 197
53 199
53 202
53 205
53 212
53 214
53 217
53 220
53 222
53 226
53 227
53 229
53 233
53 234
53 238
53 242
53 245
53 248
53 253
53 260
53 261
53 271
53 272
53 277
53 280
53 285
53 288
53 291
53 292
53 294
53 295
53 296
53 298
54 58
54 60
54 64
54 65
54 66
54 67
54 74
54 77
54 78
54 80
54 81
54 86
54 89
54 98
54 99
54 104
54 105
54 107
54 110
54 115
54 120
54 121
54 126
54 127
54 130
54 141
54 146
54 147
54 150
54 160
54 162
54 164
54 168
54 175
54 178
54 182
54 183
54 184
54 185
54 186
54 195
54 200
54 203
54 206
54 207
54 208
54 210
54 213
54 217
54 218
54 225
54 231
54 234
54 247
54 249
54 250
54 251
54 252
54 256
54 260
54 264
54 267
54 270
54 272
54 276
54 277
54 281
54 282
54 284
54 285
54 286
54 297
54 299
55 58
55 61
55 62
55 67
55 74
55 75
55 79
55 82
55 83
55 104
55 105
55 115
55 116
55 121
55 124
55 126
55 135
55 136
55 137
55 140
55 142
55 144
55 145
55 148
55 149
55 154
55 155
55 159
55 180
55 185
55 186
55 196
55 203
55 204
55 207
55 208
55 209
55 210
55 211
55 216
55 218
55 219
55 221
55 224
55 225
55 229
55 232
55 239
55 241
55 247
55 249
55 250
55 255
55 260
55 265
55 268
55 275
55 280
55 282
55 286
55 287
55 291
55 295
56 57
56 62
56 68
56 71
56 74
56 88
56 89
56 90
56 98
56 99
56 102
56 105
56 111
56 115
56 117
56 120
56 122
56 130
56 132
56 133
56 134
56 136
56 137
56 139
56 142
56 144
56 145
56 146
56 151
56 153
56 154
56 156
56 158
56 162
56 167
56 169
56 173
56 174
56 177
56 180
56 183
56 188
56 190
56 196
56 202
56 204
56 206
56 212
56 214
56 216
56 220
56 222
56 224
56 225
56 226
56 236
56 238
56 239
56 251
56 253
56 254
56 255
56 259
56 263
56 269
56 273
56 274
56 276
56 278
56 280
56 281
56 285
56 286
56 292
56 295
56 297
56 299
57 58
57 61
57 65
57 66
57 67
57 69
57 73
57 74
57 79
57 88
57 90
57 92
57 93
57 99
57 100
57 101
57 103
57 108
57 114
57 119
57 121
57 129
57 132
57 133
57 134
57 135
57 140
57 141
57 146
57 149
57 150
57 153
57 154
57 156
57 157
57 159
57 161
57 162
57 167
57 180
57 186
57 188
57 192
57 194
57 202
57 209
57 213
57 215
57 226
57 232
57 235
57 236
57 239
57 240
57 242
57 244
57 245
57 247
57 249
57 253
57 255
57 256
57 258
57 261
57 262
57 264
57 270
57 275
57 278
57 279
57 287
57 291
57 293
57 294
58 63
58 65
58 74
58 75
58 77
58 84
58 85
58 87
58 88
58 92
58 96
58 102
58 103
58 104
58 110
58 116
58 117
58 119
58 120
58 122
58 123
58 125
58 128
58 130
58 133
58 135
58 137
58 142
58 143
58 152
58 156
58 168
58 174
58 177
58 179
58 180
58 192
58 193
58 198
58 199
58 200
58 206
58 208
58 210
58 213
58 214
58 215
58 216
58 224
58 230
58 233
58 234
58 237
58 244
58 248
58 250
58 258
58 259
58 260
58 261
58 263
58 264
58 268
58 269
58 271
58 273
58 274
58 275
58 279
58 282
58 285
58 288
58 291
58 294
58 296
59 63
59 69
59 72
59 74
59 75
59 76
59 79
59 82
59 84
59 87
59 88
59 91
59 92
59 93
59 98
59 105
59 112
59 116
59 119
59 123
59 130
59 133
59 137
59 138
59 145
59 148
59 149
59 151
59 157
59 158
59 160
59 161
59 167
59 174
59 179
59 181
59 182
59 190
59 196
59 201
59 205
59 206
59 207
59 213
59 219
59 223
59 224
59 229
59 233
59 234
59 236
59 237
59 239
59 242
59 245
59 246
59 248
59 252
59 253
59 256
59 260
59 264
59 268
59 269
59 271
59 274
59 275
59 276
59 277
59 278
59 282
59 283
59 291
59 293
60 64
60 65
60 67
60 69
60 71
60 77
60 78
60 79
60 80
60 83
60 95
60 96
60 97
60 99
60 103
60 110
60 111
60 114
60 116
60 117
60 119
60 120
60 123
60 126
60 127
60 132
60 135
60 142
60 152
60 153
60 156
60 162
60 163
60 165
60 173
60 175
60 178
60 182
60 183
60 184
60 185
60 189
60 191
60 192
60 193
60 194
60 195
60 200
60 202
60 203
60 205
60 209
60 211
60 217
60 219
60 235
60 237
60 238
60 239
60 240
60 241
60 242
60 248
60 250
60 251
60 252
60 262
60 266
60 275
60 277
60 278
60 279
60 282
60 284
60 286
60 287
60 294
60 295
61 64
61 66
61 69
61 73
61 82
61 85
61 86
61 88
61 90
61 95
61 97
61 105
61 108
61 109
61 110
61 116
61 118
61 119
61 131
61 133
61 134
61 142
61 143
61 146
61 150
61 152
61 153
61 155
61 160
61 164
61 165
61 172
61 174
61 180
61 181
61 190
61 194
61 196
61 197
61 199
61 205
61 207
61 208
61 209
61 214
61 217
61 218
61 222
61 224
61 225
61 231
61 236
61 237
61 241
61 245
61 246
61 252
61 253
61 254
61 261
61 262
61 267
61 268
61 272
61 274
61 276
61 277
61 286
61 288
61 292
61 296
61 299
62 63
62 66
62 70
62 75
62 76
62 80
62 81
62 82
62 88
62 91
62 93
62 94
62 95
62 97
62 99
62 103
62 104
62 109
62 115
62 116
62 120
62 122
62 124
62 127
62 130
62 133
62 136
62 137
62 139
62 140
62 142
62 144
62 147
62 150
62 151
62 156
62 157
62 158
62 167
62 168
62 170
62 175
62 176
62 179
62 180
62 182
62 186
62 190
62 191
62 202
62 203
62 205
62 206
62 212
62 216
62 221
62 223
62 225
62 226
62 227
62 234
62 238
62 239
62 242
62 246
62 249
62 253
62 257
62 259
62 268
62 281
62 288
62 292
62 293
62 297
63 68
63 71
63 76
63 78
63 81
63 82
63 83
63 85
63 90
63 92
63 95
63 97
63 106
63 114
63 118
63 119
63 120
63 128
63 145
63 150
63 152
63 155
63 157
63 160
63 163
63 164
63 167
63 168
63 169
63 175
63 179
63 183
63 188
63 190
63 195
63 196
63 204
63 205
63 206
63 212
63 213
63 214
63 217
63 222
63 230
63 236
63 241
63 246
63 248
63 255
63 256
63 260
63 261
63 265
63 268
63 274
63 276
63 277
63 280
63 282
63 288
63 295
63 297
64 70
64 78
64 83
64 85
64 86
64 92
64 93
64 101
64 105
64 106
64 114
64 116
64 121
64 124
64 127
64 133
64 134
64 137
64 138
64 140
64 141
64 147
64 154
64 157
64 159
64 161
64 166
64 167
64 171
64 175
64 177
64 179
64 186
64 187
64 190
64 198
64 203
64 205
64 208
64 209
64 210
64 214
64 217
64 218
64 220
64 223
64 229
64 243
64 245
64 246
64 250
64 256
64 266
64 268
64 278
64 282
64 285
64 286
64 289
64 290
64 292
64 293
64 296
65 69
65 72
65 75
65 81
65 82
65 83
65 84
65 85
65 86
65 91
65 92
65 93
65 96
65 97
65 100
65 101
65 107
65 109
65 112
65 113
65 114
65 116
65 128
65 129
65 130
65 135
65 137
65 139
65 140
65 146
65 148
65 151
65 153
65 155
65 160
65 161
65 164
65 167
65 169
65 171
65 174
65 176
65 180
65 187
65 188
65 189
65 193
65 195
65 197
65 203
65 208
65 209
65 210
65 213
65 214
65 215
65 217
65 221
65 222
65 231
65 234
65 236
65 238
65 239
65 241
65 242
65 244
65 245
65 247
65 248
65 249
65 250
65 255
65 259
65 260
65 262
65 267
65 268
65 269
65 274
65 277
65 281
65 285
65 290
65 292
65 295
65 299
66 68
66 71
66 72
66 78
66 81
66 84
66 86
66 92
66 93
66 96
66 101
66 104
66 107
66 108
66 109
66 110
66 114
66 122
66 132
66 133
66 138
66 139
66 143
66 145
66 150
66 151
66 155
66 156
66 158
66 159
66 168
66 170
66 171
66 173
66 174
66 178
66 182
66 185
66 186
66 188
66 189
66 190
66 192
66 195
66 196
66 209
66 217
66 218
66 219
66 221
66 222
66 223
66 227
66 228
66 234
66 240
66 241
66 246
66 251
66 253
66 254
66 255
66 256
66 260
66 264
66 271
66 274
66 275
66 280
67 68
67 73
67 74
67 75
67 81
67 82
67 83
67 85
67 86
67 88
67 93
67 95
67 97
67 100
67 106
67 109
67 110
67 124
67 125
67 127
67 135
67 137
67 142
67 144
67 146
67 155
67 158
67 162
67 164
67 168
67 170
67 174
67 175
67 177
67 180
67 181
67 192
67 194
67 213
67 216
67 221
67 223
67 225
67 226
67 236
67 240
67 243
67 244
67 249
67 252
67 259
67 260
67 265
67 271
67 272
67 278
67 285
67 286
67 290
67 292
67 298
68 82
68 88
68 89
68 90
68 93
68 96
68 99
68 101
68 106
68 114
68 116
68 123
68 125
68 131
68 133
68 135
68 138
68 139
68 141
68 143
68 144
68 145
68 150
68 152
68 154
68 155
68 158
68 159
68 160
68 164
68 166
68 169
68 173
68 177
68 179
68 185
68 191
68 201
68 203
68 205
68 206
68 207
68 209
68 212
68 213
68 214
68 215
68 219
68 222
68 223
68 224
68 228
68 230
68 231
68 235
68 237
68 246
68 249
68 254
68 257
68 261
68 263
68 271
68 272
68 286
68 287
68 289
68 299
69 74
69 78
69 84
69 85
69 87
69 93
69 97
69 98
69 99
69 100
69 103
69 114
69 118
69 131
69 132
69 133
69 141
69 142
69 143
69 145
69 146
69 149
69 151
69 155
69 157
69 158
69 159
69 160
69 163
69 165
69 168
69 170
69 172
69 173
69 175
69 176
69 182
69 185
69 190
69 191
69 195
69 199
69 202
69 204
69 206
69 207
69 211
69 219
69 221
69 224
69 225
69 227
69 228
69 230
69 232
69 235
69 238
69 242
69 243
69 247
69 248
69 249
69 254
69 256
69 261
69 267
69 269
69 270
69 274
69 276
69 277
69 282
69 295
69 298
69 299
70 71
70 73
70 75
70 76
70 79
70 84
70 85
70 86
70 87
70 89
70 90
70 92
70 94
70 104
70 112
70 116
70 117
70 118
70 122
70 124
70 128
70 129
70 130
70 132
70 133
70 149
70 150
70 154
70 159
70 161
70 165
70 169
70 171
70 172
70 174
70 177
70 179
70 180
70 181
70 191
70 195
70 197
70 198
70 201
70 202
70 204
70 205
70 209
70 212
70 217
70 220
70 223
70 226
70 227
70 228
70 240
70 245
70 248
70 257
70 259
70 261
70 262
70 263
70 264
70 268
70 271
70 272
70 274
70 284
70 286
70 289
70 290
70 295
70 297
71 74
71 75
71 77
71 81
71 84
71 85
71 98
71 100
71 101
71 113
71 117
71 124
71 128
71 136
71 147
71 148
71 156
71 157
71 161
71 164
71 168
71 170
71 176
71 187
71 190
71 191
71 201
71 203
71 207
71 210
71 213
71 214
71 218
71 219
71 223
71 224
71 228
71 230
71 232
71 235
71 236
71 237
71 245
71 249
71 251
71 252
71 259
71 260
71 263
71 268
71 270
71 274
71 281
71 284
71 285
71 286
71 288
71 289
71 291
72 79
72 80
72 83
72 87
72 89
72 91
72 94
72 98
72 100
72 102
72 104
72 111
72 116
72 119
72 121
72 123
72 125
72 130
72 137
72 140
72 143
72 144
72 148
72 155
72 157
72 158
72 160
72 167
72 168
72 171
72 172
72 175
72 176
72 177
72 179
72 181
72 183
72 186
72 188
72 189
72 201
72 205
72 207
72 209
72 214
72 215
72 216
72 219
72 225
72 227
72 228
72 231
72 232
72 238
72 245
72 249
72 250
72 251
72 254
72 260
72 261
72 263
72 265
72 266
72 278
72 279
72 280
72 285
72 286
72 287
72 293
72 299
73 76
73 79
73 80
73 81
73 82
73 83
73 88
73 89
73 90
73 91
73 93
73 94
73 97
73 98
73 109
73 113
73 122
73 123
73 125
73 126
73 127
73 131
73 142
73 144
73 145
73 148
73 150
73 153
73 159
73 160
73 161
73 162
73 165
73 170
73 171
73 180
73 196
73 198
73 199
73 201
73 202
73 204
73 208
73 209
73 211
73 215
73 226
73 227
73 228
73 231
73 234
73 239
73 241
73 242
73 246
73 247
73 252
73 254
73 257
73 258
73 263
73 269
73 271
73 272
73 273
73 274
73 276
73 277
73 280
73 284
73 287
73 297
73 299
74 77
74 80
74 85
74 86
74 91
74 92
74 93
74 95
74 99
74 100
74 102
74 104
74 107
74 108
74 111
74 113
74 114
74 115
74 118
74 125
74 128
74 138
74 140
74 143
74 147
74 153
74 162
74 165
74 166
74 171
74 172
74 178
74 180
74 182
74 183
74 185
74 189
74 196
74 199
74 204
74 210
74 216
74 221
74 224
74 227
74 228
74 236
74 237
74 238
74 243
74 245
74 247
74 251
74 255
74 256
74 258
74 261
74 262
74 263
74 264
74 266
74 267
74 271
74 272
74 273
74 274
74 276
74 281
74 288
74 291
74 297
75 76
75 81
75 83
75 84
75 85
75 89
75 90
75 92
75 93
75 96
75 98
75 102
75 106
75 107
75 111
75 112
75 114
75 115
75 121
75 123
75 129
75 138
75 144
75 151
75 156
75 160
75 161
75 165
75 166
75 173
75 175
75 176
75 178
75 181
75 184
75 186
75 188
75 191
75 196
75 212
75 216
75 222
75 224
75 226
75 227
75 228
75 238
75 241
75 249
75 250
75 252
75 253
75 256
75 258
75 262
75 266
75 269
75 272
75 274
75 275
75 277
75 278
75 282
75 289
76 103
76 111
76 113
76 115
76 118
76 119
76 120
76 124
76 125
76 127
76 129
76 134
76 135
76 141
76 144
76 146
76 147
76 148
76 149
76 154
76 157
76 159
76 160
76 170
76 173
76 177
76 181
76 182
76 183
76 189
76 192
76 198
76 206
76 207
76 221
76 222
76 225
76 226
76 230
76 234
76 235
76 245
76 250
76 252
76 266
76 267
76 269
76 276
76 277
76 280
76 283
76 285
76 291
76 295
76 298
76 299
77 78
77 81
77 83
77 94
77 109
77 116
77 117
77 118
77 119
77 122
77 125
77 127
77 130
77 132
77 145
77 147
77 149
77 150
77 152
77 153
77 154
77 155
77 161
77 164
77 166
77 171
77 172
77 176
77 177
77 179
77 180
77 185
77 189
77 190
77 200
77 201
77 208
77 217
77 223
77 224
77 227
77 228
77 229
77 230
77 231
77 233
77 238
77 240
77 243
77 245
77 247
77 249
77 256
77 258
77 263
77 264
77 265
77 266
77 271
77 274
77 277
77 279
77 281
77 284
77 287
77 291
77 299
78 89
78 90
78 94
78 96
78 101
78 105
78 108
78 112
78 114
78 115
78 124
78 125
78 127
78 131
78 132
78 136
78 139
78 142
78 143
78 144
78 145
78 147
78 151
78 152
78 155
78 162
78 167
78 169
78 170
78 174
78 176
78 178
78 180
78 184
78 187
78 188
78 195
78 203
78 217
78 220
78 224
78 228
78 237
78 244
78 252
78 256
78 263
78 265
78 267
78 270
78 271
78 272
78 274
78 275
78 285
78 286
78 288
78 289
78 294
78 295
78 299
79 82
79 88
79 90
79 94
79 95
79 99
79 102
79 109
79 110
79 111
79 112
79 113
79 118
79 126
79 138
79 142
79 144
79 145
79 146
79 149
79 153
79 154
79 156
79 157
79 158
79 163
79 166
79 173
79 174
79 179
79 180
79 182
79 189
79 192
79 195
79 199
79 200
79 203
79 204
79 212
79 217
79 225
79 229
79 233
79 234
79 235
79 237
79 249
79 257
79 259
79 260
79 264
79 267
79 268
79 272
79 275
79 276
79 278
79 280
79 283
79 284
79 285
79 287
79 291
79 292
79 296
80 94
80 97
80 98
80 100
80 101
80 102
80 104
80 109
80 113
80 116
80 117
80 118
80 130
80 137
80 138
80 139
80 141
80 142
80 145
80 147
80 149
80 151
80 155
80 157
80 162
80 166
80 167
80 168
80 170
80 173
80 174
80 178
80 179
80 188
80 194
80 195
80 196
80 197
80 199
80 200
80 202
80 203
80 205
80 216
80 217
80 219
80 230
80 231
80 238
80 241
80 242
80 249
80 250
80 251
80 256
80 258
80 259
80 267
80 276
80 282
80 284
80 290
80 291
80 292
80 293
80 298
81 83
81 88
81 91
81 94
81 98
81 100
81 102
81 104
81 107
81 109
81 112
81 114
81 118
81 120
81 121
81 126
81 129
81 131
81 136
81 138
81 140
81 141
81 146
81 148
81 149
81 152
81 153
81 154
81 157
81 162
81 171
81 174
81 176
81 179
81 183
81 187
81 188
81 191
81 192
81 193
81 195
81 199
81 200
81 202
81 203
81 205
81 206
81 208
81 214
81 215
81 218
81 221
81 222
81 226
81 232
81 237
81 238
81 240
81 244
81 252
81 257
81 263
81 267
81 271
81 273
81 276
81 278
81 281
81 282
81 284
81 285
81 287
81 292
82 86
82 87
82 89
82 90
82 92
82 93
82 95
82 97
82 99
82 101
82 102
82 106
82 116
82 118
82 125
82 129
82 141
82 144
82 146
82 152
82 157
82 160
82 162
82 166
82 167
82 172
82 178
82 184
82 186
82 193
82 194
82 196
82 198
82 200
82 206
82 208
82 209
82 218
82 220
82 222
82 225
82 229
82 230
82 232
82 233
82 235
82 240
82 243
82 244
82 247
82 253
82 263
82 275
82 279
82 281
82 290
82 291
82 293
82 296
83 84
83 86
83 90
83 93
83 96
83 97
83 98
83 102
83 105
83 107
83 114
83 121
83 122
83 135
83 138
83 152
83 153
83 154
83 156
83 161
83 162
83 166
83 167
83 169
83 172
83 173
83 175
83 181
83 186
83 189
83 190
83 195
83 198
83 199
83 201
83 204
83 213
83 223
83 226
83 228
83 230
83 231
83 233
83 236
83 238
83 243
83 247
83 252
83 255
83 262
83 267
83 269
83 270
83 272
83 273
83 275
83 280
83 286
83 288
83 293
84 86
84 87
84 90
84 92
84 95
84 98
84 106
84 109
84 110
84 115
84 120
84 121
84 128
84 133
84 134
84 135
84 137
84 142
84 144
84 146
84 148
84 149
84 155
84 161
84 164
84 169
84 172
84 174
84 176
84 182
84 187
84 195
84 200
84 209
84 213
84 216
84 217
84 223
84 229
84 230
84 231
84 232
84 234
84 236
84 237
84 238
84 239
84 240
84 242
84 245
84 246
84 253
84 255
84 256
84 257
84 258
84 266
84 270
84 278
84 279
84 281
84 282
84 290
84 297
85 86
85 87
85 89
85 91
85 92
85 93
85 98
85 103
85 104
85 108
85 109
85 114
85 126
85 131
85 135
85 140
85 143
85 144
85 154
85 156
85 161
85 166
85 167
85 169
85 170
85 171
85 177
85 178
85 183
85 184
85 192
85 199
85 202
85 203
85 204
85 207
85 212
85 222
85 229
85 232
85 234
85 236
85 240
85 242
85 245
85 248
85 249
85 251
85 256
85 262
85 265
85 266
85 268
85 269
85 270
85 276
85 277
85 278
85 280
85 285
85 293
85 297
85 299
86 89
86 93
86 97
86 99
86 101
86 103
86 106
86 122
86 126
86 128
86 136
86 143
86 147
86 151
86 152
86 157
86 159
86 164
86 166
86 169
86 170
86 180
86 181
86 182
86 184
86 189
86 194
86 197
86 198
86 203
86 207
86 208
86 211
86 213
86 214
86 216
86 217
86 219
86 229
86 230
86 231
86 233
86 234
86 239
86 240
86 244
86 245
86 246
86 249
86 250
86 251
86 261
86 263
86 272
86 276
86 278
86 284
86 286
86 289
86 293
86 298
87 92
87 96
87 102
87 105
87 106
87 109
87 114
87 123
87 124
87 132
87 137
87 139
87 140
87 143
87 145
87 147
87 150
87 154
87 156
87 157
87 168
87 169
87 177
87 178
87 181
87 184
87 186
87 188
87 191
87 192
87 197
87 202
87 204
87 205
87 209
87 217
87 221
87 223
87 224
87 227
87 233
87 237
87 239
87 240
87 243
87 245
87 246
87 247
87 249
87 250
87 253
87 257
87 260
87 261
87 263
87 265
87 266
87 270
87 274
87 275
87 276
87 283
87 285
87 286
87 289
87 291
88 92
88 93
88 95
88 98
88 99
88 107
88 108
88 112
88 113
88 115
88 120
88 121
88 123
88 126
88 128
88 129
88 144
88 148
88 150
88 151
88 152
88 153
88 154
88 159
88 167
88 169
88 175
88 177
88 190
88 194
88 197
88 202
88 207
88 209
88 210
88 212
88 214
88 217
88 221
88 223
88 224
88 231
88 232
88 233
88 239
88 241
88 247
88 253
88 256
88 257
88 260
88 261
88 266
88 269
88 270
88 279
88 284
88 290
88 292
88 294
89 92
89 98
89 102
89 104
89 105
89 108
89 110
89 112
89 114
89 115
89 118
89 131
89 134
89 136
89 145
89 146
89 149
89 150
89 151
89 152
89 153
89 154
89 162
89 168
89 169
89 171
89 174
89 176
89 179
89 181
89 182
89 183
89 201
89 204
89 209
89 210
89 212
89 215
89 220
89 222
89 227
89 231
89 232
89 233
89 235
89 236
89 240
89 241
89 246
89 247
89 249
89 251
89 253
89 260
89 261
89 262
89 264
89 266
89 270
89 271
89 281
89 284
89 294
89 297
90 97
90 98
90 99
90 106
90 107
90 109
90 114
90 120
90 121
90 125
90 127
90 130
90 139
90 146
90 147
90 148
90 153
90 155
90 156
90 158
90 159
90 163
90 167
90 172
90 175
90 180
90 185
90 187
90 189
90 190
90 197
90 200
90 204
90 208
90 221
90 222
90 228
90 229
90 231
90 234
90 240
90 245
90 247
90 248
90 257
90 259
90 261
90 262
90 267
90 273
90 277
90 278
90 279
90 281
90 282
90 288
90 294
90 296
90 297
90 298
91 97
91 103
91 109
91 111
91 112
91 114
91 121
91 123
91 124
91 126
91 133
91 140
91 142
91 145
91 147
91 149
91 151
91 156
91 161
91 162
91 164
91 165
91 168
91 173
91 176
91 193
91 198
91 203
91 205
91 211
91 212
91 217
91 218
91 219
91 222
91 227
91 229
91 231
91 232
91 234
91 235
91 236
91 238
91 239
91 242
91 247
91 249
91 250
91 252
91 254
91 264
91 267
91 270
91 271
91 272
91 275
91 281
91 287
91 296
92 93
92 94
92 95
92 99
92 110
92 111
92 114
92 120
92 121
92 126
92 130
92 132
92 134
92 135
92 138
92 144
92 148
92 152
92 155
92 156
92 161
92 172
92 179
92 182
92 184
92 186
92 188
92 189
92 197
92 199
92 201
92 203
92 206
92 207
92 208
92 209
92 213
92 215
92 217
92 218
92 219
92 223
92 229
92 233
92 238
92 239
92 251
92 260
92 262
92 265
92 271
92 275
92 279
92 282
92 284
92 286
92 292
92 296
92 298
93 96
93 98
93 101
93 102
93 105
93 112
93 114
93 115
93 116
93 117
93 119
93 121
93 124
93 141
93 144
93 152
93 153
93 155
93 158
93 159
93 161
93 163
93 166
93 167
93 169
93 172
93 175
93 187
93 188
93 199
93 201
93 203
93 209
93 210
93 211
93 212
93 213
93 218
93 224
93 225
93 229
93 231
93 238
93 240
93 242
93 244
93 249
93 250
93 255
93 259
93 264
93 267
93 268
93 271
93 274
93 275
93 276
93 286
93 287
93 289
93 290
93 292
94 95
94 99
94 100
94 101
94 102
94 115
94 117
94 120
94 121
94 122
94 124
94 126
94 130
94 144
94 145
94 146
94 150
94 151
94 153
94 155
94 158
94 167
94 172
94 176
94 181
94 191
94 205
94 209
94 210
94 213
94 214
94 222
94 223
94 225
94 227
94 228
94 229
94 231
94 232
94 238
94 239
94 246
94 247
94 248
94 250
94 252
94 257
94 262
94 264
94 268
94 273
94 274
94 282
94 286
94 287
94 289
94 291
94 292
94 298
94 299
95 105
95 106
95 111
95 112
95 116
95 117
95 122
95 129
95 130
95 133
95 134
95 141
95 145
95 146
95 148
95 150
95 157
95 159
95 160
95 161
95 164
95 165
95 166
95 169
95 170
95 174
95 176
95 179
95 184
95 185
95 200
95 202
95 209
95 210
95 212
95 213
95 216
95 219
95 220
95 221
95 225
95 227
95 228
95 230
95 231
95 233
95 238
95 246
95 252
95 253
95 259
95 260
95 263
95 264
95 265
95 267
95 269
95 270
95 277
95 280
95 282
95 286
95 288
95 290
95 294
95 295
95 297
96 103
96 108
96 110
96 116
96 118
96 123
96 125
96 128
96 136
96 138
96 140
96 141
96 144
96 150
96 151
96 152
96 153
96 156
96 157
96 168
96 170
96 173
96 174
96 175
96 176
96 181
96 184
96 185
96 186
96 187
96 191
96 194
96 199
96 200
96 201
96 202
96 204
96 212
96 213
96 216
96 217
96 221
96 222
96 224
96 225
96 227
96 230
96 232
96 238
96 243
96 246
96 252
96 255
96 257
96 261
96 262
96 264
96 266
96 267
96 268
96 274
96 276
96 278
96 279
96 285
96 291
97 98
97 100
97 101
97 106
97 111
97 114
97 115
97 117
97 119
97 123
97 125
97 131
97 136
97 140
97 142
97 146
97 153
97 154
97 164
97 166
97 167
97 184
97 185
97 187
97 191
97 193
97 196
97 200
97 203
97 206
97 208
97 212
97 214
97 222
97 226
97 228
97 229
97 230
97 233
97 238
97 243
97 245
97 247
97 258
97 259
97 263
97 264
97 278
97 284
97 286
97 289
97 293
97 294
97 297
98 102
98 104
98 105
98 110
98 113
98 114
98 115
98 116
98 121
98 127
98 128
98 130
98 133
98 146
98 153
98 155
98 160
98 163
98 164
98 168
98 170
98 185
98 187
98 195
98 197
98 198
98 205
98 210
98 211
98 215
98 217
98 219
98 221
98 225
98 230
98 236
98 238
98 239
98 243
98 244
98 249
98 250
98 251
98 252
98 255
98 257
98 260
98 264
98 266
98 268
98 269
98 273
98 276
98 277
98 280
98 282
98 289
98 296
98 297
98 298
99 108
99 114
99 116
99 117
99 118
99 119
99 124
99 127
99 133
99 137
99 138
99 139
99 140
99 149
99 152
99 157
99 158
99 160
99 162
99 163
99 165
99 180
99 184
99 187
99 190
99 192
99 199
99 200
99 203
99 209
99 210
99 219
99 222
99 226
99 227
99 230
99 236
99 237
99 240
99 241
99 243
99 251
99 254
99 256
99 257
99 260
99 261
99 263
99 266
99 276
99 278
99 281
99 283
99 288
99 290
99 293
100 104
100 107
100 109
100 112
100 113
100 114
100 118
100 131
100 133
100 138
100 141
100 142
100 145
100 146
100 147
100 150
100 151
100 153
100 156
100 157
100 158
100 165
100 168
100 170
100 171
100 179
100 180
100 183
100 184
100 185
100 190
100 196
100 202
100 205
100 206
100 215
100 220
100 230
100 233
100 240
100 241
100 243
100 246
100 251
100 252
100 255
100 261
100 264
100 266
100 267
100 274
100 275
100 277
100 282
100 284
100 287
100 288
100 292
100 293
100 296
100 298
101 103
101 107
101 108
101 110
101 112
101 115
101 116
101 124
101 130
101 132
101 133
101 134
101 137
101 138
101 141
101 143
101 145
101 146
101 147
101 153
101 160
101 161
101 162
101 165
101 168
101 171
101 172
101 178
101 191
101 193
101 198
101 203
101 208
101 210
101 221
101 224
101 225
101 229
101 232
101 236
101 238
101 239
101 240
101 241
101 247
101 248
101 249
101 253
101 255
101 256
101 263
101 267
101 273
101 279
101 281
101 284
101 288
101 293
102 103
102 110
102 111
102 113
102 119
102 121
102 123
102 124
102 125
102 127
102 131
102 134
102 137
102 140
102 141
102 147
102 149
102 157
102 158
102 160
102 166
102 169
102 170
102 171
102 172
102 176
102 179
102 183
102 188
102 190
102 194
102 196
102 197
102 203
102 204
102 205
102 210
102 212
102 213
102 218
102 221
102 222
102 223
102 224
102 226
102 228
102 229
102 231
102 234
102 235
102 242
102 251
102 252
102 262
102 264
102 270
102 274
102 279
102 287
102 296
102 297
102 299
103 106
103 107
103 109
103 112
103 115
103 117
103 125
103 134
103 139
103 140
103 149
103 150
103 154
103 155
103 156
103 158
103 164
103 167
103 168
103 172
103 173
103 175
103 179
103 180
103 182
103 189
103 190
103 191
103 193
103 196
103 198
103 200
103 202
103 208
103 213
103 214
103 215
103 221
103 222
103 223
103 227
103 232
103 239
103 240
103 243
103 246
103 247
103 249
103 253
103 256
103 258
103 261
103 267
103 268
103 270
103 271
103 272
103 273
103 277
103 280
103 281
103 282
103 285
103 286
103 287
103 296
103 298
104 107
104 109
104 114
104 116
104 117
104 124
104 125
104 135
104 141
104 142
104 143
104 144
104 145
104 156
104 161
104 166
104 170
104 171
104 175
104 176
104 182
104 185
104 186
104 188
104 190
104 193
104 195
104 196
104 204
104 205
104 206
104 211
104 213
104 217
104 218
104 224
104 226
104 228
104 237
104 239
104 240
104 248
104 249
104 254
104 258
104 259
104 261
104 267
104 274
104 275
104 276
104 280
104 282
104 284
104 287
104 293
104 294
105 107
105 108
105 109
105 113
105 117
105 121
105 123
105 125
105 126
105 129
105 132
105 141
105 147
105 151
105 155
105 158
105 161
105 162
105 163
105 166
105 171
105 173
105 176
105 177
105 182
105 197
105 203
105 222
105 223
105 227
105 228
105 230
105 232
105 233
105 234
105 237
105 239
105 245
105 251
105 253
105 254
105 257
105 268
105 271
105 273
105 277
105 281
105 283
105 286
105 291
105 293
106 109
106 110
106 112
106 113
106 114
106 116
106 117
106 118
106 121
106 129
106 133
106 134
106 140
106 145
106 146
106 151
106 153
106 160
106 165
106 168
106 169
106 174
106 182
106 187
106 197
106 199
106 207
106 210
106 216
106 220
106 222
106 227
106 229
106 230
106 231
106 232
106 235
106 236
106 238
106 239
106 241
106 245
106 251
106 253
106 257
106 258
106 261
106 267
106 272
106 273
106 275
106 277
106 283
106 289
106 290
106 292
106 293
106 295
106 297
107 108
107 114
107 117
107 118
107 124
107 127
107 129
107 134
107 136
107 137
107 138
107 140
107 142
107 145
107 149
107 150
107 154
107 155
107 156
107 157
107 159
107 161
107 170
107 172
107 174
107 177
107 183
107 190
107 193
107 205
107 207
107 210
107 211
107 213
107 214
107 216
107 218
107 220
107 221
107 224
107 228
107 231
107 232
107 236
107 239
107 243
107 245
107 247
107 251
107 257
107 258
107 259
107 260
107 263
107 264
107 265
107 267
107 274
107 275
107 279
107 280
107 284
107 289
107 294
107 296
107 298
108 109
108 110
108 125
108 126
108 128
108 139
108 140
108 150
108 151
108 159
108 167
108 169
108 172
108 177
108 178
108 180
108 185
108 186
108 188
108 194
108 197
108 204
108 205
108 206
108 212
108 219
108 220
108 221
108 229
108 232
108 236
108 237
108 242
108 243
108 245
108 246
108 249
108 250
108 251
108 254
108 256
108 263
108 265
108 272
108 277
108 278
108 281
108 284
108 285
108 293
108 294
109 113
109 122
109 125
109 128
109 130
109 132
109 141
109 146
109 151
109 152
109 153
109 158
109 159
109 163
109 164
109 165
109 166
109 171
109 177
109 178
109 180
109 182
109 186
109 187
109 190
109 195
109 197
109 198
109 199
109 202
109 218
109 219
109 227
109 229
109 231
109 232
109 233
109 234
109 238
109 243
109 245
109 246
109 247
109 250
109 256
109 257
109 258
109 259
109 265
109 266
109 267
109 280
109 284
109 285
109 291
109 295
110 112
110 113
110 116
110 121
110 129
110 133
110 139
110 141
110 146
110 150
110 155
110 160
110 161
110 168
110 169
110 172
110 174
110 179
110 180
110 181
110 182
110 187
110 189
110 190
110 192
110 193
110 194
110 197
110 198
110 199
110 203
110 206
110 208
110 219
110 220
110 222
110 229
110 232
110 234
110 235
110 236
110 238
110 244
110 247
110 249
110 253
110 257
110 260
110 264
110 268
110 269
110 273
110 279
110 280
110 282
110 283
110 285
110 288
110 289
110 293
110 294
110 296
111 117
111 119
111 123
111 129
111 130
111 131
111 134
111 136
111 138
111 141
111 142
111 145
111 146
111 149
111 150
111 153
111 154
111 155
111 157
111 159
111 160
111 165
111 166
111 167
111 168
111 169
111 171
111 175
111 177
111 180
111 184
111 186
111 188
111 189
111 193
111 195
111 198
111 200
111 206
111 209
111 213
111 215
111 217
111 220
111 223
111 228
111 229
111 230
111 235
111 240
111 242
111 244
111 249
111 250
111 252
111 253
111 254
111 264
111 265
111 267
111 269
111 275
111 277
111 278
111 282
111 286
111 289
111 291
111 294
111 296
111 297
112 118
112 123
112 125
112 127
112 130
112 132
112 135
112 137
112 138
112 139
112 141
112 144
112 156
112 158
112 160
112 168
112 169
112 172
112 177
112 182
112 189
112 190
112 197
112 205
112 209
112 210
112 213
112 214
112 217
112 223
112 228
112 239
112 240
112 241
112 243
112 245
112 250
112 252
112 254
112 255
112 261
112 264
112 266
112 272
112 274
112 275
112 280
112 283
112 285
112 286
112 292
112 295
113 116
113 119
113 122
113 131
113 138
113 139
113 141
113 145
113 147
113 150
113 153
113 155
113 159
113 160
113 174
113 176
113 178
113 179
113 180
113 182
113 184
113 186
113 192
113 193
113 194
113 199
113 202
113 203
113 204
113 211
113 213
113 215
113 224
113 233
113 238
113 239
113 241
113 242
113 246
113 250
113 254
113 258
113 262
113 263
113 264
113 267
113 269
113 277
113 281
113 283
113 285
113 287
113 291
113 292
113 298
114 120
114 121
114 124
114 125
114 134
114 140
114 144
114 145
114 147
114 158
114 168
114 179
114 180
114 182
114 185
114 186
114 187
114 188
114 189
114 193
114 197
114 198
114 201
114 204
114 205
114 212
114 224
114 225
114 242
114 243
114 251
114 252
114 254
114 258
114 261
114 262
114 265
114 271
114 278
114 279
114 280
114 281
114 283
114 285
114 292
114 297
115 117
115 119
115 120
115 124
115 125
115 128
115 130
115 131
115 132
115 135
115 139
115 142
115 151
115 153
115 158
115 159
115 161
115 163
115 171
115 175
115 177
115 178
115 182
115 183
115 187
115 188
115 189
115 193
115 202
115 204
115 211
115 219
115 224
115 228
115 230
115 239
115 241
115 242
115 243
115 250
115 260
115 263
115 273
115 278
115 285
115 288
115 290
115 291
115 298
116 120
116 123
116 124
116 126
116 129
116 136
116 137
116 144
116 145
116 149
116 151
116 152
116 154
116 156
116 161
116 163
116 165
116 170
116 171
116 176
116 177
116 179
116 180
116 184
116 186
116 189
116 190
116 201
116 203
116 208
116 209
116 210
116 212
116 225
116 226
116 231
116 232
116 234
116 237
116 238
116 244
116 246
116 247
116 250
116 259
116 260
116 261
116 264
116 266
116 269
116 273
116 275
116 277
116 279
116 281
116 284
116 287
116 289
116 297
117 118
117 125
117 127
117 128
117 133
117 136
117 137
117 145
117 149
117 151
117 154
117 156
117 160
117 161
117 174
117 175
117 181
117 182
117 183
117 185
117 186
117 187
117 189
117 191
117 195
117 196
117 201
117 202
117 204
117 206
117 210
117 212
117 213
117 216
117 218
117 222
117 223
117 235
117 239
117 240
117 242
117 249
117 250
117 252
117 254
117 257
117 261
117 264
117 265
117 266
117 268
117 273
117 276
117 278
117 281
117 286
117 290
117 291
117 294
117 299
118 123
118 124
118 130
118 136
118 137
118 140
118 144
118 152
118 154
118 159
118 163
118 169
118 176
118 178
118 181
118 183
118 189
118 193
118 194
118 195
118 199
118 201
118 203
118 207
118 221
118 222
118 228
118 229
118 230
118 231
118 232
118 235
118 236
118 239
118 245
118 246
118 249
118 250
118 251
118 252
118 253
118 254
118 255
118 259
118 261
118 262
118 263
118 268
118 272
118 285
118 288
118 291
118 294
118 296
118 298
119 121
119 123
119 127
119 130
119 132
119 136
119 138
119 139
119 140
119 141
119 142
119 143
119 144
119 147
119 149
119 151
119 152
119 155
119 160
119 164
119 167
119 170
119 173
119 178
119 180
119 181
119 184
119 185
119 189
119 191
119 198
119 199
119 204
119 205
119 212
119 216
119 218
119 225
119 226
119 227
119 235
119 236
119 237
119 250
119 251
119 252
119 254
119 260
119 263
119 264
119 266
119 267
119 268
119 269
119 271
119 276
119 280
119 290
119 295
119 296
119 297
119 299
120 127
120 128
120 130
120 132
120 134
120 135
120 136
120 152
120 155
120 157
120 165
120 169
120 173
120 175
120 176
120 178
120 179
120 182
120 183
120 185
120 188
120 191
120 194
120 195
120 200
120 201
120 209
120 211
120 214
120 219
120 225
120 227
120 228
120 231
120 232
120 234
120 239
120 243
120 244
120 250
120 251
120 255
120 257
120 260
120 261
120 262
120 270
120 277
120 279
120 282
120 291
120 292
120 293
120 295
120 299
121 122
121 123
121 127
121 129
121 132
121 137
121 138
121 142
121 144
121 145
121 148
121 149
121 151
121 152
121 157
121 163
121 167
121 179
121 186
121 187
121 193
121 196
121 198
121 202
121 206
121 210
121 211
121 212
121 213
121 217
121 220
121 221
121 223
121 225
121 227
121 235
121 239
121 241
121 243
121 250
121 252
121 254
121 259
121 260
121 262
121 266
121 268
121 273
121 277
121 279
121 280
121 281
121 283
121 288
121 291
121 296
121 297
122 124
122 128
122 129
122 133
122 135
122 139
122 143
122 146
122 148
122 149
122 153
122 154
122 155
122 159
122 161
122 162
122 165
122 172
122 177
122 181
122 184
122 193
122 195
122 200
122 201
122 206
122 216
122 217
122 226
122 231
122 235
122 238
122 239
122 242
122 249
122 264
122 267
122 278
122 284
122 287
122 290
122 292
122 294
122 299
123 128
123 129
123 133
123 134
123 135
123 138
123 142
123 145
123 147
123 151
123 154
123 156
123 162
123 165
123 168
123 169
123 172
123 175
123 177
123 187
123 196
123 198
123 203
123 207
123 208
123 211
123 212
123 224
123 225
123 230
123 234
123 237
123 240
123 242
123 247
123 251
123 260
123 263
123 264
123 268
123 269
123 270
123 272
123 273
123 275
123 276
123 277
123 281
123 282
123 293
123 297
123 298
124 125
124 127
124 128
124 131
124 133
124 140
124 144
124 149
124 152
124 156
124 160
124 161
124 168
124 170
124 171
124 172
124 174
124 191
124 193
124 194
124 198
124 200
124 201
124 203
124 206
124 207
124 210
124 211
124 213
124 217
124 218
124 219
124 222
124 227
124 229
124 231
124 232
124 236
124 237
124 240
124 245
124 250
124 251
124 253
124 255
124 261
124 270
124 271
124 278
124 282
124 289
124 297
125 128
125 129
125 131
125 133
125 134
125 136
125 138
125 139
125 140
125 141
125 142
125 146
125 147
125 151
125 152
125 153
125 154
125 155
125 163
125 166
125 175
125 180
125 182
125 192
125 201
125 203
125 206
125 217
125 223
125 225
125 227
125 228
125 239
125 242
125 247
125 249
125 252
125 253
125 255
125 259
125 266
125 271
125 279
125 284
125 285
125 291
125 292
125 293
125 294
125 297
126 129
126 130
126 132
126 137
126 138
126 139
126 149
126 150
126 155
126 158
126 160
126 163
126 166
126 174
126 176
126 181
126 185
126 188
126 190
126 191
126 192
126 195
126 198
126 200
126 202
126 203
126 207
126 208
126 209
126 214
126 217
126 219
126 220
126 223
126 226
126 231
126 239
126 240
126 246
126 248
126 249
126 250
126 251
126 252
126 254
126 255
126 256
126 259
126 261
126 262
126 264
126 271
126 275
126 276
126 277
126 280
126 282
126 283
126 284
126 286
126 287
126 290
126 291
126 292
126 295
127 129
127 131
127 132
127 140
127 146
127 150
127 155
127 156
127 159
127 171
127 177
127 192
127 195
127 198
127 204
127 206
127 209
127 210
127 221
127 223
127 224
127 225
127 227
127 233
127 235
127 262
127 266
127 268
127 272
127 275
127 280
127 281
127 282
127 288
127 289
127 290
127 291
127 293
127 294
127 298
127 299
128 134
128 136
128 146
128 147
128 149
128 150
128 151
128 152
128 156
128 158
128 163
128 166
128 167
128 169
128 175
128 177
128 178
128 180
128 181
128 187
128 189
128 192
128 193
128 197
128 198
128 199
128 211
128 214
128 215
128 221
128 222
128 224
128 225
128 227
128 229
128 231
128 232
128 233
128 234
128 235
128 236
128 237
128 240
128 242
128 243
128 253
128 255
128 256
128 259
128 265
128 266
128 269
128 270
128 273
128 274
128 276
128 280
128 281
128 288
128 289
128 293
128 295
128 298
129 133
129 135
129 136
129 137
129 141
129 152
129 157
129 159
129 165
129 169
129 171
129 173
129 176
129 178
129 181
129 183
129 187
129 188
129 194
129 202
129 204
129 207
129 208
129 212
129 214
129 223
129 227
129 228
129 230
129 231
129 243
129 247
129 248
129 252
129 254
129 264
129 265
129 268
129 273
129 275
129 281
129 287
129 288
129 290
129 293
129 295
130 133
130 135
130 140
130 142
130 149
130 154
130 155
130 161
130 167
130 168
130 174
130 175
130 177
130 179
130 183
130 186
130 189
130 192
130 193
130 195
130 196
130 201
130 204
130 207
130 209
130 212
130 213
130 214
130 223
130 224
130 227
130 228
130 236
130 238
130 245
130 248
130 253
130 257
130 261
130 268
130 269
130 270
130 271
130 279
130 281
130 284
130 287
130 288
130 291
130 292
130 297
130 298
130 299
131 138
131 143
131 145
131 146
131 147
131 148
131 149
131 151
131 152
131 155
131 157
131 165
131 166
131 169
131 170
131 175
131 182
131 185
131 188
131 191
131 195
131 204
131 206
131 207
131 208
131 211
131 212
131 213
131 216
131 218
131 219
131 223
131 225
131 226
131 227
131 231
131 232
131 236
131 237
131 239
131 240
131 242
131 243
131 244
131 247
131 248
131 254
131 268
131 271
131 272
131 276
131 279
131 282
131 286
131 294
132 136
132 140
132 147
132 151
132 154
132 158
132 160
132 161
132 163
132 171
132 173
132 180
132 181
132 182
132 184
132 187
132 189
132 192
132 205
132 207
132 211
132 213
132 215
132 218
132 219
132 222
132 223
132 224
132 228
132 230
132 231
132 235
132 237
132 244
132 245
132 246
132 247
132 250
132 253
132 257
132 258
132 262
132 263
132 265
132 267
132 269
132 270
132 276
132 279
132 285
132 290
132 295
133 136
133 139
133 141
133 142
133 143
133 145
133 147
133 152
133 162
133 170
133 171
133 174
133 178
133 179
133 180
133 189
133 195
133 197
133 199
133 205
133 211
133 214
133 215
133 217
133 221
133 222
133 224
133 227
133 229
133 230
133 236
133 239
133 244
133 245
133 249
133 250
133 252
133 254
133 263
133 266
133 270
133 273
133 274
133 279
133 280
133 282
133 286
133 290
133 291
133 294
133 296
133 298
133 299
134 139
134 148
134 151
134 152
134 156
134 157
134 158
134 159
134 160
134 161
134 165
134 176
134 179
134 184
134 188
134 189
134 192
134 197
134 198
134 200
134 203
134 207
134 212
134 217
134 218
134 229
134 239
134 240
134 246
134 251
134 254
134 260
134 263
134 264
134 269
134 270
134 272
134 273
134 276
134 281
134 282
134 284
134 287
134 288
134 290
134 294
134 296
135 138
135 142
135 145
135 148
135 151
135 152
135 153
135 155
135 158
135 160
135 161
135 163
135 164
135 165
135 167
135 170
135 171
135 174
135 175
135 176
135 178
135 181
135 189
135 190
135 191
135 192
135 195
135 199
135 201
135 202
135 204
135 207
135 210
135 213
135 215
135 219
135 222
135 225
135 228
135 233
135 234
135 235
135 237
135 238
135 249
135 250
135 253
135 254
135 255
135 258
135 260
135 266
135 267
135 270
135 272
135 273
135 275
135 281
135 284
135 287
135 294
135 296
135 297
135 298
136 143
136 145
136 146
136 150
136 152
136 155
136 156
136 157
136 160
136 162
136 164
136 169
136 171
136 172
136 178
136 182
136 187
136 190
136 193
136 195
136 197
136 199
136 200
136 201
136 202
136 203
136 208
136 210
136 211
136 212
136 214
136 215
136 232
136 234
136 242
136 246
136 255
136 260
136 263
136 266
136 269
136 270
136 281
136 288
136 291
136 292
136 293
137 139
137 141
137 148
137 149
137 153
137 156
137 157
137 158
137 163
137 164
137 165
137 166
137 172
137 175
137 178
137 180
137 187
137 188
137 190
137 191
137 200
137 207
137 208
137 209
137 211
137 213
137 216
137 218
137 219
137 223
137 224
137 225
137 226
137 229
137 232
137 233
137 237
137 244
137 248
137 249
137 253
137 256
137 257
137 258
137 261
137 262
137 264
137 267
137 268
137 273
137 274
137 278
137 279
137 282
137 283
137 287
137 290
137 291
137 295
137 296
137 298
138 139
138 140
138 150
138 152
138 154
138 155
138 162
138 166
138 170
138 180
138 191
138 192
138 193
138 194
138 196
138 197
138 199
138 202
138 204
138 205
138 207
138 208
138 210
138 218
138 219
138 228
138 231
138 238
138 245
138 246
138 248
138 256
138 258
138 260
138 273
138 277
138 279
138 280
138 282
138 285
138 287
138 288
138 291
138 295
138 296
139 148
139 149
139 151
139 152
139 154
139 156
139 157
139 160
139 161
139 163
139 165
139 167
139 171
139 172
139 173
139 174
139 175
139 178
139 179
139 182
139 184
139 185
139 187
139 189
139 191
139 194
139 196
139 199
139 202
139 214
139 215
139 216
139 218
139 222
139 226
139 228
139 233
139 238
139 240
139 242
139 246
139 247
139 250
139 251
139 254
139 258
139 259
139 260
139 262
139 267
139 274
139 278
139 281
139 282
139 288
139 293
139 296
140 142
140 145
140 150
140 161
140 163
140 165
140 172
140 175
140 186
140 188
140 193
140 194
140 198
140 201
140 203
140 205
140 207
140 211
140 217
140 224
140 230
140 234
140 243
140 245
140 247
140 255
140 259
140 270
140 278
140 283
140 284
140 294
140 297
141 145
141 151
141 152
141 153
141 156
141 160
141 164
141 169
141 178
141 181
141 190
141 194
141 196
141 197
141 202
141 205
141 206
141 207
141 210
141 215
141 216
141 217
141 221
141 227
141 228
141 233
141 238
141 243
141 244
141 246
141 247
141 252
141 254
141 257
141 258
141 259
141 266
141 267
141 269
141 271
141 278
141 279
141 281
141 282
141 283
141 287
141 289
142 144
142 146
142 147
142 151
142 157
142 161
142 164
142 165
142 169
142 174
142 188
142 200
142 206
142 208
142 213
142 216
142 223
142 224
142 229
142 235
142 237
142 242
142 243
142 246
142 257
142 260
142 264
142 267
142 271
142 275
142 276
142 277
142 280
142 284
142 285
142 286
142 295
142 296
142 298
143 145
143 149
143 150
143 151
143 158
143 163
143 164
143 166
143 170
143 173
143 178
143 179
143 181
143 182
143 184
143 185
143 188
143 190
143 191
143 197
143 201
143 203
143 208
143 211
143 213
143 220
143 224
143 226
143 227
143 228
143 235
143 237
143 247
143 249
143 250
143 252
143 253
143 261
143 265
143 273
143 275
143 278
143 282
143 285
143 286
143 287
143 288
143 291
143 297
143 299
144 145
144 147
144 148
144 150
144 162
144 163
144 175
144 177
144 183
144 186
144 187
144 192
144 193
144 195
144 196
144 197
144 198
144 199
144 201
144 210
144 211
144 214
144 215
144 217
144 219
144 223
144 224
144 226
144 233
144 237
144 238
144 245
144 247
144 250
144 259
144 263
144 266
144 268
144 270
144 274
144 277
144 284
144 290
144 292
144 297
145 149
145 152
145 153
145 157
145 160
145 161
145 162
145 169
145 170
145 171
145 181
145 182
145 183
145 188
145 197
145 200
145 202
145 205
145 207
145 211
145 212
145 213
145 217
145 219
145 220
145 226
145 228
145 245
145 247
145 248
145 249
145 253
145 254
145 256
145 258
145 259
145 262
145 270
145 271
145 274
145 277
145 281
145 283
145 285
145 295
145 297
146 147
146 150
146 156
146 158
146 159
146 160
146 161
146 170
146 171
146 172
146 174
146 175
146 186
146 193
146 197
146 200
146 207
146 208
146 210
146 212
146 216
146 217
146 219
146 222
146 231
146 232
146 233
146 237
146 240
146 248
146 253
146 259
146 262
146 273
146 278
146 279
146 280
146 284
146 292
146 297
147 149
147 150
147 155
147 156
147 161
147 162
147 163
147 167
147 169
147 172
147 173
147 184
147 185
147 189
147 192
147 194
147 195
147 196
147 202
147 207
147 208
147 218
147 219
147 221
147 225
147 230
147 244
147 246
147 252
147 253
147 257
147 258
147 261
147 263
147 265
147 271
147 272
147 274
147 285
147 290
147 292
147 294
147 296
147 299
148 149
148 151
148 152
148 155
148 163
148 164
148 168
148 169
148 175
148 177
148 179
148 181
148 187
148 194
148 198
148 205
148 208
148 210
148 212
148 214
148 217
148 219
148 221
148 223
148 224
148 225
148 228
148 232
148 233
148 235
148 240
148 243
148 246
148 247
148 260
148 262
148 265
148 266
148 268
148 269
148 277
148 278
148 279
148 281
148 284
148 292
148 294
149 150
149 154
149 155
149 165
149 172
149 176
149 181
149 191
149 196
149 198
149 199
149 204
149 216
149 226
149 228
149 231
149 235
149 237
149 238
149 239
149 243
149 249
149 271
149 277
149 278
149 279
149 282
149 293
149 294
149 295
149 296
150 152
150 157
150 160
150 163
150 166
150 167
150 168
150 174
150 179
150 180
150 182
150 183
150 184
150 185
150 189
150 193
150 194
150 195
150 197
150 201
150 202
150 204
150 207
150 210
150 213
150 215
150 216
150 217
150 225
150 233
150 238
150 239
150 245
150 246
150 247
150 248
150 250
150 268
150 270
150 272
150 276
150 278
150 280
150 282
150 285
150 291
150 297
150 298
151 152
151 156
151 157
151 160
151 162
151 169
151 172
151 176
151 177
151 179
151 181
151 183
151 185
151 186
151 189
151 193
151 198
151 199
151 200
151 201
151 202
151 204
151 211
151 212
151 215
151 220
151 243
151 245
151 248
151 251
151 253
151 256
151 259
151 260
151 262
151 266
151 269
151 271
151 274
151 277
151 280
151 284
151 285
151 287
151 289
151 294
151 299
152 154
152 155
152 158
152 159
152 161
152 164
152 166
152 170
152 178
152 181
152 182
152 186
152 189
152 196
152 207
152 212
152 218
152 231
152 232
152 233
152 238
152 239
152 240
152 245
152 246
152 247
152 254
152 257
152 258
152 259
152 260
152 261
152 263
152 264
152 270
152 271
152 274
152 276
152 279
152 281
152 285
152 292
152 293
152 296
153 154
153 159
153 161
153 166
153 168
153 172
153 174
153 177
153 183
153 185
153 189
153 197
153 198
153 202
153 205
153 206
153 208
153 217
153 218
153 219
153 222
153 230
153 232
153 233
153 235
153 237
153 239
153 243
153 244
153 246
153 247
153 249
153 254
153 256
153 258
153 259
153 265
153 267
153 269
153 273
153 276
153 285
153 290
153 293
153 298
153 299
154 155
154 158
154 161
154 167
154 171
154 172
154 174
154 176
154 179
154 181
154 187
154 189
154 193
154 195
154 198
154 199
154 203
154 210
154 212
154 215
154 216
154 220
154 221
154 223
154 232
154 235
154 239
154 247
154 261
154 264
154 272
154 274
154 280
154 284
154 292
154 293
154 296
154 298
155 159
155 161
155 162
155 165
155 168
155 171
155 172
155 177
155 178
155 182
155 187
155 189
155 191
155 192
155 198
155 206
155 208
155 209
155 219
155 222
155 225
155 228
155 231
155 234
155 236
155 237
155 238
155 245
155 249
155 251
155 253
155 255
155 256
155 257
155 258
155 260
155 263
155 264
155 265
155 273
155 280
155 283
155 285
155 286
155 292
155 296
155 298
156 158
156 159
156 165
156 166
156 167
156 172
156 173
156 174
156 175
156 179
156 180
156 185
156 188
156 192
156 193
156 199
156 215
156 222
156 224
156 226
156 227
156 229
156 232
156 235
156 239
156 244
156 247
156 249
156 256
156 257
156 261
156 263
156 268
156 271
156 272
156 277
156 278
156 282
156 284
156 285
156 286
156 291
156 292
156 297
157 161
157 165
157 166
157 169
157 174
157 183
157 185
157 189
157 192
157 194
157 195
157 197
157 201
157 202
157 210
157 211
157 212
157 216
157 219
157 226
157 229
157 230
157 233
157 234
157 236
157 240
157 245
157 248
157 251
157 252
157 257
157 258
157 259
157 263
157 264
157 271
157 273
157 276
157 277
157 278
157 286
157 290
157 293
157 294
157 299
158 163
158 166
158 172
158 173
158 178
158 183
158 184
158 187
158 188
158 192
158 194
158 195
158 197
158 198
158 199
158 200
158 202
158 205
158 207
158 216
158 219
158 227
158 238
158 246
158 247
158 253
158 261
158 266
158 267
158 269
158 271
158 272
158 277
158 278
158 279
158 282
158 289
158 297
158 298
159 164
159 170
159 172
159 179
159 180
159 182
159 187
159 192
159 195
159 197
159 198
159 199
159 200
159 202
159 209
159 212
159 215
159 218
159 220
159 226
159 227
159 232
159 235
159 241
159 246
159 247
159 248
159 251
159 257
159 260
159 262
159 263
159 265
159 271
159 272
159 276
159 278
159 279
159 287
159 293
159 294
160 164
160 168
160 172
160 175
160 188
160 190
160 195
160 198
160 199
160 201
160 203
160 216
160 218
160 219
160 221
160 222
160 225
160 226
160 227
160 228
160 231
160 232
160 235
160 242
160 243
160 246
160 258
160 259
160 262
160 263
160 269
160 272
160 275
160 276
160 279
160 283
160 284
160 285
160 286
160 287
160 288
160 291
160 293
160 295
161 167
161 169
161 171
161 173
161 175
161 178
161 181
161 183
161 188
161 195
161 196
161 197
161 209
161 215
161 218
161 219
161 220
161 221
161 227
161 230
161 241
161 243
161 244
161 246
161 250
161 251
161 253
161 255
161 256
161 263
161 266
161 269
161 271
161 276
161 277
161 278
161 280
161 282
161 284
162 165
162 169
162 181
162 186
162 188
162 189
162 192
162 199
162 200
162 213
162 214
162 218
162 227
162 228
162 229
162 230
162 237
162 243
162 254
162 255
162 258
162 261
162 264
162 266
162 270
162 273
162 281
162 289
162 290
162 291
163 168
163 169
163 179
163 183
163 187
163 188
163 194
163 198
163 200
163 205
163 206
163 207
163 222
163 224
163 225
163 226
163 228
163 232
163 235
163 241
163 244
163 252
163 255
163 258
163 261
163 267
163 270
163 277
163 280
163 281
163 283
163 288
163 298
163 299
164 166
164 167
164 173
164 176
164 177
164 179
164 188
164 189
164 190
164 191
164 194
164 199
164 200
164 202
164 204
164 206
164 207
164 209
164 215
164 217
164 222
164 223
164 224
164 230
164 231
164 233
164 234
164 235
164 239
164 244
164 246
164 252
164 253
164 254
164 256
164 257
164 260
164 262
164 263
164 265
164 266
164 267
164 268
164 270
164 274
164 286
164 287
164 295
165 166
165 167
165 169
165 176
165 185
165 187
165 188
165 191
165 193
165 194
165 195
165 197
165 199
165 200
165 204
165 205
165 206
165 207
165 212
165 217
165 219
165 224
165 230
165 251
165 257
165 258
165 267
165 274
165 278
165 281
165 282
165 287
165 291
165 292
165 298
166 167
166 168
166 174
166 181
166 185
166 189
166 191
166 193
166 201
166 203
166 208
166 209
166 213
166 215
166 222
166 223
166 230
166 231
166 233
166 234
166 239
166 249
166 253
166 259
166 266
166 268
166 276
166 278
166 284
166 285
166 288
166 289
166 291
166 292
166 294
166 297
166 299
167 168
167 169
167 170
167 172
167 177
167 181
167 183
167 189
167 190
167 192
167 195
167 203
167 204
167 208
167 212
167 213
167 220
167 224
167 227
167 232
167 235
167 237
167 238
167 243
167 244
167 245
167 257
167 258
167 259
167 261
167 264
167 267
167 270
167 275
167 280
167 282
167 284
167 288
167 290
167 293
167 294
167 296
167 298
168 169
168 170
168 174
168 180
168 181
168 182
168 191
168 193
168 198
168 203
168 206
168 209
168 212
168 222
168 225
168 226
168 231
168 233
168 236
168 238
168 242
168 244
168 249
168 253
168 256
168 258
168 259
168 264
168 265
168 272
168 273
168 278
168 283
168 285
168 287
168 292
168 295
168 296
169 171
169 173
169 180
169 182
169 183
169 184
169 187
169 194
169 204
169 217
169 222
169 225
169 228
169 229
169 234
169 235
169 240
169 245
169 247
169 253
169 254
169 258
169 259
169 263
169 264
169 266
169 274
169 278
169 282
169 285
169 288
169 295
169 298
169 299
170 171
170 172
170 173
170 175
170 176
170 188
170 194
170 196
170 198
170 202
170 207
170 220
170 224
170 230
170 231
170 236
170 237
170 239
170 240
170 241
170 246
170 259
170 260
170 261
170 263
170 266
170 269
170 272
170 274
170 286
170 287
170 290
170 292
170 294
170 295
170 296
170 297
171 172
171 174
171 175
171 176
171 178
171 179
171 182
171 183
171 184
171 188
171 195
171 196
171 198
171 199
171 200
171 203
171 205
171 211
171 214
171 217
171 218
171 219
171 222
171 226
171 229
171 237
171 244
171 245
171 253
171 254
171 258
171 261
171 263
171 265
171 267
171 268
171 269
171 272
171 274
171 276
171 277
171 284
171 291
171 292
171 293
171 294
171 298
172 183
172 189
172 190
172 191
172 193
172 195
172 198
172 199
172 200
172 205
172 208
172 209
172 213
172 217
172 218
172 221
172 222
172 226
172 227
172 238
172 244
172 246
172 247
172 248
172 255
172 257
172 259
172 266
172 268
172 269
172 275
172 276
172 277
172 283
172 286
172 288
172 292
173 179
173 180
173 190
173 191
173 199
173 204
173 212
173 223
173 226
173 227
173 230
173 231
173 232
173 233
173 239
173 242
173 248
173 249
173 255
173 256
173 257
173 258
173 260
173 265
173 271
173 272
173 273
173 278
173 279
173 283
173 285
173 287
173 288
173 289
173 297
173 298
174 177
174 183
174 184
174 185
174 186
174 189
174 195
174 197
174 199
174 202
174 210
174 214
174 219
174 220
174 221
174 225
174 227
174 230
174 231
174 239
174 245
174 253
174 254
174 256
174 257
174 258
174 271
174 272
174 273
174 275
174 278
174 279
174 281
174 283
174 285
174 286
174 287
174 288
174 289
174 290
174 292
174 296
175 176
175 178
175 187
175 188
175 191
175 192
175 194
175 200
175 203
175 207
175 215
175 220
175 221
175 222
175 230
175 235
175 236
175 247
175 248
175 249
175 255
175 256
175 263
175 264
175 265
175 269
175 278
175 279
175 283
175 284
175 285
175 289
175 295
176 180
176 185
176 192
176 194
176 195
176 199
176 201
176 204
176 205
176 209
176 212
176 218
176 222
176 226
176 228
176 230
176 231
176 232
176 234
176 235
176 236
176 239
176 242
176 245
176 246
176 248
176 254
176 255
176 263
176 266
176 267
176 269
176 270
176 274
176 275
176 278
176 282
176 283
176 284
176 286
176 287
176 293
176 295
177 188
177 189
177 198
177 214
177 219
177 222
177 225
177 234
177 235
177 237
177 239
177 251
177 253
177 254
177 255
177 257
177 258
177 260
177 262
177 265
177 266
177 279
177 281
177 284
177 295
177 296
177 297
177 298
178 180
178 188
178 195
178 200
178 201
178 212
178 216
178 219
178 220
178 225
178 226
178 228
178 229
178 237
178 238
178 240
178 241
178 242
178 247
178 256
178 261
178 265
178 266
178 267
178 276
178 277
178 281
178 282
178 284
178 285
178 291
178 293
178 298
178 299
179 181
179 187
179 190
179 198
179 199
179 202
179 204
179 205
179 206
179 207
179 210
179 211
179 214
179 215
179 218
179 223
179 226
179 227
179 229
179 230
179 233
179 240
179 241
179 242
179 245
179 253
179 259
179 264
179 271
179 275
179 280
179 285
179 288
179 291
179 292
179 293
179 298
180 182
180 183
180 192
180 196
180 198
180 205
180 207
180 210
180 212
180 219
180 221
180 224
180 225
180 226
180 227
180 230
180 231
180 241
180 252
180 254
180 256
180 257
180 259
180 266
180 267
180 269
180 270
180 273
180 276
180 287
180 288
180 293
180 294
180 295
180 298
181 187
181 189
181 192
181 193
181 194
181 200
181 202
181 203
181 206
181 207
181 212
181 213
181 226
181 227
181 231
181 233
181 240
181 242
181 253
181 255
181 261
181 266
181 268
181 269
181 281
181 284
181 286
181 287
181 289
181 292
182 186
182 187
182 191
182 194
182 205
182 209
182 211
182 219
182 220
182 224
182 225
182 226
182 231
182 234
182 235
182 242
182 243
182 246
182 252
182 254
182 258
182 259
182 270
182 272
182 273
182 275
182 277
182 282
182 288
182 294
182 297
183 184
183 185
183 197
183 198
183 203
183 209
183 210
183 212
183 213
183 217
183 221
183 228
183 233
183 234
183 235
183 237
183 239
183 243
183 244
183 245
183 247
183 248
183 249
183 252
183 256
183 261
183 262
183 266
183 267
183 268
183 272
183 273
183 276
183 279
183 280
183 287
183 289
183 291
183 296
184 186
184 188
184 190
184 192
184 193
184 196
184 199
184 202
184 203
184 207
184 209
184 213
184 224
184 225
184 231
184 234
184 240
184 241
184 242
184 244
184 247
184 251
184 255
184 256
184 260
184 261
184 266
184 268
184 269
184 275
184 276
184 280
184 281
184 282
184 288
184 295
184 296
185 190
185 201
185 203
185 205
185 207
185 218
185 222
185 231
185 237
185 241
185 247
185 250
185 251
185 252
185 254
185 260
185 261
185 262
185 263
185 270
185 272
185 276
185 278
185 279
185 280
185 286
185 289
185 290
185 297
186 187
186 189
186 200
186 204
186 207
186 208
186 213
186 214
186 217
186 218
186 224
186 230
186 231
186 234
186 238
186 239
186 243
186 249
186 250
186 260
186 269
186 271
186 274
186 275
186 278
186 280
186 281
186 283
186 287
186 288
186 291
186 292
186 298
187 192
187 196
187 199
187 202
187 203
187 204
187 205
187 206
187 208
187 209
187 210
187 211
187 213
187 217
187 219
187 223
187 227
187 228
187 230
187 234
187 235
187 242
187 243
187 248
187 250
187 251
187 255
187 258
187 261
187 263
187 268
187 276
187 287
187 290
187 291
187 293
187 296
188 189
188 193
188 194
188 195
188 198
188 200
188 204
188 205
188 214
188 215
188 217
188 220
188 222
188 224
188 226
188 228
188 229
188 230
188 233
188 238
188 241
188 243
188 245
188 246
188 247
188 253
188 254
188 255
188 256
188 262
188 264
188 265
188 273
188 274
188 275
188 276
188 277
188 278
188 281
188 283
188 289
188 299
189 192
189 193
189 194
189 196
189 197
189 205
189 211
189 217
189 219
189 221
189 222
189 226
189 230
189 235
189 237
189 238
189 240
189 242
189 244
189 246
189 247
189 252
189 264
189 274
189 277
189 278
189 280
189 282
189 290
189 291
189 292
189 293
189 295
190 192
190 196
190 197
190 205
190 206
190 210
190 213
190 214
190 219
190 222
190 224
190 226
190 227
190 228
190 230
190 236
190 241
190 246
190 250
190 251
190 252
190 257
190 259
190 260
190 261
190 265
190 267
190 268
190 271
190 276
190 283
190 284
190 296
190 297
191 192
191 195
191 198
191 199
191 200
191 213
191 214
191 217
191 221
191 222
191 224
191 226
191 232
191 235
191 242
191 243
191 246
191 250
191 252
191 255
191 257
191 264
191 267
191 272
191 274
191 276
191 280
191 282
191 285
191 286
191 289
191 291
191 292
191 298
191 299
192 194
192 197
192 198
192 199
192 200
192 204
192 207
192 208
192 211
192 212
192 213
192 216
192 219
192 221
192 222
192 223
192 227
192 228
192 241
192 247
192 248
192 251
192 253
192 254
192 255
192 262
192 265
192 266
192 267
192 269
192 271
192 275
192 277
192 278
192 293
192 297
193 199
193 202
193 204
193 209
193 212
193 214
193 223
193 224
193 226
193 235
193 238
193 240
193 242
193 247
193 249
193 250
193 253
193 258
193 261
193 263
193 264
193 265
193 266
193 268
193 269
193 271
193 275
193 279
193 281
193 282
193 283
193 288
193 290
193 291
193 293
193 295
193 297
194 195
194 200
194 201
194 202
194 206
194 213
194 217
194 219
194 223
194 225
194 226
194 230
194 238
194 239
194 245
194 246
194 248
194 255
194 258
194 263
194 268
194 269
194 272
194 277
194 278
194 280
194 293
195 199
195 202
195 209
195 212
195 213
195 214
195 217
195 219
195 221
195 222
195 229
195 230
195 232
195 236
195 239
195 253
195 256
195 257
195 262
195 267
195 268
195 271
195 272
195 277
195 280
195 282
195 283
195 290
195 292
195 296
196 199
196 202
196 210
196 211
196 215
196 216
196 220
196 223
196 232
196 235
196 238
196 239
196 244
196 246
196 248
196 251
196 259
196 261
196 262
196 266
196 270
196 277
196 278
196 279
196 280
196 281
196 288
196 289
196 291
196 292
196 295
197 198
197 204
197 208
197 213
197 216
197 219
197 224
197 225
197 238
197 240
197 242
197 245
197 248
197 249
197 261
197 265
197 267
197 272
197 274
197 280
197 281
197 282
197 289
197 294
197 299
198 203
198 210
198 215
198 216
198 221
198 226
198 231
198 237
198 240
198 245
198 250
198 254
198 255
198 257
198 262
198 266
198 268
198 279
198 280
198 282
198 285
198 286
198 293
198 299
199 200
199 201
199 203
199 204
199 208
199 210
199 213
199 217
199 223
199 225
199 230
199 237
199 238
199 239
199 244
199 248
199 250
199 252
199 259
199 260
199 261
199 264
199 267
199 268
199 269
199 272
199 273
199 274
199 275
199 278
199 282
199 284
199 287
199 293
200 201
200 206
200 212
200 213
200 214
200 224
200 226
200 227
200 229
200 240
200 243
200 252
200 256
200 261
200 269
200 270
200 272
200 273
200 287
200 289
200 290
200 292
200 294
201 202
201 204
201 210
201 214
201 225
201 226
201 230
201 235
201 237
201 239
201 241
201 242
201 243
201 244
201 248
201 252
201 255
201 256
201 257
201 258
201 262
201 266
201 269
201 272
201 276
201 279
201 282
201 283
201 287
201 292
201 295
201 297
201 298
201 299
202 205
202 207
202 210
202 211
202 218
202 220
202 226
202 230
202 233
202 235
202 238
202 239
202 240
202 243
202 245
202 246
202 259
202 272
202 275
202 276
202 277
202 278
202 279
202 282
202 284
202 287
202 288
202 289
202 290
202 298
203 207
203 210
203 214
203 217
203 222
203 223
203 226
203 229
203 236
203 245
203 253
203 262
203 267
203 271
203 277
203 280
203 288
203 290
203 291
203 292
203 293
203 295
203 296
204 206
204 207
204 208
204 213
204 225
204 226
204 229
204 230
204 241
204 243
204 244
204 250
204 251
204 253
204 254
204 256
204 267
204 269
204 274
204 278
204 280
204 281
204 284
204 288
204 290
204 292
205 206
205 207
205 220
205 228
205 229
205 232
205 233
205 236
205 240
205 241
205 242
205 248
205 250
205 252
205 253
205 257
205 258
205 263
205 267
205 280
205 281
205 287
205 289
205 293
205 296
205 297
205 298
206 212
206 213
206 219
206 225
206 228
206 230
206 247
206 250
206 251
206 252
206 254
206 256
206 258
206 259
206 263
206 266
206 269
206 271
206 281
206 282
206 283
206 284
206 291
206 296
206 298
207 208
207 221
207 222
207 234
207 235
207 238
207 243
207 248
207 250
207 258
207 261
207 275
207 292
207 297
207 298
208 209
208 213
208 219
208 221
208 224
208 227
208 228
208 242
208 243
208 262
208 263
208 265
208 266
208 267
208 279
208 282
208 291
209 213
209 216
209 222
209 230
209 236
209 245
209 252
209 254
209 261
209 265
209 266
209 269
209 271
209 272
209 274
209 286
209 288
209 293
209 296
209 299
210 216
210 217
210 221
210 224
210 227
210 229
210 230
210 231
210 233
210 236
210 240
210 241
210 248
210 250
210 252
210 255
210 262
210 268
210 271
210 275
210 277
210 280
210 290
210 293
210 297
210 298
210 299
211 216
211 218
211 219
211 220
211 225
211 227
211 233
211 252
211 256
211 258
211 259
211 260
211 263
211 266
211 269
211 270
211 273
211 279
211 283
211 285
211 287
211 289
211 291
211 293
211 297
212 215
212 216
212 221
212 222
212 224
212 227
212 229
212 230
212 236
212 238
212 243
212 244
212 245
212 246
212 249
212 251
212 252
212 255
212 262
212 266
212 269
212 271
212 274
212 281
212 282
212 284
212 287
212 289
212 292
212 294
212 295
212 296
212 297
212 299
213 214
213 216
213 217
213 223
213 227
213 234
213 236
213 239
213 243
213 245
213 247
213 254
213 255
213 257
213 267
213 269
213 273
213 275
213 276
213 278
213 281
213 283
213 286
213 288
213 289
213 292
213 296
214 216
214 222
214 224
214 228
214 229
214 233
214 236
214 238
214 244
214 246
214 250
214 252
214 256
214 259
214 260
214 262
214 268
214 274
214 284
214 295
214 297
215 218
215 221
215 222
215 229
215 232
215 234
215 248
215 250
215 253
215 255
215 261
215 263
215 265
215 266
215 267
215 268
215 269
215 274
215 276
215 281
215 285
215 288
215 290
216 219
216 220
216 223
216 226
216 227
216 231
216 233
216 236
216 242
216 243
216 250
216 255
216 263
216 268
216 276
216 281
216 284
216 288
216 291
216 295
216 296
216 297
216 298
216 299
217 225
217 232
217 239
217 240
217 243
217 245
217 246
217 247
217 253
217 255
217 256
217 258
217 259
217 261
217 262
217 263
217 272
217 280
217 282
217 292
217 293
218 228
218 231
218 232
218 235
218 236
218 238
218 239
218 240
218 244
218 247
218 256
218 262
218 264
218 266
218 268
218 275
218 280
218 281
218 283
218 285
218 287
218 290
218 294
218 296
218 298
218 299
219 221
219 226
219 227
219 232
219 235
219 237
219 240
219 243
219 248
219 251
219 257
219 259
219 270
219 274
219 276
219 278
219 279
219 281
219 282
219 293
219 294
219 297
220 222
220 223
220 239
220 241
220 243
220 244
220 245
220 247
220 251
220 252
220 253
220 256
220 260
220 261
220 285
220 292
220 295
220 297
221 222
221 224
221 225
221 226
221 227
221 236
221 237
221 240
221 244
221 246
221 247
221 249
221 250
221 254
221 255
221 262
221 273
221 275
221 277
221 280
221 291
221 292
221 294
221 298
222 231
222 232
222 236
222 237
222 239
222 249
222 252
222 255
222 256
222 262
222 263
222 265
222 267
222 268
222 269
222 280
222 281
222 283
222 286
222 290
222 295
222 296
223 228
223 234
223 239
223 240
223 241
223 242
223 245
223 246
223 250
223 251
223 259
223 260
223 267
223 268
223 274
223 277
223 278
223 282
223 298
224 225
224 226
224 229
224 230
224 236
224 237
224 239
224 241
224 242
224 245
224 248
224 249
224 250
224 252
224 253
224 255
224 259
224 262
224 265
224 272
224 276
224 279
224 281
224 284
224 286
224 287
224 295
224 298
224 299
225 229
225 234
225 237
225 243
225 249
225 259
225 260
225 262
225 265
225 270
225 272
225 279
225 284
225 289
225 293
225 296
225 297
226 232
226 233
226 235
226 241
226 243
226 250
226 253
226 261
226 265
226 269
226 273
226 274
226 276
226 278
226 279
226 284
226 287
226 297
226 299
227 228
227 231
227 232
227 245
227 250
227 251
227 261
227 265
227 267
227 270
227 272
227 281
227 283
227 288
227 290
227 291
227 295
227 297
228 236
228 240
228 248
228 250
228 255
228 259
228 260
228 261
228 265
228 267
228 271
228 274
228 275
228 277
228 280
228 281
228 287
228 290
228 291
228 292
228 294
228 296
229 231
229 236
229 239
229 240
229 242
229 244
229 249
229 251
229 255
229 256
229 272
229 273
229 274
229 275
229 283
229 288
229 297
230 232
230 234
230 242
230 243
230 244
230 252
230 255
230 256
230 258
230 260
230 263
230 268
230 269
230 270
230 271
230 272
230 280
230 296
231 235
231 237
231 244
231 245
231 246
231 250
231 251
231 255
231 257
231 261
231 267
231 269
231 274
231 277
231 278
231 279
231 288
231 290
231 292
231 295
231 298
232 235
232 236
232 239
232 242
232 244
232 247
232 248
232 250
232 253
232 256
232 258
232 259
232 262
232 264
232 267
232 269
232 270
232 271
232 274
232 275
232 279
232 281
232 284
232 289
232 291
232 292
232 295
232 296
232 297
233 241
233 247
233 250
233 254
233 256
233 259
233 263
233 268
233 274
233 277
233 280
233 282
233 284
233 285
233 287
233 289
234 235
234 236
234 237
234 243
234 250
234 251
234 252
234 255
234 256
234 262
234 266
234 269
234 270
234 272
234 273
234 274
234 278
234 280
234 281
234 283
234 287
234 288
234 291
234 297
234 299
235 238
235 239
235 249
235 250
235 257
235 261
235 262
235 268
235 275
235 276
235 278
235 280
235 283
235 285
235 286
235 292
235 298
235 299
236 237
236 239
236 242
236 245
236 248
236 249
236 252
236 256
236 257
236 260
236 261
236 264
236 266
236 271
236 273
236 274
236 276
236 279
236 280
236 284
236 289
236 296
236 298
236 299
237 240
237 246
237 248
237 250
237 252
237 258
237 260
237 261
237 267
237 268
237 271
237 275
237 277
237 278
237 282
237 286
237 292
237 295
238 240
238 245
238 246
238 250
238 251
238 253
238 257
238 258
238 261
238 264
238 267
238 270
238 276
238 283
238 292
238 296
238 299
239 240
239 244
239 249
239 251
239 253
239 254
239 262
239 265
239 267
239 268
239 277
239 279
239 280
239 283
239 284
239 287
239 295
239 299
240 241
240 244
240 248
240 249
240 254
240 255
240 257
240 260
240 261
240 268
240 269
240 271
240 272
240 273
240 276
240 280
240 285
240 287
240 288
240 295
240 296
240 298
240 299
241 246
241 247
241 250
241 251
241 255
241 256
241 259
241 261
241 263
241 266
241 268
241 270
241 272
241 278
241 281
241 282
241 285
241 288
241 291
242 244
242 245
242 246
242 248
242 249
242 250
242 251
242 255
242 258
242 264
242 269
242 274
242 282
242 283
242 284
242 286
242 287
242 288
242 292
242 294
243 245
243 250
243 260
243 262
243 269
243 273
243 274
243 277
243 279
243 281
243 283
243 284
243 285
243 289
243 292
243 294
243 295
244 247
244 249
244 251
244 255
244 258
244 260
244 262
244 264
244 266
244 269
244 270
244 271
244 292
244 296
245 247
245 255
245 256
245 257
245 264
245 266
245 275
246 248
246 249
246 250
246 255
246 267
246 268
246 273
246 274
246 276
246 278
246 281
246 283
246 285
246 294
246 298
247 248
247 250
247 251
247 252
247 254
247 266
247 271
247 274
247 275
247 276
247 280
247 285
248 253
248 254
248 257
248 261
248 263
248 266
248 276
248 277
248 278
248 281
248 284
248 285
248 289
248 291
248 292
248 294
248 297
249 250
249 256
249 258
249 260
249 261
249 267
249 269
249 270
249 271
249 281
249 282
249 287
249 291
249 292
249 297
250 253
250 256
250 259
250 260
250 266
250 271
250 273
250 275
250 276
250 279
250 288
250 292
250 296
251 252
251 254
251 257
251 258
251 260
251 265
251 267
251 269
251 275
251 289
251 291
251 292
251 295
251 296
252 253
252 254
252 259
252 262
252 265
252 266
252 286
252 288
252 295
252 297
252 299
253 260
253 266
253 267
253 271
253 278
253 279
253 281
253 283
253 284
253 285
253 292
254 255
254 259
254 260
254 261
254 264
254 284
254 285
254 289
254 290
254 299
255 265
255 271
255 274
255 275
255 278
255 282
255 283
255 298
255 299
256 257
256 258
256 265
256 269
256 270
256 274
256 285
256 291
256 297
256 299
257 266
257 270
257 271
257 272
257 275
257 277
257 279
257 281
257 282
257 283
257 285
257 287
257 288
257 294
257 295
257 296
257 297
258 262
258 263
258 265
258 278
258 281
258 283
258 288
258 290
258 296
258 298
258 299
259 260
259 261
259 262
259 266
259 278
259 283
259 289
259 291
259 295
260 273
260 274
260 275
260 289
260 292
260 293
260 294
260 298
260 299
261 262
261 267
261 269
261 272
261 273
261 274
261 277
261 278
261 279
261 280
261 285
261 289
261 294
261 295
261 299
262 265
262 267
262 268
262 276
262 279
262 280
262 284
262 285
262 288
262 296
262 298
262 299
263 264
263 265
263 267
263 270
263 273
263 274
263 276
263 278
263 282
263 283
263 285
263 289
263 290
263 291
263 295
264 268
264 273
264 286
264 287
264 289
264 291
264 292
264 293
264 294
265 271
265 278
265 280
265 289
265 291
265 292
265 293
265 297
265 299
266 269
266 277
266 278
266 284
266 289
266 290
266 291
266 293
266 295
266 297
266 299
267 268
267 269
267 272
267 279
267 281
267 288
267 293
267 295
267 296
267 299
268 273
268 274
268 277
268 283
268 291
268 295
268 296
268 299
269 270
269 276
269 278
269 279
269 281
269 282
269 285
269 290
269 292
269 295
269 296
269 299
270 277
270 288
270 292
270 293
270 295
270 296
270 297
271 281
271 295
271 297
272 273
272 285
272 289
272 290
272 294
273 275
273 278
273 281
273 283
273 287
273 291
273 292
273 295
273 296
274 278
274 285
274 286
274 287
274 290
274 291
274 294
274 296
274 297
275 280
275 285
275 290
275 291
275 295
276 278
276 281
276 282
276 285
276 286
276 291
276 292
276 293
276 295
276 297
276 299
277 279
277 299
278 279
278 283
278 287
278 288
278 290
278 292
278 295
278 297
279 285
279 286
279 287
279 293
279 298
280 287
280 290
280 293
280 299
281 283
281 285
281 288
281 289
281 290
281 291
281 293
282 283
282 284
282 285
282 290
282 291
282 292
282 293
282 297
282 299
283 284
283 285
283 287
283 291
283 293
283 294
283 297
284 289
284 290
284 291
284 293
285 288
285 291
286 287
286 290
286 292
286 297
286 298
286 299
287 293
288 289
288 292
288 296
288 299
289 290
289 293
289 295
289 296
289 299
290 292
290 294
291 292
291 294
291 296
291 298
292 293
292 294
292 299
294 295
294 297
294 298
294 299
295 297
296 298
