300 13428
0 1
0 12
0 18
0 19
0 22
0 23
0 24
0 34
0 37
0 38
0 45
0 52
0 59
0 60
0 63
0 65
0 66
0 71
0 81
0 85
0 87
0 88
0 91
0 93
0 95
0 96
0 99
0 101
0 104
0 108
0 111
0 113
0 116
0 118
0 119
0 123
0 129
0 130
0 132
0 136
0 137
0 142
0 147
0 148
0 149
0 150
0 159
0 164
0 169
0 172
0 179
0 181
0 185
0 187
0 192
0 193
0 194
0 195
0 198
0 200
0 201
0 203
0 205
0 208
0 215
0 217
0 221
0 223
0 224
0 225
0 226
0 231
0 233
0 235
0 241
0 242
0 246
0 247
0 249
0 253
0 254
0 258
0 260
0 266
0 267
0 271
0 273
0 274
0 276
0 278
0 279
0 280
0 283
0 288
0 290
0 291
0 292
0 293
0 295
0 297
1 3
1 15
1 25
1 35
1 36
1 37
1 42
1 43
1 44
1 45
1 49
1 52
1 53
1 56
1 57
1 58
1 61
1 63
1 65
1 68
1 70
1 71
1 73
1 74
1 78
1 79
1 80
1 82
1 85
1 86
1 92
1 94
1 96
1 99
1 100
1 111
1 113
1 117
1 118
1 120
1 124
1 130
1 131
1 137
1 143
1 145
1 148
1 153
1 156
1 157
1 162
1 165
1 166
1 167
1 170
1 174
1 175
1 185
1 188
1 191
1 196
1 198
1 209
1 210
1 211
1 216
1 219
1 231
1 233
1 235
1 237
1 238
1 239
1 240
1 242
1 255
1 256
1 258
1 261
1 267
1 270
1 272
1 274
1 275
1 277
1 284
1 285
1 286
1 289
1 294
1 298
2 4
2 5
2 7
2 12
2 19
2 33
2 38
2 40
2 44
2 46
2 49
2 50
2 54
2 57
2 58
2 60
2 61
2 66
2 73
2 76
2 78
2 79
2 80
2 86
2 93
2 96
2 97
2 100
2 105
2 106
2 107
2 113
2 122
2 132
2 138
2 141
2 142
2 143
2 148
2 149
2 159
2 160
2 162
2 167
2 169
2 174
2 177
2 181
2 183
2 189
2 192
2 194
2 199
2 201
2 205
2 206
2 209
2 211
2 213
2 214
2 217
2 222
2 223
2 225
2 233
2 237
2 239
2 241
2 244
2 256
2 259
2 260
2 261
2 265
2 267
2 271
2 275
2 276
2 277
2 278
2 280
2 281
2 283
2 288
3 6
3 21
3 22
3 24
3 29
3 31
3 34
3 35
3 37
3 38
3 39
3 40
3 41
3 53
3 56
3 64
3 66
3 71
3 75
3 77
3 79
3 82
3 83
3 91
3 93
3 96
3 102
3 105
3 113
3 115
3 119
3 126
3 128
3 130
3 131
3 132
3 135
3 136
3 140
3 141
3 142
3 143
3 144
3 146
3 157
3 158
3 160
3 161
3 164
3 166
3 171
3 173
3 178
3 185
3 191
3 196
3 197
3 199
3 200
3 201
3 203
3 205
3 218
3 223
3 228
3 229
3 234
3 237
3 240
3 251
3 254
3 255
3 258
3 261
3 262
3 263
3 266
3 267
3 275
3 277
3 278
3 279
3 280
3 282
3 284
3 286
3 291
3 292
3 294
4 6
4 8
4 9
4 10
4 11
4 12
4 13
4 16
4 17
4 18
4 20
4 22
4 23
4 25
4 27
4 28
4 31
4 38
4 47
4 48
4 52
4 54
4 56
4 57
4 62
4 65
4 68
4 69
4 71
4 78
4 81
4 82
4 88
4 91
4 93
4 94
4 96
4 103
4 106
4 107
4 109
4 110
4 111
4 117
4 121
4 124
4 127
4 131
4 132
4 137
4 140
4 148
4 149
4 152
4 154
4 156
4 161
4 162
4 163
4 164
4 167
4 171
4 176
4 179
4 180
4 181
4 182
4 186
4 188
4 191
4 192
4 194
4 200
4 203
4 210
4 213
4 214
4 216
4 218
4 219
4 222
4 224
4 226
4 227
4 231
4 234
4 235
4 237
4 242
4 246
4 247
4 248
4 249
4 252
4 253
4 254
4 256
4 259
4 263
4 267
4 274
4 275
4 280
4 281
4 283
4 285
4 286
4 288
4 292
4 294
4 297
4 299
5 7
5 8
5 10
5 12
5 14
5 16
5 21
5 23
5 24
5 32
5 33
5 34
5 37
5 38
5 39
5 40
5 42
5 48
5 50
5 52
5 55
5 57
5 59
5 60
5 65
5 69
5 75
5 78
5 85
5 96
5 99
5 100
5 102
5 105
5 106
5 108
5 109
5 111
5 115
5 123
5 124
5 125
5 132
5 135
5 138
5 140
5 146
5 147
5 149
5 154
5 157
5 158
5 161
5 171
5 174
5 175
5 179
5 181
5 185
5 188
5 192
5 197
5 203
5 205
5 210
5 212
5 213
5 215
5 223
5 225
5 236
5 240
5 241
5 243
5 244
5 246
5 248
5 258
5 264
5 265
5 268
5 270
5 274
5 278
5 282
5 284
5 286
5 287
5 294
5 295
5 297
5 299
6 7
6 8
6 10
6 13
6 14
6 15
6 17
6 18
6 21
6 22
6 23
6 30
6 32
6 33
6 37
6 41
6 42
6 69
6 72
6 78
6 86
6 92
6 96
6 101
6 104
6 108
6 112
6 117
6 118
6 119
6 120
6 121
6 125
6 134
6 138
6 140
6 144
6 147
6 158
6 160
6 161
6 164
6 173
6 181
6 183
6 184
6 190
6 194
6 200
6 201
6 202
6 204
6 209
6 211
6 215
6 216
6 217
6 221
6 222
6 226
6 227
6 231
6 238
6 241
6 245
6 251
6 254
6 260
6 262
6 265
6 276
6 282
6 287
6 292
6 293
6 295
7 8
7 15
7 17
7 19
7 22
7 24
7 26
7 29
7 32
7 35
7 41
7 45
7 47
7 49
7 53
7 56
7 57
7 64
7 69
7 73
7 75
7 80
7 84
7 86
7 90
7 95
7 96
7 98
7 101
7 102
7 103
7 110
7 118
7 121
7 122
7 125
7 134
7 140
7 141
7 148
7 151
7 152
7 155
7 157
7 160
7 161
7 164
7 167
7 173
7 175
7 178
7 181
7 184
7 186
7 189
7 190
7 191
7 194
7 197
7 198
7 202
7 204
7 208
7 210
7 214
7 215
7 217
7 223
7 225
7 236
7 238
7 243
7 244
7 246
7 256
7 263
7 266
7 268
7 269
7 270
7 274
7 275
7 282
7 285
7 286
7 288
8 9
8 11
8 12
8 16
8 22
8 23
8 24
8 25
8 32
8 37
8 38
8 41
8 42
8 45
8 49
8 55
8 61
8 67
8 69
8 73
8 75
8 80
8 81
8 84
8 88
8 89
8 98
8 100
8 106
8 111
8 112
8 120
8 121
8 126
8 132
8 135
8 150
8 151
8 158
8 165
8 166
8 169
8 173
8 183
8 184
8 186
8 190
8 191
8 192
8 193
8 197
8 201
8 205
8 208
8 211
8 214
8 216
8 222
8 225
8 226
8 227
8 229
8 237
8 238
8 246
8 247
8 248
8 252
8 254
8 255
8 256
8 259
8 260
8 263
8 269
8 270
8 278
8 279
8 287
8 288
8 290
8 294
8 295
9 21
9 27
9 33
9 36
9 38
9 41
9 44
9 46
9 49
9 54
9 57
9 59
9 61
9 72
9 73
9 74
9 75
9 76
9 77
9 78
9 81
9 82
9 85
9 86
9 88
9 89
9 92
9 104
9 108
9 109
9 112
9 115
9 116
9 119
9 123
9 126
9 133
9 139
9 140
9 143
9 145
9 146
9 147
9 150
9 153
9 154
9 163
9 168
9 169
9 171
9 173
9 174
9 176
9 178
9 179
9 182
9 186
9 193
9 194
9 195
9 200
9 201
9 203
9 209
9 219
9 220
9 223
9 224
9 227
9 230
9 232
9 240
9 241
9 242
9 249
9 252
9 258
9 259
9 263
9 264
9 269
9 270
9 278
9 279
9 282
9 284
9 286
9 290
9 292
9 293
9 294
9 295
9 298
10 16
10 22
10 24
10 29
10 30
10 31
10 41
10 47
10 48
10 54
10 56
10 57
10 64
10 65
10 67
10 69
10 72
10 83
10 84
10 85
10 86
10 92
10 97
10 100
10 101
10 103
10 104
10 105
10 106
10 111
10 113
10 116
10 124
10 125
10 131
10 144
10 155
10 162
10 163
10 166
10 169
10 170
10 171
10 173
10 174
10 175
10 176
10 179
10 182
10 184
10 192
10 193
10 195
10 202
10 203
10 205
10 211
10 217
10 219
10 220
10 221
10 225
10 226
10 228
10 233
10 236
10 237
10 240
10 241
10 245
10 250
10 255
10 267
10 270
10 272
10 279
10 280
10 289
10 292
10 293
10 297
11 24
11 25
11 26
11 28
11 29
11 33
11 37
11 41
11 46
11 50
11 53
11 57
11 60
11 61
11 62
11 66
11 78
11 81
11 84
11 89
11 94
11 96
11 99
11 102
11 106
11 115
11 120
11 123
11 127
11 131
11 134
11 138
11 141
11 142
11 143
11 153
11 155
11 158
11 162
11 169
11 170
11 172
11 173
11 175
11 177
11 181
11 186
11 195
11 198
11 199
11 203
11 208
11 209
11 210
11 216
11 221
11 231
11 233
11 235
11 236
11 237
11 238
11 240
11 242
11 243
11 248
11 250
11 254
11 262
11 264
11 269
11 275
11 278
11 285
11 286
11 287
11 288
11 292
11 295
12 19
12 22
12 24
12 27
12 30
12 31
12 33
12 37
12 41
12 46
12 50
12 51
12 57
12 64
12 65
12 66
12 69
12 70
12 74
12 81
12 84
12 85
12 88
12 89
12 91
12 92
12 94
12 96
12 100
12 101
12 103
12 108
12 111
12 113
12 120
12 121
12 136
12 137
12 141
12 142
12 143
12 146
12 147
12 149
12 150
12 152
12 153
12 159
12 160
12 161
12 162
12 164
12 166
12 170
12 171
12 174
12 177
12 180
12 182
12 183
12 184
12 189
12 190
12 193
12 197
12 199
12 200
12 201
12 203
12 207
12 218
12 219
12 229
12 238
12 240
12 241
12 244
12 248
12 249
12 251
12 252
12 257
12 259
12 261
12 263
12 267
12 268
12 269
12 273
12 274
12 279
12 280
12 281
12 289
12 290
12 294
12 295
12 297
13 18
13 20
13 27
13 35
13 36
13 40
13 42
13 44
13 45
13 50
13 51
13 55
13 56
13 62
13 63
13 71
13 72
13 75
13 80
13 96
13 103
13 104
13 105
13 111
13 117
13 124
13 127
13 128
13 135
13 137
13 138
13 143
13 149
13 150
13 153
13 154
13 156
13 159
13 162
13 163
13 171
13 178
13 188
13 190
13 193
13 196
13 198
13 202
13 204
13 211
13 212
13 215
13 218
13 219
13 220
13 221
13 226
13 230
13 231
13 235
13 237
13 238
13 243
13 244
13 249
13 250
13 257
13 260
13 261
13 262
13 263
13 266
13 270
13 273
13 274
13 278
13 280
13 283
13 286
13 289
13 296
13 297
13 298
13 299
14 15
14 22
14 27
14 32
14 33
14 41
14 49
14 54
14 58
14 61
14 65
14 67
14 68
14 71
14 75
14 76
14 81
14 82
14 92
14 95
14 102
14 103
14 110
14 113
14 117
14 118
14 126
14 128
14 129
14 134
14 135
14 136
14 137
14 143
14 147
14 149
14 150
14 153
14 158
14 159
14 160
14 165
14 172
14 174
14 177
14 178
14 179
14 182
14 183
14 187
14 190
14 194
14 197
14 200
14 201
14 202
14 205
14 206
14 208
14 213
14 214
14 216
14 219
14 222
14 223
14 224
14 226
14 228
14 229
14 235
14 248
14 253
14 258
14 262
14 264
14 265
14 272
14 274
14 278
14 282
14 283
14 299
15 23
15 24
15 25
15 29
15 30
15 33
15 34
15 39
15 41
15 43
15 46
15 49
15 52
15 55
15 61
15 63
15 64
15 65
15 66
15 67
15 73
15 77
15 79
15 82
15 84
15 88
15 89
15 93
15 97
15 99
15 103
15 107
15 109
15 112
15 114
15 122
15 124
15 129
15 131
15 132
15 134
15 139
15 147
15 149
15 151
15 154
15 156
15 160
15 170
15 175
15 181
15 182
15 186
15 187
15 195
15 196
15 197
15 202
15 203
15 204
15 214
15 217
15 218
15 220
15 221
15 222
15 225
15 226
15 228
15 241
15 245
15 248
15 251
15 252
15 255
15 258
15 259
15 261
15 264
15 267
15 270
15 276
15 294
15 295
15 297
16 17
16 20
16 22
16 26
16 28
16 30
16 38
16 39
16 44
16 47
16 49
16 51
16 54
16 55
16 62
16 63
16 67
16 74
16 79
16 83
16 84
16 87
16 90
16 91
16 94
16 98
16 102
16 105
16 106
16 108
16 109
16 115
16 118
16 121
16 122
16 124
16 128
16 131
16 138
16 144
16 145
16 150
16 151
16 152
16 156
16 159
16 160
16 166
16 174
16 177
16 182
16 204
16 205
16 210
16 213
16 215
16 218
16 225
16 227
16 228
16 230
16 231
16 232
16 234
16 236
16 240
16 247
16 253
16 254
16 259
16 262
16 267
16 269
16 273
16 279
16 280
16 281
16 285
16 288
16 289
16 291
16 297
17 22
17 26
17 32
17 34
17 37
17 38
17 45
17 46
17 52
17 53
17 54
17 58
17 60
17 67
17 70
17 73
17 74
17 78
17 84
17 85
17 89
17 92
17 97
17 100
17 104
17 105
17 112
17 118
17 120
17 123
17 126
17 127
17 138
17 139
17 143
17 148
17 154
17 155
17 157
17 162
17 167
17 170
17 171
17 172
17 174
17 175
17 177
17 180
17 184
17 190
17 191
17 193
17 198
17 199
17 201
17 203
17 204
17 207
17 210
17 214
17 216
17 220
17 225
17 227
17 228
17 229
17 235
17 238
17 240
17 244
17 253
17 254
17 259
17 261
17 263
17 273
17 274
17 279
17 282
17 284
17 286
17 289
17 294
17 295
17 296
18 19
18 22
18 23
18 26
18 28
18 30
18 31
18 32
18 34
18 43
18 44
18 50
18 55
18 60
18 62
18 66
18 77
18 84
18 88
18 89
18 93
18 95
18 97
18 101
18 105
18 107
18 109
18 119
18 120
18 121
18 122
18 123
18 126
18 128
18 132
18 133
18 139
18 142
18 143
18 145
18 147
18 150
18 153
18 154
18 157
18 158
18 161
18 164
18 174
18 177
18 181
18 187
18 188
18 191
18 193
18 196
18 198
18 199
18 201
18 202
18 209
18 218
18 219
18 229
18 232
18 240
18 241
18 244
18 245
18 247
18 250
18 257
18 259
18 260
18 263
18 264
18 267
18 268
18 269
18 272
18 274
18 277
18 278
18 279
18 288
18 290
18 296
19 25
19 27
19 36
19 38
19 40
19 50
19 54
19 55
19 58
19 60
19 63
19 64
19 66
19 67
19 68
19 72
19 73
19 78
19 84
19 86
19 87
19 91
19 93
19 100
19 105
19 106
19 111
19 114
19 120
19 126
19 129
19 132
19 134
19 137
19 140
19 144
19 147
19 151
19 157
19 158
19 161
19 163
19 166
19 171
19 173
19 183
19 184
19 185
19 186
19 189
19 191
19 192
19 195
19 196
19 197
19 199
19 200
19 205
19 207
19 208
19 209
19 212
19 213
19 214
19 218
19 219
19 224
19 225
19 229
19 232
19 233
19 236
19 238
19 240
19 242
19 243
19 250
19 251
19 252
19 255
19 262
19 263
19 267
19 272
19 276
19 279
19 280
19 287
19 292
19 293
19 294
19 295
19 299
20 26
20 27
20 28
20 35
20 42
20 43
20 55
20 56
20 58
20 59
20 60
20 62
20 71
20 74
20 75
20 78
20 80
20 84
20 85
20 87
20 88
20 91
20 93
20 99
20 103
20 108
20 111
20 118
20 127
20 128
20 130
20 131
20 132
20 134
20 135
20 141
20 143
20 146
20 151
20 152
20 156
20 161
20 165
20 167
20 175
20 177
20 181
20 186
20 196
20 198
20 199
20 204
20 205
20 206
20 207
20 208
20 211
20 212
20 214
20 217
20 219
20 220
20 221
20 223
20 227
20 228
20 230
20 235
20 244
20 245
20 248
20 260
20 264
20 266
20 267
20 275
20 279
20 286
20 287
20 289
20 293
20 297
21 23
21 24
21 26
21 32
21 36
21 45
21 46
21 48
21 54
21 55
21 57
21 59
21 60
21 67
21 69
21 77
21 79
21 84
21 86
21 94
21 95
21 97
21 99
21 101
21 103
21 104
21 105
21 106
21 116
21 119
21 121
21 124
21 127
21 130
21 136
21 137
21 139
21 140
21 141
21 144
21 147
21 157
21 158
21 166
21 167
21 169
21 175
21 179
21 181
21 182
21 185
21 187
21 188
21 190
21 194
21 197
21 200
21 202
21 205
21 211
21 216
21 222
21 224
21 229
21 231
21 232
21 234
21 242
21 247
21 255
21 260
21 261
21 267
21 268
21 273
21 274
21 283
21 284
21 285
21 288
21 289
21 291
21 292
21 293
21 296
22 23
22 32
22 35
22 36
22 43
22 47
22 48
22 54
22 58
22 61
22 62
22 63
22 65
22 69
22 71
22 75
22 76
22 77
22 78
22 79
22 83
22 90
22 93
22 94
22 96
22 100
22 102
22 111
22 115
22 122
22 126
22 127
22 128
22 131
22 141
22 142
22 145
22 148
22 151
22 152
22 153
22 156
22 157
22 166
22 168
22 169
22 171
22 174
22 181
22 183
22 185
22 186
22 189
22 194
22 195
22 196
22 198
22 204
22 207
22 210
22 213
22 214
22 215
22 218
22 225
22 227
22 228
22 229
22 230
22 235
22 236
22 237
22 238
22 242
22 244
22 246
22 253
22 260
22 261
22 263
22 266
22 270
22 271
22 274
22 284
22 285
22 286
22 295
22 296
23 25
23 26
23 27
23 33
23 34
23 35
23 39
23 47
23 51
23 55
23 58
23 67
23 68
23 70
23 71
23 73
23 74
23 84
23 89
23 94
23 100
23 107
23 108
23 112
23 116
23 118
23 122
23 128
23 129
23 133
23 134
23 137
23 141
23 142
23 147
23 148
23 152
23 153
23 155
23 156
23 157
23 159
23 162
23 168
23 177
23 179
23 185
23 191
23 192
23 194
23 195
23 198
23 199
23 201
23 203
23 204
23 205
23 214
23 224
23 225
23 237
23 238
23 239
23 240
23 241
23 245
23 248
23 249
23 250
23 251
23 255
23 256
23 262
23 263
23 269
23 276
23 279
23 285
23 287
23 288
23 289
23 294
23 296
23 297
24 27
24 32
24 38
24 39
24 40
24 42
24 43
24 44
24 45
24 55
24 56
24 63
24 65
24 69
24 72
24 78
24 79
24 91
24 92
24 97
24 103
24 104
24 107
24 108
24 110
24 113
24 123
24 124
24 125
24 127
24 132
24 134
24 135
24 140
24 147
24 152
24 153
24 155
24 156
24 157
24 160
24 168
24 170
24 173
24 179
24 180
24 181
24 183
24 194
24 195
24 197
24 200
24 202
24 208
24 212
24 214
24 219
24 220
24 222
24 224
24 225
24 229
24 233
24 240
24 241
24 242
24 247
24 248
24 259
24 260
24 261
24 263
24 269
24 270
24 288
24 289
24 293
24 297
24 299
25 27
25 30
25 34
25 36
25 38
25 42
25 43
25 54
25 55
25 56
25 57
25 59
25 60
25 67
25 70
25 72
25 73
25 75
25 78
25 79
25 82
25 84
25 86
25 89
25 91
25 92
25 97
25 100
25 101
25 104
25 114
25 120
25 125
25 126
25 127
25 130
25 134
25 139
25 142
25 143
25 145
25 149
25 150
25 156
25 157
25 166
25 167
25 169
25 171
25 172
25 176
25 180
25 182
25 188
25 192
25 197
25 198
25 204
25 207
25 208
25 214
25 222
25 227
25 229
25 231
25 237
25 239
25 244
25 249
25 252
25 254
25 257
25 258
25 261
25 262
25 268
25 271
25 272
25 273
25 278
25 284
25 285
25 286
25 291
25 294
25 297
25 298
26 28
26 30
26 31
26 32
26 34
26 35
26 39
26 42
26 45
26 50
26 57
26 61
26 66
26 67
26 68
26 69
26 72
26 78
26 81
26 85
26 87
26 101
26 104
26 108
26 114
26 117
26 120
26 124
26 126
26 129
26 139
26 144
26 146
26 150
26 152
26 155
26 164
26 167
26 168
26 169
26 174
26 175
26 177
26 179
26 183
26 184
26 188
26 190
26 191
26 192
26 195
26 198
26 200
26 203
26 209
26 217
26 220
26 224
26 225
26 237
26 239
26 241
26 242
26 244
26 246
26 247
26 253
26 254
26 258
26 261
26 262
26 265
26 267
26 271
26 272
26 275
26 276
26 280
26 287
26 289
26 292
26 293
26 294
26 295
27 28
27 29
27 33
27 36
27 37
27 43
27 48
27 50
27 51
27 54
27 57
27 62
27 63
27 67
27 71
27 75
27 76
27 77
27 79
27 81
27 90
27 91
27 92
27 93
27 94
27 110
27 111
27 115
27 116
27 117
27 118
27 124
27 126
27 130
27 133
27 136
27 143
27 146
27 148
27 154
27 155
27 157
27 160
27 161
27 166
27 167
27 170
27 184
27 185
27 189
27 197
27 200
27 206
27 208
27 212
27 219
27 222
27 223
27 224
27 225
27 229
27 234
27 237
27 239
27 242
27 243
27 250
27 261
27 262
27 264
27 265
27 267
27 269
27 271
27 279
27 281
27 283
27 287
27 288
27 289
27 290
27 291
27 292
27 293
27 296
28 31
28 36
28 40
28 42
28 44
28 53
28 56
28 60
28 61
28 65
28 67
28 68
28 70
28 74
28 76
28 85
28 86
28 88
28 89
28 92
28 97
28 98
28 99
28 102
28 109
28 114
28 115
28 116
28 121
28 126
28 130
28 131
28 134
28 135
28 137
28 139
28 141
28 148
28 150
28 152
28 153
28 156
28 157
28 160
28 161
28 163
28 166
28 177
28 178
28 179
28 180
28 185
28 186
28 192
28 193
28 199
28 200
28 202
28 204
28 208
28 209
28 210
28 215
28 220
28 224
28 226
28 239
28 243
28 245
28 247
28 250
28 251
28 255
28 258
28 263
28 265
28 266
28 273
28 276
28 279
28 280
28 282
28 286
29 30
29 34
29 35
29 37
29 42
29 43
29 49
29 52
29 58
29 62
29 77
29 79
29 85
29 86
29 91
29 92
29 96
29 99
29 100
29 103
29 104
29 107
29 108
29 118
29 119
29 123
29 124
29 126
29 129
29 140
29 150
29 153
29 163
29 166
29 170
29 171
29 187
29 194
29 203
29 210
29 216
29 222
29 224
29 228
29 233
29 234
29 240
29 242
29 243
29 247
29 250
29 258
29 264
29 269
29 270
29 273
29 276
29 281
29 285
29 290
29 291
29 292
29 294
29 295
29 296
29 299
30 31
30 34
30 35
30 36
30 43
30 44
30 48
30 49
30 50
30 53
30 58
30 67
30 71
30 78
30 79
30 81
30 89
30 91
30 96
30 97
30 98
30 100
30 103
30 104
30 110
30 111
30 114
30 115
30 116
30 118
30 119
30 120
30 123
30 126
30 128
30 129
30 131
30 132
30 134
30 137
30 142
30 143
30 150
30 151
30 152
30 159
30 161
30 162
30 164
30 166
30 167
30 169
30 173
30 179
30 181
30 182
30 184
30 191
30 194
30 199
30 200
30 202
30 203
30 204
30 206
30 209
30 211
30 212
30 214
30 218
30 220
30 221
30 225
30 230
30 233
30 236
30 238
30 247
30 249
30 255
30 259
30 262
30 269
30 273
30 275
30 278
30 282
30 286
30 287
30 288
30 295
30 297
31 33
31 36
31 40
31 41
31 43
31 44
31 51
31 52
31 56
31 57
31 60
31 61
31 62
31 67
31 69
31 70
31 72
31 73
31 74
31 76
31 78
31 81
31 83
31 85
31 88
31 95
31 97
31 100
31 101
31 104
31 105
31 107
31 108
31 113
31 116
31 121
31 130
31 131
31 132
31 134
31 137
31 138
31 142
31 147
31 151
31 155
31 158
31 169
31 170
31 171
31 177
31 179
31 181
31 184
31 198
31 199
31 200
31 206
31 213
31 215
31 217
31 218
31 219
31 220
31 221
31 226
31 234
31 245
31 249
31 254
31 262
31 263
31 265
31 270
31 273
31 278
31 291
31 293
31 295
31 296
31 298
32 33
32 34
32 35
32 36
32 38
32 40
32 43
32 58
32 60
32 67
32 73
32 74
32 88
32 89
32 91
32 92
32 93
32 94
32 95
32 98
32 101
32 102
32 103
32 109
32 117
32 120
32 125
32 126
32 128
32 130
32 132
32 137
32 138
32 145
32 146
32 150
32 158
32 161
32 164
32 170
32 172
32 176
32 178
32 180
32 184
32 185
32 189
32 190
32 192
32 193
32 194
32 195
32 198
32 199
32 204
32 205
32 209
32 211
32 216
32 222
32 223
32 224
32 234
32 235
32 236
32 237
32 238
32 245
32 251
32 253
32 257
32 260
32 265
32 266
32 271
32 273
32 274
32 277
32 279
32 280
32 289
32 298
32 299
33 35
33 39
33 42
33 43
33 47
33 48
33 49
33 58
33 59
33 65
33 68
33 70
33 71
33 74
33 75
33 76
33 83
33 88
33 90
33 92
33 93
33 98
33 100
33 113
33 114
33 121
33 135
33 139
33 141
33 144
33 148
33 150
33 154
33 156
33 164
33 165
33 167
33 169
33 177
33 180
33 186
33 195
33 196
33 202
33 216
33 217
33 219
33 220
33 223
33 224
33 229
33 240
33 245
33 246
33 247
33 252
33 265
33 267
33 268
33 275
33 278
33 281
33 285
33 286
33 289
33 290
33 291
33 293
34 35
34 36
34 37
34 41
34 42
34 44
34 45
34 60
34 61
34 62
34 63
34 64
34 69
34 71
34 77
34 78
34 81
34 82
34 84
34 85
34 92
34 96
34 98
34 100
34 101
34 105
34 106
34 107
34 113
34 115
34 119
34 121
34 124
34 125
34 127
34 131
34 132
34 138
34 143
34 148
34 151
34 154
34 156
34 160
34 161
34 162
34 168
34 171
34 173
34 177
34 181
34 189
34 197
34 203
34 204
34 208
34 217
34 224
34 226
34 228
34 229
34 238
34 239
34 242
34 243
34 245
34 252
34 255
34 257
34 261
34 264
34 269
34 270
34 276
34 282
34 285
34 288
34 291
34 293
34 294
34 296
34 298
35 36
35 37
35 50
35 52
35 58
35 63
35 65
35 71
35 72
35 73
35 75
35 83
35 87
35 91
35 93
35 94
35 96
35 97
35 98
35 102
35 106
35 108
35 118
35 121
35 122
35 124
35 126
35 132
35 135
35 138
35 151
35 153
35 156
35 157
35 163
35 164
35 167
35 170
35 172
35 176
35 183
35 185
35 193
35 196
35 198
35 202
35 203
35 204
35 205
35 208
35 209
35 214
35 215
35 218
35 219
35 222
35 226
35 228
35 230
35 234
35 235
35 238
35 242
35 243
35 244
35 245
35 246
35 251
35 259
35 262
35 265
35 271
35 273
35 280
35 282
35 288
35 297
36 42
36 44
36 50
36 56
36 62
36 65
36 73
36 74
36 76
36 84
36 90
36 92
36 96
36 98
36 100
36 101
36 105
36 115
36 117
36 119
36 131
36 133
36 139
36 140
36 143
36 145
36 146
36 154
36 161
36 162
36 163
36 165
36 166
36 167
36 169
36 172
36 175
36 176
36 178
36 187
36 194
36 200
36 212
36 217
36 219
36 221
36 223
36 224
36 228
36 234
36 235
36 243
36 245
36 246
36 258
36 261
36 264
36 271
36 276
36 280
36 281
36 283
36 287
36 289
36 295
36 296
36 298
37 42
37 45
37 49
37 50
37 51
37 54
37 57
37 66
37 68
37 69
37 72
37 73
37 74
37 77
37 79
37 80
37 94
37 97
37 105
37 106
37 109
37 112
37 116
37 132
37 138
37 143
37 147
37 148
37 153
37 155
37 159
37 160
37 164
37 175
37 176
37 181
37 182
37 185
37 186
37 203
37 207
37 211
37 213
37 214
37 215
37 223
37 226
37 229
37 233
37 235
37 242
37 247
37 254
37 263
37 266
37 267
37 274
37 275
37 276
37 277
37 278
37 283
37 286
37 288
37 289
37 291
37 292
37 296
38 43
38 45
38 46
38 50
38 53
38 57
38 63
38 65
38 69
38 70
38 72
38 78
38 85
38 90
38 98
38 113
38 122
38 125
38 132
38 135
38 138
38 140
38 141
38 142
38 144
38 146
38 147
38 149
38 153
38 158
38 160
38 161
38 163
38 171
38 175
38 176
38 180
38 184
38 185
38 186
38 188
38 196
38 197
38 199
38 201
38 204
38 206
38 211
38 217
38 227
38 234
38 238
38 243
38 244
38 254
38 255
38 261
38 265
38 269
38 271
38 283
38 284
38 288
38 289
38 291
38 292
38 294
38 295
38 296
39 42
39 45
39 51
39 53
39 57
39 58
39 59
39 61
39 67
39 78
39 83
39 84
39 85
39 88
39 91
39 93
39 96
39 103
39 106
39 107
39 108
39 109
39 110
39 113
39 116
39 117
39 118
39 119
39 120
39 121
39 129
39 135
39 136
39 141
39 146
39 147
39 150
39 151
39 152
39 154
39 156
39 160
39 167
39 168
39 169
39 172
39 173
39 175
39 177
39 178
39 181
39 184
39 187
39 195
39 196
39 200
39 205
39 207
39 209
39 211
39 212
39 216
39 218
39 225
39 226
39 227
39 228
39 229
39 230
39 234
39 245
39 246
39 248
39 249
39 250
39 252
39 253
39 257
39 259
39 262
39 267
39 270
39 273
39 274
39 277
39 279
39 281
39 283
39 284
39 288
39 294
39 295
40 41
40 44
40 47
40 48
40 49
40 50
40 53
40 56
40 57
40 60
40 69
40 70
40 72
40 74
40 75
40 83
40 87
40 88
40 92
40 95
40 96
40 99
40 100
40 101
40 102
40 106
40 109
40 113
40 116
40 117
40 118
40 119
40 121
40 123
40 127
40 130
40 137
40 138
40 142
40 151
40 153
40 157
40 158
40 160
40 162
40 163
40 178
40 180
40 185
40 188
40 189
40 192
40 193
40 196
40 200
40 202
40 204
40 207
40 208
40 210
40 214
40 216
40 219
40 228
40 229
40 230
40 231
40 236
40 240
40 241
40 243
40 249
40 251
40 254
40 257
40 262
40 263
40 265
40 266
40 270
40 271
40 274
40 276
40 277
40 296
40 299
41 42
41 44
41 45
41 49
41 51
41 55
41 57
41 58
41 64
41 69
41 70
41 71
41 72
41 73
41 74
41 76
41 79
41 82
41 88
41 89
41 92
41 99
41 103
41 107
41 108
41 111
41 112
41 113
41 114
41 117
41 119
41 120
41 122
41 126
41 133
41 135
41 137
41 144
41 145
41 147
41 148
41 151
41 157
41 163
41 164
41 168
41 171
41 172
41 175
41 179
41 182
41 185
41 187
41 188
41 191
41 196
41 198
41 199
41 201
41 202
41 207
41 208
41 210
41 211
41 212
41 213
41 218
41 225
41 227
41 229
41 232
41 235
41 237
41 238
41 239
41 241
41 243
41 245
41 248
41 249
41 256
41 258
41 260
41 263
41 266
41 269
41 275
41 279
41 288
41 289
41 298
42 44
42 48
42 52
42 54
42 55
42 56
42 58
42 59
42 66
42 76
42 82
42 84
42 89
42 90
42 97
42 99
42 101
42 102
42 106
42 108
42 109
42 110
42 115
42 120
42 121
42 123
42 125
42 129
42 132
42 135
42 140
42 142
42 147
42 148
42 153
42 154
42 160
42 162
42 163
42 165
42 169
42 170
42 173
42 179
42 181
42 185
42 188
42 190
42 191
42 194
42 197
42 199
42 200
42 201
42 202
42 206
42 210
42 211
42 217
42 218
42 221
42 222
42 226
42 228
42 229
42 232
42 233
42 234
42 240
42 243
42 245
42 251
42 252
42 254
42 256
42 259
42 260
42 263
42 264
42 266
42 267
42 277
42 282
42 289
42 293
42 296
43 45
43 46
43 48
43 53
43 57
43 60
43 63
43 64
43 75
43 79
43 80
43 81
43 86
43 89
43 90
43 91
43 93
43 100
43 102
43 105
43 115
43 116
43 127
43 135
43 136
43 141
43 142
43 144
43 145
43 148
43 150
43 153
43 154
43 155
43 157
43 164
43 166
43 167
43 172
43 174
43 180
43 181
43 186
43 187
43 188
43 190
43 193
43 196
43 200
43 201
43 205
43 208
43 211
43 212
43 214
43 222
43 224
43 226
43 228
43 229
43 235
43 236
43 237
43 238
43 239
43 240
43 245
43 249
43 251
43 252
43 253
43 254
43 257
43 258
43 260
43 261
43 265
43 267
43 271
43 275
43 279
43 281
43 283
43 284
43 288
43 289
43 291
43 299
44 46
44 50
44 51
44 53
44 54
44 61
44 62
44 63
44 66
44 67
44 68
44 71
44 72
44 73
44 74
44 77
44 81
44 88
44 91
44 96
44 97
44 98
44 100
44 103
44 115
44 124
44 127
44 129
44 131
44 135
44 137
44 138
44 139
44 143
44 146
44 149
44 150
44 151
44 152
44 156
44 160
44 161
44 165
44 173
44 178
44 181
44 191
44 193
44 194
44 195
44 203
44 204
44 207
44 208
44 211
44 217
44 223
44 225
44 226
44 232
44 235
44 239
44 240
44 247
44 250
44 255
44 257
44 258
44 265
44 266
44 271
44 272
44 273
44 275
44 279
44 285
44 288
44 289
44 290
44 295
44 296
44 299
45 52
45 53
45 55
45 58
45 61
45 66
45 72
45 75
45 77
45 80
45 87
45 90
45 91
45 93
45 98
45 100
45 104
45 106
45 107
45 110
45 115
45 116
45 129
45 131
45 140
45 149
45 150
45 153
45 155
45 157
45 160
45 161
45 165
45 168
45 175
45 176
45 177
45 182
45 183
45 184
45 189
45 190
45 195
45 197
45 199
45 214
45 216
45 217
45 219
45 225
45 231
45 237
45 238
45 241
45 244
45 245
45 258
45 259
45 260
45 264
45 272
45 277
45 281
45 290
45 291
45 295
45 296
46 47
46 48
46 54
46 56
46 57
46 58
46 72
46 80
46 87
46 88
46 89
46 90
46 91
46 92
46 93
46 94
46 95
46 103
46 105
46 109
46 118
46 119
46 120
46 121
46 133
46 135
46 136
46 137
46 139
46 144
46 150
46 157
46 158
46 161
46 163
46 165
46 166
46 167
46 172
46 173
46 177
46 183
46 184
46 188
46 191
46 196
46 197
46 198
46 200
46 203
46 209
46 218
46 221
46 225
46 228
46 229
46 230
46 232
46 233
46 234
46 235
46 237
46 238
46 243
46 245
46 246
46 252
46 253
46 258
46 263
46 270
46 271
46 274
46 277
46 278
46 280
46 284
46 289
46 292
46 299
47 48
47 54
47 55
47 58
47 60
47 61
47 62
47 64
47 65
47 72
47 73
47 79
47 82
47 89
47 93
47 94
47 95
47 100
47 102
47 105
47 107
47 113
47 114
47 123
47 130
47 133
47 134
47 138
47 141
47 142
47 143
47 144
47 148
47 149
47 151
47 154
47 156
47 164
47 165
47 174
47 178
47 182
47 183
47 184
47 185
47 190
47 209
47 210
47 212
47 214
47 215
47 221
47 222
47 224
47 228
47 238
47 241
47 246
47 247
47 249
47 250
47 251
47 253
47 269
47 270
47 272
47 273
47 274
47 277
47 278
47 284
47 285
47 286
47 287
47 290
47 293
47 294
47 298
48 50
48 54
48 55
48 60
48 62
48 63
48 67
48 74
48 76
48 88
48 90
48 98
48 99
48 102
48 105
48 107
48 108
48 109
48 111
48 114
48 116
48 117
48 123
48 130
48 132
48 133
48 135
48 136
48 138
48 140
48 146
48 152
48 159
48 160
48 164
48 177
48 179
48 181
48 182
48 183
48 185
48 187
48 188
48 190
48 193
48 199
48 202
48 203
48 204
48 205
48 207
48 208
48 210
48 211
48 220
48 223
48 228
48 231
48 236
48 239
48 241
48 246
48 248
48 262
48 264
48 267
48 269
48 271
48 274
48 276
48 278
48 282
48 284
48 292
48 297
49 50
49 52
49 53
49 55
49 58
49 60
49 61
49 62
49 70
49 71
49 73
49 74
49 76
49 81
49 88
49 90
49 92
49 93
49 96
49 106
49 109
49 110
49 111
49 112
49 115
49 119
49 121
49 123
49 124
49 125
49 130
49 133
49 135
49 141
49 147
49 151
49 158
49 161
49 162
49 163
49 166
49 173
49 174
49 176
49 177
49 178
49 180
49 188
49 191
49 193
49 203
49 206
49 208
49 214
49 215
49 216
49 217
49 219
49 223
49 226
49 230
49 231
49 233
49 234
49 235
49 237
49 244
49 245
49 246
49 248
49 250
49 251
49 252
49 260
49 266
49 267
49 268
49 274
49 278
49 282
49 289
49 292
49 294
49 295
49 298
49 299
50 51
50 52
50 55
50 57
50 61
50 64
50 72
50 73
50 75
50 80
50 83
50 87
50 90
50 96
50 97
50 100
50 102
50 107
50 108
50 109
50 111
50 113
50 117
50 118
50 119
50 121
50 122
50 124
50 126
50 127
50 129
50 132
50 133
50 134
50 140
50 145
50 146
50 151
50 153
50 165
50 167
50 169
50 176
50 180
50 182
50 185
50 186
50 189
50 199
50 201
50 202
50 205
50 208
50 212
50 216
50 226
50 228
50 232
50 233
50 235
50 237
50 242
50 243
50 244
50 250
50 251
50 255
50 257
50 258
50 265
50 267
50 270
50 271
50 279
50 281
50 283
50 285
50 286
50 287
50 293
50 296
50 297
50 298
51 53
51 54
51 55
51 56
51 57
51 59
51 60
51 62
51 65
51 67
51 68
51 71
51 72
51 74
51 75
51 77
51 80
51 83
51 85
51 86
51 88
51 89
51 94
51 96
51 98
51 101
51 107
51 108
51 109
51 112
51 114
51 115
51 120
51 122
51 124
51 126
51 130
51 136
51 138
51 139
51 140
51 143
51 148
51 149
51 150
51 151
51 152
51 155
51 156
51 162
51 165
51 168
51 170
51 171
51 178
51 181
51 197
51 198
51 200
51 202
51 207
51 209
51 213
51 214
51 220
51 226
51 229
51 234
51 235
51 244
51 254
51 255
51 259
51 270
51 271
51 273
51 275
51 279
51 284
51 285
51 289
51 290
51 293
51 296
51 298
52 56
52 57
52 59
52 63
52 76
52 78
52 82
52 87
52 89
52 97
52 102
52 107
52 109
52 110
52 111
52 117
52 118
52 119
52 127
52 130
52 131
52 133
52 135
52 138
52 139
52 140
52 145
52 146
52 151
52 152
52 155
52 156
52 159
52 161
52 163
52 166
52 172
52 173
52 176
52 177
52 179
52 184
52 185
52 192
52 198
52 201
52 202
52 208
52 210
52 212
52 213
52 214
52 215
52 220
52 223
52 229
52 234
52 235
52 236
52 243
52 245
52 246
52 248
52 251
52 254
52 255
52 258
52 259
52 260
52 262
52 266
52 277
52 284
52 292
52 293
52 295
53 54
53 58
53 61
53 62
53 63
53 64
53 66
53 70
53 76
53 77
53 80
53 84
53 86
53 94
53 95
53 96
53 106
53 110
53 116
53 119
53 124
53 129
53 134
53 135
53 136
53 137
53 143
53 148
53 151
53 154
53 157
53 163
53 165
53 172
53 174
53 176
53 180
53 184
53 187
53 188
53 193
53 195
53 196
53 201
53 203
53 208
53 209
53 210
53 213
53 216
53 218
53 225
53 227
53 228
53 229
53 230
53 242
53 245
53 247
53 248
53 250
53 251
53 260
53 267
53 268
53 269
53 272
53 285
53 287
53 298
53 299
54 57
54 61
54 62
54 63
54 64
54 70
54 72
54 77
54 78
54 80
54 85
54 88
54 89
54 92
54 96
54 99
54 102
54 107
54 109
54 110
54 111
54 116
54 119
54 124
54 125
54 126
54 128
54 134
54 136
54 145
54 146
54 148
54 149
54 152
54 155
54 157
54 163
54 164
54 168
54 170
54 172
54 174
54 175
54 180
54 184
54 185
54 186
54 188
54 193
54 197
54 200
54 201
54 203
54 208
54 216
54 217
54 224
54 228
54 230
54 239
54 243
54 244
54 246
54 248
54 252
54 262
54 267
54 268
54 281
54 282
54 290
54 291
54 294
54 295
54 297
54 298
55 59
55 68
55 70
55 71
55 74
55 77
55 79
55 87
55 89
55 92
55 94
55 99
55 102
55 103
55 104
55 106
55 108
55 110
55 111
55 112
55 115
55 118
55 120
55 124
55 128
55 129
55 131
55 132
55 133
55 142
55 143
55 144
55 151
55 156
55 158
55 159
55 160
55 161
55 162
55 165
55 166
55 167
55 169
55 170
55 171
55 178
55 182
55 187
55 189
55 214
55 218
55 225
55 228
55 231
55 233
55 237
55 243
55 244
55 245
55 247
55 251
55 253
55 255
55 256
55 259
55 260
55 262
55 265
55 267
55 268
55 269
55 279
55 280
55 283
55 286
55 288
55 294
56 64
56 67
56 78
56 84
56 86
56 87
56 88
56 92
56 95
56 96
56 97
56 102
56 103
56 113
56 114
56 117
56 119
56 123
56 124
56 125
56 126
56 136
56 141
56 145
56 148
56 152
56 154
56 155
56 158
56 162
56 164
56 169
56 170
56 172
56 173
56 181
56 184
56 190
56 192
56 193
56 203
56 205
56 206
56 215
56 219
56 220
56 222
56 230
56 232
56 234
56 244
56 246
56 252
56 259
56 262
56 278
56 281
56 283
56 285
56 291
56 292
56 293
57 59
57 65
57 68
57 73
57 76
57 77
57 78
57 82
57 86
57 88
57 90
57 92
57 99
57 106
57 114
57 115
57 118
57 119
57 120
57 122
57 123
57 143
57 145
57 146
57 160
57 161
57 164
57 165
57 166
57 168
57 171
57 175
57 182
57 183
57 189
57 192
57 195
57 200
57 201
57 202
57 203
57 213
57 214
57 216
57 219
57 223
57 224
57 229
57 230
57 232
57 233
57 241
57 242
57 249
57 250
57 253
57 259
57 266
57 270
57 273
57 274
57 276
57 281
57 283
57 286
57 290
57 298
58 59
58 61
58 66
58 69
58 72
58 83
58 85
58 86
58 90
58 98
58 99
58 113
58 114
58 120
58 125
58 126
58 128
58 131
58 132
58 133
58 136
58 137
58 141
58 148
58 151
58 152
58 153
58 154
58 155
58 159
58 166
58 167
58 169
58 171
58 173
58 175
58 180
58 189
58 191
58 198
58 210
58 213
58 214
58 219
58 220
58 221
58 224
58 225
58 226
58 232
58 233
58 236
58 237
58 238
58 242
58 243
58 250
58 251
58 252
58 257
58 260
58 261
58 263
58 264
58 269
58 270
58 282
58 285
58 286
58 288
58 298
59 61
59 67
59 70
59 75
59 80
59 83
59 85
59 87
59 88
59 89
59 91
59 92
59 95
59 97
59 99
59 108
59 109
59 110
59 113
59 114
59 115
59 118
59 122
59 124
59 128
59 129
59 131
59 135
59 147
59 148
59 152
59 153
59 164
59 165
59 167
59 171
59 173
59 174
59 182
59 185
59 186
59 189
59 193
59 201
59 202
59 204
59 210
59 211
59 212
59 216
59 217
59 219
59 221
59 222
59 223
59 224
59 226
59 236
59 238
59 240
59 241
59 245
59 246
59 250
59 252
59 255
59 258
59 261
59 265
59 267
59 281
59 287
59 292
59 295
59 297
59 298
60 66
60 67
60 69
60 74
60 77
60 78
60 80
60 83
60 93
60 102
60 103
60 104
60 106
60 108
60 124
60 131
60 137
60 138
60 139
60 147
60 149
60 150
60 151
60 156
60 158
60 163
60 175
60 176
60 183
60 188
60 189
60 192
60 193
60 194
60 199
60 203
60 205
60 206
60 209
60 212
60 214
60 219
60 222
60 230
60 233
60 234
60 237
60 240
60 244
60 245
60 246
60 251
60 257
60 260
60 261
60 266
60 269
60 270
60 272
60 275
60 278
60 280
60 284
60 286
60 287
60 289
60 290
60 291
60 298
61 77
61 88
61 90
61 93
61 102
61 104
61 106
61 107
61 108
61 110
61 112
61 113
61 116
61 126
61 129
61 134
61 137
61 141
61 142
61 145
61 149
61 152
61 156
61 158
61 160
61 162
61 164
61 171
61 175
61 180
61 188
61 192
61 193
61 196
61 197
61 203
61 205
61 211
61 216
61 218
61 219
61 220
61 221
61 224
61 229
61 240
61 241
61 243
61 247
61 251
61 254
61 258
61 259
61 263
61 267
61 269
61 270
61 273
61 277
61 287
61 289
61 290
61 291
61 293
61 294
61 295
62 64
62 66
62 67
62 75
62 82
62 84
62 88
62 89
62 90
62 94
62 95
62 98
62 101
62 104
62 106
62 107
62 108
62 109
62 110
62 114
62 117
62 123
62 124
62 126
62 127
62 128
62 132
62 140
62 148
62 153
62 154
62 164
62 171
62 172
62 177
62 178
62 180
62 185
62 187
62 188
62 190
62 191
62 194
62 196
62 198
62 210
62 212
62 226
62 238
62 242
62 244
62 245
62 248
62 250
62 254
62 255
62 265
62 268
62 271
62 273
62 274
62 275
62 276
62 277
62 282
62 284
62 287
62 290
62 293
62 298
63 64
63 65
63 69
63 71
63 75
63 77
63 79
63 82
63 83
63 85
63 86
63 88
63 90
63 91
63 92
63 93
63 97
63 98
63 99
63 107
63 108
63 110
63 112
63 121
63 125
63 130
63 131
63 132
63 134
63 139
63 141
63 142
63 144
63 146
63 147
63 149
63 150
63 156
63 157
63 163
63 164
63 165
63 167
63 168
63 170
63 171
63 172
63 173
63 174
63 187
63 189
63 195
63 196
63 199
63 200
63 202
63 203
63 204
63 207
63 208
63 210
63 217
63 218
63 219
63 222
63 226
63 227
63 229
63 234
63 239
63 244
63 246
63 247
63 251
63 254
63 255
63 256
63 257
63 263
63 264
63 271
63 279
63 284
63 286
63 293
63 297
63 298
64 66
64 74
64 75
64 76
64 78
64 82
64 83
64 84
64 88
64 89
64 91
64 93
64 95
64 98
64 101
64 104
64 111
64 116
64 119
64 120
64 121
64 123
64 124
64 127
64 131
64 132
64 138
64 141
64 151
64 161
64 162
64 173
64 174
64 179
64 187
64 190
64 193
64 194
64 197
64 214
64 215
64 223
64 228
64 236
64 237
64 241
64 244
64 247
64 250
64 253
64 261
64 263
64 264
64 265
64 267
64 271
64 274
64 275
64 276
64 280
64 281
64 288
64 294
64 298
65 67
65 68
65 79
65 80
65 82
65 83
65 88
65 93
65 98
65 103
65 108
65 109
65 110
65 113
65 122
65 125
65 126
65 127
65 135
65 136
65 139
65 140
65 141
65 142
65 146
65 153
65 154
65 156
65 163
65 164
65 165
65 170
65 172
65 174
65 176
65 178
65 180
65 184
65 189
65 199
65 201
65 207
65 208
65 211
65 212
65 214
65 221
65 223
65 224
65 227
65 228
65 233
65 235
65 236
65 237
65 245
65 246
65 250
65 254
65 256
65 258
65 260
65 263
65 265
65 274
65 275
65 277
65 280
65 282
65 286
65 288
65 290
65 298
66 68
66 70
66 72
66 73
66 76
66 79
66 80
66 81
66 83
66 86
66 91
66 93
66 95
66 96
66 101
66 103
66 105
66 109
66 110
66 113
66 114
66 117
66 124
66 126
66 128
66 131
66 132
66 134
66 135
66 136
66 147
66 150
66 153
66 155
66 159
66 160
66 164
66 165
66 166
66 169
66 170
66 171
66 173
66 176
66 179
66 180
66 182
66 185
66 186
66 188
66 189
66 192
66 196
66 201
66 202
66 204
66 205
66 206
66 207
66 210
66 214
66 218
66 222
66 228
66 232
66 237
66 238
66 239
66 240
66 244
66 249
66 250
66 252
66 257
66 259
66 264
66 266
66 267
66 272
66 279
66 285
66 286
66 287
66 293
66 295
66 297
66 299
67 69
67 70
67 71
67 76
67 78
67 79
67 80
67 81
67 85
67 86
67 88
67 89
67 91
67 94
67 107
67 110
67 113
67 114
67 115
67 117
67 127
67 128
67 132
67 133
67 135
67 136
67 148
67 157
67 159
67 160
67 169
67 174
67 175
67 177
67 180
67 185
67 188
67 189
67 191
67 193
67 198
67 202
67 207
67 208
67 210
67 212
67 213
67 215
67 219
67 228
67 230
67 231
67 232
67 235
67 236
67 240
67 241
67 245
67 252
67 253
67 257
67 261
67 262
67 263
67 264
67 266
67 268
67 276
67 279
67 281
67 288
67 299
68 69
68 70
68 81
68 83
68 86
68 90
68 91
68 92
68 94
68 96
68 99
68 103
68 105
68 114
68 118
68 120
68 126
68 132
68 136
68 138
68 139
68 141
68 143
68 149
68 151
68 152
68 153
68 154
68 157
68 158
68 162
68 168
68 169
68 170
68 173
68 180
68 182
68 185
68 187
68 188
68 189
68 193
68 194
68 195
68 196
68 199
68 201
68 210
68 211
68 213
68 214
68 216
68 219
68 220
68 222
68 223
68 224
68 225
68 232
68 235
68 238
68 242
68 243
68 244
68 247
68 248
68 249
68 251
68 253
68 255
68 256
68 260
68 263
68 269
68 270
68 287
68 290
68 295
69 70
69 76
69 80
69 93
69 94
69 99
69 104
69 109
69 112
69 113
69 115
69 117
69 118
69 121
69 123
69 125
69 126
69 128
69 129
69 130
69 132
69 137
69 147
69 151
69 156
69 158
69 169
69 173
69 175
69 176
69 178
69 180
69 196
69 198
69 203
69 204
69 207
69 208
69 211
69 215
69 217
69 222
69 223
69 230
69 231
69 238
69 240
69 241
69 243
69 245
69 253
69 254
69 257
69 258
69 260
69 263
69 267
69 270
69 271
69 276
69 286
69 290
69 291
69 292
69 293
69 295
69 296
70 76
70 81
70 82
70 84
70 97
70 102
70 104
70 111
70 112
70 117
70 118
70 120
70 121
70 127
70 130
70 133
70 136
70 140
70 141
70 143
70 146
70 150
70 152
70 159
70 164
70 165
70 178
70 180
70 194
70 196
70 201
70 202
70 203
70 207
70 209
70 210
70 213
70 216
70 222
70 224
70 227
70 231
70 238
70 239
70 242
70 244
70 248
70 250
70 261
70 262
70 263
70 265
70 269
70 270
70 275
70 277
70 280
70 281
70 282
70 284
70 287
70 289
70 293
70 298
71 75
71 77
71 79
71 80
71 83
71 84
71 87
71 95
71 97
71 98
71 100
71 102
71 107
71 108
71 109
71 110
71 116
71 121
71 123
71 126
71 128
71 130
71 132
71 134
71 135
71 139
71 143
71 145
71 148
71 150
71 160
71 161
71 168
71 169
71 172
71 180
71 186
71 191
71 193
71 196
71 197
71 200
71 201
71 202
71 203
71 211
71 213
71 214
71 216
71 231
71 232
71 234
71 236
71 239
71 240
71 245
71 249
71 253
71 254
71 260
71 264
71 267
71 272
71 275
71 276
71 284
71 286
72 76
72 90
72 93
72 96
72 102
72 103
72 104
72 108
72 112
72 116
72 118
72 119
72 125
72 126
72 128
72 129
72 138
72 141
72 148
72 149
72 152
72 153
72 158
72 160
72 168
72 173
72 174
72 188
72 190
72 191
72 192
72 194
72 201
72 204
72 205
72 206
72 208
72 212
72 213
72 214
72 215
72 216
72 217
72 227
72 230
72 238
72 243
72 244
72 249
72 252
72 253
72 258
72 264
72 266
72 267
72 271
72 272
72 277
72 280
72 281
72 284
72 286
72 289
72 299
73 76
73 78
73 82
73 86
73 89
73 98
73 99
73 102
73 103
73 113
73 114
73 121
73 126
73 128
73 133
73 136
73 139
73 140
73 143
73 145
73 151
73 152
73 157
73 158
73 159
73 160
73 161
73 162
73 164
73 165
73 166
73 168
73 173
73 178
73 181
73 184
73 187
73 194
73 199
73 200
73 202
73 205
73 211
73 217
73 218
73 224
73 225
73 227
73 231
73 234
73 243
73 252
73 253
73 255
73 258
73 263
73 264
73 266
73 269
73 275
73 281
73 282
73 284
73 286
73 288
73 290
73 291
73 295
73 298
74 81
74 83
74 85
74 86
74 87
74 88
74 94
74 95
74 96
74 101
74 102
74 104
74 107
74 109
74 110
74 114
74 119
74 120
74 121
74 125
74 126
74 130
74 135
74 136
74 141
74 145
74 149
74 153
74 154
74 155
74 156
74 165
74 168
74 170
74 171
74 172
74 173
74 177
74 178
74 179
74 187
74 191
74 200
74 214
74 224
74 228
74 232
74 233
74 237
74 238
74 242
74 249
74 251
74 264
74 265
74 268
74 269
74 273
74 275
74 276
74 281
74 283
74 285
74 286
74 288
74 292
74 293
74 297
75 81
75 88
75 95
75 96
75 98
75 99
75 103
75 104
75 106
75 108
75 118
75 119
75 121
75 130
75 132
75 133
75 138
75 139
75 140
75 142
75 146
75 148
75 151
75 152
75 153
75 155
75 159
75 160
75 165
75 167
75 170
75 177
75 179
75 180
75 182
75 184
75 187
75 191
75 193
75 195
75 202
75 203
75 204
75 206
75 211
75 213
75 218
75 222
75 223
75 226
75 228
75 231
75 245
75 246
75 254
75 257
75 260
75 262
75 269
75 272
75 278
75 282
75 283
75 284
75 289
75 291
75 293
75 297
75 299
76 77
76 78
76 79
76 80
76 86
76 88
76 91
76 93
76 97
76 100
76 107
76 110
76 115
76 116
76 117
76 122
76 123
76 126
76 131
76 143
76 147
76 149
76 150
76 154
76 157
76 161
76 163
76 168
76 170
76 179
76 189
76 203
76 204
76 217
76 222
76 228
76 229
76 231
76 234
76 235
76 239
76 245
76 249
76 262
76 276
76 282
76 283
76 289
76 290
76 293
76 295
77 90
77 93
77 94
77 98
77 99
77 103
77 104
77 105
77 106
77 111
77 113
77 114
77 118
77 119
77 124
77 125
77 127
77 129
77 133
77 139
77 140
77 142
77 143
77 158
77 159
77 161
77 163
77 168
77 173
77 181
77 184
77 187
77 188
77 192
77 196
77 198
77 200
77 202
77 203
77 204
77 205
77 206
77 207
77 210
77 212
77 216
77 217
77 218
77 221
77 223
77 229
77 230
77 232
77 234
77 237
77 246
77 248
77 249
77 251
77 257
77 267
77 271
77 280
77 281
77 289
77 292
77 293
77 295
77 296
78 79
78 80
78 82
78 86
78 88
78 98
78 105
78 110
78 113
78 115
78 116
78 119
78 120
78 122
78 123
78 133
78 140
78 141
78 145
78 146
78 150
78 155
78 159
78 160
78 161
78 162
78 164
78 167
78 168
78 171
78 177
78 181
78 186
78 190
78 193
78 196
78 198
78 201
78 207
78 213
78 216
78 218
78 219
78 227
78 232
78 233
78 235
78 236
78 238
78 240
78 241
78 249
78 251
78 263
78 265
78 268
78 269
78 270
78 272
78 277
78 279
78 280
78 283
78 286
78 291
79 81
79 86
79 87
79 88
79 89
79 91
79 104
79 105
79 118
79 129
79 135
79 136
79 139
79 142
79 145
79 151
79 154
79 157
79 165
79 168
79 175
79 178
79 181
79 186
79 190
79 196
79 205
79 206
79 209
79 213
79 215
79 219
79 224
79 226
79 227
79 228
79 229
79 230
79 233
79 236
79 237
79 245
79 247
79 249
79 255
79 256
79 259
79 260
79 263
79 265
79 267
79 269
79 270
79 275
79 277
79 279
79 281
79 286
79 288
79 289
79 292
79 293
79 294
79 297
80 81
80 82
80 84
80 87
80 91
80 97
80 99
80 101
80 104
80 106
80 107
80 111
80 113
80 114
80 120
80 124
80 125
80 126
80 127
80 129
80 131
80 138
80 139
80 143
80 145
80 151
80 152
80 159
80 161
80 169
80 170
80 174
80 180
80 181
80 184
80 187
80 188
80 192
80 196
80 201
80 202
80 204
80 205
80 210
80 217
80 219
80 220
80 221
80 222
80 230
80 234
80 237
80 240
80 241
80 242
80 248
80 249
80 250
80 254
80 255
80 262
80 265
80 269
80 270
80 272
80 273
80 279
80 280
80 282
80 288
80 297
80 298
80 299
81 82
81 85
81 86
81 90
81 91
81 94
81 102
81 105
81 106
81 114
81 117
81 124
81 126
81 127
81 130
81 137
81 138
81 141
81 142
81 145
81 147
81 150
81 152
81 154
81 155
81 157
81 174
81 185
81 186
81 187
81 192
81 193
81 207
81 215
81 221
81 222
81 224
81 226
81 228
81 229
81 233
81 234
81 236
81 244
81 245
81 247
81 258
81 267
81 269
81 270
81 273
81 274
81 278
81 279
81 281
81 282
81 283
81 284
81 286
81 287
81 289
81 290
81 292
81 299
82 84
82 85
82 86
82 89
82 92
82 93
82 97
82 103
82 104
82 109
82 110
82 113
82 114
82 119
82 122
82 126
82 130
82 131
82 133
82 134
82 137
82 138
82 141
82 153
82 154
82 157
82 158
82 162
82 164
82 165
82 173
82 175
82 181
82 186
82 188
82 193
82 198
82 203
82 206
82 211
82 213
82 215
82 216
82 219
82 221
82 227
82 233
82 235
82 237
82 239
82 248
82 249
82 252
82 256
82 259
82 269
82 271
82 273
82 282
82 286
82 289
82 290
82 291
82 297
82 298
83 91
83 93
83 97
83 99
83 101
83 104
83 105
83 113
83 118
83 123
83 128
83 129
83 131
83 133
83 137
83 139
83 144
83 149
83 162
83 166
83 169
83 170
83 171
83 173
83 178
83 189
83 192
83 194
83 196
83 199
83 205
83 207
83 212
83 216
83 219
83 221
83 223
83 224
83 227
83 232
83 233
83 241
83 244
83 245
83 246
83 247
83 249
83 254
83 256
83 266
83 269
83 272
83 278
83 283
83 284
83 287
83 292
83 294
83 297
84 85
84 86
84 88
84 91
84 93
84 96
84 98
84 105
84 109
84 113
84 115
84 116
84 117
84 119
84 128
84 129
84 131
84 138
84 140
84 142
84 157
84 159
84 161
84 162
84 164
84 171
84 172
84 174
84 176
84 179
84 181
84 183
84 184
84 186
84 187
84 188
84 189
84 194
84 195
84 196
84 197
84 199
84 203
84 205
84 207
84 211
84 213
84 214
84 219
84 223
84 225
84 226
84 228
84 230
84 232
84 234
84 241
84 242
84 243
84 245
84 246
84 247
84 251
84 252
84 254
84 255
84 256
84 259
84 261
84 263
84 264
84 265
84 267
84 268
84 269
84 281
84 284
84 290
84 294
84 297
85 88
85 90
85 92
85 97
85 98
85 101
85 104
85 105
85 107
85 111
85 120
85 121
85 125
85 126
85 128
85 133
85 139
85 140
85 143
85 150
85 155
85 156
85 157
85 160
85 167
85 169
85 171
85 175
85 176
85 177
85 178
85 182
85 189
85 190
85 191
85 198
85 199
85 202
85 203
85 206
85 218
85 219
85 220
85 221
85 225
85 229
85 230
85 231
85 243
85 246
85 252
85 253
85 258
85 261
85 262
85 265
85 266
85 267
85 268
85 270
85 271
85 274
85 275
85 276
85 277
85 280
85 282
85 290
85 292
85 298
86 87
86 96
86 97
86 104
86 108
86 112
86 123
86 126
86 129
86 133
86 136
86 140
86 144
86 145
86 147
86 150
86 156
86 158
86 159
86 161
86 164
86 165
86 169
86 171
86 172
86 173
86 179
86 183
86 185
86 186
86 187
86 190
86 192
86 196
86 206
86 211
86 214
86 222
86 223
86 227
86 232
86 234
86 237
86 239
86 240
86 244
86 247
86 248
86 255
86 257
86 259
86 262
86 263
86 266
86 269
86 271
86 274
86 275
86 277
86 280
86 294
87 106
87 108
87 109
87 112
87 113
87 117
87 119
87 122
87 123
87 132
87 133
87 140
87 141
87 159
87 168
87 173
87 175
87 185
87 188
87 189
87 191
87 217
87 219
87 225
87 227
87 229
87 234
87 236
87 237
87 238
87 241
87 242
87 244
87 250
87 262
87 263
87 268
87 269
87 272
87 276
87 281
87 283
88 89
88 90
88 94
88 100
88 101
88 104
88 106
88 113
88 115
88 124
88 126
88 128
88 131
88 135
88 136
88 139
88 141
88 143
88 148
88 153
88 161
88 165
88 167
88 171
88 174
88 175
88 178
88 181
88 182
88 183
88 184
88 186
88 190
88 197
88 200
88 204
88 208
88 210
88 212
88 215
88 221
88 222
88 223
88 225
88 228
88 231
88 236
88 242
88 245
88 246
88 251
88 252
88 257
88 258
88 266
88 267
88 269
88 271
88 273
88 274
88 276
88 283
88 284
88 285
88 286
88 289
88 292
88 296
89 94
89 101
89 102
89 112
89 113
89 114
89 122
89 123
89 126
89 138
89 139
89 143
89 145
89 150
89 153
89 163
89 165
89 167
89 169
89 172
89 175
89 176
89 177
89 181
89 183
89 186
89 189
89 194
89 205
89 206
89 210
89 212
89 216
89 224
89 230
89 231
89 232
89 234
89 242
89 245
89 248
89 251
89 254
89 259
89 262
89 265
89 270
89 272
89 276
89 281
89 282
89 283
89 284
89 288
89 291
89 298
89 299
90 91
90 94
90 95
90 98
90 100
90 109
90 112
90 119
90 145
90 152
90 156
90 166
90 167
90 173
90 176
90 179
90 183
90 187
90 191
90 192
90 193
90 195
90 206
90 209
90 214
90 215
90 218
90 221
90 222
90 226
90 230
90 233
90 236
90 241
90 244
90 247
90 250
90 251
90 256
90 264
90 271
90 276
90 277
90 281
90 289
90 296
91 96
91 103
91 104
91 105
91 108
91 112
91 113
91 115
91 116
91 118
91 122
91 124
91 125
91 132
91 140
91 143
91 155
91 157
91 159
91 161
91 163
91 164
91 165
91 166
91 168
91 172
91 173
91 178
91 186
91 191
91 193
91 194
91 196
91 206
91 207
91 208
91 213
91 215
91 216
91 217
91 220
91 221
91 222
91 224
91 230
91 233
91 235
91 236
91 238
91 239
91 245
91 246
91 249
91 258
91 264
91 267
91 276
91 277
91 282
91 290
91 291
91 293
91 296
92 98
92 103
92 104
92 105
92 107
92 108
92 111
92 116
92 117
92 118
92 125
92 126
92 132
92 140
92 144
92 145
92 148
92 150
92 152
92 159
92 165
92 167
92 168
92 171
92 174
92 175
92 176
92 177
92 180
92 181
92 184
92 185
92 187
92 188
92 191
92 197
92 200
92 202
92 203
92 214
92 216
92 218
92 221
92 224
92 230
92 234
92 237
92 239
92 242
92 244
92 250
92 255
92 256
92 260
92 261
92 265
92 267
92 271
92 282
92 284
92 287
92 288
92 289
92 291
92 293
92 295
92 298
93 94
93 95
93 100
93 104
93 108
93 115
93 116
93 119
93 131
93 132
93 133
93 134
93 138
93 139
93 140
93 141
93 143
93 145
93 149
93 151
93 152
93 160
93 166
93 168
93 176
93 178
93 179
93 182
93 183
93 186
93 188
93 193
93 198
93 200
93 210
93 219
93 220
93 221
93 227
93 228
93 235
93 237
93 239
93 241
93 242
93 250
93 251
93 253
93 254
93 260
93 263
93 265
93 268
93 270
93 271
93 274
93 275
93 284
93 287
93 289
93 297
93 298
94 96
94 97
94 100
94 101
94 104
94 108
94 109
94 113
94 119
94 121
94 122
94 123
94 125
94 132
94 134
94 136
94 137
94 138
94 139
94 140
94 144
94 147
94 148
94 153
94 155
94 159
94 161
94 163
94 167
94 169
94 181
94 186
94 187
94 192
94 198
94 199
94 202
94 205
94 210
94 220
94 221
94 223
94 228
94 233
94 235
94 238
94 248
94 252
94 253
94 257
94 264
94 267
94 268
94 269
94 277
94 279
94 281
94 283
94 284
94 288
94 289
94 291
94 293
94 295
95 96
95 105
95 112
95 113
95 115
95 117
95 130
95 131
95 132
95 135
95 137
95 144
95 149
95 150
95 151
95 152
95 153
95 159
95 161
95 164
95 167
95 168
95 174
95 176
95 177
95 179
95 183
95 184
95 185
95 186
95 194
95 198
95 199
95 201
95 202
95 204
95 207
95 208
95 226
95 227
95 232
95 235
95 237
95 240
95 243
95 244
95 245
95 247
95 250
95 253
95 262
95 263
95 264
95 268
95 271
95 275
95 281
95 282
95 285
95 287
95 289
95 291
95 293
95 294
96 108
96 111
96 113
96 114
96 115
96 120
96 121
96 122
96 129
96 130
96 133
96 137
96 138
96 153
96 154
96 157
96 158
96 161
96 162
96 163
96 165
96 166
96 173
96 177
96 182
96 184
96 191
96 192
96 193
96 200
96 201
96 204
96 214
96 217
96 222
96 224
96 229
96 230
96 231
96 232
96 242
96 245
96 257
96 258
96 259
96 272
96 273
96 275
96 282
96 284
96 285
96 286
96 287
96 293
96 298
97 100
97 103
97 106
97 108
97 110
97 111
97 114
97 116
97 118
97 119
97 123
97 124
97 126
97 130
97 133
97 136
97 144
97 148
97 150
97 153
97 154
97 157
97 160
97 174
97 175
97 176
97 177
97 182
97 185
97 190
97 192
97 200
97 203
97 204
97 206
97 213
97 214
97 217
97 221
97 222
97 227
97 233
97 240
97 244
97 249
97 252
97 253
97 256
97 258
97 272
97 273
97 275
97 277
97 280
97 283
97 284
97 293
97 299
98 100
98 110
98 112
98 114
98 122
98 132
98 134
98 139
98 141
98 142
98 143
98 149
98 150
98 154
98 155
98 159
98 161
98 163
98 165
98 170
98 173
98 182
98 183
98 192
98 198
98 200
98 204
98 213
98 214
98 218
98 222
98 225
98 226
98 227
98 229
98 233
98 235
98 236
98 238
98 239
98 242
98 244
98 246
98 250
98 256
98 258
98 260
98 269
98 275
98 278
98 280
98 282
98 283
98 292
98 294
98 295
98 296
99 103
99 104
99 109
99 113
99 119
99 122
99 127
99 133
99 140
99 141
99 147
99 148
99 149
99 156
99 157
99 158
99 162
99 164
99 169
99 170
99 171
99 177
99 179
99 185
99 187
99 197
99 205
99 206
99 210
99 212
99 213
99 219
99 220
99 222
99 223
99 228
99 229
99 233
99 236
99 237
99 241
99 242
99 245
99 247
99 253
99 257
99 258
99 261
99 262
99 267
99 269
99 270
99 273
99 275
99 276
99 290
99 291
99 296
99 299
100 103
100 107
100 111
100 112
100 113
100 115
100 120
100 121
100 124
100 126
100 137
100 140
100 142
100 152
100 162
100 163
100 164
100 166
100 172
100 175
100 177
100 181
100 182
100 183
100 186
100 189
100 190
100 195
100 198
100 202
100 212
100 214
100 215
100 224
100 237
100 240
100 241
100 244
100 249
100 250
100 256
100 259
100 266
100 268
100 272
100 281
100 284
100 285
100 286
100 287
100 288
100 289
100 295
100 296
101 104
101 112
101 113
101 118
101 120
101 125
101 128
101 129
101 130
101 133
101 134
101 136
101 137
101 141
101 151
101 157
101 160
101 163
101 165
101 170
101 171
101 179
101 183
101 184
101 188
101 190
101 200
101 201
101 202
101 205
101 210
101 211
101 215
101 219
101 220
101 223
101 231
101 233
101 237
101 240
101 241
101 257
101 262
101 264
101 266
101 268
101 271
101 272
101 280
101 281
101 283
101 284
101 286
101 287
101 289
101 292
101 293
101 298
102 103
102 104
102 105
102 106
102 108
102 109
102 112
102 114
102 119
102 127
102 128
102 131
102 134
102 149
102 154
102 155
102 156
102 157
102 159
102 160
102 161
102 162
102 163
102 170
102 173
102 174
102 178
102 184
102 186
102 192
102 195
102 196
102 197
102 198
102 199
102 203
102 204
102 206
102 211
102 214
102 219
102 232
102 234
102 238
102 252
102 253
102 257
102 258
102 259
102 261
102 263
102 271
102 276
102 277
102 280
102 283
102 291
102 293
102 294
102 295
102 296
103 113
103 117
103 119
103 123
103 127
103 129
103 137
103 138
103 139
103 147
103 148
103 149
103 151
103 154
103 155
103 157
103 161
103 166
103 167
103 173
103 174
103 177
103 180
103 182
103 185
103 186
103 191
103 195
103 197
103 198
103 203
103 204
103 211
103 214
103 215
103 218
103 221
103 226
103 231
103 232
103 233
103 234
103 236
103 240
103 241
103 245
103 252
103 256
103 263
103 265
103 266
103 272
103 273
103 278
103 293
103 299
104 108
104 111
104 112
104 115
104 117
104 119
104 121
104 122
104 123
104 125
104 128
104 134
104 137
104 140
104 144
104 145
104 146
104 147
104 152
104 155
104 160
104 162
104 166
104 167
104 168
104 170
104 172
104 174
104 177
104 181
104 185
104 189
104 193
104 195
104 196
104 203
104 208
104 211
104 212
104 214
104 215
104 222
104 224
104 231
104 234
104 235
104 237
104 251
104 254
104 256
104 258
104 260
104 267
104 271
104 272
104 275
104 278
104 282
104 285
104 288
104 292
104 294
104 297
104 299
105 106
105 108
105 110
105 112
105 116
105 119
105 120
105 123
105 128
105 131
105 132
105 137
105 142
105 151
105 158
105 160
105 163
105 165
105 167
105 171
105 178
105 185
105 189
105 193
105 195
105 196
105 199
105 201
105 202
105 205
105 207
105 211
105 214
105 221
105 222
105 231
105 235
105 237
105 239
105 242
105 245
105 251
105 252
105 255
105 268
105 271
105 274
105 283
105 284
105 288
105 293
105 295
105 298
105 299
106 112
106 114
106 115
106 116
106 117
106 119
106 120
106 121
106 122
106 124
106 126
106 128
106 130
106 133
106 134
106 137
106 138
106 139
106 145
106 150
106 156
106 165
106 168
106 171
106 175
106 177
106 180
106 182
106 186
106 187
106 188
106 192
106 196
106 197
106 198
106 204
106 215
106 220
106 227
106 228
106 232
106 235
106 240
106 244
106 252
106 253
106 257
106 258
106 261
106 263
106 264
106 265
106 268
106 271
106 272
106 273
106 275
106 276
106 277
106 279
106 280
106 284
106 285
106 299
107 108
107 110
107 116
107 117
107 122
107 124
107 125
107 131
107 132
107 133
107 134
107 139
107 145
107 149
107 152
107 154
107 157
107 161
107 164
107 165
107 173
107 175
107 179
107 181
107 182
107 183
107 184
107 185
107 197
107 198
107 203
107 210
107 219
107 220
107 223
107 231
107 238
107 241
107 245
107 248
107 251
107 257
107 265
107 267
107 269
107 272
107 274
107 277
107 278
107 279
107 288
107 292
107 294
108 111
108 112
108 116
108 118
108 119
108 120
108 125
108 126
108 129
108 130
108 133
108 135
108 136
108 138
108 140
108 151
108 153
108 157
108 162
108 164
108 165
108 171
108 176
108 178
108 180
108 182
108 184
108 185
108 186
108 187
108 190
108 195
108 197
108 198
108 200
108 204
108 207
108 212
108 213
108 224
108 225
108 231
108 232
108 233
108 237
108 239
108 246
108 253
108 254
108 257
108 258
108 259
108 262
108 264
108 267
108 271
108 277
108 278
108 281
108 284
108 288
109 113
109 121
109 125
109 127
109 129
109 130
109 133
109 134
109 136
109 139
109 140
109 142
109 143
109 144
109 145
109 153
109 154
109 156
109 166
109 167
109 169
109 180
109 181
109 187
109 198
109 200
109 201
109 203
109 204
109 208
109 209
109 210
109 215
109 217
109 220
109 224
109 226
109 231
109 235
109 238
109 240
109 247
109 249
109 250
109 251
109 253
109 257
109 258
109 266
109 269
109 270
109 275
109 276
109 281
109 284
109 286
109 290
109 291
109 298
109 299
110 111
110 112
110 115
110 116
110 120
110 121
110 122
110 123
110 126
110 127
110 137
110 138
110 141
110 146
110 154
110 166
110 171
110 172
110 179
110 180
110 183
110 184
110 187
110 188
110 200
110 201
110 203
110 208
110 215
110 217
110 218
110 221
110 229
110 235
110 239
110 242
110 247
110 251
110 252
110 254
110 257
110 267
110 268
110 270
110 272
110 280
110 281
110 286
110 288
110 296
110 297
111 115
111 117
111 119
111 121
111 122
111 124
111 130
111 133
111 136
111 139
111 140
111 147
111 154
111 155
111 156
111 158
111 167
111 169
111 173
111 190
111 196
111 202
111 206
111 211
111 212
111 217
111 218
111 221
111 222
111 223
111 226
111 230
111 233
111 234
111 239
111 240
111 246
111 266
111 275
111 276
111 277
111 278
111 281
111 282
111 284
111 286
111 287
111 290
111 292
111 293
111 294
111 295
111 299
112 114
112 115
112 122
112 125
112 131
112 132
112 143
112 145
112 146
112 155
112 156
112 158
112 159
112 168
112 178
112 181
112 183
112 188
112 190
112 193
112 194
112 195
112 198
112 204
112 206
112 211
112 213
112 216
112 224
112 225
112 228
112 229
112 231
112 232
112 233
112 237
112 248
112 253
112 260
112 263
112 266
112 268
112 277
112 285
112 286
112 288
112 289
112 293
112 294
112 295
112 296
112 297
113 114
113 117
113 119
113 120
113 126
113 128
113 130
113 131
113 139
113 144
113 147
113 148
113 149
113 152
113 155
113 156
113 158
113 168
113 171
113 173
113 176
113 177
113 178
113 181
113 187
113 189
113 193
113 194
113 198
113 199
113 214
113 217
113 220
113 221
113 223
113 229
113 231
113 232
113 236
113 237
113 240
113 244
113 245
113 246
113 251
113 255
113 256
113 259
113 260
113 261
113 265
113 268
113 269
113 270
113 271
113 273
113 274
113 275
113 278
113 282
113 283
113 285
113 292
113 298
113 299
114 124
114 128
114 130
114 136
114 140
114 141
114 142
114 143
114 144
114 146
114 149
114 150
114 151
114 156
114 159
114 161
114 163
114 168
114 169
114 170
114 187
114 190
114 191
114 192
114 193
114 194
114 198
114 207
114 211
114 213
114 214
114 215
114 216
114 219
114 227
114 231
114 232
114 235
114 239
114 242
114 246
114 247
114 248
114 253
114 258
114 263
114 269
114 272
114 274
114 275
114 280
114 283
114 285
114 286
114 289
114 291
114 293
114 294
114 295
114 296
115 116
115 120
115 121
115 125
115 127
115 129
115 132
115 133
115 139
115 141
115 147
115 151
115 154
115 157
115 163
115 166
115 179
115 185
115 186
115 187
115 190
115 191
115 196
115 198
115 199
115 206
115 207
115 209
115 214
115 219
115 220
115 221
115 222
115 224
115 231
115 233
115 234
115 240
115 241
115 243
115 255
115 256
115 259
115 263
115 264
115 265
115 266
115 267
115 273
115 279
115 281
115 287
115 288
115 293
116 118
116 124
116 132
116 134
116 144
116 145
116 149
116 151
116 155
116 157
116 161
116 167
116 168
116 172
116 173
116 174
116 175
116 178
116 179
116 181
116 188
116 194
116 205
116 206
116 208
116 214
116 215
116 219
116 221
116 224
116 228
116 231
116 239
116 242
116 246
116 249
116 250
116 251
116 257
116 259
116 260
116 261
116 262
116 263
116 264
116 265
116 267
116 269
116 275
116 277
116 280
116 281
116 285
116 286
116 294
117 118
117 121
117 125
117 127
117 129
117 133
117 134
117 136
117 137
117 144
117 146
117 148
117 149
117 151
117 154
117 155
117 156
117 157
117 160
117 165
117 166
117 170
117 179
117 187
117 191
117 194
117 201
117 203
117 204
117 206
117 209
117 211
117 216
117 217
117 222
117 224
117 226
117 230
117 233
117 235
117 241
117 243
117 244
117 245
117 246
117 249
117 250
117 251
117 256
117 257
117 259
117 260
117 262
117 264
117 266
117 270
117 275
117 277
117 278
117 283
117 286
117 290
117 291
117 292
117 293
117 296
118 124
118 126
118 127
118 132
118 136
118 137
118 140
118 146
118 153
118 154
118 157
118 159
118 161
118 162
118 168
118 169
118 173
118 174
118 175
118 180
118 181
118 187
118 192
118 193
118 196
118 204
118 208
118 209
118 210
118 211
118 212
118 213
118 215
118 216
118 218
118 223
118 226
118 227
118 232
118 233
118 235
118 240
118 254
118 256
118 267
118 269
118 290
118 291
118 292
118 297
119 120
119 130
119 133
119 135
119 136
119 143
119 150
119 151
119 152
119 156
119 157
119 158
119 160
119 162
119 166
119 169
119 176
119 179
119 180
119 184
119 185
119 186
119 187
119 192
119 195
119 198
119 202
119 205
119 206
119 210
119 211
119 214
119 216
119 217
119 219
119 220
119 229
119 246
119 248
119 249
119 252
119 256
119 265
119 266
119 268
119 269
119 271
119 277
119 292
119 293
119 294
119 297
120 124
120 125
120 129
120 135
120 136
120 138
120 139
120 140
120 146
120 148
120 153
120 157
120 163
120 168
120 170
120 177
120 178
120 181
120 185
120 188
120 193
120 195
120 196
120 198
120 200
120 204
120 207
120 210
120 211
120 213
120 215
120 219
120 222
120 226
120 227
120 228
120 230
120 237
120 240
120 246
120 247
120 256
120 258
120 261
120 265
120 276
120 279
120 283
120 287
120 290
120 292
120 296
120 297
120 299
121 126
121 128
121 129
121 133
121 136
121 142
121 143
121 146
121 151
121 159
121 161
121 163
121 176
121 178
121 179
121 180
121 181
121 192
121 197
121 203
121 206
121 211
121 218
121 222
121 227
121 228
121 229
121 234
121 240
121 251
121 253
121 258
121 261
121 266
121 280
121 282
121 289
121 293
121 297
121 299
122 124
122 125
122 129
122 131
122 135
122 142
122 146
122 150
122 152
122 156
122 162
122 163
122 168
122 171
122 177
122 182
122 183
122 187
122 189
122 191
122 192
122 194
122 197
122 202
122 208
122 214
122 218
122 220
122 224
122 227
122 232
122 233
122 235
122 238
122 241
122 245
122 246
122 249
122 252
122 253
122 260
122 270
122 273
122 274
122 275
122 277
122 282
122 284
122 293
122 295
122 299
123 125
123 127
123 135
123 136
123 138
123 142
123 148
123 150
123 152
123 157
123 160
123 163
123 164
123 171
123 176
123 178
123 179
123 182
123 186
123 187
123 188
123 189
123 190
123 192
123 194
123 196
123 197
123 204
123 205
123 207
123 209
123 214
123 217
123 218
123 220
123 221
123 226
123 227
123 242
123 246
123 248
123 254
123 256
123 257
123 258
123 260
123 262
123 269
123 272
123 273
123 278
123 287
123 297
124 125
124 129
124 134
124 137
124 138
124 148
124 150
124 154
124 156
124 160
124 163
124 170
124 174
124 175
124 179
124 181
124 184
124 187
124 188
124 191
124 192
124 193
124 194
124 196
124 209
124 213
124 216
124 224
124 225
124 231
124 233
124 242
124 244
124 247
124 253
124 258
124 265
124 266
124 269
124 272
124 279
124 282
124 283
124 292
124 294
124 297
124 298
124 299
125 128
125 129
125 131
125 133
125 143
125 146
125 148
125 151
125 153
125 155
125 156
125 157
125 166
125 169
125 172
125 175
125 179
125 183
125 184
125 197
125 198
125 199
125 200
125 202
125 212
125 213
125 214
125 216
125 219
125 222
125 226
125 227
125 228
125 231
125 233
125 237
125 242
125 243
125 245
125 249
125 251
125 255
125 256
125 257
125 263
125 267
125 275
125 276
125 285
125 287
125 290
125 292
125 294
125 295
126 127
126 131
126 137
126 142
126 144
126 146
126 154
126 155
126 156
126 161
126 163
126 171
126 173
126 174
126 175
126 178
126 181
126 182
126 185
126 187
126 193
126 194
126 202
126 210
126 211
126 213
126 214
126 223
126 227
126 229
126 234
126 237
126 240
126 244
126 248
126 249
126 252
126 254
126 259
126 262
126 263
126 267
126 268
126 274
126 275
126 276
126 277
126 294
127 132
127 133
127 138
127 143
127 150
127 155
127 156
127 166
127 167
127 170
127 171
127 174
127 176
127 180
127 182
127 183
127 186
127 196
127 198
127 205
127 212
127 213
127 214
127 216
127 222
127 227
127 233
127 242
127 249
127 257
127 259
127 262
127 264
127 279
127 282
127 283
127 285
127 287
127 288
127 289
127 290
127 292
127 293
127 294
128 129
128 130
128 135
128 140
128 142
128 143
128 146
128 149
128 160
128 162
128 173
128 175
128 177
128 178
128 188
128 193
128 194
128 196
128 197
128 200
128 204
128 207
128 208
128 210
128 211
128 214
128 215
128 216
128 219
128 222
128 223
128 235
128 237
128 242
128 244
128 249
128 250
128 256
128 257
128 261
128 263
128 266
128 267
128 268
128 269
128 272
128 274
128 275
128 276
128 278
128 281
128 285
128 289
128 293
129 143
129 144
129 145
129 146
129 148
129 152
129 153
129 159
129 164
129 167
129 171
129 172
129 174
129 188
129 189
129 193
129 198
129 215
129 220
129 221
129 223
129 229
129 237
129 240
129 243
129 246
129 248
129 249
129 254
129 258
129 259
129 260
129 261
129 262
129 263
129 264
129 265
129 274
129 279
129 282
129 284
129 289
129 292
129 294
129 295
129 297
130 139
130 140
130 143
130 146
130 148
130 149
130 153
130 156
130 162
130 165
130 167
130 168
130 171
130 173
130 175
130 177
130 180
130 182
130 184
130 185
130 187
130 192
130 194
130 197
130 211
130 212
130 214
130 215
130 216
130 219
130 226
130 231
130 232
130 233
130 234
130 236
130 237
130 239
130 241
130 249
130 250
130 252
130 256
130 259
130 264
130 268
130 275
130 276
130 277
130 281
130 282
130 283
130 285
130 288
130 298
130 299
131 136
131 138
131 139
131 144
131 145
131 153
131 156
131 161
131 165
131 177
131 181
131 183
131 184
131 186
131 189
131 194
131 204
131 205
131 207
131 208
131 209
131 211
131 217
131 224
131 225
131 227
131 230
131 233
131 235
131 236
131 244
131 253
131 254
131 256
131 259
131 263
131 265
131 267
131 268
131 269
131 270
131 271
131 275
131 276
131 277
131 281
131 287
131 289
131 290
131 294
131 296
131 297
132 138
132 141
132 142
132 143
132 148
132 153
132 154
132 160
132 161
132 162
132 165
132 168
132 171
132 178
132 184
132 185
132 190
132 192
132 198
132 203
132 206
132 208
132 212
132 215
132 217
132 219
132 221
132 225
132 230
132 238
132 247
132 250
132 252
132 255
132 257
132 259
132 260
132 266
132 268
132 274
132 280
132 282
132 287
132 294
133 135
133 140
133 143
133 146
133 149
133 150
133 151
133 152
133 154
133 156
133 157
133 164
133 172
133 174
133 175
133 178
133 181
133 184
133 185
133 189
133 190
133 191
133 192
133 193
133 194
133 196
133 197
133 198
133 204
133 208
133 210
133 227
133 230
133 236
133 242
133 250
133 252
133 257
133 258
133 260
133 261
133 265
133 266
133 267
133 269
133 274
133 279
133 281
133 282
133 284
133 285
133 287
133 288
133 290
133 292
133 293
133 294
133 295
133 298
134 140
134 144
134 152
134 157
134 159
134 168
134 169
134 170
134 171
134 173
134 174
134 175
134 177
134 182
134 184
134 188
134 189
134 191
134 192
134 193
134 198
134 199
134 207
134 209
134 210
134 212
134 224
134 225
134 227
134 229
134 231
134 232
134 235
134 241
134 242
134 243
134 244
134 250
134 251
134 252
134 257
134 258
134 262
134 266
134 272
134 278
134 279
134 280
134 282
134 283
134 287
134 292
134 294
134 297
134 299
135 136
135 139
135 140
135 143
135 151
135 157
135 161
135 164
135 166
135 170
135 175
135 179
135 180
135 183
135 185
135 189
135 191
135 195
135 206
135 207
135 209
135 220
135 221
135 223
135 224
135 228
135 229
135 230
135 234
135 239
135 240
135 246
135 249
135 255
135 257
135 262
135 265
135 266
135 269
135 274
135 279
135 281
135 284
135 285
135 292
136 137
136 142
136 144
136 148
136 150
136 154
136 161
136 164
136 166
136 173
136 177
136 178
136 186
136 187
136 191
136 196
136 200
136 202
136 205
136 209
136 211
136 212
136 217
136 223
136 224
136 225
136 226
136 229
136 230
136 239
136 243
136 249
136 250
136 253
136 255
136 256
136 257
136 261
136 264
136 268
136 273
136 282
136 283
136 286
136 287
136 295
136 298
136 299
137 139
137 144
137 147
137 148
137 151
137 153
137 157
137 168
137 170
137 171
137 180
137 191
137 194
137 197
137 198
137 202
137 203
137 204
137 205
137 206
137 210
137 214
137 215
137 216
137 222
137 224
137 228
137 229
137 234
137 236
137 237
137 240
137 244
137 247
137 249
137 250
137 252
137 253
137 261
137 266
137 268
137 269
137 270
137 271
137 274
137 276
137 280
137 283
137 284
137 285
137 288
137 289
137 290
137 295
137 296
137 297
138 139
138 143
138 149
138 152
138 162
138 163
138 168
138 181
138 191
138 192
138 193
138 196
138 197
138 200
138 208
138 218
138 220
138 221
138 222
138 223
138 224
138 225
138 227
138 229
138 230
138 231
138 232
138 238
138 239
138 242
138 244
138 245
138 246
138 248
138 250
138 254
138 257
138 259
138 273
138 274
138 276
138 284
138 290
138 292
138 295
138 296
139 141
139 144
139 145
139 151
139 154
139 160
139 161
139 165
139 169
139 170
139 171
139 172
139 173
139 178
139 182
139 192
139 196
139 197
139 208
139 217
139 220
139 223
139 228
139 234
139 239
139 242
139 244
139 248
139 250
139 254
139 258
139 262
139 269
139 282
139 286
139 289
139 297
140 142
140 150
140 152
140 159
140 161
140 177
140 181
140 182
140 185
140 187
140 191
140 192
140 198
140 199
140 201
140 202
140 206
140 207
140 208
140 211
140 213
140 216
140 224
140 227
140 230
140 231
140 232
140 235
140 237
140 244
140 250
140 252
140 254
140 255
140 256
140 258
140 261
140 264
140 265
140 266
140 267
140 270
140 277
140 279
140 280
140 290
140 298
141 142
141 143
141 144
141 145
141 147
141 154
141 157
141 160
141 163
141 164
141 165
141 166
141 168
141 169
141 173
141 187
141 189
141 191
141 192
141 198
141 199
141 201
141 203
141 204
141 210
141 214
141 215
141 217
141 228
141 229
141 230
141 231
141 240
141 243
141 244
141 246
141 247
141 253
141 254
141 255
141 256
141 257
141 263
141 264
141 271
141 272
141 277
141 278
141 281
141 290
141 295
141 296
141 297
141 298
141 299
142 144
142 145
142 152
142 153
142 154
142 163
142 168
142 169
142 174
142 175
142 176
142 184
142 186
142 188
142 194
142 210
142 211
142 214
142 216
142 217
142 218
142 223
142 229
142 233
142 238
142 239
142 247
142 249
142 257
142 260
142 268
142 269
142 271
142 276
142 280
142 281
142 284
142 296
143 146
143 147
143 153
143 154
143 155
143 156
143 161
143 165
143 166
143 167
143 168
143 171
143 173
143 177
143 181
143 193
143 196
143 197
143 206
143 212
143 218
143 221
143 224
143 225
143 233
143 236
143 237
143 241
143 243
143 244
143 245
143 246
143 247
143 249
143 258
143 260
143 262
143 264
143 265
143 268
143 269
143 271
143 273
143 274
143 276
143 278
143 285
143 292
143 293
143 297
143 299
144 153
144 159
144 162
144 163
144 165
144 169
144 171
144 178
144 189
144 195
144 202
144 204
144 209
144 217
144 219
144 220
144 223
144 224
144 230
144 232
144 235
144 236
144 237
144 238
144 239
144 241
144 243
144 245
144 247
144 248
144 249
144 253
144 257
144 262
144 265
144 271
144 274
144 278
144 284
144 289
144 298
145 151
145 152
145 153
145 155
145 160
145 161
145 164
145 165
145 167
145 176
145 179
145 181
145 187
145 192
145 193
145 201
145 202
145 205
145 206
145 207
145 219
145 220
145 221
145 223
145 234
145 237
145 239
145 241
145 244
145 252
145 253
145 255
145 256
145 258
145 259
145 261
145 264
145 265
145 267
145 271
145 273
145 275
145 276
145 278
145 284
145 286
145 289
145 291
145 297
146 150
146 156
146 157
146 159
146 161
146 163
146 164
146 167
146 169
146 173
146 176
146 178
146 181
146 183
146 187
146 190
146 191
146 192
146 197
146 200
146 201
146 202
146 207
146 210
146 213
146 214
146 215
146 216
146 217
146 218
146 223
146 225
146 229
146 230
146 232
146 236
146 237
146 241
146 242
146 246
146 247
146 255
146 262
146 265
146 275
146 281
146 282
147 154
147 160
147 162
147 165
147 168
147 171
147 176
147 178
147 179
147 181
147 182
147 185
147 190
147 195
147 197
147 200
147 205
147 206
147 207
147 209
147 211
147 216
147 222
147 227
147 228
147 232
147 233
147 239
147 243
147 245
147 250
147 251
147 256
147 257
147 259
147 263
147 266
147 267
147 272
147 276
147 277
147 278
147 283
147 287
147 291
147 294
147 297
147 299
148 151
148 152
148 156
148 157
148 158
148 166
148 167
148 175
148 176
148 179
148 180
148 183
148 185
148 186
148 190
148 191
148 203
148 205
148 207
148 211
148 215
148 221
148 225
148 231
148 233
148 239
148 242
148 251
148 258
148 261
148 263
148 264
148 266
148 268
148 270
148 278
148 281
148 283
148 284
148 293
148 295
148 296
148 298
149 152
149 154
149 155
149 156
149 158
149 159
149 166
149 167
149 178
149 186
149 188
149 190
149 191
149 193
149 194
149 201
149 205
149 208
149 210
149 211
149 216
149 221
149 225
149 228
149 235
149 236
149 237
149 238
149 246
149 248
149 249
149 251
149 252
149 253
149 255
149 259
149 260
149 263
149 264
149 265
149 280
149 281
149 282
149 293
149 294
149 296
149 298
150 165
150 166
150 168
150 169
150 175
150 176
150 177
150 178
150 180
150 184
150 190
150 193
150 203
150 204
150 207
150 210
150 212
150 214
150 215
150 216
150 221
150 224
150 232
150 234
150 235
150 240
150 241
150 242
150 244
150 246
150 249
150 251
150 257
150 262
150 272
150 274
150 275
150 277
150 289
150 292
150 299
151 153
151 159
151 163
151 164
151 165
151 166
151 167
151 174
151 176
151 179
151 183
151 186
151 188
151 194
151 196
151 201
151 207
151 208
151 210
151 212
151 215
151 216
151 217
151 218
151 222
151 227
151 228
151 234
151 240
151 243
151 249
151 251
151 259
151 264
151 265
151 266
151 268
151 282
151 283
151 292
151 299
152 155
152 159
152 164
152 167
152 169
152 170
152 178
152 182
152 184
152 186
152 191
152 192
152 194
152 195
152 196
152 197
152 201
152 213
152 216
152 218
152 219
152 221
152 222
152 224
152 225
152 226
152 228
152 231
152 233
152 234
152 236
152 238
152 239
152 240
152 241
152 249
152 254
152 258
152 260
152 261
152 263
152 264
152 267
152 268
152 271
152 275
152 278
152 280
152 285
152 286
152 290
153 154
153 156
153 161
153 163
153 165
153 168
153 177
153 179
153 183
153 184
153 191
153 197
153 201
153 205
153 207
153 210
153 217
153 223
153 225
153 226
153 229
153 239
153 242
153 243
153 249
153 250
153 254
153 259
153 260
153 263
153 272
153 274
153 275
153 276
153 278
153 279
153 291
153 293
153 296
154 157
154 158
154 161
154 162
154 163
154 165
154 173
154 175
154 182
154 191
154 192
154 198
154 205
154 213
154 215
154 220
154 224
154 227
154 228
154 232
154 233
154 236
154 241
154 244
154 246
154 248
154 252
154 253
154 255
154 258
154 259
154 260
154 263
154 265
154 269
154 271
154 272
154 273
154 289
154 294
154 299
155 156
155 160
155 161
155 165
155 166
155 168
155 176
155 184
155 188
155 190
155 191
155 192
155 193
155 195
155 196
155 200
155 204
155 210
155 211
155 212
155 213
155 218
155 220
155 224
155 225
155 226
155 230
155 233
155 235
155 242
155 244
155 258
155 259
155 260
155 265
155 266
155 268
155 271
155 277
155 278
155 284
155 287
155 298
156 159
156 161
156 166
156 169
156 171
156 175
156 176
156 179
156 180
156 185
156 191
156 193
156 196
156 197
156 201
156 206
156 207
156 209
156 215
156 218
156 220
156 225
156 231
156 232
156 235
156 236
156 244
156 255
156 259
156 271
156 282
156 287
156 293
156 294
156 295
156 297
157 163
157 167
157 169
157 170
157 175
157 178
157 180
157 183
157 184
157 185
157 187
157 188
157 189
157 190
157 191
157 192
157 193
157 194
157 195
157 198
157 200
157 214
157 218
157 219
157 226
157 228
157 232
157 246
157 252
157 263
157 270
157 271
157 272
157 274
157 276
157 279
157 280
157 288
157 289
157 292
158 159
158 166
158 168
158 172
158 175
158 176
158 179
158 186
158 188
158 193
158 197
158 198
158 200
158 201
158 202
158 211
158 214
158 216
158 217
158 220
158 221
158 223
158 225
158 226
158 232
158 234
158 235
158 236
158 241
158 242
158 244
158 252
158 261
158 271
158 273
158 277
158 279
158 285
158 286
158 290
158 292
158 294
158 295
158 296
158 299
159 163
159 165
159 167
159 169
159 177
159 178
159 180
159 186
159 191
159 196
159 201
159 204
159 205
159 207
159 208
159 209
159 210
159 211
159 213
159 216
159 219
159 220
159 222
159 227
159 228
159 229
159 232
159 233
159 234
159 238
159 240
159 251
159 252
159 253
159 255
159 257
159 259
159 260
159 262
159 264
159 270
159 275
159 281
159 289
159 291
159 299
160 163
160 165
160 168
160 171
160 177
160 180
160 181
160 182
160 192
160 196
160 200
160 203
160 211
160 215
160 218
160 223
160 228
160 232
160 234
160 235
160 236
160 237
160 239
160 243
160 251
160 253
160 255
160 258
160 263
160 274
160 278
160 284
160 292
160 295
160 296
160 297
160 298
160 299
161 163
161 165
161 167
161 174
161 182
161 188
161 193
161 196
161 198
161 199
161 200
161 206
161 207
161 208
161 209
161 211
161 212
161 216
161 218
161 225
161 233
161 236
161 237
161 238
161 242
161 243
161 245
161 247
161 250
161 252
161 256
161 257
161 260
161 261
161 262
161 264
161 270
161 271
161 281
161 285
161 287
161 292
161 299
162 163
162 166
162 170
162 173
162 175
162 176
162 179
162 185
162 186
162 193
162 196
162 197
162 201
162 202
162 203
162 204
162 216
162 220
162 224
162 226
162 229
162 230
162 233
162 240
162 245
162 246
162 251
162 252
162 254
162 255
162 258
162 262
162 263
162 266
162 268
162 269
162 278
162 281
162 282
162 283
162 285
162 289
162 293
162 294
162 298
163 169
163 171
163 180
163 184
163 190
163 204
163 209
163 210
163 211
163 212
163 213
163 216
163 219
163 223
163 227
163 232
163 244
163 255
163 261
163 262
163 265
163 267
163 268
163 269
163 273
163 278
163 282
163 284
163 288
163 290
163 292
163 294
163 299
164 167
164 174
164 176
164 182
164 186
164 190
164 194
164 197
164 202
164 209
164 212
164 216
164 225
164 226
164 228
164 231
164 233
164 234
164 237
164 238
164 239
164 240
164 241
164 242
164 245
164 251
164 254
164 258
164 262
164 264
164 267
164 271
164 274
164 276
164 279
164 280
164 281
164 282
164 287
164 293
164 294
164 298
165 171
165 173
165 174
165 177
165 180
165 182
165 183
165 184
165 190
165 194
165 196
165 201
165 214
165 217
165 218
165 219
165 226
165 227
165 228
165 236
165 241
165 244
165 245
165 246
165 250
165 252
165 260
165 261
165 264
165 267
165 268
165 272
165 277
165 281
165 291
165 294
165 295
165 296
165 297
165 298
165 299
166 167
166 168
166 171
166 172
166 174
166 175
166 176
166 177
166 179
166 181
166 182
166 186
166 187
166 189
166 191
166 192
166 193
166 197
166 199
166 205
166 207
166 209
166 213
166 218
166 224
166 225
166 227
166 228
166 230
166 233
166 234
166 236
166 237
166 240
166 245
166 246
166 251
166 254
166 256
166 259
166 263
166 266
166 268
166 270
166 273
166 277
166 287
166 288
166 289
166 294
166 295
166 298
167 173
167 176
167 181
167 182
167 183
167 185
167 188
167 189
167 191
167 194
167 203
167 204
167 205
167 206
167 209
167 216
167 227
167 229
167 230
167 232
167 233
167 235
167 240
167 242
167 243
167 246
167 247
167 248
167 251
167 254
167 256
167 259
167 261
167 262
167 263
167 264
167 265
167 267
167 270
167 271
167 272
167 278
167 280
167 281
167 282
167 291
167 293
167 296
168 169
168 170
168 182
168 189
168 190
168 191
168 199
168 202
168 203
168 206
168 211
168 212
168 220
168 222
168 230
168 231
168 232
168 234
168 237
168 238
168 239
168 242
168 246
168 250
168 251
168 252
168 253
168 256
168 258
168 264
168 268
168 269
168 270
168 275
168 277
168 281
168 286
169 170
169 172
169 183
169 184
169 185
169 190
169 197
169 198
169 203
169 206
169 210
169 211
169 214
169 216
169 222
169 228
169 229
169 232
169 233
169 239
169 244
169 250
169 254
169 255
169 256
169 257
169 260
169 261
169 262
169 265
169 266
169 270
169 275
169 276
169 281
169 283
169 285
169 286
169 290
169 293
169 294
169 297
170 171
170 174
170 175
170 176
170 180
170 181
170 182
170 186
170 189
170 195
170 196
170 203
170 205
170 207
170 215
170 216
170 218
170 219
170 223
170 225
170 232
170 234
170 236
170 237
170 240
170 241
170 245
170 247
170 248
170 258
170 260
170 263
170 268
170 271
170 276
170 284
170 285
170 292
170 293
170 294
170 295
170 299
171 173
171 180
171 181
171 195
171 201
171 202
171 204
171 205
171 206
171 208
171 210
171 213
171 214
171 215
171 225
171 226
171 227
171 228
171 234
171 236
171 237
171 238
171 241
171 242
171 245
171 249
171 252
171 253
171 254
171 256
171 261
171 262
171 263
171 269
171 272
171 273
171 274
171 275
171 276
171 285
171 290
171 294
171 299
172 176
172 177
172 183
172 186
172 194
172 199
172 208
172 212
172 219
172 221
172 227
172 230
172 232
172 237
172 239
172 240
172 242
172 244
172 246
172 250
172 251
172 255
172 256
172 262
172 265
172 266
172 268
172 273
172 275
172 277
172 278
172 279
172 286
172 288
172 289
172 293
172 295
172 298
173 180
173 185
173 188
173 189
173 190
173 194
173 201
173 202
173 206
173 209
173 218
173 220
173 229
173 232
173 235
173 236
173 238
173 242
173 246
173 249
173 251
173 255
173 257
173 258
173 260
173 261
173 269
173 270
173 271
173 274
173 282
173 287
173 288
173 294
173 298
174 175
174 185
174 186
174 192
174 199
174 200
174 205
174 215
174 218
174 222
174 225
174 226
174 228
174 229
174 233
174 237
174 238
174 242
174 245
174 249
174 251
174 256
174 258
174 260
174 265
174 268
174 269
174 271
174 274
174 278
174 285
174 294
174 295
174 297
174 299
175 176
175 178
175 184
175 188
175 190
175 193
175 194
175 195
175 201
175 202
175 205
175 208
175 210
175 211
175 218
175 224
175 231
175 234
175 235
175 236
175 238
175 239
175 248
175 253
175 254
175 257
175 259
175 261
175 263
175 264
175 265
175 268
175 269
175 270
175 271
175 272
175 273
175 275
175 282
175 283
175 286
175 287
175 290
175 294
175 295
175 296
175 297
175 298
175 299
176 179
176 187
176 188
176 195
176 197
176 199
176 202
176 203
176 209
176 210
176 212
176 217
176 222
176 223
176 224
176 226
176 233
176 236
176 245
176 251
176 255
176 263
176 266
176 267
176 274
176 276
176 278
176 286
176 288
176 291
176 293
176 294
176 295
176 296
177 182
177 186
177 189
177 202
177 205
177 206
177 210
177 211
177 212
177 214
177 217
177 219
177 223
177 229
177 230
177 235
177 246
177 247
177 256
177 259
177 265
177 271
177 272
177 286
177 288
178 181
178 183
178 184
178 185
178 188
178 191
178 192
178 196
178 201
178 203
178 205
178 208
178 210
178 211
178 212
178 214
178 216
178 219
178 227
178 229
178 230
178 231
178 232
178 233
178 235
178 237
178 243
178 244
178 246
178 248
178 251
178 260
178 264
178 265
178 266
178 267
178 272
178 273
178 278
178 281
178 285
178 289
178 292
178 295
178 296
179 181
179 184
179 185
179 188
179 192
179 195
179 196
179 204
179 205
179 210
179 213
179 214
179 223
179 229
179 232
179 235
179 239
179 242
179 248
179 254
179 258
179 259
179 260
179 262
179 267
179 269
179 273
179 277
179 281
179 282
179 288
179 296
180 188
180 191
180 194
180 195
180 199
180 204
180 209
180 210
180 211
180 213
180 216
180 217
180 219
180 222
180 225
180 227
180 233
180 237
180 240
180 241
180 244
180 248
180 254
180 260
180 262
180 264
180 265
180 267
180 272
180 275
180 277
180 284
180 287
180 289
180 299
181 186
181 187
181 195
181 197
181 211
181 214
181 218
181 222
181 223
181 228
181 231
181 233
181 239
181 245
181 249
181 253
181 254
181 256
181 258
181 260
181 261
181 265
181 275
181 281
181 287
181 289
181 291
181 296
181 297
182 186
182 197
182 198
182 203
182 205
182 208
182 219
182 221
182 228
182 240
182 241
182 242
182 244
182 258
182 260
182 265
182 268
182 269
182 278
182 280
182 284
182 290
182 299
183 185
183 186
183 187
183 190
183 197
183 209
183 212
183 214
183 220
183 224
183 225
183 227
183 228
183 244
183 245
183 254
183 258
183 259
183 261
183 264
183 265
183 271
183 274
183 275
183 281
183 282
183 283
183 287
183 290
183 291
183 294
183 296
183 297
184 192
184 193
184 198
184 203
184 210
184 214
184 217
184 218
184 221
184 225
184 230
184 232
184 233
184 239
184 240
184 241
184 244
184 246
184 249
184 250
184 251
184 252
184 253
184 254
184 255
184 257
184 259
184 261
184 262
184 267
184 268
184 272
184 274
184 275
184 280
184 283
184 286
184 287
184 294
184 295
184 296
184 299
185 191
185 193
185 195
185 198
185 199
185 205
185 208
185 209
185 210
185 212
185 214
185 221
185 222
185 224
185 226
185 229
185 230
185 231
185 232
185 234
185 235
185 236
185 244
185 245
185 251
185 254
185 255
185 265
185 267
185 269
185 270
185 271
185 273
185 274
185 284
185 286
185 287
185 294
186 190
186 191
186 192
186 193
186 195
186 198
186 201
186 206
186 207
186 211
186 213
186 215
186 216
186 218
186 221
186 222
186 223
186 224
186 230
186 235
186 236
186 243
186 245
186 246
186 249
186 252
186 256
186 260
186 261
186 262
186 266
186 269
186 270
186 271
186 273
186 278
186 285
186 289
186 290
186 293
186 296
187 189
187 191
187 192
187 202
187 204
187 207
187 208
187 212
187 216
187 220
187 221
187 227
187 229
187 239
187 240
187 241
187 244
187 246
187 247
187 255
187 262
187 283
187 291
187 294
187 295
187 299
188 190
188 193
188 197
188 198
188 200
188 206
188 208
188 211
188 217
188 218
188 219
188 222
188 228
188 230
188 232
188 235
188 236
188 237
188 239
188 240
188 246
188 247
188 256
188 257
188 258
188 272
188 273
188 277
188 282
188 283
188 287
188 290
188 297
188 299
189 198
189 202
189 205
189 206
189 222
189 223
189 228
189 229
189 230
189 239
189 241
189 248
189 249
189 253
189 254
189 265
189 266
189 274
189 275
189 276
189 277
189 279
189 281
189 282
189 284
189 286
189 288
189 289
189 291
189 294
189 295
189 298
190 192
190 201
190 203
190 206
190 208
190 213
190 216
190 220
190 227
190 231
190 237
190 239
190 240
190 245
190 247
190 253
190 255
190 256
190 257
190 262
190 268
190 269
190 272
190 275
190 287
190 294
191 192
191 196
191 199
191 200
191 201
191 209
191 215
191 217
191 221
191 227
191 240
191 253
191 258
191 260
191 262
191 265
191 266
191 269
191 271
191 274
191 278
191 284
191 290
191 291
191 298
192 197
192 199
192 200
192 210
192 228
192 229
192 234
192 236
192 238
192 239
192 240
192 243
192 244
192 247
192 252
192 257
192 266
192 269
192 271
192 272
192 273
192 274
192 275
192 276
192 283
192 293
192 294
192 296
192 298
193 196
193 198
193 204
193 207
193 209
193 218
193 222
193 225
193 227
193 228
193 230
193 234
193 235
193 240
193 242
193 243
193 244
193 246
193 249
193 261
193 262
193 264
193 265
193 273
193 278
193 280
193 283
193 286
193 292
193 298
194 205
194 207
194 208
194 217
194 218
194 219
194 222
194 223
194 229
194 232
194 233
194 234
194 237
194 242
194 243
194 250
194 253
194 254
194 257
194 258
194 262
194 263
194 268
194 273
194 274
194 277
194 281
194 283
194 288
194 298
194 299
195 202
195 205
195 210
195 211
195 212
195 215
195 216
195 220
195 222
195 223
195 225
195 228
195 234
195 239
195 240
195 244
195 245
195 247
195 250
195 253
195 256
195 259
195 262
195 263
195 269
195 270
195 275
195 277
195 278
195 283
195 287
195 289
195 294
195 297
195 299
196 197
196 200
196 204
196 208
196 219
196 232
196 238
196 240
196 246
196 248
196 250
196 253
196 256
196 261
196 270
196 288
196 294
196 296
196 298
197 203
197 204
197 207
197 212
197 227
197 229
197 233
197 235
197 236
197 239
197 244
197 247
197 248
197 269
197 274
197 277
197 282
197 283
197 286
197 290
197 292
198 199
198 201
198 204
198 208
198 209
198 210
198 214
198 215
198 217
198 227
198 228
198 233
198 234
198 235
198 236
198 244
198 255
198 259
198 260
198 261
198 262
198 265
198 267
198 273
198 275
198 277
198 278
198 279
198 284
198 289
198 290
198 297
198 299
199 200
199 201
199 203
199 211
199 214
199 217
199 227
199 229
199 230
199 234
199 236
199 239
199 240
199 246
199 248
199 252
199 255
199 256
199 257
199 260
199 266
199 267
199 279
199 287
199 290
199 296
199 297
199 299
200 201
200 207
200 208
200 210
200 216
200 220
200 221
200 224
200 229
200 232
200 233
200 243
200 244
200 249
200 261
200 262
200 265
200 266
200 268
200 271
200 272
200 274
200 278
200 280
200 281
200 283
200 288
200 295
200 296
201 202
201 206
201 213
201 214
201 216
201 220
201 221
201 233
201 236
201 240
201 241
201 246
201 247
201 250
201 253
201 255
201 256
201 258
201 260
201 264
201 265
201 268
201 269
201 275
201 279
201 281
201 282
201 287
201 288
201 290
201 293
201 296
201 298
201 299
202 207
202 210
202 213
202 216
202 218
202 222
202 228
202 230
202 238
202 242
202 253
202 256
202 258
202 261
202 265
202 266
202 268
202 274
202 275
202 280
202 284
202 285
202 286
202 288
202 292
202 294
202 295
203 207
203 208
203 214
203 215
203 229
203 233
203 234
203 238
203 240
203 244
203 245
203 246
203 248
203 263
203 267
203 268
203 271
203 274
203 281
203 290
203 291
203 294
203 295
203 297
204 210
204 212
204 214
204 217
204 218
204 224
204 232
204 233
204 234
204 237
204 239
204 241
204 242
204 243
204 252
204 255
204 258
204 259
204 260
204 261
204 264
204 267
204 270
204 271
204 272
204 275
204 279
204 280
204 282
204 285
204 288
204 292
204 294
204 296
205 213
205 216
205 217
205 219
205 224
205 225
205 227
205 238
205 241
205 245
205 248
205 250
205 256
205 257
205 259
205 265
205 269
205 272
205 277
205 279
205 282
205 287
205 292
205 293
205 295
205 297
205 298
205 299
206 208
206 209
206 215
206 218
206 219
206 220
206 224
206 225
206 227
206 229
206 233
206 234
206 235
206 239
206 244
206 249
206 251
206 254
206 262
206 265
206 266
206 268
206 271
206 275
206 283
206 285
206 286
206 287
206 294
206 295
206 296
206 299
207 214
207 215
207 216
207 217
207 219
207 220
207 221
207 222
207 226
207 231
207 233
207 235
207 243
207 247
207 248
207 254
207 259
207 260
207 263
207 266
207 268
207 271
207 272
207 273
207 274
207 281
207 282
207 283
207 287
207 295
207 297
208 211
208 217
208 218
208 219
208 223
208 233
208 235
208 241
208 243
208 244
208 247
208 255
208 257
208 259
208 263
208 265
208 267
208 269
208 275
208 276
208 279
208 281
208 284
208 290
208 296
208 298
208 299
209 211
209 220
209 225
209 232
209 236
209 243
209 244
209 246
209 250
209 253
209 267
209 276
209 279
209 282
209 285
209 286
209 288
209 289
209 292
209 294
209 299
210 214
210 219
210 228
210 234
210 235
210 238
210 241
210 248
210 250
210 253
210 258
210 262
210 266
210 277
210 283
210 284
210 287
210 292
210 294
210 297
210 298
211 212
211 214
211 215
211 219
211 224
211 227
211 230
211 232
211 234
211 237
211 240
211 248
211 251
211 252
211 253
211 256
211 257
211 260
211 265
211 267
211 270
211 271
211 272
211 273
211 274
211 276
211 278
211 280
211 281
211 282
211 284
211 285
211 287
211 289
211 294
211 296
212 217
212 229
212 230
212 244
212 251
212 255
212 264
212 274
212 275
212 278
212 283
212 287
212 289
212 297
213 217
213 220
213 222
213 224
213 225
213 227
213 231
213 232
213 236
213 239
213 241
213 243
213 249
213 251
213 256
213 257
213 260
213 263
213 265
213 269
213 271
213 272
213 276
213 284
213 288
213 295
214 215
214 216
214 220
214 224
214 230
214 231
214 233
214 242
214 243
214 247
214 251
214 253
214 256
214 257
214 259
214 262
214 263
214 268
214 269
214 272
214 278
214 281
214 287
214 288
214 290
215 222
215 229
215 231
215 234
215 237
215 240
215 244
215 247
215 251
215 257
215 258
215 265
215 271
215 279
215 283
215 288
215 289
215 295
215 296
216 222
216 225
216 228
216 229
216 237
216 238
216 241
216 242
216 244
216 246
216 251
216 254
216 255
216 260
216 261
216 263
216 264
216 266
216 269
216 270
216 271
216 272
216 276
216 281
216 287
216 288
216 290
216 293
216 296
216 299
217 223
217 225
217 226
217 228
217 230
217 237
217 238
217 243
217 245
217 247
217 248
217 250
217 265
217 269
217 274
217 283
217 284
217 295
218 229
218 230
218 233
218 234
218 238
218 245
218 248
218 252
218 254
218 260
218 267
218 270
218 274
218 276
218 277
218 280
218 288
218 289
218 294
218 298
219 224
219 226
219 235
219 236
219 240
219 247
219 249
219 257
219 261
219 263
219 266
219 268
219 269
219 270
219 271
219 273
219 274
219 277
219 281
219 283
219 284
219 291
219 299
220 221
220 223
220 225
220 228
220 233
220 235
220 237
220 238
220 239
220 240
220 242
220 243
220 244
220 245
220 250
220 253
220 255
220 256
220 259
220 263
220 268
220 272
220 273
220 276
220 277
220 280
220 282
220 286
220 290
220 291
220 297
221 222
221 223
221 224
221 230
221 231
221 236
221 241
221 246
221 248
221 251
221 258
221 262
221 271
221 272
221 274
221 282
221 285
221 286
221 287
221 289
221 297
221 298
222 223
222 224
222 229
222 232
222 234
222 239
222 240
222 243
222 250
222 251
222 252
222 253
222 255
222 258
222 259
222 265
222 267
222 270
222 275
222 277
222 280
222 284
222 286
222 289
223 225
223 226
223 232
223 233
223 236
223 237
223 240
223 244
223 253
223 254
223 258
223 261
223 264
223 266
223 267
223 270
223 271
223 273
223 274
223 275
223 277
223 278
223 281
223 283
223 288
223 289
223 299
224 225
224 231
224 233
224 240
224 247
224 249
224 250
224 251
224 257
224 258
224 260
224 267
224 271
224 276
224 285
224 288
224 292
224 293
225 229
225 230
225 233
225 234
225 236
225 239
225 251
225 254
225 256
225 259
225 263
225 268
225 275
225 281
225 288
225 296
225 298
225 299
226 227
226 229
226 230
226 233
226 237
226 249
226 255
226 264
226 266
226 268
226 269
226 274
226 278
226 281
226 283
226 284
226 285
226 292
226 297
227 235
227 240
227 249
227 253
227 255
227 256
227 258
227 259
227 261
227 263
227 265
227 280
227 281
227 283
227 298
228 232
228 235
228 237
228 241
228 242
228 244
228 250
228 252
228 254
228 258
228 260
228 262
228 265
228 266
228 268
228 271
228 272
228 277
228 280
228 284
228 287
228 288
228 292
228 294
229 231
229 233
229 234
229 236
229 243
229 244
229 247
229 255
229 256
229 263
229 268
229 270
229 272
229 273
229 277
229 295
229 296
229 297
230 234
230 237
230 241
230 242
230 243
230 245
230 247
230 248
230 253
230 255
230 257
230 264
230 269
230 276
230 278
230 286
230 299
231 236
231 237
231 240
231 241
231 243
231 244
231 248
231 250
231 256
231 257
231 263
231 264
231 265
231 268
231 269
231 274
231 280
231 281
231 282
231 285
231 287
231 288
231 293
231 294
232 233
232 234
232 237
232 239
232 240
232 243
232 247
232 252
232 258
232 264
232 266
232 267
232 270
232 273
232 276
232 277
232 278
232 283
232 284
232 285
232 294
233 234
233 239
233 256
233 258
233 259
233 264
233 265
233 270
233 274
233 277
233 281
233 285
233 288
233 290
233 299
234 239
234 245
234 247
234 254
234 257
234 260
234 262
234 267
234 269
234 272
234 274
234 276
234 281
234 284
234 285
234 286
234 298
235 236
235 238
235 239
235 243
235 247
235 253
235 254
235 256
235 257
235 268
235 269
235 271
235 275
235 278
235 281
235 290
235 294
236 237
236 238
236 240
236 246
236 253
236 258
236 259
236 262
236 265
236 269
236 270
236 274
236 277
236 278
236 279
236 282
236 284
236 286
236 292
236 294
236 295
236 296
237 243
237 244
237 249
237 251
237 252
237 258
237 261
237 262
237 265
237 267
237 269
237 270
237 271
237 281
237 282
237 287
237 288
237 291
237 292
238 241
238 243
238 245
238 247
238 251
238 254
238 259
238 265
238 269
238 279
238 282
238 285
238 288
238 289
238 290
238 294
238 297
239 241
239 242
239 243
239 258
239 263
239 269
239 270
239 278
239 282
239 285
239 287
239 290
239 292
239 294
240 246
240 248
240 250
240 251
240 252
240 259
240 260
240 263
240 266
240 270
240 273
240 274
240 275
240 276
240 277
240 278
240 282
240 283
240 284
240 290
240 293
240 295
240 296
240 298
241 242
241 247
241 248
241 258
241 264
241 266
241 270
241 271
241 279
241 283
241 286
241 289
241 290
241 291
241 293
242 249
242 254
242 258
242 259
242 261
242 267
242 275
242 277
242 278
242 281
242 282
242 285
242 287
242 291
242 294
242 296
242 297
242 299
243 244
243 245
243 247
243 266
243 269
243 272
243 276
243 284
243 285
243 287
243 289
243 292
243 294
243 296
243 297
244 250
244 251
244 252
244 256
244 257
244 262
244 264
244 266
244 268
244 269
244 272
244 276
244 277
244 278
244 279
244 282
244 283
244 287
244 289
244 292
244 295
245 248
245 252
245 255
245 262
245 267
245 268
245 269
245 270
245 275
245 276
245 280
245 282
245 286
245 290
245 296
246 248
246 250
246 254
246 257
246 262
246 268
246 271
246 275
246 279
246 283
246 290
246 292
246 293
246 297
246 299
247 252
247 253
247 255
247 257
247 261
247 271
247 277
247 278
247 283
247 284
247 287
247 290
247 297
247 298
247 299
248 253
248 255
248 256
248 257
248 258
248 259
248 264
248 266
248 270
248 272
248 273
248 275
248 278
248 279
248 281
248 285
248 292
249 252
249 253
249 254
249 262
249 264
249 267
249 273
249 277
249 284
249 285
249 288
249 290
249 294
249 299
250 265
250 267
250 268
250 271
250 276
250 277
250 280
250 289
250 293
251 259
251 260
251 262
251 265
251 269
251 272
251 275
251 277
251 282
251 286
251 288
251 292
251 293
251 297
251 298
252 253
252 255
252 259
252 260
252 263
252 264
252 270
252 272
252 274
252 277
252 283
252 286
252 288
252 294
252 295
252 296
253 254
253 256
253 258
253 259
253 264
253 265
253 267
253 269
253 271
253 272
253 274
253 275
253 276
253 277
253 279
253 283
253 286
253 287
253 288
253 289
253 290
253 295
253 297
254 255
254 256
254 261
254 263
254 264
254 266
254 267
254 268
254 271
254 274
254 285
254 286
254 287
254 289
254 292
254 297
255 257
255 264
255 265
255 278
255 279
255 283
255 284
255 285
255 287
255 288
255 290
255 294
255 295
255 296
255 297
256 257
256 261
256 266
256 268
256 281
256 287
256 294
256 295
256 296
257 260
257 261
257 262
257 263
257 264
257 268
257 269
257 270
257 271
257 275
257 285
257 288
257 290
257 291
257 299
258 262
258 264
258 265
258 269
258 270
258 271
258 273
258 274
258 275
258 276
258 284
258 288
258 294
259 260
259 269
259 281
259 282
259 285
259 288
259 291
259 292
259 295
260 263
260 264
260 267
260 272
260 274
260 276
260 277
260 287
260 294
260 296
261 272
261 273
261 276
261 278
261 282
261 287
261 291
261 293
261 295
261 296
262 266
262 273
262 275
262 277
262 281
262 282
262 286
262 288
262 292
262 293
263 266
263 267
263 273
263 277
263 278
263 279
263 281
263 288
263 289
263 295
263 299
264 272
264 274
264 275
264 281
264 283
264 285
264 287
264 288
264 290
264 292
264 293
264 294
264 299
265 266
265 270
265 271
265 273
265 276
265 280
265 293
265 295
266 267
266 275
266 279
266 281
266 283
266 284
266 287
266 294
266 296
267 276
267 281
267 282
267 284
267 285
267 286
267 287
267 289
267 295
268 270
268 276
268 277
268 284
268 285
268 287
268 288
268 289
268 294
269 274
269 275
269 279
269 280
269 282
269 283
269 284
269 285
269 286
269 291
269 299
270 271
270 273
270 275
270 277
270 279
270 283
270 284
270 286
270 287
270 288
270 290
270 291
270 292
270 295
270 297
271 276
271 297
271 298
272 277
272 278
272 280
272 281
272 288
272 292
272 296
273 278
273 281
273 296
273 297
273 299
274 278
274 279
274 282
274 287
274 289
274 290
274 293
274 295
275 276
275 277
275 278
275 282
275 283
275 284
275 285
275 295
275 297
276 279
276 280
276 282
276 283
276 286
276 292
276 293
276 296
276 298
277 278
277 281
277 290
277 296
277 297
278 283
278 294
278 296
279 282
279 284
279 287
279 292
279 299
280 281
280 282
280 286
280 292
280 297
281 282
281 292
281 297
281 298
281 299
282 283
282 286
282 289
282 294
282 295
282 296
282 297
282 299
283 284
283 286
284 290
284 291
284 296
285 288
285 292
285 295
286 290
286 292
286 293
286 296
287 288
287 289
287 291
287 292
287 293
287 295
287 297
287 299
288 289
289 296
289 297
289 298
289 299
290 293
290 295
290 297
290 299
291 294
291 298
291 299
292 294
292 298
293 295
293 297
294 296
295 297
