80 925
0 3
0 10
0 15
0 16
0 28
0 29
0 30
0 34
0 37
0 41
0 42
0 44
0 46
0 47
0 50
0 51
0 55
0 59
0 61
0 64
0 66
0 68
0 70
0 72
0 73
0 76
0 78
0 79
1 3
1 5
1 11
1 12
1 21
1 22
1 23
1 31
1 37
1 46
1 63
1 70
2 9
2 12
2 15
2 20
2 22
2 25
2 33
2 44
2 45
2 46
2 47
2 49
2 50
2 58
2 62
2 64
2 72
2 74
2 75
2 77
2 79
3 7
3 10
3 15
3 16
3 19
3 27
3 28
3 29
3 36
3 43
3 46
3 52
3 53
3 57
3 60
3 64
3 73
3 76
4 5
4 12
4 15
4 20
4 21
4 33
4 37
4 42
4 44
4 46
4 47
4 51
4 55
4 58
4 64
4 65
4 66
4 67
4 68
4 69
4 70
4 73
4 75
5 6
5 13
5 18
5 20
5 23
5 24
5 25
5 26
5 29
5 33
5 36
5 40
5 42
5 44
5 54
5 55
5 59
5 62
5 67
5 68
5 69
5 71
5 72
5 73
5 74
6 7
6 10
6 16
6 19
6 22
6 31
6 32
6 35
6 36
6 38
6 39
6 42
6 50
6 53
6 56
6 63
6 74
6 76
6 77
7 9
7 13
7 14
7 15
7 23
7 25
7 30
7 31
7 33
7 42
7 43
7 44
7 45
7 48
7 54
7 56
7 58
7 60
7 64
7 66
7 70
7 75
7 76
7 78
8 10
8 11
8 13
8 16
8 18
8 19
8 23
8 25
8 26
8 30
8 32
8 36
8 40
8 41
8 50
8 56
8 60
8 68
8 72
8 75
8 76
8 77
8 79
9 13
9 15
9 18
9 23
9 30
9 31
9 34
9 35
9 38
9 41
9 44
9 47
9 49
9 51
9 53
9 55
9 60
9 62
9 64
9 66
9 70
9 73
10 12
10 13
10 16
10 18
10 25
10 26
10 28
10 29
10 31
10 34
10 35
10 37
10 38
10 43
10 53
10 54
10 62
10 63
10 67
10 74
10 76
11 14
11 18
11 25
11 29
11 30
11 38
11 39
11 40
11 42
11 48
11 49
11 50
11 53
11 59
11 61
11 62
11 64
11 67
11 72
11 74
11 76
11 78
12 14
12 15
12 19
12 20
12 21
12 22
12 25
12 32
12 36
12 37
12 40
12 48
12 54
12 57
12 66
12 72
12 74
12 76
12 77
12 78
12 79
13 15
13 16
13 19
13 20
13 23
13 24
13 25
13 29
13 34
13 35
13 40
13 41
13 42
13 53
13 58
13 62
13 63
13 67
13 72
13 75
14 16
14 18
14 20
14 21
14 22
14 24
14 29
14 30
14 31
14 36
14 37
14 47
14 48
14 49
14 50
14 54
14 60
14 61
14 63
14 65
14 66
14 68
14 72
14 73
15 16
15 19
15 20
15 25
15 26
15 28
15 32
15 33
15 34
15 40
15 44
15 45
15 46
15 49
15 51
15 55
15 57
15 58
15 68
15 69
15 74
15 75
15 78
15 79
16 18
16 19
16 23
16 24
16 31
16 32
16 33
16 39
16 41
16 43
16 52
16 63
16 64
16 65
16 66
16 69
16 71
16 74
16 79
17 19
17 31
17 36
17 37
17 39
17 46
17 49
17 50
17 51
17 53
17 55
17 58
17 61
17 63
17 67
17 68
17 69
17 72
17 76
17 79
18 19
18 26
18 33
18 38
18 41
18 44
18 45
18 46
18 47
18 48
18 49
18 52
18 54
18 57
18 58
18 61
18 63
18 64
18 65
18 68
18 74
18 76
18 78
19 20
19 22
19 26
19 27
19 30
19 33
19 36
19 37
19 39
19 43
19 45
19 46
19 49
19 52
19 55
19 56
19 58
19 60
19 67
19 72
19 78
19 79
20 25
20 30
20 31
20 32
20 39
20 46
20 47
20 52
20 59
20 60
20 61
20 63
20 64
20 67
20 68
20 73
20 75
21 30
21 34
21 35
21 41
21 42
21 52
21 53
21 58
21 65
21 75
21 78
22 26
22 27
22 30
22 31
22 32
22 35
22 36
22 38
22 40
22 42
22 48
22 49
22 53
22 58
22 59
22 60
22 68
22 76
22 78
22 79
23 25
23 26
23 27
23 29
23 30
23 33
23 36
23 41
23 46
23 48
23 49
23 54
23 60
23 71
23 75
23 76
23 78
23 79
24 28
24 37
24 43
24 44
24 45
24 46
24 51
24 54
24 55
24 57
24 58
24 65
24 69
24 78
25 26
25 27
25 30
25 32
25 36
25 39
25 44
25 46
25 51
25 58
25 68
25 70
25 71
25 74
26 27
26 36
26 38
26 40
26 42
26 45
26 54
26 55
26 62
26 69
27 29
27 31
27 33
27 34
27 36
27 45
27 47
27 48
27 49
27 52
27 68
27 71
27 72
27 74
27 77
28 33
28 34
28 36
28 41
28 43
28 49
28 52
28 54
28 56
28 57
28 59
28 63
28 66
28 69
28 78
28 79
29 31
29 34
29 40
29 44
29 51
29 55
29 61
29 65
29 68
29 69
29 70
29 71
29 78
30 36
30 38
30 41
30 42
30 43
30 44
30 49
30 55
30 56
30 60
30 64
30 66
30 68
30 72
30 74
30 75
30 78
31 35
31 37
31 46
31 49
31 51
31 53
31 59
31 63
31 66
31 67
31 71
31 79
32 37
32 40
32 44
32 49
32 52
32 53
32 56
32 57
32 69
32 70
32 73
32 77
33 34
33 37
33 41
33 43
33 45
33 48
33 55
33 62
33 67
33 69
33 70
34 39
34 42
34 44
34 51
34 61
34 66
34 68
34 73
34 76
35 41
35 43
35 49
35 51
35 61
35 65
35 67
35 68
35 71
35 76
35 78
36 37
36 43
36 44
36 49
36 50
36 51
36 53
36 56
36 65
36 66
36 70
36 71
36 76
36 79
37 38
37 39
37 40
37 42
37 43
37 47
37 51
37 55
37 58
37 59
37 60
37 67
37 68
37 70
37 74
37 79
38 43
38 45
38 49
38 50
38 57
38 59
38 60
38 69
38 70
38 75
38 78
38 79
39 44
39 64
39 66
39 78
40 45
40 52
40 54
40 60
40 61
40 63
40 65
40 77
41 45
41 46
41 47
41 49
41 52
41 53
41 56
41 57
41 59
41 63
41 64
41 66
41 67
41 74
41 75
42 43
42 44
42 48
42 58
42 63
42 65
42 66
42 67
42 71
42 74
42 76
42 77
43 44
43 47
43 49
43 52
43 59
43 60
43 63
43 66
43 71
43 72
43 73
44 46
44 49
44 54
44 56
44 70
44 75
45 46
45 47
45 49
45 50
45 60
45 67
45 68
45 69
45 72
45 73
45 78
45 79
46 48
46 51
46 52
46 56
46 57
46 64
46 69
46 70
46 77
46 78
47 50
47 57
47 61
47 62
48 54
48 65
48 66
48 68
48 73
49 51
49 52
49 58
49 61
49 66
49 75
49 76
50 51
50 53
50 56
50 59
50 63
50 66
50 67
50 68
50 70
50 71
50 78
50 79
51 53
51 67
51 71
51 76
51 79
52 53
52 54
52 58
52 59
52 62
52 63
52 65
52 66
52 68
52 71
52 76
52 79
53 58
53 60
53 61
53 63
53 64
53 67
53 68
53 70
53 73
53 78
53 79
54 56
54 57
54 58
54 59
54 63
54 66
54 68
55 58
55 60
55 63
55 67
55 68
55 74
55 75
55 76
56 60
56 62
56 63
56 64
56 65
56 67
56 73
56 78
57 61
57 65
57 67
57 68
57 69
57 73
57 74
58 60
58 68
58 70
58 77
58 79
59 63
59 65
59 67
59 69
59 70
59 71
59 73
60 62
60 63
60 69
60 73
60 76
60 79
61 62
61 67
61 69
61 70
61 72
61 74
61 77
62 68
62 72
62 75
63 65
63 67
63 71
64 68
64 69
64 71
64 73
64 77
65 72
65 74
65 75
65 79
67 71
67 74
68 69
68 71
68 75
68 76
68 79
69 71
69 73
69 74
69 76
70 71
70 74
70 75
70 78
70 79
71 73
71 74
72 75
73 74
73 78
73 79
74 76
75 76
75 77
76 77
76 78
77 78
