80 1544
0 2
0 3
0 7
0 8
0 9
0 11
0 12
0 15
0 16
0 17
0 19
0 22
0 23
0 26
0 30
0 31
0 32
0 35
0 36
0 37
0 38
0 40
0 42
0 43
0 44
0 45
0 46
0 47
0 49
0 52
0 54
0 56
0 59
0 64
0 69
0 70
0 76
0 79
1 2
1 4
1 5
1 6
1 7
1 8
1 9
1 12
1 17
1 21
1 23
1 24
1 25
1 27
1 32
1 34
1 36
1 37
1 38
1 39
1 40
1 41
1 42
1 44
1 47
1 51
1 52
1 54
1 58
1 60
1 61
1 64
1 65
1 66
1 67
1 70
1 77
1 78
1 79
2 4
2 8
2 10
2 11
2 12
2 14
2 16
2 17
2 18
2 20
2 21
2 26
2 32
2 34
2 35
2 38
2 39
2 40
2 44
2 46
2 49
2 50
2 51
2 56
2 58
2 59
2 61
2 63
2 65
2 67
2 68
2 69
2 70
2 72
2 75
2 76
2 78
2 79
3 4
3 5
3 9
3 11
3 12
3 13
3 15
3 16
3 17
3 19
3 21
3 24
3 25
3 26
3 29
3 32
3 33
3 36
3 38
3 39
3 40
3 41
3 45
3 48
3 49
3 52
3 55
3 57
3 59
3 60
3 62
3 65
3 66
3 68
3 72
3 77
3 79
4 6
4 7
4 8
4 11
4 12
4 14
4 15
4 17
4 18
4 19
4 22
4 25
4 27
4 31
4 33
4 34
4 35
4 37
4 38
4 41
4 43
4 44
4 48
4 49
4 51
4 54
4 55
4 59
4 61
4 62
4 63
4 64
4 67
4 71
4 72
4 74
4 76
4 79
5 7
5 8
5 12
5 14
5 15
5 17
5 18
5 21
5 23
5 24
5 27
5 28
5 29
5 34
5 35
5 37
5 38
5 39
5 40
5 41
5 44
5 49
5 50
5 54
5 57
5 58
5 59
5 61
5 63
5 64
5 67
5 69
5 71
5 74
5 75
5 76
5 77
5 78
5 79
6 7
6 9
6 11
6 15
6 16
6 18
6 19
6 20
6 22
6 23
6 24
6 25
6 27
6 36
6 37
6 39
6 40
6 42
6 44
6 45
6 46
6 50
6 52
6 56
6 57
6 58
6 61
6 62
6 63
6 67
6 68
6 69
6 70
6 74
6 75
6 76
6 77
6 78
7 8
7 9
7 10
7 13
7 15
7 16
7 20
7 21
7 24
7 25
7 28
7 30
7 32
7 37
7 38
7 39
7 40
7 41
7 42
7 43
7 45
7 46
7 49
7 51
7 54
7 56
7 57
7 59
7 61
7 63
7 68
7 69
7 71
7 73
7 76
7 77
8 11
8 12
8 14
8 20
8 23
8 24
8 27
8 28
8 29
8 32
8 34
8 35
8 38
8 39
8 40
8 41
8 42
8 43
8 44
8 49
8 51
8 54
8 62
8 65
8 66
8 67
8 70
8 71
8 73
8 75
8 76
8 79
9 10
9 13
9 14
9 16
9 18
9 21
9 22
9 23
9 24
9 27
9 28
9 29
9 31
9 35
9 37
9 40
9 47
9 52
9 54
9 55
9 56
9 57
9 61
9 63
9 64
9 65
9 67
9 78
9 79
10 12
10 14
10 15
10 19
10 23
10 24
10 25
10 26
10 27
10 29
10 31
10 38
10 40
10 42
10 43
10 48
10 53
10 55
10 57
10 59
10 60
10 62
10 65
10 66
10 67
10 74
10 78
10 79
11 12
11 15
11 18
11 20
11 21
11 24
11 25
11 27
11 28
11 29
11 30
11 32
11 33
11 35
11 38
11 41
11 42
11 44
11 45
11 49
11 50
11 53
11 54
11 58
11 59
11 60
11 62
11 64
11 65
11 66
11 68
11 69
11 70
11 72
11 75
11 76
12 13
12 14
12 17
12 25
12 27
12 28
12 31
12 32
12 33
12 34
12 35
12 38
12 42
12 43
12 44
12 45
12 47
12 48
12 54
12 56
12 58
12 61
12 62
12 63
12 64
12 70
12 75
12 77
12 78
13 14
13 16
13 18
13 19
13 22
13 23
13 25
13 26
13 28
13 32
13 34
13 37
13 39
13 43
13 44
13 46
13 47
13 48
13 49
13 51
13 53
13 54
13 55
13 56
13 60
13 63
13 66
13 68
13 69
13 70
13 71
13 72
13 73
13 74
13 75
13 76
14 18
14 19
14 26
14 28
14 30
14 40
14 42
14 44
14 46
14 47
14 48
14 51
14 52
14 55
14 56
14 57
14 60
14 64
14 68
14 69
14 70
14 73
14 75
14 76
15 21
15 23
15 24
15 25
15 30
15 31
15 32
15 35
15 37
15 38
15 45
15 47
15 48
15 49
15 54
15 55
15 56
15 61
15 62
15 63
15 64
15 65
15 66
15 68
15 70
15 71
15 72
15 73
15 74
15 75
15 77
15 78
15 79
16 17
16 18
16 20
16 21
16 23
16 24
16 26
16 28
16 29
16 31
16 32
16 34
16 35
16 38
16 42
16 43
16 44
16 48
16 52
16 55
16 57
16 60
16 64
16 66
16 70
16 73
16 75
16 76
16 78
17 18
17 19
17 20
17 21
17 22
17 25
17 27
17 28
17 29
17 30
17 31
17 32
17 35
17 36
17 37
17 40
17 43
17 46
17 47
17 49
17 53
17 55
17 56
17 58
17 61
17 62
17 66
17 67
17 69
17 70
17 72
17 74
17 75
17 76
17 77
17 79
18 21
18 22
18 24
18 26
18 29
18 32
18 33
18 34
18 36
18 37
18 38
18 41
18 42
18 45
18 46
18 47
18 51
18 53
18 55
18 57
18 58
18 59
18 63
18 65
18 66
18 70
18 72
18 74
18 76
18 78
18 79
19 20
19 22
19 24
19 26
19 27
19 29
19 31
19 32
19 34
19 35
19 38
19 41
19 42
19 43
19 45
19 46
19 47
19 50
19 57
19 58
19 59
19 60
19 61
19 69
19 72
19 75
19 78
19 79
20 23
20 24
20 25
20 26
20 28
20 31
20 32
20 33
20 35
20 38
20 39
20 41
20 42
20 43
20 44
20 45
20 46
20 47
20 49
20 51
20 52
20 53
20 54
20 55
20 56
20 60
20 61
20 69
20 70
20 77
21 22
21 24
21 32
21 37
21 40
21 41
21 44
21 47
21 48
21 50
21 52
21 54
21 56
21 61
21 65
21 66
21 67
21 68
21 70
21 73
21 74
21 76
21 78
21 79
22 26
22 27
22 30
22 31
22 32
22 33
22 35
22 36
22 37
22 38
22 43
22 44
22 46
22 47
22 48
22 49
22 51
22 52
22 53
22 54
22 57
22 58
22 60
22 61
22 63
22 64
22 65
22 66
22 69
22 72
22 73
22 74
22 75
22 76
23 27
23 28
23 29
23 30
23 31
23 32
23 33
23 34
23 37
23 39
23 43
23 45
23 47
23 48
23 49
23 52
23 54
23 56
23 59
23 61
23 62
23 64
23 66
23 70
23 71
23 74
23 77
23 79
24 26
24 27
24 30
24 36
24 37
24 38
24 42
24 43
24 44
24 48
24 50
24 51
24 52
24 56
24 61
24 62
24 68
24 69
24 70
24 71
24 75
24 76
24 78
24 79
25 26
25 27
25 28
25 29
25 31
25 35
25 38
25 40
25 42
25 43
25 44
25 45
25 47
25 48
25 49
25 52
25 54
25 55
25 62
25 63
25 64
25 65
25 67
25 68
25 69
25 70
25 72
25 74
25 75
25 76
25 77
25 78
26 28
26 31
26 32
26 33
26 34
26 37
26 39
26 45
26 50
26 53
26 57
26 58
26 59
26 69
26 70
26 72
26 76
26 79
27 29
27 31
27 37
27 39
27 45
27 46
27 47
27 49
27 56
27 58
27 60
27 61
27 63
27 67
27 68
27 71
27 73
27 74
27 77
28 29
28 30
28 31
28 33
28 36
28 38
28 40
28 43
28 45
28 46
28 47
28 48
28 49
28 50
28 51
28 53
28 54
28 57
28 59
28 62
28 63
28 64
28 65
28 67
28 69
28 70
28 72
28 73
28 74
28 75
28 76
28 78
28 79
29 30
29 31
29 33
29 34
29 35
29 36
29 37
29 39
29 42
29 43
29 44
29 45
29 46
29 47
29 49
29 50
29 51
29 52
29 53
29 54
29 55
29 59
29 63
29 68
29 69
29 70
29 71
29 73
29 74
29 76
30 36
30 40
30 41
30 43
30 46
30 47
30 48
30 52
30 53
30 54
30 55
30 56
30 58
30 59
30 62
30 64
30 65
30 66
30 69
30 71
30 72
30 75
30 79
31 32
31 36
31 37
31 38
31 39
31 43
31 44
31 46
31 47
31 51
31 52
31 53
31 54
31 55
31 56
31 61
31 65
31 67
31 70
31 73
31 74
31 76
31 78
31 79
32 33
32 36
32 37
32 41
32 42
32 44
32 45
32 49
32 50
32 55
32 56
32 58
32 59
32 62
32 66
32 67
32 68
32 71
32 73
32 74
32 75
32 76
33 34
33 42
33 45
33 51
33 54
33 55
33 56
33 58
33 60
33 61
33 64
33 67
33 68
33 70
33 71
33 73
33 74
33 76
33 77
33 78
33 79
34 37
34 39
34 40
34 43
34 45
34 47
34 49
34 53
34 58
34 59
34 60
34 62
34 64
34 66
34 67
34 69
34 71
34 72
34 73
34 74
34 76
34 77
34 78
35 37
35 38
35 47
35 49
35 52
35 55
35 57
35 58
35 60
35 61
35 64
35 65
35 66
35 67
35 75
35 76
35 78
36 37
36 43
36 45
36 48
36 52
36 53
36 55
36 56
36 59
36 62
36 64
36 66
36 68
36 69
36 70
36 71
36 72
36 74
36 75
36 76
37 38
37 39
37 40
37 41
37 42
37 46
37 47
37 50
37 51
37 53
37 54
37 55
37 56
37 60
37 62
37 63
37 65
37 66
37 71
37 73
37 75
37 76
37 78
38 40
38 41
38 42
38 45
38 47
38 50
38 51
38 53
38 55
38 57
38 58
38 63
38 65
38 66
38 67
38 69
38 71
38 72
38 74
38 77
38 78
39 40
39 42
39 43
39 45
39 46
39 47
39 48
39 50
39 57
39 58
39 61
39 63
39 65
39 69
39 70
39 76
39 77
39 78
39 79
40 41
40 44
40 45
40 46
40 48
40 49
40 51
40 52
40 56
40 57
40 60
40 62
40 63
40 64
40 68
40 70
40 71
40 72
40 73
40 75
40 77
40 78
40 79
41 48
41 49
41 52
41 55
41 59
41 60
41 61
41 62
41 63
41 68
41 70
41 71
41 76
41 77
42 45
42 46
42 50
42 52
42 53
42 55
42 56
42 57
42 59
42 60
42 61
42 62
42 64
42 67
42 68
42 70
42 71
42 73
42 74
42 75
42 76
43 45
43 46
43 48
43 50
43 51
43 52
43 53
43 59
43 63
43 68
43 70
43 71
43 77
44 46
44 47
44 49
44 50
44 52
44 54
44 55
44 56
44 57
44 60
44 61
44 62
44 64
44 65
44 66
44 67
44 71
44 73
44 79
45 46
45 48
45 49
45 51
45 52
45 53
45 54
45 55
45 56
45 57
45 58
45 60
45 65
45 67
45 68
45 69
45 74
45 75
45 76
45 77
45 78
46 51
46 56
46 57
46 58
46 59
46 61
46 63
46 64
46 69
46 70
46 72
46 74
46 75
46 76
46 77
46 78
46 79
47 48
47 49
47 52
47 53
47 58
47 59
47 62
47 64
47 66
47 67
47 69
47 71
47 74
47 75
47 76
47 77
47 78
48 49
48 51
48 52
48 56
48 60
48 62
48 63
48 65
48 66
48 67
48 69
48 74
49 50
49 51
49 53
49 54
49 61
49 64
49 66
49 69
49 70
49 72
49 73
49 76
49 79
50 52
50 53
50 55
50 57
50 59
50 62
50 63
50 64
50 65
50 67
50 69
50 71
50 75
50 76
50 78
50 79
51 53
51 56
51 57
51 58
51 59
51 65
51 68
51 71
51 75
51 76
51 77
51 78
52 60
52 63
52 66
52 68
52 69
52 70
52 71
52 72
52 73
52 76
52 78
52 79
53 55
53 58
53 59
53 60
53 61
53 62
53 66
53 69
53 70
53 71
53 73
53 76
53 78
54 57
54 58
54 59
54 66
54 67
54 68
54 69
54 70
54 71
54 72
54 73
54 78
54 79
55 58
55 59
55 60
55 61
55 64
55 65
55 69
55 70
55 71
55 73
55 75
55 78
56 57
56 58
56 59
56 60
56 61
56 62
56 63
56 65
56 66
56 67
56 72
57 58
57 59
57 62
57 67
57 69
57 72
57 74
57 75
57 76
58 63
58 65
58 67
58 71
58 72
58 73
58 77
58 78
58 79
59 62
59 63
59 69
59 70
59 73
59 75
59 78
60 61
60 63
60 64
60 65
60 66
60 68
60 69
60 72
60 73
60 74
60 76
61 63
61 64
61 65
61 66
61 67
61 68
61 69
61 70
61 74
61 75
61 76
61 77
61 78
62 65
62 67
62 69
62 72
62 75
62 79
63 64
63 68
63 70
63 71
63 73
63 74
63 76
63 77
63 78
64 67
64 69
64 70
64 71
64 74
64 75
64 76
64 77
64 79
65 68
65 69
65 70
65 71
65 72
65 75
65 79
66 71
66 72
66 73
66 74
66 75
66 76
66 77
66 78
67 68
67 71
67 73
67 76
67 77
67 78
68 69
68 72
68 73
68 74
68 75
68 77
69 72
69 73
69 78
69 79
70 71
70 74
70 77
70 79
71 73
71 74
71 76
71 77
71 79
72 73
72 74
72 75
72 77
72 78
73 74
73 76
73 77
73 79
74 78
74 79
75 77
75 78
