300 13296
0 3
0 18
0 19
0 21
0 31
0 32
0 37
0 40
0 46
0 49
0 52
0 53
0 54
0 59
0 60
0 63
0 64
0 75
0 77
0 91
0 92
0 96
0 101
0 107
0 109
0 111
0 112
0 113
0 117
0 118
0 121
0 123
0 124
0 134
0 135
0 136
0 138
0 142
0 147
0 152
0 154
0 156
0 157
0 159
0 165
0 166
0 167
0 174
0 175
0 178
0 187
0 191
0 193
0 197
0 206
0 208
0 213
0 222
0 225
0 226
0 232
0 238
0 241
0 242
0 248
0 250
0 252
0 255
0 262
0 265
0 266
0 268
0 272
0 273
0 294
0 298
1 2
1 3
1 13
1 15
1 17
1 18
1 20
1 22
1 24
1 25
1 27
1 32
1 38
1 40
1 44
1 46
1 48
1 52
1 59
1 60
1 64
1 65
1 67
1 79
1 87
1 89
1 96
1 101
1 105
1 106
1 111
1 115
1 119
1 125
1 126
1 131
1 135
1 141
1 144
1 145
1 151
1 153
1 155
1 157
1 163
1 164
1 165
1 166
1 167
1 171
1 172
1 173
1 175
1 180
1 188
1 189
1 190
1 192
1 197
1 201
1 214
1 215
1 216
1 225
1 227
1 231
1 233
1 237
1 247
1 248
1 250
1 262
1 266
1 267
1 277
1 278
1 281
1 282
1 285
1 288
1 292
1 298
1 299
2 3
2 7
2 9
2 13
2 17
2 19
2 21
2 28
2 29
2 32
2 34
2 43
2 44
2 61
2 62
2 65
2 72
2 73
2 74
2 78
2 80
2 84
2 85
2 93
2 98
2 100
2 109
2 110
2 111
2 118
2 122
2 123
2 125
2 126
2 127
2 128
2 130
2 133
2 135
2 137
2 145
2 151
2 156
2 157
2 159
2 168
2 169
2 174
2 175
2 178
2 180
2 181
2 182
2 190
2 200
2 206
2 211
2 212
2 223
2 226
2 228
2 229
2 230
2 232
2 235
2 238
2 242
2 243
2 244
2 245
2 250
2 251
2 253
2 268
2 269
2 271
2 276
2 280
2 286
2 290
2 293
2 295
2 297
3 4
3 10
3 24
3 29
3 30
3 36
3 40
3 44
3 46
3 52
3 55
3 56
3 57
3 58
3 59
3 60
3 69
3 78
3 81
3 83
3 86
3 94
3 95
3 98
3 100
3 101
3 103
3 106
3 108
3 109
3 116
3 118
3 119
3 121
3 124
3 125
3 128
3 135
3 137
3 140
3 141
3 143
3 149
3 150
3 152
3 153
3 156
3 158
3 160
3 162
3 164
3 177
3 178
3 182
3 183
3 184
3 186
3 187
3 188
3 189
3 192
3 193
3 203
3 206
3 207
3 216
3 217
3 223
3 225
3 226
3 229
3 235
3 239
3 240
3 242
3 246
3 248
3 251
3 257
3 268
3 271
3 275
3 276
3 279
3 280
3 281
3 284
3 285
3 286
3 287
3 291
3 297
3 299
4 14
4 15
4 21
4 23
4 24
4 30
4 32
4 33
4 38
4 41
4 42
4 45
4 50
4 53
4 56
4 61
4 66
4 68
4 69
4 74
4 76
4 78
4 89
4 102
4 103
4 110
4 114
4 115
4 120
4 128
4 131
4 135
4 139
4 141
4 143
4 144
4 145
4 147
4 148
4 149
4 152
4 153
4 155
4 157
4 158
4 159
4 164
4 165
4 168
4 169
4 171
4 174
4 175
4 182
4 183
4 186
4 187
4 189
4 190
4 191
4 192
4 194
4 197
4 198
4 201
4 209
4 234
4 235
4 243
4 244
4 248
4 250
4 258
4 259
4 261
4 264
4 273
4 275
4 279
4 282
4 283
4 284
4 285
4 287
4 294
4 296
4 297
4 298
5 12
5 14
5 18
5 19
5 20
5 22
5 32
5 34
5 40
5 42
5 43
5 45
5 46
5 49
5 53
5 55
5 56
5 58
5 60
5 64
5 66
5 67
5 68
5 70
5 74
5 76
5 77
5 80
5 81
5 85
5 87
5 89
5 94
5 95
5 96
5 101
5 104
5 105
5 107
5 111
5 118
5 119
5 120
5 122
5 123
5 133
5 134
5 137
5 139
5 144
5 145
5 152
5 153
5 154
5 158
5 161
5 167
5 169
5 173
5 175
5 176
5 179
5 182
5 183
5 185
5 188
5 189
5 193
5 196
5 197
5 204
5 207
5 217
5 219
5 221
5 223
5 225
5 226
5 228
5 229
5 231
5 234
5 235
5 238
5 239
5 240
5 245
5 247
5 251
5 264
5 266
5 270
5 286
5 292
5 298
6 8
6 14
6 15
6 16
6 18
6 21
6 22
6 24
6 27
6 32
6 33
6 38
6 39
6 52
6 57
6 58
6 70
6 71
6 72
6 74
6 78
6 83
6 85
6 89
6 106
6 108
6 110
6 111
6 113
6 116
6 118
6 119
6 126
6 127
6 130
6 131
6 134
6 138
6 140
6 142
6 147
6 149
6 155
6 161
6 167
6 168
6 170
6 173
6 176
6 183
6 187
6 191
6 193
6 194
6 202
6 203
6 208
6 213
6 216
6 219
6 221
6 222
6 225
6 228
6 232
6 236
6 237
6 239
6 241
6 245
6 246
6 249
6 250
6 260
6 266
6 269
6 270
6 273
6 278
6 285
6 291
6 295
6 297
7 8
7 12
7 17
7 23
7 31
7 35
7 40
7 41
7 43
7 46
7 47
7 51
7 54
7 56
7 57
7 60
7 62
7 63
7 65
7 66
7 76
7 79
7 80
7 86
7 88
7 91
7 94
7 98
7 99
7 104
7 107
7 108
7 111
7 112
7 115
7 116
7 123
7 125
7 128
7 129
7 131
7 134
7 135
7 137
7 139
7 141
7 144
7 146
7 147
7 149
7 151
7 154
7 157
7 159
7 161
7 177
7 178
7 180
7 185
7 186
7 187
7 190
7 192
7 193
7 194
7 196
7 202
7 204
7 209
7 211
7 212
7 217
7 220
7 224
7 226
7 231
7 233
7 237
7 240
7 241
7 247
7 250
7 255
7 256
7 260
7 263
7 265
7 267
7 270
7 277
7 280
7 289
7 291
8 11
8 19
8 22
8 23
8 29
8 30
8 31
8 33
8 38
8 39
8 48
8 49
8 50
8 51
8 52
8 56
8 58
8 62
8 64
8 69
8 70
8 78
8 85
8 92
8 94
8 108
8 110
8 112
8 115
8 124
8 125
8 128
8 131
8 132
8 139
8 140
8 145
8 147
8 150
8 151
8 153
8 154
8 160
8 163
8 165
8 168
8 169
8 171
8 178
8 179
8 180
8 185
8 186
8 188
8 189
8 190
8 195
8 198
8 199
8 200
8 203
8 205
8 207
8 210
8 211
8 213
8 217
8 218
8 222
8 224
8 225
8 226
8 229
8 231
8 233
8 234
8 239
8 242
8 249
8 253
8 255
8 256
8 258
8 260
8 263
8 264
8 265
8 269
8 274
8 277
8 279
8 280
8 282
8 283
8 285
8 287
8 290
8 292
8 298
9 11
9 21
9 32
9 33
9 38
9 43
9 44
9 52
9 59
9 60
9 67
9 69
9 76
9 78
9 83
9 84
9 86
9 88
9 90
9 91
9 97
9 103
9 105
9 106
9 113
9 117
9 128
9 133
9 135
9 136
9 137
9 140
9 143
9 145
9 146
9 147
9 149
9 151
9 152
9 154
9 155
9 157
9 158
9 159
9 161
9 163
9 164
9 166
9 174
9 176
9 178
9 179
9 181
9 182
9 185
9 186
9 190
9 193
9 196
9 199
9 204
9 210
9 212
9 218
9 222
9 225
9 226
9 234
9 235
9 237
9 239
9 241
9 244
9 250
9 253
9 256
9 262
9 264
9 265
9 266
9 269
9 272
9 274
9 277
9 284
9 289
9 291
9 293
10 11
10 12
10 13
10 18
10 27
10 33
10 36
10 38
10 49
10 64
10 65
10 66
10 71
10 76
10 77
10 78
10 80
10 83
10 86
10 87
10 88
10 89
10 92
10 93
10 97
10 98
10 100
10 102
10 105
10 111
10 122
10 126
10 130
10 131
10 140
10 142
10 143
10 145
10 146
10 149
10 159
10 160
10 161
10 164
10 169
10 170
10 172
10 184
10 186
10 187
10 211
10 214
10 216
10 217
10 218
10 220
10 224
10 225
10 226
10 227
10 231
10 232
10 233
10 236
10 239
10 244
10 247
10 253
10 257
10 258
10 259
10 260
10 261
10 263
10 271
10 272
10 277
10 278
10 279
10 282
10 283
10 286
10 290
10 294
11 14
11 22
11 23
11 25
11 35
11 36
11 37
11 38
11 41
11 43
11 51
11 52
11 70
11 77
11 81
11 84
11 90
11 93
11 94
11 99
11 102
11 103
11 105
11 107
11 110
11 113
11 116
11 120
11 128
11 129
11 130
11 131
11 144
11 146
11 155
11 156
11 163
11 166
11 170
11 171
11 176
11 180
11 181
11 182
11 185
11 187
11 190
11 191
11 200
11 203
11 204
11 206
11 209
11 211
11 216
11 220
11 223
11 224
11 225
11 226
11 227
11 230
11 232
11 235
11 238
11 250
11 251
11 256
11 257
11 270
11 272
11 273
11 277
11 278
11 279
11 284
11 289
11 293
11 295
11 296
12 16
12 22
12 23
12 25
12 28
12 30
12 31
12 32
12 36
12 38
12 44
12 46
12 51
12 53
12 54
12 55
12 57
12 60
12 62
12 63
12 64
12 71
12 74
12 77
12 78
12 79
12 84
12 88
12 90
12 91
12 97
12 102
12 105
12 106
12 107
12 108
12 112
12 115
12 117
12 121
12 122
12 128
12 129
12 131
12 136
12 141
12 158
12 160
12 161
12 163
12 166
12 169
12 172
12 176
12 178
12 179
12 182
12 184
12 190
12 191
12 195
12 200
12 201
12 206
12 210
12 212
12 214
12 223
12 225
12 229
12 230
12 232
12 239
12 240
12 241
12 243
12 250
12 255
12 258
12 260
12 262
12 263
12 267
12 270
12 271
12 273
12 275
12 279
12 281
12 282
12 284
12 291
12 295
12 296
13 17
13 19
13 25
13 30
13 31
13 33
13 35
13 39
13 42
13 46
13 47
13 49
13 51
13 52
13 54
13 55
13 57
13 64
13 66
13 67
13 69
13 70
13 82
13 88
13 95
13 100
13 103
13 104
13 107
13 109
13 111
13 116
13 117
13 118
13 119
13 120
13 128
13 134
13 154
13 159
13 160
13 162
13 163
13 167
13 174
13 176
13 178
13 180
13 182
13 186
13 191
13 195
13 196
13 200
13 209
13 210
13 221
13 224
13 228
13 234
13 236
13 238
13 239
13 241
13 244
13 249
13 250
13 255
13 256
13 260
13 265
13 275
13 286
14 15
14 16
14 17
14 19
14 20
14 23
14 28
14 33
14 34
14 36
14 41
14 44
14 50
14 51
14 57
14 59
14 62
14 63
14 68
14 69
14 79
14 85
14 92
14 93
14 103
14 111
14 112
14 113
14 118
14 120
14 123
14 124
14 131
14 132
14 133
14 134
14 137
14 141
14 142
14 145
14 147
14 149
14 152
14 153
14 158
14 163
14 166
14 183
14 189
14 190
14 193
14 195
14 196
14 198
14 199
14 209
14 213
14 214
14 217
14 218
14 222
14 228
14 229
14 230
14 232
14 233
14 240
14 241
14 243
14 244
14 245
14 246
14 249
14 250
14 251
14 252
14 254
14 263
14 266
14 268
14 271
14 272
14 276
14 278
14 279
14 286
14 288
14 291
14 293
14 296
14 297
15 16
15 17
15 24
15 26
15 29
15 30
15 31
15 39
15 47
15 48
15 58
15 60
15 66
15 69
15 72
15 79
15 82
15 88
15 92
15 93
15 102
15 105
15 106
15 108
15 114
15 116
15 120
15 121
15 122
15 126
15 135
15 140
15 141
15 142
15 145
15 146
15 148
15 153
15 154
15 157
15 158
15 159
15 164
15 165
15 169
15 171
15 173
15 174
15 176
15 178
15 179
15 180
15 181
15 185
15 190
15 192
15 195
15 196
15 197
15 200
15 201
15 203
15 205
15 212
15 218
15 219
15 224
15 226
15 227
15 228
15 230
15 236
15 237
15 242
15 246
15 247
15 252
15 263
15 269
15 273
15 274
15 276
15 277
15 283
15 288
15 290
15 291
15 298
16 21
16 22
16 23
16 24
16 26
16 31
16 33
16 34
16 49
16 51
16 61
16 71
16 82
16 86
16 88
16 89
16 92
16 93
16 94
16 102
16 104
16 105
16 114
16 138
16 139
16 140
16 148
16 149
16 153
16 157
16 158
16 159
16 165
16 168
16 181
16 184
16 186
16 195
16 199
16 204
16 212
16 217
16 220
16 221
16 224
16 228
16 229
16 230
16 233
16 241
16 242
16 244
16 246
16 248
16 249
16 252
16 256
16 259
16 263
16 264
16 269
16 272
16 273
16 274
16 278
16 279
16 281
16 285
16 288
16 289
16 293
16 294
16 296
16 298
16 299
17 22
17 24
17 43
17 44
17 47
17 54
17 55
17 57
17 58
17 62
17 67
17 71
17 73
17 75
17 80
17 84
17 85
17 92
17 94
17 98
17 99
17 102
17 105
17 107
17 108
17 111
17 119
17 120
17 123
17 125
17 134
17 141
17 145
17 146
17 149
17 151
17 157
17 159
17 162
17 164
17 165
17 167
17 169
17 174
17 181
17 187
17 192
17 196
17 199
17 201
17 204
17 208
17 210
17 213
17 216
17 218
17 220
17 221
17 226
17 233
17 237
17 241
17 248
17 253
17 257
17 259
17 264
17 265
17 270
17 272
17 273
17 274
17 282
17 285
17 288
17 289
17 290
17 295
17 298
18 26
18 27
18 29
18 30
18 32
18 33
18 34
18 40
18 41
18 44
18 45
18 46
18 54
18 63
18 68
18 70
18 77
18 79
18 83
18 84
18 86
18 87
18 88
18 89
18 100
18 102
18 106
18 112
18 114
18 116
18 117
18 118
18 124
18 132
18 133
18 136
18 138
18 139
18 140
18 142
18 144
18 146
18 147
18 152
18 160
18 167
18 173
18 180
18 182
18 183
18 190
18 191
18 197
18 208
18 209
18 212
18 213
18 214
18 216
18 218
18 220
18 221
18 227
18 232
18 237
18 239
18 240
18 243
18 244
18 247
18 251
18 255
18 259
18 260
18 266
18 268
18 269
18 273
18 275
18 276
18 280
18 282
18 283
18 288
18 289
18 290
18 294
18 295
19 23
19 25
19 29
19 47
19 49
19 69
19 70
19 71
19 77
19 81
19 86
19 89
19 91
19 97
19 98
19 101
19 104
19 105
19 112
19 114
19 115
19 117
19 118
19 121
19 124
19 129
19 130
19 131
19 137
19 138
19 149
19 168
19 171
19 176
19 183
19 184
19 190
19 191
19 193
19 198
19 201
19 209
19 211
19 214
19 220
19 223
19 224
19 228
19 231
19 237
19 240
19 241
19 243
19 245
19 248
19 249
19 250
19 251
19 254
19 262
19 264
19 273
19 275
19 276
19 278
19 283
19 285
19 288
19 289
19 290
19 292
19 294
19 296
19 298
20 25
20 26
20 28
20 30
20 31
20 33
20 35
20 38
20 41
20 43
20 45
20 46
20 49
20 50
20 53
20 55
20 58
20 59
20 61
20 70
20 72
20 73
20 75
20 77
20 79
20 80
20 82
20 83
20 96
20 101
20 102
20 110
20 113
20 117
20 121
20 129
20 130
20 131
20 137
20 138
20 140
20 142
20 143
20 145
20 150
20 153
20 155
20 161
20 162
20 166
20 171
20 175
20 176
20 188
20 192
20 198
20 206
20 213
20 215
20 219
20 221
20 223
20 225
20 230
20 232
20 245
20 251
20 253
20 271
20 273
20 281
20 283
20 285
20 296
21 22
21 23
21 38
21 41
21 44
21 61
21 68
21 69
21 70
21 71
21 73
21 75
21 77
21 84
21 86
21 89
21 97
21 101
21 105
21 110
21 111
21 121
21 123
21 126
21 129
21 130
21 131
21 132
21 133
21 135
21 136
21 139
21 140
21 141
21 143
21 151
21 154
21 155
21 159
21 161
21 162
21 163
21 167
21 168
21 169
21 171
21 174
21 177
21 180
21 185
21 187
21 190
21 195
21 203
21 204
21 205
21 209
21 210
21 213
21 229
21 233
21 234
21 238
21 239
21 241
21 242
21 249
21 251
21 252
21 255
21 257
21 258
21 260
21 261
21 263
21 265
21 271
21 273
21 274
21 275
21 279
21 280
21 281
21 286
21 290
21 293
21 294
21 295
21 297
22 25
22 37
22 45
22 48
22 59
22 77
22 85
22 88
22 94
22 96
22 98
22 99
22 102
22 107
22 108
22 110
22 112
22 120
22 127
22 129
22 136
22 139
22 141
22 143
22 155
22 159
22 162
22 165
22 166
22 174
22 176
22 186
22 187
22 189
22 192
22 198
22 200
22 201
22 209
22 210
22 211
22 213
22 215
22 224
22 228
22 234
22 241
22 251
22 255
22 259
22 261
22 262
22 263
22 271
22 274
22 275
22 276
22 278
22 279
22 284
22 286
22 287
22 292
22 293
22 296
22 299
23 25
23 26
23 28
23 30
23 35
23 37
23 41
23 45
23 50
23 51
23 53
23 54
23 55
23 59
23 60
23 66
23 72
23 73
23 78
23 86
23 88
23 89
23 93
23 99
23 101
23 106
23 109
23 110
23 113
23 116
23 123
23 124
23 125
23 130
23 132
23 136
23 144
23 155
23 158
23 160
23 161
23 163
23 166
23 168
23 169
23 174
23 175
23 186
23 188
23 190
23 191
23 192
23 194
23 196
23 198
23 203
23 205
23 207
23 217
23 222
23 234
23 245
23 250
23 257
23 259
23 261
23 263
23 264
23 265
23 268
23 272
23 273
23 279
23 283
23 285
23 289
23 294
23 296
24 26
24 29
24 30
24 34
24 36
24 37
24 49
24 57
24 62
24 65
24 73
24 76
24 77
24 79
24 83
24 87
24 88
24 91
24 101
24 104
24 112
24 113
24 116
24 121
24 123
24 129
24 134
24 136
24 140
24 153
24 154
24 161
24 165
24 168
24 170
24 171
24 177
24 180
24 182
24 187
24 188
24 189
24 191
24 198
24 199
24 201
24 204
24 205
24 207
24 210
24 212
24 214
24 218
24 222
24 226
24 229
24 233
24 237
24 239
24 244
24 249
24 251
24 259
24 269
24 272
24 278
24 280
24 291
24 292
24 295
24 298
25 27
25 31
25 32
25 39
25 40
25 45
25 50
25 51
25 53
25 57
25 62
25 67
25 70
25 74
25 75
25 79
25 80
25 85
25 90
25 94
25 96
25 97
25 98
25 102
25 103
25 111
25 113
25 114
25 118
25 119
25 124
25 128
25 129
25 132
25 133
25 137
25 140
25 145
25 147
25 157
25 159
25 160
25 161
25 163
25 164
25 165
25 166
25 170
25 171
25 173
25 174
25 175
25 177
25 178
25 182
25 183
25 184
25 186
25 188
25 189
25 195
25 197
25 203
25 205
25 216
25 219
25 221
25 222
25 224
25 233
25 236
25 237
25 239
25 243
25 244
25 245
25 246
25 252
25 253
25 259
25 263
25 264
25 266
25 274
25 276
25 279
25 282
25 284
25 286
25 291
25 293
25 296
26 28
26 30
26 34
26 39
26 43
26 47
26 48
26 51
26 61
26 62
26 66
26 68
26 70
26 72
26 73
26 74
26 75
26 77
26 79
26 80
26 84
26 87
26 88
26 92
26 93
26 94
26 98
26 99
26 117
26 118
26 126
26 127
26 132
26 136
26 141
26 146
26 148
26 149
26 153
26 156
26 157
26 171
26 174
26 178
26 179
26 182
26 188
26 189
26 190
26 191
26 195
26 196
26 197
26 200
26 202
26 205
26 206
26 207
26 217
26 219
26 220
26 222
26 232
26 243
26 247
26 248
26 255
26 256
26 257
26 259
26 262
26 263
26 268
26 269
26 271
26 277
26 284
26 285
26 287
26 288
26 297
26 298
27 30
27 34
27 44
27 45
27 46
27 53
27 56
27 57
27 58
27 59
27 66
27 70
27 75
27 78
27 80
27 83
27 86
27 92
27 96
27 100
27 107
27 108
27 111
27 112
27 115
27 116
27 118
27 120
27 123
27 125
27 128
27 130
27 131
27 132
27 134
27 136
27 138
27 143
27 146
27 147
27 177
27 179
27 180
27 181
27 184
27 200
27 203
27 210
27 212
27 213
27 214
27 220
27 226
27 232
27 234
27 240
27 242
27 244
27 245
27 247
27 249
27 250
27 251
27 253
27 256
27 260
27 261
27 271
27 279
27 283
27 284
27 288
27 290
27 293
27 296
27 297
28 30
28 31
28 33
28 37
28 39
28 41
28 43
28 45
28 52
28 55
28 57
28 63
28 64
28 65
28 75
28 76
28 77
28 80
28 82
28 84
28 87
28 92
28 94
28 96
28 99
28 105
28 106
28 107
28 111
28 112
28 118
28 122
28 130
28 131
28 138
28 140
28 141
28 142
28 143
28 149
28 150
28 154
28 159
28 160
28 164
28 166
28 168
28 171
28 173
28 177
28 183
28 185
28 189
28 191
28 195
28 197
28 198
28 199
28 202
28 205
28 208
28 211
28 218
28 220
28 223
28 224
28 227
28 229
28 232
28 234
28 238
28 245
28 250
28 251
28 253
28 255
28 256
28 263
28 264
28 267
28 268
28 269
28 271
28 272
28 276
28 278
28 279
28 281
28 284
28 285
28 288
28 290
28 291
28 293
28 294
29 35
29 36
29 41
29 45
29 48
29 51
29 54
29 57
29 59
29 61
29 62
29 70
29 72
29 82
29 83
29 89
29 90
29 103
29 108
29 109
29 111
29 115
29 118
29 120
29 121
29 125
29 128
29 129
29 136
29 138
29 146
29 148
29 149
29 151
29 152
29 155
29 159
29 160
29 161
29 162
29 163
29 168
29 171
29 173
29 187
29 190
29 198
29 200
29 205
29 207
29 221
29 227
29 231
29 232
29 233
29 234
29 241
29 244
29 246
29 247
29 250
29 256
29 257
29 258
29 262
29 265
29 268
29 269
29 271
29 272
29 275
29 277
29 278
29 280
29 282
29 284
29 285
29 287
29 288
29 290
29 291
29 295
29 296
30 34
30 38
30 39
30 41
30 45
30 48
30 49
30 66
30 74
30 75
30 76
30 79
30 81
30 87
30 89
30 92
30 95
30 101
30 104
30 106
30 107
30 109
30 110
30 111
30 115
30 125
30 127
30 128
30 133
30 136
30 138
30 139
30 142
30 143
30 148
30 152
30 153
30 155
30 156
30 159
30 164
30 168
30 180
30 181
30 182
30 184
30 187
30 196
30 201
30 207
30 208
30 211
30 215
30 219
30 231
30 234
30 254
30 256
30 257
30 258
30 260
30 263
30 270
30 275
30 278
30 279
30 281
30 286
30 287
30 289
30 295
30 298
30 299
31 32
31 39
31 40
31 42
31 44
31 56
31 57
31 58
31 63
31 66
31 68
31 71
31 73
31 77
31 79
31 80
31 82
31 83
31 86
31 88
31 95
31 100
31 103
31 105
31 115
31 116
31 118
31 119
31 122
31 125
31 127
31 131
31 133
31 134
31 138
31 142
31 146
31 150
31 154
31 155
31 156
31 157
31 158
31 159
31 163
31 170
31 171
31 178
31 180
31 182
31 183
31 187
31 188
31 190
31 192
31 193
31 199
31 205
31 210
31 212
31 216
31 220
31 224
31 225
31 228
31 233
31 234
31 242
31 243
31 249
31 251
31 253
31 254
31 256
31 261
31 265
31 267
31 268
31 271
31 273
31 276
31 282
31 283
31 285
31 288
31 290
31 292
31 294
31 297
31 299
32 35
32 37
32 39
32 40
32 42
32 48
32 50
32 54
32 55
32 56
32 59
32 61
32 62
32 66
32 67
32 70
32 71
32 76
32 77
32 80
32 94
32 95
32 96
32 98
32 107
32 111
32 116
32 125
32 127
32 128
32 131
32 138
32 139
32 142
32 143
32 145
32 149
32 150
32 154
32 155
32 159
32 160
32 168
32 172
32 173
32 175
32 178
32 180
32 184
32 187
32 188
32 193
32 197
32 200
32 202
32 205
32 207
32 213
32 217
32 220
32 221
32 222
32 226
32 236
32 237
32 238
32 239
32 241
32 242
32 252
32 257
32 260
32 262
32 263
32 268
32 270
32 271
32 272
32 273
32 274
32 275
32 279
32 281
32 283
32 289
32 291
32 296
32 297
32 299
33 37
33 38
33 43
33 48
33 51
33 52
33 54
33 56
33 57
33 64
33 70
33 72
33 75
33 78
33 79
33 83
33 84
33 89
33 90
33 92
33 102
33 104
33 108
33 110
33 120
33 121
33 123
33 127
33 131
33 132
33 134
33 139
33 141
33 148
33 170
33 171
33 173
33 179
33 183
33 184
33 185
33 186
33 189
33 194
33 196
33 199
33 205
33 215
33 217
33 220
33 223
33 226
33 230
33 235
33 236
33 237
33 239
33 243
33 248
33 249
33 257
33 260
33 265
33 268
33 270
33 271
33 273
33 275
33 276
33 278
33 279
33 281
33 282
33 289
34 46
34 50
34 52
34 54
34 61
34 68
34 70
34 72
34 74
34 76
34 79
34 82
34 83
34 91
34 96
34 98
34 101
34 104
34 106
34 108
34 115
34 117
34 121
34 128
34 129
34 130
34 132
34 135
34 137
34 142
34 145
34 150
34 155
34 157
34 164
34 165
34 166
34 172
34 177
34 179
34 181
34 185
34 189
34 199
34 207
34 213
34 214
34 220
34 222
34 227
34 230
34 232
34 233
34 235
34 244
34 245
34 247
34 248
34 249
34 251
34 259
34 263
34 271
34 272
34 274
34 277
34 283
34 289
34 296
34 298
35 38
35 48
35 50
35 53
35 54
35 57
35 60
35 61
35 66
35 68
35 69
35 70
35 71
35 76
35 81
35 85
35 87
35 91
35 92
35 98
35 99
35 101
35 103
35 105
35 108
35 112
35 118
35 119
35 120
35 124
35 125
35 129
35 130
35 132
35 133
35 139
35 143
35 148
35 150
35 151
35 153
35 154
35 166
35 167
35 168
35 169
35 170
35 171
35 173
35 176
35 179
35 181
35 184
35 186
35 188
35 189
35 190
35 193
35 198
35 201
35 202
35 207
35 208
35 212
35 215
35 220
35 222
35 226
35 230
35 232
35 233
35 234
35 238
35 239
35 242
35 244
35 251
35 253
35 255
35 257
35 259
35 260
35 264
35 268
35 273
35 277
35 279
35 284
35 287
35 292
35 295
35 298
36 40
36 43
36 47
36 51
36 56
36 58
36 59
36 61
36 65
36 71
36 72
36 78
36 86
36 93
36 101
36 102
36 106
36 111
36 127
36 129
36 132
36 133
36 136
36 139
36 141
36 143
36 154
36 155
36 157
36 163
36 164
36 165
36 167
36 168
36 170
36 172
36 175
36 180
36 181
36 183
36 189
36 190
36 207
36 212
36 213
36 215
36 216
36 217
36 218
36 220
36 221
36 222
36 223
36 225
36 229
36 230
36 235
36 238
36 250
36 252
36 254
36 256
36 258
36 263
36 266
36 270
36 275
36 281
36 288
36 290
36 294
36 297
36 298
36 299
37 40
37 41
37 42
37 44
37 47
37 52
37 53
37 54
37 57
37 65
37 66
37 71
37 74
37 76
37 79
37 80
37 82
37 88
37 89
37 96
37 102
37 104
37 111
37 124
37 128
37 134
37 135
37 138
37 145
37 147
37 154
37 157
37 165
37 172
37 175
37 176
37 178
37 181
37 186
37 188
37 190
37 192
37 194
37 199
37 203
37 204
37 206
37 214
37 218
37 222
37 225
37 227
37 228
37 230
37 232
37 233
37 237
37 238
37 239
37 241
37 246
37 254
37 261
37 269
37 273
37 274
37 286
37 294
37 295
37 296
38 45
38 50
38 51
38 52
38 53
38 64
38 66
38 67
38 68
38 70
38 72
38 74
38 79
38 86
38 91
38 93
38 94
38 97
38 99
38 105
38 110
38 114
38 117
38 119
38 131
38 134
38 138
38 139
38 141
38 143
38 144
38 146
38 154
38 160
38 162
38 164
38 167
38 170
38 173
38 177
38 178
38 185
38 186
38 189
38 202
38 203
38 207
38 211
38 216
38 218
38 220
38 222
38 225
38 231
38 232
38 235
38 240
38 245
38 246
38 253
38 260
38 267
38 269
38 270
38 274
38 275
38 285
38 286
38 287
38 290
38 292
39 40
39 46
39 58
39 61
39 62
39 64
39 65
39 67
39 73
39 75
39 79
39 86
39 88
39 95
39 107
39 116
39 137
39 138
39 146
39 150
39 153
39 154
39 159
39 160
39 163
39 165
39 172
39 179
39 181
39 183
39 186
39 189
39 191
39 192
39 193
39 194
39 195
39 199
39 201
39 203
39 204
39 205
39 212
39 218
39 223
39 225
39 228
39 229
39 230
39 231
39 235
39 236
39 237
39 238
39 240
39 241
39 252
39 257
39 261
39 262
39 264
39 271
39 273
39 274
39 282
39 285
39 286
39 287
39 289
39 290
39 296
40 43
40 48
40 51
40 53
40 54
40 56
40 57
40 60
40 63
40 68
40 70
40 72
40 78
40 80
40 81
40 84
40 87
40 88
40 89
40 92
40 95
40 99
40 100
40 101
40 103
40 104
40 105
40 106
40 108
40 109
40 110
40 111
40 113
40 114
40 115
40 118
40 120
40 131
40 132
40 134
40 136
40 148
40 153
40 154
40 157
40 163
40 164
40 168
40 170
40 178
40 179
40 180
40 181
40 182
40 183
40 188
40 192
40 193
40 196
40 197
40 198
40 199
40 200
40 201
40 202
40 203
40 204
40 205
40 206
40 211
40 216
40 217
40 225
40 226
40 231
40 235
40 238
40 240
40 241
40 243
40 248
40 249
40 253
40 255
40 263
40 264
40 267
40 268
40 270
40 271
40 275
40 278
40 287
40 289
40 291
40 292
40 294
40 296
40 299
41 49
41 51
41 54
41 55
41 56
41 65
41 66
41 68
41 70
41 71
41 77
41 83
41 85
41 86
41 96
41 98
41 99
41 100
41 103
41 104
41 105
41 107
41 108
41 109
41 110
41 114
41 116
41 118
41 119
41 120
41 124
41 128
41 132
41 138
41 140
41 144
41 157
41 159
41 162
41 163
41 166
41 167
41 171
41 172
41 187
41 190
41 193
41 198
41 199
41 200
41 201
41 203
41 204
41 207
41 214
41 215
41 216
41 217
41 226
41 227
41 230
41 231
41 234
41 241
41 245
41 252
41 253
41 254
41 268
41 278
41 279
41 282
41 283
41 285
41 288
41 291
41 294
41 296
42 47
42 50
42 51
42 63
42 69
42 74
42 79
42 81
42 82
42 89
42 92
42 95
42 97
42 110
42 111
42 112
42 113
42 117
42 124
42 125
42 128
42 131
42 132
42 133
42 135
42 138
42 141
42 143
42 146
42 152
42 153
42 156
42 159
42 160
42 165
42 166
42 167
42 168
42 172
42 173
42 177
42 179
42 184
42 185
42 189
42 194
42 200
42 203
42 204
42 207
42 220
42 223
42 225
42 234
42 240
42 242
42 247
42 249
42 252
42 254
42 255
42 261
42 264
42 265
42 267
42 270
42 275
42 280
42 281
42 289
43 50
43 54
43 56
43 57
43 64
43 65
43 67
43 69
43 70
43 72
43 82
43 83
43 89
43 91
43 95
43 98
43 102
43 103
43 105
43 106
43 109
43 113
43 119
43 120
43 124
43 130
43 136
43 145
43 147
43 150
43 153
43 159
43 161
43 162
43 165
43 168
43 169
43 181
43 194
43 197
43 207
43 210
43 211
43 212
43 225
43 226
43 233
43 237
43 238
43 243
43 244
43 246
43 249
43 256
43 257
43 258
43 261
43 265
43 269
43 272
43 273
43 276
43 279
43 280
43 282
43 287
43 288
43 294
43 295
43 299
44 48
44 49
44 51
44 53
44 55
44 59
44 67
44 75
44 81
44 82
44 85
44 89
44 91
44 94
44 104
44 105
44 113
44 122
44 123
44 126
44 132
44 140
44 141
44 143
44 144
44 146
44 148
44 151
44 157
44 161
44 163
44 168
44 169
44 171
44 173
44 176
44 179
44 184
44 186
44 187
44 193
44 195
44 198
44 199
44 200
44 202
44 204
44 206
44 213
44 214
44 221
44 222
44 225
44 228
44 231
44 234
44 235
44 238
44 241
44 242
44 243
44 244
44 249
44 252
44 254
44 257
44 258
44 262
44 265
44 266
44 271
44 278
44 279
44 282
44 284
44 288
44 290
44 292
44 294
45 47
45 48
45 49
45 50
45 61
45 66
45 67
45 68
45 86
45 88
45 89
45 95
45 96
45 103
45 106
45 107
45 109
45 120
45 124
45 125
45 128
45 132
45 137
45 138
45 140
45 142
45 145
45 146
45 148
45 149
45 154
45 163
45 174
45 178
45 181
45 183
45 185
45 186
45 189
45 203
45 204
45 220
45 226
45 232
45 233
45 235
45 236
45 239
45 243
45 252
45 254
45 256
45 263
45 269
45 273
45 279
45 281
45 282
45 287
45 289
45 293
45 294
45 298
46 50
46 51
46 52
46 54
46 55
46 56
46 58
46 62
46 63
46 68
46 73
46 75
46 76
46 78
46 83
46 84
46 86
46 89
46 92
46 94
46 106
46 109
46 111
46 117
46 120
46 121
46 124
46 135
46 141
46 143
46 149
46 150
46 154
46 159
46 160
46 164
46 165
46 168
46 170
46 179
46 181
46 185
46 186
46 192
46 194
46 196
46 197
46 198
46 199
46 202
46 206
46 207
46 214
46 218
46 219
46 225
46 226
46 229
46 230
46 232
46 233
46 237
46 244
46 246
46 249
46 251
46 253
46 254
46 257
46 258
46 261
46 263
46 265
46 270
46 271
46 277
46 278
46 281
46 285
46 286
46 289
46 290
46 291
46 293
46 296
47 49
47 50
47 52
47 53
47 54
47 58
47 61
47 64
47 66
47 67
47 69
47 75
47 83
47 84
47 86
47 87
47 89
47 92
47 96
47 98
47 100
47 108
47 114
47 115
47 123
47 124
47 125
47 133
47 142
47 143
47 148
47 166
47 171
47 172
47 178
47 180
47 183
47 186
47 190
47 192
47 204
47 210
47 211
47 212
47 225
47 229
47 232
47 233
47 238
47 239
47 246
47 247
47 249
47 264
47 265
47 268
47 270
47 272
47 273
47 278
47 279
47 283
47 288
47 289
47 293
47 298
48 50
48 53
48 59
48 61
48 62
48 64
48 68
48 69
48 71
48 74
48 76
48 78
48 80
48 83
48 91
48 93
48 95
48 97
48 100
48 102
48 105
48 108
48 111
48 112
48 113
48 115
48 117
48 120
48 124
48 134
48 137
48 141
48 147
48 150
48 151
48 152
48 153
48 154
48 155
48 162
48 168
48 169
48 171
48 172
48 185
48 197
48 198
48 200
48 203
48 204
48 206
48 208
48 209
48 210
48 212
48 214
48 217
48 218
48 219
48 227
48 228
48 232
48 234
48 243
48 244
48 245
48 251
48 254
48 262
48 263
48 264
48 265
48 272
48 273
48 274
48 276
48 283
48 286
48 291
48 292
48 293
48 296
49 60
49 64
49 65
49 67
49 69
49 73
49 74
49 77
49 80
49 83
49 86
49 88
49 89
49 100
49 106
49 107
49 116
49 118
49 120
49 121
49 129
49 131
49 132
49 138
49 151
49 155
49 158
49 160
49 161
49 164
49 167
49 168
49 170
49 172
49 173
49 179
49 189
49 191
49 202
49 206
49 207
49 213
49 217
49 220
49 222
49 224
49 226
49 227
49 228
49 236
49 239
49 241
49 243
49 245
49 247
49 249
49 253
49 255
49 258
49 259
49 261
49 267
49 270
49 271
49 278
49 279
49 282
49 283
49 284
49 286
49 287
49 288
49 289
49 291
49 294
49 297
50 51
50 64
50 68
50 69
50 71
50 72
50 73
50 78
50 81
50 84
50 88
50 97
50 106
50 111
50 112
50 113
50 117
50 118
50 121
50 123
50 124
50 127
50 134
50 138
50 141
50 143
50 145
50 150
50 151
50 153
50 166
50 171
50 172
50 174
50 178
50 181
50 183
50 185
50 187
50 190
50 196
50 197
50 199
50 201
50 205
50 211
50 213
50 216
50 219
50 220
50 223
50 225
50 231
50 234
50 236
50 237
50 244
50 246
50 254
50 256
50 260
50 262
50 263
50 264
50 269
50 273
50 274
50 276
50 278
50 280
50 281
50 284
50 290
50 292
50 294
50 297
50 298
51 54
51 57
51 59
51 62
51 63
51 67
51 75
51 77
51 82
51 84
51 87
51 92
51 94
51 95
51 100
51 101
51 104
51 108
51 110
51 113
51 116
51 117
51 121
51 124
51 125
51 131
51 136
51 141
51 147
51 159
51 163
51 166
51 170
51 179
51 184
51 190
51 191
51 195
51 200
51 201
51 203
51 204
51 209
51 216
51 217
51 218
51 228
51 236
51 241
51 242
51 243
51 247
51 250
51 255
51 261
51 266
51 270
51 277
51 280
51 282
51 290
51 298
52 53
52 55
52 60
52 62
52 63
52 68
52 70
52 71
52 74
52 88
52 90
52 92
52 97
52 101
52 113
52 115
52 118
52 119
52 120
52 123
52 124
52 129
52 135
52 139
52 143
52 146
52 147
52 148
52 150
52 160
52 166
52 169
52 173
52 174
52 179
52 190
52 191
52 193
52 197
52 204
52 209
52 213
52 215
52 223
52 225
52 226
52 228
52 230
52 236
52 238
52 242
52 244
52 248
52 251
52 252
52 260
52 262
52 265
52 266
52 270
52 271
52 274
52 278
52 280
52 285
52 286
52 289
52 290
52 292
52 295
52 296
52 298
52 299
53 58
53 61
53 64
53 69
53 78
53 87
53 88
53 90
53 98
53 99
53 102
53 107
53 114
53 118
53 120
53 122
53 128
53 133
53 144
53 145
53 147
53 150
53 160
53 164
53 165
53 169
53 178
53 181
53 182
53 184
53 191
53 194
53 196
53 198
53 199
53 201
53 202
53 216
53 217
53 218
53 219
53 226
53 227
53 230
53 239
53 240
53 244
53 250
53 252
53 254
53 255
53 258
53 259
53 261
53 263
53 264
53 265
53 271
53 274
53 278
53 279
53 281
53 284
53 290
53 299
54 56
54 57
54 59
54 60
54 74
54 77
54 84
54 86
54 87
54 88
54 90
54 92
54 94
54 103
54 105
54 112
54 113
54 115
54 116
54 119
54 122
54 124
54 127
54 131
54 133
54 137
54 138
54 141
54 142
54 143
54 144
54 155
54 156
54 157
54 160
54 162
54 165
54 166
54 169
54 170
54 171
54 175
54 176
54 177
54 180
54 181
54 183
54 186
54 189
54 192
54 195
54 207
54 210
54 211
54 215
54 218
54 220
54 224
54 225
54 228
54 229
54 231
54 232
54 235
54 237
54 238
54 240
54 242
54 243
54 249
54 252
54 254
54 256
54 267
54 269
54 271
54 272
54 277
54 278
54 280
54 284
54 288
54 290
54 292
54 297
55 59
55 64
55 68
55 70
55 72
55 74
55 75
55 76
55 79
55 81
55 82
55 83
55 86
55 90
55 95
55 98
55 105
55 108
55 112
55 115
55 116
55 118
55 122
55 123
55 125
55 126
55 127
55 132
55 135
55 143
55 155
55 156
55 158
55 170
55 175
55 176
55 178
55 180
55 199
55 200
55 202
55 204
55 206
55 207
55 212
55 213
55 222
55 228
55 229
55 236
55 238
55 242
55 246
55 248
55 252
55 260
55 264
55 267
55 269
55 270
55 273
55 276
55 277
55 284
55 285
55 287
55 288
55 289
55 296
56 60
56 72
56 73
56 79
56 85
56 91
56 92
56 94
56 100
56 101
56 105
56 110
56 113
56 124
56 125
56 131
56 135
56 136
56 139
56 141
56 154
56 158
56 161
56 163
56 164
56 165
56 169
56 172
56 173
56 174
56 175
56 180
56 181
56 189
56 191
56 193
56 198
56 200
56 201
56 204
56 216
56 217
56 220
56 225
56 229
56 234
56 236
56 237
56 243
56 244
56 246
56 247
56 252
56 254
56 257
56 258
56 260
56 262
56 268
56 273
56 275
56 282
56 283
56 286
56 290
56 291
56 299
57 61
57 65
57 67
57 68
57 71
57 76
57 78
57 79
57 84
57 89
57 90
57 91
57 99
57 100
57 103
57 104
57 107
57 108
57 109
57 110
57 124
57 128
57 129
57 130
57 131
57 136
57 139
57 141
57 144
57 145
57 147
57 153
57 156
57 163
57 166
57 167
57 171
57 172
57 173
57 175
57 176
57 181
57 185
57 186
57 188
57 192
57 194
57 196
57 198
57 202
57 209
57 211
57 212
57 213
57 216
57 219
57 220
57 223
57 225
57 227
57 228
57 233
57 238
57 245
57 247
57 248
57 249
57 250
57 255
57 257
57 258
57 259
57 260
57 262
57 264
57 267
57 270
57 273
57 274
57 275
57 279
57 287
57 294
57 296
57 297
58 61
58 62
58 67
58 79
58 83
58 84
58 85
58 89
58 96
58 98
58 102
58 107
58 109
58 111
58 113
58 115
58 122
58 126
58 127
58 128
58 130
58 135
58 138
58 140
58 145
58 147
58 151
58 153
58 154
58 156
58 157
58 158
58 159
58 162
58 169
58 171
58 190
58 195
58 201
58 202
58 206
58 209
58 210
58 215
58 220
58 222
58 224
58 225
58 226
58 227
58 236
58 243
58 244
58 245
58 246
58 252
58 256
58 259
58 262
58 264
58 265
58 270
58 276
58 277
58 280
58 281
58 283
58 284
58 286
58 287
58 288
58 292
59 63
59 64
59 66
59 67
59 70
59 73
59 75
59 77
59 88
59 89
59 92
59 94
59 98
59 99
59 100
59 102
59 109
59 112
59 113
59 117
59 120
59 126
59 128
59 129
59 132
59 133
59 135
59 140
59 147
59 152
59 155
59 160
59 166
59 177
59 178
59 180
59 181
59 187
59 190
59 193
59 194
59 197
59 198
59 206
59 207
59 218
59 221
59 227
59 232
59 234
59 237
59 238
59 239
59 242
59 243
59 244
59 247
59 252
59 255
59 258
59 271
59 272
59 275
59 278
59 287
59 289
59 294
59 299
60 61
60 66
60 75
60 76
60 83
60 87
60 89
60 90
60 93
60 94
60 96
60 97
60 99
60 110
60 122
60 128
60 130
60 132
60 133
60 136
60 137
60 138
60 141
60 149
60 154
60 155
60 158
60 160
60 164
60 165
60 166
60 169
60 179
60 182
60 188
60 189
60 195
60 196
60 208
60 215
60 219
60 228
60 230
60 232
60 234
60 237
60 238
60 239
60 245
60 247
60 250
60 256
60 258
60 264
60 268
60 276
60 278
60 281
60 282
60 284
60 291
60 292
60 294
60 295
60 296
61 65
61 66
61 67
61 69
61 74
61 75
61 76
61 85
61 87
61 89
61 90
61 99
61 108
61 109
61 115
61 117
61 124
61 127
61 129
61 131
61 138
61 139
61 141
61 143
61 149
61 153
61 156
61 158
61 165
61 172
61 173
61 174
61 177
61 181
61 185
61 187
61 189
61 195
61 197
61 198
61 200
61 201
61 204
61 205
61 209
61 210
61 212
61 214
61 215
61 219
61 220
61 223
61 226
61 229
61 230
61 231
61 235
61 236
61 237
61 238
61 245
61 248
61 250
61 255
61 256
61 270
61 272
61 279
61 282
61 283
62 64
62 66
62 68
62 70
62 73
62 74
62 76
62 81
62 82
62 84
62 99
62 105
62 108
62 110
62 111
62 117
62 121
62 122
62 126
62 130
62 131
62 143
62 145
62 147
62 153
62 158
62 159
62 165
62 166
62 169
62 173
62 175
62 184
62 190
62 193
62 195
62 200
62 203
62 204
62 207
62 208
62 209
62 210
62 211
62 218
62 219
62 222
62 223
62 225
62 226
62 227
62 228
62 231
62 233
62 238
62 241
62 243
62 244
62 249
62 250
62 254
62 255
62 256
62 261
62 263
62 269
62 272
62 274
62 282
62 286
62 287
62 288
62 289
62 294
62 296
62 298
63 70
63 71
63 74
63 76
63 78
63 79
63 83
63 87
63 96
63 99
63 100
63 107
63 112
63 114
63 115
63 126
63 135
63 136
63 137
63 142
63 148
63 149
63 151
63 152
63 154
63 155
63 161
63 163
63 164
63 166
63 174
63 175
63 178
63 180
63 182
63 187
63 189
63 204
63 205
63 210
63 214
63 215
63 218
63 219
63 220
63 222
63 225
63 231
63 235
63 236
63 239
63 242
63 244
63 246
63 247
63 252
63 254
63 261
63 263
63 266
63 269
63 271
63 278
63 280
63 281
63 286
63 287
63 288
63 290
63 296
63 297
63 298
64 70
64 77
64 80
64 83
64 97
64 100
64 112
64 118
64 120
64 124
64 125
64 127
64 133
64 134
64 136
64 138
64 139
64 140
64 146
64 151
64 153
64 157
64 158
64 160
64 161
64 165
64 175
64 179
64 180
64 184
64 186
64 192
64 195
64 198
64 199
64 203
64 227
64 230
64 233
64 244
64 245
64 249
64 255
64 258
64 268
64 269
64 276
64 277
64 278
64 279
64 280
64 282
64 283
64 285
64 287
64 289
64 293
64 298
65 71
65 72
65 73
65 80
65 83
65 86
65 93
65 94
65 96
65 97
65 99
65 100
65 102
65 105
65 110
65 113
65 115
65 116
65 118
65 120
65 121
65 126
65 127
65 129
65 131
65 134
65 136
65 142
65 143
65 145
65 146
65 148
65 149
65 156
65 158
65 159
65 160
65 164
65 165
65 168
65 172
65 174
65 178
65 179
65 180
65 184
65 185
65 189
65 192
65 193
65 196
65 198
65 209
65 210
65 211
65 217
65 227
65 228
65 230
65 232
65 235
65 238
65 253
65 254
65 258
65 260
65 261
65 264
65 265
65 266
65 269
65 271
65 274
66 67
66 69
66 70
66 73
66 77
66 82
66 83
66 84
66 85
66 86
66 88
66 93
66 101
66 103
66 104
66 105
66 107
66 108
66 109
66 110
66 112
66 113
66 128
66 131
66 133
66 134
66 143
66 147
66 148
66 158
66 159
66 165
66 168
66 173
66 179
66 182
66 183
66 186
66 187
66 191
66 193
66 199
66 203
66 206
66 210
66 212
66 213
66 214
66 218
66 221
66 229
66 235
66 240
66 243
66 245
66 251
66 266
66 267
66 274
66 276
66 279
66 285
66 288
66 293
66 296
66 299
67 68
67 72
67 73
67 77
67 80
67 82
67 85
67 89
67 90
67 91
67 92
67 100
67 105
67 107
67 110
67 113
67 114
67 115
67 124
67 127
67 130
67 133
67 135
67 139
67 145
67 147
67 148
67 150
67 154
67 164
67 171
67 177
67 178
67 179
67 190
67 192
67 193
67 194
67 195
67 196
67 200
67 207
67 216
67 217
67 218
67 219
67 224
67 226
67 229
67 231
67 234
67 236
67 237
67 242
67 251
67 253
67 256
67 260
67 264
67 265
67 267
67 274
67 275
67 286
67 287
67 288
67 291
67 295
67 298
67 299
68 71
68 72
68 74
68 75
68 79
68 81
68 82
68 86
68 87
68 91
68 95
68 96
68 99
68 108
68 109
68 111
68 112
68 113
68 115
68 119
68 120
68 122
68 126
68 128
68 133
68 134
68 137
68 145
68 151
68 153
68 156
68 157
68 159
68 161
68 164
68 166
68 173
68 178
68 180
68 181
68 187
68 188
68 189
68 199
68 207
68 213
68 220
68 224
68 226
68 237
68 242
68 244
68 246
68 250
68 262
68 263
68 264
68 265
68 267
68 268
68 270
68 271
68 273
68 274
68 277
68 285
68 290
68 291
68 292
68 294
69 70
69 73
69 78
69 81
69 82
69 84
69 88
69 89
69 93
69 96
69 105
69 106
69 109
69 114
69 116
69 120
69 121
69 122
69 123
69 125
69 126
69 127
69 139
69 141
69 161
69 162
69 164
69 172
69 175
69 178
69 180
69 182
69 185
69 189
69 190
69 194
69 196
69 199
69 202
69 203
69 206
69 207
69 214
69 220
69 221
69 223
69 229
69 230
69 231
69 236
69 240
69 244
69 246
69 249
69 250
69 253
69 254
69 257
69 259
69 262
69 270
69 275
69 279
69 284
69 289
69 293
70 84
70 85
70 88
70 94
70 99
70 100
70 101
70 102
70 103
70 104
70 108
70 109
70 110
70 111
70 112
70 115
70 118
70 119
70 121
70 124
70 127
70 128
70 129
70 132
70 135
70 136
70 141
70 143
70 146
70 149
70 150
70 152
70 153
70 154
70 156
70 157
70 161
70 164
70 165
70 167
70 173
70 176
70 177
70 179
70 180
70 181
70 183
70 186
70 193
70 198
70 199
70 202
70 205
70 206
70 211
70 212
70 213
70 216
70 217
70 219
70 220
70 221
70 225
70 226
70 228
70 232
70 233
70 242
70 244
70 251
70 252
70 257
70 258
70 262
70 263
70 264
70 265
70 266
70 268
70 269
70 275
70 283
70 284
70 286
70 288
70 290
70 291
70 294
70 298
71 75
71 76
71 78
71 81
71 86
71 91
71 92
71 102
71 103
71 104
71 108
71 109
71 111
71 116
71 117
71 119
71 120
71 122
71 125
71 126
71 131
71 135
71 137
71 140
71 143
71 149
71 150
71 152
71 154
71 155
71 156
71 162
71 167
71 168
71 185
71 186
71 190
71 193
71 204
71 205
71 209
71 211
71 212
71 215
71 223
71 224
71 226
71 232
71 233
71 234
71 237
71 239
71 240
71 242
71 243
71 245
71 249
71 250
71 259
71 261
71 263
71 266
71 267
71 273
71 280
71 281
71 293
71 298
71 299
72 73
72 77
72 79
72 83
72 89
72 90
72 93
72 98
72 99
72 105
72 106
72 107
72 108
72 114
72 122
72 123
72 126
72 127
72 133
72 134
72 138
72 140
72 142
72 145
72 150
72 152
72 153
72 155
72 156
72 163
72 164
72 167
72 172
72 183
72 184
72 188
72 190
72 191
72 195
72 198
72 199
72 201
72 208
72 209
72 214
72 220
72 221
72 222
72 224
72 225
72 233
72 235
72 236
72 237
72 238
72 240
72 246
72 247
72 249
72 261
72 262
72 264
72 276
72 279
72 282
72 287
72 289
72 295
72 297
72 298
73 76
73 81
73 82
73 87
73 88
73 89
73 90
73 91
73 92
73 100
73 103
73 105
73 112
73 121
73 127
73 138
73 145
73 146
73 149
73 150
73 151
73 152
73 156
73 158
73 165
73 168
73 175
73 177
73 180
73 183
73 185
73 191
73 192
73 206
73 207
73 215
73 218
73 222
73 224
73 226
73 232
73 234
73 236
73 238
73 245
73 253
73 254
73 255
73 256
73 261
73 262
73 264
73 265
73 268
73 270
73 273
73 278
73 279
73 283
73 285
73 288
73 290
73 296
73 297
73 298
73 299
74 79
74 80
74 82
74 83
74 84
74 86
74 87
74 88
74 94
74 96
74 97
74 98
74 99
74 101
74 102
74 106
74 110
74 113
74 114
74 120
74 122
74 123
74 124
74 125
74 129
74 136
74 138
74 139
74 140
74 142
74 143
74 144
74 148
74 150
74 151
74 156
74 158
74 160
74 161
74 164
74 173
74 174
74 178
74 179
74 182
74 184
74 187
74 191
74 194
74 196
74 198
74 199
74 203
74 207
74 209
74 214
74 217
74 225
74 227
74 229
74 233
74 234
74 236
74 242
74 243
74 246
74 249
74 253
74 262
74 265
74 275
74 277
74 278
74 281
74 284
74 287
74 290
75 87
75 93
75 97
75 112
75 115
75 117
75 121
75 122
75 126
75 128
75 130
75 131
75 138
75 144
75 148
75 149
75 154
75 155
75 158
75 160
75 162
75 164
75 167
75 171
75 172
75 176
75 177
75 181
75 182
75 190
75 193
75 195
75 198
75 200
75 204
75 205
75 207
75 208
75 212
75 213
75 215
75 218
75 232
75 241
75 242
75 245
75 246
75 247
75 248
75 254
75 266
75 268
75 271
75 272
75 276
75 281
75 283
75 284
75 285
75 292
76 77
76 78
76 86
76 87
76 88
76 91
76 92
76 98
76 104
76 116
76 119
76 125
76 126
76 127
76 130
76 131
76 134
76 142
76 145
76 147
76 148
76 150
76 151
76 155
76 156
76 161
76 172
76 176
76 177
76 178
76 181
76 184
76 188
76 191
76 192
76 203
76 205
76 206
76 219
76 236
76 240
76 241
76 244
76 245
76 246
76 250
76 252
76 253
76 256
76 257
76 263
76 272
76 275
76 278
76 279
76 280
76 281
76 282
76 286
76 289
76 290
76 291
76 294
76 295
77 82
77 83
77 89
77 91
77 92
77 93
77 96
77 98
77 102
77 107
77 112
77 115
77 124
77 134
77 146
77 147
77 150
77 154
77 158
77 160
77 161
77 168
77 172
77 174
77 175
77 176
77 178
77 179
77 180
77 181
77 185
77 191
77 193
77 201
77 202
77 204
77 205
77 206
77 211
77 212
77 214
77 215
77 216
77 218
77 225
77 226
77 228
77 229
77 232
77 233
77 238
77 242
77 246
77 249
77 250
77 252
77 255
77 259
77 262
77 268
77 273
77 275
77 285
77 286
77 288
77 294
78 80
78 82
78 84
78 88
78 90
78 93
78 101
78 103
78 107
78 115
78 116
78 121
78 122
78 128
78 142
78 145
78 147
78 148
78 159
78 161
78 167
78 171
78 172
78 173
78 177
78 181
78 189
78 191
78 193
78 194
78 196
78 199
78 200
78 208
78 210
78 211
78 217
78 218
78 224
78 227
78 230
78 243
78 248
78 250
78 252
78 253
78 254
78 262
78 267
78 268
78 273
78 275
78 277
78 279
78 283
78 285
78 291
78 293
78 296
79 80
79 84
79 89
79 91
79 99
79 100
79 101
79 104
79 107
79 109
79 111
79 114
79 115
79 116
79 117
79 119
79 121
79 128
79 133
79 135
79 139
79 149
79 150
79 151
79 152
79 154
79 158
79 159
79 162
79 163
79 164
79 165
79 169
79 179
79 182
79 183
79 184
79 193
79 194
79 200
79 201
79 211
79 227
79 229
79 234
79 238
79 241
79 243
79 246
79 247
79 250
79 252
79 262
79 264
79 267
79 271
79 272
79 273
79 277
79 278
79 281
79 283
79 285
79 287
79 289
79 294
79 299
80 84
80 85
80 89
80 90
80 96
80 97
80 98
80 99
80 101
80 102
80 109
80 121
80 123
80 126
80 135
80 136
80 141
80 143
80 144
80 146
80 155
80 157
80 162
80 169
80 170
80 171
80 172
80 176
80 183
80 188
80 189
80 190
80 192
80 193
80 195
80 196
80 197
80 208
80 211
80 216
80 217
80 222
80 223
80 226
80 229
80 230
80 231
80 232
80 233
80 235
80 238
80 245
80 248
80 250
80 258
80 260
80 262
80 267
80 269
80 271
80 273
80 276
80 288
80 291
80 294
80 297
80 298
81 84
81 90
81 92
81 93
81 94
81 100
81 102
81 108
81 109
81 111
81 112
81 120
81 126
81 127
81 128
81 131
81 132
81 133
81 134
81 136
81 139
81 141
81 152
81 153
81 164
81 168
81 169
81 170
81 175
81 180
81 181
81 192
81 193
81 194
81 195
81 196
81 205
81 207
81 208
81 213
81 216
81 221
81 223
81 225
81 226
81 227
81 229
81 230
81 231
81 233
81 234
81 237
81 238
81 239
81 241
81 247
81 249
81 252
81 255
81 259
81 261
81 263
81 265
81 266
81 269
81 271
81 273
81 274
81 276
81 277
81 278
81 282
81 285
81 289
82 87
82 97
82 98
82 101
82 103
82 105
82 108
82 110
82 114
82 115
82 116
82 117
82 123
82 124
82 128
82 129
82 132
82 133
82 138
82 143
82 146
82 154
82 160
82 165
82 169
82 170
82 172
82 179
82 184
82 186
82 187
82 195
82 197
82 200
82 203
82 205
82 207
82 209
82 211
82 212
82 219
82 220
82 221
82 225
82 232
82 237
82 243
82 247
82 250
82 252
82 253
82 255
82 258
82 260
82 263
82 264
82 265
82 266
82 267
82 269
82 281
82 282
82 284
82 287
82 289
82 294
82 296
82 299
83 84
83 87
83 89
83 90
83 91
83 96
83 100
83 101
83 105
83 107
83 108
83 109
83 114
83 116
83 123
83 124
83 126
83 130
83 131
83 135
83 140
83 142
83 143
83 144
83 146
83 150
83 153
83 155
83 160
83 164
83 167
83 169
83 172
83 174
83 177
83 178
83 180
83 183
83 185
83 186
83 189
83 192
83 198
83 205
83 208
83 209
83 223
83 224
83 230
83 237
83 238
83 248
83 252
83 253
83 254
83 255
83 256
83 258
83 262
83 263
83 264
83 265
83 266
83 277
83 278
83 280
83 282
83 283
83 284
83 286
83 288
83 289
83 294
83 299
84 88
84 93
84 96
84 97
84 103
84 109
84 113
84 115
84 124
84 125
84 129
84 132
84 135
84 136
84 141
84 145
84 146
84 147
84 148
84 149
84 150
84 151
84 152
84 155
84 161
84 166
84 172
84 175
84 176
84 179
84 180
84 181
84 182
84 183
84 186
84 188
84 192
84 198
84 201
84 204
84 212
84 214
84 216
84 219
84 226
84 228
84 230
84 233
84 237
84 241
84 242
84 246
84 248
84 255
84 257
84 261
84 265
84 281
84 290
84 293
84 299
85 92
85 93
85 101
85 111
85 113
85 114
85 115
85 119
85 122
85 127
85 131
85 135
85 137
85 140
85 152
85 153
85 155
85 156
85 157
85 160
85 162
85 165
85 167
85 168
85 170
85 173
85 180
85 182
85 184
85 187
85 192
85 194
85 196
85 200
85 210
85 224
85 230
85 232
85 242
85 246
85 248
85 250
85 251
85 252
85 259
85 260
85 262
85 263
85 264
85 267
85 280
85 289
85 294
85 297
85 299
86 87
86 97
86 101
86 104
86 106
86 109
86 111
86 112
86 113
86 114
86 122
86 128
86 129
86 132
86 136
86 137
86 138
86 143
86 144
86 146
86 148
86 149
86 150
86 154
86 155
86 156
86 159
86 160
86 162
86 166
86 168
86 175
86 178
86 187
86 191
86 201
86 205
86 206
86 217
86 220
86 223
86 224
86 232
86 234
86 238
86 239
86 240
86 241
86 242
86 246
86 253
86 262
86 263
86 266
86 271
86 272
86 274
86 285
86 286
86 289
86 293
86 295
86 297
86 298
87 89
87 90
87 91
87 92
87 105
87 106
87 108
87 111
87 112
87 113
87 119
87 124
87 125
87 127
87 128
87 131
87 139
87 153
87 173
87 174
87 177
87 180
87 184
87 188
87 190
87 192
87 195
87 199
87 202
87 203
87 207
87 221
87 222
87 225
87 227
87 228
87 229
87 231
87 235
87 247
87 248
87 250
87 253
87 256
87 258
87 259
87 281
87 283
87 298
88 93
88 95
88 99
88 106
88 113
88 117
88 122
88 125
88 126
88 127
88 128
88 134
88 135
88 138
88 147
88 153
88 157
88 162
88 164
88 169
88 174
88 177
88 188
88 189
88 190
88 191
88 198
88 200
88 204
88 206
88 207
88 215
88 216
88 217
88 220
88 221
88 223
88 226
88 228
88 229
88 230
88 232
88 236
88 237
88 241
88 242
88 252
88 253
88 261
88 267
88 268
88 270
88 271
88 272
88 275
88 277
88 284
88 285
88 286
88 287
88 292
88 298
89 97
89 99
89 100
89 102
89 106
89 108
89 113
89 116
89 117
89 126
89 129
89 133
89 137
89 147
89 152
89 154
89 155
89 156
89 158
89 165
89 166
89 168
89 171
89 177
89 180
89 186
89 188
89 191
89 192
89 194
89 204
89 206
89 216
89 217
89 218
89 219
89 222
89 233
89 238
89 243
89 245
89 250
89 255
89 256
89 257
89 262
89 268
89 270
89 272
89 274
89 280
89 281
89 283
89 286
89 287
89 291
89 292
89 294
89 296
89 297
89 298
89 299
90 92
90 95
90 96
90 98
90 109
90 114
90 119
90 125
90 130
90 133
90 137
90 138
90 141
90 143
90 150
90 152
90 163
90 164
90 170
90 171
90 174
90 184
90 185
90 186
90 187
90 192
90 193
90 195
90 198
90 200
90 206
90 212
90 213
90 215
90 218
90 222
90 226
90 237
90 239
90 242
90 243
90 244
90 245
90 252
90 261
90 266
90 273
90 281
90 283
90 284
90 286
90 292
90 295
91 94
91 109
91 116
91 119
91 122
91 125
91 126
91 127
91 128
91 130
91 133
91 134
91 138
91 141
91 142
91 150
91 151
91 154
91 157
91 164
91 166
91 167
91 171
91 173
91 176
91 177
91 180
91 183
91 184
91 185
91 187
91 192
91 197
91 200
91 201
91 205
91 208
91 209
91 211
91 213
91 214
91 215
91 217
91 221
91 223
91 224
91 226
91 229
91 230
91 234
91 239
91 249
91 251
91 252
91 258
91 259
91 260
91 261
91 262
91 267
91 270
91 271
91 275
91 276
91 278
91 280
91 283
91 285
91 286
91 288
91 290
91 291
91 299
92 97
92 100
92 105
92 109
92 112
92 118
92 119
92 129
92 134
92 136
92 137
92 140
92 141
92 142
92 143
92 147
92 148
92 149
92 151
92 154
92 160
92 164
92 167
92 168
92 187
92 188
92 191
92 192
92 200
92 211
92 218
92 220
92 221
92 222
92 225
92 227
92 228
92 230
92 232
92 233
92 234
92 235
92 239
92 242
92 246
92 247
92 250
92 255
92 256
92 261
92 263
92 264
92 268
92 269
92 271
92 273
92 277
92 278
92 280
92 289
92 290
92 294
93 94
93 103
93 107
93 113
93 115
93 124
93 125
93 128
93 133
93 137
93 139
93 144
93 146
93 149
93 151
93 152
93 153
93 166
93 167
93 168
93 170
93 171
93 174
93 177
93 178
93 181
93 184
93 185
93 187
93 190
93 193
93 197
93 198
93 199
93 202
93 207
93 208
93 214
93 215
93 223
93 228
93 230
93 231
93 232
93 235
93 244
93 245
93 259
93 263
93 265
93 274
93 279
93 285
93 291
93 292
93 296
93 298
94 95
94 96
94 100
94 101
94 109
94 112
94 113
94 116
94 119
94 122
94 124
94 134
94 136
94 137
94 146
94 149
94 151
94 152
94 153
94 154
94 155
94 156
94 164
94 167
94 184
94 189
94 195
94 196
94 200
94 202
94 207
94 209
94 211
94 212
94 213
94 217
94 224
94 225
94 231
94 233
94 241
94 245
94 246
94 247
94 258
94 263
94 264
94 265
94 270
94 280
94 287
94 290
94 294
95 98
95 101
95 106
95 107
95 108
95 110
95 111
95 112
95 118
95 119
95 125
95 132
95 140
95 143
95 144
95 145
95 146
95 159
95 166
95 167
95 174
95 175
95 176
95 177
95 179
95 180
95 181
95 183
95 184
95 188
95 191
95 192
95 194
95 196
95 198
95 202
95 208
95 210
95 213
95 214
95 215
95 221
95 222
95 228
95 234
95 237
95 239
95 245
95 247
95 249
95 250
95 252
95 255
95 265
95 266
95 270
95 271
95 278
95 281
95 283
95 289
95 293
95 294
95 295
95 299
96 99
96 106
96 108
96 109
96 110
96 113
96 122
96 126
96 131
96 139
96 142
96 149
96 152
96 155
96 156
96 157
96 166
96 170
96 172
96 177
96 179
96 181
96 185
96 191
96 199
96 201
96 202
96 203
96 205
96 210
96 214
96 215
96 217
96 218
96 220
96 227
96 228
96 230
96 235
96 237
96 238
96 239
96 240
96 243
96 246
96 249
96 252
96 255
96 256
96 264
96 268
96 275
96 276
96 285
96 286
96 291
96 292
96 294
96 296
96 298
96 299
97 98
97 101
97 106
97 108
97 110
97 112
97 114
97 119
97 123
97 125
97 127
97 136
97 140
97 141
97 143
97 145
97 146
97 149
97 152
97 154
97 155
97 162
97 163
97 173
97 178
97 179
97 180
97 192
97 196
97 209
97 211
97 214
97 218
97 220
97 221
97 225
97 226
97 228
97 229
97 231
97 246
97 255
97 256
97 258
97 262
97 263
97 272
97 281
97 287
97 295
97 299
98 102
98 108
98 110
98 111
98 112
98 119
98 120
98 121
98 123
98 125
98 130
98 132
98 134
98 135
98 136
98 137
98 143
98 147
98 149
98 154
98 156
98 160
98 161
98 164
98 168
98 169
98 172
98 177
98 188
98 192
98 195
98 198
98 200
98 214
98 218
98 219
98 223
98 227
98 230
98 232
98 234
98 237
98 238
98 242
98 243
98 247
98 251
98 254
98 256
98 257
98 264
98 266
98 272
98 273
98 274
98 275
98 277
98 279
98 287
98 289
98 291
98 295
98 296
98 298
98 299
99 101
99 102
99 105
99 106
99 108
99 111
99 118
99 120
99 122
99 133
99 142
99 143
99 146
99 151
99 153
99 154
99 158
99 161
99 162
99 163
99 168
99 172
99 177
99 181
99 187
99 196
99 203
99 207
99 216
99 223
99 225
99 228
99 240
99 243
99 245
99 249
99 250
99 252
99 257
99 259
99 260
99 261
99 262
99 266
99 267
99 268
99 270
99 272
99 273
99 274
99 275
99 276
99 279
99 292
99 293
99 297
99 299
100 109
100 113
100 118
100 124
100 126
100 127
100 130
100 132
100 136
100 141
100 142
100 146
100 151
100 154
100 156
100 158
100 161
100 164
100 166
100 167
100 177
100 182
100 184
100 188
100 193
100 195
100 197
100 198
100 204
100 205
100 206
100 208
100 209
100 212
100 215
100 221
100 222
100 223
100 224
100 225
100 226
100 231
100 240
100 241
100 242
100 244
100 246
100 247
100 255
100 257
100 260
100 264
100 265
100 267
100 269
100 271
100 278
100 280
100 282
100 288
100 291
100 294
101 109
101 110
101 116
101 117
101 118
101 123
101 124
101 126
101 134
101 137
101 139
101 143
101 157
101 166
101 173
101 175
101 184
101 186
101 188
101 190
101 202
101 203
101 206
101 207
101 208
101 217
101 225
101 228
101 231
101 235
101 236
101 237
101 238
101 240
101 243
101 244
101 249
101 250
101 251
101 253
101 254
101 255
101 256
101 263
101 264
101 267
101 269
101 276
101 277
101 278
101 279
101 285
101 287
101 288
101 296
101 297
102 107
102 112
102 113
102 114
102 118
102 121
102 127
102 128
102 132
102 133
102 135
102 137
102 138
102 139
102 141
102 143
102 145
102 148
102 153
102 157
102 158
102 159
102 167
102 168
102 177
102 181
102 183
102 186
102 187
102 190
102 191
102 193
102 194
102 195
102 198
102 199
102 202
102 205
102 208
102 211
102 213
102 215
102 220
102 224
102 226
102 227
102 238
102 239
102 240
102 247
102 249
102 254
102 256
102 261
102 266
102 272
102 273
102 276
102 278
102 281
102 288
102 290
102 295
102 296
102 298
103 104
103 106
103 109
103 112
103 117
103 121
103 124
103 126
103 127
103 128
103 129
103 131
103 136
103 138
103 140
103 148
103 156
103 157
103 160
103 162
103 164
103 170
103 175
103 176
103 183
103 188
103 192
103 193
103 195
103 197
103 202
103 203
103 206
103 211
103 215
103 218
103 222
103 225
103 229
103 230
103 233
103 237
103 238
103 240
103 241
103 244
103 247
103 248
103 250
103 251
103 256
103 258
103 268
103 269
103 277
103 278
103 279
103 281
103 284
103 291
103 294
103 297
104 107
104 110
104 114
104 119
104 120
104 122
104 124
104 125
104 127
104 129
104 132
104 145
104 149
104 155
104 157
104 166
104 167
104 168
104 170
104 174
104 177
104 186
104 197
104 201
104 209
104 211
104 217
104 218
104 219
104 220
104 222
104 225
104 226
104 227
104 231
104 232
104 233
104 234
104 246
104 251
104 253
104 254
104 265
104 267
104 271
104 274
104 275
104 283
104 284
104 286
104 289
104 294
104 298
105 107
105 111
105 114
105 115
105 118
105 121
105 124
105 127
105 128
105 132
105 137
105 138
105 139
105 143
105 146
105 150
105 151
105 153
105 158
105 159
105 161
105 164
105 169
105 170
105 171
105 175
105 176
105 178
105 179
105 186
105 188
105 189
105 190
105 191
105 193
105 196
105 197
105 199
105 201
105 206
105 209
105 210
105 211
105 213
105 216
105 219
105 222
105 223
105 224
105 229
105 236
105 239
105 242
105 244
105 247
105 260
105 261
105 264
105 265
105 266
105 267
105 268
105 272
105 276
105 279
105 283
105 288
105 292
105 298
106 107
106 108
106 110
106 112
106 114
106 115
106 116
106 123
106 125
106 127
106 130
106 132
106 133
106 136
106 140
106 147
106 149
106 150
106 152
106 154
106 156
106 159
106 160
106 175
106 177
106 183
106 184
106 187
106 189
106 191
106 194
106 196
106 197
106 206
106 216
106 224
106 225
106 232
106 234
106 237
106 238
106 239
106 243
106 249
106 252
106 254
106 256
106 257
106 269
106 270
106 274
106 280
106 283
106 285
106 294
106 298
106 299
107 110
107 114
107 116
107 123
107 124
107 128
107 132
107 135
107 140
107 143
107 144
107 159
107 161
107 162
107 163
107 172
107 181
107 183
107 184
107 186
107 196
107 202
107 203
107 204
107 205
107 210
107 215
107 216
107 217
107 224
107 230
107 232
107 234
107 237
107 238
107 240
107 241
107 244
107 245
107 247
107 256
107 261
107 264
107 265
107 268
107 270
107 274
107 275
107 277
107 278
107 279
107 287
107 289
107 291
107 295
107 299
108 114
108 115
108 119
108 121
108 122
108 123
108 128
108 134
108 138
108 141
108 142
108 146
108 148
108 149
108 160
108 161
108 165
108 167
108 176
108 177
108 180
108 185
108 191
108 195
108 201
108 203
108 204
108 208
108 210
108 211
108 214
108 219
108 223
108 224
108 228
108 229
108 231
108 232
108 237
108 241
108 245
108 247
108 248
108 251
108 254
108 256
108 260
108 270
108 274
108 276
108 277
108 278
108 279
108 285
108 286
108 291
109 115
109 117
109 120
109 123
109 125
109 127
109 129
109 136
109 137
109 142
109 143
109 154
109 156
109 160
109 167
109 169
109 171
109 178
109 179
109 182
109 183
109 185
109 189
109 190
109 195
109 196
109 198
109 201
109 207
109 209
109 211
109 212
109 213
109 216
109 221
109 226
109 229
109 232
109 235
109 236
109 239
109 240
109 247
109 251
109 253
109 255
109 256
109 259
109 260
109 268
109 269
109 271
109 274
109 281
109 284
109 285
109 286
109 291
109 298
109 299
110 112
110 115
110 117
110 119
110 123
110 127
110 128
110 129
110 130
110 133
110 134
110 139
110 141
110 142
110 143
110 147
110 149
110 151
110 152
110 165
110 167
110 173
110 180
110 183
110 188
110 192
110 194
110 200
110 207
110 212
110 215
110 216
110 222
110 225
110 226
110 232
110 234
110 236
110 237
110 238
110 246
110 249
110 250
110 254
110 255
110 258
110 268
110 269
110 271
110 272
110 273
110 274
110 278
110 279
110 286
110 287
110 292
110 293
111 112
111 115
111 118
111 119
111 121
111 128
111 131
111 136
111 138
111 139
111 142
111 144
111 145
111 149
111 151
111 158
111 160
111 162
111 164
111 165
111 167
111 169
111 175
111 186
111 193
111 194
111 197
111 202
111 204
111 207
111 208
111 209
111 214
111 215
111 217
111 222
111 225
111 228
111 232
111 234
111 235
111 239
111 240
111 241
111 242
111 243
111 244
111 245
111 248
111 261
111 262
111 269
111 273
111 274
111 278
111 280
111 286
111 287
111 289
111 295
112 120
112 125
112 129
112 130
112 132
112 134
112 135
112 143
112 144
112 145
112 146
112 147
112 150
112 151
112 154
112 156
112 165
112 168
112 173
112 175
112 176
112 179
112 180
112 189
112 193
112 196
112 198
112 199
112 202
112 209
112 213
112 217
112 219
112 222
112 224
112 225
112 226
112 230
112 232
112 236
112 238
112 240
112 242
112 248
112 251
112 252
112 253
112 259
112 260
112 263
112 264
112 267
112 270
112 274
112 275
112 287
112 292
112 294
112 295
112 297
113 117
113 121
113 127
113 134
113 139
113 140
113 145
113 154
113 155
113 160
113 161
113 163
113 178
113 180
113 182
113 183
113 186
113 188
113 191
113 192
113 193
113 201
113 207
113 213
113 214
113 218
113 222
113 229
113 234
113 236
113 249
113 256
113 258
113 259
113 267
113 274
113 276
113 280
113 285
113 295
114 116
114 120
114 122
114 131
114 133
114 136
114 138
114 144
114 150
114 151
114 152
114 155
114 164
114 168
114 170
114 175
114 176
114 179
114 182
114 187
114 189
114 191
114 203
114 207
114 209
114 210
114 214
114 218
114 225
114 227
114 232
114 235
114 236
114 238
114 241
114 246
114 247
114 249
114 261
114 263
114 264
114 265
114 266
114 268
114 269
114 281
114 285
114 286
114 287
114 288
114 291
114 292
114 293
115 116
115 121
115 124
115 126
115 128
115 129
115 134
115 137
115 141
115 147
115 149
115 152
115 159
115 169
115 170
115 179
115 180
115 187
115 205
115 206
115 209
115 213
115 221
115 222
115 223
115 224
115 226
115 228
115 238
115 239
115 243
115 248
115 258
115 266
115 272
115 273
115 282
115 285
115 289
115 291
115 295
116 117
116 126
116 129
116 140
116 143
116 152
116 154
116 160
116 167
116 177
116 185
116 188
116 189
116 190
116 192
116 194
116 195
116 197
116 200
116 201
116 207
116 208
116 211
116 212
116 213
116 236
116 237
116 241
116 242
116 243
116 245
116 248
116 252
116 256
116 261
116 262
116 263
116 267
116 269
116 271
116 274
116 278
116 281
116 288
116 295
117 125
117 129
117 138
117 141
117 143
117 145
117 149
117 154
117 158
117 165
117 166
117 170
117 177
117 178
117 180
117 181
117 184
117 185
117 192
117 204
117 207
117 208
117 211
117 214
117 215
117 216
117 219
117 227
117 231
117 234
117 235
117 236
117 239
117 240
117 241
117 246
117 248
117 249
117 252
117 254
117 258
117 259
117 260
117 267
117 268
117 269
117 270
117 271
117 280
117 282
117 283
117 287
117 288
117 292
117 294
117 296
117 298
118 122
118 123
118 133
118 135
118 137
118 142
118 144
118 146
118 155
118 160
118 165
118 166
118 167
118 169
118 170
118 174
118 175
118 176
118 180
118 184
118 190
118 191
118 192
118 193
118 196
118 197
118 206
118 208
118 209
118 217
118 219
118 220
118 221
118 226
118 228
118 230
118 232
118 234
118 236
118 237
118 241
118 243
118 244
118 248
118 249
118 251
118 254
118 259
118 262
118 264
118 266
118 268
118 274
118 276
118 279
118 281
118 289
118 292
118 293
118 294
118 295
119 121
119 126
119 130
119 131
119 134
119 139
119 141
119 142
119 143
119 144
119 146
119 147
119 149
119 150
119 154
119 161
119 164
119 165
119 168
119 172
119 173
119 182
119 192
119 193
119 198
119 208
119 212
119 213
119 215
119 221
119 224
119 226
119 229
119 230
119 233
119 239
119 241
119 244
119 247
119 250
119 252
119 253
119 261
119 265
119 267
119 295
120 121
120 128
120 130
120 131
120 135
120 136
120 139
120 145
120 148
120 149
120 152
120 154
120 155
120 159
120 160
120 167
120 171
120 176
120 178
120 179
120 182
120 183
120 185
120 198
120 201
120 202
120 203
120 205
120 208
120 211
120 218
120 219
120 223
120 224
120 229
120 238
120 241
120 243
120 245
120 246
120 248
120 250
120 256
120 258
120 259
120 270
120 271
120 273
120 278
120 289
120 292
120 295
121 122
121 125
121 129
121 130
121 138
121 141
121 147
121 149
121 150
121 153
121 157
121 168
121 171
121 173
121 175
121 178
121 196
121 201
121 207
121 210
121 214
121 220
121 223
121 228
121 229
121 230
121 233
121 234
121 236
121 237
121 240
121 241
121 250
121 251
121 259
121 261
121 262
121 264
121 270
121 271
121 273
121 275
121 278
121 279
121 284
121 285
121 287
121 292
121 295
121 299
122 123
122 125
122 126
122 138
122 139
122 145
122 147
122 148
122 159
122 160
122 163
122 164
122 166
122 174
122 175
122 177
122 181
122 182
122 187
122 189
122 192
122 198
122 202
122 210
122 211
122 215
122 217
122 226
122 231
122 235
122 241
122 247
122 251
122 266
122 269
122 270
122 271
122 275
122 276
122 280
122 281
122 283
122 287
122 290
122 292
122 296
122 297
122 298
122 299
123 130
123 132
123 134
123 137
123 143
123 145
123 146
123 163
123 169
123 170
123 173
123 174
123 176
123 177
123 180
123 188
123 194
123 204
123 207
123 214
123 215
123 223
123 226
123 228
123 231
123 237
123 240
123 241
123 247
123 255
123 256
123 260
123 264
123 269
123 271
123 278
123 280
123 284
123 292
123 293
123 295
124 125
124 130
124 131
124 137
124 138
124 139
124 142
124 144
124 145
124 146
124 150
124 158
124 162
124 163
124 165
124 166
124 168
124 175
124 176
124 177
124 178
124 189
124 193
124 195
124 196
124 211
124 213
124 214
124 215
124 217
124 221
124 229
124 230
124 231
124 234
124 242
124 244
124 248
124 250
124 254
124 259
124 261
124 264
124 268
124 269
124 270
124 273
124 286
124 287
124 293
124 297
125 128
125 132
125 139
125 141
125 151
125 153
125 157
125 159
125 160
125 163
125 164
125 165
125 168
125 171
125 173
125 175
125 181
125 182
125 189
125 201
125 206
125 209
125 211
125 214
125 217
125 219
125 224
125 225
125 236
125 237
125 240
125 257
125 259
125 262
125 264
125 266
125 269
125 274
125 276
125 278
125 285
125 291
125 293
125 294
125 295
125 299
126 142
126 143
126 146
126 149
126 151
126 155
126 161
126 166
126 167
126 169
126 175
126 176
126 179
126 181
126 184
126 187
126 188
126 190
126 193
126 194
126 195
126 197
126 199
126 202
126 206
126 214
126 216
126 217
126 221
126 223
126 228
126 232
126 233
126 238
126 240
126 246
126 248
126 249
126 256
126 263
126 268
126 269
126 279
126 281
126 282
126 284
126 293
126 297
126 298
127 135
127 136
127 137
127 138
127 139
127 141
127 142
127 150
127 151
127 152
127 153
127 154
127 155
127 156
127 167
127 168
127 171
127 172
127 174
127 175
127 181
127 182
127 185
127 186
127 188
127 197
127 198
127 204
127 205
127 207
127 209
127 213
127 218
127 219
127 234
127 236
127 237
127 239
127 240
127 245
127 250
127 260
127 261
127 267
127 268
127 269
127 270
127 275
127 279
127 283
127 287
127 291
127 295
127 298
128 129
128 130
128 131
128 133
128 137
128 138
128 139
128 140
128 141
128 143
128 144
128 149
128 152
128 153
128 154
128 155
128 157
128 158
128 162
128 165
128 174
128 176
128 178
128 179
128 183
128 188
128 191
128 195
128 196
128 203
128 204
128 214
128 218
128 221
128 223
128 235
128 241
128 243
128 252
128 253
128 258
128 261
128 264
128 266
128 269
128 274
128 280
128 286
128 294
128 296
128 298
128 299
129 130
129 133
129 135
129 136
129 138
129 147
129 158
129 159
129 161
129 165
129 166
129 168
129 169
129 171
129 173
129 175
129 176
129 177
129 180
129 184
129 185
129 187
129 190
129 192
129 198
129 199
129 201
129 204
129 205
129 209
129 214
129 224
129 234
129 239
129 244
129 246
129 247
129 249
129 250
129 251
129 253
129 254
129 258
129 261
129 269
129 271
129 273
129 274
129 276
129 277
129 279
129 283
129 292
129 298
130 131
130 134
130 137
130 143
130 149
130 151
130 156
130 158
130 160
130 163
130 175
130 180
130 182
130 184
130 187
130 189
130 192
130 200
130 203
130 212
130 213
130 215
130 224
130 226
130 229
130 231
130 234
130 238
130 240
130 241
130 247
130 249
130 254
130 265
130 267
130 269
130 270
130 274
130 276
130 277
130 280
130 281
130 283
130 284
130 288
130 290
130 291
130 296
130 297
131 132
131 138
131 142
131 143
131 145
131 147
131 156
131 159
131 160
131 161
131 165
131 168
131 170
131 178
131 184
131 196
131 197
131 199
131 201
131 204
131 205
131 207
131 208
131 210
131 211
131 218
131 228
131 234
131 237
131 238
131 241
131 245
131 247
131 249
131 254
131 256
131 258
131 260
131 264
131 265
131 273
131 278
131 280
131 282
131 284
131 285
131 296
132 134
132 138
132 140
132 141
132 143
132 145
132 146
132 150
132 151
132 152
132 153
132 156
132 158
132 162
132 167
132 168
132 171
132 173
132 176
132 184
132 192
132 195
132 198
132 199
132 205
132 210
132 212
132 217
132 223
132 226
132 229
132 232
132 237
132 239
132 241
132 244
132 245
132 247
132 248
132 249
132 271
132 273
132 275
132 278
132 280
132 283
132 294
132 295
132 296
133 138
133 145
133 149
133 150
133 151
133 153
133 156
133 157
133 162
133 168
133 173
133 174
133 179
133 180
133 185
133 187
133 190
133 195
133 198
133 200
133 201
133 208
133 210
133 212
133 218
133 231
133 239
133 240
133 247
133 250
133 251
133 263
133 269
133 272
133 275
133 277
133 278
133 280
133 286
133 288
133 289
133 291
133 293
133 294
133 298
134 149
134 153
134 154
134 158
134 159
134 166
134 172
134 174
134 178
134 184
134 186
134 188
134 189
134 203
134 206
134 208
134 210
134 213
134 214
134 216
134 218
134 220
134 224
134 228
134 239
134 241
134 242
134 249
134 252
134 253
134 257
134 259
134 264
134 267
134 271
134 272
134 275
134 277
134 279
134 281
134 283
134 284
134 285
134 286
135 140
135 142
135 152
135 154
135 156
135 170
135 171
135 173
135 177
135 178
135 180
135 181
135 187
135 188
135 189
135 202
135 204
135 205
135 215
135 222
135 232
135 235
135 247
135 248
135 249
135 250
135 253
135 262
135 267
135 270
135 271
135 279
135 282
135 283
135 284
135 289
135 290
135 291
135 293
135 296
136 143
136 153
136 155
136 158
136 161
136 162
136 166
136 182
136 184
136 188
136 192
136 193
136 194
136 195
136 197
136 209
136 211
136 214
136 216
136 218
136 219
136 223
136 225
136 226
136 227
136 234
136 235
136 238
136 240
136 242
136 243
136 246
136 248
136 255
136 273
136 276
136 279
136 282
136 284
136 286
136 287
136 291
136 292
136 296
137 138
137 140
137 142
137 155
137 157
137 158
137 165
137 167
137 168
137 169
137 170
137 171
137 172
137 174
137 178
137 184
137 186
137 188
137 190
137 192
137 193
137 194
137 200
137 201
137 204
137 205
137 211
137 212
137 217
137 218
137 223
137 224
137 225
137 229
137 230
137 231
137 237
137 238
137 241
137 244
137 247
137 248
137 249
137 250
137 251
137 252
137 253
137 254
137 256
137 258
137 259
137 263
137 269
137 270
137 273
137 274
137 277
137 278
137 280
137 286
137 288
137 291
137 295
137 296
137 297
138 142
138 147
138 149
138 151
138 161
138 162
138 163
138 164
138 169
138 170
138 172
138 174
138 176
138 186
138 188
138 189
138 190
138 191
138 201
138 202
138 209
138 210
138 211
138 215
138 220
138 222
138 226
138 227
138 228
138 233
138 235
138 238
138 240
138 242
138 243
138 245
138 250
138 253
138 255
138 258
138 259
138 262
138 265
138 266
138 270
138 271
138 274
138 276
138 278
138 282
138 284
138 288
138 292
138 296
138 299
139 141
139 142
139 143
139 145
139 147
139 148
139 150
139 152
139 162
139 167
139 170
139 173
139 176
139 177
139 178
139 179
139 182
139 184
139 186
139 195
139 196
139 197
139 198
139 201
139 202
139 207
139 208
139 210
139 214
139 215
139 220
139 221
139 223
139 224
139 225
139 229
139 230
139 231
139 233
139 238
139 250
139 252
139 253
139 255
139 257
139 258
139 270
139 271
139 273
139 278
139 282
139 292
139 295
139 296
139 298
140 142
140 143
140 144
140 146
140 147
140 148
140 152
140 169
140 170
140 171
140 172
140 174
140 175
140 187
140 188
140 199
140 201
140 202
140 204
140 205
140 206
140 208
140 213
140 218
140 221
140 222
140 223
140 236
140 241
140 243
140 246
140 249
140 251
140 252
140 253
140 256
140 257
140 262
140 267
140 271
140 272
140 273
140 274
140 275
140 276
140 278
140 279
140 285
140 286
140 287
140 292
140 293
140 295
140 296
140 299
141 148
141 150
141 152
141 156
141 159
141 160
141 161
141 162
141 164
141 176
141 177
141 181
141 184
141 187
141 188
141 189
141 198
141 204
141 207
141 208
141 213
141 219
141 220
141 223
141 231
141 234
141 246
141 248
141 251
141 254
141 256
141 257
141 262
141 263
141 266
141 270
141 271
141 275
141 279
141 280
141 289
141 299
142 150
142 151
142 161
142 166
142 178
142 179
142 184
142 185
142 188
142 189
142 198
142 201
142 204
142 209
142 210
142 212
142 213
142 215
142 223
142 235
142 239
142 244
142 249
142 254
142 256
142 258
142 259
142 266
142 268
142 271
142 276
142 278
142 280
142 282
142 283
142 284
142 292
142 294
142 299
143 146
143 147
143 155
143 156
143 158
143 159
143 161
143 166
143 167
143 169
143 171
143 175
143 177
143 187
143 196
143 197
143 199
143 202
143 204
143 205
143 212
143 213
143 216
143 217
143 221
143 222
143 225
143 226
143 229
143 230
143 235
143 236
143 241
143 242
143 243
143 247
143 253
143 258
143 260
143 264
143 267
143 268
143 271
143 273
143 277
143 278
143 280
143 283
143 286
143 288
143 290
143 292
143 293
143 295
143 297
143 299
144 150
144 151
144 153
144 154
144 156
144 160
144 162
144 168
144 175
144 177
144 180
144 181
144 183
144 191
144 192
144 196
144 197
144 199
144 203
144 205
144 214
144 215
144 218
144 221
144 222
144 223
144 224
144 227
144 228
144 232
144 240
144 242
144 243
144 247
144 248
144 251
144 255
144 258
144 259
144 260
144 266
144 268
144 275
144 279
144 281
144 284
144 287
144 288
144 291
144 292
144 296
145 147
145 148
145 151
145 154
145 158
145 159
145 161
145 170
145 171
145 174
145 177
145 179
145 180
145 191
145 192
145 193
145 204
145 209
145 212
145 214
145 215
145 216
145 221
145 222
145 224
145 230
145 236
145 237
145 240
145 244
145 245
145 247
145 248
145 249
145 250
145 251
145 253
145 255
145 257
145 258
145 259
145 266
145 268
145 269
145 275
145 276
145 278
145 281
145 284
145 285
145 287
145 289
145 296
145 297
146 150
146 156
146 160
146 162
146 164
146 166
146 181
146 184
146 186
146 189
146 194
146 198
146 204
146 208
146 210
146 212
146 216
146 218
146 220
146 225
146 226
146 227
146 230
146 236
146 239
146 240
146 241
146 243
146 245
146 248
146 258
146 260
146 267
146 268
146 274
146 276
146 279
146 280
146 281
146 282
146 284
146 292
146 293
146 296
146 297
146 299
147 150
147 153
147 156
147 159
147 161
147 162
147 172
147 175
147 178
147 179
147 184
147 189
147 190
147 192
147 193
147 195
147 199
147 203
147 213
147 223
147 224
147 227
147 228
147 229
147 231
147 233
147 236
147 241
147 243
147 248
147 252
147 256
147 258
147 261
147 262
147 263
147 266
147 267
147 275
147 276
147 284
147 289
147 290
147 292
147 294
147 295
147 297
148 149
148 150
148 151
148 157
148 165
148 176
148 186
148 188
148 194
148 196
148 201
148 203
148 204
148 207
148 209
148 214
148 230
148 232
148 235
148 236
148 237
148 239
148 240
148 243
148 245
148 248
148 251
148 253
148 255
148 262
148 263
148 265
148 268
148 271
148 275
148 276
148 280
148 281
148 285
148 286
148 288
148 289
148 290
148 293
148 296
148 297
148 299
149 153
149 154
149 158
149 159
149 160
149 166
149 168
149 170
149 171
149 172
149 176
149 178
149 182
149 191
149 192
149 199
149 202
149 211
149 212
149 213
149 215
149 219
149 226
149 230
149 232
149 234
149 237
149 240
149 244
149 246
149 247
149 249
149 251
149 252
149 257
149 258
149 259
149 260
149 265
149 268
149 271
149 272
149 273
149 274
149 279
149 285
149 289
149 293
149 294
149 298
150 161
150 162
150 166
150 168
150 169
150 174
150 175
150 177
150 179
150 180
150 185
150 186
150 188
150 194
150 196
150 198
150 201
150 202
150 209
150 213
150 216
150 222
150 224
150 225
150 228
150 229
150 234
150 241
150 242
150 243
150 244
150 246
150 247
150 249
150 254
150 257
150 258
150 262
150 267
150 268
150 269
150 270
150 271
150 272
150 277
150 279
150 283
150 286
150 289
150 292
150 293
150 294
150 295
150 296
150 298
150 299
151 156
151 159
151 167
151 171
151 173
151 175
151 178
151 179
151 181
151 182
151 185
151 188
151 196
151 198
151 207
151 208
151 213
151 214
151 217
151 218
151 220
151 221
151 226
151 230
151 234
151 236
151 238
151 240
151 249
151 251
151 255
151 257
151 260
151 263
151 266
151 272
151 276
151 278
151 279
151 282
151 284
151 285
151 287
151 290
151 291
151 292
151 295
152 153
152 157
152 158
152 159
152 160
152 162
152 165
152 166
152 172
152 173
152 183
152 185
152 187
152 188
152 189
152 195
152 196
152 198
152 200
152 202
152 207
152 210
152 213
152 215
152 216
152 221
152 226
152 227
152 229
152 238
152 242
152 251
152 252
152 257
152 258
152 265
152 266
152 267
152 277
152 287
152 289
152 292
152 297
153 161
153 175
153 176
153 178
153 180
153 182
153 183
153 184
153 189
153 193
153 195
153 196
153 198
153 199
153 202
153 208
153 211
153 212
153 217
153 218
153 219
153 223
153 225
153 228
153 233
153 235
153 237
153 245
153 250
153 252
153 255
153 257
153 259
153 261
153 270
153 278
153 282
153 283
153 284
153 285
153 286
153 293
153 299
154 162
154 174
154 176
154 184
154 190
154 194
154 198
154 201
154 204
154 207
154 212
154 213
154 222
154 225
154 228
154 230
154 253
154 258
154 267
154 268
154 271
154 276
154 277
154 278
154 284
154 290
154 297
154 298
154 299
155 157
155 159
155 163
155 166
155 168
155 170
155 180
155 181
155 183
155 186
155 188
155 190
155 192
155 193
155 196
155 200
155 205
155 206
155 208
155 209
155 212
155 215
155 216
155 220
155 223
155 234
155 236
155 246
155 248
155 250
155 252
155 253
155 254
155 255
155 258
155 262
155 267
155 274
155 278
155 279
155 282
155 283
155 284
155 297
155 299
156 157
156 159
156 169
156 176
156 177
156 178
156 185
156 191
156 193
156 195
156 197
156 203
156 206
156 207
156 209
156 214
156 219
156 231
156 243
156 250
156 252
156 254
156 255
156 259
156 268
156 277
156 279
156 282
156 284
156 286
156 287
156 288
156 291
156 293
156 296
156 297
156 298
156 299
157 158
157 159
157 162
157 168
157 171
157 172
157 177
157 185
157 191
157 193
157 194
157 198
157 199
157 207
157 208
157 217
157 219
157 220
157 224
157 225
157 227
157 232
157 239
157 241
157 249
157 250
157 253
157 256
157 258
157 260
157 261
157 262
157 265
157 271
157 273
157 274
157 276
157 280
157 282
157 283
157 287
157 289
157 290
157 292
157 295
157 297
158 161
158 164
158 165
158 166
158 168
158 173
158 178
158 185
158 186
158 188
158 193
158 194
158 197
158 203
158 209
158 212
158 221
158 225
158 227
158 232
158 236
158 240
158 242
158 248
158 256
158 257
158 260
158 269
158 270
158 272
158 277
158 278
158 279
158 280
158 284
158 286
158 287
158 290
158 291
158 295
159 168
159 172
159 180
159 188
159 190
159 196
159 202
159 203
159 213
159 215
159 219
159 224
159 228
159 230
159 231
159 232
159 241
159 243
159 244
159 246
159 250
159 251
159 252
159 256
159 259
159 266
159 268
159 272
159 273
159 274
159 284
159 288
159 290
159 293
159 296
159 297
160 163
160 172
160 175
160 184
160 185
160 191
160 196
160 204
160 209
160 216
160 219
160 221
160 222
160 229
160 232
160 237
160 239
160 241
160 245
160 248
160 250
160 252
160 253
160 254
160 256
160 260
160 266
160 267
160 271
160 273
160 274
160 276
160 281
160 284
160 286
160 291
160 294
161 165
161 174
161 175
161 176
161 178
161 179
161 181
161 184
161 186
161 188
161 189
161 190
161 191
161 192
161 193
161 201
161 211
161 214
161 219
161 225
161 227
161 231
161 236
161 241
161 243
161 247
161 249
161 253
161 254
161 256
161 260
161 263
161 268
161 274
161 275
161 277
161 284
161 289
161 298
162 163
162 173
162 175
162 178
162 181
162 187
162 191
162 193
162 200
162 202
162 203
162 204
162 206
162 209
162 210
162 220
162 223
162 227
162 228
162 231
162 233
162 239
162 243
162 248
162 257
162 260
162 264
162 266
162 270
162 271
162 272
162 273
162 274
162 280
162 289
162 292
162 297
162 299
163 164
163 167
163 170
163 173
163 174
163 177
163 179
163 188
163 194
163 196
163 199
163 200
163 203
163 204
163 205
163 209
163 212
163 213
163 224
163 225
163 226
163 230
163 231
163 232
163 238
163 244
163 248
163 253
163 258
163 262
163 264
163 267
163 270
163 273
163 279
163 280
163 281
163 284
163 286
163 287
163 289
163 292
163 296
163 298
163 299
164 167
164 170
164 172
164 174
164 176
164 179
164 185
164 188
164 192
164 193
164 194
164 197
164 199
164 200
164 202
164 212
164 218
164 221
164 222
164 227
164 229
164 236
164 244
164 246
164 249
164 251
164 252
164 255
164 256
164 257
164 263
164 264
164 265
164 271
164 273
164 281
164 282
164 283
164 284
164 289
164 293
164 294
164 296
165 168
165 170
165 172
165 174
165 175
165 176
165 179
165 184
165 185
165 189
165 190
165 197
165 198
165 203
165 205
165 206
165 207
165 208
165 215
165 217
165 218
165 224
165 225
165 227
165 228
165 232
165 236
165 237
165 244
165 246
165 249
165 250
165 254
165 255
165 256
165 259
165 260
165 268
165 272
165 276
165 277
165 280
165 281
165 294
165 296
166 173
166 174
166 177
166 180
166 183
166 189
166 191
166 192
166 195
166 196
166 197
166 198
166 199
166 201
166 202
166 210
166 213
166 215
166 218
166 220
166 231
166 232
166 236
166 241
166 244
166 252
166 258
166 262
166 263
166 267
166 271
166 272
166 273
166 274
166 276
166 277
166 283
166 290
166 291
166 292
166 293
167 170
167 174
167 175
167 177
167 182
167 187
167 188
167 189
167 190
167 191
167 195
167 196
167 199
167 200
167 206
167 209
167 215
167 220
167 221
167 224
167 235
167 236
167 237
167 240
167 242
167 245
167 247
167 248
167 251
167 252
167 256
167 263
167 267
167 268
167 274
167 282
167 283
167 289
167 293
167 296
167 297
167 298
167 299
168 177
168 180
168 185
168 197
168 198
168 200
168 202
168 207
168 212
168 213
168 214
168 216
168 220
168 224
168 225
168 226
168 231
168 239
168 243
168 251
168 252
168 253
168 255
168 260
168 265
168 266
168 268
168 270
168 274
168 281
168 285
168 290
168 291
168 292
168 294
169 178
169 186
169 192
169 194
169 196
169 200
169 203
169 205
169 206
169 218
169 227
169 228
169 232
169 239
169 244
169 246
169 248
169 252
169 254
169 260
169 264
169 265
169 266
169 267
169 269
169 273
169 275
169 278
169 281
169 283
169 284
169 285
169 290
169 293
169 294
169 295
169 299
170 175
170 177
170 178
170 179
170 182
170 183
170 186
170 190
170 191
170 192
170 194
170 197
170 198
170 199
170 201
170 204
170 206
170 210
170 211
170 214
170 216
170 217
170 219
170 222
170 227
170 239
170 240
170 246
170 247
170 252
170 254
170 256
170 259
170 261
170 262
170 263
170 264
170 265
170 271
170 278
170 280
170 293
170 294
170 295
171 175
171 177
171 183
171 185
171 186
171 193
171 195
171 197
171 200
171 205
171 214
171 217
171 218
171 219
171 224
171 229
171 230
171 233
171 242
171 245
171 246
171 249
171 262
171 264
171 270
171 272
171 274
171 277
171 278
171 283
171 284
171 291
171 293
171 295
171 299
172 173
172 174
172 177
172 178
172 179
172 184
172 191
172 194
172 196
172 198
172 204
172 207
172 211
172 219
172 224
172 226
172 228
172 233
172 237
172 238
172 240
172 244
172 248
172 249
172 252
172 255
172 261
172 265
172 269
172 270
172 280
172 286
172 293
172 297
173 175
173 176
173 179
173 181
173 182
173 187
173 189
173 191
173 192
173 193
173 199
173 205
173 207
173 215
173 221
173 227
173 228
173 229
173 231
173 233
173 237
173 241
173 244
173 246
173 247
173 249
173 253
173 255
173 256
173 257
173 258
173 261
173 266
173 270
173 278
173 279
173 280
173 282
173 286
173 289
173 291
173 292
174 177
174 179
174 183
174 189
174 191
174 193
174 195
174 199
174 201
174 202
174 203
174 205
174 210
174 214
174 220
174 224
174 232
174 234
174 238
174 240
174 244
174 248
174 252
174 266
174 269
174 275
174 282
174 287
174 288
174 289
174 290
174 291
174 292
174 296
174 298
175 176
175 181
175 183
175 186
175 190
175 195
175 196
175 197
175 199
175 201
175 205
175 206
175 213
175 214
175 215
175 217
175 219
175 223
175 225
175 228
175 229
175 249
175 251
175 253
175 255
175 257
175 265
175 270
175 271
175 275
175 283
175 285
175 287
175 288
175 292
175 293
175 294
175 297
176 181
176 182
176 196
176 199
176 210
176 212
176 216
176 217
176 220
176 226
176 229
176 230
176 232
176 233
176 235
176 236
176 240
176 242
176 244
176 250
176 251
176 253
176 254
176 258
176 259
176 263
176 264
176 267
176 269
176 274
176 275
176 276
176 279
176 286
176 291
176 292
176 293
176 295
177 180
177 183
177 185
177 198
177 200
177 203
177 212
177 213
177 218
177 231
177 232
177 236
177 238
177 241
177 249
177 256
177 262
177 264
177 266
177 271
177 273
177 275
177 276
177 279
177 280
177 281
177 284
177 285
177 287
177 295
178 179
178 184
178 193
178 196
178 197
178 204
178 207
178 211
178 212
178 215
178 219
178 220
178 221
178 230
178 231
178 241
178 243
178 245
178 246
178 249
178 255
178 256
178 257
178 259
178 260
178 264
178 265
178 268
178 271
178 273
178 274
178 277
178 278
178 285
178 286
178 288
178 289
178 295
179 181
179 182
179 183
179 186
179 195
179 198
179 200
179 202
179 203
179 204
179 206
179 211
179 212
179 216
179 217
179 224
179 227
179 235
179 237
179 241
179 246
179 248
179 257
179 258
179 260
179 262
179 264
179 273
179 280
179 282
179 284
179 285
179 286
179 291
179 294
179 295
179 296
179 297
180 183
180 185
180 187
180 192
180 193
180 194
180 195
180 198
180 201
180 208
180 221
180 222
180 224
180 232
180 234
180 242
180 243
180 246
180 248
180 250
180 254
180 255
180 258
180 263
180 264
180 265
180 271
180 275
180 276
180 280
180 286
180 288
180 289
180 292
180 298
181 182
181 189
181 190
181 192
181 193
181 197
181 198
181 199
181 203
181 206
181 215
181 217
181 218
181 226
181 228
181 229
181 231
181 232
181 235
181 237
181 239
181 241
181 242
181 243
181 245
181 248
181 249
181 261
181 265
181 266
181 269
181 272
181 274
181 281
181 284
181 288
181 292
181 293
181 296
181 298
181 299
182 183
182 189
182 197
182 199
182 200
182 201
182 202
182 203
182 205
182 206
182 209
182 211
182 212
182 213
182 214
182 216
182 218
182 221
182 225
182 228
182 230
182 235
182 237
182 238
182 242
182 244
182 247
182 249
182 251
182 257
182 258
182 259
182 263
182 264
182 267
182 279
182 282
182 283
182 285
182 287
182 289
182 290
182 291
182 298
182 299
183 185
183 189
183 190
183 197
183 198
183 199
183 200
183 202
183 203
183 214
183 217
183 218
183 219
183 228
183 236
183 239
183 240
183 241
183 247
183 264
183 265
183 271
183 272
183 273
183 277
183 283
183 284
183 288
183 293
184 189
184 199
184 204
184 206
184 208
184 212
184 213
184 214
184 215
184 219
184 221
184 226
184 228
184 233
184 237
184 241
184 249
184 251
184 255
184 256
184 257
184 268
184 269
184 271
184 272
184 276
184 277
184 288
184 297
184 299
185 187
185 188
185 189
185 190
185 198
185 199
185 202
185 206
185 207
185 211
185 212
185 214
185 216
185 227
185 228
185 236
185 237
185 240
185 242
185 249
185 255
185 257
185 268
185 276
185 278
185 280
185 281
185 289
185 297
186 198
186 199
186 200
186 202
186 206
186 208
186 212
186 213
186 217
186 220
186 226
186 227
186 229
186 231
186 232
186 233
186 237
186 239
186 240
186 241
186 244
186 246
186 248
186 251
186 252
186 253
186 254
186 258
186 262
186 264
186 271
186 272
186 276
186 277
186 278
186 281
186 283
186 290
186 291
186 298
187 189
187 190
187 196
187 198
187 204
187 207
187 214
187 215
187 217
187 223
187 229
187 234
187 236
187 237
187 244
187 249
187 251
187 252
187 255
187 258
187 259
187 265
187 276
187 278
187 279
187 283
187 293
187 295
188 192
188 193
188 194
188 199
188 204
188 205
188 206
188 208
188 210
188 213
188 215
188 218
188 230
188 234
188 239
188 241
188 242
188 246
188 247
188 251
188 252
188 256
188 259
188 261
188 263
188 264
188 271
188 272
188 275
188 277
188 278
188 284
188 290
188 291
188 294
188 297
188 299
189 190
189 191
189 192
189 193
189 194
189 203
189 206
189 207
189 209
189 210
189 213
189 214
189 219
189 224
189 228
189 229
189 231
189 247
189 248
189 252
189 254
189 255
189 260
189 266
189 269
189 285
189 290
189 292
189 298
190 193
190 195
190 200
190 209
190 218
190 227
190 230
190 232
190 233
190 238
190 242
190 245
190 251
190 257
190 259
190 262
190 273
190 277
190 282
190 284
190 285
190 289
190 294
190 295
190 296
190 297
190 299
191 195
191 196
191 199
191 209
191 212
191 218
191 219
191 225
191 231
191 232
191 236
191 238
191 242
191 244
191 245
191 247
191 256
191 257
191 264
191 267
191 268
191 270
191 272
191 274
191 278
191 284
191 294
191 295
191 297
192 193
192 195
192 196
192 203
192 206
192 208
192 211
192 214
192 215
192 216
192 218
192 226
192 232
192 234
192 235
192 238
192 242
192 244
192 246
192 254
192 257
192 259
192 261
192 262
192 271
192 273
192 276
192 280
192 281
192 284
192 286
192 290
193 201
193 204
193 209
193 215
193 216
193 219
193 222
193 223
193 228
193 229
193 242
193 244
193 246
193 247
193 248
193 253
193 254
193 255
193 258
193 259
193 263
193 269
193 280
193 285
193 286
193 289
193 290
193 291
193 292
193 297
193 298
194 197
194 204
194 206
194 215
194 216
194 217
194 221
194 223
194 226
194 227
194 228
194 230
194 232
194 233
194 234
194 237
194 241
194 246
194 253
194 257
194 258
194 260
194 263
194 264
194 267
194 271
194 273
194 277
194 279
194 281
194 283
194 289
194 292
194 293
194 294
194 299
195 197
195 199
195 200
195 202
195 206
195 211
195 218
195 220
195 225
195 227
195 228
195 230
195 238
195 239
195 240
195 241
195 242
195 249
195 250
195 252
195 256
195 257
195 260
195 261
195 263
195 265
195 269
195 270
195 275
195 276
195 278
195 281
195 282
195 288
195 289
195 290
195 293
195 295
195 298
196 198
196 201
196 202
196 210
196 211
196 213
196 214
196 215
196 216
196 221
196 230
196 235
196 241
196 242
196 244
196 248
196 252
196 253
196 255
196 257
196 261
196 268
196 270
196 276
196 282
196 292
196 293
196 297
196 299
197 199
197 208
197 215
197 218
197 220
197 225
197 227
197 231
197 238
197 239
197 241
197 244
197 246
197 250
197 252
197 254
197 256
197 260
197 262
197 266
197 268
197 274
197 276
197 291
197 296
197 297
197 298
198 204
198 206
198 207
198 209
198 210
198 212
198 214
198 218
198 237
198 239
198 240
198 241
198 244
198 246
198 247
198 251
198 252
198 254
198 255
198 258
198 271
198 272
198 274
198 278
198 282
198 288
198 289
198 290
198 291
198 292
198 293
198 296
199 202
199 203
199 208
199 209
199 210
199 217
199 222
199 227
199 229
199 232
199 236
199 237
199 241
199 246
199 247
199 264
199 271
199 273
199 274
199 275
199 276
199 280
199 281
199 291
199 293
200 204
200 206
200 208
200 214
200 221
200 223
200 227
200 230
200 235
200 237
200 240
200 247
200 248
200 250
200 252
200 253
200 259
200 260
200 264
200 266
200 269
200 270
200 272
200 275
200 276
200 282
200 286
200 289
200 294
200 299
201 206
201 209
201 212
201 215
201 218
201 221
201 223
201 225
201 227
201 234
201 236
201 237
201 238
201 240
201 244
201 246
201 247
201 248
201 251
201 254
201 257
201 258
201 261
201 262
201 263
201 269
201 276
201 279
201 281
201 283
201 285
201 288
201 291
201 299
202 205
202 211
202 215
202 216
202 217
202 220
202 226
202 231
202 232
202 236
202 238
202 240
202 241
202 247
202 250
202 251
202 254
202 255
202 257
202 260
202 261
202 264
202 265
202 269
202 271
202 276
202 280
202 286
202 288
202 290
202 295
203 205
203 206
203 209
203 212
203 214
203 217
203 221
203 224
203 226
203 229
203 230
203 234
203 235
203 236
203 237
203 240
203 241
203 243
203 245
203 246
203 247
203 249
203 250
203 251
203 252
203 255
203 259
203 260
203 263
203 267
203 268
203 269
203 272
203 273
203 279
203 280
203 281
203 282
203 285
203 291
203 294
203 296
203 297
204 215
204 223
204 225
204 230
204 240
204 241
204 243
204 245
204 246
204 247
204 251
204 253
204 257
204 270
204 271
204 281
204 282
204 283
204 288
204 289
204 290
204 291
204 294
204 299
205 207
205 211
205 213
205 214
205 219
205 220
205 233
205 234
205 247
205 251
205 252
205 253
205 259
205 264
205 267
205 268
205 269
205 270
205 272
205 277
205 279
205 280
205 283
205 286
205 297
205 299
206 208
206 212
206 213
206 216
206 217
206 223
206 224
206 226
206 228
206 229
206 237
206 238
206 240
206 245
206 247
206 251
206 255
206 258
206 262
206 263
206 271
206 272
206 275
206 276
206 277
206 278
206 280
206 281
206 282
206 285
206 286
206 292
206 297
206 298
206 299
207 208
207 211
207 212
207 217
207 219
207 223
207 224
207 228
207 230
207 233
207 237
207 238
207 239
207 247
207 248
207 251
207 254
207 256
207 258
207 262
207 268
207 269
207 272
207 273
207 275
207 279
207 282
207 288
207 295
208 209
208 210
208 215
208 221
208 222
208 226
208 229
208 233
208 237
208 241
208 243
208 253
208 255
208 256
208 259
208 264
208 266
208 274
208 278
208 281
208 288
208 292
208 298
209 210
209 211
209 215
209 216
209 221
209 224
209 235
209 237
209 240
209 242
209 245
209 252
209 256
209 257
209 264
209 265
209 268
209 275
209 276
209 279
209 280
209 282
209 291
209 293
209 299
210 211
210 218
210 222
210 223
210 225
210 235
210 242
210 249
210 250
210 252
210 253
210 254
210 265
210 267
210 268
210 270
210 274
210 275
210 289
210 292
210 293
210 295
210 296
210 298
211 215
211 216
211 217
211 218
211 224
211 237
211 258
211 261
211 271
211 272
211 277
211 280
211 282
211 285
211 287
211 293
211 297
211 299
212 213
212 216
212 222
212 225
212 231
212 240
212 242
212 246
212 248
212 258
212 260
212 262
212 264
212 268
212 272
212 273
212 276
212 277
212 282
212 285
212 286
212 290
212 295
212 296
212 298
213 214
213 215
213 217
213 220
213 222
213 223
213 225
213 230
213 231
213 232
213 233
213 234
213 244
213 247
213 255
213 256
213 271
213 276
213 278
213 282
213 294
213 298
214 215
214 216
214 219
214 220
214 226
214 232
214 233
214 240
214 243
214 246
214 256
214 261
214 279
214 281
214 283
214 284
214 286
214 291
214 299
215 216
215 217
215 231
215 235
215 236
215 237
215 238
215 243
215 246
215 251
215 254
215 256
215 257
215 260
215 268
215 270
215 271
215 282
215 291
215 292
215 295
215 296
215 297
215 299
216 218
216 225
216 226
216 227
216 234
216 239
216 244
216 247
216 252
216 253
216 257
216 261
216 264
216 267
216 270
216 278
216 279
216 283
216 285
216 288
216 289
216 290
216 292
216 294
216 295
216 296
216 297
216 298
216 299
217 221
217 224
217 227
217 233
217 237
217 238
217 240
217 241
217 242
217 243
217 244
217 245
217 248
217 250
217 253
217 254
217 256
217 257
217 258
217 260
217 268
217 269
217 279
217 283
217 289
217 293
217 294
217 298
218 221
218 222
218 224
218 226
218 230
218 232
218 234
218 237
218 241
218 261
218 262
218 263
218 264
218 266
218 271
218 272
218 279
218 281
218 282
218 283
218 284
218 287
218 288
218 291
218 292
218 294
218 296
218 299
219 225
219 227
219 229
219 230
219 234
219 238
219 246
219 248
219 256
219 260
219 263
219 264
219 266
219 268
219 269
219 270
219 271
219 272
219 279
219 287
219 289
219 293
219 297
220 222
220 226
220 229
220 230
220 240
220 241
220 244
220 246
220 247
220 254
220 258
220 262
220 265
220 266
220 269
220 275
220 282
220 284
220 286
220 291
220 294
220 295
220 296
221 223
221 225
221 227
221 228
221 230
221 233
221 234
221 236
221 237
221 241
221 246
221 248
221 250
221 258
221 261
221 266
221 270
221 275
221 280
221 284
221 285
221 287
221 289
221 295
222 223
222 226
222 234
222 238
222 240
222 244
222 247
222 253
222 255
222 258
222 261
222 263
222 264
222 269
222 273
222 274
222 275
222 277
222 279
222 289
222 290
222 291
222 293
222 299
223 224
223 225
223 227
223 228
223 229
223 232
223 235
223 236
223 239
223 245
223 248
223 251
223 254
223 258
223 260
223 261
223 262
223 266
223 267
223 271
223 272
223 273
223 275
223 277
223 279
223 285
223 289
223 295
224 225
224 226
224 231
224 238
224 239
224 240
224 243
224 244
224 246
224 251
224 252
224 253
224 257
224 264
224 265
224 266
224 267
224 273
224 280
224 281
224 290
224 292
225 226
225 232
225 240
225 241
225 243
225 244
225 245
225 249
225 250
225 258
225 259
225 261
225 269
225 271
225 273
225 276
225 279
225 282
225 285
225 296
226 229
226 232
226 251
226 264
226 267
226 269
226 272
226 276
226 296
226 297
227 232
227 235
227 237
227 241
227 242
227 244
227 250
227 251
227 254
227 255
227 256
227 258
227 260
227 261
227 266
227 271
227 272
227 273
227 276
227 278
227 280
227 281
227 286
227 287
227 288
227 289
227 292
227 296
227 299
228 232
228 240
228 241
228 242
228 246
228 247
228 249
228 260
228 269
228 274
228 281
228 287
228 288
228 295
229 231
229 235
229 237
229 243
229 245
229 247
229 248
229 254
229 255
229 262
229 264
229 265
229 269
229 273
229 276
229 281
229 291
229 293
229 296
230 231
230 233
230 238
230 246
230 247
230 253
230 255
230 257
230 260
230 262
230 266
230 267
230 274
230 275
230 276
230 279
230 285
230 286
230 287
230 288
230 290
230 296
231 234
231 237
231 240
231 242
231 249
231 259
231 262
231 266
231 277
231 279
231 281
231 282
231 283
231 290
231 292
231 294
231 295
231 296
231 297
231 298
232 235
232 240
232 242
232 244
232 246
232 248
232 256
232 259
232 260
232 261
232 263
232 264
232 266
232 267
232 269
232 275
232 277
232 290
232 291
233 239
233 243
233 245
233 247
233 248
233 250
233 251
233 257
233 260
233 261
233 266
233 274
233 276
233 282
233 287
233 292
233 294
233 297
233 298
234 235
234 244
234 247
234 250
234 253
234 258
234 259
234 262
234 266
234 267
234 268
234 274
234 275
234 277
234 285
234 288
234 294
234 298
235 238
235 262
235 266
235 270
235 273
235 281
235 285
235 289
235 290
235 291
235 293
235 294
236 239
236 242
236 247
236 253
236 255
236 257
236 263
236 271
236 272
236 281
236 294
236 299
237 243
237 248
237 257
237 260
237 262
237 268
237 269
237 270
237 271
237 272
237 273
237 276
237 277
237 281
237 283
237 284
237 285
237 291
238 244
238 246
238 251
238 254
238 258
238 260
238 261
238 264
238 268
238 270
238 271
238 274
238 275
238 287
238 292
238 294
238 296
239 245
239 247
239 254
239 256
239 258
239 259
239 260
239 262
239 269
239 271
239 272
239 273
239 274
239 277
239 284
239 286
239 294
239 295
240 243
240 247
240 248
240 252
240 253
240 257
240 260
240 261
240 262
240 265
240 269
240 272
240 277
240 280
240 281
240 285
240 292
240 293
240 294
240 296
241 246
241 249
241 252
241 253
241 255
241 259
241 260
241 263
241 269
241 270
241 272
241 273
241 275
241 276
241 278
241 288
241 292
241 296
242 243
242 248
242 249
242 251
242 253
242 263
242 265
242 276
242 280
242 281
242 282
242 290
242 295
243 250
243 251
243 252
243 255
243 256
243 259
243 261
243 274
243 275
243 277
243 281
243 282
243 284
243 286
243 290
243 296
243 298
243 299
244 247
244 250
244 252
244 254
244 262
244 264
244 267
244 271
244 276
244 280
244 283
244 287
244 290
244 296
244 297
245 263
245 264
245 265
245 266
245 268
245 271
245 280
245 283
245 285
245 290
245 291
245 294
245 295
245 298
246 249
246 251
246 253
246 255
246 256
246 261
246 262
246 264
246 267
246 271
246 274
246 276
246 277
246 283
246 287
246 288
246 289
246 295
246 296
246 298
247 249
247 250
247 255
247 256
247 258
247 259
247 263
247 265
247 269
247 270
247 272
247 275
247 277
247 279
247 281
247 282
247 284
247 287
247 289
247 293
247 294
248 250
248 254
248 256
248 258
248 259
248 261
248 264
248 266
248 267
248 268
248 269
248 271
248 280
248 281
248 289
248 295
249 250
249 254
249 260
249 265
249 266
249 267
249 268
249 269
249 273
249 274
249 283
249 292
249 293
249 299
250 252
250 253
250 255
250 256
250 265
250 266
250 267
250 268
250 275
250 279
250 282
250 284
250 285
250 286
250 292
250 295
250 299
251 255
251 256
251 258
251 267
251 268
251 273
251 274
251 276
251 277
251 280
251 287
251 291
251 294
251 296
251 298
251 299
252 253
252 255
252 257
252 260
252 261
252 262
252 266
252 278
252 290
252 295
252 296
253 254
253 257
253 260
253 263
253 265
253 278
254 255
254 261
254 262
254 268
254 270
254 271
254 273
254 274
254 277
254 282
254 286
254 287
254 289
254 290
254 297
255 256
255 257
255 258
255 263
255 265
255 267
255 272
255 278
255 283
255 286
255 296
256 257
256 260
256 263
256 265
256 266
256 269
256 273
256 274
256 276
256 280
256 286
256 290
256 292
256 298
256 299
257 258
257 259
257 260
257 265
257 269
257 277
257 278
257 280
257 281
257 285
257 292
257 297
257 299
258 260
258 261
258 262
258 266
258 267
258 269
258 273
258 274
258 278
258 280
258 281
258 292
258 293
258 295
258 296
258 298
258 299
259 262
259 264
259 265
259 267
259 268
259 270
259 271
259 276
259 277
259 278
259 283
259 284
259 285
259 288
259 289
259 293
259 295
260 261
260 271
260 277
260 283
260 284
260 285
260 288
260 293
261 268
261 269
261 275
261 280
261 282
261 284
261 295
261 297
262 264
262 266
262 267
262 268
262 275
262 277
262 278
262 281
262 292
262 293
262 296
262 297
262 298
263 266
263 269
263 271
263 282
263 284
263 286
263 287
263 295
263 296
263 297
264 268
264 269
264 272
264 273
264 277
264 279
264 283
264 285
264 288
264 289
264 291
264 294
264 298
265 267
265 274
265 281
265 282
265 285
265 289
265 292
265 297
266 269
266 270
266 271
266 272
266 274
266 281
266 282
266 283
266 284
266 286
266 293
266 294
267 273
267 283
267 284
267 286
267 287
267 292
267 294
267 297
267 299
268 275
268 276
268 278
268 280
268 284
268 289
268 290
268 295
268 296
268 299
269 288
269 294
270 271
270 272
270 275
270 278
270 285
270 286
270 287
270 288
270 290
270 292
270 293
270 297
271 272
271 282
271 283
271 285
271 287
271 290
271 297
272 273
272 275
272 276
272 278
272 281
272 286
272 288
273 275
273 277
273 283
273 284
273 285
273 292
273 295
273 296
273 299
274 275
274 277
274 278
274 279
274 280
274 283
274 285
274 287
274 291
274 294
274 296
274 299
275 276
275 278
275 289
275 291
275 295
275 298
276 281
276 284
276 285
276 290
276 291
276 294
276 299
277 282
277 284
277 285
277 286
277 287
277 289
277 292
277 296
278 281
278 287
278 290
279 280
279 282
279 289
279 291
279 293
279 296
279 297
279 299
280 283
280 287
280 292
280 293
280 294
280 295
280 296
280 298
281 282
281 286
281 291
281 292
281 295
281 299
282 292
282 295
282 299
283 286
283 290
283 291
283 295
284 285
284 288
284 289
284 290
284 292
284 298
285 287
285 289
285 291
285 294
285 296
286 287
286 288
286 298
286 299
287 292
287 295
288 295
289 290
289 292
289 294
289 297
289 298
290 292
290 293
290 295
290 297
290 298
291 295
292 295
292 299
293 295
293 297
294 295
294 296
294 298
294 299
295 298
296 298
297 298
297 299
