200 9828
0 1
0 2
0 5
0 6
0 9
0 13
0 20
0 23
0 24
0 25
0 28
0 29
0 30
0 32
0 34
0 36
0 39
0 40
0 41
0 43
0 45
0 46
0 48
0 51
0 52
0 54
0 58
0 59
0 60
0 61
0 62
0 63
0 65
0 66
0 67
0 68
0 69
0 70
0 71
0 73
0 76
0 77
0 79
0 84
0 85
0 86
0 87
0 88
0 89
0 91
0 92
0 95
0 98
0 101
0 103
0 107
0 109
0 111
0 118
0 119
0 120
0 122
0 123
0 124
0 125
0 126
0 129
0 133
0 138
0 139
0 140
0 141
0 142
0 143
0 144
0 147
0 149
0 150
0 151
0 153
0 154
0 159
0 160
0 161
0 165
0 166
0 170
0 171
0 172
0 176
0 177
0 179
0 181
0 182
0 186
0 188
0 190
0 193
0 194
0 196
0 197
1 3
1 8
1 9
1 13
1 14
1 17
1 20
1 22
1 23
1 24
1 26
1 29
1 30
1 34
1 35
1 36
1 41
1 43
1 46
1 49
1 50
1 51
1 55
1 57
1 58
1 60
1 62
1 63
1 64
1 65
1 67
1 68
1 69
1 72
1 73
1 74
1 75
1 76
1 77
1 78
1 79
1 80
1 81
1 82
1 85
1 87
1 89
1 90
1 93
1 95
1 96
1 99
1 100
1 102
1 104
1 106
1 109
1 111
1 112
1 114
1 120
1 122
1 127
1 128
1 129
1 130
1 132
1 133
1 134
1 135
1 139
1 141
1 142
1 146
1 150
1 152
1 153
1 154
1 156
1 157
1 158
1 159
1 160
1 161
1 164
1 165
1 169
1 170
1 171
1 172
1 176
1 177
1 178
1 179
1 180
1 181
1 186
1 188
1 191
1 194
1 195
1 196
2 4
2 5
2 8
2 10
2 12
2 16
2 17
2 18
2 20
2 21
2 24
2 25
2 26
2 27
2 28
2 29
2 31
2 34
2 36
2 38
2 39
2 40
2 42
2 43
2 49
2 50
2 54
2 61
2 62
2 63
2 64
2 69
2 73
2 75
2 76
2 78
2 80
2 81
2 83
2 85
2 86
2 88
2 91
2 92
2 93
2 94
2 95
2 97
2 98
2 100
2 102
2 103
2 107
2 108
2 109
2 110
2 111
2 114
2 116
2 118
2 120
2 121
2 126
2 133
2 134
2 135
2 138
2 139
2 142
2 146
2 148
2 149
2 154
2 156
2 162
2 164
2 166
2 167
2 168
2 169
2 170
2 172
2 182
2 185
2 186
2 187
2 193
2 194
2 195
2 196
2 198
3 4
3 5
3 6
3 9
3 14
3 19
3 20
3 21
3 24
3 27
3 29
3 30
3 32
3 34
3 37
3 41
3 43
3 44
3 45
3 46
3 47
3 48
3 49
3 50
3 51
3 53
3 58
3 59
3 60
3 61
3 62
3 66
3 69
3 71
3 72
3 73
3 74
3 75
3 76
3 79
3 80
3 81
3 82
3 83
3 88
3 89
3 93
3 94
3 96
3 97
3 103
3 105
3 114
3 115
3 116
3 117
3 120
3 122
3 123
3 125
3 128
3 132
3 135
3 136
3 137
3 139
3 141
3 144
3 146
3 148
3 152
3 155
3 156
3 157
3 158
3 159
3 160
3 161
3 162
3 163
3 165
3 169
3 170
3 171
3 172
3 173
3 174
3 176
3 178
3 179
3 182
3 183
3 184
3 186
3 187
3 188
3 190
3 193
3 194
3 195
3 196
3 198
3 199
4 5
4 6
4 9
4 14
4 16
4 18
4 22
4 24
4 26
4 28
4 29
4 30
4 34
4 35
4 38
4 40
4 41
4 42
4 45
4 47
4 48
4 49
4 50
4 51
4 52
4 53
4 57
4 58
4 59
4 60
4 63
4 66
4 69
4 71
4 72
4 73
4 74
4 77
4 79
4 80
4 81
4 82
4 83
4 84
4 86
4 88
4 90
4 92
4 94
4 95
4 97
4 99
4 100
4 102
4 104
4 108
4 111
4 113
4 114
4 118
4 120
4 123
4 124
4 126
4 127
4 129
4 133
4 136
4 137
4 138
4 140
4 145
4 147
4 148
4 149
4 150
4 151
4 152
4 154
4 155
4 156
4 158
4 162
4 165
4 166
4 168
4 169
4 171
4 172
4 173
4 174
4 175
4 178
4 180
4 188
4 189
4 191
4 193
5 6
5 9
5 14
5 15
5 16
5 17
5 19
5 21
5 23
5 24
5 25
5 26
5 28
5 29
5 30
5 31
5 33
5 34
5 35
5 37
5 38
5 43
5 44
5 45
5 50
5 58
5 59
5 62
5 64
5 71
5 73
5 74
5 75
5 77
5 78
5 79
5 81
5 84
5 90
5 91
5 93
5 94
5 95
5 96
5 98
5 99
5 103
5 105
5 106
5 107
5 108
5 110
5 111
5 114
5 116
5 118
5 119
5 121
5 122
5 126
5 129
5 130
5 132
5 133
5 134
5 136
5 141
5 143
5 148
5 149
5 150
5 152
5 154
5 156
5 157
5 158
5 159
5 160
5 161
5 163
5 165
5 168
5 171
5 172
5 173
5 178
5 179
5 181
5 182
5 184
5 185
5 188
5 189
5 195
5 196
5 197
5 199
6 7
6 11
6 13
6 15
6 19
6 21
6 23
6 24
6 26
6 27
6 29
6 30
6 36
6 37
6 38
6 43
6 45
6 46
6 47
6 49
6 54
6 55
6 59
6 64
6 66
6 71
6 73
6 75
6 76
6 78
6 79
6 81
6 82
6 84
6 85
6 86
6 87
6 90
6 91
6 92
6 93
6 94
6 95
6 96
6 99
6 103
6 105
6 107
6 108
6 109
6 110
6 112
6 116
6 119
6 122
6 123
6 126
6 128
6 130
6 131
6 132
6 133
6 134
6 135
6 137
6 140
6 142
6 143
6 144
6 145
6 147
6 155
6 158
6 159
6 160
6 161
6 162
6 163
6 166
6 167
6 168
6 170
6 173
6 174
6 175
6 176
6 179
6 180
6 181
6 182
6 183
6 185
6 190
6 197
6 199
7 8
7 11
7 12
7 14
7 16
7 17
7 19
7 21
7 22
7 23
7 24
7 25
7 26
7 27
7 32
7 33
7 35
7 36
7 37
7 38
7 39
7 43
7 48
7 53
7 55
7 58
7 59
7 60
7 61
7 62
7 64
7 65
7 67
7 69
7 71
7 73
7 74
7 75
7 77
7 81
7 83
7 84
7 85
7 89
7 91
7 93
7 97
7 99
7 100
7 102
7 105
7 106
7 110
7 111
7 112
7 113
7 115
7 118
7 119
7 120
7 121
7 124
7 125
7 126
7 128
7 130
7 132
7 133
7 135
7 140
7 142
7 143
7 144
7 145
7 146
7 148
7 149
7 151
7 152
7 155
7 157
7 158
7 159
7 160
7 166
7 169
7 170
7 171
7 172
7 174
7 176
7 177
7 178
7 182
7 183
7 184
7 187
7 188
7 189
7 191
7 192
7 193
7 199
8 9
8 11
8 12
8 13
8 15
8 16
8 22
8 25
8 26
8 27
8 30
8 31
8 32
8 33
8 36
8 37
8 38
8 40
8 41
8 42
8 45
8 46
8 48
8 50
8 52
8 54
8 55
8 59
8 60
8 63
8 68
8 69
8 71
8 73
8 74
8 79
8 81
8 85
8 88
8 89
8 91
8 92
8 93
8 100
8 105
8 106
8 107
8 108
8 110
8 111
8 112
8 113
8 115
8 118
8 119
8 120
8 122
8 123
8 124
8 125
8 127
8 128
8 129
8 130
8 131
8 132
8 134
8 137
8 138
8 140
8 143
8 144
8 145
8 146
8 148
8 149
8 150
8 152
8 153
8 154
8 157
8 158
8 161
8 163
8 168
8 169
8 170
8 174
8 175
8 178
8 179
8 180
8 183
8 184
8 187
8 189
8 190
8 192
8 193
8 194
8 196
8 197
8 198
8 199
9 10
9 13
9 15
9 17
9 18
9 19
9 20
9 21
9 22
9 25
9 27
9 28
9 30
9 32
9 35
9 39
9 40
9 43
9 44
9 46
9 48
9 49
9 55
9 59
9 62
9 63
9 64
9 69
9 71
9 72
9 78
9 80
9 81
9 85
9 86
9 87
9 88
9 89
9 94
9 97
9 98
9 99
9 100
9 103
9 104
9 106
9 107
9 108
9 110
9 111
9 113
9 114
9 115
9 116
9 117
9 120
9 121
9 126
9 128
9 129
9 132
9 140
9 144
9 145
9 147
9 148
9 150
9 152
9 153
9 154
9 157
9 160
9 163
9 164
9 165
9 166
9 169
9 171
9 172
9 175
9 176
9 178
9 179
9 180
9 183
9 184
9 185
9 186
9 189
9 193
9 194
9 195
9 197
9 198
10 12
10 14
10 16
10 21
10 23
10 24
10 25
10 27
10 30
10 31
10 34
10 35
10 37
10 38
10 42
10 47
10 48
10 49
10 52
10 53
10 54
10 56
10 58
10 59
10 63
10 64
10 66
10 67
10 69
10 73
10 74
10 77
10 78
10 80
10 82
10 83
10 84
10 85
10 86
10 88
10 90
10 91
10 97
10 100
10 103
10 104
10 106
10 107
10 108
10 110
10 111
10 112
10 114
10 115
10 118
10 119
10 122
10 124
10 125
10 126
10 128
10 129
10 133
10 135
10 136
10 139
10 142
10 143
10 144
10 146
10 147
10 149
10 151
10 152
10 154
10 155
10 156
10 158
10 159
10 160
10 161
10 162
10 164
10 165
10 166
10 167
10 169
10 174
10 178
10 179
10 180
10 181
10 182
10 183
10 187
10 188
10 189
10 192
10 193
10 195
10 196
10 199
11 12
11 14
11 15
11 16
11 18
11 20
11 24
11 25
11 27
11 31
11 33
11 35
11 36
11 39
11 43
11 45
11 46
11 47
11 49
11 51
11 61
11 62
11 64
11 65
11 66
11 72
11 73
11 74
11 76
11 77
11 79
11 83
11 85
11 86
11 87
11 88
11 90
11 96
11 99
11 100
11 103
11 109
11 110
11 111
11 112
11 114
11 115
11 116
11 118
11 120
11 121
11 122
11 123
11 126
11 127
11 128
11 129
11 131
11 132
11 137
11 139
11 142
11 143
11 144
11 145
11 146
11 148
11 149
11 150
11 155
11 158
11 160
11 161
11 164
11 166
11 168
11 171
11 172
11 174
11 178
11 179
11 181
11 183
11 184
11 193
11 194
11 195
11 198
11 199
12 13
12 14
12 15
12 17
12 20
12 22
12 25
12 26
12 28
12 30
12 31
12 35
12 36
12 40
12 41
12 42
12 48
12 49
12 50
12 53
12 54
12 56
12 57
12 58
12 60
12 62
12 63
12 67
12 69
12 73
12 76
12 77
12 78
12 79
12 82
12 85
12 87
12 90
12 92
12 94
12 95
12 97
12 98
12 100
12 105
12 106
12 107
12 108
12 112
12 113
12 115
12 116
12 117
12 118
12 120
12 121
12 122
12 123
12 126
12 127
12 128
12 129
12 130
12 132
12 133
12 138
12 141
12 143
12 145
12 146
12 147
12 148
12 149
12 151
12 156
12 157
12 159
12 160
12 161
12 162
12 164
12 168
12 170
12 172
12 175
12 176
12 177
12 178
12 179
12 181
12 183
12 187
12 188
12 189
12 192
12 198
12 199
13 15
13 21
13 22
13 23
13 24
13 31
13 35
13 41
13 42
13 43
13 44
13 48
13 52
13 53
13 57
13 58
13 59
13 60
13 61
13 62
13 63
13 67
13 70
13 71
13 72
13 73
13 74
13 75
13 79
13 80
13 82
13 88
13 91
13 95
13 100
13 101
13 102
13 104
13 105
13 108
13 111
13 112
13 114
13 116
13 124
13 126
13 127
13 129
13 130
13 132
13 135
13 136
13 138
13 140
13 142
13 144
13 147
13 149
13 151
13 152
13 156
13 162
13 165
13 167
13 170
13 171
13 172
13 174
13 176
13 179
13 181
13 182
13 188
13 189
13 191
13 192
13 194
13 197
13 199
14 15
14 16
14 17
14 18
14 19
14 22
14 23
14 25
14 26
14 27
14 28
14 29
14 30
14 33
14 35
14 38
14 39
14 42
14 43
14 47
14 48
14 49
14 50
14 51
14 53
14 56
14 58
14 59
14 60
14 61
14 62
14 63
14 66
14 69
14 71
14 72
14 76
14 78
14 82
14 85
14 92
14 93
14 96
14 99
14 102
14 103
14 107
14 110
14 112
14 114
14 115
14 117
14 118
14 124
14 126
14 131
14 132
14 133
14 134
14 136
14 138
14 140
14 142
14 143
14 146
14 148
14 149
14 155
14 156
14 157
14 158
14 160
14 162
14 165
14 169
14 170
14 172
14 176
14 178
14 180
14 182
14 184
14 185
14 186
14 187
14 188
14 191
14 194
14 196
14 197
14 198
14 199
15 16
15 17
15 18
15 19
15 20
15 21
15 22
15 24
15 26
15 29
15 34
15 35
15 40
15 41
15 42
15 43
15 44
15 46
15 48
15 51
15 52
15 54
15 55
15 58
15 61
15 64
15 67
15 69
15 74
15 78
15 79
15 80
15 83
15 84
15 86
15 87
15 93
15 98
15 101
15 102
15 103
15 104
15 105
15 106
15 109
15 110
15 111
15 112
15 119
15 120
15 123
15 124
15 127
15 129
15 131
15 133
15 134
15 135
15 140
15 143
15 144
15 145
15 148
15 150
15 151
15 154
15 155
15 157
15 161
15 163
15 164
15 170
15 173
15 174
15 178
15 179
15 180
15 181
15 182
15 183
15 187
15 188
15 189
15 191
15 195
15 198
16 19
16 28
16 29
16 31
16 32
16 39
16 40
16 43
16 44
16 46
16 47
16 48
16 52
16 53
16 56
16 57
16 59
16 62
16 63
16 64
16 65
16 70
16 74
16 77
16 78
16 79
16 81
16 83
16 84
16 85
16 86
16 87
16 88
16 90
16 91
16 94
16 95
16 96
16 97
16 98
16 99
16 100
16 101
16 102
16 103
16 104
16 107
16 108
16 109
16 113
16 114
16 116
16 118
16 120
16 121
16 124
16 126
16 128
16 130
16 131
16 132
16 136
16 138
16 139
16 140
16 141
16 143
16 144
16 146
16 147
16 148
16 150
16 153
16 154
16 155
16 160
16 161
16 163
16 164
16 169
16 172
16 173
16 174
16 182
16 183
16 185
16 186
16 187
16 190
16 192
16 193
16 194
16 195
16 199
17 18
17 19
17 21
17 22
17 23
17 24
17 28
17 34
17 35
17 37
17 40
17 42
17 43
17 45
17 46
17 47
17 50
17 51
17 52
17 53
17 55
17 57
17 58
17 61
17 62
17 63
17 66
17 69
17 75
17 76
17 79
17 82
17 83
17 85
17 87
17 89
17 92
17 93
17 98
17 101
17 102
17 105
17 108
17 110
17 112
17 115
17 118
17 120
17 121
17 122
17 123
17 125
17 126
17 127
17 130
17 132
17 133
17 136
17 137
17 141
17 143
17 144
17 146
17 150
17 153
17 154
17 156
17 157
17 158
17 159
17 160
17 161
17 163
17 165
17 167
17 171
17 173
17 174
17 175
17 176
17 181
17 182
17 183
17 184
17 185
17 190
17 192
17 193
17 194
17 196
17 197
18 19
18 20
18 21
18 24
18 25
18 26
18 28
18 29
18 30
18 33
18 34
18 35
18 37
18 39
18 40
18 41
18 42
18 44
18 49
18 50
18 51
18 54
18 55
18 56
18 57
18 58
18 62
18 65
18 66
18 67
18 68
18 69
18 70
18 72
18 74
18 77
18 78
18 79
18 80
18 85
18 87
18 89
18 90
18 91
18 92
18 101
18 103
18 104
18 106
18 109
18 110
18 111
18 112
18 114
18 115
18 116
18 117
18 119
18 120
18 129
18 132
18 133
18 134
18 135
18 140
18 141
18 143
18 144
18 145
18 148
18 149
18 150
18 157
18 158
18 159
18 160
18 165
18 168
18 169
18 171
18 172
18 175
18 176
18 178
18 179
18 180
18 183
18 189
18 190
18 191
18 192
18 194
18 195
18 198
18 199
19 22
19 24
19 25
19 26
19 28
19 34
19 35
19 36
19 37
19 38
19 39
19 40
19 42
19 43
19 44
19 46
19 47
19 48
19 50
19 51
19 54
19 57
19 58
19 59
19 60
19 61
19 64
19 69
19 70
19 71
19 72
19 74
19 75
19 76
19 77
19 79
19 81
19 83
19 85
19 91
19 92
19 93
19 97
19 104
19 106
19 107
19 109
19 115
19 116
19 117
19 118
19 121
19 123
19 124
19 126
19 127
19 133
19 135
19 137
19 140
19 144
19 146
19 147
19 148
19 149
19 150
19 151
19 153
19 154
19 155
19 159
19 160
19 161
19 165
19 166
19 167
19 170
19 171
19 172
19 176
19 178
19 179
19 181
19 182
19 183
19 184
19 186
19 187
19 189
19 190
19 191
19 194
19 195
19 197
19 198
19 199
20 21
20 23
20 25
20 26
20 27
20 30
20 31
20 32
20 36
20 39
20 40
20 42
20 44
20 47
20 48
20 50
20 51
20 52
20 54
20 55
20 56
20 57
20 59
20 60
20 61
20 65
20 66
20 67
20 70
20 71
20 75
20 77
20 79
20 83
20 84
20 85
20 86
20 87
20 89
20 96
20 97
20 103
20 104
20 107
20 110
20 112
20 114
20 115
20 117
20 118
20 120
20 123
20 124
20 125
20 127
20 128
20 129
20 130
20 131
20 132
20 134
20 135
20 136
20 140
20 141
20 144
20 146
20 147
20 148
20 150
20 151
20 155
20 159
20 161
20 162
20 163
20 164
20 168
20 169
20 170
20 174
20 179
20 185
20 186
20 191
20 192
20 193
20 195
20 196
20 198
21 22
21 23
21 24
21 28
21 30
21 33
21 35
21 37
21 38
21 39
21 40
21 41
21 42
21 46
21 47
21 48
21 49
21 50
21 53
21 55
21 56
21 57
21 58
21 59
21 61
21 62
21 65
21 66
21 67
21 68
21 71
21 78
21 79
21 81
21 82
21 84
21 86
21 87
21 88
21 91
21 92
21 93
21 94
21 95
21 100
21 103
21 110
21 115
21 121
21 123
21 124
21 125
21 128
21 129
21 132
21 133
21 134
21 135
21 136
21 137
21 138
21 141
21 142
21 145
21 149
21 154
21 156
21 158
21 161
21 165
21 166
21 167
21 170
21 172
21 174
21 175
21 178
21 179
21 181
21 182
21 183
21 184
21 188
21 190
21 195
21 196
21 198
22 24
22 25
22 26
22 30
22 32
22 34
22 36
22 40
22 41
22 43
22 46
22 51
22 53
22 54
22 55
22 56
22 59
22 60
22 62
22 64
22 66
22 67
22 68
22 69
22 71
22 72
22 73
22 74
22 76
22 79
22 82
22 83
22 85
22 86
22 87
22 91
22 92
22 93
22 94
22 95
22 97
22 98
22 99
22 105
22 107
22 108
22 109
22 110
22 113
22 114
22 115
22 116
22 119
22 121
22 125
22 131
22 133
22 134
22 138
22 140
22 141
22 143
22 146
22 147
22 151
22 152
22 153
22 156
22 157
22 159
22 160
22 163
22 164
22 165
22 167
22 168
22 170
22 174
22 176
22 178
22 183
22 187
22 188
22 189
22 190
22 191
22 195
22 196
22 199
23 24
23 25
23 26
23 27
23 32
23 35
23 36
23 37
23 40
23 41
23 43
23 45
23 46
23 53
23 54
23 56
23 57
23 59
23 61
23 64
23 67
23 71
23 73
23 74
23 75
23 77
23 82
23 83
23 86
23 87
23 91
23 95
23 96
23 97
23 100
23 101
23 102
23 104
23 111
23 112
23 113
23 114
23 118
23 119
23 121
23 122
23 123
23 127
23 129
23 134
23 137
23 138
23 139
23 142
23 143
23 144
23 146
23 148
23 150
23 152
23 153
23 156
23 157
23 159
23 160
23 161
23 163
23 164
23 167
23 169
23 170
23 172
23 178
23 182
23 183
23 184
23 187
23 189
23 192
23 193
23 194
23 195
23 197
23 198
23 199
24 27
24 33
24 35
24 37
24 38
24 43
24 45
24 46
24 47
24 48
24 50
24 51
24 54
24 59
24 61
24 64
24 71
24 73
24 74
24 75
24 76
24 77
24 78
24 80
24 81
24 82
24 84
24 86
24 88
24 89
24 90
24 92
24 93
24 94
24 97
24 98
24 101
24 102
24 106
24 111
24 112
24 113
24 115
24 116
24 117
24 118
24 119
24 120
24 121
24 122
24 124
24 126
24 127
24 131
24 132
24 134
24 135
24 136
24 137
24 139
24 141
24 142
24 143
24 150
24 151
24 154
24 155
24 157
24 162
24 166
24 174
24 176
24 181
24 182
24 185
24 193
24 195
24 196
25 27
25 29
25 30
25 31
25 33
25 34
25 35
25 37
25 38
25 39
25 40
25 41
25 42
25 43
25 46
25 47
25 49
25 55
25 56
25 57
25 60
25 62
25 65
25 66
25 69
25 70
25 71
25 72
25 73
25 74
25 76
25 77
25 78
25 79
25 81
25 82
25 87
25 89
25 90
25 91
25 92
25 94
25 95
25 97
25 99
25 106
25 108
25 110
25 114
25 121
25 122
25 124
25 125
25 127
25 128
25 130
25 132
25 133
25 136
25 138
25 139
25 144
25 145
25 150
25 152
25 153
25 155
25 157
25 158
25 159
25 160
25 161
25 163
25 165
25 167
25 168
25 172
25 174
25 176
25 177
25 179
25 180
25 182
25 186
25 188
25 192
25 193
25 194
25 197
25 199
26 28
26 29
26 30
26 31
26 34
26 37
26 39
26 42
26 47
26 50
26 52
26 53
26 58
26 59
26 60
26 61
26 62
26 63
26 64
26 65
26 69
26 75
26 76
26 77
26 78
26 79
26 81
26 83
26 84
26 85
26 87
26 91
26 92
26 93
26 94
26 95
26 99
26 100
26 101
26 102
26 103
26 105
26 106
26 107
26 108
26 110
26 111
26 112
26 113
26 115
26 117
26 119
26 120
26 122
26 126
26 127
26 129
26 131
26 133
26 134
26 137
26 139
26 140
26 143
26 144
26 145
26 146
26 152
26 154
26 157
26 158
26 159
26 161
26 164
26 166
26 170
26 173
26 174
26 175
26 177
26 181
26 182
26 184
26 185
26 186
26 187
26 188
26 192
26 194
26 195
26 199
27 30
27 32
27 37
27 38
27 42
27 45
27 47
27 49
27 53
27 55
27 62
27 64
27 65
27 68
27 71
27 73
27 76
27 78
27 79
27 80
27 81
27 84
27 85
27 89
27 91
27 95
27 96
27 98
27 102
27 104
27 105
27 107
27 110
27 111
27 114
27 115
27 116
27 117
27 120
27 121
27 122
27 124
27 125
27 129
27 133
27 135
27 136
27 139
27 140
27 142
27 145
27 146
27 147
27 149
27 153
27 157
27 158
27 159
27 161
27 164
27 165
27 167
27 168
27 170
27 171
27 172
27 174
27 175
27 177
27 178
27 180
27 182
27 185
27 189
27 190
27 191
27 194
27 197
28 34
28 36
28 37
28 39
28 40
28 44
28 45
28 47
28 53
28 54
28 56
28 57
28 59
28 60
28 62
28 64
28 65
28 68
28 69
28 70
28 71
28 72
28 74
28 75
28 77
28 78
28 79
28 80
28 83
28 85
28 86
28 88
28 89
28 91
28 93
28 102
28 104
28 106
28 107
28 108
28 109
28 112
28 113
28 120
28 122
28 123
28 125
28 126
28 127
28 128
28 131
28 132
28 135
28 136
28 139
28 140
28 141
28 142
28 145
28 146
28 147
28 148
28 154
28 155
28 156
28 158
28 160
28 161
28 164
28 165
28 167
28 169
28 177
28 179
28 180
28 182
28 185
28 186
28 187
28 188
28 189
28 193
28 196
28 198
28 199
29 30
29 32
29 42
29 45
29 46
29 48
29 55
29 56
29 58
29 59
29 61
29 62
29 63
29 65
29 67
29 68
29 69
29 70
29 72
29 76
29 77
29 78
29 80
29 81
29 82
29 85
29 86
29 87
29 89
29 90
29 91
29 95
29 96
29 97
29 101
29 102
29 105
29 106
29 107
29 110
29 111
29 113
29 114
29 118
29 120
29 121
29 122
29 123
29 124
29 125
29 126
29 129
29 130
29 131
29 132
29 133
29 136
29 138
29 139
29 140
29 142
29 145
29 148
29 150
29 158
29 162
29 168
29 169
29 172
29 174
29 175
29 179
29 183
29 184
29 185
29 186
29 187
29 188
29 189
29 193
29 195
29 196
29 197
29 198
30 33
30 36
30 38
30 39
30 42
30 44
30 45
30 46
30 48
30 49
30 51
30 53
30 54
30 56
30 58
30 65
30 66
30 68
30 69
30 70
30 72
30 73
30 74
30 75
30 79
30 82
30 83
30 84
30 88
30 89
30 90
30 91
30 92
30 95
30 97
30 98
30 99
30 103
30 106
30 107
30 110
30 112
30 114
30 116
30 119
30 121
30 124
30 125
30 130
30 131
30 132
30 136
30 137
30 139
30 141
30 144
30 148
30 149
30 150
30 151
30 153
30 156
30 157
30 159
30 162
30 165
30 166
30 169
30 173
30 174
30 175
30 176
30 180
30 184
30 185
30 187
30 189
30 190
30 194
30 195
30 199
31 32
31 37
31 42
31 45
31 47
31 49
31 50
31 51
31 55
31 56
31 57
31 60
31 61
31 63
31 64
31 66
31 67
31 68
31 69
31 71
31 75
31 76
31 77
31 79
31 82
31 83
31 84
31 86
31 87
31 90
31 93
31 94
31 97
31 98
31 99
31 100
31 102
31 105
31 106
31 109
31 111
31 112
31 116
31 120
31 122
31 127
31 128
31 129
31 133
31 135
31 136
31 137
31 138
31 139
31 140
31 141
31 143
31 148
31 149
31 150
31 155
31 156
31 157
31 159
31 160
31 161
31 165
31 170
31 171
31 175
31 176
31 177
31 178
31 179
31 181
31 182
31 184
31 187
31 188
31 192
31 193
31 194
31 195
31 196
31 197
31 198
31 199
32 33
32 36
32 38
32 44
32 46
32 49
32 51
32 54
32 57
32 60
32 63
32 66
32 68
32 71
32 72
32 73
32 76
32 78
32 82
32 84
32 85
32 86
32 89
32 91
32 97
32 99
32 101
32 102
32 103
32 109
32 113
32 114
32 121
32 123
32 124
32 126
32 129
32 130
32 132
32 134
32 136
32 138
32 141
32 142
32 143
32 144
32 145
32 146
32 148
32 150
32 152
32 153
32 155
32 158
32 159
32 160
32 162
32 164
32 167
32 168
32 170
32 171
32 172
32 174
32 175
32 177
32 178
32 181
32 186
32 188
32 190
32 192
32 195
32 197
33 41
33 43
33 45
33 47
33 49
33 52
33 53
33 54
33 57
33 61
33 63
33 65
33 66
33 67
33 68
33 69
33 74
33 77
33 78
33 80
33 81
33 83
33 84
33 90
33 91
33 93
33 97
33 98
33 102
33 104
33 105
33 114
33 116
33 117
33 121
33 122
33 123
33 124
33 125
33 126
33 127
33 128
33 129
33 130
33 131
33 134
33 135
33 137
33 138
33 141
33 142
33 144
33 145
33 148
33 150
33 152
33 153
33 156
33 157
33 159
33 160
33 162
33 163
33 169
33 171
33 172
33 173
33 174
33 176
33 179
33 180
33 182
33 183
33 187
33 188
33 190
33 192
33 193
33 194
33 196
34 36
34 38
34 39
34 44
34 47
34 48
34 49
34 50
34 53
34 56
34 57
34 58
34 62
34 63
34 64
34 65
34 66
34 69
34 70
34 72
34 73
34 74
34 75
34 76
34 80
34 81
34 83
34 86
34 87
34 90
34 91
34 93
34 94
34 96
34 97
34 98
34 102
34 107
34 108
34 110
34 114
34 120
34 127
34 133
34 135
34 138
34 139
34 142
34 143
34 146
34 147
34 148
34 150
34 151
34 154
34 157
34 158
34 159
34 160
34 163
34 164
34 166
34 168
34 170
34 171
34 172
34 173
34 178
34 179
34 182
34 183
34 187
34 192
34 195
34 196
34 198
35 37
35 39
35 41
35 43
35 49
35 52
35 53
35 55
35 56
35 67
35 69
35 70
35 71
35 72
35 75
35 77
35 78
35 79
35 80
35 82
35 84
35 87
35 91
35 92
35 95
35 99
35 101
35 103
35 105
35 106
35 107
35 108
35 110
35 112
35 113
35 114
35 115
35 116
35 117
35 118
35 119
35 120
35 122
35 124
35 126
35 127
35 128
35 129
35 130
35 131
35 133
35 134
35 136
35 137
35 141
35 144
35 145
35 148
35 150
35 151
35 152
35 154
35 156
35 157
35 158
35 159
35 161
35 164
35 165
35 166
35 167
35 168
35 169
35 170
35 171
35 172
35 174
35 176
35 177
35 180
35 190
35 193
35 195
35 196
35 199
36 41
36 44
36 46
36 52
36 53
36 55
36 57
36 60
36 64
36 65
36 68
36 69
36 71
36 74
36 75
36 77
36 78
36 79
36 81
36 82
36 86
36 89
36 90
36 91
36 94
36 95
36 96
36 100
36 102
36 103
36 104
36 105
36 107
36 109
36 110
36 112
36 113
36 114
36 115
36 116
36 117
36 118
36 120
36 121
36 122
36 123
36 125
36 126
36 127
36 128
36 129
36 130
36 132
36 133
36 134
36 135
36 136
36 139
36 140
36 141
36 143
36 147
36 152
36 153
36 154
36 155
36 156
36 157
36 159
36 161
36 163
36 164
36 165
36 167
36 169
36 170
36 171
36 174
36 176
36 178
36 179
36 183
36 189
36 191
36 195
36 196
36 197
36 199
37 39
37 40
37 42
37 44
37 45
37 46
37 48
37 49
37 50
37 51
37 52
37 54
37 56
37 58
37 62
37 63
37 64
37 65
37 67
37 70
37 71
37 74
37 75
37 77
37 78
37 80
37 81
37 82
37 83
37 85
37 87
37 90
37 91
37 92
37 94
37 96
37 97
37 98
37 100
37 102
37 106
37 107
37 108
37 109
37 110
37 111
37 113
37 115
37 116
37 117
37 121
37 123
37 124
37 127
37 128
37 133
37 134
37 135
37 138
37 141
37 143
37 144
37 147
37 148
37 149
37 151
37 153
37 155
37 156
37 157
37 158
37 159
37 161
37 162
37 163
37 167
37 172
37 175
37 176
37 177
37 178
37 179
37 182
37 186
37 188
37 193
37 194
37 196
37 197
37 198
37 199
38 39
38 40
38 42
38 43
38 45
38 51
38 52
38 54
38 55
38 58
38 59
38 63
38 64
38 67
38 70
38 76
38 78
38 79
38 83
38 87
38 88
38 89
38 90
38 91
38 92
38 93
38 99
38 100
38 103
38 109
38 110
38 112
38 114
38 115
38 117
38 118
38 119
38 120
38 123
38 124
38 125
38 126
38 128
38 131
38 135
38 138
38 139
38 140
38 141
38 142
38 143
38 145
38 146
38 147
38 148
38 150
38 155
38 157
38 158
38 162
38 163
38 165
38 167
38 170
38 171
38 175
38 176
38 177
38 178
38 179
38 180
38 182
38 184
38 185
38 186
38 187
38 188
38 189
38 190
38 191
38 197
39 42
39 43
39 44
39 46
39 49
39 50
39 53
39 54
39 56
39 57
39 59
39 60
39 63
39 66
39 67
39 68
39 70
39 71
39 72
39 76
39 80
39 81
39 83
39 85
39 86
39 87
39 88
39 90
39 91
39 94
39 98
39 99
39 101
39 107
39 109
39 110
39 111
39 113
39 119
39 120
39 121
39 123
39 124
39 126
39 127
39 128
39 132
39 133
39 134
39 137
39 140
39 141
39 147
39 148
39 149
39 150
39 154
39 155
39 161
39 166
39 168
39 169
39 172
39 173
39 175
39 177
39 179
39 185
39 187
39 189
39 190
39 192
39 195
39 197
39 199
40 41
40 44
40 45
40 48
40 49
40 50
40 52
40 55
40 56
40 57
40 58
40 61
40 63
40 65
40 66
40 67
40 69
40 72
40 75
40 77
40 79
40 83
40 84
40 87
40 90
40 92
40 94
40 97
40 98
40 100
40 106
40 110
40 113
40 117
40 120
40 121
40 126
40 132
40 134
40 139
40 145
40 146
40 147
40 148
40 152
40 153
40 154
40 158
40 159
40 164
40 167
40 170
40 173
40 177
40 178
40 179
40 183
40 184
40 185
40 186
40 190
40 191
40 193
40 199
41 42
41 43
41 44
41 45
41 46
41 47
41 48
41 49
41 51
41 52
41 54
41 57
41 58
41 59
41 60
41 61
41 62
41 64
41 67
41 68
41 70
41 72
41 74
41 75
41 78
41 81
41 85
41 86
41 87
41 91
41 92
41 94
41 96
41 97
41 100
41 101
41 102
41 104
41 109
41 110
41 111
41 112
41 114
41 115
41 116
41 117
41 122
41 126
41 127
41 129
41 131
41 133
41 134
41 135
41 136
41 137
41 138
41 140
41 141
41 146
41 147
41 150
41 155
41 156
41 159
41 161
41 163
41 164
41 165
41 167
41 170
41 173
41 174
41 180
41 187
41 188
41 189
41 190
41 191
41 192
41 194
41 196
41 198
42 47
42 49
42 51
42 55
42 56
42 57
42 59
42 61
42 62
42 64
42 66
42 67
42 70
42 72
42 74
42 75
42 77
42 81
42 82
42 83
42 85
42 86
42 87
42 88
42 90
42 93
42 94
42 95
42 97
42 104
42 106
42 107
42 109
42 110
42 111
42 112
42 116
42 117
42 125
42 126
42 127
42 132
42 134
42 135
42 136
42 140
42 141
42 150
42 151
42 152
42 153
42 154
42 155
42 156
42 157
42 159
42 160
42 162
42 164
42 170
42 174
42 175
42 176
42 177
42 178
42 183
42 184
42 185
42 186
42 187
42 188
42 193
42 195
42 196
42 197
42 199
43 50
43 51
43 55
43 56
43 58
43 59
43 60
43 61
43 62
43 63
43 67
43 69
43 74
43 78
43 79
43 85
43 87
43 88
43 89
43 92
43 94
43 95
43 96
43 97
43 98
43 99
43 100
43 101
43 102
43 105
43 106
43 108
43 109
43 110
43 111
43 113
43 114
43 117
43 118
43 120
43 121
43 122
43 124
43 125
43 129
43 131
43 135
43 140
43 141
43 142
43 144
43 148
43 149
43 151
43 153
43 154
43 155
43 157
43 158
43 159
43 161
43 165
43 166
43 168
43 170
43 172
43 173
43 175
43 178
43 179
43 180
43 181
43 183
43 187
43 188
43 191
43 192
43 194
43 195
44 48
44 49
44 51
44 52
44 53
44 54
44 56
44 59
44 60
44 62
44 63
44 64
44 68
44 69
44 70
44 72
44 74
44 75
44 76
44 80
44 82
44 84
44 90
44 91
44 92
44 93
44 94
44 96
44 98
44 99
44 101
44 102
44 103
44 104
44 105
44 106
44 107
44 111
44 112
44 113
44 114
44 115
44 116
44 117
44 118
44 119
44 121
44 123
44 125
44 129
44 130
44 131
44 132
44 134
44 137
44 141
44 143
44 145
44 148
44 150
44 153
44 155
44 156
44 157
44 159
44 161
44 165
44 166
44 167
44 168
44 169
44 171
44 172
44 176
44 177
44 178
44 179
44 180
44 181
44 183
44 185
44 186
44 187
44 188
44 189
44 190
44 191
44 192
44 193
44 196
44 197
44 198
45 47
45 50
45 56
45 58
45 59
45 62
45 63
45 64
45 65
45 69
45 70
45 71
45 72
45 73
45 77
45 78
45 80
45 83
45 84
45 87
45 88
45 93
45 98
45 101
45 102
45 105
45 106
45 107
45 110
45 117
45 121
45 125
45 128
45 129
45 133
45 135
45 136
45 137
45 139
45 142
45 144
45 146
45 147
45 148
45 149
45 151
45 153
45 154
45 155
45 158
45 160
45 164
45 165
45 169
45 170
45 171
45 174
45 175
45 176
45 178
45 180
45 182
45 185
45 189
45 190
45 192
45 193
45 194
45 195
45 196
45 199
46 47
46 49
46 52
46 53
46 54
46 57
46 60
46 63
46 64
46 68
46 70
46 72
46 74
46 75
46 76
46 77
46 78
46 82
46 84
46 85
46 86
46 88
46 89
46 91
46 92
46 95
46 97
46 98
46 106
46 109
46 110
46 112
46 114
46 115
46 117
46 118
46 120
46 122
46 123
46 125
46 128
46 129
46 132
46 139
46 142
46 145
46 149
46 152
46 154
46 155
46 156
46 157
46 160
46 163
46 164
46 165
46 166
46 169
46 171
46 172
46 176
46 178
46 179
46 181
46 182
46 183
46 186
46 189
46 191
46 192
46 195
46 198
46 199
47 48
47 52
47 57
47 58
47 59
47 65
47 66
47 72
47 75
47 78
47 83
47 85
47 86
47 87
47 90
47 92
47 93
47 97
47 98
47 99
47 101
47 102
47 103
47 104
47 110
47 111
47 113
47 114
47 116
47 117
47 119
47 120
47 126
47 131
47 133
47 134
47 135
47 136
47 138
47 139
47 150
47 154
47 155
47 156
47 160
47 161
47 164
47 165
47 166
47 168
47 169
47 171
47 172
47 173
47 178
47 179
47 180
47 181
47 182
47 187
47 189
47 190
47 192
47 193
47 194
47 196
47 198
48 50
48 51
48 52
48 54
48 55
48 57
48 60
48 63
48 66
48 67
48 71
48 73
48 75
48 76
48 77
48 79
48 80
48 81
48 82
48 83
48 84
48 85
48 88
48 89
48 90
48 96
48 97
48 98
48 99
48 101
48 104
48 107
48 108
48 109
48 111
48 113
48 116
48 117
48 118
48 119
48 123
48 124
48 125
48 126
48 128
48 129
48 132
48 136
48 139
48 141
48 142
48 143
48 145
48 149
48 150
48 151
48 153
48 159
48 165
48 167
48 168
48 169
48 170
48 173
48 174
48 175
48 177
48 178
48 179
48 184
48 186
48 187
48 189
48 191
48 192
48 194
48 195
48 196
48 199
49 51
49 52
49 54
49 58
49 60
49 64
49 67
49 69
49 70
49 72
49 75
49 76
49 79
49 80
49 82
49 83
49 84
49 87
49 89
49 90
49 93
49 94
49 95
49 97
49 98
49 105
49 106
49 107
49 109
49 110
49 112
49 113
49 115
49 119
49 121
49 122
49 123
49 125
49 128
49 129
49 135
49 136
49 138
49 145
49 146
49 147
49 148
49 153
49 156
49 158
49 159
49 160
49 161
49 162
49 163
49 166
49 167
49 169
49 172
49 174
49 176
49 179
49 183
49 184
49 186
49 187
49 189
49 191
49 192
49 193
49 195
49 196
49 197
49 198
50 51
50 52
50 59
50 60
50 61
50 63
50 65
50 66
50 67
50 68
50 69
50 70
50 76
50 77
50 80
50 81
50 85
50 87
50 89
50 90
50 93
50 95
50 101
50 107
50 108
50 116
50 117
50 120
50 125
50 129
50 131
50 133
50 134
50 138
50 139
50 143
50 147
50 152
50 155
50 156
50 157
50 159
50 160
50 162
50 164
50 165
50 167
50 171
50 175
50 176
50 177
50 179
50 180
50 181
50 182
50 184
50 185
50 186
50 191
50 192
50 193
50 195
50 196
51 52
51 56
51 59
51 60
51 64
51 67
51 69
51 71
51 72
51 75
51 76
51 78
51 79
51 80
51 81
51 85
51 86
51 87
51 93
51 95
51 96
51 100
51 102
51 103
51 107
51 108
51 109
51 111
51 114
51 115
51 116
51 119
51 120
51 121
51 122
51 124
51 126
51 131
51 133
51 140
51 141
51 142
51 144
51 145
51 146
51 152
51 155
51 157
51 158
51 159
51 164
51 169
51 170
51 171
51 172
51 173
51 174
51 176
51 177
51 178
51 179
51 180
51 181
51 182
51 183
51 186
51 189
51 190
51 191
51 196
51 197
51 198
51 199
52 53
52 54
52 55
52 56
52 59
52 60
52 63
52 65
52 67
52 69
52 70
52 71
52 72
52 74
52 76
52 78
52 84
52 91
52 93
52 98
52 99
52 100
52 103
52 106
52 107
52 108
52 109
52 110
52 112
52 114
52 118
52 125
52 126
52 128
52 131
52 135
52 136
52 139
52 141
52 144
52 147
52 149
52 151
52 152
52 154
52 155
52 157
52 160
52 161
52 164
52 165
52 166
52 167
52 168
52 170
52 172
52 173
52 174
52 176
52 178
52 181
52 184
52 188
52 191
52 192
52 195
52 198
53 54
53 56
53 57
53 59
53 61
53 64
53 65
53 67
53 69
53 74
53 75
53 76
53 78
53 80
53 81
53 83
53 88
53 89
53 90
53 93
53 95
53 97
53 98
53 99
53 100
53 101
53 108
53 110
53 111
53 113
53 115
53 118
53 120
53 122
53 123
53 129
53 130
53 133
53 134
53 136
53 137
53 138
53 144
53 145
53 150
53 158
53 159
53 162
53 163
53 168
53 169
53 170
53 172
53 174
53 175
53 176
53 179
53 181
53 184
53 185
53 186
53 187
53 191
53 192
53 195
53 196
53 197
53 199
54 55
54 56
54 60
54 61
54 63
54 65
54 66
54 67
54 69
54 70
54 71
54 75
54 77
54 78
54 82
54 83
54 85
54 86
54 87
54 89
54 90
54 93
54 94
54 95
54 96
54 98
54 101
54 102
54 103
54 108
54 109
54 111
54 113
54 116
54 117
54 119
54 122
54 123
54 124
54 126
54 127
54 128
54 130
54 131
54 134
54 137
54 138
54 139
54 141
54 143
54 144
54 145
54 148
54 150
54 153
54 156
54 159
54 160
54 164
54 165
54 166
54 170
54 176
54 177
54 178
54 179
54 183
54 186
54 187
54 188
54 189
54 191
54 192
54 194
54 195
55 57
55 58
55 59
55 60
55 63
55 64
55 67
55 72
55 73
55 74
55 75
55 80
55 83
55 84
55 87
55 88
55 90
55 95
55 98
55 101
55 102
55 104
55 107
55 108
55 111
55 112
55 114
55 115
55 120
55 124
55 128
55 129
55 131
55 133
55 141
55 142
55 144
55 145
55 149
55 150
55 151
55 152
55 153
55 154
55 157
55 160
55 161
55 162
55 163
55 164
55 167
55 168
55 171
55 172
55 177
55 179
55 180
55 181
55 183
55 185
55 187
55 188
55 192
55 194
55 195
55 198
55 199
56 57
56 59
56 60
56 62
56 63
56 67
56 69
56 70
56 71
56 72
56 74
56 75
56 78
56 79
56 80
56 85
56 86
56 88
56 89
56 90
56 91
56 93
56 97
56 99
56 100
56 101
56 103
56 104
56 105
56 106
56 107
56 109
56 115
56 116
56 126
56 133
56 134
56 135
56 136
56 138
56 140
56 142
56 143
56 144
56 145
56 146
56 147
56 150
56 152
56 153
56 154
56 155
56 156
56 157
56 158
56 160
56 161
56 162
56 163
56 165
56 167
56 168
56 172
56 176
56 178
56 180
56 184
56 185
56 189
56 191
56 193
56 197
56 198
57 59
57 60
57 61
57 63
57 65
57 66
57 67
57 68
57 69
57 70
57 73
57 75
57 76
57 79
57 88
57 90
57 91
57 94
57 98
57 99
57 101
57 102
57 107
57 115
57 118
57 119
57 121
57 122
57 123
57 125
57 126
57 129
57 131
57 132
57 133
57 135
57 137
57 139
57 140
57 141
57 143
57 144
57 145
57 146
57 149
57 150
57 155
57 157
57 158
57 160
57 161
57 162
57 165
57 167
57 171
57 172
57 173
57 174
57 176
57 178
57 183
57 184
57 185
57 186
57 187
57 190
57 192
57 195
58 59
58 61
58 66
58 67
58 68
58 69
58 70
58 74
58 76
58 77
58 79
58 82
58 84
58 85
58 89
58 91
58 94
58 95
58 97
58 102
58 103
58 104
58 106
58 107
58 108
58 110
58 111
58 112
58 115
58 116
58 118
58 119
58 120
58 121
58 122
58 125
58 126
58 128
58 129
58 130
58 131
58 133
58 134
58 135
58 138
58 140
58 141
58 142
58 143
58 144
58 145
58 147
58 153
58 154
58 156
58 159
58 165
58 166
58 170
58 173
58 174
58 175
58 177
58 178
58 179
58 184
58 185
58 186
58 187
58 188
58 189
58 190
58 191
58 195
58 197
58 199
59 60
59 61
59 65
59 66
59 67
59 69
59 71
59 73
59 75
59 78
59 79
59 80
59 81
59 83
59 84
59 87
59 88
59 90
59 91
59 92
59 94
59 96
59 100
59 101
59 102
59 104
59 106
59 109
59 112
59 113
59 116
59 119
59 120
59 122
59 123
59 125
59 128
59 137
59 140
59 142
59 148
59 149
59 153
59 154
59 156
59 157
59 159
59 161
59 163
59 164
59 165
59 166
59 167
59 168
59 170
59 171
59 172
59 174
59 175
59 176
59 177
59 178
59 180
59 181
59 184
59 186
59 188
59 192
59 194
59 196
59 197
60 61
60 63
60 64
60 65
60 66
60 72
60 78
60 80
60 83
60 84
60 87
60 89
60 90
60 91
60 93
60 95
60 97
60 98
60 99
60 100
60 102
60 103
60 108
60 109
60 110
60 115
60 116
60 117
60 118
60 119
60 124
60 125
60 131
60 132
60 134
60 136
60 137
60 142
60 144
60 146
60 149
60 151
60 153
60 156
60 160
60 161
60 165
60 167
60 169
60 171
60 174
60 180
60 181
60 182
60 183
60 185
60 186
60 188
60 189
60 190
60 191
60 192
60 193
60 195
60 198
61 63
61 65
61 67
61 68
61 69
61 70
61 71
61 73
61 75
61 78
61 80
61 81
61 82
61 84
61 87
61 88
61 93
61 94
61 95
61 97
61 100
61 103
61 106
61 107
61 109
61 110
61 111
61 115
61 117
61 120
61 127
61 130
61 131
61 132
61 133
61 134
61 135
61 139
61 140
61 142
61 144
61 145
61 146
61 147
61 149
61 151
61 154
61 156
61 159
61 160
61 161
61 162
61 163
61 166
61 167
61 170
61 174
61 175
61 177
61 181
61 183
61 184
61 186
61 192
61 193
62 66
62 67
62 68
62 69
62 70
62 73
62 75
62 77
62 78
62 80
62 82
62 83
62 85
62 93
62 94
62 95
62 96
62 97
62 99
62 101
62 105
62 108
62 110
62 112
62 113
62 116
62 118
62 119
62 120
62 122
62 123
62 124
62 125
62 126
62 132
62 135
62 138
62 146
62 147
62 149
62 150
62 151
62 160
62 162
62 166
62 167
62 169
62 172
62 173
62 176
62 178
62 179
62 180
62 181
62 182
62 185
62 186
62 187
62 190
62 193
62 194
62 196
62 197
63 64
63 68
63 69
63 70
63 71
63 72
63 74
63 78
63 79
63 80
63 81
63 82
63 83
63 85
63 86
63 90
63 91
63 92
63 93
63 94
63 95
63 96
63 99
63 101
63 102
63 104
63 105
63 106
63 107
63 108
63 110
63 111
63 115
63 117
63 118
63 119
63 121
63 124
63 126
63 127
63 128
63 129
63 130
63 132
63 134
63 138
63 141
63 142
63 144
63 145
63 146
63 147
63 148
63 150
63 154
63 160
63 162
63 163
63 165
63 167
63 168
63 169
63 171
63 173
63 174
63 178
63 179
63 181
63 185
63 187
63 188
63 190
63 191
63 192
63 193
63 197
63 199
64 66
64 67
64 68
64 70
64 71
64 72
64 78
64 83
64 85
64 86
64 87
64 89
64 91
64 92
64 93
64 94
64 96
64 97
64 100
64 101
64 105
64 107
64 109
64 110
64 111
64 112
64 113
64 116
64 119
64 120
64 121
64 123
64 125
64 127
64 128
64 130
64 132
64 135
64 136
64 137
64 139
64 140
64 147
64 149
64 150
64 151
64 152
64 155
64 157
64 160
64 164
64 166
64 169
64 171
64 174
64 176
64 179
64 184
64 185
64 187
64 189
64 190
64 192
64 193
64 195
64 196
64 198
65 66
65 67
65 69
65 70
65 71
65 73
65 74
65 75
65 79
65 83
65 84
65 92
65 93
65 95
65 98
65 100
65 101
65 104
65 109
65 110
65 111
65 115
65 116
65 117
65 119
65 120
65 121
65 124
65 125
65 130
65 132
65 133
65 134
65 136
65 138
65 139
65 141
65 144
65 145
65 146
65 147
65 148
65 154
65 155
65 157
65 160
65 161
65 162
65 165
65 167
65 175
65 178
65 186
65 191
65 192
65 193
65 198
65 199
66 69
66 74
66 75
66 76
66 79
66 81
66 84
66 86
66 87
66 88
66 90
66 91
66 92
66 93
66 95
66 96
66 99
66 101
66 102
66 104
66 105
66 109
66 110
66 113
66 117
66 118
66 119
66 120
66 124
66 129
66 131
66 132
66 133
66 134
66 141
66 144
66 145
66 150
66 151
66 152
66 153
66 154
66 156
66 157
66 158
66 160
66 162
66 164
66 166
66 167
66 175
66 176
66 179
66 180
66 182
66 184
66 185
66 190
66 191
66 192
66 193
66 196
66 199
67 72
67 73
67 75
67 77
67 80
67 81
67 86
67 87
67 88
67 93
67 95
67 99
67 100
67 101
67 102
67 103
67 104
67 105
67 107
67 111
67 112
67 114
67 115
67 116
67 117
67 118
67 119
67 120
67 121
67 122
67 128
67 129
67 131
67 132
67 134
67 135
67 136
67 138
67 140
67 143
67 144
67 145
67 146
67 147
67 148
67 149
67 150
67 152
67 154
67 159
67 160
67 164
67 165
67 166
67 167
67 172
67 174
67 175
67 177
67 178
67 180
67 181
67 184
67 185
67 186
67 188
67 191
67 193
67 194
68 69
68 72
68 74
68 75
68 77
68 79
68 80
68 83
68 84
68 89
68 92
68 93
68 96
68 97
68 99
68 101
68 103
68 104
68 106
68 107
68 110
68 112
68 113
68 115
68 117
68 118
68 119
68 120
68 123
68 124
68 125
68 126
68 127
68 129
68 130
68 133
68 134
68 139
68 143
68 144
68 146
68 148
68 150
68 154
68 155
68 156
68 157
68 160
68 162
68 163
68 164
68 165
68 167
68 168
68 169
68 171
68 173
68 175
68 178
68 181
68 184
68 185
68 188
68 192
68 193
68 196
68 198
69 71
69 73
69 74
69 76
69 77
69 80
69 82
69 85
69 88
69 90
69 92
69 95
69 98
69 99
69 100
69 101
69 103
69 105
69 106
69 108
69 109
69 110
69 113
69 114
69 115
69 116
69 117
69 118
69 119
69 120
69 121
69 122
69 124
69 127
69 128
69 131
69 133
69 136
69 137
69 139
69 140
69 145
69 146
69 148
69 149
69 150
69 152
69 155
69 156
69 157
69 160
69 165
69 166
69 167
69 169
69 170
69 173
69 175
69 179
69 180
69 182
69 183
69 185
69 186
69 188
69 189
69 190
69 192
69 193
69 196
69 197
69 198
69 199
70 71
70 74
70 75
70 76
70 79
70 81
70 83
70 85
70 86
70 87
70 89
70 91
70 93
70 94
70 98
70 99
70 105
70 107
70 115
70 117
70 118
70 121
70 122
70 127
70 128
70 131
70 133
70 134
70 137
70 138
70 142
70 143
70 145
70 147
70 149
70 153
70 156
70 157
70 158
70 161
70 162
70 164
70 168
70 169
70 177
70 179
70 180
70 181
70 182
70 187
70 188
70 194
70 196
70 197
71 72
71 75
71 76
71 77
71 79
71 81
71 82
71 85
71 86
71 87
71 88
71 89
71 96
71 97
71 100
71 101
71 102
71 108
71 109
71 111
71 113
71 117
71 119
71 122
71 123
71 124
71 125
71 130
71 135
71 136
71 138
71 139
71 140
71 142
71 147
71 151
71 152
71 154
71 158
71 159
71 163
71 164
71 165
71 166
71 169
71 170
71 171
71 172
71 175
71 178
71 181
71 184
71 185
71 189
71 190
71 192
71 194
71 197
72 73
72 74
72 76
72 78
72 79
72 80
72 81
72 82
72 83
72 84
72 87
72 88
72 90
72 91
72 93
72 94
72 95
72 96
72 99
72 103
72 105
72 106
72 107
72 111
72 115
72 116
72 118
72 121
72 125
72 129
72 131
72 134
72 135
72 136
72 138
72 139
72 140
72 141
72 146
72 147
72 148
72 151
72 153
72 155
72 156
72 159
72 160
72 163
72 164
72 167
72 168
72 171
72 174
72 177
72 180
72 183
72 184
72 186
72 187
72 190
72 193
72 194
72 195
72 197
73 74
73 75
73 77
73 78
73 81
73 82
73 85
73 86
73 90
73 92
73 93
73 94
73 99
73 101
73 102
73 103
73 104
73 106
73 107
73 108
73 109
73 116
73 117
73 123
73 125
73 126
73 127
73 128
73 132
73 133
73 134
73 135
73 136
73 137
73 138
73 140
73 142
73 143
73 145
73 146
73 147
73 150
73 151
73 152
73 153
73 154
73 155
73 156
73 157
73 158
73 161
73 163
73 164
73 168
73 170
73 171
73 173
73 177
73 178
73 181
73 182
73 185
73 186
73 189
73 192
73 199
74 76
74 77
74 79
74 80
74 83
74 84
74 86
74 87
74 88
74 92
74 94
74 95
74 98
74 101
74 102
74 103
74 104
74 105
74 109
74 119
74 121
74 127
74 129
74 130
74 132
74 133
74 136
74 137
74 139
74 140
74 141
74 142
74 144
74 146
74 147
74 148
74 150
74 152
74 153
74 154
74 157
74 158
74 160
74 162
74 164
74 165
74 166
74 167
74 168
74 170
74 171
74 172
74 173
74 174
74 175
74 176
74 177
74 178
74 180
74 182
74 183
74 184
74 186
74 187
74 192
74 194
74 197
75 76
75 78
75 79
75 82
75 84
75 85
75 86
75 89
75 90
75 91
75 94
75 95
75 96
75 98
75 101
75 103
75 108
75 110
75 111
75 112
75 117
75 118
75 119
75 126
75 127
75 130
75 131
75 133
75 134
75 135
75 137
75 138
75 139
75 140
75 141
75 142
75 143
75 144
75 148
75 149
75 150
75 151
75 152
75 153
75 154
75 158
75 161
75 165
75 168
75 173
75 174
75 177
75 178
75 179
75 180
75 182
75 185
75 186
75 187
75 190
75 192
75 193
75 198
75 199
76 85
76 86
76 87
76 89
76 90
76 92
76 94
76 96
76 98
76 100
76 102
76 104
76 108
76 114
76 115
76 117
76 119
76 121
76 125
76 126
76 128
76 129
76 131
76 133
76 135
76 137
76 138
76 141
76 142
76 143
76 144
76 148
76 149
76 151
76 153
76 156
76 157
76 159
76 160
76 166
76 172
76 173
76 175
76 176
76 177
76 178
76 182
76 184
76 185
76 187
76 188
76 189
76 190
76 192
76 193
76 195
76 197
77 79
77 80
77 81
77 85
77 87
77 90
77 92
77 94
77 95
77 97
77 101
77 102
77 103
77 106
77 108
77 112
77 113
77 115
77 116
77 117
77 118
77 119
77 120
77 121
77 126
77 127
77 128
77 129
77 131
77 132
77 134
77 135
77 138
77 139
77 140
77 141
77 143
77 144
77 145
77 148
77 151
77 152
77 153
77 154
77 155
77 156
77 157
77 158
77 159
77 161
77 162
77 164
77 165
77 166
77 174
77 176
77 177
77 179
77 183
77 186
77 187
77 188
77 192
77 194
77 198
77 199
78 79
78 83
78 84
78 85
78 87
78 89
78 93
78 94
78 97
78 98
78 99
78 102
78 104
78 107
78 108
78 109
78 110
78 111
78 112
78 115
78 116
78 117
78 119
78 120
78 121
78 122
78 123
78 130
78 131
78 133
78 136
78 137
78 138
78 140
78 141
78 142
78 144
78 146
78 147
78 149
78 153
78 155
78 158
78 160
78 163
78 164
78 165
78 166
78 169
78 170
78 178
78 180
78 183
78 186
78 188
78 189
78 191
78 193
78 194
78 195
78 197
78 198
78 199
79 82
79 83
79 86
79 87
79 89
79 90
79 91
79 92
79 93
79 96
79 99
79 100
79 104
79 105
79 110
79 113
79 116
79 117
79 120
79 126
79 130
79 131
79 132
79 133
79 136
79 139
79 144
79 147
79 148
79 151
79 155
79 156
79 157
79 158
79 160
79 161
79 162
79 164
79 165
79 169
79 170
79 173
79 175
79 176
79 177
79 178
79 181
79 182
79 183
79 184
79 185
79 189
79 190
79 195
79 196
79 197
79 199
80 81
80 84
80 86
80 87
80 90
80 92
80 93
80 97
80 99
80 100
80 105
80 106
80 107
80 109
80 112
80 114
80 115
80 117
80 119
80 120
80 121
80 122
80 123
80 130
80 133
80 136
80 139
80 141
80 142
80 145
80 146
80 148
80 149
80 151
80 152
80 153
80 157
80 159
80 160
80 161
80 162
80 164
80 167
80 168
80 170
80 172
80 175
80 177
80 179
80 180
80 181
80 182
80 184
80 186
80 188
80 189
80 193
80 197
80 199
81 82
81 85
81 86
81 87
81 88
81 89
81 90
81 91
81 93
81 98
81 103
81 104
81 106
81 107
81 109
81 111
81 114
81 116
81 117
81 120
81 121
81 122
81 124
81 125
81 126
81 127
81 128
81 133
81 135
81 136
81 138
81 139
81 141
81 143
81 147
81 148
81 149
81 150
81 151
81 154
81 160
81 162
81 164
81 167
81 168
81 169
81 171
81 172
81 179
81 180
81 181
81 182
81 184
81 187
81 188
81 189
81 191
81 193
81 194
81 195
81 196
81 197
81 198
82 85
82 87
82 88
82 89
82 90
82 93
82 94
82 105
82 114
82 115
82 117
82 119
82 126
82 127
82 128
82 130
82 132
82 133
82 135
82 136
82 137
82 139
82 143
82 144
82 145
82 146
82 147
82 148
82 151
82 153
82 155
82 157
82 158
82 160
82 161
82 163
82 164
82 166
82 167
82 170
82 171
82 172
82 176
82 184
82 185
82 187
82 189
82 191
82 192
82 194
82 195
82 196
83 86
83 88
83 90
83 92
83 97
83 104
83 105
83 106
83 108
83 109
83 112
83 113
83 114
83 117
83 121
83 123
83 124
83 125
83 126
83 127
83 132
83 133
83 134
83 135
83 136
83 138
83 142
83 143
83 144
83 145
83 147
83 148
83 149
83 150
83 152
83 153
83 154
83 155
83 159
83 161
83 165
83 172
83 175
83 180
83 181
83 184
83 185
83 186
83 188
83 189
83 190
83 192
83 195
83 196
83 197
83 198
84 87
84 88
84 89
84 91
84 93
84 94
84 98
84 99
84 101
84 104
84 105
84 108
84 109
84 110
84 111
84 113
84 114
84 119
84 120
84 121
84 122
84 123
84 127
84 128
84 132
84 138
84 139
84 141
84 142
84 144
84 145
84 146
84 147
84 150
84 154
84 155
84 158
84 164
84 165
84 166
84 171
84 172
84 173
84 176
84 178
84 179
84 180
84 183
84 185
84 187
84 193
84 195
84 196
84 198
84 199
85 89
85 91
85 92
85 96
85 99
85 102
85 104
85 106
85 107
85 108
85 109
85 110
85 113
85 114
85 118
85 122
85 124
85 126
85 127
85 128
85 131
85 137
85 138
85 142
85 145
85 147
85 148
85 149
85 152
85 155
85 158
85 159
85 164
85 165
85 166
85 167
85 170
85 173
85 174
85 175
85 176
85 178
85 183
85 185
85 189
85 191
85 193
85 194
85 197
85 198
85 199
86 89
86 90
86 91
86 92
86 93
86 95
86 97
86 98
86 99
86 106
86 108
86 109
86 110
86 115
86 116
86 117
86 119
86 120
86 121
86 122
86 123
86 124
86 125
86 128
86 130
86 131
86 132
86 134
86 135
86 139
86 140
86 142
86 143
86 144
86 145
86 147
86 149
86 156
86 157
86 158
86 163
86 165
86 166
86 168
86 171
86 172
86 175
86 176
86 178
86 179
86 180
86 182
86 183
86 187
86 188
86 189
86 191
86 194
86 195
86 196
87 91
87 92
87 95
87 98
87 100
87 103
87 105
87 106
87 111
87 113
87 116
87 117
87 119
87 125
87 126
87 128
87 129
87 130
87 131
87 132
87 134
87 140
87 141
87 142
87 146
87 147
87 153
87 155
87 156
87 161
87 163
87 164
87 170
87 172
87 178
87 180
87 187
87 188
87 189
87 190
87 191
87 193
87 194
87 198
87 199
88 89
88 90
88 91
88 92
88 94
88 96
88 99
88 100
88 101
88 102
88 103
88 105
88 106
88 107
88 108
88 112
88 115
88 117
88 118
88 119
88 122
88 123
88 124
88 127
88 129
88 131
88 132
88 134
88 135
88 136
88 137
88 138
88 140
88 141
88 144
88 145
88 150
88 151
88 154
88 155
88 156
88 157
88 158
88 159
88 160
88 162
88 166
88 169
88 170
88 171
88 173
88 174
88 175
88 178
88 179
88 180
88 185
88 188
88 195
88 199
89 90
89 92
89 93
89 96
89 101
89 103
89 108
89 110
89 111
89 115
89 116
89 117
89 118
89 120
89 122
89 123
89 124
89 125
89 127
89 128
89 129
89 130
89 131
89 135
89 136
89 137
89 138
89 139
89 140
89 141
89 143
89 145
89 146
89 149
89 155
89 157
89 158
89 159
89 160
89 162
89 164
89 167
89 170
89 171
89 172
89 173
89 174
89 175
89 176
89 181
89 182
89 184
89 186
89 187
89 191
89 193
89 194
89 196
89 197
89 198
90 93
90 96
90 97
90 98
90 100
90 102
90 103
90 106
90 107
90 108
90 111
90 117
90 118
90 121
90 122
90 124
90 126
90 130
90 135
90 136
90 138
90 140
90 143
90 144
90 147
90 148
90 150
90 151
90 155
90 157
90 159
90 161
90 162
90 163
90 165
90 167
90 170
90 171
90 174
90 176
90 178
90 184
90 186
90 187
90 190
90 194
90 195
90 196
90 198
91 92
91 94
91 95
91 96
91 98
91 99
91 102
91 103
91 104
91 106
91 109
91 110
91 111
91 112
91 115
91 117
91 118
91 119
91 120
91 124
91 127
91 132
91 134
91 138
91 141
91 142
91 144
91 146
91 147
91 148
91 149
91 151
91 152
91 154
91 157
91 159
91 161
91 163
91 168
91 169
91 170
91 171
91 172
91 173
91 174
91 175
91 176
91 177
91 180
91 181
91 185
91 188
91 189
91 192
91 198
92 93
92 95
92 98
92 100
92 102
92 103
92 104
92 105
92 107
92 108
92 111
92 112
92 118
92 119
92 122
92 123
92 125
92 127
92 128
92 129
92 131
92 138
92 147
92 150
92 153
92 157
92 158
92 159
92 160
92 162
92 163
92 164
92 165
92 166
92 167
92 168
92 171
92 172
92 173
92 174
92 177
92 178
92 181
92 187
92 190
92 193
92 195
92 196
92 197
92 199
93 94
93 95
93 98
93 99
93 102
93 104
93 105
93 107
93 108
93 110
93 113
93 114
93 115
93 118
93 123
93 124
93 125
93 126
93 127
93 128
93 130
93 131
93 133
93 134
93 135
93 136
93 138
93 140
93 142
93 144
93 146
93 148
93 149
93 151
93 152
93 153
93 154
93 157
93 158
93 159
93 161
93 164
93 167
93 168
93 170
93 171
93 173
93 175
93 176
93 177
93 180
93 181
93 182
93 184
93 186
93 187
93 189
93 192
93 195
93 199
94 95
94 98
94 99
94 104
94 105
94 106
94 109
94 111
94 112
94 113
94 114
94 115
94 117
94 118
94 119
94 120
94 123
94 124
94 125
94 127
94 128
94 129
94 130
94 131
94 132
94 134
94 135
94 136
94 139
94 140
94 141
94 147
94 148
94 152
94 155
94 157
94 158
94 159
94 160
94 161
94 162
94 165
94 167
94 168
94 170
94 174
94 177
94 178
94 181
94 182
94 185
94 186
94 187
94 188
94 189
94 190
94 191
94 193
94 196
94 198
94 199
95 99
95 100
95 102
95 104
95 105
95 106
95 108
95 109
95 110
95 111
95 112
95 113
95 115
95 117
95 118
95 120
95 121
95 124
95 126
95 127
95 128
95 131
95 132
95 134
95 135
95 136
95 141
95 143
95 144
95 145
95 147
95 148
95 149
95 155
95 158
95 162
95 164
95 165
95 166
95 168
95 169
95 170
95 173
95 176
95 179
95 183
95 184
95 186
95 188
95 192
95 194
95 195
95 196
95 197
96 97
96 99
96 100
96 103
96 104
96 105
96 108
96 110
96 111
96 112
96 113
96 115
96 116
96 119
96 121
96 124
96 125
96 126
96 127
96 132
96 133
96 134
96 135
96 138
96 143
96 144
96 145
96 148
96 150
96 153
96 155
96 157
96 158
96 160
96 161
96 164
96 165
96 166
96 168
96 171
96 172
96 173
96 176
96 178
96 179
96 182
96 183
96 184
96 185
96 187
96 189
96 192
96 193
96 194
96 196
96 197
96 198
97 101
97 102
97 104
97 107
97 108
97 109
97 112
97 114
97 115
97 116
97 122
97 126
97 127
97 130
97 131
97 132
97 138
97 140
97 143
97 151
97 152
97 153
97 156
97 159
97 161
97 163
97 164
97 165
97 168
97 169
97 171
97 172
97 173
97 176
97 178
97 179
97 182
97 189
97 190
97 191
97 192
97 193
97 194
97 197
98 99
98 103
98 104
98 105
98 106
98 108
98 109
98 111
98 113
98 115
98 116
98 117
98 119
98 120
98 121
98 124
98 127
98 130
98 133
98 135
98 138
98 140
98 142
98 143
98 146
98 147
98 148
98 149
98 150
98 154
98 155
98 156
98 158
98 159
98 162
98 163
98 164
98 166
98 172
98 174
98 176
98 177
98 178
98 180
98 183
98 184
98 187
98 188
98 190
98 191
98 192
98 194
98 195
98 197
98 199
99 100
99 103
99 104
99 107
99 111
99 117
99 121
99 122
99 123
99 124
99 126
99 127
99 128
99 129
99 134
99 138
99 141
99 142
99 143
99 148
99 149
99 150
99 151
99 155
99 157
99 160
99 161
99 165
99 167
99 168
99 170
99 172
99 173
99 175
99 176
99 177
99 178
99 180
99 181
99 184
99 187
99 188
99 192
99 195
99 196
99 197
99 198
99 199
100 102
100 105
100 110
100 111
100 116
100 118
100 119
100 121
100 125
100 129
100 140
100 141
100 142
100 144
100 145
100 148
100 152
100 160
100 161
100 162
100 164
100 167
100 168
100 170
100 174
100 177
100 178
100 179
100 181
100 182
100 183
100 184
100 185
100 186
100 188
100 189
100 191
100 194
100 196
100 197
100 198
100 199
101 102
101 103
101 104
101 107
101 108
101 109
101 110
101 111
101 113
101 114
101 115
101 118
101 119
101 120
101 121
101 123
101 125
101 132
101 133
101 136
101 137
101 138
101 141
101 142
101 145
101 149
101 150
101 155
101 161
101 162
101 163
101 164
101 167
101 168
101 172
101 173
101 175
101 177
101 179
101 180
101 181
101 182
101 183
101 184
101 186
101 188
101 189
101 191
101 192
101 194
101 198
101 199
102 103
102 105
102 108
102 111
102 112
102 114
102 115
102 120
102 122
102 127
102 128
102 129
102 130
102 131
102 134
102 137
102 138
102 141
102 142
102 143
102 145
102 148
102 149
102 150
102 152
102 153
102 156
102 158
102 159
102 162
102 163
102 165
102 166
102 170
102 172
102 173
102 174
102 178
102 182
102 183
102 184
102 185
102 186
102 189
102 191
102 192
102 193
102 194
102 195
102 198
103 105
103 106
103 109
103 114
103 117
103 119
103 120
103 122
103 123
103 127
103 132
103 133
103 134
103 136
103 137
103 138
103 139
103 140
103 142
103 144
103 146
103 147
103 148
103 149
103 150
103 151
103 152
103 153
103 154
103 155
103 159
103 161
103 162
103 163
103 165
103 166
103 167
103 169
103 170
103 174
103 177
103 178
103 181
103 182
103 183
103 185
103 188
103 189
103 192
103 193
103 194
103 197
104 105
104 106
104 107
104 111
104 113
104 114
104 115
104 117
104 119
104 120
104 122
104 126
104 127
104 129
104 131
104 132
104 138
104 140
104 141
104 142
104 144
104 145
104 146
104 151
104 153
104 155
104 156
104 157
104 168
104 169
104 170
104 177
104 183
104 185
104 188
104 189
104 197
104 198
105 110
105 114
105 117
105 119
105 122
105 125
105 130
105 132
105 134
105 135
105 136
105 139
105 144
105 146
105 149
105 151
105 152
105 161
105 162
105 164
105 169
105 174
105 178
105 179
105 182
105 185
105 188
105 190
105 191
105 194
105 195
105 196
105 197
105 198
105 199
106 107
106 108
106 109
106 110
106 111
106 112
106 117
106 119
106 120
106 121
106 122
106 123
106 124
106 127
106 131
106 133
106 134
106 135
106 137
106 138
106 139
106 143
106 144
106 150
106 151
106 156
106 157
106 159
106 161
106 163
106 168
106 169
106 170
106 171
106 172
106 173
106 180
106 181
106 182
106 185
106 190
106 195
106 197
106 199
107 110
107 111
107 112
107 113
107 117
107 118
107 123
107 125
107 135
107 138
107 141
107 144
107 148
107 151
107 154
107 155
107 159
107 161
107 162
107 163
107 166
107 170
107 172
107 173
107 174
107 176
107 177
107 180
107 181
107 182
107 183
107 184
107 187
107 188
107 189
107 190
107 197
107 199
108 111
108 114
108 115
108 118
108 122
108 125
108 126
108 127
108 129
108 131
108 133
108 134
108 135
108 136
108 137
108 140
108 141
108 142
108 143
108 150
108 151
108 157
108 158
108 161
108 162
108 164
108 165
108 167
108 171
108 180
108 181
108 182
108 185
108 186
108 187
108 189
108 190
108 192
108 195
108 197
109 110
109 111
109 112
109 113
109 116
109 117
109 118
109 121
109 122
109 125
109 129
109 132
109 133
109 134
109 135
109 138
109 143
109 147
109 150
109 153
109 156
109 158
109 159
109 160
109 166
109 167
109 168
109 170
109 171
109 173
109 174
109 179
109 180
109 183
109 186
109 188
109 189
109 193
109 195
109 197
109 198
109 199
110 111
110 113
110 114
110 115
110 116
110 117
110 119
110 120
110 121
110 122
110 124
110 128
110 129
110 130
110 131
110 132
110 133
110 134
110 137
110 139
110 140
110 141
110 144
110 145
110 146
110 148
110 150
110 151
110 152
110 154
110 157
110 158
110 160
110 161
110 164
110 167
110 169
110 170
110 171
110 175
110 176
110 177
110 181
110 182
110 189
110 194
110 195
110 199
111 112
111 113
111 114
111 116
111 117
111 119
111 121
111 123
111 127
111 129
111 131
111 132
111 134
111 135
111 139
111 141
111 142
111 144
111 147
111 152
111 155
111 157
111 158
111 159
111 160
111 161
111 163
111 164
111 165
111 166
111 172
111 178
111 179
111 181
111 182
111 183
111 184
111 188
111 189
111 191
111 192
111 195
111 196
112 113
112 119
112 120
112 121
112 123
112 124
112 126
112 127
112 128
112 129
112 134
112 135
112 136
112 137
112 138
112 142
112 143
112 144
112 147
112 148
112 149
112 150
112 151
112 154
112 156
112 157
112 159
112 161
112 163
112 166
112 167
112 168
112 170
112 171
112 172
112 174
112 177
112 178
112 180
112 181
112 182
112 183
112 185
112 186
112 187
112 189
112 190
112 193
112 194
112 196
112 198
113 114
113 117
113 118
113 120
113 122
113 123
113 125
113 127
113 129
113 132
113 134
113 135
113 137
113 141
113 145
113 146
113 149
113 150
113 151
113 152
113 153
113 154
113 157
113 158
113 159
113 160
113 161
113 163
113 164
113 165
113 167
113 168
113 171
113 173
113 175
113 177
113 179
113 181
113 182
113 185
113 188
113 191
113 195
113 196
114 116
114 118
114 123
114 124
114 125
114 128
114 129
114 130
114 132
114 133
114 135
114 136
114 139
114 140
114 141
114 142
114 143
114 145
114 148
114 150
114 151
114 152
114 158
114 160
114 161
114 162
114 165
114 166
114 168
114 170
114 175
114 184
114 185
114 186
114 187
114 191
114 193
114 194
114 195
114 196
115 116
115 117
115 120
115 134
115 136
115 137
115 139
115 140
115 143
115 144
115 154
115 156
115 159
115 162
115 163
115 165
115 167
115 169
115 170
115 171
115 175
115 177
115 178
115 179
115 180
115 181
115 184
115 192
115 193
115 195
115 196
115 199
116 118
116 120
116 122
116 123
116 128
116 129
116 130
116 133
116 136
116 140
116 142
116 145
116 149
116 150
116 151
116 153
116 155
116 157
116 158
116 161
116 163
116 164
116 165
116 167
116 169
116 170
116 171
116 172
116 173
116 178
116 183
116 185
116 187
116 190
116 192
116 197
116 198
117 118
117 119
117 120
117 125
117 127
117 130
117 134
117 135
117 136
117 137
117 139
117 140
117 141
117 142
117 143
117 144
117 148
117 151
117 153
117 157
117 158
117 162
117 164
117 171
117 175
117 176
117 178
117 179
117 180
117 181
117 182
117 183
117 185
117 186
117 188
117 190
117 192
117 194
117 195
117 196
117 197
117 198
118 119
118 122
118 124
118 129
118 130
118 139
118 141
118 143
118 144
118 147
118 152
118 156
118 157
118 158
118 159
118 162
118 164
118 165
118 166
118 167
118 169
118 170
118 172
118 173
118 175
118 176
118 177
118 179
118 181
118 182
118 183
118 185
118 187
118 188
118 196
119 120
119 125
119 126
119 128
119 133
119 134
119 135
119 136
119 138
119 140
119 141
119 142
119 144
119 145
119 149
119 150
119 151
119 152
119 154
119 155
119 156
119 158
119 159
119 161
119 162
119 163
119 165
119 167
119 168
119 169
119 174
119 176
119 177
119 178
119 183
119 185
119 189
119 192
119 195
120 121
120 125
120 126
120 128
120 129
120 130
120 136
120 137
120 138
120 140
120 141
120 144
120 147
120 148
120 151
120 157
120 159
120 162
120 165
120 167
120 172
120 174
120 175
120 176
120 178
120 180
120 181
120 182
120 183
120 184
120 190
120 192
120 193
120 194
121 124
121 125
121 126
121 127
121 128
121 130
121 135
121 136
121 138
121 139
121 142
121 143
121 144
121 145
121 146
121 150
121 152
121 153
121 155
121 156
121 157
121 158
121 159
121 160
121 161
121 163
121 169
121 171
121 174
121 176
121 179
121 186
121 189
121 191
121 193
121 196
121 197
121 198
122 123
122 126
122 127
122 128
122 129
122 133
122 134
122 135
122 139
122 140
122 142
122 145
122 146
122 147
122 148
122 150
122 155
122 157
122 161
122 165
122 166
122 169
122 170
122 171
122 172
122 173
122 174
122 177
122 178
122 180
122 181
122 182
122 183
122 184
122 187
122 188
122 191
122 192
122 197
123 128
123 131
123 132
123 133
123 134
123 136
123 137
123 138
123 140
123 142
123 143
123 144
123 146
123 148
123 152
123 154
123 157
123 161
123 164
123 165
123 169
123 170
123 173
123 174
123 175
123 178
123 181
123 183
123 184
123 187
123 190
123 191
123 192
123 193
123 194
123 195
123 197
123 199
124 125
124 127
124 128
124 130
124 131
124 132
124 133
124 134
124 136
124 138
124 140
124 141
124 142
124 145
124 152
124 155
124 156
124 160
124 161
124 166
124 167
124 169
124 172
124 174
124 176
124 177
124 179
124 183
124 185
124 188
124 189
124 190
124 191
124 192
124 193
124 194
124 195
124 198
124 199
125 128
125 129
125 130
125 132
125 133
125 136
125 137
125 138
125 145
125 146
125 147
125 148
125 150
125 152
125 153
125 154
125 155
125 156
125 158
125 160
125 162
125 163
125 164
125 165
125 168
125 169
125 170
125 171
125 172
125 174
125 175
125 177
125 178
125 179
125 180
125 182
125 183
125 184
125 186
125 187
125 190
125 191
125 192
125 195
125 196
125 197
126 128
126 131
126 132
126 133
126 135
126 136
126 137
126 140
126 142
126 145
126 147
126 148
126 151
126 152
126 153
126 155
126 157
126 160
126 163
126 167
126 171
126 174
126 175
126 178
126 182
126 186
126 189
126 190
126 191
126 194
126 195
126 196
126 199
127 128
127 129
127 131
127 132
127 135
127 142
127 144
127 146
127 151
127 153
127 154
127 156
127 158
127 169
127 171
127 174
127 177
127 178
127 181
127 182
127 184
127 185
127 188
127 190
127 191
127 192
127 193
128 130
128 133
128 134
128 135
128 136
128 138
128 139
128 140
128 141
128 142
128 144
128 147
128 148
128 151
128 153
128 155
128 159
128 162
128 163
128 168
128 171
128 175
128 179
128 180
128 182
128 183
128 184
128 187
128 188
128 189
128 190
128 191
128 192
128 193
128 194
128 195
128 198
129 130
129 131
129 132
129 135
129 137
129 142
129 144
129 146
129 150
129 154
129 155
129 157
129 159
129 160
129 165
129 166
129 171
129 173
129 175
129 177
129 178
129 182
129 184
129 187
129 189
129 191
129 192
129 197
129 198
130 132
130 135
130 136
130 138
130 139
130 140
130 141
130 143
130 144
130 147
130 148
130 149
130 150
130 153
130 155
130 159
130 163
130 164
130 168
130 169
130 171
130 173
130 174
130 175
130 178
130 179
130 182
130 183
130 187
130 194
130 195
130 197
130 199
131 132
131 133
131 134
131 137
131 142
131 144
131 145
131 146
131 147
131 157
131 160
131 162
131 163
131 164
131 166
131 167
131 168
131 171
131 173
131 175
131 177
131 178
131 182
131 183
131 185
131 186
131 187
131 188
131 190
131 192
131 194
131 196
131 197
131 199
132 133
132 136
132 137
132 138
132 141
132 142
132 144
132 145
132 147
132 148
132 150
132 151
132 158
132 159
132 160
132 162
132 164
132 167
132 168
132 171
132 172
132 175
132 177
132 178
132 181
132 184
132 188
132 189
132 190
132 191
132 194
132 197
132 198
133 134
133 138
133 144
133 146
133 147
133 148
133 150
133 154
133 156
133 159
133 161
133 163
133 164
133 167
133 171
133 174
133 176
133 177
133 178
133 179
133 180
133 182
133 184
133 188
133 190
133 192
133 193
133 194
133 195
133 196
133 197
133 198
134 137
134 139
134 141
134 142
134 145
134 152
134 153
134 154
134 155
134 156
134 159
134 161
134 162
134 165
134 166
134 169
134 170
134 171
134 172
134 173
134 179
134 180
134 181
134 182
134 184
134 185
134 187
134 189
134 190
134 191
134 192
134 193
134 194
134 195
135 136
135 137
135 140
135 143
135 145
135 149
135 150
135 151
135 152
135 153
135 155
135 156
135 157
135 159
135 161
135 162
135 164
135 165
135 166
135 167
135 168
135 169
135 170
135 171
135 172
135 174
135 175
135 176
135 177
135 179
135 184
135 187
135 189
135 191
135 193
135 194
135 195
135 196
135 198
136 137
136 138
136 143
136 144
136 146
136 147
136 148
136 149
136 150
136 151
136 152
136 154
136 156
136 159
136 160
136 161
136 163
136 165
136 166
136 167
136 169
136 171
136 178
136 180
136 184
136 188
136 189
136 190
136 193
136 196
136 199
137 139
137 142
137 145
137 149
137 151
137 152
137 155
137 159
137 160
137 161
137 162
137 163
137 164
137 165
137 169
137 171
137 172
137 174
137 176
137 177
137 179
137 180
137 183
137 184
137 185
137 186
137 190
137 191
137 193
137 195
137 198
138 141
138 143
138 145
138 146
138 147
138 148
138 150
138 152
138 153
138 156
138 158
138 160
138 164
138 165
138 166
138 167
138 171
138 174
138 176
138 177
138 180
138 181
138 183
138 185
138 186
138 188
138 189
138 190
138 194
138 195
139 142
139 147
139 148
139 150
139 152
139 154
139 155
139 157
139 159
139 161
139 162
139 163
139 164
139 165
139 168
139 169
139 173
139 174
139 175
139 176
139 177
139 178
139 181
139 182
139 183
139 184
139 186
139 188
139 190
139 191
139 193
140 143
140 145
140 146
140 147
140 149
140 153
140 155
140 156
140 158
140 159
140 160
140 161
140 162
140 164
140 165
140 168
140 170
140 171
140 172
140 173
140 174
140 175
140 180
140 181
140 185
140 186
140 187
140 188
140 192
140 193
140 196
140 198
141 143
141 145
141 146
141 147
141 150
141 155
141 156
141 157
141 158
141 161
141 163
141 164
141 166
141 167
141 170
141 171
141 172
141 173
141 175
141 176
141 178
141 180
141 183
141 184
141 185
141 187
141 191
141 194
141 198
142 144
142 146
142 148
142 152
142 153
142 154
142 157
142 159
142 161
142 162
142 163
142 164
142 166
142 167
142 169
142 174
142 175
142 179
142 181
142 185
142 186
142 189
142 191
142 197
143 146
143 148
143 154
143 161
143 165
143 167
143 169
143 171
143 175
143 177
143 178
143 180
143 182
143 185
143 189
143 190
143 191
143 192
143 194
143 198
143 199
144 145
144 149
144 150
144 153
144 154
144 157
144 158
144 161
144 164
144 166
144 167
144 172
144 173
144 175
144 176
144 179
144 180
144 181
144 185
144 187
144 189
144 190
144 193
144 195
144 196
144 197
145 147
145 149
145 151
145 152
145 154
145 155
145 157
145 159
145 161
145 162
145 170
145 171
145 173
145 174
145 175
145 176
145 180
145 182
145 183
145 185
145 186
145 187
145 189
145 192
145 193
145 194
145 195
145 196
145 198
146 148
146 151
146 152
146 153
146 161
146 162
146 163
146 164
146 167
146 168
146 170
146 172
146 173
146 174
146 178
146 179
146 181
146 183
146 185
146 186
146 187
146 188
146 190
146 191
146 192
146 193
146 194
146 195
146 196
146 198
147 148
147 152
147 153
147 155
147 158
147 159
147 163
147 165
147 170
147 172
147 173
147 174
147 175
147 176
147 179
147 181
147 182
147 184
147 187
147 190
147 191
147 192
147 196
147 198
148 149
148 157
148 158
148 160
148 162
148 164
148 165
148 167
148 168
148 169
148 172
148 173
148 176
148 178
148 179
148 181
148 183
148 184
148 186
148 188
148 190
148 192
148 195
148 198
148 199
149 151
149 155
149 158
149 160
149 164
149 167
149 168
149 169
149 174
149 177
149 178
149 179
149 180
149 186
149 189
149 190
149 192
149 193
149 195
150 152
150 154
150 155
150 156
150 157
150 159
150 162
150 163
150 167
150 169
150 172
150 173
150 177
150 178
150 180
150 182
150 187
150 191
150 192
150 196
150 198
150 199
151 152
151 153
151 154
151 157
151 159
151 161
151 162
151 164
151 165
151 167
151 168
151 170
151 172
151 173
151 181
151 183
151 184
151 185
151 186
151 187
151 189
151 190
151 192
151 193
151 195
151 196
151 197
152 153
152 155
152 158
152 162
152 164
152 167
152 168
152 175
152 179
152 180
152 181
152 182
152 183
152 184
152 185
152 186
152 187
152 188
152 192
152 194
152 196
152 197
152 199
153 159
153 161
153 165
153 171
153 173
153 175
153 176
153 178
153 179
153 180
153 182
153 183
153 184
153 185
153 188
153 190
153 192
153 193
153 197
153 198
154 156
154 157
154 161
154 162
154 163
154 164
154 166
154 168
154 169
154 171
154 172
154 173
154 174
154 176
154 177
154 180
154 183
154 185
154 188
154 190
154 191
154 192
154 193
154 198
155 157
155 161
155 162
155 164
155 165
155 166
155 167
155 168
155 169
155 171
155 172
155 176
155 177
155 178
155 182
155 183
155 185
155 187
155 188
155 190
155 199
156 158
156 159
156 164
156 169
156 170
156 171
156 173
156 174
156 178
156 180
156 181
156 183
156 184
156 187
156 188
156 189
156 191
156 192
156 195
156 196
156 198
157 158
157 159
157 160
157 161
157 162
157 165
157 166
157 170
157 173
157 174
157 175
157 176
157 179
157 180
157 183
157 186
157 187
157 188
157 190
157 191
157 192
157 193
157 194
158 162
158 163
158 165
158 166
158 167
158 168
158 171
158 172
158 175
158 177
158 178
158 179
158 181
158 183
158 184
158 187
158 189
158 194
158 196
159 160
159 161
159 165
159 170
159 172
159 174
159 176
159 177
159 180
159 181
159 182
159 185
159 186
159 188
159 189
159 191
159 192
159 194
159 196
159 197
159 198
159 199
160 162
160 163
160 165
160 168
160 169
160 171
160 172
160 173
160 174
160 179
160 180
160 181
160 182
160 184
160 185
160 188
160 189
160 191
160 193
160 194
160 195
160 196
160 199
161 162
161 163
161 166
161 167
161 174
161 175
161 176
161 177
161 178
161 180
161 183
161 184
161 185
161 186
161 187
161 190
161 195
161 198
161 199
162 164
162 165
162 167
162 168
162 169
162 170
162 171
162 175
162 180
162 181
162 183
162 184
162 190
162 192
162 194
162 195
162 197
162 199
163 166
163 167
163 169
163 170
163 173
163 174
163 178
163 180
163 189
163 191
163 195
163 196
163 198
163 199
164 165
164 166
164 167
164 169
164 170
164 171
164 173
164 174
164 176
164 179
164 181
164 185
164 188
164 190
164 191
164 195
164 196
164 197
164 198
164 199
165 167
165 168
165 169
165 172
165 173
165 176
165 177
165 179
165 184
165 188
165 189
165 190
165 195
165 198
165 199
166 167
166 169
166 170
166 172
166 179
166 180
166 182
166 183
166 184
166 185
166 186
166 190
166 191
166 192
166 194
166 195
166 196
166 197
166 198
166 199
167 168
167 170
167 173
167 175
167 176
167 178
167 181
167 182
167 184
167 187
167 188
167 189
167 190
167 192
167 195
167 196
167 197
167 198
167 199
168 169
168 171
168 172
168 173
168 176
168 177
168 178
168 179
168 182
168 183
168 184
168 188
168 189
168 193
168 195
168 198
168 199
169 170
169 171
169 173
169 175
169 176
169 177
169 180
169 181
169 183
169 186
169 188
169 189
169 190
169 192
169 193
169 194
169 195
169 197
170 171
170 173
170 174
170 175
170 176
170 177
170 181
170 185
170 186
170 187
170 190
170 191
170 193
170 196
170 198
170 199
171 173
171 179
171 180
171 182
171 183
171 184
171 186
171 187
171 188
171 190
171 191
171 196
171 197
172 173
172 177
172 180
172 181
172 184
172 185
172 186
172 189
172 190
172 191
172 192
172 194
172 198
173 175
173 181
173 186
173 187
173 188
173 190
173 191
173 194
173 197
174 175
174 176
174 184
174 185
174 187
174 190
174 191
174 194
174 198
174 199
175 176
175 177
175 178
175 180
175 188
175 189
175 192
175 194
175 196
175 197
175 198
175 199
176 177
176 182
176 184
176 186
176 189
176 190
176 193
176 194
176 197
177 178
177 181
177 183
177 186
177 188
177 190
177 191
177 194
177 197
177 198
177 199
178 180
178 183
178 185
178 186
178 192
178 194
178 196
178 197
178 198
179 180
179 183
179 186
179 193
179 195
179 196
179 197
179 198
180 181
180 182
180 183
180 186
180 191
180 192
180 193
180 195
180 196
180 197
180 198
180 199
181 185
181 186
181 187
181 188
181 189
181 190
181 191
181 195
181 196
181 197
182 183
182 185
182 188
182 190
182 192
182 193
182 195
182 197
182 198
182 199
183 184
183 185
183 188
183 189
183 190
183 192
183 194
183 195
183 199
184 186
184 190
184 191
184 192
184 193
184 196
184 197
184 199
185 188
185 190
185 192
185 196
185 198
185 199
186 187
186 188
186 189
186 190
186 191
186 193
186 194
186 195
186 197
186 199
187 188
187 189
187 190
187 192
187 195
187 196
187 197
187 198
188 190
188 192
188 199
189 194
189 195
189 197
190 193
190 194
190 195
190 198
191 192
191 193
191 195
191 198
191 199
192 193
192 194
192 197
192 198
192 199
193 195
193 198
193 199
194 195
194 197
195 197
195 199
196 199
197 199
