80 1540
0 1
0 2
0 3
0 7
0 8
0 12
0 13
0 15
0 17
0 18
0 20
0 23
0 28
0 29
0 30
0 32
0 33
0 34
0 38
0 39
0 40
0 41
0 43
0 46
0 47
0 48
0 51
0 57
0 60
0 61
0 63
0 64
0 65
0 71
0 75
0 76
0 77
0 78
0 79
1 8
1 9
1 10
1 11
1 12
1 16
1 17
1 19
1 20
1 23
1 26
1 28
1 30
1 34
1 35
1 40
1 41
1 46
1 48
1 49
1 51
1 52
1 54
1 55
1 56
1 58
1 61
1 62
1 63
1 65
1 68
1 72
1 75
2 5
2 8
2 9
2 11
2 12
2 13
2 14
2 15
2 20
2 23
2 25
2 30
2 31
2 32
2 38
2 39
2 41
2 43
2 46
2 47
2 49
2 50
2 51
2 52
2 55
2 57
2 59
2 60
2 61
2 62
2 63
2 66
2 67
2 68
2 69
2 70
2 72
2 75
3 4
3 8
3 11
3 12
3 16
3 19
3 20
3 22
3 25
3 30
3 33
3 34
3 35
3 38
3 40
3 42
3 43
3 44
3 47
3 52
3 54
3 57
3 58
3 59
3 60
3 61
3 62
3 63
3 65
3 66
3 68
3 69
3 71
3 72
3 73
4 6
4 8
4 9
4 10
4 12
4 13
4 14
4 15
4 17
4 19
4 21
4 28
4 29
4 30
4 39
4 44
4 45
4 46
4 47
4 48
4 50
4 54
4 55
4 56
4 59
4 61
4 62
4 63
4 69
4 70
4 71
4 73
4 74
5 8
5 11
5 13
5 14
5 15
5 17
5 18
5 19
5 20
5 22
5 24
5 26
5 27
5 28
5 29
5 30
5 32
5 34
5 37
5 39
5 40
5 41
5 43
5 46
5 47
5 55
5 56
5 57
5 59
5 60
5 71
5 74
5 75
6 7
6 9
6 10
6 11
6 13
6 14
6 16
6 17
6 19
6 25
6 26
6 27
6 29
6 31
6 32
6 33
6 36
6 37
6 39
6 40
6 45
6 46
6 47
6 48
6 50
6 51
6 54
6 55
6 57
6 59
6 60
6 62
6 64
6 66
6 67
6 70
6 71
6 72
6 73
6 74
6 75
6 76
6 79
7 8
7 12
7 13
7 14
7 16
7 17
7 18
7 21
7 22
7 23
7 24
7 25
7 26
7 28
7 29
7 31
7 34
7 35
7 36
7 44
7 45
7 46
7 49
7 50
7 51
7 52
7 53
7 55
7 56
7 57
7 58
7 61
7 62
7 64
7 68
7 70
7 71
7 75
7 77
7 78
7 79
8 9
8 14
8 16
8 23
8 25
8 31
8 32
8 34
8 36
8 38
8 39
8 40
8 43
8 44
8 47
8 48
8 49
8 51
8 52
8 56
8 62
8 63
8 65
8 78
9 13
9 15
9 16
9 18
9 20
9 21
9 22
9 29
9 31
9 32
9 33
9 34
9 39
9 45
9 54
9 55
9 56
9 58
9 60
9 62
9 65
9 68
9 69
9 71
9 73
9 75
9 76
9 77
10 12
10 17
10 19
10 21
10 23
10 24
10 27
10 28
10 31
10 34
10 35
10 37
10 41
10 44
10 47
10 49
10 50
10 53
10 54
10 62
10 63
10 64
10 68
10 69
10 71
10 75
10 76
10 77
10 78
10 79
11 12
11 14
11 16
11 18
11 20
11 21
11 27
11 28
11 31
11 34
11 35
11 36
11 38
11 40
11 41
11 42
11 44
11 45
11 50
11 52
11 54
11 55
11 56
11 58
11 60
11 62
11 65
11 67
11 69
11 70
11 74
11 75
11 76
11 77
11 78
12 13
12 17
12 19
12 20
12 21
12 25
12 27
12 29
12 33
12 35
12 36
12 41
12 42
12 43
12 45
12 47
12 48
12 49
12 50
12 54
12 56
12 57
12 58
12 60
12 62
12 63
12 64
12 65
12 66
12 69
12 70
12 71
12 72
12 74
12 75
12 76
13 14
13 18
13 19
13 24
13 25
13 26
13 27
13 30
13 35
13 38
13 39
13 40
13 42
13 43
13 45
13 48
13 50
13 53
13 58
13 59
13 60
13 61
13 63
13 64
13 66
13 68
13 70
13 71
13 74
13 75
13 76
13 77
14 15
14 20
14 21
14 23
14 24
14 25
14 26
14 27
14 28
14 29
14 30
14 31
14 33
14 34
14 39
14 41
14 42
14 43
14 46
14 48
14 53
14 56
14 57
14 59
14 61
14 63
14 64
14 65
14 66
14 67
14 72
14 73
14 75
15 18
15 19
15 23
15 25
15 26
15 27
15 30
15 32
15 33
15 34
15 36
15 42
15 43
15 48
15 49
15 50
15 51
15 53
15 55
15 56
15 58
15 60
15 63
15 64
15 65
15 66
15 67
15 68
15 70
15 72
15 75
15 77
15 78
16 17
16 18
16 19
16 20
16 21
16 23
16 24
16 26
16 28
16 31
16 32
16 35
16 37
16 38
16 39
16 40
16 43
16 46
16 47
16 49
16 51
16 54
16 55
16 56
16 58
16 59
16 63
16 65
16 66
16 67
16 68
16 69
16 70
16 73
16 74
16 75
16 76
16 77
17 20
17 22
17 25
17 26
17 27
17 28
17 30
17 32
17 34
17 40
17 43
17 44
17 45
17 48
17 49
17 51
17 52
17 54
17 57
17 61
17 63
17 64
17 67
17 68
17 70
17 71
17 73
17 75
17 78
17 79
18 21
18 22
18 25
18 29
18 32
18 33
18 34
18 38
18 41
18 44
18 47
18 48
18 49
18 53
18 54
18 55
18 56
18 61
18 62
18 66
18 67
18 69
18 70
18 73
18 74
18 75
18 79
19 21
19 22
19 23
19 28
19 33
19 35
19 38
19 39
19 40
19 41
19 45
19 47
19 51
19 52
19 53
19 59
19 68
19 71
19 74
19 75
19 78
20 21
20 22
20 23
20 26
20 30
20 31
20 32
20 33
20 36
20 38
20 46
20 48
20 49
20 54
20 56
20 57
20 58
20 61
20 62
20 64
20 67
20 68
20 70
20 71
20 74
20 75
20 77
21 23
21 24
21 27
21 28
21 29
21 32
21 33
21 34
21 36
21 37
21 38
21 42
21 46
21 47
21 50
21 54
21 56
21 57
21 58
21 63
21 64
21 66
21 67
21 71
21 72
21 75
21 76
21 79
22 23
22 28
22 29
22 30
22 31
22 33
22 35
22 38
22 40
22 41
22 43
22 44
22 48
22 53
22 54
22 56
22 57
22 58
22 61
22 63
22 65
22 68
22 75
22 77
22 78
22 79
23 24
23 25
23 30
23 31
23 38
23 39
23 41
23 43
23 46
23 47
23 48
23 49
23 50
23 51
23 60
23 64
23 66
23 70
23 73
23 74
23 76
23 77
24 25
24 26
24 27
24 28
24 29
24 32
24 33
24 34
24 36
24 37
24 40
24 42
24 43
24 45
24 46
24 47
24 56
24 57
24 58
24 65
24 67
24 69
24 70
24 71
24 72
24 73
24 74
24 76
24 77
24 78
24 79
25 29
25 30
25 33
25 34
25 36
25 37
25 38
25 40
25 41
25 44
25 48
25 49
25 50
25 51
25 54
25 58
25 59
25 60
25 64
25 70
25 71
25 72
25 74
25 75
25 76
25 77
25 78
25 79
26 28
26 29
26 30
26 33
26 34
26 36
26 41
26 43
26 45
26 49
26 51
26 52
26 53
26 55
26 56
26 64
26 65
26 66
26 67
26 69
26 70
26 71
26 72
26 73
26 74
26 75
26 77
26 79
27 29
27 31
27 32
27 33
27 39
27 40
27 44
27 46
27 47
27 49
27 51
27 53
27 58
27 62
27 63
27 64
27 66
27 69
27 72
27 73
27 74
27 75
27 76
27 77
28 29
28 32
28 35
28 38
28 39
28 40
28 41
28 43
28 44
28 45
28 46
28 50
28 53
28 55
28 57
28 58
28 61
28 64
28 67
28 70
28 71
28 72
28 74
28 75
28 77
29 30
29 34
29 35
29 37
29 39
29 40
29 43
29 45
29 49
29 50
29 51
29 54
29 56
29 57
29 59
29 61
29 62
29 65
29 67
29 68
29 69
29 72
29 74
29 76
30 31
30 33
30 35
30 37
30 39
30 44
30 45
30 48
30 50
30 52
30 53
30 54
30 55
30 60
30 63
30 68
30 69
30 70
30 74
30 76
30 78
30 79
31 33
31 38
31 39
31 40
31 41
31 42
31 43
31 45
31 48
31 50
31 53
31 54
31 61
31 62
31 64
31 65
31 67
31 69
31 71
31 73
31 76
31 77
31 78
32 33
32 35
32 37
32 38
32 39
32 41
32 42
32 43
32 44
32 45
32 46
32 49
32 50
32 51
32 52
32 53
32 55
32 56
32 57
32 58
32 63
32 68
32 69
32 74
32 75
32 77
32 78
33 34
33 35
33 36
33 39
33 41
33 42
33 45
33 46
33 47
33 53
33 55
33 56
33 58
33 59
33 61
33 62
33 64
33 67
33 70
33 71
33 73
33 78
33 79
34 36
34 37
34 38
34 39
34 42
34 43
34 48
34 49
34 51
34 53
34 56
34 57
34 58
34 60
34 61
34 62
34 63
34 70
34 71
34 74
34 76
34 79
35 36
35 42
35 45
35 46
35 47
35 51
35 54
35 56
35 60
35 61
35 63
35 66
35 67
35 70
35 75
35 76
35 78
35 79
36 37
36 40
36 44
36 45
36 46
36 47
36 49
36 52
36 54
36 55
36 57
36 59
36 60
36 62
36 65
36 70
36 72
36 74
36 75
36 78
36 79
37 38
37 40
37 42
37 44
37 47
37 49
37 51
37 57
37 64
37 65
37 66
37 67
37 71
37 72
37 73
37 77
38 41
38 42
38 44
38 47
38 54
38 57
38 59
38 60
38 61
38 62
38 63
38 64
38 65
38 67
38 68
38 70
38 71
38 77
38 78
38 79
39 40
39 41
39 42
39 44
39 45
39 46
39 48
39 53
39 54
39 58
39 61
39 66
39 67
39 68
39 78
40 41
40 42
40 43
40 50
40 53
40 56
40 60
40 61
40 62
40 64
40 65
40 66
40 67
40 68
40 70
40 71
40 75
40 76
40 77
40 79
41 43
41 47
41 49
41 50
41 51
41 53
41 54
41 56
41 57
41 58
41 59
41 60
41 61
41 63
41 64
41 66
41 67
41 68
41 69
41 70
41 73
41 78
42 44
42 47
42 52
42 53
42 56
42 57
42 58
42 59
42 61
42 64
42 69
42 71
42 72
42 73
42 75
42 76
42 77
42 78
42 79
43 48
43 49
43 50
43 52
43 55
43 60
43 61
43 64
43 65
43 66
43 68
43 69
43 70
43 72
43 73
43 74
43 75
43 78
43 79
44 45
44 46
44 47
44 48
44 50
44 54
44 56
44 58
44 59
44 60
44 61
44 63
44 64
44 66
44 68
44 72
44 73
44 74
44 76
44 77
44 78
45 46
45 49
45 50
45 51
45 52
45 56
45 57
45 58
45 59
45 61
45 62
45 63
45 64
45 66
45 70
45 71
45 73
45 75
45 76
45 77
45 79
46 48
46 49
46 51
46 52
46 53
46 54
46 56
46 57
46 59
46 60
46 64
46 67
46 72
46 73
46 77
46 78
47 48
47 49
47 53
47 57
47 58
47 61
47 62
47 63
47 64
47 68
47 72
47 73
47 75
47 76
47 77
47 78
48 52
48 56
48 57
48 62
48 63
48 68
48 71
48 75
48 76
48 78
48 79
49 51
49 52
49 60
49 61
49 63
49 67
49 69
49 70
49 74
49 75
49 76
49 77
49 79
50 51
50 53
50 57
50 59
50 60
50 64
50 65
50 66
50 69
50 70
50 72
50 74
50 77
50 78
51 54
51 55
51 60
51 66
51 67
51 68
51 71
51 73
51 74
51 75
51 77
51 79
52 53
52 56
52 57
52 58
52 59
52 61
52 62
52 63
52 65
52 68
52 69
52 73
52 74
52 77
53 55
53 56
53 59
53 61
53 63
53 64
53 66
53 70
53 71
53 74
53 78
54 56
54 58
54 59
54 60
54 63
54 64
54 65
54 67
54 68
54 69
54 72
54 75
54 76
54 77
54 78
55 57
55 58
55 59
55 60
55 61
55 64
55 65
55 66
55 70
55 72
55 78
55 79
56 60
56 62
56 67
56 68
56 69
56 71
56 74
56 77
56 78
57 58
57 63
57 64
57 66
57 67
57 68
57 69
57 70
57 76
57 77
57 78
58 60
58 61
58 62
58 64
58 65
58 67
58 68
58 72
58 76
58 77
58 78
58 79
59 60
59 62
59 63
59 64
59 65
59 66
59 67
59 68
59 69
59 71
59 72
59 73
59 74
59 75
60 65
60 66
60 67
60 68
60 73
60 75
60 76
60 77
60 78
61 64
61 65
61 66
61 67
61 68
61 70
61 72
61 73
61 74
61 77
62 65
62 66
62 70
62 71
62 72
62 74
62 75
62 76
62 77
62 79
63 64
63 66
63 67
63 69
63 70
63 71
63 72
63 74
63 75
63 77
63 78
64 66
64 69
64 70
64 72
64 73
64 74
64 76
64 79
65 67
65 68
65 69
65 71
65 72
65 74
65 75
65 76
65 78
65 79
66 67
66 73
66 74
66 77
66 78
66 79
67 70
67 71
67 72
67 73
67 79
68 70
68 71
68 72
68 74
68 75
68 77
68 78
69 71
69 72
69 73
69 74
69 75
69 76
69 77
69 78
70 71
70 72
70 73
70 77
71 73
71 74
71 75
71 76
71 78
71 79
72 77
73 74
73 75
74 75
74 78
75 76
75 78
75 79
76 77
76 79
77 78
78 79
