50 251
0 2
0 3
0 7
0 14
0 17
0 34
0 35
0 42
0 48
1 27
1 32
1 33
1 35
1 42
2 3
2 5
2 16
2 18
2 20
2 22
2 27
2 28
2 29
2 41
3 7
3 10
3 12
3 24
3 27
3 35
3 37
3 44
3 46
3 48
3 49
4 17
4 28
4 36
4 40
5 7
5 15
5 17
5 26
5 32
5 33
5 38
5 40
5 44
5 47
6 18
6 19
6 22
6 23
6 26
6 29
6 32
6 40
6 44
6 46
7 15
7 28
7 31
7 33
7 39
7 44
7 46
8 13
8 28
8 36
8 48
9 11
9 15
9 29
9 39
9 47
10 13
10 14
10 15
10 28
10 30
10 31
10 35
10 36
10 37
10 39
11 12
11 16
11 18
11 22
11 23
11 27
11 29
11 34
11 35
11 39
11 43
11 49
12 18
12 26
12 33
12 42
12 44
13 14
13 23
13 29
13 30
13 35
13 37
13 38
13 41
13 42
13 43
13 46
14 30
14 33
14 35
14 37
14 45
15 33
15 38
15 39
15 43
15 46
15 47
16 20
16 23
16 32
17 22
17 23
17 28
17 29
17 32
17 40
17 42
17 47
18 19
18 24
18 33
18 35
18 38
18 42
18 49
19 21
19 23
19 24
19 29
19 37
19 38
19 40
19 46
20 25
20 26
20 31
20 42
21 26
21 28
21 29
21 33
21 38
22 24
22 27
22 29
22 32
22 34
22 41
22 44
22 46
23 28
23 38
23 40
24 27
24 31
24 33
24 36
24 42
25 31
25 33
25 35
25 40
25 42
25 47
25 48
26 27
26 30
26 31
26 32
26 34
26 43
26 45
27 41
28 31
28 32
28 35
28 36
28 48
29 31
29 35
29 36
29 38
29 43
29 46
30 34
30 36
30 41
30 46
31 36
31 39
31 48
31 49
32 36
32 39
32 41
32 43
32 47
33 38
33 41
33 44
33 45
34 38
34 40
34 41
34 49
35 37
35 39
35 40
35 45
35 46
35 49
36 47
36 48
37 38
37 41
37 43
37 48
37 49
38 39
38 40
38 41
38 42
38 44
38 46
39 42
39 43
41 42
41 46
42 43
42 44
43 47
44 45
46 48
48 49
