30 146
0 1
0 5
0 9
0 12
0 15
0 17
0 18
0 20
0 21
0 22
0 23
0 24
0 25
1 2
1 3
1 5
1 11
1 12
1 13
1 15
1 20
1 27
1 29
2 5
2 7
2 9
2 10
2 11
2 16
2 19
2 21
2 22
2 24
2 28
3 4
3 7
3 9
3 10
3 12
3 14
3 15
3 18
3 19
3 20
3 24
3 25
3 27
4 7
4 12
5 7
5 9
5 10
5 18
5 19
5 23
5 29
6 7
6 11
6 12
6 15
6 16
6 20
6 21
6 23
6 26
7 10
7 11
7 13
7 14
7 15
7 18
7 20
7 28
8 15
8 17
8 18
8 19
8 22
8 24
8 25
8 28
9 10
9 11
9 12
9 20
9 21
9 24
9 25
9 26
9 29
10 18
10 19
10 20
11 17
11 18
11 22
11 23
11 27
12 14
12 16
12 17
12 18
12 21
12 22
12 25
12 26
12 29
13 14
13 15
13 16
13 19
13 21
13 23
13 24
13 26
13 27
14 16
14 17
14 19
14 26
14 27
15 18
15 24
15 25
16 17
16 22
16 24
16 25
16 29
17 29
18 19
18 21
18 24
18 25
20 26
21 22
21 27
22 26
22 28
23 27
24 25
24 26
24 29
25 26
25 29
28 29
