200 9963
0 2
0 3
0 4
0 6
0 9
0 10
0 17
0 19
0 20
0 22
0 24
0 27
0 29
0 33
0 34
0 36
0 37
0 38
0 39
0 40
0 41
0 43
0 46
0 47
0 48
0 49
0 53
0 60
0 61
0 62
0 63
0 66
0 67
0 70
0 71
0 72
0 74
0 75
0 79
0 80
0 81
0 82
0 88
0 89
0 90
0 91
0 92
0 93
0 96
0 97
0 99
0 102
0 103
0 105
0 106
0 107
0 109
0 110
0 112
0 116
0 117
0 119
0 120
0 122
0 123
0 126
0 130
0 132
0 133
0 134
0 136
0 137
0 138
0 140
0 145
0 146
0 147
0 148
0 150
0 151
0 152
0 153
0 155
0 156
0 157
0 158
0 161
0 162
0 163
0 164
0 166
0 167
0 168
0 169
0 170
0 172
0 173
0 174
0 175
0 177
0 178
0 179
0 180
0 184
0 186
0 188
0 189
0 190
0 191
0 197
0 198
1 6
1 9
1 11
1 12
1 13
1 14
1 15
1 17
1 18
1 19
1 20
1 21
1 22
1 23
1 25
1 26
1 27
1 28
1 30
1 33
1 36
1 37
1 38
1 39
1 44
1 45
1 46
1 47
1 49
1 52
1 53
1 54
1 57
1 63
1 65
1 68
1 69
1 71
1 76
1 77
1 78
1 79
1 81
1 82
1 83
1 88
1 89
1 90
1 91
1 92
1 93
1 94
1 96
1 98
1 101
1 104
1 106
1 108
1 109
1 112
1 113
1 114
1 116
1 119
1 121
1 122
1 124
1 125
1 126
1 127
1 128
1 129
1 130
1 131
1 133
1 134
1 135
1 137
1 138
1 139
1 140
1 141
1 144
1 146
1 147
1 148
1 154
1 155
1 160
1 163
1 166
1 167
1 170
1 171
1 173
1 175
1 180
1 181
1 182
1 186
1 188
1 189
1 191
1 195
1 197
1 199
2 3
2 4
2 5
2 10
2 13
2 14
2 15
2 16
2 19
2 20
2 21
2 22
2 23
2 25
2 28
2 30
2 31
2 36
2 37
2 38
2 39
2 40
2 41
2 43
2 45
2 47
2 49
2 50
2 51
2 52
2 53
2 57
2 61
2 70
2 72
2 76
2 80
2 83
2 87
2 88
2 89
2 90
2 94
2 95
2 96
2 97
2 105
2 106
2 110
2 114
2 115
2 116
2 117
2 120
2 121
2 128
2 130
2 131
2 132
2 133
2 134
2 135
2 136
2 140
2 141
2 146
2 148
2 150
2 154
2 155
2 157
2 158
2 159
2 160
2 161
2 163
2 167
2 168
2 170
2 174
2 175
2 177
2 178
2 180
2 181
2 182
2 186
2 187
2 189
2 190
2 192
2 195
2 197
2 198
2 199
3 4
3 6
3 8
3 13
3 14
3 16
3 17
3 21
3 23
3 25
3 27
3 30
3 35
3 37
3 40
3 41
3 42
3 44
3 48
3 49
3 51
3 52
3 53
3 54
3 55
3 60
3 63
3 64
3 67
3 71
3 72
3 73
3 74
3 75
3 77
3 78
3 79
3 81
3 83
3 85
3 87
3 88
3 92
3 93
3 96
3 97
3 98
3 99
3 100
3 101
3 102
3 104
3 105
3 106
3 112
3 115
3 121
3 123
3 124
3 127
3 129
3 130
3 131
3 132
3 133
3 134
3 135
3 139
3 140
3 141
3 145
3 146
3 148
3 149
3 150
3 151
3 153
3 155
3 163
3 164
3 167
3 169
3 170
3 173
3 175
3 177
3 178
3 182
3 183
3 184
3 185
3 186
3 187
3 189
3 195
3 196
3 197
3 198
4 5
4 6
4 7
4 8
4 9
4 10
4 11
4 12
4 16
4 17
4 20
4 21
4 23
4 24
4 26
4 28
4 30
4 31
4 33
4 34
4 35
4 37
4 39
4 41
4 43
4 45
4 47
4 49
4 50
4 53
4 54
4 58
4 59
4 60
4 65
4 66
4 67
4 69
4 72
4 75
4 77
4 80
4 81
4 83
4 84
4 89
4 91
4 94
4 95
4 97
4 98
4 99
4 100
4 103
4 104
4 105
4 106
4 107
4 109
4 110
4 111
4 113
4 114
4 116
4 119
4 120
4 128
4 131
4 133
4 135
4 137
4 138
4 139
4 142
4 143
4 148
4 149
4 150
4 151
4 152
4 153
4 154
4 155
4 158
4 159
4 160
4 161
4 163
4 164
4 169
4 170
4 173
4 174
4 175
4 176
4 177
4 181
4 183
4 190
4 191
4 192
4 193
4 196
5 6
5 7
5 11
5 14
5 19
5 20
5 22
5 23
5 27
5 28
5 30
5 32
5 33
5 36
5 37
5 38
5 39
5 41
5 42
5 48
5 50
5 51
5 53
5 55
5 56
5 57
5 59
5 60
5 61
5 62
5 64
5 67
5 68
5 71
5 72
5 73
5 76
5 77
5 78
5 79
5 81
5 85
5 89
5 90
5 94
5 95
5 96
5 99
5 100
5 102
5 103
5 107
5 108
5 109
5 110
5 112
5 113
5 114
5 121
5 122
5 124
5 125
5 126
5 128
5 132
5 135
5 136
5 137
5 138
5 141
5 143
5 144
5 145
5 147
5 149
5 151
5 153
5 155
5 156
5 157
5 158
5 159
5 160
5 161
5 164
5 165
5 167
5 170
5 172
5 173
5 174
5 175
5 176
5 177
5 178
5 179
5 180
5 181
5 183
5 185
5 186
5 187
5 189
5 190
5 191
5 193
5 195
5 197
5 199
6 8
6 12
6 14
6 15
6 16
6 17
6 18
6 19
6 21
6 22
6 25
6 27
6 29
6 30
6 31
6 32
6 33
6 36
6 37
6 39
6 40
6 42
6 43
6 45
6 48
6 49
6 50
6 54
6 57
6 58
6 60
6 61
6 62
6 63
6 65
6 66
6 67
6 69
6 70
6 72
6 78
6 79
6 80
6 82
6 83
6 85
6 93
6 94
6 95
6 97
6 98
6 99
6 100
6 103
6 107
6 109
6 110
6 111
6 115
6 116
6 117
6 119
6 121
6 128
6 129
6 130
6 131
6 134
6 135
6 136
6 137
6 142
6 143
6 145
6 147
6 148
6 149
6 153
6 155
6 156
6 158
6 159
6 160
6 162
6 164
6 168
6 169
6 171
6 173
6 174
6 175
6 176
6 177
6 178
6 179
6 181
6 183
6 188
6 191
6 195
6 197
6 198
6 199
7 8
7 12
7 14
7 19
7 21
7 28
7 32
7 35
7 39
7 40
7 43
7 44
7 48
7 49
7 50
7 52
7 53
7 56
7 59
7 61
7 65
7 67
7 68
7 73
7 82
7 85
7 88
7 90
7 91
7 94
7 95
7 96
7 97
7 98
7 99
7 104
7 105
7 107
7 109
7 111
7 113
7 116
7 120
7 123
7 125
7 126
7 130
7 133
7 134
7 135
7 136
7 138
7 139
7 140
7 141
7 142
7 143
7 144
7 145
7 146
7 147
7 148
7 149
7 150
7 151
7 152
7 153
7 155
7 156
7 157
7 158
7 159
7 162
7 168
7 169
7 170
7 174
7 178
7 179
7 181
7 182
7 184
7 186
7 191
7 192
7 193
7 194
7 197
7 198
7 199
8 9
8 11
8 12
8 13
8 17
8 18
8 19
8 21
8 23
8 24
8 25
8 26
8 29
8 31
8 32
8 35
8 36
8 37
8 38
8 39
8 42
8 44
8 45
8 46
8 48
8 49
8 51
8 53
8 54
8 55
8 56
8 57
8 59
8 60
8 61
8 62
8 63
8 64
8 65
8 67
8 68
8 70
8 73
8 74
8 77
8 80
8 81
8 82
8 83
8 84
8 87
8 88
8 89
8 91
8 93
8 94
8 95
8 96
8 101
8 109
8 112
8 113
8 114
8 119
8 120
8 123
8 124
8 126
8 129
8 130
8 136
8 139
8 141
8 142
8 145
8 149
8 150
8 152
8 153
8 154
8 155
8 157
8 158
8 161
8 162
8 164
8 166
8 167
8 173
8 174
8 175
8 176
8 178
8 179
8 181
8 182
8 183
8 185
8 186
8 189
8 190
8 192
8 193
8 199
9 14
9 15
9 16
9 17
9 18
9 20
9 23
9 25
9 26
9 30
9 31
9 32
9 33
9 34
9 37
9 38
9 45
9 47
9 48
9 49
9 51
9 52
9 53
9 54
9 55
9 57
9 58
9 59
9 60
9 61
9 62
9 64
9 66
9 67
9 69
9 70
9 72
9 76
9 77
9 78
9 79
9 82
9 83
9 84
9 86
9 87
9 88
9 90
9 92
9 93
9 101
9 103
9 105
9 106
9 110
9 111
9 112
9 114
9 119
9 120
9 121
9 127
9 128
9 129
9 130
9 131
9 137
9 139
9 140
9 141
9 142
9 146
9 148
9 149
9 150
9 152
9 154
9 155
9 156
9 159
9 161
9 166
9 167
9 169
9 171
9 172
9 177
9 180
9 182
9 183
9 184
9 185
9 187
9 188
9 189
9 190
9 191
9 194
9 195
9 198
9 199
10 11
10 12
10 13
10 14
10 17
10 19
10 20
10 21
10 23
10 25
10 29
10 31
10 33
10 34
10 36
10 37
10 38
10 39
10 40
10 42
10 45
10 49
10 54
10 57
10 59
10 62
10 64
10 68
10 70
10 74
10 77
10 79
10 82
10 83
10 84
10 85
10 86
10 87
10 89
10 93
10 96
10 97
10 98
10 102
10 103
10 104
10 106
10 107
10 108
10 109
10 110
10 111
10 112
10 114
10 116
10 118
10 121
10 123
10 126
10 127
10 128
10 129
10 133
10 134
10 136
10 140
10 143
10 145
10 146
10 147
10 149
10 151
10 152
10 153
10 154
10 157
10 160
10 161
10 164
10 169
10 172
10 173
10 175
10 176
10 177
10 178
10 180
10 181
10 182
10 185
10 186
10 188
10 189
10 190
10 191
10 192
10 193
10 194
10 195
10 197
11 15
11 16
11 18
11 19
11 20
11 22
11 23
11 25
11 27
11 28
11 30
11 34
11 36
11 37
11 38
11 42
11 44
11 45
11 47
11 49
11 50
11 53
11 55
11 60
11 61
11 63
11 67
11 71
11 76
11 77
11 83
11 84
11 85
11 88
11 89
11 90
11 91
11 92
11 93
11 95
11 97
11 100
11 104
11 107
11 109
11 112
11 114
11 116
11 118
11 119
11 120
11 121
11 122
11 124
11 126
11 127
11 132
11 134
11 135
11 136
11 138
11 139
11 140
11 141
11 145
11 146
11 147
11 148
11 150
11 151
11 156
11 159
11 165
11 166
11 171
11 174
11 176
11 177
11 178
11 179
11 182
11 188
11 192
11 194
11 195
11 197
11 198
11 199
12 15
12 18
12 20
12 21
12 23
12 24
12 27
12 28
12 29
12 30
12 34
12 35
12 36
12 37
12 39
12 42
12 48
12 49
12 50
12 51
12 57
12 60
12 63
12 65
12 66
12 67
12 70
12 75
12 76
12 81
12 82
12 88
12 89
12 90
12 93
12 94
12 98
12 99
12 101
12 102
12 103
12 104
12 106
12 108
12 109
12 117
12 118
12 119
12 123
12 124
12 126
12 129
12 133
12 136
12 137
12 139
12 140
12 145
12 150
12 152
12 154
12 156
12 157
12 158
12 159
12 163
12 164
12 166
12 167
12 168
12 169
12 170
12 171
12 172
12 173
12 174
12 176
12 178
12 181
12 185
12 186
12 189
12 191
12 194
12 198
12 199
13 15
13 16
13 19
13 23
13 25
13 26
13 27
13 28
13 29
13 32
13 33
13 34
13 35
13 37
13 38
13 40
13 43
13 48
13 50
13 52
13 55
13 57
13 58
13 59
13 60
13 62
13 69
13 72
13 77
13 81
13 85
13 89
13 90
13 91
13 93
13 94
13 95
13 96
13 97
13 101
13 103
13 104
13 105
13 110
13 112
13 114
13 116
13 118
13 120
13 121
13 122
13 123
13 127
13 129
13 131
13 138
13 141
13 142
13 143
13 144
13 145
13 146
13 148
13 154
13 155
13 156
13 159
13 162
13 163
13 167
13 170
13 172
13 173
13 175
13 176
13 177
13 179
13 185
13 186
13 190
13 192
13 193
13 196
13 198
13 199
14 16
14 19
14 20
14 21
14 24
14 25
14 29
14 31
14 32
14 33
14 34
14 35
14 36
14 42
14 44
14 47
14 48
14 50
14 53
14 58
14 59
14 61
14 62
14 64
14 66
14 71
14 72
14 76
14 77
14 78
14 80
14 81
14 82
14 84
14 85
14 87
14 93
14 95
14 97
14 101
14 102
14 103
14 108
14 110
14 113
14 114
14 115
14 116
14 117
14 120
14 121
14 123
14 124
14 125
14 126
14 128
14 129
14 130
14 131
14 136
14 137
14 141
14 142
14 143
14 146
14 147
14 148
14 149
14 150
14 153
14 154
14 157
14 158
14 160
14 161
14 162
14 163
14 165
14 167
14 168
14 170
14 174
14 175
14 177
14 179
14 181
14 182
14 183
14 185
14 186
14 187
14 190
14 192
14 195
14 198
14 199
15 24
15 26
15 27
15 28
15 32
15 33
15 35
15 39
15 40
15 44
15 45
15 46
15 47
15 48
15 51
15 53
15 54
15 57
15 59
15 63
15 66
15 67
15 68
15 70
15 71
15 72
15 73
15 74
15 76
15 77
15 78
15 80
15 82
15 85
15 86
15 87
15 88
15 89
15 91
15 94
15 95
15 96
15 97
15 100
15 103
15 105
15 106
15 108
15 111
15 112
15 113
15 114
15 117
15 127
15 128
15 131
15 134
15 135
15 138
15 139
15 140
15 142
15 145
15 147
15 154
15 156
15 157
15 159
15 160
15 162
15 163
15 165
15 166
15 168
15 170
15 171
15 175
15 176
15 177
15 179
15 180
15 181
15 182
15 183
15 185
15 186
15 191
15 194
15 196
15 197
16 20
16 21
16 22
16 25
16 27
16 31
16 36
16 38
16 39
16 40
16 42
16 43
16 44
16 45
16 46
16 48
16 52
16 53
16 55
16 56
16 58
16 59
16 60
16 65
16 66
16 67
16 69
16 70
16 72
16 73
16 74
16 75
16 77
16 78
16 80
16 82
16 83
16 87
16 89
16 92
16 95
16 96
16 97
16 98
16 99
16 100
16 101
16 102
16 105
16 106
16 107
16 108
16 109
16 110
16 111
16 113
16 114
16 115
16 118
16 119
16 122
16 123
16 125
16 127
16 128
16 129
16 132
16 133
16 135
16 140
16 144
16 145
16 147
16 149
16 150
16 151
16 154
16 156
16 157
16 158
16 159
16 160
16 162
16 163
16 164
16 167
16 168
16 170
16 172
16 176
16 177
16 179
16 180
16 181
16 182
16 183
16 184
16 186
16 189
16 197
16 198
16 199
17 18
17 19
17 25
17 29
17 31
17 32
17 33
17 34
17 35
17 37
17 40
17 41
17 42
17 51
17 53
17 60
17 61
17 64
17 66
17 71
17 73
17 77
17 80
17 81
17 83
17 85
17 86
17 89
17 90
17 92
17 93
17 94
17 95
17 96
17 98
17 103
17 104
17 108
17 109
17 110
17 112
17 114
17 116
17 117
17 118
17 122
17 124
17 128
17 131
17 133
17 135
17 137
17 138
17 139
17 140
17 145
17 146
17 148
17 149
17 151
17 152
17 153
17 154
17 155
17 156
17 157
17 160
17 163
17 164
17 166
17 167
17 172
17 173
17 177
17 178
17 180
17 181
17 182
17 183
17 186
17 188
17 189
17 190
17 192
17 193
17 196
17 198
18 20
18 23
18 24
18 26
18 28
18 30
18 32
18 33
18 40
18 41
18 44
18 47
18 49
18 50
18 52
18 54
18 57
18 59
18 60
18 61
18 63
18 65
18 66
18 68
18 70
18 71
18 72
18 73
18 74
18 79
18 80
18 82
18 86
18 87
18 88
18 89
18 92
18 97
18 99
18 100
18 106
18 107
18 108
18 109
18 110
18 111
18 113
18 114
18 116
18 117
18 118
18 122
18 123
18 126
18 127
18 131
18 132
18 134
18 145
18 147
18 148
18 149
18 150
18 154
18 155
18 156
18 157
18 160
18 163
18 164
18 166
18 168
18 170
18 172
18 173
18 174
18 175
18 176
18 177
18 179
18 180
18 182
18 184
18 186
18 187
18 188
18 189
18 191
18 193
18 194
18 195
18 197
18 198
19 21
19 22
19 23
19 25
19 30
19 33
19 34
19 36
19 38
19 40
19 43
19 45
19 46
19 50
19 51
19 54
19 55
19 56
19 58
19 59
19 60
19 61
19 63
19 65
19 67
19 68
19 70
19 72
19 77
19 78
19 81
19 84
19 87
19 88
19 95
19 96
19 97
19 99
19 101
19 102
19 104
19 105
19 106
19 108
19 114
19 115
19 117
19 118
19 119
19 122
19 125
19 126
19 128
19 131
19 132
19 133
19 134
19 135
19 136
19 138
19 139
19 140
19 141
19 143
19 149
19 150
19 151
19 162
19 163
19 168
19 169
19 170
19 171
19 172
19 173
19 175
19 176
19 178
19 179
19 183
19 184
19 185
19 186
19 188
19 189
19 190
19 191
19 197
19 199
20 23
20 24
20 26
20 28
20 29
20 30
20 32
20 35
20 36
20 37
20 38
20 41
20 43
20 44
20 45
20 46
20 47
20 52
20 53
20 58
20 64
20 67
20 68
20 69
20 71
20 73
20 74
20 75
20 77
20 79
20 84
20 86
20 87
20 88
20 90
20 92
20 93
20 95
20 96
20 97
20 102
20 105
20 106
20 111
20 112
20 113
20 116
20 117
20 118
20 119
20 120
20 121
20 122
20 127
20 128
20 129
20 131
20 132
20 134
20 135
20 139
20 140
20 141
20 144
20 145
20 147
20 148
20 149
20 150
20 151
20 153
20 156
20 158
20 161
20 163
20 165
20 167
20 169
20 172
20 180
20 182
20 184
20 187
20 190
20 195
20 199
21 23
21 26
21 27
21 31
21 32
21 33
21 34
21 35
21 37
21 41
21 42
21 44
21 46
21 50
21 51
21 52
21 53
21 57
21 60
21 61
21 62
21 63
21 64
21 65
21 67
21 69
21 70
21 72
21 73
21 74
21 76
21 83
21 84
21 86
21 90
21 92
21 93
21 95
21 97
21 98
21 102
21 103
21 107
21 108
21 110
21 112
21 115
21 118
21 120
21 122
21 123
21 124
21 129
21 133
21 134
21 136
21 137
21 140
21 142
21 143
21 144
21 146
21 155
21 156
21 159
21 163
21 164
21 165
21 168
21 169
21 172
21 173
21 174
21 175
21 176
21 177
21 181
21 185
21 186
21 189
21 191
21 192
21 193
21 194
21 196
21 197
22 23
22 26
22 27
22 30
22 33
22 35
22 37
22 39
22 40
22 43
22 44
22 48
22 50
22 58
22 65
22 67
22 68
22 71
22 74
22 78
22 79
22 80
22 82
22 83
22 84
22 86
22 95
22 99
22 102
22 107
22 109
22 110
22 111
22 113
22 114
22 116
22 117
22 119
22 121
22 122
22 123
22 125
22 126
22 127
22 130
22 132
22 135
22 136
22 137
22 138
22 139
22 141
22 147
22 148
22 149
22 150
22 152
22 155
22 162
22 163
22 167
22 169
22 171
22 174
22 176
22 178
22 179
22 182
22 184
22 185
22 186
22 187
22 192
22 194
22 196
22 197
23 24
23 26
23 27
23 28
23 30
23 35
23 36
23 37
23 39
23 41
23 45
23 46
23 47
23 51
23 52
23 54
23 55
23 56
23 57
23 59
23 62
23 66
23 67
23 69
23 72
23 74
23 77
23 78
23 82
23 83
23 84
23 85
23 86
23 90
23 95
23 100
23 104
23 106
23 107
23 110
23 111
23 114
23 116
23 119
23 120
23 121
23 122
23 125
23 127
23 128
23 129
23 134
23 136
23 139
23 140
23 141
23 144
23 145
23 149
23 152
23 153
23 157
23 158
23 160
23 161
23 162
23 163
23 165
23 166
23 169
23 170
23 171
23 173
23 174
23 176
23 177
23 178
23 179
23 183
23 188
23 189
23 190
23 192
23 196
23 198
23 199
24 25
24 29
24 32
24 33
24 34
24 37
24 38
24 39
24 42
24 43
24 44
24 45
24 47
24 48
24 49
24 51
24 53
24 56
24 57
24 58
24 59
24 60
24 64
24 65
24 66
24 68
24 69
24 70
24 72
24 73
24 76
24 77
24 80
24 81
24 82
24 85
24 86
24 87
24 89
24 91
24 92
24 93
24 95
24 96
24 99
24 100
24 101
24 102
24 103
24 105
24 106
24 108
24 109
24 111
24 112
24 113
24 115
24 116
24 117
24 118
24 122
24 124
24 130
24 133
24 134
24 138
24 142
24 143
24 144
24 145
24 147
24 150
24 151
24 152
24 159
24 160
24 161
24 162
24 164
24 165
24 166
24 167
24 168
24 169
24 171
24 172
24 173
24 174
24 175
24 182
24 184
24 188
24 189
24 191
24 192
24 194
24 196
24 199
25 26
25 27
25 29
25 31
25 33
25 38
25 39
25 40
25 42
25 43
25 47
25 52
25 53
25 55
25 59
25 60
25 66
25 68
25 69
25 71
25 73
25 75
25 76
25 79
25 82
25 86
25 87
25 91
25 93
25 95
25 96
25 99
25 100
25 101
25 103
25 106
25 108
25 109
25 110
25 112
25 113
25 114
25 115
25 116
25 118
25 122
25 124
25 125
25 130
25 131
25 132
25 133
25 136
25 140
25 142
25 144
25 146
25 150
25 151
25 152
25 155
25 156
25 157
25 158
25 160
25 161
25 162
25 164
25 165
25 166
25 169
25 171
25 173
25 176
25 177
25 179
25 181
25 183
25 184
25 186
25 187
25 188
25 193
25 194
25 196
25 197
25 198
25 199
26 27
26 30
26 31
26 33
26 34
26 36
26 38
26 39
26 43
26 46
26 47
26 48
26 49
26 50
26 52
26 56
26 60
26 64
26 66
26 69
26 70
26 72
26 76
26 77
26 80
26 81
26 83
26 84
26 85
26 92
26 93
26 95
26 98
26 99
26 100
26 104
26 106
26 107
26 108
26 109
26 110
26 112
26 114
26 115
26 116
26 119
26 125
26 128
26 131
26 133
26 136
26 138
26 139
26 140
26 141
26 147
26 148
26 150
26 154
26 159
26 161
26 167
26 169
26 170
26 173
26 176
26 177
26 181
26 183
26 185
26 186
26 191
26 192
26 194
26 196
26 197
26 198
27 31
27 32
27 34
27 39
27 40
27 41
27 42
27 45
27 47
27 48
27 49
27 50
27 54
27 56
27 57
27 58
27 60
27 62
27 64
27 65
27 66
27 67
27 68
27 70
27 71
27 74
27 76
27 77
27 78
27 83
27 85
27 86
27 88
27 89
27 90
27 91
27 92
27 93
27 96
27 98
27 99
27 100
27 101
27 107
27 112
27 114
27 123
27 124
27 127
27 129
27 132
27 137
27 138
27 139
27 141
27 142
27 143
27 144
27 145
27 146
27 148
27 149
27 152
27 153
27 154
27 155
27 156
27 159
27 160
27 161
27 164
27 165
27 169
27 170
27 171
27 172
27 173
27 175
27 179
27 181
27 184
27 185
27 188
27 192
27 194
27 196
27 197
27 199
28 32
28 34
28 36
28 40
28 44
28 45
28 46
28 47
28 49
28 50
28 52
28 57
28 58
28 59
28 61
28 64
28 65
28 68
28 70
28 71
28 72
28 73
28 74
28 76
28 82
28 83
28 86
28 87
28 88
28 89
28 90
28 91
28 96
28 97
28 104
28 106
28 108
28 109
28 110
28 112
28 113
28 114
28 115
28 119
28 120
28 122
28 125
28 126
28 130
28 133
28 134
28 136
28 138
28 139
28 140
28 142
28 143
28 144
28 145
28 146
28 148
28 150
28 152
28 154
28 155
28 158
28 159
28 160
28 161
28 162
28 164
28 166
28 167
28 168
28 171
28 172
28 174
28 175
28 177
28 178
28 179
28 180
28 181
28 183
28 184
28 186
28 188
28 189
28 192
28 195
28 198
29 31
29 32
29 34
29 36
29 38
29 39
29 40
29 43
29 44
29 46
29 52
29 54
29 55
29 56
29 57
29 59
29 61
29 62
29 63
29 66
29 68
29 70
29 71
29 73
29 74
29 75
29 76
29 77
29 78
29 79
29 80
29 83
29 88
29 89
29 91
29 92
29 94
29 95
29 100
29 101
29 103
29 104
29 105
29 106
29 107
29 108
29 111
29 112
29 113
29 115
29 116
29 119
29 120
29 122
29 125
29 131
29 132
29 136
29 138
29 139
29 142
29 143
29 146
29 148
29 149
29 150
29 151
29 153
29 156
29 158
29 160
29 165
29 168
29 170
29 175
29 177
29 179
29 181
29 182
29 185
29 186
29 187
29 189
29 190
29 193
29 194
29 195
29 196
29 198
30 31
30 33
30 35
30 37
30 38
30 39
30 42
30 45
30 50
30 52
30 56
30 58
30 61
30 62
30 63
30 64
30 65
30 66
30 71
30 72
30 73
30 75
30 76
30 78
30 80
30 81
30 82
30 84
30 85
30 87
30 88
30 89
30 90
30 91
30 92
30 95
30 96
30 97
30 98
30 99
30 100
30 101
30 102
30 103
30 104
30 106
30 109
30 112
30 114
30 117
30 122
30 124
30 125
30 127
30 128
30 131
30 132
30 136
30 144
30 145
30 146
30 149
30 150
30 151
30 155
30 157
30 158
30 163
30 166
30 168
30 170
30 171
30 172
30 174
30 175
30 178
30 180
30 182
30 184
30 186
30 188
30 192
30 196
30 198
30 199
31 32
31 36
31 39
31 41
31 44
31 46
31 47
31 49
31 50
31 53
31 54
31 55
31 56
31 57
31 58
31 59
31 61
31 62
31 64
31 66
31 67
31 68
31 72
31 74
31 75
31 77
31 79
31 81
31 82
31 83
31 85
31 88
31 95
31 99
31 100
31 101
31 103
31 104
31 105
31 106
31 107
31 108
31 111
31 112
31 116
31 118
31 119
31 120
31 121
31 124
31 125
31 126
31 127
31 130
31 131
31 132
31 133
31 135
31 136
31 142
31 145
31 146
31 148
31 150
31 151
31 153
31 158
31 159
31 160
31 161
31 162
31 164
31 165
31 166
31 167
31 168
31 169
31 170
31 171
31 172
31 173
31 175
31 177
31 180
31 181
31 182
31 185
31 186
31 187
31 188
31 191
31 196
31 197
32 33
32 35
32 38
32 40
32 44
32 47
32 48
32 54
32 56
32 59
32 62
32 64
32 65
32 66
32 67
32 69
32 70
32 71
32 72
32 73
32 75
32 76
32 77
32 78
32 79
32 80
32 81
32 84
32 86
32 87
32 88
32 90
32 93
32 94
32 97
32 101
32 102
32 103
32 104
32 105
32 110
32 111
32 112
32 114
32 116
32 117
32 119
32 120
32 121
32 122
32 123
32 130
32 131
32 132
32 135
32 136
32 138
32 139
32 140
32 141
32 143
32 145
32 148
32 150
32 151
32 152
32 153
32 155
32 156
32 157
32 162
32 165
32 166
32 169
32 171
32 172
32 173
32 176
32 177
32 178
32 179
32 181
32 182
32 184
32 187
32 188
32 189
32 190
32 192
32 193
32 195
32 199
33 34
33 35
33 36
33 41
33 46
33 50
33 52
33 55
33 57
33 64
33 66
33 67
33 69
33 70
33 72
33 74
33 75
33 77
33 79
33 80
33 83
33 84
33 85
33 86
33 87
33 88
33 90
33 91
33 95
33 96
33 101
33 103
33 104
33 106
33 111
33 112
33 113
33 115
33 119
33 120
33 121
33 122
33 123
33 125
33 127
33 128
33 130
33 132
33 134
33 135
33 142
33 143
33 144
33 146
33 148
33 149
33 150
33 156
33 157
33 160
33 161
33 162
33 163
33 166
33 171
33 175
33 176
33 180
33 182
33 184
33 186
33 187
33 188
33 191
33 193
33 195
33 197
34 37
34 38
34 39
34 40
34 41
34 42
34 44
34 45
34 46
34 47
34 48
34 49
34 50
34 52
34 53
34 54
34 55
34 64
34 66
34 67
34 68
34 69
34 70
34 71
34 72
34 74
34 76
34 80
34 83
34 87
34 89
34 103
34 108
34 109
34 110
34 114
34 115
34 117
34 126
34 127
34 131
34 132
34 133
34 134
34 135
34 136
34 137
34 138
34 141
34 151
34 153
34 154
34 159
34 160
34 162
34 164
34 169
34 170
34 171
34 172
34 173
34 175
34 176
34 177
34 178
34 179
34 181
34 183
34 184
34 186
34 187
34 188
34 189
34 196
35 39
35 41
35 42
35 44
35 45
35 46
35 50
35 53
35 57
35 58
35 59
35 65
35 66
35 67
35 68
35 70
35 71
35 73
35 76
35 77
35 78
35 82
35 83
35 84
35 87
35 90
35 91
35 95
35 96
35 98
35 100
35 103
35 104
35 109
35 113
35 115
35 117
35 121
35 122
35 124
35 126
35 127
35 128
35 129
35 130
35 132
35 133
35 134
35 138
35 144
35 145
35 150
35 151
35 156
35 157
35 158
35 159
35 161
35 164
35 166
35 167
35 168
35 169
35 171
35 173
35 174
35 176
35 179
35 180
35 184
35 190
35 192
35 195
35 197
35 199
36 37
36 38
36 41
36 44
36 45
36 46
36 47
36 49
36 50
36 51
36 52
36 53
36 54
36 55
36 58
36 59
36 60
36 61
36 62
36 65
36 66
36 67
36 69
36 70
36 75
36 77
36 82
36 84
36 85
36 86
36 88
36 90
36 92
36 95
36 99
36 100
36 101
36 102
36 104
36 107
36 108
36 110
36 112
36 115
36 116
36 117
36 118
36 119
36 122
36 123
36 130
36 131
36 132
36 133
36 134
36 135
36 138
36 139
36 143
36 145
36 147
36 148
36 149
36 150
36 151
36 152
36 153
36 158
36 160
36 162
36 163
36 164
36 166
36 168
36 171
36 172
36 173
36 176
36 178
36 180
36 183
36 184
36 185
36 186
36 189
36 191
36 193
36 194
36 195
36 196
36 199
37 38
37 46
37 47
37 49
37 50
37 52
37 53
37 54
37 56
37 57
37 58
37 60
37 63
37 64
37 65
37 66
37 70
37 72
37 74
37 75
37 76
37 78
37 80
37 81
37 84
37 85
37 86
37 91
37 92
37 94
37 96
37 97
37 99
37 100
37 101
37 104
37 106
37 107
37 108
37 109
37 111
37 113
37 115
37 117
37 118
37 121
37 122
37 124
37 125
37 126
37 127
37 131
37 136
37 138
37 139
37 143
37 145
37 150
37 152
37 156
37 158
37 160
37 161
37 162
37 165
37 167
37 168
37 169
37 172
37 174
37 177
37 179
37 180
37 181
37 182
37 183
37 189
37 190
37 191
37 192
37 194
37 196
38 40
38 43
38 44
38 45
38 46
38 47
38 48
38 49
38 50
38 52
38 54
38 55
38 58
38 61
38 62
38 63
38 67
38 68
38 70
38 71
38 73
38 79
38 84
38 88
38 89
38 91
38 92
38 93
38 94
38 95
38 96
38 97
38 98
38 100
38 101
38 102
38 103
38 111
38 119
38 120
38 121
38 122
38 124
38 131
38 133
38 134
38 135
38 136
38 137
38 139
38 141
38 142
38 144
38 146
38 147
38 148
38 149
38 151
38 157
38 159
38 160
38 161
38 163
38 167
38 169
38 170
38 173
38 174
38 177
38 178
38 181
38 183
38 184
38 185
38 188
38 194
38 195
38 196
39 40
39 41
39 42
39 44
39 46
39 47
39 48
39 60
39 61
39 62
39 63
39 65
39 69
39 72
39 73
39 78
39 79
39 89
39 90
39 92
39 94
39 96
39 98
39 99
39 100
39 101
39 104
39 108
39 111
39 113
39 117
39 118
39 120
39 125
39 128
39 129
39 130
39 134
39 135
39 139
39 141
39 145
39 146
39 148
39 149
39 151
39 152
39 154
39 156
39 157
39 158
39 160
39 161
39 163
39 166
39 167
39 171
39 172
39 174
39 175
39 177
39 178
39 181
39 182
39 183
39 186
39 188
39 189
39 193
39 195
39 198
40 41
40 43
40 44
40 45
40 48
40 52
40 53
40 54
40 55
40 59
40 63
40 65
40 67
40 69
40 70
40 75
40 76
40 77
40 78
40 81
40 82
40 83
40 84
40 85
40 89
40 93
40 96
40 98
40 99
40 101
40 102
40 103
40 106
40 107
40 109
40 110
40 113
40 115
40 116
40 118
40 121
40 122
40 123
40 125
40 127
40 128
40 129
40 132
40 134
40 135
40 136
40 139
40 140
40 141
40 142
40 143
40 144
40 145
40 149
40 151
40 153
40 155
40 160
40 161
40 164
40 165
40 166
40 167
40 168
40 169
40 172
40 175
40 177
40 178
40 181
40 188
40 189
40 191
40 192
40 195
40 198
41 43
41 46
41 47
41 49
41 50
41 54
41 55
41 56
41 57
41 59
41 60
41 65
41 67
41 69
41 71
41 73
41 75
41 78
41 80
41 81
41 84
41 87
41 88
41 89
41 90
41 92
41 94
41 96
41 97
41 99
41 102
41 105
41 106
41 107
41 108
41 110
41 112
41 115
41 116
41 118
41 119
41 120
41 121
41 123
41 125
41 126
41 131
41 132
41 135
41 136
41 137
41 138
41 142
41 143
41 144
41 147
41 149
41 150
41 151
41 152
41 156
41 157
41 158
41 159
41 161
41 162
41 165
41 168
41 172
41 178
41 184
41 186
41 187
41 188
41 189
41 190
41 191
41 192
41 194
41 195
41 196
41 198
41 199
42 43
42 44
42 47
42 48
42 49
42 50
42 53
42 55
42 56
42 57
42 58
42 61
42 63
42 64
42 65
42 68
42 69
42 70
42 74
42 76
42 77
42 78
42 80
42 82
42 83
42 84
42 85
42 86
42 89
42 90
42 91
42 92
42 99
42 101
42 102
42 103
42 104
42 105
42 108
42 109
42 111
42 113
42 114
42 120
42 121
42 122
42 125
42 126
42 128
42 129
42 130
42 133
42 136
42 142
42 145
42 148
42 149
42 152
42 153
42 154
42 156
42 161
42 163
42 167
42 169
42 171
42 173
42 174
42 177
42 178
42 179
42 180
42 184
42 189
42 191
42 192
42 193
42 194
42 195
42 196
42 197
42 199
43 44
43 45
43 46
43 47
43 50
43 51
43 53
43 55
43 56
43 57
43 58
43 59
43 60
43 62
43 63
43 64
43 65
43 66
43 67
43 68
43 69
43 71
43 72
43 76
43 78
43 80
43 83
43 85
43 86
43 89
43 90
43 94
43 97
43 98
43 101
43 103
43 104
43 105
43 107
43 108
43 111
43 115
43 116
43 117
43 118
43 121
43 122
43 123
43 124
43 128
43 131
43 132
43 133
43 135
43 139
43 140
43 145
43 146
43 150
43 153
43 155
43 156
43 158
43 161
43 162
43 164
43 165
43 166
43 167
43 168
43 169
43 170
43 171
43 172
43 173
43 174
43 176
43 179
43 180
43 183
43 184
43 185
43 192
43 195
43 197
44 45
44 46
44 48
44 51
44 54
44 55
44 57
44 60
44 63
44 66
44 67
44 70
44 76
44 80
44 82
44 83
44 84
44 85
44 86
44 87
44 88
44 89
44 92
44 93
44 95
44 96
44 99
44 101
44 102
44 103
44 104
44 105
44 106
44 107
44 112
44 114
44 117
44 118
44 119
44 128
44 130
44 132
44 133
44 141
44 145
44 146
44 147
44 149
44 150
44 154
44 155
44 157
44 158
44 159
44 163
44 164
44 168
44 173
44 174
44 179
44 184
44 185
44 186
44 188
44 192
44 194
44 197
45 51
45 53
45 54
45 56
45 58
45 59
45 61
45 62
45 64
45 66
45 67
45 69
45 71
45 73
45 75
45 76
45 78
45 79
45 81
45 83
45 86
45 87
45 88
45 93
45 94
45 95
45 96
45 98
45 104
45 105
45 108
45 109
45 110
45 112
45 113
45 114
45 116
45 117
45 120
45 122
45 123
45 124
45 125
45 128
45 130
45 132
45 133
45 134
45 138
45 139
45 145
45 146
45 148
45 151
45 152
45 153
45 155
45 156
45 157
45 159
45 166
45 168
45 169
45 170
45 171
45 175
45 176
45 178
45 179
45 180
45 182
45 184
45 185
45 186
45 191
45 193
45 195
45 196
45 197
45 198
45 199
46 47
46 48
46 50
46 51
46 52
46 56
46 59
46 61
46 62
46 63
46 66
46 67
46 69
46 70
46 72
46 73
46 74
46 76
46 77
46 79
46 84
46 86
46 87
46 92
46 94
46 97
46 104
46 105
46 106
46 108
46 110
46 111
46 112
46 113
46 114
46 116
46 121
46 122
46 123
46 124
46 126
46 127
46 130
46 131
46 132
46 134
46 135
46 137
46 138
46 142
46 145
46 149
46 154
46 157
46 158
46 160
46 167
46 169
46 170
46 174
46 179
46 180
46 181
46 182
46 184
46 185
46 186
46 192
46 193
46 194
46 195
46 197
46 199
47 50
47 56
47 60
47 62
47 64
47 65
47 66
47 73
47 77
47 78
47 79
47 80
47 81
47 83
47 84
47 86
47 87
47 89
47 91
47 92
47 94
47 97
47 100
47 101
47 103
47 106
47 108
47 109
47 111
47 112
47 113
47 117
47 119
47 120
47 121
47 122
47 123
47 128
47 129
47 131
47 132
47 133
47 134
47 138
47 140
47 141
47 144
47 145
47 150
47 151
47 152
47 155
47 156
47 159
47 161
47 163
47 168
47 169
47 170
47 173
47 175
47 176
47 177
47 180
47 181
47 183
47 184
47 186
47 188
47 190
47 194
48 50
48 51
48 52
48 53
48 54
48 55
48 56
48 57
48 58
48 61
48 62
48 63
48 65
48 66
48 72
48 75
48 77
48 79
48 80
48 82
48 86
48 87
48 94
48 96
48 97
48 99
48 101
48 103
48 104
48 106
48 107
48 109
48 113
48 114
48 118
48 120
48 121
48 127
48 129
48 130
48 132
48 133
48 134
48 136
48 137
48 139
48 142
48 143
48 146
48 149
48 151
48 153
48 154
48 158
48 160
48 163
48 164
48 165
48 166
48 167
48 168
48 169
48 170
48 172
48 173
48 175
48 176
48 178
48 179
48 180
48 181
48 182
48 185
48 187
48 189
48 190
48 194
48 195
48 198
48 199
49 54
49 55
49 58
49 59
49 61
49 62
49 63
49 64
49 66
49 67
49 75
49 78
49 79
49 81
49 83
49 87
49 92
49 93
49 94
49 95
49 96
49 97
49 99
49 100
49 102
49 105
49 106
49 107
49 108
49 113
49 114
49 118
49 121
49 122
49 123
49 124
49 131
49 132
49 134
49 141
49 142
49 144
49 145
49 150
49 152
49 155
49 157
49 158
49 161
49 162
49 164
49 166
49 170
49 173
49 177
49 179
49 181
49 182
49 184
49 185
49 186
49 191
49 193
49 198
49 199
50 53
50 56
50 57
50 58
50 60
50 62
50 66
50 67
50 68
50 70
50 71
50 72
50 74
50 77
50 78
50 79
50 80
50 90
50 94
50 95
50 97
50 98
50 99
50 100
50 102
50 104
50 108
50 109
50 116
50 117
50 118
50 120
50 121
50 122
50 124
50 125
50 129
50 133
50 135
50 139
50 141
50 142
50 144
50 147
50 149
50 150
50 151
50 153
50 157
50 159
50 161
50 162
50 164
50 165
50 166
50 168
50 169
50 172
50 175
50 176
50 177
50 179
50 181
50 183
50 185
50 187
50 190
50 191
50 194
50 195
50 196
50 198
51 52
51 53
51 54
51 56
51 57
51 58
51 59
51 60
51 61
51 64
51 68
51 69
51 71
51 72
51 76
51 77
51 80
51 81
51 83
51 84
51 86
51 93
51 96
51 97
51 99
51 103
51 105
51 107
51 108
51 113
51 116
51 117
51 118
51 119
51 120
51 121
51 122
51 125
51 130
51 131
51 132
51 136
51 137
51 139
51 141
51 142
51 143
51 144
51 145
51 150
51 151
51 152
51 153
51 157
51 159
51 162
51 163
51 166
51 172
51 173
51 175
51 177
51 180
51 181
51 182
51 185
51 186
51 187
51 188
51 190
51 191
51 194
51 195
51 198
52 53
52 55
52 56
52 58
52 59
52 60
52 61
52 63
52 64
52 67
52 70
52 73
52 80
52 81
52 84
52 85
52 88
52 90
52 91
52 92
52 95
52 96
52 100
52 103
52 104
52 107
52 112
52 115
52 117
52 118
52 119
52 124
52 127
52 128
52 129
52 131
52 134
52 135
52 136
52 137
52 142
52 147
52 148
52 149
52 151
52 152
52 153
52 154
52 156
52 158
52 159
52 161
52 162
52 163
52 164
52 165
52 166
52 168
52 169
52 171
52 172
52 173
52 174
52 175
52 176
52 178
52 179
52 181
52 183
52 187
52 190
52 193
52 194
52 196
52 199
53 55
53 56
53 57
53 58
53 60
53 64
53 66
53 68
53 69
53 72
53 75
53 77
53 79
53 82
53 83
53 85
53 87
53 89
53 90
53 91
53 93
53 98
53 99
53 100
53 102
53 104
53 105
53 108
53 109
53 111
53 112
53 114
53 115
53 119
53 124
53 127
53 128
53 135
53 136
53 138
53 139
53 143
53 148
53 149
53 150
53 151
53 152
53 154
53 155
53 156
53 160
53 163
53 164
53 169
53 170
53 171
53 172
53 173
53 175
53 179
53 181
53 182
53 185
53 190
53 194
54 55
54 57
54 59
54 62
54 63
54 67
54 71
54 73
54 74
54 75
54 76
54 78
54 79
54 80
54 82
54 84
54 86
54 87
54 88
54 90
54 91
54 93
54 100
54 101
54 103
54 106
54 108
54 111
54 114
54 117
54 122
54 123
54 124
54 125
54 126
54 129
54 130
54 133
54 134
54 136
54 139
54 141
54 142
54 143
54 144
54 145
54 146
54 147
54 148
54 149
54 150
54 151
54 155
54 157
54 158
54 160
54 161
54 162
54 165
54 166
54 167
54 170
54 171
54 173
54 176
54 177
54 178
54 179
54 180
54 181
54 183
54 184
54 186
54 187
54 190
54 194
54 195
54 196
54 199
55 56
55 58
55 59
55 60
55 62
55 63
55 66
55 72
55 73
55 75
55 80
55 81
55 82
55 83
55 84
55 85
55 86
55 88
55 89
55 91
55 97
55 102
55 106
55 108
55 112
55 116
55 119
55 120
55 121
55 122
55 123
55 124
55 131
55 132
55 134
55 135
55 137
55 138
55 139
55 142
55 143
55 146
55 147
55 149
55 151
55 153
55 155
55 156
55 157
55 158
55 159
55 160
55 161
55 162
55 165
55 168
55 169
55 172
55 173
55 176
55 177
55 179
55 181
55 183
55 184
55 185
55 188
55 189
55 190
55 191
55 193
55 196
55 199
56 59
56 60
56 66
56 68
56 69
56 70
56 71
56 72
56 73
56 74
56 75
56 76
56 77
56 78
56 80
56 81
56 89
56 90
56 91
56 92
56 93
56 96
56 97
56 98
56 99
56 100
56 101
56 102
56 103
56 106
56 107
56 110
56 112
56 113
56 114
56 118
56 119
56 122
56 123
56 124
56 128
56 129
56 132
56 134
56 135
56 137
56 138
56 141
56 142
56 144
56 147
56 149
56 150
56 151
56 153
56 154
56 155
56 158
56 159
56 162
56 163
56 165
56 166
56 167
56 168
56 169
56 171
56 174
56 175
56 176
56 177
56 178
56 179
56 180
56 181
56 182
56 184
56 186
56 187
56 188
56 191
56 194
56 195
56 196
56 197
57 59
57 60
57 62
57 63
57 65
57 66
57 67
57 68
57 70
57 71
57 73
57 74
57 78
57 84
57 86
57 87
57 90
57 91
57 92
57 93
57 98
57 99
57 101
57 103
57 106
57 107
57 112
57 113
57 114
57 117
57 118
57 120
57 122
57 123
57 125
57 126
57 128
57 129
57 137
57 138
57 140
57 145
57 146
57 148
57 150
57 155
57 156
57 157
57 159
57 161
57 163
57 164
57 165
57 167
57 168
57 169
57 170
57 171
57 172
57 175
57 176
57 178
57 181
57 182
57 183
57 186
57 188
57 194
57 196
57 197
57 198
57 199
58 65
58 72
58 73
58 77
58 80
58 82
58 83
58 85
58 86
58 87
58 88
58 89
58 91
58 92
58 95
58 96
58 98
58 99
58 104
58 108
58 111
58 115
58 116
58 118
58 119
58 122
58 125
58 126
58 128
58 129
58 134
58 135
58 136
58 140
58 142
58 143
58 145
58 146
58 147
58 149
58 150
58 151
58 153
58 155
58 164
58 167
58 168
58 169
58 171
58 173
58 174
58 177
58 183
58 184
58 186
58 187
58 188
58 190
58 191
58 193
58 194
58 195
58 196
58 198
58 199
59 63
59 64
59 66
59 71
59 76
59 78
59 79
59 80
59 81
59 82
59 83
59 85
59 87
59 88
59 89
59 93
59 94
59 96
59 99
59 100
59 103
59 107
59 108
59 110
59 111
59 112
59 119
59 121
59 123
59 124
59 128
59 130
59 131
59 132
59 133
59 135
59 139
59 140
59 141
59 143
59 146
59 147
59 148
59 150
59 153
59 155
59 158
59 159
59 160
59 163
59 164
59 168
59 169
59 170
59 174
59 175
59 178
59 187
59 190
59 193
59 194
59 195
59 196
59 199
60 62
60 63
60 67
60 68
60 70
60 72
60 74
60 76
60 78
60 79
60 80
60 81
60 82
60 83
60 86
60 89
60 93
60 94
60 97
60 99
60 100
60 102
60 105
60 111
60 112
60 114
60 115
60 116
60 118
60 121
60 122
60 123
60 127
60 131
60 135
60 136
60 137
60 139
60 142
60 144
60 147
60 149
60 151
60 152
60 155
60 159
60 161
60 165
60 166
60 172
60 173
60 174
60 175
60 177
60 179
60 182
60 183
60 184
60 188
60 192
60 195
60 196
60 198
60 199
61 66
61 68
61 71
61 72
61 73
61 74
61 75
61 76
61 80
61 82
61 83
61 86
61 92
61 94
61 95
61 97
61 101
61 102
61 106
61 110
61 115
61 117
61 118
61 120
61 122
61 127
61 128
61 129
61 132
61 133
61 135
61 137
61 139
61 140
61 143
61 144
61 146
61 150
61 152
61 154
61 155
61 156
61 158
61 159
61 163
61 164
61 169
61 170
61 173
61 174
61 178
61 180
61 182
61 183
61 184
61 185
61 186
61 187
61 188
61 189
61 190
61 191
61 192
61 194
61 195
61 196
61 197
61 198
61 199
62 66
62 67
62 68
62 72
62 73
62 74
62 76
62 79
62 80
62 81
62 85
62 87
62 88
62 89
62 90
62 91
62 96
62 100
62 101
62 102
62 103
62 105
62 106
62 108
62 109
62 111
62 112
62 113
62 114
62 115
62 120
62 122
62 123
62 125
62 126
62 127
62 128
62 131
62 134
62 136
62 137
62 138
62 139
62 140
62 141
62 146
62 147
62 150
62 152
62 154
62 155
62 156
62 157
62 158
62 160
62 161
62 162
62 164
62 167
62 171
62 173
62 176
62 179
62 180
62 184
62 186
62 191
62 192
62 194
62 196
62 199
63 64
63 65
63 66
63 69
63 72
63 73
63 74
63 76
63 77
63 78
63 79
63 80
63 82
63 85
63 86
63 87
63 89
63 91
63 94
63 95
63 96
63 97
63 99
63 102
63 103
63 104
63 108
63 109
63 110
63 111
63 112
63 113
63 114
63 116
63 119
63 122
63 124
63 125
63 126
63 128
63 129
63 136
63 140
63 142
63 147
63 148
63 150
63 152
63 154
63 157
63 162
63 163
63 164
63 165
63 169
63 170
63 173
63 175
63 176
63 177
63 178
63 180
63 184
63 185
63 191
63 195
63 198
64 68
64 70
64 75
64 77
64 80
64 83
64 85
64 87
64 91
64 94
64 95
64 97
64 98
64 99
64 100
64 103
64 104
64 106
64 111
64 112
64 114
64 116
64 117
64 121
64 124
64 125
64 128
64 130
64 131
64 132
64 134
64 137
64 138
64 139
64 141
64 142
64 144
64 146
64 147
64 149
64 150
64 151
64 152
64 156
64 157
64 159
64 161
64 162
64 164
64 166
64 167
64 168
64 170
64 171
64 172
64 173
64 174
64 175
64 176
64 179
64 180
64 181
64 183
64 185
64 186
64 187
64 190
64 192
64 193
64 194
64 197
64 198
65 66
65 68
65 71
65 73
65 74
65 77
65 79
65 85
65 86
65 88
65 90
65 91
65 94
65 95
65 97
65 99
65 103
65 104
65 107
65 108
65 109
65 110
65 111
65 113
65 116
65 118
65 119
65 120
65 123
65 124
65 125
65 126
65 127
65 128
65 129
65 130
65 132
65 133
65 135
65 138
65 141
65 142
65 144
65 147
65 149
65 154
65 156
65 158
65 161
65 163
65 164
65 166
65 167
65 169
65 170
65 172
65 173
65 175
65 176
65 177
65 182
65 185
65 188
65 190
65 193
65 199
66 67
66 68
66 69
66 70
66 72
66 73
66 74
66 76
66 77
66 78
66 79
66 81
66 82
66 84
66 86
66 89
66 91
66 92
66 94
66 95
66 96
66 97
66 99
66 100
66 101
66 105
66 107
66 108
66 114
66 117
66 118
66 119
66 123
66 125
66 126
66 127
66 128
66 129
66 131
66 133
66 134
66 135
66 136
66 138
66 142
66 145
66 147
66 148
66 150
66 151
66 152
66 153
66 155
66 157
66 159
66 160
66 161
66 166
66 168
66 175
66 177
66 180
66 183
66 185
66 189
66 191
66 192
66 193
66 194
66 196
66 197
66 198
66 199
67 68
67 70
67 75
67 76
67 78
67 80
67 81
67 82
67 84
67 85
67 90
67 91
67 93
67 97
67 98
67 99
67 100
67 102
67 103
67 104
67 108
67 109
67 114
67 115
67 117
67 118
67 119
67 120
67 122
67 124
67 125
67 126
67 129
67 131
67 134
67 136
67 138
67 141
67 142
67 144
67 147
67 151
67 154
67 155
67 157
67 158
67 165
67 166
67 169
67 170
67 174
67 176
67 178
67 179
67 182
67 183
67 184
67 185
67 189
67 190
67 191
67 193
67 194
67 197
67 199
68 69
68 70
68 71
68 73
68 76
68 77
68 78
68 79
68 80
68 81
68 82
68 87
68 88
68 93
68 94
68 95
68 97
68 99
68 100
68 102
68 106
68 109
68 110
68 116
68 117
68 120
68 121
68 125
68 127
68 128
68 129
68 131
68 134
68 140
68 144
68 147
68 148
68 152
68 157
68 159
68 160
68 162
68 165
68 169
68 170
68 171
68 173
68 174
68 176
68 178
68 179
68 182
68 183
68 184
68 186
68 192
68 193
68 195
68 198
69 70
69 72
69 74
69 76
69 77
69 78
69 79
69 80
69 82
69 83
69 87
69 95
69 97
69 99
69 101
69 102
69 106
69 107
69 109
69 110
69 111
69 112
69 114
69 118
69 121
69 123
69 124
69 126
69 128
69 130
69 131
69 133
69 135
69 138
69 140
69 141
69 142
69 144
69 147
69 148
69 150
69 151
69 152
69 157
69 159
69 160
69 161
69 163
69 164
69 166
69 167
69 168
69 169
69 170
69 173
69 174
69 175
69 176
69 177
69 179
69 182
69 183
69 184
69 188
69 190
69 191
69 192
69 193
69 194
69 196
69 197
69 199
70 73
70 76
70 77
70 80
70 81
70 83
70 85
70 86
70 87
70 91
70 93
70 94
70 95
70 97
70 98
70 99
70 102
70 103
70 104
70 105
70 107
70 108
70 109
70 112
70 113
70 116
70 117
70 119
70 124
70 127
70 129
70 130
70 132
70 136
70 138
70 140
70 141
70 143
70 144
70 146
70 147
70 149
70 150
70 151
70 153
70 154
70 156
70 160
70 162
70 164
70 166
70 167
70 174
70 176
70 179
70 180
70 181
70 182
70 186
70 187
70 189
70 191
70 192
70 193
70 197
70 199
71 73
71 74
71 75
71 76
71 81
71 85
71 88
71 89
71 90
71 91
71 92
71 94
71 95
71 98
71 104
71 106
71 110
71 111
71 113
71 115
71 116
71 117
71 122
71 124
71 125
71 131
71 132
71 133
71 135
71 136
71 139
71 140
71 142
71 143
71 145
71 146
71 150
71 151
71 155
71 164
71 166
71 167
71 168
71 169
71 171
71 176
71 177
71 181
71 185
71 186
71 187
71 189
71 190
71 191
71 193
71 194
71 196
71 198
71 199
72 73
72 78
72 80
72 81
72 85
72 88
72 89
72 92
72 94
72 97
72 101
72 102
72 103
72 104
72 107
72 108
72 111
72 113
72 114
72 117
72 119
72 120
72 124
72 126
72 127
72 129
72 130
72 132
72 133
72 134
72 135
72 136
72 140
72 142
72 143
72 147
72 148
72 149
72 151
72 156
72 157
72 158
72 160
72 162
72 164
72 165
72 167
72 171
72 174
72 176
72 177
72 178
72 179
72 180
72 185
72 186
72 189
72 190
72 191
72 192
72 197
73 74
73 75
73 77
73 78
73 80
73 81
73 83
73 84
73 85
73 90
73 93
73 94
73 97
73 98
73 100
73 101
73 102
73 103
73 105
73 107
73 108
73 110
73 111
73 112
73 113
73 114
73 116
73 117
73 119
73 120
73 122
73 125
73 126
73 128
73 129
73 131
73 133
73 135
73 139
73 143
73 144
73 146
73 147
73 148
73 149
73 150
73 153
73 154
73 157
73 158
73 159
73 160
73 161
73 162
73 163
73 164
73 166
73 167
73 169
73 171
73 174
73 179
73 180
73 182
73 184
73 186
73 189
73 190
73 192
73 198
74 75
74 78
74 79
74 80
74 83
74 84
74 85
74 87
74 88
74 89
74 92
74 93
74 95
74 96
74 97
74 98
74 99
74 100
74 104
74 105
74 110
74 114
74 117
74 119
74 121
74 122
74 123
74 126
74 127
74 129
74 131
74 133
74 134
74 137
74 139
74 141
74 146
74 148
74 149
74 150
74 151
74 153
74 154
74 155
74 156
74 157
74 158
74 159
74 161
74 164
74 165
74 168
74 169
74 173
74 177
74 179
74 181
74 186
74 189
74 190
74 191
74 196
74 197
75 78
75 79
75 80
75 82
75 85
75 87
75 90
75 92
75 95
75 96
75 97
75 98
75 101
75 102
75 103
75 104
75 105
75 106
75 109
75 110
75 112
75 115
75 117
75 119
75 120
75 121
75 129
75 130
75 131
75 134
75 139
75 141
75 142
75 145
75 148
75 149
75 150
75 151
75 153
75 154
75 156
75 158
75 159
75 160
75 162
75 165
75 167
75 170
75 172
75 176
75 177
75 178
75 181
75 184
75 185
75 186
75 190
75 193
75 194
75 195
75 196
75 198
76 77
76 78
76 79
76 80
76 81
76 83
76 84
76 86
76 87
76 98
76 99
76 100
76 101
76 102
76 103
76 104
76 107
76 110
76 112
76 113
76 116
76 118
76 119
76 120
76 121
76 122
76 123
76 124
76 126
76 127
76 128
76 129
76 130
76 131
76 132
76 133
76 134
76 137
76 139
76 142
76 143
76 144
76 146
76 149
76 151
76 152
76 154
76 155
76 158
76 159
76 161
76 166
76 167
76 169
76 171
76 172
76 174
76 176
76 178
76 180
76 181
76 184
76 185
76 186
76 188
76 189
76 191
76 192
76 193
76 195
77 78
77 79
77 82
77 84
77 85
77 88
77 91
77 94
77 97
77 99
77 101
77 102
77 104
77 107
77 112
77 114
77 116
77 117
77 118
77 119
77 121
77 122
77 127
77 128
77 129
77 131
77 132
77 134
77 138
77 139
77 142
77 144
77 146
77 147
77 148
77 149
77 150
77 151
77 152
77 153
77 154
77 155
77 159
77 160
77 164
77 165
77 168
77 169
77 170
77 171
77 172
77 173
77 174
77 176
77 177
77 180
77 183
77 187
77 189
77 190
77 191
77 195
77 197
78 80
78 82
78 85
78 87
78 88
78 90
78 91
78 92
78 93
78 95
78 96
78 100
78 102
78 104
78 107
78 108
78 110
78 111
78 112
78 113
78 114
78 116
78 117
78 120
78 124
78 126
78 128
78 132
78 133
78 137
78 138
78 140
78 141
78 142
78 144
78 147
78 149
78 150
78 152
78 154
78 158
78 163
78 165
78 166
78 171
78 173
78 174
78 179
78 182
78 183
78 184
78 188
78 190
78 195
78 198
79 82
79 84
79 86
79 89
79 92
79 93
79 95
79 96
79 101
79 103
79 106
79 107
79 108
79 109
79 117
79 121
79 122
79 123
79 126
79 127
79 128
79 131
79 133
79 135
79 136
79 138
79 139
79 140
79 142
79 143
79 144
79 145
79 146
79 147
79 148
79 150
79 152
79 154
79 155
79 158
79 159
79 161
79 162
79 163
79 164
79 165
79 167
79 172
79 173
79 174
79 175
79 176
79 177
79 181
79 184
79 191
79 197
79 199
80 81
80 83
80 84
80 85
80 87
80 89
80 90
80 94
80 95
80 98
80 99
80 101
80 103
80 104
80 105
80 110
80 111
80 115
80 116
80 117
80 120
80 122
80 124
80 125
80 126
80 127
80 128
80 129
80 130
80 132
80 133
80 134
80 135
80 136
80 137
80 141
80 142
80 143
80 146
80 150
80 155
80 157
80 160
80 163
80 165
80 167
80 168
80 169
80 170
80 173
80 175
80 177
80 182
80 183
80 189
80 190
80 192
80 193
80 194
80 195
80 197
80 198
80 199
81 83
81 89
81 90
81 97
81 99
81 100
81 101
81 103
81 104
81 106
81 108
81 113
81 115
81 117
81 120
81 122
81 124
81 126
81 128
81 130
81 131
81 133
81 134
81 135
81 139
81 140
81 144
81 147
81 149
81 150
81 151
81 153
81 161
81 163
81 164
81 165
81 171
81 172
81 173
81 175
81 176
81 177
81 178
81 179
81 180
81 181
81 183
81 187
81 189
81 191
81 194
81 196
81 197
81 199
82 84
82 88
82 89
82 90
82 91
82 92
82 93
82 94
82 95
82 97
82 98
82 99
82 103
82 106
82 108
82 111
82 113
82 114
82 116
82 117
82 121
82 123
82 126
82 127
82 128
82 129
82 137
82 139
82 141
82 148
82 150
82 152
82 156
82 157
82 158
82 159
82 160
82 162
82 163
82 165
82 166
82 168
82 169
82 175
82 179
82 182
82 183
82 184
82 185
82 186
82 187
82 188
82 190
82 193
82 197
82 198
82 199
83 84
83 85
83 86
83 89
83 91
83 92
83 93
83 95
83 97
83 101
83 102
83 104
83 107
83 108
83 113
83 114
83 115
83 117
83 118
83 119
83 121
83 123
83 125
83 126
83 128
83 130
83 131
83 132
83 133
83 136
83 137
83 139
83 142
83 144
83 145
83 148
83 150
83 151
83 155
83 156
83 158
83 160
83 165
83 167
83 168
83 169
83 171
83 172
83 173
83 176
83 178
83 179
83 185
83 187
83 188
83 189
83 192
83 193
83 195
83 196
84 85
84 86
84 87
84 89
84 91
84 92
84 100
84 101
84 105
84 106
84 107
84 108
84 112
84 114
84 115
84 119
84 124
84 127
84 130
84 131
84 134
84 135
84 136
84 138
84 139
84 140
84 141
84 142
84 144
84 145
84 146
84 148
84 149
84 150
84 151
84 152
84 155
84 156
84 157
84 159
84 160
84 161
84 163
84 168
84 170
84 171
84 175
84 176
84 181
84 182
84 189
84 191
84 192
84 194
84 196
84 197
84 199
85 87
85 88
85 90
85 91
85 95
85 96
85 100
85 101
85 102
85 104
85 106
85 108
85 110
85 111
85 112
85 115
85 116
85 119
85 122
85 125
85 126
85 128
85 129
85 131
85 132
85 134
85 136
85 137
85 139
85 140
85 142
85 144
85 145
85 147
85 149
85 150
85 152
85 155
85 156
85 159
85 162
85 166
85 167
85 168
85 169
85 173
85 175
85 179
85 181
85 184
85 186
85 187
85 189
85 191
85 193
85 195
85 196
85 197
85 199
86 87
86 90
86 91
86 93
86 94
86 96
86 97
86 100
86 101
86 104
86 109
86 111
86 119
86 125
86 126
86 128
86 130
86 132
86 134
86 135
86 139
86 140
86 143
86 144
86 145
86 146
86 147
86 148
86 150
86 153
86 158
86 159
86 161
86 165
86 166
86 167
86 170
86 172
86 173
86 174
86 175
86 176
86 177
86 179
86 182
86 184
86 187
86 188
86 189
86 190
86 191
86 193
86 194
86 198
87 89
87 90
87 91
87 92
87 94
87 95
87 96
87 97
87 98
87 99
87 102
87 105
87 108
87 109
87 112
87 114
87 116
87 117
87 122
87 126
87 127
87 128
87 132
87 133
87 134
87 136
87 137
87 139
87 142
87 144
87 148
87 150
87 152
87 154
87 156
87 157
87 159
87 160
87 161
87 162
87 164
87 165
87 166
87 167
87 171
87 172
87 175
87 176
87 177
87 179
87 181
87 182
87 191
87 192
87 193
87 194
87 195
87 196
87 197
88 95
88 98
88 99
88 100
88 101
88 104
88 107
88 108
88 110
88 111
88 115
88 116
88 119
88 120
88 123
88 127
88 131
88 134
88 135
88 139
88 141
88 142
88 143
88 144
88 145
88 146
88 149
88 151
88 153
88 154
88 156
88 157
88 160
88 161
88 164
88 165
88 166
88 168
88 169
88 174
88 177
88 178
88 180
88 181
88 186
88 187
88 188
88 189
88 191
88 192
88 193
88 194
88 195
88 197
88 198
89 91
89 93
89 94
89 102
89 103
89 105
89 107
89 112
89 113
89 114
89 115
89 117
89 118
89 119
89 120
89 121
89 124
89 126
89 127
89 129
89 130
89 131
89 132
89 133
89 134
89 135
89 136
89 140
89 141
89 144
89 146
89 148
89 149
89 150
89 154
89 155
89 156
89 158
89 159
89 160
89 164
89 165
89 167
89 168
89 169
89 172
89 173
89 174
89 175
89 176
89 177
89 179
89 182
89 183
89 184
89 185
89 188
89 191
89 192
89 195
89 197
89 198
89 199
90 94
90 95
90 98
90 100
90 101
90 104
90 105
90 108
90 109
90 110
90 111
90 112
90 113
90 115
90 116
90 118
90 120
90 122
90 123
90 124
90 128
90 134
90 137
90 138
90 144
90 146
90 147
90 148
90 149
90 152
90 153
90 154
90 163
90 164
90 165
90 166
90 167
90 173
90 174
90 176
90 179
90 181
90 184
90 185
90 186
90 187
90 189
90 191
90 196
90 197
90 198
91 92
91 97
91 98
91 100
91 101
91 103
91 104
91 106
91 108
91 110
91 112
91 115
91 116
91 117
91 118
91 119
91 123
91 124
91 132
91 133
91 134
91 135
91 136
91 139
91 140
91 141
91 142
91 144
91 147
91 148
91 150
91 155
91 159
91 161
91 162
91 163
91 164
91 165
91 167
91 169
91 170
91 176
91 177
91 178
91 181
91 182
91 186
91 195
91 196
91 199
92 93
92 94
92 97
92 99
92 100
92 105
92 108
92 111
92 113
92 115
92 117
92 119
92 120
92 122
92 124
92 128
92 129
92 135
92 137
92 143
92 145
92 149
92 150
92 152
92 157
92 158
92 159
92 160
92 162
92 163
92 164
92 166
92 168
92 170
92 171
92 172
92 173
92 176
92 177
92 178
92 179
92 180
92 182
92 183
92 184
92 185
92 187
92 188
92 189
92 192
92 194
92 197
93 94
93 95
93 96
93 97
93 102
93 104
93 109
93 111
93 114
93 115
93 120
93 121
93 130
93 133
93 135
93 137
93 138
93 142
93 143
93 144
93 145
93 146
93 147
93 149
93 150
93 160
93 161
93 162
93 163
93 165
93 166
93 167
93 170
93 173
93 174
93 176
93 179
93 180
93 181
93 182
93 183
93 184
93 185
93 186
93 188
93 196
94 96
94 97
94 100
94 101
94 103
94 104
94 109
94 113
94 115
94 116
94 117
94 118
94 121
94 123
94 126
94 127
94 128
94 129
94 130
94 132
94 135
94 136
94 137
94 139
94 140
94 141
94 142
94 143
94 144
94 145
94 146
94 147
94 149
94 153
94 155
94 158
94 159
94 160
94 162
94 163
94 165
94 167
94 168
94 169
94 173
94 174
94 179
94 181
94 182
94 183
94 185
94 187
94 188
94 190
94 192
94 193
94 194
94 195
94 196
94 197
95 99
95 100
95 103
95 108
95 110
95 114
95 115
95 117
95 124
95 126
95 128
95 129
95 130
95 131
95 132
95 134
95 136
95 138
95 149
95 151
95 152
95 153
95 154
95 156
95 157
95 158
95 159
95 160
95 162
95 164
95 165
95 167
95 171
95 173
95 174
95 175
95 179
95 180
95 181
95 186
95 188
95 189
95 191
95 192
95 195
95 197
95 198
95 199
96 97
96 100
96 111
96 112
96 114
96 116
96 117
96 118
96 120
96 121
96 127
96 128
96 130
96 131
96 132
96 133
96 135
96 136
96 140
96 142
96 143
96 144
96 145
96 146
96 147
96 148
96 149
96 150
96 151
96 153
96 157
96 159
96 162
96 164
96 165
96 167
96 170
96 172
96 173
96 177
96 179
96 180
96 181
96 182
96 186
96 187
96 188
96 192
96 195
96 196
96 197
97 99
97 101
97 102
97 104
97 105
97 107
97 108
97 113
97 114
97 116
97 119
97 121
97 122
97 123
97 125
97 127
97 129
97 132
97 139
97 141
97 142
97 143
97 144
97 145
97 146
97 149
97 150
97 151
97 153
97 155
97 156
97 159
97 163
97 165
97 166
97 167
97 168
97 169
97 175
97 176
97 179
97 180
97 183
97 184
97 188
97 189
97 190
97 192
97 194
97 197
97 198
98 101
98 102
98 104
98 107
98 108
98 109
98 110
98 112
98 113
98 114
98 115
98 116
98 117
98 119
98 120
98 121
98 127
98 129
98 130
98 131
98 133
98 134
98 135
98 137
98 138
98 139
98 141
98 144
98 145
98 149
98 155
98 156
98 158
98 159
98 160
98 163
98 166
98 167
98 168
98 171
98 172
98 173
98 176
98 177
98 180
98 182
98 183
98 184
98 186
98 188
98 192
98 193
98 194
98 195
98 197
98 198
98 199
99 101
99 102
99 103
99 104
99 105
99 111
99 114
99 118
99 119
99 120
99 122
99 124
99 126
99 129
99 131
99 134
99 135
99 136
99 137
99 138
99 139
99 142
99 144
99 145
99 148
99 150
99 152
99 158
99 159
99 160
99 161
99 162
99 166
99 167
99 168
99 171
99 173
99 175
99 176
99 177
99 178
99 179
99 180
99 182
99 186
99 188
99 190
99 194
99 195
99 198
100 102
100 103
100 107
100 109
100 113
100 116
100 117
100 118
100 119
100 120
100 123
100 124
100 126
100 128
100 131
100 133
100 134
100 135
100 136
100 139
100 140
100 142
100 143
100 149
100 150
100 151
100 154
100 156
100 162
100 164
100 168
100 169
100 171
100 172
100 173
100 174
100 175
100 177
100 180
100 183
100 185
100 191
100 192
100 193
100 198
100 199
101 105
101 106
101 109
101 110
101 111
101 112
101 114
101 116
101 118
101 119
101 120
101 121
101 122
101 125
101 129
101 130
101 132
101 133
101 137
101 138
101 139
101 140
101 142
101 143
101 148
101 150
101 151
101 152
101 153
101 156
101 157
101 158
101 161
101 162
101 170
101 171
101 172
101 173
101 175
101 176
101 178
101 180
101 183
101 184
101 185
101 186
101 188
101 189
101 194
101 195
102 103
102 104
102 105
102 106
102 108
102 109
102 110
102 113
102 115
102 117
102 118
102 120
102 122
102 123
102 126
102 128
102 129
102 132
102 133
102 134
102 135
102 136
102 137
102 138
102 139
102 140
102 144
102 147
102 152
102 153
102 154
102 159
102 160
102 162
102 164
102 165
102 167
102 168
102 169
102 170
102 172
102 175
102 176
102 180
102 181
102 182
102 183
102 184
102 185
102 186
102 187
102 188
102 190
102 191
102 192
102 193
102 194
102 195
102 198
103 105
103 106
103 110
103 112
103 113
103 114
103 118
103 119
103 120
103 122
103 123
103 124
103 126
103 127
103 129
103 130
103 131
103 136
103 137
103 139
103 141
103 143
103 148
103 149
103 150
103 151
103 154
103 157
103 159
103 160
103 162
103 163
103 164
103 167
103 171
103 173
103 174
103 175
103 176
103 177
103 179
103 181
103 183
103 184
103 190
103 194
103 197
104 106
104 109
104 110
104 111
104 112
104 114
104 115
104 119
104 125
104 129
104 130
104 131
104 134
104 135
104 139
104 140
104 141
104 142
104 143
104 144
104 147
104 149
104 150
104 152
104 153
104 154
104 155
104 156
104 159
104 161
104 165
104 167
104 168
104 170
104 176
104 177
104 181
104 187
104 188
104 189
104 192
104 193
104 194
104 196
104 199
105 111
105 115
105 119
105 126
105 129
105 131
105 133
105 134
105 136
105 140
105 142
105 144
105 145
105 146
105 147
105 148
105 149
105 150
105 151
105 152
105 160
105 163
105 165
105 166
105 171
105 172
105 176
105 179
105 180
105 182
105 183
105 185
105 186
105 187
105 188
105 189
105 190
105 191
105 193
105 198
106 107
106 109
106 110
106 111
106 114
106 115
106 116
106 117
106 119
106 120
106 121
106 124
106 127
106 131
106 133
106 134
106 135
106 136
106 137
106 138
106 140
106 142
106 143
106 144
106 146
106 147
106 148
106 151
106 153
106 154
106 155
106 156
106 157
106 158
106 159
106 160
106 161
106 162
106 164
106 168
106 170
106 171
106 173
106 174
106 175
106 176
106 177
106 181
106 182
106 183
106 184
106 187
106 188
106 190
106 191
106 194
106 195
106 196
106 197
106 199
107 108
107 109
107 110
107 114
107 115
107 116
107 120
107 123
107 124
107 125
107 129
107 132
107 133
107 134
107 136
107 137
107 140
107 141
107 142
107 143
107 148
107 149
107 150
107 151
107 154
107 155
107 156
107 157
107 164
107 167
107 169
107 171
107 172
107 174
107 175
107 178
107 179
107 180
107 183
107 184
107 186
107 187
107 190
107 191
107 192
107 194
107 197
107 199
108 111
108 112
108 113
108 114
108 115
108 116
108 117
108 122
108 123
108 124
108 128
108 129
108 131
108 133
108 140
108 142
108 143
108 146
108 152
108 157
108 158
108 160
108 161
108 167
108 168
108 169
108 170
108 171
108 172
108 175
108 176
108 178
108 179
108 180
108 181
108 183
108 186
108 187
108 189
108 191
108 192
108 197
109 111
109 112
109 114
109 118
109 119
109 122
109 123
109 127
109 129
109 130
109 132
109 138
109 140
109 141
109 143
109 144
109 147
109 150
109 151
109 155
109 156
109 157
109 158
109 159
109 161
109 162
109 164
109 167
109 171
109 173
109 174
109 176
109 179
109 180
109 183
109 184
109 185
109 186
109 187
109 188
109 189
109 192
109 193
109 194
109 195
109 196
109 198
110 111
110 114
110 115
110 116
110 118
110 119
110 120
110 122
110 124
110 125
110 128
110 134
110 135
110 140
110 143
110 144
110 145
110 146
110 151
110 152
110 155
110 157
110 162
110 164
110 165
110 166
110 167
110 170
110 171
110 172
110 173
110 175
110 176
110 178
110 179
110 181
110 185
110 187
110 190
110 191
110 192
110 194
110 195
110 197
110 198
111 113
111 114
111 115
111 116
111 119
111 124
111 129
111 137
111 139
111 140
111 141
111 147
111 149
111 151
111 152
111 155
111 157
111 160
111 161
111 166
111 168
111 169
111 172
111 175
111 176
111 178
111 181
111 182
111 183
111 185
111 187
111 190
111 191
111 193
111 194
111 199
112 113
112 116
112 117
112 118
112 119
112 120
112 122
112 125
112 126
112 130
112 132
112 133
112 134
112 137
112 138
112 141
112 144
112 145
112 146
112 147
112 149
112 151
112 152
112 154
112 156
112 158
112 159
112 161
112 163
112 164
112 166
112 167
112 172
112 175
112 179
112 180
112 182
112 186
112 188
112 189
112 192
112 193
112 194
112 195
112 199
113 114
113 115
113 116
113 118
113 120
113 122
113 125
113 127
113 128
113 129
113 130
113 132
113 134
113 137
113 138
113 140
113 141
113 142
113 144
113 146
113 148
113 149
113 150
113 152
113 153
113 154
113 155
113 160
113 161
113 165
113 166
113 170
113 173
113 174
113 175
113 177
113 179
113 180
113 181
113 183
113 185
113 187
113 188
113 190
113 191
113 194
113 195
113 196
113 197
113 198
113 199
114 115
114 117
114 119
114 121
114 122
114 123
114 124
114 125
114 126
114 127
114 129
114 131
114 133
114 134
114 136
114 137
114 138
114 139
114 141
114 143
114 144
114 145
114 146
114 149
114 151
114 155
114 156
114 158
114 160
114 161
114 162
114 163
114 165
114 173
114 174
114 175
114 176
114 178
114 179
114 183
114 185
114 186
114 190
114 191
114 195
114 196
114 197
115 117
115 119
115 120
115 122
115 124
115 125
115 127
115 131
115 133
115 136
115 137
115 138
115 143
115 144
115 145
115 146
115 147
115 148
115 149
115 150
115 151
115 152
115 153
115 155
115 157
115 160
115 161
115 162
115 163
115 164
115 167
115 170
115 171
115 172
115 175
115 176
115 180
115 181
115 182
115 183
115 184
115 186
115 187
115 188
115 190
115 191
115 193
115 194
115 197
116 117
116 118
116 119
116 121
116 122
116 126
116 128
116 129
116 130
116 131
116 133
116 135
116 138
116 140
116 144
116 146
116 147
116 148
116 149
116 150
116 151
116 152
116 154
116 155
116 157
116 158
116 159
116 160
116 161
116 163
116 166
116 169
116 170
116 176
116 182
116 183
116 190
116 191
116 193
116 194
116 198
117 119
117 120
117 121
117 123
117 124
117 127
117 130
117 131
117 146
117 149
117 151
117 155
117 156
117 158
117 159
117 162
117 166
117 169
117 171
117 172
117 173
117 177
117 182
117 183
117 184
117 187
117 190
117 192
117 193
117 195
117 198
118 120
118 124
118 127
118 135
118 137
118 139
118 141
118 145
118 148
118 152
118 153
118 155
118 157
118 160
118 162
118 164
118 168
118 170
118 171
118 176
118 181
118 182
118 183
118 187
118 188
118 189
118 191
118 194
118 196
118 198
118 199
119 120
119 122
119 123
119 124
119 125
119 126
119 131
119 134
119 135
119 136
119 137
119 139
119 142
119 144
119 146
119 150
119 151
119 153
119 154
119 155
119 157
119 158
119 160
119 165
119 168
119 170
119 171
119 172
119 173
119 175
119 178
119 180
119 181
119 188
119 189
119 190
119 193
119 199
120 123
120 126
120 130
120 133
120 134
120 135
120 138
120 139
120 140
120 141
120 142
120 150
120 151
120 153
120 157
120 160
120 161
120 162
120 163
120 164
120 167
120 174
120 176
120 178
120 179
120 180
120 185
120 186
120 188
120 189
120 191
120 192
120 193
120 196
120 197
120 198
120 199
121 122
121 124
121 125
121 128
121 129
121 131
121 132
121 133
121 135
121 139
121 140
121 141
121 144
121 150
121 153
121 154
121 155
121 156
121 159
121 160
121 161
121 162
121 163
121 164
121 165
121 170
121 171
121 173
121 178
121 179
121 182
121 185
121 187
121 188
121 189
121 190
121 191
121 196
121 198
121 199
122 123
122 124
122 125
122 129
122 132
122 138
122 139
122 141
122 143
122 144
122 145
122 146
122 149
122 150
122 151
122 152
122 153
122 156
122 161
122 162
122 164
122 165
122 166
122 168
122 170
122 173
122 174
122 175
122 177
122 178
122 180
122 181
122 182
122 183
122 189
122 192
122 193
122 194
122 195
123 126
123 127
123 128
123 131
123 132
123 133
123 138
123 140
123 141
123 142
123 143
123 144
123 145
123 146
123 147
123 148
123 150
123 153
123 154
123 155
123 156
123 157
123 159
123 160
123 161
123 163
123 164
123 165
123 167
123 168
123 169
123 171
123 172
123 173
123 174
123 176
123 177
123 178
123 179
123 182
123 183
123 185
123 189
123 197
123 199
124 128
124 130
124 131
124 135
124 136
124 140
124 141
124 143
124 152
124 153
124 154
124 155
124 159
124 160
124 162
124 168
124 170
124 171
124 172
124 173
124 178
124 180
124 182
124 185
124 187
124 188
124 189
124 190
124 196
124 198
124 199
125 128
125 130
125 133
125 134
125 135
125 137
125 140
125 141
125 144
125 145
125 146
125 147
125 148
125 149
125 152
125 153
125 157
125 160
125 162
125 163
125 164
125 167
125 169
125 170
125 173
125 174
125 179
125 181
125 182
125 183
125 185
125 187
125 189
125 190
125 193
125 194
125 199
126 128
126 130
126 132
126 134
126 136
126 139
126 147
126 148
126 149
126 151
126 152
126 153
126 154
126 155
126 156
126 157
126 159
126 161
126 162
126 165
126 170
126 175
126 178
126 179
126 182
126 184
126 185
126 186
126 187
126 188
126 191
126 194
126 195
126 198
126 199
127 128
127 132
127 133
127 137
127 138
127 140
127 141
127 142
127 145
127 146
127 147
127 155
127 157
127 161
127 162
127 163
127 165
127 166
127 167
127 168
127 169
127 171
127 174
127 175
127 176
127 177
127 178
127 182
127 184
127 186
127 188
127 189
127 190
127 191
127 194
127 195
127 196
127 198
127 199
128 130
128 131
128 136
128 137
128 141
128 142
128 143
128 144
128 145
128 146
128 150
128 151
128 153
128 155
128 157
128 158
128 159
128 161
128 162
128 165
128 168
128 169
128 171
128 172
128 175
128 176
128 177
128 178
128 179
128 180
128 181
128 182
128 183
128 189
128 190
128 194
128 196
128 199
129 132
129 134
129 141
129 144
129 145
129 146
129 147
129 149
129 150
129 151
129 152
129 154
129 156
129 158
129 160
129 162
129 163
129 167
129 172
129 173
129 174
129 175
129 176
129 180
129 182
129 184
129 186
129 187
129 191
129 196
129 198
129 199
130 134
130 137
130 141
130 143
130 144
130 146
130 151
130 153
130 154
130 155
130 161
130 165
130 168
130 169
130 170
130 171
130 172
130 173
130 174
130 175
130 176
130 177
130 178
130 179
130 180
130 184
130 188
130 190
130 191
130 197
130 198
131 132
131 135
131 136
131 137
131 138
131 139
131 140
131 141
131 143
131 144
131 145
131 148
131 151
131 152
131 154
131 155
131 156
131 157
131 160
131 162
131 170
131 172
131 173
131 174
131 176
131 179
131 180
131 181
131 183
131 185
131 186
131 187
131 188
131 191
131 192
131 193
131 196
131 197
131 198
132 134
132 138
132 139
132 140
132 141
132 142
132 143
132 146
132 147
132 148
132 152
132 154
132 155
132 156
132 159
132 160
132 161
132 162
132 164
132 166
132 168
132 171
132 172
132 174
132 175
132 179
132 180
132 182
132 183
132 187
132 188
132 190
132 193
133 134
133 135
133 136
133 137
133 138
133 140
133 144
133 145
133 146
133 147
133 150
133 151
133 153
133 154
133 155
133 157
133 159
133 160
133 161
133 162
133 164
133 166
133 169
133 170
133 171
133 172
133 173
133 174
133 175
133 177
133 179
133 180
133 182
133 183
133 185
133 186
133 187
133 190
133 192
133 193
133 195
134 135
134 136
134 138
134 139
134 141
134 142
134 143
134 147
134 150
134 151
134 157
134 158
134 161
134 163
134 166
134 167
134 175
134 176
134 177
134 178
134 180
134 184
134 187
134 188
134 193
134 194
134 196
134 198
134 199
135 136
135 139
135 140
135 144
135 147
135 151
135 153
135 154
135 155
135 157
135 158
135 159
135 161
135 165
135 167
135 170
135 172
135 175
135 177
135 178
135 180
135 183
135 184
135 187
135 188
135 189
135 191
135 192
135 193
135 198
135 199
136 138
136 139
136 140
136 142
136 145
136 149
136 152
136 153
136 154
136 155
136 157
136 158
136 159
136 160
136 162
136 163
136 164
136 167
136 168
136 170
136 171
136 173
136 175
136 179
136 182
136 183
136 184
136 186
136 192
136 193
136 194
136 195
136 196
136 197
136 199
137 141
137 143
137 144
137 145
137 146
137 149
137 150
137 151
137 152
137 155
137 159
137 160
137 161
137 164
137 166
137 168
137 170
137 171
137 172
137 174
137 175
137 178
137 181
137 183
137 185
137 192
137 193
137 194
138 142
138 145
138 146
138 147
138 148
138 153
138 157
138 158
138 159
138 160
138 161
138 162
138 168
138 169
138 170
138 172
138 175
138 180
138 182
138 183
138 184
138 185
138 186
138 189
138 191
138 192
138 194
138 195
138 196
138 197
139 140
139 142
139 145
139 146
139 147
139 150
139 154
139 158
139 159
139 160
139 161
139 162
139 165
139 166
139 167
139 168
139 170
139 172
139 174
139 178
139 179
139 180
139 184
139 185
139 187
139 189
139 191
139 194
139 195
140 145
140 148
140 150
140 152
140 153
140 154
140 155
140 156
140 157
140 161
140 162
140 164
140 166
140 168
140 169
140 171
140 174
140 175
140 176
140 181
140 185
140 186
140 187
140 189
140 190
140 192
140 193
140 194
140 195
140 197
140 198
141 144
141 146
141 147
141 149
141 152
141 157
141 158
141 159
141 163
141 164
141 168
141 169
141 171
141 172
141 173
141 174
141 175
141 176
141 181
141 183
141 185
141 189
141 193
141 194
141 195
142 143
142 145
142 146
142 148
142 149
142 151
142 153
142 154
142 155
142 156
142 157
142 160
142 162
142 163
142 167
142 169
142 171
142 172
142 175
142 176
142 177
142 178
142 179
142 180
142 182
142 183
142 184
142 186
142 188
142 189
142 192
142 194
142 197
142 198
142 199
143 145
143 146
143 148
143 149
143 150
143 151
143 154
143 155
143 158
143 164
143 165
143 166
143 167
143 168
143 169
143 170
143 173
143 182
143 184
143 187
143 189
143 193
143 195
143 196
144 147
144 148
144 149
144 150
144 152
144 154
144 158
144 160
144 161
144 164
144 166
144 167
144 168
144 169
144 172
144 173
144 176
144 177
144 180
144 181
144 188
144 189
144 193
144 194
144 196
144 197
144 198
145 146
145 152
145 153
145 155
145 157
145 158
145 160
145 161
145 163
145 164
145 166
145 170
145 179
145 181
145 182
145 185
145 187
145 188
145 189
145 190
145 191
145 192
145 193
145 194
145 198
146 147
146 148
146 149
146 150
146 155
146 156
146 157
146 159
146 163
146 166
146 167
146 168
146 171
146 172
146 173
146 176
146 177
146 179
146 181
146 184
146 186
146 187
146 189
146 190
146 194
146 196
146 198
146 199
147 149
147 150
147 152
147 154
147 156
147 159
147 160
147 162
147 166
147 168
147 172
147 176
147 178
147 179
147 181
147 182
147 183
147 184
147 185
147 190
147 191
147 196
148 150
148 154
148 156
148 158
148 159
148 160
148 161
148 162
148 166
148 167
148 168
148 169
148 171
148 172
148 173
148 175
148 176
148 180
148 185
148 188
148 191
148 192
148 194
148 197
148 199
149 150
149 151
149 154
149 156
149 159
149 162
149 163
149 164
149 165
149 170
149 171
149 176
149 180
149 181
149 185
149 186
149 189
149 190
149 191
149 192
149 193
149 194
149 195
149 196
149 197
150 151
150 152
150 153
150 154
150 155
150 159
150 162
150 163
150 164
150 165
150 174
150 175
150 177
150 178
150 179
150 180
150 182
150 184
150 185
150 187
150 188
150 193
150 194
150 197
150 198
150 199
151 152
151 153
151 160
151 161
151 163
151 165
151 166
151 170
151 176
151 177
151 178
151 185
151 189
151 190
151 192
151 194
151 197
151 198
151 199
152 154
152 155
152 157
152 158
152 161
152 165
152 166
152 167
152 168
152 173
152 175
152 176
152 178
152 180
152 181
152 187
152 189
152 190
152 192
152 193
152 194
152 195
152 197
152 198
152 199
153 155
153 156
153 157
153 160
153 162
153 163
153 164
153 165
153 167
153 170
153 172
153 174
153 175
153 178
153 179
153 180
153 185
153 186
153 188
153 191
153 197
154 157
154 158
154 159
154 164
154 167
154 168
154 169
154 170
154 172
154 178
154 179
154 180
154 185
154 186
154 188
154 189
154 191
155 157
155 160
155 162
155 164
155 165
155 166
155 169
155 173
155 175
155 176
155 185
155 186
155 187
155 188
155 189
155 190
155 191
155 192
155 194
155 196
155 198
156 158
156 160
156 166
156 168
156 169
156 171
156 174
156 178
156 180
156 181
156 182
156 183
156 184
156 185
156 191
156 192
156 193
156 194
156 197
156 199
157 163
157 164
157 167
157 170
157 171
157 181
157 182
157 185
157 187
157 191
157 194
157 196
157 198
158 160
158 162
158 163
158 164
158 170
158 174
158 175
158 177
158 179
158 182
158 184
158 190
158 193
158 194
158 196
158 197
158 199
159 161
159 162
159 168
159 169
159 170
159 171
159 174
159 176
159 178
159 180
159 182
159 185
159 187
159 188
159 189
159 190
159 191
159 194
159 196
159 198
160 164
160 167
160 171
160 173
160 174
160 175
160 179
160 181
160 185
160 186
160 187
160 189
160 190
160 192
160 193
160 195
160 196
160 197
160 198
160 199
161 165
161 167
161 172
161 176
161 177
161 178
161 182
161 183
161 184
161 185
161 186
161 189
161 191
161 196
161 198
161 199
162 164
162 165
162 166
162 167
162 169
162 174
162 175
162 176
162 177
162 178
162 179
162 182
162 183
162 186
162 187
162 188
162 191
162 193
162 195
162 196
162 197
162 199
163 164
163 165
163 166
163 167
163 168
163 169
163 170
163 172
163 173
163 175
163 179
163 181
163 186
163 189
163 193
163 194
163 196
163 198
163 199
164 165
164 166
164 168
164 169
164 170
164 174
164 175
164 176
164 178
164 179
164 180
164 181
164 184
164 185
164 187
164 188
164 189
164 195
164 196
164 197
164 198
164 199
165 166
165 167
165 170
165 174
165 175
165 178
165 179
165 180
165 184
165 187
165 188
165 192
165 193
165 194
165 195
165 196
165 199
166 167
166 168
166 169
166 173
166 177
166 184
166 185
166 186
166 189
166 197
166 198
166 199
167 168
167 176
167 178
167 179
167 181
167 184
167 185
167 189
167 190
167 191
167 192
167 193
167 195
167 196
167 198
167 199
168 169
168 170
168 173
168 174
168 180
168 181
168 182
168 185
168 187
168 190
168 191
168 195
168 196
168 197
169 170
169 171
169 172
169 173
169 174
169 175
169 176
169 178
169 179
169 182
169 185
169 187
169 188
169 189
169 191
169 193
169 195
169 197
170 171
170 173
170 176
170 177
170 179
170 181
170 182
170 183
170 184
170 185
170 186
170 187
170 188
170 189
170 190
170 193
170 194
170 195
170 198
171 174
171 176
171 179
171 182
171 183
171 184
171 187
171 190
171 195
171 197
172 174
172 176
172 177
172 178
172 181
172 186
172 188
172 189
172 190
172 192
172 198
172 199
173 174
173 177
173 179
173 187
173 189
173 194
173 195
173 196
173 197
173 199
174 175
174 176
174 177
174 179
174 181
174 182
174 190
174 191
174 195
174 197
174 198
175 180
175 181
175 182
175 183
175 185
175 187
175 190
175 191
175 192
175 194
175 195
175 196
175 197
176 177
176 178
176 179
176 181
176 183
176 184
176 186
176 188
176 189
176 190
176 191
176 193
176 199
177 180
177 183
177 187
177 188
177 189
177 191
177 192
177 193
177 196
177 198
178 179
178 180
178 182
178 185
178 186
178 187
178 188
178 189
178 195
178 197
179 180
179 182
179 184
179 185
179 186
179 187
179 191
179 193
179 194
179 197
180 182
180 183
180 186
180 190
180 191
180 192
180 197
180 198
180 199
181 182
181 184
181 189
181 190
181 192
181 194
181 195
181 196
181 198
181 199
182 183
182 184
182 187
182 188
182 192
182 193
182 195
182 198
182 199
183 185
183 187
183 190
183 191
183 195
183 196
183 199
184 185
184 186
184 188
184 190
184 191
184 193
184 194
184 196
184 199
185 187
185 189
185 193
185 196
185 198
185 199
186 187
186 188
186 192
186 193
186 195
186 196
186 198
187 188
187 192
187 193
187 194
188 189
188 193
188 195
188 199
189 191
189 192
189 193
189 197
189 198
189 199
190 192
190 195
190 197
190 199
191 192
191 194
191 196
191 198
191 199
192 193
192 195
192 196
192 198
192 199
193 194
193 195
193 196
194 195
194 196
194 197
195 198
196 197
