100 1004
0 10
0 13
0 25
0 38
0 41
0 48
0 53
0 56
0 71
0 75
0 93
0 94
0 99
1 11
1 25
1 26
1 29
1 33
1 37
1 49
1 52
1 58
1 63
1 77
1 83
1 86
1 88
1 90
1 99
2 6
2 9
2 11
2 26
2 32
2 37
2 39
2 40
2 44
2 51
2 59
2 60
2 62
2 74
2 79
2 82
3 6
3 14
3 24
3 27
3 33
3 40
3 42
3 51
3 52
3 59
3 60
3 69
3 73
3 75
3 78
3 80
3 83
3 84
3 85
3 94
3 97
4 5
4 12
4 19
4 20
4 24
4 31
4 35
4 37
4 47
4 53
4 55
4 59
4 61
4 68
4 74
4 80
4 83
4 84
4 85
4 95
4 99
5 6
5 14
5 17
5 19
5 22
5 27
5 32
5 37
5 44
5 46
5 53
5 55
5 59
5 72
5 83
5 89
5 90
5 98
6 9
6 17
6 30
6 33
6 35
6 41
6 43
6 48
6 52
6 58
6 60
6 61
6 63
6 65
6 67
6 83
6 86
6 91
7 17
7 22
7 28
7 34
7 36
7 50
7 51
7 53
7 58
7 66
7 73
7 75
7 83
7 88
7 92
8 10
8 17
8 21
8 26
8 31
8 33
8 40
8 50
8 51
8 54
8 56
8 72
8 76
8 83
8 84
8 89
8 94
8 95
8 97
9 11
9 13
9 17
9 20
9 23
9 32
9 33
9 44
9 45
9 47
9 54
9 56
9 58
9 61
9 62
9 70
9 73
9 78
9 81
9 83
9 91
9 96
9 99
10 23
10 24
10 50
10 69
10 71
10 73
10 77
10 82
10 86
10 97
11 12
11 16
11 23
11 30
11 33
11 37
11 38
11 43
11 55
11 60
11 61
11 68
11 73
11 78
11 84
11 88
11 90
12 15
12 16
12 21
12 25
12 26
12 29
12 33
12 36
12 45
12 60
12 62
12 63
12 70
12 72
12 83
12 86
12 90
12 92
12 94
13 18
13 25
13 35
13 36
13 37
13 44
13 53
13 54
13 60
13 61
13 64
13 73
13 74
13 75
13 79
13 83
13 86
13 89
13 93
13 97
13 99
14 15
14 19
14 20
14 21
14 22
14 24
14 25
14 34
14 35
14 36
14 38
14 44
14 51
14 53
14 58
14 63
14 67
14 71
14 74
14 79
14 80
14 82
14 92
14 94
15 29
15 36
15 38
15 39
15 45
15 48
15 56
15 58
15 69
15 85
15 86
15 89
15 92
15 93
15 97
16 19
16 21
16 26
16 27
16 36
16 38
16 39
16 40
16 42
16 49
16 52
16 58
16 59
16 62
16 63
16 70
16 71
16 84
16 91
16 98
17 32
17 33
17 36
17 37
17 48
17 49
17 50
17 54
17 55
17 56
17 69
17 73
17 75
17 83
17 85
17 88
17 93
18 19
18 21
18 26
18 32
18 38
18 41
18 56
18 57
18 62
18 65
18 68
18 72
18 73
18 92
18 94
19 28
19 29
19 31
19 35
19 36
19 48
19 51
19 52
19 60
19 62
19 63
19 66
19 70
19 76
19 81
19 82
19 85
19 87
19 95
20 22
20 32
20 50
20 64
20 69
20 72
20 74
20 76
20 81
20 87
20 90
20 91
21 22
21 23
21 34
21 39
21 52
21 53
21 55
21 62
21 63
21 69
21 72
21 81
21 87
21 98
22 28
22 39
22 51
22 58
22 63
22 64
22 81
22 91
22 95
23 33
23 43
23 45
23 47
23 50
23 54
23 55
23 68
23 73
23 76
23 81
23 82
23 87
23 89
24 28
24 29
24 32
24 34
24 39
24 47
24 51
24 52
24 55
24 88
24 92
24 96
24 99
25 26
25 27
25 37
25 42
25 55
25 59
25 62
25 63
25 67
25 68
25 75
25 83
25 86
25 87
25 94
25 99
26 35
26 38
26 40
26 48
26 52
26 53
26 59
26 60
26 61
26 68
26 69
26 71
26 81
26 82
26 85
26 89
26 92
26 98
27 30
27 37
27 42
27 43
27 61
27 64
27 65
27 69
27 77
27 79
27 80
27 91
27 92
27 94
27 98
28 31
28 37
28 45
28 47
28 56
28 61
28 65
28 68
28 74
28 76
28 78
28 83
28 84
28 93
29 32
29 37
29 41
29 45
29 48
29 49
29 51
29 70
29 72
29 94
29 99
30 33
30 41
30 53
30 64
30 67
30 69
30 73
30 79
30 82
30 84
30 98
31 32
31 38
31 49
31 50
31 54
31 57
31 67
31 70
31 76
31 84
31 86
31 87
31 90
32 35
32 36
32 37
32 38
32 41
32 50
32 51
32 54
32 60
32 61
32 62
32 65
32 69
32 76
32 78
32 81
32 96
32 98
33 34
33 49
33 50
33 55
33 57
33 59
33 66
33 67
33 71
33 79
33 80
33 87
33 88
34 40
34 43
34 60
34 61
34 65
34 66
34 77
34 84
34 85
34 88
34 89
34 93
34 95
34 98
35 36
35 42
35 46
35 54
35 55
35 57
35 66
35 76
35 81
35 82
35 94
35 98
36 39
36 43
36 44
36 50
36 53
36 61
36 70
36 72
36 73
36 74
36 85
36 90
37 44
37 45
37 49
37 53
37 55
37 60
37 68
37 73
37 81
37 83
37 85
37 92
37 93
37 99
38 46
38 49
38 54
38 64
38 65
38 67
38 69
38 77
38 82
38 89
38 90
38 96
38 97
38 99
39 44
39 45
39 63
39 67
39 68
39 74
39 77
39 78
39 79
39 87
39 92
39 98
40 50
40 51
40 55
40 60
40 69
40 72
40 81
40 83
40 85
40 93
40 94
40 95
40 97
41 48
41 49
41 54
41 62
41 64
41 65
41 67
41 74
41 92
41 97
42 47
42 49
42 60
42 66
42 69
42 72
42 74
42 83
42 88
42 90
43 52
43 56
43 58
43 60
43 66
43 70
43 75
43 77
44 50
44 53
44 59
44 61
44 62
44 65
44 66
44 79
44 80
44 83
44 91
44 92
44 94
44 98
45 49
45 53
45 54
45 62
45 70
45 71
45 74
45 76
45 78
45 85
45 86
45 93
45 96
46 47
46 51
46 58
46 66
46 70
46 72
46 76
46 87
46 93
46 96
46 97
47 51
47 58
47 61
47 65
47 66
47 70
47 71
47 72
47 77
47 78
47 87
47 90
47 91
47 94
47 96
47 98
48 53
48 55
48 63
48 81
48 82
48 87
48 90
48 95
48 97
49 51
49 53
49 54
49 56
49 60
49 61
49 65
49 66
49 80
49 85
49 88
50 51
50 58
50 64
50 69
50 70
50 73
50 76
50 84
50 92
50 93
50 94
50 95
51 54
51 58
51 69
51 70
51 71
51 73
51 78
51 79
51 82
51 94
51 96
52 56
52 57
52 65
52 69
52 70
52 73
52 85
52 86
52 89
53 54
53 67
53 78
53 89
53 92
53 94
53 96
53 97
54 62
54 64
54 71
54 72
54 81
54 82
54 83
54 84
54 93
54 99
55 66
55 77
55 80
56 61
56 64
56 68
56 70
56 71
56 73
56 74
56 75
56 77
56 81
56 84
56 88
56 89
56 93
57 59
57 68
57 72
57 73
57 77
57 78
57 79
57 80
57 87
57 88
57 91
57 92
57 95
57 97
57 98
58 63
58 66
58 67
58 74
58 80
58 82
58 84
58 86
58 96
59 60
59 64
59 71
59 75
59 76
59 81
59 82
59 83
59 87
59 95
60 63
60 66
60 74
60 76
60 87
60 88
60 89
60 90
60 94
60 95
61 71
61 72
61 73
61 75
61 78
61 85
61 99
62 70
62 76
62 88
62 90
62 93
62 97
62 99
63 65
63 67
63 73
63 76
63 78
63 80
63 82
63 85
63 87
63 88
64 65
64 66
64 75
64 88
64 97
65 69
65 72
65 76
65 80
65 83
65 84
65 94
65 97
66 77
66 78
66 84
66 91
66 96
66 98
67 71
67 72
67 73
67 78
67 80
67 84
67 94
67 96
68 79
68 81
68 83
68 85
68 88
69 73
69 74
69 79
69 80
69 87
69 89
69 92
69 95
69 97
70 81
70 85
70 87
70 90
70 95
70 97
71 86
71 99
72 83
72 90
72 92
73 77
73 87
73 94
73 96
73 97
73 98
74 80
74 82
74 86
74 95
75 76
75 78
75 83
75 84
75 91
75 96
76 77
76 82
76 87
76 88
76 95
76 96
76 99
77 82
77 86
77 87
77 89
77 90
78 80
78 85
78 90
78 93
78 97
79 92
79 96
79 97
80 83
80 86
80 87
80 94
80 95
81 82
81 83
81 87
81 90
82 87
83 84
83 87
83 89
83 91
83 97
83 99
84 86
84 88
84 90
84 91
84 93
85 87
85 89
85 91
86 91
86 98
87 92
87 94
89 92
89 98
90 91
90 94
90 99
91 97
91 98
92 99
93 96
93 97
93 99
94 95
