50 248
0 6
0 9
0 14
0 17
0 20
0 35
0 38
0 39
0 40
0 44
0 46
0 48
1 3
1 10
1 16
1 19
1 32
1 33
1 34
1 39
1 40
1 45
2 3
2 4
2 8
2 14
2 26
2 30
2 37
2 42
2 43
3 14
3 16
3 18
3 23
3 28
3 31
3 32
3 38
3 43
3 45
3 48
4 7
4 14
4 27
4 31
4 36
4 37
4 38
4 39
5 7
5 12
5 14
5 18
5 27
5 38
5 44
6 8
6 11
6 17
6 20
6 21
6 27
6 30
6 31
6 34
7 14
7 16
7 22
7 31
7 34
7 38
7 39
8 9
8 15
8 25
8 26
8 33
8 39
8 41
8 45
8 46
8 47
8 49
9 17
9 23
9 25
9 29
9 34
9 35
9 37
9 39
10 12
10 14
10 17
10 26
10 29
10 31
10 36
11 13
11 17
11 21
11 22
11 24
11 26
11 27
11 32
11 36
11 40
11 45
11 46
11 48
11 49
12 18
12 23
12 25
12 26
12 27
12 37
12 39
12 40
12 44
13 23
13 27
13 40
13 45
13 48
14 15
14 37
14 40
14 47
15 17
15 20
15 28
15 30
15 39
15 40
15 44
15 47
16 24
16 30
16 33
16 35
16 43
16 45
16 47
17 24
17 30
17 39
17 43
18 20
18 21
18 27
18 35
18 45
18 46
19 23
19 36
19 46
19 48
20 21
20 25
20 32
20 38
20 40
20 42
20 45
20 47
21 25
21 29
21 32
21 33
21 44
22 24
22 32
22 33
22 34
22 36
22 38
22 46
23 25
23 31
23 33
23 34
23 35
23 42
24 25
24 27
24 28
24 37
24 41
24 43
24 46
25 27
25 33
25 34
25 48
26 27
26 29
26 36
26 40
26 41
26 43
26 45
27 28
27 39
27 42
27 43
27 48
28 29
28 32
28 38
28 43
28 49
29 34
29 45
29 49
30 37
30 44
31 34
31 40
31 48
32 37
32 41
32 42
32 43
32 44
33 35
33 37
33 46
33 48
34 39
34 47
35 46
36 38
36 39
36 41
36 44
36 45
37 42
38 42
38 46
39 44
41 49
43 49
44 47
45 49
47 49
