200 9890
0 2
0 4
0 6
0 7
0 11
0 12
0 16
0 20
0 22
0 24
0 26
0 29
0 30
0 31
0 32
0 37
0 38
0 39
0 41
0 44
0 45
0 51
0 52
0 53
0 54
0 58
0 61
0 62
0 64
0 65
0 67
0 68
0 69
0 71
0 73
0 74
0 78
0 80
0 81
0 82
0 84
0 88
0 89
0 91
0 93
0 94
0 96
0 98
0 99
0 100
0 102
0 104
0 106
0 107
0 111
0 112
0 114
0 120
0 121
0 122
0 123
0 125
0 128
0 130
0 131
0 132
0 133
0 137
0 139
0 140
0 142
0 143
0 144
0 145
0 146
0 148
0 154
0 158
0 159
0 160
0 162
0 167
0 170
0 173
0 174
0 175
0 176
0 177
0 178
0 179
0 180
0 182
0 183
0 185
0 187
0 189
0 190
0 192
0 193
0 199
1 2
1 3
1 4
1 5
1 8
1 9
1 10
1 11
1 13
1 15
1 20
1 24
1 25
1 27
1 32
1 39
1 40
1 41
1 42
1 44
1 46
1 47
1 48
1 49
1 50
1 52
1 55
1 56
1 57
1 62
1 65
1 67
1 69
1 70
1 74
1 76
1 78
1 79
1 81
1 85
1 86
1 87
1 88
1 90
1 92
1 97
1 99
1 100
1 104
1 106
1 108
1 109
1 110
1 113
1 114
1 115
1 116
1 119
1 120
1 122
1 123
1 124
1 126
1 128
1 130
1 131
1 136
1 143
1 144
1 147
1 149
1 150
1 153
1 154
1 155
1 156
1 157
1 163
1 164
1 167
1 168
1 171
1 174
1 175
1 176
1 177
1 178
1 180
1 181
1 184
1 186
1 188
1 189
1 191
1 194
1 195
1 196
1 198
2 11
2 13
2 14
2 16
2 17
2 18
2 19
2 20
2 22
2 23
2 24
2 26
2 27
2 29
2 33
2 36
2 39
2 41
2 44
2 45
2 46
2 58
2 59
2 61
2 63
2 64
2 65
2 68
2 69
2 70
2 71
2 75
2 76
2 77
2 79
2 80
2 87
2 88
2 90
2 91
2 92
2 94
2 95
2 98
2 99
2 100
2 103
2 108
2 109
2 110
2 112
2 114
2 115
2 116
2 118
2 124
2 127
2 129
2 130
2 133
2 135
2 136
2 138
2 141
2 142
2 143
2 146
2 150
2 152
2 158
2 164
2 173
2 175
2 178
2 179
2 183
2 186
2 187
2 188
2 191
2 192
2 194
3 6
3 7
3 11
3 12
3 17
3 18
3 19
3 23
3 29
3 30
3 31
3 33
3 37
3 38
3 42
3 43
3 44
3 45
3 46
3 47
3 49
3 50
3 51
3 52
3 53
3 55
3 59
3 60
3 62
3 63
3 64
3 66
3 68
3 69
3 73
3 75
3 76
3 77
3 79
3 83
3 87
3 90
3 91
3 92
3 93
3 95
3 96
3 98
3 100
3 103
3 104
3 105
3 106
3 111
3 113
3 114
3 115
3 116
3 119
3 121
3 124
3 125
3 127
3 129
3 131
3 132
3 134
3 137
3 139
3 140
3 147
3 150
3 151
3 153
3 154
3 157
3 160
3 168
3 169
3 171
3 173
3 174
3 178
3 179
3 180
3 181
3 182
3 183
3 185
3 189
3 190
3 194
3 195
3 196
3 197
3 198
3 199
4 8
4 10
4 12
4 15
4 18
4 20
4 22
4 24
4 27
4 30
4 31
4 32
4 34
4 36
4 37
4 39
4 40
4 42
4 45
4 46
4 52
4 54
4 56
4 58
4 59
4 60
4 61
4 63
4 68
4 70
4 71
4 73
4 74
4 77
4 79
4 80
4 82
4 83
4 84
4 87
4 95
4 97
4 100
4 101
4 103
4 104
4 105
4 114
4 116
4 118
4 119
4 120
4 122
4 123
4 129
4 131
4 132
4 134
4 136
4 137
4 138
4 140
4 143
4 145
4 147
4 149
4 150
4 151
4 153
4 154
4 155
4 156
4 157
4 158
4 159
4 160
4 161
4 162
4 164
4 166
4 168
4 169
4 170
4 171
4 172
4 173
4 176
4 177
4 178
4 180
4 188
4 190
4 191
4 192
4 194
4 197
4 199
5 6
5 7
5 12
5 14
5 15
5 16
5 17
5 18
5 24
5 25
5 27
5 30
5 31
5 33
5 35
5 36
5 37
5 44
5 45
5 46
5 47
5 49
5 50
5 51
5 52
5 54
5 55
5 56
5 59
5 60
5 61
5 67
5 68
5 72
5 74
5 75
5 77
5 79
5 80
5 82
5 83
5 84
5 85
5 87
5 91
5 92
5 94
5 95
5 96
5 98
5 99
5 102
5 105
5 108
5 111
5 112
5 113
5 117
5 118
5 120
5 122
5 124
5 125
5 127
5 128
5 129
5 136
5 137
5 138
5 141
5 142
5 143
5 144
5 145
5 146
5 150
5 152
5 153
5 157
5 158
5 162
5 165
5 167
5 169
5 170
5 171
5 175
5 178
5 182
5 183
5 185
5 186
5 188
5 189
5 191
5 192
5 194
5 195
5 196
5 197
6 7
6 8
6 11
6 15
6 16
6 18
6 19
6 23
6 27
6 28
6 29
6 30
6 31
6 36
6 39
6 41
6 43
6 44
6 49
6 50
6 51
6 54
6 55
6 56
6 60
6 62
6 64
6 68
6 69
6 72
6 74
6 76
6 80
6 81
6 82
6 85
6 86
6 89
6 90
6 91
6 92
6 93
6 94
6 95
6 96
6 97
6 98
6 100
6 103
6 104
6 105
6 106
6 107
6 111
6 112
6 116
6 118
6 119
6 121
6 123
6 124
6 126
6 127
6 128
6 133
6 134
6 135
6 136
6 138
6 141
6 142
6 143
6 147
6 152
6 153
6 154
6 156
6 158
6 160
6 161
6 162
6 163
6 168
6 171
6 172
6 173
6 178
6 179
6 181
6 183
6 188
6 189
6 190
6 191
6 192
6 195
6 199
7 9
7 12
7 15
7 19
7 23
7 26
7 28
7 29
7 31
7 32
7 34
7 35
7 36
7 39
7 42
7 49
7 50
7 55
7 57
7 58
7 64
7 65
7 68
7 70
7 76
7 77
7 80
7 81
7 85
7 87
7 92
7 93
7 96
7 97
7 98
7 99
7 100
7 102
7 104
7 108
7 109
7 110
7 112
7 114
7 115
7 117
7 119
7 122
7 125
7 127
7 129
7 132
7 138
7 140
7 145
7 146
7 149
7 152
7 153
7 154
7 156
7 157
7 158
7 164
7 165
7 171
7 172
7 174
7 183
7 184
7 187
7 188
7 189
7 191
7 192
7 193
7 196
7 197
7 198
8 9
8 12
8 13
8 16
8 18
8 20
8 21
8 22
8 23
8 25
8 29
8 31
8 32
8 33
8 34
8 35
8 36
8 39
8 41
8 42
8 43
8 46
8 48
8 54
8 55
8 56
8 57
8 60
8 62
8 63
8 65
8 66
8 67
8 69
8 70
8 72
8 73
8 74
8 76
8 77
8 79
8 81
8 82
8 83
8 84
8 90
8 91
8 95
8 96
8 97
8 98
8 99
8 102
8 103
8 105
8 106
8 107
8 108
8 109
8 110
8 111
8 112
8 113
8 117
8 118
8 119
8 121
8 123
8 125
8 126
8 127
8 128
8 129
8 130
8 131
8 134
8 136
8 137
8 138
8 141
8 143
8 144
8 145
8 147
8 148
8 149
8 150
8 154
8 156
8 157
8 161
8 164
8 177
8 178
8 179
8 180
8 183
8 185
8 186
8 189
8 192
8 193
8 194
8 196
8 197
8 198
9 10
9 11
9 13
9 14
9 15
9 16
9 17
9 18
9 19
9 21
9 22
9 23
9 24
9 26
9 27
9 28
9 30
9 31
9 34
9 35
9 38
9 40
9 41
9 43
9 46
9 47
9 48
9 56
9 57
9 58
9 62
9 63
9 64
9 66
9 67
9 71
9 72
9 74
9 75
9 77
9 81
9 82
9 83
9 84
9 93
9 94
9 95
9 96
9 97
9 98
9 99
9 100
9 102
9 105
9 107
9 109
9 110
9 112
9 115
9 117
9 118
9 121
9 123
9 124
9 126
9 127
9 128
9 129
9 132
9 137
9 139
9 140
9 141
9 142
9 144
9 145
9 146
9 147
9 152
9 154
9 158
9 163
9 164
9 165
9 166
9 167
9 169
9 173
9 174
9 175
9 176
9 177
9 179
9 182
9 184
9 186
9 187
9 193
9 194
9 195
9 196
9 198
10 13
10 14
10 15
10 19
10 23
10 24
10 31
10 32
10 33
10 36
10 38
10 41
10 42
10 46
10 52
10 58
10 60
10 65
10 68
10 78
10 79
10 81
10 82
10 83
10 84
10 86
10 88
10 89
10 90
10 100
10 104
10 107
10 108
10 109
10 111
10 113
10 118
10 120
10 122
10 125
10 126
10 127
10 132
10 133
10 135
10 136
10 137
10 139
10 140
10 141
10 142
10 144
10 146
10 147
10 148
10 149
10 150
10 152
10 153
10 154
10 157
10 158
10 159
10 162
10 164
10 165
10 167
10 169
10 171
10 172
10 173
10 174
10 175
10 176
10 177
10 178
10 182
10 183
10 184
10 186
10 187
10 188
10 189
10 190
10 191
10 192
10 193
10 195
10 196
10 198
11 14
11 15
11 17
11 18
11 19
11 20
11 21
11 22
11 23
11 25
11 26
11 27
11 28
11 29
11 31
11 37
11 38
11 41
11 44
11 47
11 49
11 50
11 51
11 52
11 53
11 55
11 57
11 59
11 60
11 61
11 62
11 64
11 65
11 67
11 69
11 71
11 72
11 73
11 74
11 76
11 78
11 79
11 81
11 82
11 83
11 84
11 87
11 88
11 91
11 92
11 95
11 97
11 100
11 101
11 103
11 104
11 105
11 110
11 113
11 115
11 116
11 117
11 118
11 119
11 123
11 124
11 126
11 127
11 128
11 129
11 132
11 133
11 134
11 137
11 138
11 140
11 142
11 143
11 147
11 152
11 153
11 155
11 158
11 164
11 165
11 167
11 170
11 171
11 175
11 176
11 177
11 179
11 183
11 184
11 185
11 187
11 188
11 191
11 192
11 194
11 195
11 199
12 14
12 18
12 19
12 23
12 25
12 26
12 31
12 32
12 35
12 36
12 39
12 41
12 44
12 45
12 48
12 49
12 50
12 51
12 53
12 55
12 58
12 59
12 60
12 61
12 62
12 66
12 71
12 77
12 78
12 81
12 82
12 85
12 87
12 90
12 91
12 92
12 99
12 101
12 104
12 105
12 106
12 107
12 108
12 109
12 113
12 117
12 118
12 120
12 121
12 122
12 123
12 125
12 127
12 128
12 131
12 132
12 133
12 135
12 136
12 139
12 140
12 143
12 147
12 148
12 149
12 151
12 156
12 158
12 160
12 161
12 163
12 164
12 166
12 168
12 170
12 171
12 174
12 176
12 177
12 180
12 181
12 182
12 184
12 186
12 189
12 190
12 191
12 192
12 193
12 194
12 195
12 198
12 199
13 14
13 17
13 21
13 27
13 30
13 32
13 34
13 38
13 39
13 43
13 44
13 51
13 52
13 60
13 61
13 63
13 67
13 68
13 69
13 70
13 73
13 77
13 79
13 81
13 82
13 83
13 84
13 86
13 91
13 92
13 93
13 94
13 95
13 97
13 99
13 101
13 102
13 105
13 108
13 109
13 113
13 117
13 119
13 121
13 122
13 124
13 125
13 126
13 128
13 129
13 130
13 131
13 137
13 139
13 140
13 142
13 144
13 145
13 146
13 147
13 149
13 150
13 151
13 152
13 153
13 154
13 156
13 159
13 160
13 162
13 165
13 166
13 167
13 169
13 170
13 175
13 178
13 179
13 182
13 183
13 185
13 187
13 190
13 196
13 198
13 199
14 16
14 19
14 21
14 26
14 27
14 29
14 33
14 34
14 35
14 36
14 40
14 41
14 44
14 46
14 48
14 49
14 50
14 53
14 57
14 60
14 61
14 63
14 66
14 67
14 68
14 70
14 72
14 74
14 75
14 77
14 79
14 82
14 84
14 93
14 94
14 95
14 98
14 102
14 105
14 107
14 108
14 110
14 111
14 112
14 113
14 115
14 118
14 120
14 121
14 124
14 125
14 128
14 131
14 132
14 134
14 135
14 136
14 138
14 139
14 140
14 142
14 143
14 145
14 148
14 149
14 154
14 155
14 157
14 158
14 162
14 165
14 168
14 169
14 172
14 173
14 174
14 180
14 190
14 191
14 195
14 198
15 20
15 24
15 25
15 26
15 28
15 29
15 32
15 33
15 34
15 39
15 40
15 46
15 47
15 49
15 51
15 57
15 64
15 66
15 69
15 70
15 71
15 74
15 75
15 76
15 77
15 78
15 80
15 85
15 86
15 89
15 91
15 92
15 93
15 95
15 98
15 99
15 101
15 103
15 104
15 105
15 106
15 109
15 110
15 111
15 113
15 114
15 116
15 117
15 118
15 119
15 121
15 122
15 126
15 127
15 129
15 131
15 132
15 133
15 135
15 136
15 137
15 138
15 139
15 143
15 144
15 145
15 146
15 147
15 149
15 153
15 154
15 155
15 159
15 162
15 166
15 167
15 168
15 169
15 170
15 173
15 175
15 176
15 179
15 180
15 181
15 183
15 186
15 190
15 194
15 195
15 196
15 197
15 198
16 18
16 20
16 23
16 25
16 29
16 30
16 31
16 33
16 34
16 35
16 37
16 38
16 40
16 42
16 43
16 45
16 47
16 54
16 55
16 57
16 58
16 61
16 64
16 66
16 67
16 68
16 75
16 76
16 78
16 79
16 80
16 83
16 84
16 94
16 96
16 98
16 99
16 101
16 102
16 105
16 106
16 107
16 108
16 113
16 114
16 118
16 119
16 120
16 123
16 124
16 125
16 126
16 127
16 128
16 130
16 137
16 140
16 141
16 144
16 145
16 146
16 152
16 153
16 160
16 161
16 163
16 165
16 167
16 170
16 172
16 178
16 179
16 180
16 181
16 183
16 185
16 189
16 192
16 196
16 198
17 18
17 19
17 20
17 23
17 24
17 28
17 31
17 32
17 33
17 34
17 38
17 39
17 40
17 41
17 45
17 48
17 49
17 55
17 56
17 57
17 60
17 62
17 65
17 66
17 67
17 69
17 71
17 72
17 76
17 81
17 84
17 86
17 93
17 95
17 97
17 98
17 100
17 102
17 104
17 105
17 106
17 112
17 115
17 118
17 119
17 120
17 122
17 124
17 131
17 136
17 137
17 138
17 139
17 141
17 144
17 147
17 148
17 152
17 155
17 156
17 158
17 160
17 164
17 165
17 168
17 169
17 170
17 171
17 174
17 178
17 181
17 183
17 185
17 186
17 189
17 192
17 194
17 195
18 21
18 23
18 24
18 25
18 26
18 29
18 32
18 34
18 36
18 42
18 43
18 45
18 48
18 49
18 50
18 54
18 56
18 57
18 60
18 65
18 66
18 67
18 69
18 71
18 72
18 73
18 75
18 78
18 79
18 81
18 82
18 85
18 86
18 87
18 93
18 94
18 95
18 96
18 100
18 102
18 105
18 107
18 111
18 112
18 113
18 114
18 119
18 120
18 122
18 124
18 125
18 132
18 133
18 136
18 139
18 143
18 149
18 152
18 155
18 158
18 159
18 161
18 166
18 167
18 168
18 170
18 172
18 173
18 178
18 179
18 180
18 181
18 183
18 184
18 186
18 187
18 188
18 190
18 191
18 193
18 195
18 198
18 199
19 20
19 21
19 23
19 25
19 26
19 27
19 31
19 34
19 35
19 36
19 43
19 44
19 45
19 47
19 50
19 51
19 52
19 57
19 58
19 60
19 61
19 63
19 65
19 67
19 71
19 72
19 73
19 75
19 76
19 77
19 79
19 80
19 82
19 83
19 86
19 88
19 89
19 90
19 93
19 94
19 95
19 97
19 101
19 102
19 104
19 105
19 109
19 111
19 112
19 113
19 114
19 115
19 116
19 117
19 118
19 120
19 122
19 124
19 129
19 131
19 133
19 134
19 135
19 137
19 139
19 140
19 142
19 143
19 144
19 145
19 146
19 149
19 152
19 153
19 154
19 155
19 157
19 159
19 160
19 161
19 162
19 163
19 166
19 167
19 170
19 171
19 173
19 174
19 175
19 177
19 179
19 180
19 181
19 186
19 187
19 192
19 195
19 196
19 197
20 21
20 24
20 26
20 29
20 31
20 32
20 35
20 36
20 37
20 39
20 40
20 41
20 42
20 43
20 44
20 45
20 46
20 49
20 50
20 51
20 52
20 53
20 54
20 58
20 61
20 63
20 64
20 65
20 67
20 70
20 74
20 75
20 77
20 79
20 82
20 85
20 86
20 87
20 91
20 92
20 93
20 94
20 95
20 96
20 97
20 99
20 100
20 101
20 102
20 104
20 105
20 107
20 112
20 113
20 114
20 115
20 116
20 118
20 119
20 121
20 122
20 123
20 124
20 128
20 129
20 131
20 134
20 139
20 140
20 143
20 144
20 145
20 148
20 149
20 150
20 156
20 157
20 160
20 161
20 162
20 163
20 165
20 168
20 169
20 170
20 174
20 175
20 177
20 178
20 182
20 183
20 184
20 188
20 190
20 192
20 194
21 23
21 27
21 30
21 31
21 34
21 40
21 43
21 44
21 45
21 47
21 48
21 50
21 51
21 52
21 55
21 56
21 57
21 59
21 61
21 63
21 64
21 66
21 67
21 68
21 69
21 72
21 74
21 76
21 78
21 79
21 81
21 83
21 86
21 93
21 97
21 99
21 103
21 104
21 109
21 111
21 115
21 120
21 121
21 123
21 126
21 127
21 129
21 130
21 134
21 137
21 138
21 139
21 141
21 146
21 148
21 153
21 156
21 158
21 161
21 163
21 166
21 172
21 173
21 174
21 176
21 178
21 179
21 180
21 181
21 184
21 186
21 189
21 191
21 193
21 195
21 197
21 199
22 26
22 27
22 28
22 29
22 30
22 31
22 32
22 35
22 36
22 39
22 40
22 41
22 45
22 49
22 50
22 53
22 54
22 59
22 61
22 65
22 68
22 71
22 72
22 75
22 78
22 79
22 83
22 84
22 86
22 87
22 91
22 92
22 93
22 95
22 96
22 97
22 98
22 99
22 102
22 104
22 110
22 111
22 113
22 118
22 119
22 120
22 121
22 125
22 127
22 129
22 134
22 135
22 137
22 139
22 140
22 141
22 144
22 148
22 150
22 152
22 153
22 155
22 157
22 160
22 163
22 164
22 165
22 168
22 179
22 182
22 189
22 190
22 191
22 192
22 196
22 199
23 25
23 26
23 28
23 34
23 35
23 36
23 37
23 38
23 41
23 42
23 43
23 44
23 48
23 49
23 50
23 53
23 55
23 56
23 57
23 58
23 60
23 61
23 63
23 66
23 67
23 68
23 69
23 70
23 71
23 72
23 75
23 76
23 77
23 79
23 80
23 82
23 83
23 86
23 88
23 90
23 92
23 93
23 95
23 96
23 101
23 102
23 103
23 107
23 110
23 112
23 113
23 115
23 117
23 121
23 122
23 124
23 128
23 130
23 132
23 133
23 134
23 135
23 136
23 138
23 140
23 142
23 143
23 144
23 146
23 149
23 155
23 157
23 158
23 160
23 161
23 162
23 163
23 164
23 165
23 168
23 169
23 171
23 172
23 173
23 177
23 179
23 180
23 181
23 183
23 185
23 187
23 188
23 189
23 191
23 192
23 193
23 194
23 196
23 198
23 199
24 26
24 28
24 30
24 31
24 32
24 38
24 39
24 40
24 41
24 42
24 44
24 46
24 47
24 51
24 52
24 53
24 57
24 58
24 59
24 66
24 70
24 72
24 80
24 81
24 84
24 86
24 87
24 89
24 90
24 91
24 92
24 96
24 98
24 100
24 101
24 102
24 104
24 105
24 107
24 108
24 110
24 113
24 115
24 116
24 117
24 119
24 120
24 124
24 125
24 128
24 130
24 132
24 138
24 140
24 141
24 142
24 143
24 144
24 147
24 149
24 150
24 151
24 153
24 154
24 156
24 157
24 158
24 159
24 162
24 163
24 166
24 168
24 169
24 171
24 173
24 174
24 183
24 184
24 185
24 188
24 194
24 196
24 197
24 198
24 199
25 26
25 27
25 28
25 30
25 31
25 33
25 36
25 37
25 38
25 39
25 41
25 43
25 44
25 45
25 46
25 51
25 52
25 53
25 54
25 56
25 57
25 58
25 59
25 60
25 62
25 64
25 67
25 68
25 73
25 75
25 78
25 80
25 81
25 82
25 84
25 86
25 87
25 88
25 93
25 95
25 97
25 98
25 101
25 103
25 104
25 105
25 110
25 114
25 116
25 121
25 122
25 124
25 125
25 127
25 128
25 133
25 135
25 136
25 137
25 139
25 140
25 141
25 142
25 144
25 147
25 150
25 151
25 153
25 157
25 158
25 161
25 162
25 163
25 165
25 168
25 170
25 172
25 174
25 176
25 179
25 180
25 181
25 182
25 185
25 187
25 190
25 193
25 198
26 27
26 28
26 29
26 33
26 35
26 36
26 40
26 42
26 43
26 48
26 49
26 54
26 56
26 58
26 59
26 61
26 63
26 66
26 67
26 68
26 72
26 75
26 81
26 82
26 84
26 86
26 87
26 88
26 90
26 92
26 94
26 95
26 96
26 97
26 98
26 102
26 103
26 104
26 106
26 107
26 109
26 111
26 113
26 114
26 115
26 117
26 118
26 123
26 124
26 125
26 126
26 132
26 133
26 135
26 137
26 140
26 141
26 142
26 143
26 144
26 145
26 149
26 150
26 152
26 159
26 160
26 162
26 163
26 164
26 165
26 167
26 171
26 172
26 173
26 176
26 178
26 180
26 188
26 189
26 190
26 191
26 193
26 194
26 195
26 196
27 29
27 31
27 32
27 33
27 35
27 43
27 45
27 46
27 48
27 51
27 56
27 57
27 58
27 59
27 60
27 61
27 62
27 66
27 67
27 70
27 75
27 76
27 81
27 82
27 84
27 85
27 87
27 88
27 89
27 91
27 97
27 100
27 102
27 103
27 106
27 108
27 110
27 112
27 113
27 114
27 115
27 117
27 118
27 119
27 120
27 122
27 123
27 124
27 125
27 127
27 128
27 129
27 131
27 132
27 133
27 134
27 135
27 137
27 138
27 141
27 142
27 143
27 144
27 145
27 148
27 150
27 156
27 160
27 161
27 163
27 164
27 165
27 167
27 168
27 170
27 172
27 174
27 175
27 177
27 182
27 183
27 184
27 185
27 188
27 190
27 193
27 194
27 195
27 197
28 35
28 36
28 37
28 38
28 39
28 41
28 42
28 44
28 45
28 46
28 47
28 48
28 49
28 50
28 52
28 56
28 58
28 62
28 64
28 67
28 68
28 70
28 72
28 74
28 75
28 76
28 78
28 85
28 87
28 88
28 89
28 90
28 91
28 92
28 98
28 99
28 101
28 102
28 103
28 104
28 105
28 110
28 111
28 112
28 113
28 114
28 117
28 118
28 119
28 120
28 121
28 122
28 123
28 124
28 126
28 129
28 131
28 132
28 133
28 134
28 137
28 139
28 142
28 144
28 145
28 146
28 147
28 148
28 150
28 159
28 164
28 168
28 169
28 170
28 171
28 173
28 174
28 175
28 180
28 181
28 184
28 186
28 187
28 190
28 194
28 195
28 196
28 197
28 199
29 30
29 32
29 33
29 35
29 37
29 38
29 40
29 41
29 43
29 46
29 48
29 49
29 52
29 55
29 57
29 58
29 60
29 65
29 66
29 72
29 75
29 76
29 78
29 79
29 80
29 83
29 85
29 87
29 89
29 90
29 94
29 97
29 98
29 100
29 104
29 105
29 106
29 109
29 110
29 111
29 113
29 115
29 116
29 118
29 119
29 120
29 122
29 123
29 128
29 129
29 131
29 133
29 135
29 136
29 139
29 140
29 146
29 147
29 148
29 152
29 153
29 154
29 157
29 158
29 160
29 162
29 163
29 165
29 166
29 167
29 168
29 169
29 171
29 174
29 178
29 185
29 190
29 192
29 193
29 194
30 31
30 35
30 37
30 39
30 41
30 49
30 51
30 52
30 54
30 56
30 57
30 60
30 62
30 69
30 70
30 72
30 73
30 76
30 77
30 78
30 80
30 84
30 86
30 87
30 88
30 91
30 95
30 96
30 97
30 98
30 99
30 100
30 103
30 110
30 111
30 113
30 116
30 120
30 123
30 125
30 126
30 128
30 129
30 130
30 131
30 132
30 133
30 134
30 136
30 137
30 138
30 141
30 143
30 144
30 145
30 151
30 154
30 155
30 156
30 157
30 159
30 160
30 161
30 162
30 164
30 165
30 166
30 167
30 168
30 171
30 172
30 173
30 178
30 180
30 181
30 183
30 184
30 186
30 188
30 191
30 192
30 193
30 194
30 195
30 196
30 197
30 199
31 32
31 34
31 39
31 40
31 41
31 42
31 46
31 48
31 50
31 51
31 52
31 53
31 54
31 55
31 59
31 60
31 65
31 66
31 67
31 71
31 73
31 79
31 80
31 82
31 84
31 86
31 87
31 90
31 93
31 94
31 99
31 101
31 102
31 103
31 105
31 106
31 109
31 111
31 112
31 113
31 116
31 117
31 118
31 121
31 123
31 124
31 125
31 126
31 131
31 132
31 133
31 134
31 137
31 138
31 142
31 144
31 145
31 149
31 150
31 151
31 154
31 155
31 156
31 158
31 159
31 162
31 163
31 164
31 165
31 167
31 168
31 169
31 172
31 173
31 174
31 175
31 176
31 177
31 178
31 179
31 180
31 182
31 183
31 184
31 186
31 187
31 190
31 191
31 192
31 193
31 194
31 195
31 196
31 197
31 199
32 36
32 39
32 40
32 41
32 44
32 45
32 46
32 47
32 54
32 55
32 58
32 59
32 62
32 63
32 67
32 68
32 69
32 71
32 72
32 74
32 75
32 76
32 82
32 83
32 85
32 90
32 93
32 98
32 99
32 102
32 103
32 104
32 105
32 106
32 107
32 108
32 109
32 110
32 111
32 112
32 113
32 114
32 117
32 119
32 122
32 125
32 126
32 127
32 129
32 130
32 131
32 132
32 134
32 135
32 138
32 139
32 140
32 142
32 144
32 145
32 148
32 151
32 153
32 154
32 155
32 156
32 160
32 162
32 163
32 167
32 168
32 171
32 172
32 173
32 176
32 179
32 180
32 183
32 185
32 186
32 189
32 192
32 193
32 195
32 198
32 199
33 35
33 36
33 38
33 42
33 43
33 44
33 45
33 47
33 48
33 55
33 57
33 58
33 59
33 60
33 61
33 65
33 66
33 67
33 69
33 71
33 75
33 77
33 78
33 79
33 80
33 81
33 82
33 87
33 89
33 90
33 94
33 95
33 97
33 101
33 102
33 103
33 104
33 105
33 107
33 109
33 110
33 111
33 112
33 115
33 118
33 119
33 120
33 121
33 125
33 126
33 128
33 130
33 132
33 133
33 134
33 135
33 138
33 139
33 142
33 148
33 151
33 152
33 153
33 155
33 156
33 157
33 159
33 160
33 161
33 162
33 163
33 164
33 166
33 167
33 171
33 172
33 173
33 175
33 176
33 179
33 181
33 185
33 187
33 188
33 190
33 192
33 194
33 199
34 35
34 37
34 38
34 41
34 42
34 43
34 44
34 45
34 53
34 55
34 57
34 58
34 59
34 63
34 65
34 67
34 68
34 70
34 71
34 75
34 76
34 77
34 78
34 80
34 81
34 83
34 86
34 88
34 94
34 95
34 99
34 101
34 102
34 103
34 105
34 106
34 107
34 108
34 109
34 110
34 114
34 116
34 121
34 124
34 125
34 130
34 134
34 135
34 136
34 137
34 141
34 142
34 144
34 146
34 147
34 148
34 150
34 151
34 159
34 163
34 165
34 168
34 170
34 172
34 173
34 177
34 178
34 179
34 182
34 185
34 192
34 193
34 194
34 196
34 198
35 36
35 39
35 42
35 43
35 45
35 46
35 47
35 50
35 51
35 52
35 53
35 54
35 55
35 56
35 57
35 58
35 59
35 62
35 64
35 66
35 68
35 76
35 77
35 82
35 83
35 85
35 89
35 90
35 91
35 93
35 94
35 95
35 96
35 100
35 101
35 102
35 106
35 107
35 109
35 110
35 111
35 113
35 114
35 115
35 122
35 123
35 124
35 127
35 129
35 132
35 142
35 145
35 146
35 149
35 150
35 154
35 156
35 157
35 161
35 163
35 164
35 173
35 174
35 175
35 176
35 177
35 178
35 180
35 181
35 182
35 183
35 185
35 188
35 190
35 193
35 195
36 37
36 38
36 39
36 41
36 44
36 48
36 49
36 50
36 51
36 52
36 53
36 54
36 55
36 57
36 58
36 62
36 67
36 70
36 71
36 72
36 73
36 74
36 75
36 78
36 80
36 81
36 83
36 84
36 87
36 89
36 90
36 94
36 95
36 97
36 101
36 102
36 103
36 104
36 107
36 108
36 111
36 113
36 114
36 117
36 118
36 120
36 122
36 125
36 126
36 127
36 130
36 133
36 134
36 135
36 136
36 137
36 141
36 142
36 143
36 144
36 146
36 149
36 150
36 156
36 157
36 158
36 159
36 160
36 161
36 164
36 165
36 166
36 168
36 169
36 171
36 172
36 173
36 179
36 184
36 185
36 188
36 190
36 191
36 192
36 196
36 197
36 198
36 199
37 39
37 41
37 43
37 45
37 48
37 51
37 54
37 56
37 58
37 61
37 62
37 64
37 65
37 67
37 70
37 73
37 75
37 76
37 77
37 78
37 79
37 80
37 83
37 84
37 85
37 87
37 88
37 91
37 93
37 94
37 95
37 96
37 99
37 100
37 106
37 108
37 109
37 111
37 113
37 118
37 119
37 122
37 123
37 124
37 126
37 127
37 130
37 132
37 136
37 139
37 142
37 144
37 147
37 148
37 149
37 152
37 153
37 154
37 156
37 157
37 158
37 159
37 160
37 161
37 164
37 165
37 171
37 175
37 177
37 178
37 180
37 185
37 187
37 189
37 193
37 194
37 195
37 198
38 40
38 41
38 42
38 43
38 44
38 46
38 47
38 50
38 54
38 56
38 58
38 60
38 61
38 62
38 63
38 65
38 66
38 69
38 70
38 71
38 73
38 74
38 75
38 78
38 79
38 80
38 81
38 86
38 89
38 92
38 93
38 96
38 98
38 100
38 104
38 105
38 110
38 113
38 114
38 115
38 117
38 122
38 124
38 126
38 129
38 131
38 132
38 135
38 136
38 139
38 140
38 144
38 149
38 150
38 154
38 155
38 156
38 157
38 159
38 160
38 163
38 164
38 167
38 168
38 170
38 171
38 172
38 173
38 178
38 181
38 182
38 184
38 185
38 187
38 188
38 193
38 195
38 197
38 198
38 199
39 41
39 42
39 45
39 46
39 47
39 48
39 49
39 50
39 51
39 52
39 54
39 55
39 57
39 61
39 62
39 64
39 67
39 68
39 73
39 77
39 78
39 79
39 81
39 84
39 85
39 87
39 92
39 93
39 94
39 95
39 97
39 100
39 102
39 104
39 107
39 108
39 109
39 110
39 111
39 113
39 116
39 117
39 119
39 120
39 121
39 122
39 123
39 124
39 127
39 128
39 129
39 130
39 131
39 134
39 137
39 139
39 140
39 142
39 143
39 144
39 147
39 149
39 150
39 152
39 153
39 155
39 157
39 158
39 160
39 164
39 165
39 166
39 168
39 169
39 170
39 172
39 173
39 175
39 177
39 178
39 179
39 181
39 184
39 185
39 188
39 189
39 192
39 193
39 195
39 196
39 197
40 42
40 43
40 44
40 49
40 50
40 51
40 54
40 55
40 57
40 59
40 60
40 64
40 65
40 67
40 70
40 72
40 73
40 75
40 76
40 79
40 80
40 81
40 82
40 83
40 85
40 86
40 89
40 91
40 94
40 97
40 101
40 109
40 117
40 121
40 123
40 125
40 126
40 128
40 130
40 131
40 132
40 135
40 136
40 138
40 140
40 143
40 144
40 145
40 146
40 147
40 149
40 150
40 152
40 154
40 155
40 157
40 158
40 159
40 161
40 162
40 166
40 168
40 169
40 171
40 172
40 173
40 174
40 175
40 176
40 178
40 181
40 183
40 184
40 185
40 186
40 189
40 190
40 192
40 193
40 195
40 196
40 197
40 199
41 43
41 45
41 47
41 49
41 51
41 52
41 53
41 54
41 55
41 56
41 57
41 58
41 60
41 62
41 65
41 66
41 67
41 69
41 75
41 78
41 79
41 81
41 83
41 84
41 88
41 95
41 100
41 101
41 102
41 103
41 105
41 110
41 111
41 113
41 114
41 115
41 117
41 122
41 124
41 125
41 128
41 129
41 132
41 134
41 136
41 139
41 141
41 142
41 145
41 147
41 148
41 151
41 152
41 155
41 159
41 161
41 165
41 169
41 170
41 171
41 173
41 174
41 175
41 177
41 178
41 182
41 189
41 190
41 191
41 192
41 193
41 194
41 197
41 198
41 199
42 47
42 48
42 51
42 53
42 56
42 59
42 62
42 63
42 64
42 69
42 70
42 71
42 72
42 74
42 76
42 80
42 82
42 83
42 88
42 89
42 90
42 91
42 92
42 93
42 100
42 102
42 103
42 105
42 106
42 107
42 108
42 112
42 113
42 115
42 117
42 118
42 120
42 121
42 122
42 123
42 124
42 125
42 129
42 131
42 135
42 136
42 138
42 139
42 140
42 141
42 142
42 143
42 144
42 148
42 150
42 153
42 160
42 164
42 166
42 167
42 169
42 171
42 173
42 177
42 178
42 179
42 181
42 182
42 186
42 188
42 189
42 190
42 192
42 193
42 196
42 198
42 199
43 44
43 46
43 52
43 53
43 61
43 62
43 66
43 69
43 70
43 71
43 74
43 79
43 80
43 81
43 82
43 83
43 86
43 88
43 90
43 94
43 96
43 99
43 101
43 103
43 105
43 106
43 108
43 109
43 112
43 113
43 115
43 116
43 120
43 121
43 122
43 123
43 126
43 127
43 128
43 129
43 130
43 133
43 134
43 137
43 140
43 141
43 143
43 144
43 145
43 146
43 149
43 150
43 151
43 153
43 155
43 156
43 158
43 160
43 161
43 162
43 164
43 168
43 173
43 177
43 178
43 180
43 181
43 185
43 187
43 189
43 190
43 191
43 192
43 193
43 194
43 195
43 196
43 197
43 198
44 45
44 47
44 49
44 50
44 52
44 55
44 56
44 57
44 59
44 60
44 62
44 64
44 65
44 67
44 71
44 79
44 81
44 84
44 87
44 89
44 94
44 96
44 97
44 98
44 103
44 105
44 106
44 108
44 110
44 111
44 113
44 115
44 116
44 117
44 118
44 120
44 122
44 125
44 126
44 130
44 132
44 137
44 139
44 142
44 143
44 146
44 148
44 151
44 155
44 156
44 159
44 160
44 161
44 163
44 167
44 172
44 174
44 175
44 176
44 177
44 181
44 182
44 184
44 185
44 186
44 190
44 194
44 195
44 196
44 198
44 199
45 48
45 49
45 51
45 58
45 60
45 66
45 69
45 71
45 73
45 74
45 75
45 77
45 78
45 79
45 80
45 84
45 89
45 91
45 92
45 93
45 95
45 96
45 97
45 102
45 104
45 105
45 106
45 107
45 108
45 110
45 111
45 112
45 113
45 114
45 115
45 118
45 120
45 121
45 123
45 127
45 129
45 134
45 135
45 136
45 140
45 142
45 143
45 144
45 145
45 146
45 148
45 149
45 151
45 153
45 154
45 156
45 157
45 158
45 159
45 162
45 163
45 165
45 166
45 172
45 173
45 174
45 175
45 176
45 178
45 179
45 182
45 183
45 184
45 185
45 186
45 189
45 195
45 196
45 197
45 198
46 49
46 51
46 52
46 56
46 57
46 58
46 63
46 65
46 66
46 68
46 73
46 75
46 76
46 79
46 80
46 81
46 83
46 84
46 85
46 86
46 87
46 88
46 90
46 92
46 93
46 96
46 98
46 99
46 101
46 102
46 104
46 106
46 108
46 109
46 112
46 115
46 116
46 118
46 122
46 124
46 128
46 129
46 130
46 134
46 136
46 139
46 140
46 141
46 142
46 143
46 144
46 145
46 146
46 150
46 151
46 152
46 159
46 160
46 161
46 165
46 166
46 167
46 168
46 169
46 170
46 171
46 174
46 175
46 176
46 178
46 179
46 180
46 182
46 183
46 184
46 185
46 186
46 188
46 189
46 190
46 192
46 193
46 194
46 197
46 198
46 199
47 48
47 49
47 52
47 54
47 55
47 56
47 59
47 60
47 64
47 65
47 67
47 68
47 72
47 76
47 79
47 80
47 81
47 84
47 85
47 88
47 90
47 93
47 94
47 96
47 97
47 100
47 102
47 109
47 110
47 114
47 116
47 117
47 120
47 121
47 125
47 129
47 130
47 133
47 134
47 135
47 137
47 138
47 139
47 140
47 141
47 142
47 145
47 148
47 150
47 153
47 154
47 156
47 159
47 163
47 164
47 168
47 169
47 172
47 173
47 179
47 181
47 182
47 184
47 185
47 190
47 191
47 192
47 194
47 198
47 199
48 52
48 53
48 56
48 58
48 59
48 62
48 63
48 65
48 67
48 68
48 69
48 70
48 72
48 76
48 80
48 93
48 95
48 98
48 101
48 103
48 113
48 118
48 119
48 120
48 125
48 130
48 133
48 134
48 135
48 136
48 137
48 138
48 140
48 143
48 144
48 146
48 148
48 149
48 150
48 152
48 154
48 156
48 160
48 162
48 167
48 170
48 172
48 173
48 178
48 179
48 181
48 184
48 186
48 187
48 190
48 191
48 194
48 195
48 197
48 199
49 50
49 51
49 52
49 53
49 54
49 55
49 56
49 57
49 59
49 60
49 63
49 65
49 66
49 67
49 71
49 72
49 75
49 78
49 79
49 82
49 83
49 86
49 88
49 90
49 93
49 94
49 96
49 104
49 105
49 108
49 110
49 111
49 112
49 113
49 115
49 119
49 122
49 126
49 127
49 128
49 129
49 132
49 133
49 135
49 136
49 137
49 138
49 139
49 140
49 141
49 142
49 144
49 147
49 149
49 152
49 156
49 158
49 163
49 167
49 169
49 170
49 172
49 174
49 175
49 176
49 178
49 179
49 180
49 182
49 183
49 189
49 190
49 191
49 195
49 197
49 199
50 51
50 52
50 53
50 54
50 55
50 57
50 59
50 62
50 64
50 65
50 66
50 67
50 68
50 70
50 73
50 74
50 78
50 81
50 85
50 86
50 87
50 89
50 90
50 91
50 92
50 94
50 95
50 97
50 98
50 100
50 105
50 106
50 108
50 112
50 113
50 115
50 120
50 121
50 122
50 123
50 125
50 126
50 127
50 131
50 133
50 134
50 135
50 144
50 145
50 147
50 148
50 150
50 151
50 152
50 153
50 155
50 159
50 161
50 163
50 165
50 167
50 171
50 173
50 174
50 176
50 178
50 179
50 181
50 183
50 185
50 188
50 190
50 191
50 195
50 197
50 198
50 199
51 53
51 54
51 55
51 56
51 57
51 59
51 65
51 66
51 67
51 68
51 75
51 77
51 78
51 79
51 80
51 81
51 83
51 86
51 99
51 102
51 109
51 110
51 112
51 116
51 117
51 118
51 121
51 122
51 124
51 127
51 128
51 132
51 135
51 138
51 143
51 144
51 145
51 146
51 147
51 148
51 149
51 152
51 153
51 154
51 157
51 160
51 161
51 162
51 163
51 164
51 165
51 166
51 168
51 169
51 170
51 174
51 175
51 176
51 178
51 179
51 181
51 183
51 184
51 186
51 187
51 192
51 194
51 195
51 197
51 199
52 53
52 58
52 62
52 63
52 67
52 70
52 75
52 76
52 85
52 89
52 91
52 92
52 93
52 97
52 98
52 99
52 100
52 104
52 107
52 112
52 114
52 115
52 117
52 118
52 119
52 122
52 124
52 125
52 129
52 130
52 132
52 133
52 136
52 139
52 140
52 142
52 145
52 146
52 148
52 149
52 151
52 153
52 154
52 157
52 161
52 163
52 165
52 166
52 169
52 170
52 172
52 174
52 176
52 177
52 182
52 183
52 186
52 189
52 190
52 192
52 193
52 194
52 195
52 199
53 57
53 58
53 62
53 66
53 69
53 70
53 72
53 75
53 78
53 79
53 81
53 82
53 86
53 88
53 90
53 91
53 100
53 102
53 103
53 104
53 106
53 109
53 110
53 111
53 112
53 114
53 115
53 116
53 117
53 118
53 119
53 120
53 121
53 126
53 128
53 130
53 138
53 140
53 141
53 142
53 143
53 144
53 146
53 147
53 148
53 151
53 152
53 154
53 155
53 156
53 161
53 162
53 164
53 165
53 167
53 174
53 177
53 178
53 180
53 181
53 184
53 190
53 191
53 193
54 57
54 58
54 59
54 61
54 63
54 65
54 66
54 68
54 69
54 70
54 76
54 77
54 78
54 81
54 82
54 83
54 85
54 87
54 88
54 89
54 91
54 93
54 94
54 98
54 100
54 101
54 102
54 104
54 106
54 107
54 108
54 109
54 110
54 111
54 114
54 115
54 116
54 117
54 118
54 119
54 121
54 122
54 125
54 131
54 133
54 134
54 135
54 136
54 137
54 138
54 140
54 141
54 144
54 146
54 147
54 149
54 150
54 151
54 157
54 158
54 161
54 169
54 170
54 171
54 172
54 175
54 181
54 183
54 186
54 187
54 188
54 189
54 190
54 191
54 192
54 193
54 194
54 195
54 199
55 56
55 57
55 59
55 62
55 64
55 67
55 68
55 69
55 70
55 71
55 72
55 75
55 78
55 80
55 81
55 83
55 84
55 85
55 86
55 88
55 90
55 91
55 92
55 94
55 95
55 98
55 106
55 108
55 109
55 110
55 112
55 114
55 117
55 118
55 119
55 122
55 123
55 124
55 125
55 127
55 129
55 130
55 133
55 134
55 135
55 137
55 140
55 145
55 149
55 150
55 153
55 154
55 157
55 158
55 160
55 164
55 165
55 167
55 169
55 171
55 178
55 182
55 183
55 184
55 185
55 186
55 189
55 192
55 193
55 194
55 195
55 199
56 59
56 60
56 61
56 62
56 65
56 67
56 69
56 74
56 75
56 87
56 89
56 90
56 91
56 93
56 95
56 97
56 98
56 100
56 102
56 104
56 105
56 106
56 107
56 109
56 111
56 113
56 114
56 115
56 117
56 118
56 123
56 124
56 125
56 126
56 130
56 131
56 133
56 136
56 138
56 140
56 141
56 142
56 143
56 149
56 151
56 154
56 158
56 163
56 164
56 165
56 168
56 170
56 172
56 177
56 178
56 187
56 188
56 190
56 193
56 195
56 196
56 197
57 61
57 66
57 67
57 68
57 70
57 71
57 73
57 75
57 76
57 77
57 78
57 80
57 81
57 82
57 83
57 89
57 91
57 92
57 93
57 94
57 95
57 98
57 100
57 101
57 102
57 104
57 107
57 108
57 109
57 113
57 115
57 116
57 119
57 120
57 122
57 124
57 125
57 129
57 130
57 131
57 132
57 133
57 141
57 146
57 149
57 153
57 155
57 156
57 157
57 160
57 161
57 162
57 164
57 172
57 175
57 177
57 178
57 179
57 180
57 182
57 183
57 186
57 187
57 189
57 190
57 191
57 192
57 193
57 195
57 197
57 199
58 59
58 62
58 65
58 67
58 69
58 71
58 73
58 76
58 78
58 80
58 81
58 84
58 88
58 89
58 90
58 91
58 92
58 94
58 97
58 98
58 99
58 100
58 101
58 102
58 104
58 105
58 106
58 108
58 109
58 110
58 112
58 114
58 115
58 122
58 127
58 131
58 132
58 133
58 135
58 136
58 137
58 139
58 140
58 141
58 142
58 144
58 146
58 148
58 149
58 151
58 153
58 154
58 157
58 158
58 160
58 163
58 165
58 166
58 167
58 172
58 174
58 175
58 181
58 189
58 190
58 191
58 192
58 193
58 195
58 196
58 197
58 199
59 60
59 61
59 65
59 68
59 70
59 71
59 72
59 73
59 76
59 77
59 83
59 84
59 85
59 87
59 88
59 90
59 92
59 95
59 98
59 99
59 101
59 103
59 107
59 108
59 109
59 110
59 112
59 116
59 118
59 119
59 121
59 122
59 123
59 124
59 127
59 129
59 130
59 132
59 133
59 136
59 137
59 138
59 141
59 142
59 144
59 146
59 147
59 149
59 151
59 154
59 155
59 157
59 159
59 160
59 161
59 165
59 168
59 169
59 171
59 173
59 174
59 176
59 179
59 180
59 184
59 185
59 186
59 187
59 188
59 189
59 195
59 196
59 198
59 199
60 61
60 63
60 64
60 69
60 75
60 76
60 77
60 78
60 79
60 80
60 81
60 82
60 83
60 84
60 85
60 89
60 96
60 98
60 100
60 104
60 105
60 109
60 110
60 111
60 112
60 114
60 116
60 117
60 119
60 122
60 123
60 125
60 131
60 134
60 136
60 138
60 139
60 141
60 144
60 145
60 146
60 147
60 149
60 152
60 153
60 156
60 162
60 166
60 168
60 170
60 171
60 172
60 175
60 179
60 181
60 184
60 185
60 186
60 187
60 189
60 191
60 193
60 194
60 196
61 65
61 67
61 71
61 76
61 79
61 80
61 84
61 85
61 86
61 88
61 89
61 90
61 91
61 93
61 94
61 95
61 96
61 99
61 104
61 105
61 108
61 109
61 111
61 112
61 113
61 114
61 115
61 118
61 121
61 122
61 126
61 127
61 128
61 129
61 130
61 132
61 133
61 135
61 136
61 137
61 141
61 145
61 150
61 151
61 153
61 155
61 160
61 161
61 165
61 168
61 169
61 170
61 172
61 175
61 178
61 182
61 185
61 186
61 187
61 188
61 189
61 190
61 192
61 193
61 194
61 195
61 199
62 64
62 68
62 69
62 72
62 73
62 74
62 78
62 80
62 82
62 84
62 90
62 92
62 93
62 94
62 99
62 101
62 102
62 103
62 105
62 106
62 107
62 108
62 110
62 111
62 112
62 119
62 120
62 121
62 122
62 123
62 126
62 127
62 128
62 130
62 131
62 134
62 135
62 137
62 138
62 139
62 142
62 143
62 145
62 147
62 148
62 150
62 151
62 154
62 155
62 156
62 157
62 158
62 159
62 160
62 162
62 164
62 165
62 166
62 170
62 172
62 173
62 174
62 175
62 178
62 179
62 183
62 184
62 186
62 187
62 188
62 189
62 191
62 193
62 197
62 198
62 199
63 66
63 67
63 68
63 69
63 70
63 72
63 73
63 74
63 75
63 76
63 78
63 81
63 83
63 88
63 91
63 93
63 94
63 97
63 100
63 103
63 105
63 107
63 109
63 111
63 114
63 115
63 118
63 121
63 122
63 124
63 125
63 126
63 128
63 129
63 130
63 131
63 134
63 135
63 138
63 141
63 142
63 145
63 147
63 150
63 151
63 152
63 153
63 154
63 159
63 162
63 163
63 164
63 166
63 167
63 170
63 173
63 175
63 176
63 177
63 178
63 179
63 182
63 185
63 189
63 191
63 192
63 194
63 196
64 65
64 66
64 67
64 71
64 72
64 73
64 74
64 75
64 76
64 77
64 82
64 84
64 87
64 92
64 94
64 98
64 99
64 100
64 101
64 103
64 112
64 114
64 115
64 117
64 119
64 121
64 122
64 123
64 124
64 125
64 126
64 131
64 132
64 134
64 136
64 139
64 141
64 144
64 146
64 147
64 148
64 149
64 150
64 152
64 154
64 155
64 159
64 160
64 162
64 163
64 166
64 168
64 170
64 171
64 173
64 174
64 176
64 177
64 182
64 185
64 190
64 191
64 199
65 67
65 69
65 71
65 72
65 73
65 75
65 76
65 81
65 84
65 91
65 94
65 95
65 96
65 99
65 100
65 101
65 105
65 106
65 108
65 109
65 112
65 116
65 117
65 121
65 125
65 126
65 127
65 128
65 133
65 134
65 138
65 140
65 142
65 145
65 146
65 147
65 149
65 150
65 151
65 152
65 155
65 156
65 157
65 160
65 161
65 162
65 164
65 167
65 171
65 172
65 173
65 175
65 177
65 179
65 180
65 183
65 185
65 189
65 193
65 195
65 199
66 67
66 69
66 70
66 72
66 73
66 74
66 76
66 77
66 78
66 80
66 81
66 83
66 84
66 85
66 86
66 87
66 88
66 89
66 94
66 95
66 97
66 99
66 100
66 103
66 104
66 105
66 108
66 109
66 110
66 111
66 113
66 115
66 117
66 120
66 122
66 123
66 125
66 126
66 127
66 131
66 132
66 133
66 139
66 141
66 144
66 146
66 148
66 150
66 151
66 153
66 154
66 155
66 157
66 158
66 161
66 163
66 164
66 167
66 170
66 171
66 172
66 173
66 174
66 176
66 178
66 181
66 182
66 187
66 188
66 190
66 195
66 198
66 199
67 68
67 69
67 72
67 75
67 76
67 78
67 79
67 80
67 81
67 82
67 85
67 88
67 89
67 90
67 91
67 92
67 93
67 95
67 96
67 97
67 98
67 99
67 103
67 104
67 105
67 106
67 107
67 108
67 110
67 111
67 113
67 114
67 115
67 118
67 119
67 123
67 124
67 125
67 126
67 129
67 130
67 131
67 132
67 134
67 135
67 138
67 139
67 142
67 143
67 144
67 146
67 149
67 150
67 151
67 152
67 153
67 154
67 155
67 156
67 157
67 159
67 160
67 161
67 162
67 163
67 164
67 166
67 168
67 170
67 171
67 175
67 176
67 177
67 179
67 180
67 182
67 183
67 185
67 188
67 189
67 192
67 195
67 196
68 70
68 73
68 75
68 77
68 78
68 80
68 83
68 87
68 91
68 93
68 94
68 95
68 97
68 99
68 100
68 101
68 103
68 109
68 117
68 118
68 119
68 120
68 121
68 122
68 123
68 124
68 126
68 127
68 128
68 129
68 135
68 136
68 137
68 139
68 141
68 147
68 148
68 151
68 153
68 156
68 158
68 159
68 162
68 163
68 165
68 166
68 169
68 170
68 173
68 174
68 175
68 176
68 178
68 180
68 182
68 184
68 185
68 186
68 187
68 189
68 190
68 191
68 192
68 194
68 195
68 196
68 197
68 198
68 199
69 72
69 73
69 75
69 77
69 78
69 79
69 80
69 85
69 87
69 88
69 89
69 91
69 92
69 93
69 95
69 96
69 97
69 98
69 106
69 108
69 111
69 113
69 114
69 116
69 119
69 121
69 122
69 124
69 125
69 126
69 134
69 139
69 140
69 141
69 144
69 147
69 150
69 153
69 154
69 155
69 156
69 159
69 163
69 164
69 168
69 170
69 171
69 172
69 173
69 175
69 177
69 178
69 179
69 180
69 181
69 184
69 187
69 189
69 192
69 193
69 194
69 195
69 196
69 197
70 71
70 73
70 74
70 76
70 81
70 83
70 85
70 87
70 89
70 94
70 95
70 96
70 97
70 99
70 100
70 101
70 102
70 103
70 105
70 107
70 108
70 109
70 112
70 114
70 119
70 122
70 123
70 126
70 127
70 128
70 133
70 135
70 138
70 139
70 141
70 142
70 143
70 144
70 147
70 148
70 149
70 150
70 151
70 154
70 156
70 157
70 158
70 159
70 160
70 162
70 165
70 168
70 171
70 173
70 175
70 176
70 184
70 185
70 186
70 187
70 188
70 190
70 191
70 196
70 199
71 72
71 73
71 75
71 76
71 77
71 78
71 79
71 84
71 86
71 88
71 89
71 91
71 93
71 94
71 95
71 96
71 98
71 99
71 100
71 105
71 106
71 108
71 110
71 111
71 112
71 114
71 116
71 118
71 121
71 122
71 123
71 124
71 125
71 133
71 134
71 135
71 138
71 140
71 141
71 142
71 143
71 144
71 146
71 147
71 148
71 154
71 156
71 161
71 164
71 165
71 166
71 167
71 169
71 173
71 175
71 177
71 179
71 182
71 183
71 185
71 186
71 187
71 190
71 191
71 192
71 194
71 198
72 82
72 84
72 85
72 86
72 88
72 90
72 94
72 95
72 96
72 97
72 98
72 99
72 105
72 106
72 107
72 108
72 109
72 110
72 111
72 114
72 116
72 117
72 119
72 120
72 121
72 122
72 123
72 124
72 125
72 126
72 129
72 131
72 132
72 134
72 135
72 137
72 138
72 139
72 141
72 142
72 144
72 145
72 147
72 150
72 155
72 156
72 158
72 160
72 161
72 162
72 163
72 164
72 165
72 166
72 168
72 172
72 176
72 177
72 178
72 179
72 187
72 192
72 193
72 194
72 195
72 199
73 76
73 82
73 84
73 87
73 90
73 91
73 92
73 96
73 98
73 103
73 105
73 106
73 111
73 112
73 114
73 117
73 118
73 119
73 123
73 124
73 126
73 128
73 129
73 130
73 132
73 133
73 134
73 135
73 136
73 141
73 142
73 143
73 144
73 145
73 146
73 148
73 150
73 151
73 152
73 153
73 154
73 155
73 157
73 159
73 161
73 162
73 164
73 165
73 167
73 169
73 172
73 173
73 176
73 179
73 183
73 184
73 185
73 186
73 187
73 189
73 190
73 192
73 194
73 195
73 196
73 199
74 75
74 76
74 77
74 78
74 79
74 80
74 82
74 83
74 84
74 86
74 88
74 89
74 90
74 92
74 93
74 94
74 100
74 101
74 102
74 103
74 104
74 106
74 108
74 110
74 112
74 113
74 117
74 118
74 120
74 122
74 126
74 127
74 128
74 129
74 133
74 134
74 136
74 137
74 139
74 141
74 146
74 147
74 150
74 153
74 155
74 156
74 159
74 160
74 161
74 163
74 165
74 166
74 167
74 175
74 179
74 183
74 184
74 185
74 187
74 188
74 192
74 194
74 195
74 196
74 197
75 77
75 78
75 80
75 81
75 82
75 85
75 86
75 89
75 90
75 92
75 93
75 94
75 96
75 97
75 98
75 100
75 102
75 105
75 107
75 113
75 118
75 120
75 121
75 122
75 124
75 127
75 133
75 134
75 135
75 136
75 138
75 139
75 144
75 145
75 147
75 152
75 153
75 154
75 158
75 160
75 161
75 162
75 164
75 165
75 166
75 167
75 171
75 173
75 176
75 180
75 181
75 182
75 183
75 185
75 188
75 189
75 190
75 193
75 195
75 196
76 79
76 80
76 81
76 82
76 83
76 84
76 85
76 86
76 88
76 89
76 90
76 91
76 94
76 96
76 98
76 99
76 100
76 108
76 111
76 116
76 117
76 121
76 122
76 123
76 126
76 127
76 134
76 135
76 136
76 138
76 141
76 142
76 143
76 145
76 147
76 148
76 150
76 153
76 154
76 155
76 156
76 159
76 161
76 162
76 163
76 164
76 165
76 167
76 168
76 169
76 172
76 175
76 176
76 177
76 178
76 179
76 180
76 183
76 188
76 191
76 193
76 197
76 199
77 78
77 86
77 89
77 94
77 96
77 98
77 107
77 111
77 114
77 116
77 117
77 121
77 124
77 125
77 126
77 127
77 130
77 133
77 140
77 145
77 147
77 149
77 154
77 155
77 156
77 158
77 160
77 165
77 169
77 171
77 173
77 175
77 176
77 179
77 180
77 181
77 182
77 184
77 187
77 190
77 191
77 195
77 197
78 79
78 81
78 84
78 85
78 88
78 92
78 93
78 95
78 96
78 98
78 99
78 100
78 101
78 102
78 104
78 106
78 107
78 109
78 111
78 113
78 116
78 117
78 120
78 127
78 129
78 130
78 133
78 134
78 138
78 143
78 146
78 147
78 148
78 150
78 151
78 154
78 155
78 156
78 158
78 162
78 163
78 166
78 167
78 168
78 169
78 170
78 173
78 174
78 175
78 178
78 179
78 181
78 182
78 183
78 191
78 193
78 194
78 195
78 197
78 198
78 199
79 80
79 81
79 82
79 83
79 84
79 85
79 88
79 90
79 93
79 99
79 100
79 101
79 103
79 104
79 107
79 108
79 109
79 116
79 120
79 123
79 125
79 126
79 127
79 129
79 132
79 133
79 138
79 139
79 141
79 142
79 143
79 146
79 151
79 154
79 156
79 157
79 159
79 161
79 163
79 165
79 168
79 169
79 170
79 171
79 172
79 173
79 174
79 175
79 177
79 178
79 179
79 181
79 183
79 184
79 186
79 187
79 191
79 192
79 193
79 197
79 199
80 82
80 83
80 86
80 87
80 88
80 89
80 91
80 92
80 97
80 98
80 99
80 100
80 102
80 104
80 105
80 106
80 107
80 108
80 110
80 112
80 117
80 118
80 119
80 120
80 122
80 123
80 127
80 130
80 131
80 133
80 134
80 135
80 136
80 139
80 140
80 142
80 143
80 145
80 151
80 152
80 153
80 156
80 157
80 158
80 159
80 161
80 163
80 164
80 165
80 170
80 173
80 175
80 178
80 179
80 180
80 181
80 182
80 185
80 187
80 189
80 191
80 192
80 193
80 195
81 83
81 84
81 85
81 87
81 88
81 90
81 91
81 92
81 93
81 94
81 98
81 100
81 102
81 103
81 110
81 111
81 112
81 117
81 120
81 123
81 124
81 125
81 126
81 131
81 132
81 135
81 142
81 145
81 147
81 148
81 151
81 158
81 159
81 160
81 161
81 164
81 169
81 170
81 172
81 173
81 175
81 176
81 180
81 183
81 184
81 191
81 192
81 195
81 196
81 198
81 199
82 88
82 90
82 91
82 94
82 97
82 98
82 99
82 100
82 103
82 105
82 106
82 107
82 109
82 110
82 113
82 114
82 116
82 117
82 118
82 120
82 121
82 122
82 123
82 124
82 125
82 127
82 130
82 132
82 134
82 135
82 138
82 139
82 142
82 144
82 146
82 148
82 150
82 156
82 158
82 159
82 161
82 162
82 165
82 168
82 180
82 181
82 182
82 183
82 184
82 186
82 188
82 189
82 191
82 192
82 197
82 198
83 86
83 87
83 89
83 90
83 92
83 93
83 97
83 101
83 106
83 108
83 111
83 113
83 115
83 117
83 120
83 122
83 126
83 129
83 130
83 134
83 135
83 138
83 140
83 141
83 142
83 143
83 145
83 147
83 148
83 151
83 152
83 157
83 158
83 167
83 168
83 169
83 170
83 171
83 173
83 177
83 178
83 180
83 184
83 185
83 186
83 187
83 190
83 191
83 192
83 193
83 194
83 196
83 197
84 86
84 87
84 90
84 91
84 92
84 98
84 99
84 100
84 101
84 103
84 104
84 106
84 108
84 111
84 112
84 113
84 115
84 116
84 118
84 120
84 121
84 125
84 126
84 127
84 128
84 130
84 131
84 133
84 134
84 136
84 139
84 142
84 143
84 148
84 151
84 152
84 153
84 154
84 158
84 160
84 161
84 164
84 169
84 171
84 172
84 174
84 175
84 178
84 181
84 182
84 186
84 187
84 190
84 191
84 192
84 193
84 194
85 86
85 92
85 94
85 95
85 99
85 101
85 102
85 103
85 105
85 109
85 110
85 112
85 114
85 119
85 122
85 123
85 124
85 126
85 127
85 130
85 131
85 133
85 135
85 136
85 137
85 139
85 141
85 142
85 143
85 144
85 148
85 151
85 152
85 154
85 158
85 159
85 164
85 166
85 170
85 171
85 175
85 176
85 180
85 184
85 185
85 186
85 188
85 189
85 190
85 192
85 193
85 195
85 196
85 197
85 199
86 87
86 89
86 90
86 92
86 94
86 96
86 97
86 98
86 99
86 102
86 105
86 110
86 111
86 112
86 113
86 115
86 118
86 121
86 122
86 123
86 128
86 130
86 132
86 135
86 136
86 137
86 141
86 142
86 143
86 145
86 148
86 150
86 151
86 154
86 156
86 158
86 164
86 167
86 169
86 171
86 173
86 175
86 176
86 177
86 179
86 181
86 183
86 185
86 186
86 187
86 189
86 191
86 195
86 197
86 199
87 88
87 91
87 93
87 94
87 95
87 96
87 98
87 100
87 103
87 104
87 105
87 106
87 109
87 110
87 111
87 112
87 114
87 116
87 117
87 120
87 121
87 124
87 125
87 126
87 127
87 129
87 130
87 132
87 133
87 134
87 135
87 140
87 141
87 142
87 146
87 148
87 151
87 154
87 155
87 156
87 157
87 158
87 159
87 160
87 162
87 163
87 164
87 167
87 169
87 171
87 172
87 176
87 178
87 179
87 183
87 190
87 191
87 193
87 195
87 197
88 89
88 94
88 97
88 102
88 105
88 106
88 107
88 109
88 110
88 112
88 113
88 114
88 117
88 121
88 122
88 125
88 131
88 134
88 137
88 140
88 142
88 143
88 144
88 145
88 146
88 147
88 151
88 152
88 155
88 157
88 158
88 160
88 163
88 167
88 169
88 170
88 172
88 175
88 176
88 177
88 178
88 179
88 180
88 181
88 182
88 183
88 184
88 185
88 186
88 187
88 190
88 195
88 199
89 91
89 96
89 97
89 98
89 99
89 100
89 101
89 104
89 107
89 109
89 111
89 114
89 115
89 117
89 119
89 120
89 123
89 125
89 127
89 128
89 129
89 130
89 133
89 135
89 136
89 137
89 138
89 139
89 141
89 142
89 147
89 148
89 149
89 153
89 156
89 157
89 160
89 162
89 163
89 164
89 165
89 166
89 168
89 169
89 170
89 172
89 174
89 177
89 182
89 183
89 184
89 186
89 187
89 188
89 194
89 195
89 198
89 199
90 93
90 96
90 99
90 100
90 101
90 104
90 105
90 106
90 109
90 110
90 111
90 112
90 114
90 115
90 118
90 119
90 121
90 122
90 125
90 126
90 129
90 130
90 132
90 134
90 135
90 136
90 137
90 140
90 141
90 143
90 145
90 146
90 147
90 149
90 150
90 153
90 154
90 155
90 156
90 157
90 158
90 159
90 160
90 161
90 167
90 169
90 170
90 173
90 174
90 175
90 176
90 178
90 182
90 185
90 186
90 188
90 189
90 190
90 194
90 197
90 199
91 92
91 93
91 95
91 96
91 97
91 101
91 102
91 103
91 104
91 109
91 111
91 112
91 114
91 116
91 117
91 119
91 120
91 121
91 122
91 123
91 126
91 128
91 129
91 133
91 134
91 135
91 138
91 139
91 140
91 141
91 143
91 144
91 145
91 146
91 150
91 151
91 153
91 155
91 164
91 167
91 168
91 169
91 172
91 174
91 177
91 178
91 179
91 180
91 181
91 183
91 188
91 190
91 192
91 194
91 195
91 199
92 93
92 94
92 95
92 97
92 103
92 105
92 106
92 108
92 111
92 113
92 114
92 116
92 120
92 121
92 122
92 127
92 128
92 131
92 132
92 138
92 139
92 142
92 143
92 147
92 149
92 150
92 151
92 154
92 156
92 161
92 163
92 165
92 166
92 169
92 170
92 172
92 173
92 174
92 176
92 179
92 180
92 182
92 184
92 186
92 187
92 188
92 189
92 191
92 192
92 193
92 194
92 198
92 199
93 94
93 95
93 96
93 97
93 99
93 100
93 101
93 107
93 110
93 112
93 113
93 114
93 117
93 118
93 121
93 122
93 123
93 127
93 128
93 130
93 131
93 135
93 136
93 138
93 139
93 140
93 143
93 144
93 145
93 148
93 149
93 153
93 154
93 155
93 161
93 162
93 163
93 164
93 166
93 167
93 172
93 174
93 176
93 177
93 178
93 179
93 184
93 185
93 186
93 188
93 189
93 190
93 192
93 193
93 194
93 196
93 197
94 98
94 99
94 100
94 102
94 103
94 105
94 106
94 107
94 108
94 111
94 113
94 114
94 117
94 119
94 120
94 121
94 124
94 125
94 130
94 131
94 135
94 138
94 140
94 141
94 143
94 146
94 147
94 151
94 159
94 160
94 165
94 169
94 170
94 172
94 173
94 176
94 178
94 179
94 183
94 188
94 189
94 191
94 193
94 197
94 199
95 98
95 99
95 101
95 102
95 103
95 104
95 105
95 109
95 112
95 114
95 117
95 118
95 121
95 125
95 128
95 133
95 134
95 136
95 138
95 141
95 145
95 149
95 151
95 152
95 154
95 157
95 158
95 160
95 162
95 165
95 166
95 169
95 171
95 173
95 176
95 177
95 178
95 179
95 180
95 181
95 183
95 184
95 185
95 187
95 188
95 193
95 195
95 196
95 198
95 199
96 98
96 100
96 103
96 104
96 106
96 107
96 108
96 111
96 114
96 115
96 116
96 120
96 121
96 125
96 127
96 128
96 129
96 130
96 131
96 133
96 138
96 142
96 143
96 144
96 145
96 146
96 147
96 148
96 149
96 150
96 151
96 152
96 154
96 156
96 157
96 160
96 161
96 162
96 164
96 165
96 166
96 168
96 169
96 172
96 175
96 180
96 182
96 184
96 185
96 188
96 189
96 190
96 191
96 192
96 194
96 198
97 99
97 100
97 102
97 103
97 104
97 105
97 107
97 109
97 110
97 114
97 116
97 118
97 119
97 122
97 124
97 125
97 126
97 127
97 129
97 130
97 131
97 132
97 133
97 135
97 137
97 138
97 139
97 142
97 143
97 144
97 145
97 150
97 152
97 153
97 154
97 155
97 162
97 163
97 165
97 167
97 168
97 170
97 172
97 175
97 177
97 178
97 179
97 180
97 183
97 185
97 187
97 189
97 191
97 192
97 193
97 194
97 197
97 199
98 99
98 105
98 107
98 109
98 110
98 111
98 113
98 114
98 115
98 116
98 117
98 119
98 120
98 125
98 127
98 129
98 131
98 133
98 142
98 144
98 146
98 148
98 149
98 150
98 151
98 153
98 154
98 155
98 157
98 158
98 159
98 164
98 166
98 167
98 168
98 169
98 170
98 171
98 174
98 181
98 182
98 185
98 186
98 188
98 190
98 191
98 194
98 195
98 196
98 197
99 100
99 102
99 108
99 110
99 111
99 112
99 114
99 115
99 118
99 121
99 122
99 128
99 130
99 131
99 133
99 134
99 135
99 136
99 138
99 141
99 144
99 146
99 148
99 149
99 152
99 154
99 156
99 157
99 158
99 161
99 162
99 167
99 170
99 171
99 173
99 174
99 175
99 176
99 178
99 180
99 186
99 187
99 189
99 190
99 191
99 192
99 194
99 196
99 198
99 199
100 102
100 103
100 104
100 107
100 108
100 110
100 112
100 113
100 114
100 115
100 118
100 122
100 123
100 124
100 125
100 128
100 129
100 135
100 136
100 138
100 140
100 141
100 143
100 144
100 145
100 146
100 152
100 154
100 156
100 157
100 158
100 160
100 161
100 163
100 164
100 165
100 167
100 169
100 170
100 174
100 175
100 177
100 179
100 181
100 182
100 183
100 185
100 186
100 188
100 191
100 192
100 195
100 198
100 199
101 104
101 108
101 109
101 110
101 111
101 113
101 120
101 123
101 127
101 128
101 129
101 130
101 133
101 136
101 137
101 138
101 140
101 143
101 149
101 152
101 154
101 156
101 160
101 161
101 163
101 164
101 166
101 167
101 169
101 170
101 171
101 173
101 175
101 179
101 183
101 184
101 186
101 188
101 190
101 194
101 196
101 197
101 198
102 103
102 106
102 107
102 110
102 112
102 113
102 114
102 115
102 116
102 118
102 119
102 120
102 121
102 122
102 123
102 125
102 126
102 127
102 128
102 131
102 132
102 135
102 138
102 139
102 140
102 141
102 143
102 144
102 147
102 152
102 153
102 155
102 157
102 164
102 165
102 168
102 169
102 171
102 173
102 176
102 180
102 181
102 191
102 195
103 104
103 106
103 109
103 110
103 111
103 112
103 114
103 116
103 117
103 118
103 119
103 120
103 122
103 131
103 132
103 134
103 135
103 136
103 139
103 140
103 141
103 142
103 144
103 147
103 149
103 151
103 152
103 153
103 154
103 155
103 158
103 159
103 164
103 166
103 167
103 171
103 172
103 173
103 177
103 178
103 179
103 180
103 181
103 185
103 188
103 189
103 190
103 192
103 194
103 197
103 199
104 107
104 108
104 110
104 111
104 115
104 116
104 117
104 118
104 119
104 120
104 122
104 125
104 127
104 128
104 129
104 130
104 134
104 136
104 139
104 142
104 146
104 147
104 150
104 151
104 154
104 156
104 158
104 159
104 160
104 162
104 163
104 164
104 165
104 166
104 167
104 168
104 169
104 171
104 179
104 181
104 182
104 183
104 185
104 186
104 188
104 189
104 192
104 195
104 196
104 197
104 199
105 111
105 112
105 114
105 117
105 118
105 121
105 122
105 124
105 125
105 127
105 132
105 133
105 134
105 137
105 138
105 139
105 141
105 142
105 143
105 144
105 146
105 149
105 150
105 151
105 153
105 154
105 155
105 160
105 161
105 162
105 163
105 166
105 168
105 169
105 170
105 172
105 174
105 177
105 178
105 181
105 184
105 186
105 187
105 189
105 190
105 191
105 192
105 197
105 198
106 109
106 110
106 111
106 112
106 117
106 120
106 122
106 123
106 125
106 126
106 127
106 132
106 134
106 135
106 137
106 139
106 142
106 143
106 144
106 146
106 149
106 152
106 155
106 159
106 160
106 165
106 166
106 170
106 172
106 174
106 175
106 179
106 182
106 184
106 186
106 188
106 189
106 190
106 192
106 193
106 195
106 196
107 109
107 110
107 113
107 114
107 116
107 117
107 120
107 121
107 123
107 124
107 125
107 126
107 127
107 128
107 129
107 130
107 131
107 133
107 136
107 139
107 144
107 145
107 146
107 147
107 149
107 151
107 152
107 153
107 155
107 156
107 157
107 158
107 161
107 167
107 171
107 175
107 176
107 182
107 186
107 187
107 192
107 193
107 195
107 197
107 198
107 199
108 115
108 119
108 120
108 122
108 126
108 129
108 130
108 132
108 133
108 135
108 136
108 137
108 138
108 139
108 141
108 142
108 144
108 147
108 148
108 149
108 150
108 151
108 153
108 154
108 155
108 157
108 158
108 159
108 160
108 162
108 164
108 165
108 167
108 171
108 174
108 175
108 176
108 179
108 180
108 185
108 188
108 190
108 192
108 194
108 196
108 197
109 110
109 111
109 112
109 114
109 118
109 119
109 121
109 122
109 125
109 126
109 128
109 129
109 130
109 131
109 133
109 135
109 136
109 137
109 138
109 139
109 141
109 146
109 147
109 148
109 149
109 150
109 152
109 154
109 155
109 158
109 159
109 160
109 161
109 163
109 164
109 166
109 167
109 169
109 170
109 172
109 178
109 180
109 181
109 184
109 185
109 186
109 189
109 190
109 191
109 193
109 194
109 195
109 197
109 199
110 112
110 113
110 115
110 116
110 118
110 121
110 122
110 123
110 124
110 125
110 127
110 128
110 130
110 133
110 134
110 135
110 136
110 137
110 139
110 140
110 143
110 144
110 145
110 146
110 148
110 149
110 151
110 152
110 153
110 154
110 158
110 160
110 164
110 165
110 166
110 174
110 175
110 176
110 177
110 180
110 185
110 187
110 188
110 190
110 191
110 192
110 194
110 195
110 196
110 199
111 112
111 113
111 115
111 119
111 121
111 122
111 124
111 126
111 128
111 130
111 133
111 135
111 136
111 138
111 139
111 140
111 141
111 142
111 144
111 146
111 147
111 148
111 149
111 151
111 152
111 153
111 154
111 155
111 156
111 157
111 162
111 163
111 165
111 166
111 170
111 172
111 173
111 175
111 177
111 179
111 180
111 183
111 184
111 186
111 189
111 190
111 191
111 196
111 197
111 198
112 114
112 115
112 116
112 118
112 119
112 123
112 125
112 126
112 128
112 129
112 130
112 131
112 141
112 144
112 145
112 146
112 148
112 149
112 152
112 153
112 156
112 157
112 160
112 166
112 167
112 170
112 173
112 176
112 182
112 183
112 184
112 185
112 188
112 190
112 197
112 198
112 199
113 114
113 117
113 118
113 119
113 120
113 121
113 123
113 125
113 127
113 129
113 130
113 131
113 132
113 137
113 143
113 144
113 146
113 147
113 148
113 149
113 152
113 156
113 157
113 159
113 164
113 165
113 166
113 167
113 168
113 169
113 171
113 173
113 177
113 180
113 183
113 185
113 188
113 189
113 191
113 194
113 196
113 197
113 198
113 199
114 119
114 121
114 122
114 123
114 125
114 127
114 128
114 129
114 130
114 133
114 134
114 143
114 145
114 150
114 151
114 152
114 156
114 159
114 160
114 162
114 169
114 171
114 173
114 174
114 178
114 180
114 182
114 184
114 185
114 186
114 188
114 190
114 191
114 193
114 195
114 196
115 118
115 119
115 123
115 125
115 126
115 127
115 129
115 130
115 132
115 133
115 135
115 136
115 137
115 141
115 142
115 143
115 144
115 145
115 147
115 150
115 151
115 153
115 154
115 157
115 159
115 160
115 161
115 163
115 165
115 168
115 169
115 178
115 179
115 181
115 183
115 187
115 188
115 189
115 192
115 196
115 198
116 119
116 120
116 123
116 124
116 125
116 129
116 131
116 133
116 136
116 137
116 139
116 140
116 141
116 142
116 143
116 144
116 147
116 148
116 149
116 151
116 153
116 154
116 155
116 156
116 159
116 160
116 164
116 165
116 167
116 168
116 169
116 173
116 174
116 175
116 183
116 185
116 188
116 190
116 191
116 193
116 194
116 198
117 118
117 119
117 122
117 124
117 126
117 130
117 133
117 136
117 143
117 145
117 147
117 149
117 151
117 153
117 154
117 159
117 163
117 164
117 166
117 168
117 170
117 171
117 172
117 173
117 176
117 177
117 181
117 182
117 186
117 187
117 190
117 191
117 194
117 195
118 120
118 121
118 123
118 124
118 126
118 129
118 130
118 133
118 134
118 135
118 139
118 140
118 141
118 142
118 145
118 146
118 149
118 153
118 154
118 157
118 158
118 161
118 167
118 170
118 172
118 173
118 175
118 176
118 177
118 179
118 180
118 181
118 183
118 185
118 186
118 187
118 188
118 189
118 193
118 194
118 195
118 196
118 197
118 198
118 199
119 123
119 125
119 127
119 131
119 132
119 134
119 136
119 138
119 140
119 141
119 142
119 146
119 150
119 151
119 152
119 154
119 155
119 156
119 157
119 160
119 164
119 168
119 169
119 170
119 171
119 173
119 175
119 177
119 182
119 184
119 186
119 187
119 188
119 191
119 193
119 196
119 199
120 121
120 122
120 123
120 126
120 127
120 129
120 132
120 133
120 135
120 139
120 140
120 142
120 143
120 145
120 146
120 147
120 150
120 154
120 155
120 160
120 161
120 162
120 165
120 166
120 169
120 171
120 172
120 174
120 175
120 177
120 179
120 180
120 184
120 191
120 194
120 195
121 122
121 123
121 128
121 129
121 130
121 132
121 135
121 137
121 140
121 141
121 142
121 144
121 145
121 147
121 148
121 149
121 152
121 155
121 156
121 157
121 161
121 162
121 164
121 167
121 168
121 170
121 173
121 174
121 176
121 177
121 178
121 180
121 181
121 182
121 184
121 185
121 186
121 187
121 189
121 191
121 192
121 193
121 195
121 196
121 199
122 124
122 125
122 126
122 127
122 130
122 132
122 133
122 135
122 136
122 137
122 139
122 140
122 141
122 143
122 144
122 145
122 146
122 147
122 152
122 153
122 159
122 161
122 162
122 165
122 168
122 171
122 180
122 183
122 185
122 186
122 187
122 192
122 194
122 195
122 196
122 197
122 199
123 125
123 126
123 127
123 128
123 129
123 130
123 133
123 141
123 144
123 145
123 146
123 147
123 148
123 153
123 156
123 159
123 160
123 161
123 163
123 164
123 165
123 167
123 169
123 170
123 171
123 173
123 175
123 178
123 179
123 180
123 182
123 183
123 185
123 186
123 192
123 193
123 194
123 195
123 198
124 126
124 127
124 128
124 130
124 134
124 135
124 136
124 137
124 140
124 141
124 142
124 146
124 147
124 148
124 150
124 152
124 155
124 157
124 159
124 160
124 162
124 163
124 164
124 165
124 166
124 168
124 169
124 170
124 172
124 173
124 176
124 178
124 179
124 180
124 184
124 188
124 190
124 191
124 193
124 195
124 198
124 199
125 126
125 128
125 132
125 133
125 135
125 136
125 138
125 139
125 140
125 142
125 143
125 145
125 148
125 150
125 156
125 158
125 159
125 161
125 166
125 167
125 168
125 169
125 171
125 172
125 174
125 175
125 180
125 185
125 187
125 188
125 192
125 193
125 195
126 127
126 129
126 130
126 131
126 140
126 141
126 142
126 143
126 146
126 147
126 150
126 152
126 153
126 155
126 158
126 159
126 161
126 162
126 163
126 164
126 165
126 171
126 172
126 173
126 175
126 176
126 177
126 182
126 184
126 186
126 187
126 190
126 191
126 193
126 195
126 197
127 129
127 132
127 134
127 136
127 137
127 139
127 140
127 143
127 147
127 148
127 151
127 152
127 155
127 156
127 157
127 159
127 161
127 164
127 165
127 178
127 179
127 181
127 185
127 187
127 189
127 192
127 193
127 194
127 197
127 198
128 129
128 131
128 132
128 133
128 136
128 139
128 142
128 143
128 148
128 151
128 152
128 156
128 158
128 160
128 161
128 162
128 164
128 165
128 166
128 168
128 176
128 178
128 179
128 183
128 184
128 187
128 189
128 190
128 192
128 196
128 197
128 198
129 132
129 134
129 135
129 136
129 137
129 138
129 139
129 142
129 143
129 144
129 145
129 146
129 147
129 148
129 149
129 150
129 151
129 152
129 153
129 154
129 155
129 156
129 160
129 162
129 163
129 164
129 166
129 168
129 169
129 170
129 172
129 173
129 176
129 177
129 178
129 181
129 183
129 186
129 187
129 188
129 189
129 191
129 193
129 194
129 197
129 198
129 199
130 131
130 132
130 133
130 135
130 141
130 149
130 150
130 151
130 153
130 154
130 158
130 159
130 161
130 163
130 164
130 166
130 167
130 168
130 172
130 174
130 175
130 180
130 181
130 183
130 185
130 187
130 189
130 190
130 191
130 194
130 198
131 133
131 134
131 135
131 137
131 138
131 141
131 142
131 149
131 152
131 154
131 155
131 156
131 157
131 158
131 161
131 168
131 169
131 174
131 175
131 176
131 177
131 179
131 180
131 182
131 185
131 186
131 188
131 191
131 192
131 193
131 194
131 195
131 196
131 197
131 198
131 199
132 133
132 134
132 139
132 141
132 143
132 149
132 150
132 152
132 153
132 156
132 158
132 160
132 161
132 164
132 165
132 166
132 168
132 172
132 174
132 175
132 176
132 177
132 178
132 179
132 181
132 188
132 192
132 194
133 135
133 143
133 144
133 148
133 149
133 151
133 153
133 155
133 156
133 157
133 161
133 163
133 166
133 168
133 174
133 175
133 176
133 179
133 183
133 185
133 189
133 190
133 193
133 197
133 198
133 199
134 135
134 136
134 137
134 139
134 140
134 142
134 145
134 147
134 148
134 150
134 152
134 153
134 154
134 155
134 160
134 166
134 168
134 171
134 172
134 175
134 176
134 181
134 182
134 183
134 187
134 188
134 189
134 191
134 192
134 195
134 196
134 199
135 138
135 141
135 142
135 143
135 144
135 146
135 147
135 149
135 153
135 154
135 155
135 157
135 159
135 160
135 161
135 166
135 169
135 171
135 179
135 185
135 186
135 187
135 191
135 192
135 194
135 197
135 198
136 138
136 139
136 140
136 141
136 142
136 143
136 144
136 145
136 148
136 149
136 150
136 151
136 152
136 154
136 155
136 156
136 157
136 159
136 163
136 164
136 165
136 174
136 175
136 177
136 178
136 180
136 183
136 188
136 190
136 191
136 193
136 195
136 199
137 138
137 139
137 140
137 143
137 144
137 145
137 147
137 148
137 149
137 150
137 151
137 152
137 153
137 154
137 155
137 156
137 157
137 158
137 159
137 161
137 162
137 163
137 164
137 169
137 171
137 175
137 176
137 178
137 181
137 183
137 184
137 185
137 186
137 190
137 191
137 192
137 194
137 199
138 139
138 140
138 141
138 142
138 144
138 145
138 146
138 148
138 153
138 154
138 155
138 157
138 158
138 159
138 160
138 161
138 167
138 168
138 169
138 170
138 171
138 172
138 174
138 175
138 177
138 178
138 180
138 181
138 182
138 184
138 185
138 186
138 188
138 189
138 192
138 193
138 195
138 197
138 198
139 140
139 145
139 147
139 148
139 149
139 150
139 151
139 152
139 154
139 155
139 159
139 163
139 164
139 166
139 167
139 172
139 176
139 177
139 179
139 182
139 184
139 186
139 187
139 189
139 190
139 193
139 194
139 195
139 198
140 141
140 142
140 143
140 145
140 147
140 148
140 149
140 150
140 153
140 154
140 155
140 159
140 162
140 166
140 167
140 168
140 169
140 171
140 174
140 175
140 179
140 180
140 181
140 183
140 186
140 187
140 188
140 190
140 191
140 192
140 193
140 196
140 197
140 198
141 145
141 146
141 147
141 150
141 152
141 153
141 154
141 155
141 157
141 160
141 161
141 162
141 163
141 164
141 167
141 168
141 170
141 173
141 174
141 175
141 176
141 177
141 178
141 181
141 182
141 190
141 193
141 197
141 198
142 143
142 145
142 149
142 150
142 151
142 162
142 164
142 166
142 167
142 168
142 169
142 171
142 172
142 173
142 174
142 175
142 182
142 183
142 185
142 186
142 187
142 189
142 190
142 192
142 197
142 198
142 199
143 144
143 145
143 146
143 147
143 148
143 149
143 150
143 151
143 153
143 155
143 157
143 158
143 160
143 161
143 163
143 166
143 171
143 174
143 178
143 180
143 181
143 184
143 185
143 186
143 189
143 194
143 195
143 196
143 197
143 199
144 145
144 146
144 151
144 152
144 153
144 154
144 155
144 157
144 159
144 162
144 165
144 166
144 167
144 175
144 178
144 180
144 181
144 185
144 187
144 188
144 189
144 195
144 196
144 198
144 199
145 148
145 149
145 150
145 153
145 154
145 157
145 159
145 160
145 161
145 162
145 164
145 165
145 167
145 170
145 171
145 172
145 174
145 177
145 182
145 183
145 184
145 186
145 187
145 190
145 193
146 149
146 152
146 153
146 154
146 156
146 159
146 161
146 164
146 165
146 166
146 168
146 170
146 171
146 172
146 173
146 174
146 176
146 180
146 182
146 185
146 187
146 189
146 192
146 194
146 196
146 199
147 148
147 151
147 152
147 154
147 157
147 158
147 161
147 162
147 163
147 166
147 168
147 169
147 170
147 173
147 174
147 175
147 179
147 183
147 184
147 186
147 190
147 191
147 192
147 196
148 149
148 150
148 151
148 152
148 153
148 156
148 157
148 158
148 161
148 163
148 164
148 166
148 168
148 172
148 175
148 177
148 181
148 183
148 184
148 185
148 188
148 196
148 197
148 199
149 152
149 153
149 154
149 156
149 157
149 160
149 161
149 162
149 164
149 168
149 169
149 170
149 174
149 175
149 176
149 177
149 178
149 181
149 183
149 184
149 193
149 198
149 199
150 152
150 157
150 158
150 160
150 161
150 162
150 164
150 168
150 169
150 175
150 176
150 177
150 178
150 181
150 183
150 184
150 185
150 188
150 190
150 193
150 194
150 196
150 197
150 199
151 152
151 153
151 154
151 156
151 158
151 159
151 163
151 165
151 166
151 168
151 169
151 172
151 173
151 174
151 176
151 179
151 182
151 183
151 184
151 186
151 189
151 190
151 191
151 194
151 197
151 199
152 157
152 159
152 162
152 164
152 166
152 167
152 168
152 171
152 173
152 174
152 178
152 180
152 182
152 184
152 185
152 188
152 189
152 191
152 192
152 193
152 194
152 197
153 158
153 160
153 162
153 163
153 164
153 166
153 168
153 171
153 172
153 173
153 178
153 181
153 183
153 188
153 191
153 192
153 193
153 197
153 199
154 156
154 159
154 161
154 162
154 171
154 175
154 177
154 179
154 180
154 181
154 183
154 185
154 186
154 188
154 189
154 192
154 193
154 194
154 195
154 197
154 199
155 156
155 157
155 159
155 160
155 161
155 164
155 165
155 167
155 168
155 169
155 170
155 172
155 175
155 176
155 177
155 178
155 179
155 182
155 184
155 185
155 189
155 191
155 192
155 197
155 198
156 157
156 158
156 160
156 162
156 163
156 164
156 165
156 169
156 171
156 173
156 175
156 176
156 177
156 179
156 180
156 182
156 185
156 186
156 189
156 194
156 196
157 158
157 159
157 161
157 163
157 165
157 166
157 167
157 169
157 172
157 174
157 177
157 183
157 184
157 187
157 191
157 192
157 193
157 195
157 196
158 164
158 165
158 168
158 169
158 170
158 171
158 172
158 175
158 178
158 180
158 184
158 185
158 186
158 187
158 188
158 191
158 192
158 193
158 196
158 199
159 163
159 165
159 166
159 167
159 168
159 170
159 171
159 175
159 179
159 180
159 182
159 183
159 186
159 187
159 188
159 189
159 190
159 192
159 195
159 197
159 198
160 161
160 164
160 166
160 167
160 168
160 174
160 175
160 178
160 179
160 180
160 182
160 183
160 184
160 186
160 187
160 188
160 191
160 193
160 195
160 198
160 199
161 166
161 173
161 174
161 175
161 177
161 178
161 182
161 183
161 184
161 186
161 187
161 188
161 193
161 196
161 197
161 199
162 164
162 165
162 166
162 168
162 174
162 176
162 178
162 182
162 183
162 186
162 189
162 190
162 191
162 192
162 193
162 195
162 196
162 197
163 167
163 168
163 169
163 170
163 171
163 173
163 174
163 177
163 178
163 179
163 180
163 181
163 182
163 185
163 191
163 194
163 195
163 199
164 166
164 167
164 174
164 175
164 178
164 179
164 181
164 182
164 183
164 184
164 189
164 190
164 192
164 194
164 196
165 166
165 168
165 170
165 174
165 180
165 182
165 184
165 189
165 191
165 192
165 194
165 195
165 197
166 170
166 171
166 173
166 174
166 175
166 176
166 180
166 181
166 183
166 184
166 185
166 186
166 187
166 188
166 189
166 190
166 192
166 193
166 194
166 195
166 197
167 168
167 169
167 173
167 176
167 177
167 178
167 181
167 182
167 184
167 185
167 186
167 187
167 189
167 195
167 196
167 197
167 198
167 199
168 169
168 172
168 173
168 174
168 176
168 177
168 179
168 182
168 183
168 184
168 185
168 188
168 189
168 192
168 193
168 195
168 196
168 198
168 199
169 170
169 173
169 174
169 178
169 181
169 184
169 188
169 190
169 192
169 194
169 195
169 196
169 197
170 171
170 173
170 174
170 176
170 178
170 179
170 180
170 182
170 183
170 184
170 187
170 188
170 189
170 190
170 191
170 193
170 194
170 195
170 196
170 198
170 199
171 172
171 176
171 178
171 179
171 180
171 181
171 182
171 184
171 185
171 186
171 187
171 195
171 196
171 197
172 173
172 174
172 178
172 179
172 180
172 182
172 185
172 186
172 189
172 192
172 193
173 174
173 175
173 176
173 177
173 180
173 181
173 182
173 183
173 184
173 186
173 187
173 188
173 189
173 190
173 191
173 192
173 193
173 194
173 197
173 198
174 175
174 177
174 178
174 180
174 181
174 187
174 188
174 190
174 191
174 193
174 194
174 196
174 197
174 198
174 199
175 176
175 181
175 182
175 184
175 186
175 187
175 189
175 192
175 193
175 195
175 196
175 198
175 199
176 177
176 180
176 184
176 189
176 193
176 197
176 198
176 199
177 180
177 184
177 185
177 186
177 192
177 195
177 198
178 179
178 180
178 184
178 185
178 189
178 190
178 195
178 196
178 198
179 184
179 186
179 188
179 191
179 193
179 195
179 199
180 181
180 182
180 183
180 184
180 186
180 187
180 188
180 189
180 195
180 196
180 197
180 198
181 182
181 184
181 185
181 186
181 187
181 189
181 190
181 191
181 192
181 197
181 198
182 183
182 188
182 189
182 193
182 196
182 197
182 199
183 185
183 187
183 188
183 189
183 190
183 192
183 194
183 195
183 196
183 197
183 198
183 199
184 186
184 188
184 191
184 193
184 194
184 195
184 196
184 198
184 199
185 186
185 189
185 193
185 195
185 198
186 197
187 188
187 192
187 193
187 194
188 193
188 194
188 195
188 196
188 197
188 198
189 191
189 192
189 193
189 196
189 197
189 198
189 199
190 193
190 194
190 197
190 199
191 192
191 193
191 194
191 195
191 196
191 198
191 199
192 193
192 195
192 196
192 197
192 198
193 194
193 197
193 199
194 196
194 197
194 199
195 196
196 197
198 199
