200 9855
0 2
0 3
0 6
0 7
0 8
0 10
0 11
0 14
0 15
0 20
0 22
0 29
0 30
0 31
0 33
0 34
0 35
0 36
0 38
0 40
0 41
0 42
0 45
0 46
0 48
0 56
0 57
0 61
0 66
0 68
0 69
0 70
0 71
0 73
0 76
0 79
0 81
0 85
0 87
0 89
0 90
0 91
0 92
0 93
0 94
0 97
0 99
0 100
0 102
0 103
0 104
0 105
0 106
0 107
0 108
0 109
0 110
0 111
0 115
0 119
0 120
0 121
0 123
0 125
0 128
0 129
0 130
0 132
0 139
0 141
0 142
0 144
0 145
0 146
0 150
0 151
0 154
0 157
0 160
0 162
0 163
0 165
0 169
0 170
0 171
0 173
0 176
0 182
0 184
0 187
0 188
0 189
0 190
0 191
0 192
0 193
0 197
0 198
0 199
1 2
1 5
1 7
1 8
1 9
1 11
1 14
1 15
1 17
1 19
1 20
1 22
1 24
1 25
1 26
1 31
1 35
1 41
1 43
1 44
1 48
1 49
1 52
1 54
1 56
1 57
1 59
1 61
1 62
1 63
1 68
1 71
1 72
1 73
1 75
1 78
1 80
1 83
1 86
1 88
1 90
1 96
1 98
1 101
1 104
1 108
1 111
1 112
1 113
1 114
1 117
1 120
1 122
1 124
1 126
1 127
1 129
1 130
1 131
1 133
1 135
1 137
1 138
1 139
1 141
1 142
1 143
1 146
1 148
1 150
1 152
1 154
1 157
1 158
1 160
1 164
1 165
1 166
1 169
1 170
1 171
1 172
1 173
1 174
1 175
1 176
1 179
1 180
1 184
1 189
1 190
1 191
1 192
1 193
1 195
1 197
1 198
2 3
2 5
2 7
2 8
2 9
2 11
2 12
2 13
2 16
2 17
2 18
2 19
2 20
2 24
2 27
2 32
2 34
2 36
2 37
2 40
2 42
2 43
2 45
2 48
2 50
2 51
2 53
2 59
2 60
2 61
2 67
2 68
2 69
2 71
2 73
2 74
2 78
2 79
2 87
2 89
2 90
2 94
2 97
2 98
2 102
2 103
2 104
2 105
2 107
2 108
2 109
2 111
2 113
2 115
2 117
2 118
2 119
2 121
2 122
2 123
2 124
2 125
2 128
2 129
2 133
2 134
2 136
2 137
2 140
2 142
2 146
2 147
2 148
2 150
2 151
2 153
2 155
2 156
2 160
2 161
2 162
2 166
2 169
2 170
2 172
2 173
2 175
2 177
2 178
2 181
2 183
2 185
2 190
2 192
2 193
2 196
2 198
2 199
3 4
3 8
3 13
3 14
3 16
3 18
3 22
3 24
3 25
3 27
3 28
3 30
3 31
3 32
3 33
3 40
3 43
3 47
3 48
3 49
3 51
3 53
3 54
3 57
3 58
3 60
3 61
3 62
3 63
3 64
3 68
3 69
3 72
3 75
3 76
3 78
3 80
3 84
3 87
3 88
3 90
3 91
3 98
3 99
3 100
3 101
3 102
3 103
3 104
3 106
3 109
3 110
3 111
3 114
3 115
3 116
3 121
3 124
3 127
3 130
3 131
3 134
3 137
3 138
3 140
3 142
3 143
3 146
3 149
3 152
3 156
3 157
3 158
3 159
3 162
3 163
3 164
3 172
3 175
3 180
3 181
3 184
3 185
3 186
3 188
3 193
3 195
3 198
3 199
4 6
4 7
4 10
4 13
4 14
4 16
4 17
4 19
4 20
4 23
4 24
4 25
4 26
4 27
4 28
4 29
4 30
4 31
4 37
4 38
4 39
4 46
4 47
4 48
4 51
4 52
4 61
4 65
4 69
4 70
4 72
4 73
4 74
4 80
4 81
4 83
4 84
4 87
4 88
4 89
4 91
4 92
4 93
4 95
4 101
4 103
4 105
4 106
4 107
4 110
4 111
4 114
4 118
4 119
4 120
4 124
4 125
4 127
4 129
4 133
4 136
4 138
4 139
4 143
4 145
4 146
4 149
4 153
4 154
4 155
4 156
4 158
4 159
4 163
4 164
4 165
4 170
4 175
4 176
4 177
4 179
4 180
4 181
4 182
4 186
4 189
4 192
4 193
4 194
4 196
4 197
4 198
4 199
5 6
5 8
5 12
5 13
5 14
5 15
5 16
5 17
5 18
5 19
5 20
5 23
5 28
5 30
5 31
5 34
5 41
5 45
5 46
5 49
5 50
5 52
5 53
5 55
5 56
5 59
5 60
5 62
5 64
5 65
5 66
5 68
5 70
5 71
5 72
5 73
5 74
5 75
5 76
5 77
5 79
5 80
5 82
5 83
5 106
5 107
5 108
5 110
5 117
5 118
5 120
5 121
5 124
5 126
5 129
5 131
5 132
5 134
5 137
5 138
5 143
5 145
5 147
5 148
5 150
5 156
5 157
5 158
5 159
5 160
5 161
5 165
5 167
5 168
5 169
5 170
5 171
5 173
5 174
5 175
5 176
5 178
5 179
5 182
5 183
5 189
5 192
5 193
5 194
5 195
6 9
6 10
6 11
6 20
6 24
6 28
6 29
6 30
6 31
6 32
6 33
6 34
6 35
6 36
6 37
6 38
6 40
6 43
6 44
6 46
6 48
6 49
6 51
6 53
6 57
6 59
6 60
6 61
6 63
6 64
6 66
6 68
6 69
6 70
6 73
6 76
6 80
6 88
6 90
6 98
6 102
6 103
6 104
6 105
6 106
6 108
6 110
6 111
6 113
6 118
6 119
6 120
6 122
6 124
6 125
6 126
6 127
6 128
6 129
6 130
6 133
6 134
6 136
6 137
6 140
6 143
6 146
6 148
6 149
6 151
6 152
6 153
6 155
6 156
6 158
6 162
6 163
6 164
6 166
6 170
6 172
6 173
6 175
6 181
6 183
6 184
6 185
6 186
6 187
6 188
6 189
6 192
6 195
6 196
6 198
7 8
7 9
7 11
7 12
7 13
7 17
7 18
7 19
7 23
7 29
7 31
7 35
7 38
7 41
7 42
7 43
7 45
7 46
7 48
7 49
7 51
7 52
7 53
7 55
7 56
7 57
7 59
7 61
7 62
7 66
7 69
7 72
7 75
7 76
7 78
7 80
7 83
7 87
7 88
7 93
7 95
7 99
7 103
7 105
7 106
7 107
7 108
7 109
7 114
7 122
7 124
7 125
7 127
7 128
7 129
7 143
7 144
7 145
7 146
7 149
7 154
7 158
7 160
7 161
7 163
7 164
7 165
7 171
7 174
7 177
7 180
7 182
7 183
7 184
7 186
7 188
7 191
7 197
7 198
7 199
8 11
8 14
8 15
8 16
8 17
8 18
8 19
8 22
8 23
8 25
8 27
8 31
8 32
8 33
8 34
8 36
8 39
8 41
8 43
8 44
8 45
8 50
8 51
8 55
8 56
8 59
8 60
8 61
8 65
8 67
8 70
8 72
8 73
8 74
8 75
8 77
8 78
8 79
8 82
8 84
8 88
8 91
8 92
8 97
8 98
8 99
8 100
8 103
8 105
8 108
8 109
8 111
8 113
8 115
8 120
8 121
8 124
8 126
8 127
8 129
8 131
8 133
8 135
8 138
8 139
8 141
8 142
8 143
8 146
8 149
8 152
8 156
8 157
8 158
8 163
8 165
8 166
8 167
8 168
8 171
8 176
8 177
8 179
8 180
8 182
8 185
8 187
8 188
8 190
8 191
8 193
8 194
8 195
8 197
8 198
8 199
9 10
9 12
9 15
9 16
9 18
9 20
9 21
9 24
9 26
9 31
9 33
9 35
9 37
9 40
9 42
9 43
9 44
9 47
9 50
9 55
9 56
9 61
9 63
9 64
9 65
9 66
9 67
9 68
9 69
9 72
9 73
9 76
9 80
9 81
9 83
9 86
9 87
9 90
9 93
9 94
9 95
9 96
9 98
9 99
9 100
9 103
9 104
9 105
9 107
9 112
9 113
9 114
9 119
9 122
9 124
9 127
9 129
9 132
9 133
9 134
9 135
9 136
9 142
9 144
9 146
9 148
9 149
9 150
9 158
9 159
9 165
9 168
9 169
9 170
9 171
9 175
9 178
9 179
9 180
9 181
9 182
9 185
9 186
9 189
9 190
9 192
9 193
9 197
9 199
10 12
10 14
10 16
10 19
10 20
10 21
10 22
10 26
10 37
10 39
10 41
10 47
10 51
10 54
10 55
10 56
10 58
10 60
10 63
10 65
10 66
10 67
10 69
10 72
10 73
10 75
10 77
10 78
10 79
10 80
10 82
10 83
10 84
10 91
10 97
10 98
10 99
10 100
10 102
10 103
10 105
10 106
10 107
10 110
10 113
10 114
10 115
10 116
10 118
10 121
10 122
10 123
10 124
10 125
10 126
10 127
10 128
10 132
10 133
10 138
10 139
10 140
10 141
10 142
10 144
10 145
10 146
10 149
10 151
10 152
10 153
10 154
10 155
10 156
10 157
10 158
10 160
10 161
10 162
10 163
10 164
10 166
10 167
10 171
10 174
10 176
10 177
10 180
10 181
10 182
10 183
10 191
10 193
10 194
10 199
11 12
11 13
11 18
11 21
11 22
11 24
11 25
11 26
11 29
11 30
11 31
11 34
11 35
11 37
11 38
11 39
11 42
11 43
11 44
11 46
11 47
11 49
11 50
11 51
11 52
11 55
11 56
11 57
11 60
11 61
11 62
11 63
11 66
11 68
11 74
11 78
11 79
11 80
11 81
11 83
11 84
11 87
11 93
11 94
11 100
11 103
11 104
11 105
11 107
11 110
11 111
11 113
11 114
11 115
11 120
11 123
11 125
11 126
11 127
11 128
11 129
11 132
11 139
11 143
11 144
11 145
11 146
11 147
11 148
11 150
11 151
11 155
11 158
11 162
11 163
11 164
11 166
11 168
11 169
11 170
11 172
11 175
11 176
11 178
11 179
11 182
11 183
11 184
11 186
11 188
11 189
11 190
11 192
11 196
11 198
11 199
12 13
12 17
12 19
12 20
12 21
12 24
12 27
12 32
12 34
12 35
12 39
12 41
12 42
12 44
12 46
12 48
12 54
12 56
12 61
12 63
12 65
12 68
12 69
12 70
12 73
12 74
12 75
12 76
12 77
12 78
12 80
12 82
12 86
12 91
12 95
12 103
12 108
12 109
12 110
12 114
12 115
12 116
12 117
12 118
12 120
12 122
12 123
12 127
12 128
12 129
12 131
12 133
12 135
12 138
12 139
12 144
12 145
12 147
12 153
12 154
12 155
12 156
12 160
12 163
12 167
12 169
12 171
12 181
12 182
12 185
12 191
12 192
12 194
12 195
12 197
12 198
12 199
13 14
13 15
13 17
13 18
13 20
13 21
13 22
13 24
13 25
13 27
13 29
13 31
13 32
13 34
13 35
13 37
13 38
13 39
13 40
13 41
13 42
13 43
13 44
13 45
13 48
13 49
13 51
13 52
13 53
13 55
13 56
13 57
13 58
13 63
13 64
13 65
13 66
13 67
13 69
13 72
13 74
13 78
13 80
13 86
13 87
13 88
13 90
13 91
13 92
13 93
13 94
13 97
13 98
13 99
13 100
13 102
13 103
13 104
13 105
13 108
13 109
13 112
13 114
13 116
13 117
13 118
13 119
13 120
13 121
13 122
13 125
13 129
13 136
13 139
13 140
13 143
13 146
13 148
13 150
13 151
13 152
13 155
13 157
13 158
13 159
13 160
13 163
13 164
13 165
13 166
13 168
13 170
13 172
13 175
13 176
13 177
13 179
13 180
13 183
13 187
13 188
13 191
13 193
14 18
14 22
14 24
14 28
14 29
14 30
14 32
14 35
14 40
14 46
14 49
14 50
14 52
14 53
14 55
14 59
14 62
14 63
14 65
14 69
14 70
14 74
14 78
14 79
14 82
14 86
14 89
14 90
14 91
14 92
14 94
14 95
14 97
14 98
14 101
14 103
14 105
14 108
14 112
14 113
14 119
14 121
14 122
14 127
14 129
14 131
14 132
14 133
14 137
14 138
14 139
14 140
14 141
14 142
14 143
14 147
14 148
14 150
14 151
14 156
14 160
14 165
14 167
14 174
14 175
14 176
14 178
14 180
14 181
14 183
14 184
14 186
14 188
14 191
14 192
14 195
14 196
14 197
14 198
15 19
15 21
15 22
15 23
15 24
15 26
15 27
15 28
15 29
15 30
15 31
15 34
15 38
15 45
15 48
15 49
15 50
15 51
15 53
15 54
15 55
15 56
15 57
15 58
15 61
15 62
15 63
15 66
15 67
15 68
15 69
15 70
15 72
15 74
15 75
15 77
15 78
15 79
15 83
15 87
15 88
15 89
15 90
15 91
15 92
15 95
15 96
15 98
15 101
15 103
15 104
15 105
15 111
15 115
15 117
15 118
15 120
15 121
15 122
15 124
15 125
15 127
15 128
15 129
15 130
15 132
15 135
15 136
15 142
15 143
15 144
15 145
15 146
15 147
15 148
15 152
15 154
15 155
15 156
15 159
15 161
15 162
15 167
15 170
15 177
15 182
15 183
15 184
15 186
15 188
15 190
15 192
15 195
15 198
15 199
16 17
16 21
16 23
16 24
16 25
16 27
16 28
16 30
16 31
16 32
16 33
16 34
16 36
16 37
16 38
16 39
16 40
16 43
16 44
16 45
16 48
16 49
16 51
16 57
16 59
16 62
16 68
16 69
16 72
16 73
16 75
16 77
16 80
16 83
16 85
16 90
16 91
16 93
16 94
16 95
16 97
16 98
16 100
16 102
16 103
16 106
16 108
16 114
16 117
16 122
16 123
16 124
16 125
16 126
16 127
16 129
16 133
16 137
16 139
16 142
16 146
16 150
16 151
16 152
16 158
16 159
16 161
16 164
16 168
16 170
16 171
16 172
16 176
16 177
16 178
16 179
16 182
16 183
16 186
16 188
16 189
16 193
16 195
16 196
16 197
16 198
16 199
17 18
17 19
17 20
17 26
17 29
17 31
17 32
17 38
17 44
17 51
17 53
17 54
17 55
17 57
17 58
17 59
17 61
17 63
17 66
17 67
17 70
17 73
17 77
17 80
17 84
17 88
17 89
17 90
17 92
17 93
17 94
17 97
17 99
17 101
17 103
17 104
17 105
17 106
17 108
17 111
17 112
17 113
17 117
17 121
17 123
17 125
17 127
17 128
17 129
17 131
17 132
17 135
17 136
17 137
17 139
17 140
17 142
17 144
17 145
17 149
17 150
17 151
17 152
17 153
17 154
17 155
17 158
17 160
17 163
17 167
17 170
17 171
17 172
17 174
17 178
17 179
17 183
17 184
17 185
17 188
17 190
17 191
17 192
17 193
17 195
17 198
17 199
18 19
18 23
18 24
18 29
18 31
18 35
18 36
18 38
18 43
18 44
18 45
18 49
18 50
18 51
18 54
18 55
18 56
18 65
18 66
18 70
18 71
18 74
18 75
18 76
18 77
18 78
18 79
18 80
18 82
18 83
18 84
18 86
18 87
18 91
18 92
18 93
18 96
18 98
18 107
18 108
18 109
18 111
18 112
18 115
18 116
18 117
18 122
18 123
18 125
18 126
18 127
18 130
18 131
18 134
18 135
18 138
18 140
18 143
18 146
18 149
18 150
18 151
18 153
18 154
18 155
18 158
18 159
18 164
18 166
18 168
18 169
18 172
18 173
18 174
18 175
18 176
18 177
18 178
18 179
18 180
18 181
18 183
18 184
18 187
18 190
18 191
18 198
19 20
19 28
19 30
19 33
19 34
19 35
19 36
19 40
19 41
19 42
19 45
19 46
19 47
19 49
19 50
19 54
19 55
19 56
19 57
19 58
19 59
19 61
19 63
19 66
19 67
19 70
19 74
19 77
19 79
19 82
19 87
19 88
19 90
19 91
19 93
19 96
19 100
19 105
19 108
19 111
19 114
19 115
19 117
19 118
19 120
19 121
19 123
19 124
19 125
19 127
19 129
19 133
19 136
19 137
19 139
19 140
19 141
19 142
19 143
19 145
19 146
19 147
19 148
19 149
19 152
19 153
19 155
19 159
19 160
19 162
19 163
19 165
19 168
19 170
19 172
19 177
19 180
19 184
19 188
19 189
19 191
19 192
19 196
19 197
19 199
20 21
20 22
20 24
20 25
20 26
20 29
20 31
20 33
20 36
20 37
20 40
20 41
20 43
20 44
20 45
20 47
20 50
20 51
20 52
20 53
20 58
20 59
20 62
20 63
20 64
20 70
20 71
20 72
20 73
20 76
20 77
20 79
20 82
20 83
20 87
20 88
20 90
20 91
20 92
20 93
20 94
20 95
20 96
20 98
20 99
20 100
20 102
20 104
20 105
20 108
20 109
20 110
20 112
20 116
20 118
20 119
20 120
20 123
20 126
20 131
20 132
20 133
20 134
20 137
20 138
20 142
20 143
20 144
20 145
20 146
20 147
20 149
20 153
20 156
20 158
20 159
20 162
20 163
20 168
20 170
20 173
20 174
20 175
20 176
20 180
20 183
20 187
20 192
20 194
20 195
20 197
20 198
20 199
21 23
21 32
21 35
21 38
21 40
21 41
21 44
21 46
21 47
21 54
21 58
21 62
21 65
21 66
21 67
21 68
21 69
21 71
21 73
21 77
21 79
21 80
21 87
21 89
21 91
21 92
21 94
21 96
21 97
21 99
21 102
21 104
21 105
21 107
21 111
21 112
21 114
21 116
21 117
21 118
21 119
21 121
21 124
21 125
21 126
21 127
21 128
21 134
21 135
21 137
21 140
21 141
21 142
21 143
21 145
21 147
21 148
21 152
21 153
21 154
21 156
21 158
21 161
21 164
21 169
21 171
21 172
21 173
21 174
21 176
21 177
21 179
21 182
21 183
21 184
21 189
21 192
21 193
21 194
21 195
21 197
22 27
22 32
22 33
22 34
22 35
22 36
22 37
22 39
22 40
22 41
22 42
22 43
22 45
22 46
22 47
22 48
22 50
22 51
22 54
22 55
22 58
22 59
22 61
22 63
22 64
22 66
22 68
22 69
22 70
22 76
22 79
22 81
22 83
22 84
22 86
22 87
22 88
22 89
22 91
22 92
22 94
22 95
22 96
22 97
22 98
22 99
22 100
22 101
22 102
22 105
22 108
22 109
22 117
22 118
22 120
22 121
22 124
22 127
22 131
22 133
22 136
22 138
22 139
22 142
22 144
22 145
22 147
22 148
22 150
22 152
22 153
22 154
22 155
22 156
22 161
22 163
22 168
22 173
22 174
22 175
22 176
22 178
22 180
22 181
22 182
22 183
22 184
22 186
22 190
22 192
22 198
23 24
23 25
23 26
23 29
23 30
23 34
23 36
23 37
23 41
23 43
23 44
23 48
23 50
23 52
23 53
23 60
23 62
23 64
23 65
23 66
23 67
23 68
23 69
23 72
23 74
23 79
23 80
23 81
23 82
23 83
23 89
23 92
23 94
23 95
23 100
23 106
23 107
23 108
23 109
23 111
23 113
23 117
23 118
23 119
23 120
23 121
23 123
23 124
23 125
23 129
23 132
23 136
23 138
23 140
23 141
23 144
23 145
23 146
23 147
23 148
23 150
23 152
23 154
23 157
23 159
23 162
23 164
23 165
23 166
23 167
23 171
23 172
23 175
23 177
23 179
23 180
23 185
23 189
23 190
23 191
23 193
23 194
23 197
23 198
24 25
24 27
24 30
24 31
24 33
24 34
24 35
24 36
24 40
24 41
24 42
24 46
24 47
24 48
24 49
24 51
24 52
24 54
24 57
24 60
24 61
24 62
24 64
24 65
24 68
24 69
24 70
24 71
24 72
24 76
24 77
24 78
24 79
24 80
24 81
24 87
24 89
24 90
24 91
24 93
24 97
24 99
24 100
24 102
24 103
24 104
24 105
24 107
24 108
24 111
24 113
24 115
24 116
24 117
24 119
24 120
24 123
24 124
24 125
24 126
24 127
24 128
24 129
24 130
24 132
24 134
24 135
24 137
24 139
24 141
24 143
24 145
24 146
24 147
24 148
24 149
24 150
24 153
24 155
24 156
24 157
24 158
24 159
24 162
24 165
24 171
24 172
24 174
24 176
24 177
24 178
24 179
24 180
24 181
24 183
24 184
24 187
24 190
24 192
24 193
24 195
24 196
24 198
24 199
25 28
25 31
25 34
25 36
25 37
25 41
25 44
25 45
25 47
25 49
25 51
25 58
25 63
25 64
25 65
25 66
25 67
25 70
25 72
25 73
25 74
25 75
25 76
25 77
25 83
25 84
25 85
25 89
25 90
25 91
25 92
25 94
25 98
25 99
25 100
25 105
25 106
25 107
25 108
25 109
25 110
25 111
25 112
25 115
25 116
25 118
25 119
25 120
25 121
25 123
25 124
25 125
25 126
25 127
25 130
25 131
25 132
25 135
25 136
25 137
25 141
25 142
25 143
25 145
25 146
25 148
25 150
25 151
25 154
25 155
25 156
25 161
25 167
25 168
25 170
25 171
25 172
25 173
25 174
25 176
25 179
25 180
25 184
25 185
25 190
25 191
25 193
25 194
25 195
25 196
25 197
25 198
26 29
26 31
26 37
26 38
26 42
26 44
26 45
26 51
26 53
26 57
26 58
26 62
26 63
26 64
26 65
26 68
26 72
26 73
26 75
26 76
26 77
26 79
26 81
26 82
26 83
26 86
26 88
26 92
26 94
26 95
26 100
26 101
26 105
26 107
26 108
26 112
26 113
26 117
26 119
26 120
26 121
26 123
26 124
26 128
26 129
26 133
26 134
26 136
26 137
26 138
26 141
26 142
26 144
26 145
26 148
26 150
26 151
26 155
26 156
26 157
26 158
26 159
26 160
26 162
26 163
26 164
26 165
26 167
26 169
26 171
26 177
26 183
26 187
26 189
26 191
26 192
26 194
26 195
26 196
26 197
26 198
26 199
27 28
27 29
27 30
27 32
27 36
27 40
27 44
27 46
27 47
27 48
27 49
27 50
27 52
27 56
27 57
27 58
27 63
27 64
27 67
27 70
27 71
27 76
27 78
27 79
27 80
27 81
27 82
27 83
27 85
27 87
27 88
27 89
27 92
27 93
27 95
27 96
27 97
27 100
27 101
27 102
27 103
27 104
27 107
27 108
27 109
27 111
27 115
27 117
27 119
27 121
27 123
27 124
27 125
27 127
27 128
27 129
27 131
27 134
27 135
27 136
27 137
27 140
27 141
27 142
27 148
27 149
27 150
27 151
27 152
27 153
27 160
27 164
27 165
27 167
27 171
27 172
27 175
27 177
27 179
27 180
27 181
27 185
27 187
27 189
27 192
27 195
27 197
27 199
28 31
28 32
28 33
28 35
28 36
28 37
28 39
28 43
28 44
28 47
28 48
28 49
28 51
28 52
28 54
28 55
28 56
28 57
28 58
28 59
28 61
28 64
28 67
28 68
28 69
28 70
28 71
28 74
28 76
28 78
28 79
28 82
28 85
28 86
28 88
28 89
28 92
28 93
28 96
28 97
28 99
28 101
28 102
28 103
28 104
28 107
28 108
28 110
28 112
28 113
28 117
28 118
28 119
28 120
28 123
28 124
28 126
28 127
28 128
28 129
28 132
28 134
28 135
28 137
28 140
28 141
28 142
28 144
28 146
28 147
28 150
28 151
28 153
28 154
28 155
28 156
28 158
28 159
28 160
28 162
28 163
28 164
28 166
28 170
28 171
28 172
28 175
28 177
28 179
28 181
28 183
28 185
28 187
28 189
28 194
28 196
28 197
28 198
29 30
29 32
29 33
29 35
29 37
29 39
29 40
29 44
29 46
29 49
29 50
29 52
29 53
29 59
29 60
29 61
29 62
29 63
29 66
29 69
29 70
29 72
29 73
29 75
29 79
29 81
29 83
29 86
29 91
29 92
29 93
29 95
29 96
29 97
29 98
29 99
29 100
29 101
29 104
29 106
29 107
29 109
29 110
29 112
29 115
29 117
29 119
29 121
29 127
29 130
29 133
29 134
29 135
29 137
29 139
29 140
29 141
29 142
29 143
29 144
29 149
29 150
29 152
29 153
29 154
29 155
29 156
29 157
29 158
29 162
29 163
29 164
29 165
29 170
29 172
29 173
29 178
29 179
29 181
29 184
29 186
29 187
29 188
29 190
29 191
29 192
29 193
29 194
30 31
30 32
30 35
30 36
30 37
30 38
30 40
30 42
30 43
30 44
30 45
30 48
30 49
30 51
30 52
30 54
30 55
30 57
30 58
30 61
30 62
30 63
30 65
30 66
30 70
30 75
30 76
30 79
30 80
30 81
30 85
30 86
30 91
30 92
30 94
30 95
30 98
30 99
30 101
30 102
30 103
30 104
30 106
30 108
30 110
30 113
30 114
30 115
30 117
30 118
30 120
30 121
30 122
30 125
30 127
30 129
30 131
30 133
30 135
30 136
30 137
30 140
30 141
30 143
30 145
30 146
30 148
30 149
30 150
30 151
30 155
30 156
30 157
30 159
30 163
30 166
30 168
30 170
30 173
30 176
30 177
30 179
30 180
30 182
30 184
30 186
30 189
30 193
30 196
30 197
31 34
31 35
31 36
31 39
31 40
31 42
31 45
31 46
31 50
31 54
31 56
31 57
31 58
31 59
31 60
31 62
31 65
31 67
31 68
31 70
31 73
31 75
31 76
31 77
31 80
31 86
31 89
31 90
31 91
31 92
31 93
31 94
31 95
31 98
31 100
31 102
31 103
31 104
31 105
31 106
31 108
31 110
31 116
31 117
31 119
31 120
31 121
31 122
31 123
31 125
31 126
31 130
31 132
31 134
31 135
31 138
31 144
31 145
31 146
31 148
31 152
31 154
31 156
31 157
31 161
31 162
31 163
31 164
31 165
31 166
31 167
31 168
31 170
31 171
31 174
31 176
31 181
31 182
31 183
31 184
31 186
31 189
31 192
31 193
31 195
32 36
32 37
32 38
32 41
32 43
32 44
32 45
32 46
32 47
32 52
32 55
32 56
32 57
32 58
32 60
32 61
32 62
32 64
32 66
32 67
32 68
32 69
32 72
32 73
32 75
32 78
32 79
32 80
32 82
32 84
32 87
32 92
32 95
32 98
32 99
32 104
32 105
32 108
32 110
32 111
32 114
32 115
32 117
32 118
32 121
32 122
32 127
32 130
32 132
32 133
32 134
32 135
32 136
32 139
32 141
32 145
32 146
32 147
32 148
32 151
32 152
32 153
32 154
32 155
32 157
32 158
32 166
32 167
32 168
32 169
32 172
32 173
32 176
32 177
32 181
32 182
32 183
32 187
32 190
32 191
32 194
32 197
32 198
32 199
33 35
33 36
33 38
33 39
33 40
33 41
33 43
33 48
33 49
33 51
33 52
33 54
33 55
33 56
33 58
33 60
33 62
33 65
33 67
33 70
33 73
33 74
33 75
33 77
33 79
33 82
33 84
33 87
33 88
33 92
33 94
33 97
33 98
33 100
33 101
33 104
33 111
33 112
33 116
33 118
33 119
33 121
33 122
33 124
33 128
33 129
33 130
33 131
33 132
33 135
33 136
33 137
33 138
33 140
33 141
33 143
33 144
33 145
33 146
33 147
33 148
33 151
33 153
33 154
33 156
33 157
33 159
33 166
33 167
33 168
33 169
33 170
33 172
33 175
33 176
33 178
33 185
33 188
33 189
33 191
33 194
33 195
33 198
33 199
34 37
34 39
34 42
34 44
34 45
34 48
34 50
34 55
34 57
34 58
34 59
34 60
34 69
34 72
34 73
34 75
34 76
34 79
34 80
34 82
34 83
34 84
34 85
34 87
34 91
34 92
34 93
34 96
34 97
34 99
34 100
34 101
34 103
34 106
34 107
34 111
34 115
34 116
34 119
34 120
34 121
34 122
34 123
34 126
34 127
34 128
34 131
34 133
34 135
34 137
34 139
34 142
34 143
34 144
34 145
34 149
34 153
34 155
34 156
34 159
34 162
34 166
34 169
34 170
34 173
34 177
34 179
34 186
34 189
34 190
34 193
34 194
34 196
34 199
35 36
35 38
35 39
35 43
35 46
35 48
35 49
35 50
35 57
35 58
35 60
35 62
35 64
35 65
35 66
35 67
35 72
35 74
35 76
35 78
35 80
35 84
35 85
35 88
35 91
35 93
35 94
35 95
35 97
35 99
35 102
35 104
35 105
35 107
35 108
35 109
35 112
35 114
35 116
35 117
35 118
35 121
35 124
35 125
35 127
35 130
35 131
35 134
35 136
35 138
35 141
35 142
35 143
35 144
35 149
35 150
35 152
35 153
35 155
35 156
35 157
35 158
35 159
35 161
35 164
35 165
35 171
35 172
35 175
35 177
35 178
35 180
35 182
35 184
35 186
35 187
35 189
35 190
35 192
35 193
35 196
35 198
36 40
36 41
36 42
36 45
36 52
36 56
36 57
36 58
36 61
36 63
36 64
36 65
36 66
36 67
36 68
36 70
36 72
36 78
36 79
36 80
36 84
36 85
36 86
36 88
36 91
36 92
36 94
36 95
36 97
36 100
36 101
36 103
36 106
36 113
36 116
36 117
36 118
36 122
36 123
36 125
36 126
36 127
36 128
36 129
36 130
36 132
36 134
36 135
36 137
36 141
36 146
36 148
36 150
36 151
36 152
36 155
36 156
36 158
36 160
36 161
36 162
36 163
36 164
36 165
36 167
36 169
36 176
36 179
36 183
36 184
36 185
36 186
36 189
36 195
37 43
37 44
37 45
37 46
37 50
37 52
37 53
37 54
37 55
37 56
37 60
37 61
37 62
37 64
37 69
37 70
37 71
37 72
37 75
37 76
37 77
37 81
37 82
37 83
37 85
37 90
37 92
37 93
37 94
37 95
37 96
37 98
37 103
37 104
37 105
37 106
37 107
37 108
37 110
37 112
37 116
37 119
37 121
37 123
37 125
37 129
37 131
37 134
37 138
37 141
37 142
37 144
37 145
37 147
37 149
37 151
37 152
37 154
37 155
37 158
37 165
37 167
37 168
37 170
37 171
37 172
37 173
37 174
37 175
37 178
37 180
37 185
37 186
37 188
37 191
37 193
37 195
37 197
37 198
37 199
38 39
38 40
38 42
38 43
38 46
38 48
38 53
38 55
38 56
38 58
38 60
38 61
38 62
38 65
38 66
38 67
38 68
38 71
38 74
38 75
38 78
38 82
38 84
38 86
38 87
38 88
38 89
38 90
38 98
38 99
38 101
38 103
38 107
38 109
38 110
38 111
38 115
38 118
38 119
38 120
38 123
38 125
38 126
38 129
38 130
38 132
38 135
38 136
38 138
38 141
38 143
38 145
38 147
38 150
38 151
38 153
38 154
38 156
38 157
38 159
38 160
38 162
38 164
38 169
38 172
38 173
38 174
38 175
38 178
38 179
38 180
38 181
38 185
38 186
38 187
38 189
38 191
38 193
38 194
38 195
38 199
39 40
39 43
39 46
39 49
39 50
39 52
39 53
39 55
39 57
39 58
39 60
39 62
39 67
39 68
39 70
39 71
39 72
39 73
39 75
39 77
39 78
39 80
39 81
39 84
39 85
39 86
39 90
39 96
39 98
39 99
39 100
39 103
39 105
39 107
39 110
39 118
39 120
39 127
39 128
39 133
39 134
39 135
39 137
39 140
39 141
39 142
39 145
39 146
39 147
39 152
39 154
39 158
39 159
39 160
39 161
39 163
39 164
39 167
39 168
39 173
39 177
39 178
39 180
39 181
39 182
39 186
39 187
39 189
39 190
39 191
39 193
39 194
39 195
39 196
39 197
40 43
40 44
40 48
40 50
40 52
40 53
40 55
40 61
40 62
40 63
40 67
40 68
40 69
40 72
40 73
40 75
40 76
40 78
40 79
40 80
40 81
40 82
40 83
40 84
40 86
40 88
40 89
40 90
40 93
40 97
40 99
40 105
40 106
40 109
40 111
40 114
40 115
40 118
40 121
40 122
40 124
40 127
40 130
40 132
40 133
40 134
40 136
40 137
40 139
40 140
40 141
40 147
40 148
40 150
40 154
40 155
40 157
40 160
40 163
40 164
40 167
40 168
40 169
40 170
40 171
40 172
40 176
40 177
40 178
40 184
40 186
40 188
40 189
40 190
40 191
40 192
40 193
40 194
40 197
41 45
41 46
41 47
41 49
41 53
41 54
41 55
41 56
41 58
41 59
41 60
41 61
41 64
41 65
41 67
41 70
41 71
41 73
41 74
41 76
41 77
41 78
41 82
41 86
41 89
41 90
41 92
41 100
41 103
41 104
41 105
41 106
41 110
41 111
41 117
41 118
41 121
41 123
41 125
41 126
41 127
41 128
41 130
41 133
41 137
41 138
41 145
41 146
41 147
41 148
41 149
41 150
41 152
41 155
41 156
41 158
41 159
41 160
41 161
41 164
41 167
41 170
41 172
41 174
41 180
41 184
41 185
41 187
41 188
41 189
41 190
41 191
41 192
41 195
41 199
42 43
42 45
42 46
42 47
42 49
42 51
42 55
42 56
42 57
42 58
42 60
42 64
42 67
42 68
42 69
42 72
42 73
42 78
42 79
42 82
42 83
42 84
42 89
42 90
42 92
42 93
42 94
42 96
42 98
42 99
42 101
42 102
42 103
42 104
42 108
42 112
42 113
42 114
42 115
42 124
42 126
42 128
42 129
42 130
42 131
42 133
42 134
42 135
42 137
42 138
42 139
42 140
42 141
42 143
42 149
42 150
42 153
42 154
42 155
42 156
42 158
42 159
42 161
42 162
42 164
42 167
42 169
42 170
42 174
42 176
42 177
42 179
42 181
42 183
42 185
42 186
42 187
42 188
42 189
42 190
42 191
42 193
42 194
42 197
43 44
43 46
43 47
43 48
43 49
43 50
43 52
43 53
43 57
43 60
43 61
43 65
43 69
43 72
43 74
43 75
43 78
43 80
43 82
43 85
43 87
43 88
43 99
43 100
43 101
43 102
43 103
43 106
43 107
43 109
43 113
43 114
43 115
43 118
43 119
43 120
43 122
43 124
43 126
43 129
43 130
43 131
43 132
43 134
43 135
43 140
43 141
43 143
43 144
43 147
43 149
43 157
43 162
43 169
43 170
43 172
43 175
43 178
43 179
43 182
43 183
43 185
43 186
43 187
43 189
43 192
43 194
43 198
44 45
44 47
44 51
44 52
44 54
44 58
44 60
44 61
44 62
44 64
44 65
44 67
44 75
44 76
44 78
44 80
44 81
44 87
44 92
44 93
44 94
44 96
44 98
44 102
44 105
44 107
44 108
44 109
44 113
44 114
44 116
44 121
44 123
44 125
44 127
44 128
44 131
44 133
44 134
44 135
44 136
44 141
44 142
44 145
44 146
44 148
44 149
44 150
44 151
44 152
44 153
44 154
44 155
44 158
44 159
44 162
44 163
44 169
44 171
44 174
44 175
44 178
44 180
44 181
44 182
44 184
44 185
44 186
44 188
44 191
44 192
44 194
44 197
45 47
45 53
45 56
45 58
45 60
45 64
45 66
45 67
45 68
45 69
45 72
45 74
45 76
45 78
45 80
45 83
45 84
45 86
45 88
45 89
45 90
45 91
45 92
45 94
45 95
45 97
45 99
45 101
45 102
45 103
45 108
45 116
45 117
45 119
45 121
45 123
45 130
45 133
45 135
45 136
45 138
45 139
45 140
45 142
45 144
45 145
45 146
45 147
45 150
45 151
45 158
45 159
45 160
45 164
45 174
45 178
45 182
45 183
45 184
45 185
45 186
45 187
45 188
45 189
45 190
45 192
45 196
45 199
46 54
46 56
46 57
46 60
46 61
46 62
46 63
46 69
46 70
46 73
46 74
46 75
46 79
46 84
46 86
46 89
46 91
46 92
46 94
46 95
46 96
46 98
46 99
46 100
46 101
46 104
46 105
46 106
46 110
46 111
46 112
46 116
46 117
46 118
46 119
46 121
46 124
46 126
46 128
46 131
46 132
46 133
46 135
46 140
46 141
46 144
46 145
46 148
46 149
46 151
46 152
46 154
46 155
46 158
46 161
46 162
46 166
46 167
46 168
46 171
46 173
46 174
46 176
46 177
46 178
46 179
46 182
46 184
46 186
46 187
46 189
46 196
46 197
46 198
47 49
47 50
47 51
47 52
47 53
47 54
47 55
47 57
47 58
47 59
47 60
47 61
47 62
47 63
47 64
47 65
47 69
47 70
47 72
47 74
47 76
47 77
47 78
47 79
47 81
47 84
47 85
47 86
47 87
47 88
47 89
47 90
47 91
47 95
47 96
47 99
47 100
47 101
47 102
47 104
47 108
47 110
47 111
47 113
47 116
47 119
47 121
47 122
47 126
47 127
47 129
47 130
47 131
47 134
47 135
47 136
47 137
47 138
47 140
47 141
47 142
47 143
47 144
47 146
47 148
47 149
47 150
47 151
47 155
47 156
47 157
47 158
47 160
47 162
47 163
47 164
47 165
47 166
47 168
47 170
47 172
47 174
47 175
47 176
47 179
47 180
47 182
47 185
47 186
47 189
47 190
47 191
47 192
47 193
47 195
47 196
47 198
48 49
48 50
48 51
48 52
48 53
48 54
48 55
48 59
48 62
48 64
48 65
48 67
48 68
48 74
48 75
48 80
48 83
48 84
48 85
48 88
48 93
48 94
48 97
48 99
48 101
48 102
48 104
48 105
48 107
48 109
48 111
48 113
48 116
48 119
48 121
48 122
48 123
48 124
48 126
48 127
48 128
48 129
48 130
48 131
48 132
48 133
48 134
48 135
48 138
48 139
48 147
48 149
48 151
48 152
48 154
48 156
48 159
48 160
48 161
48 162
48 165
48 166
48 171
48 172
48 175
48 176
48 179
48 180
48 181
48 183
48 186
48 187
48 188
48 190
48 192
48 193
48 194
48 195
48 197
49 53
49 55
49 57
49 59
49 61
49 66
49 70
49 73
49 74
49 75
49 76
49 79
49 80
49 81
49 82
49 83
49 85
49 86
49 87
49 90
49 94
49 97
49 98
49 101
49 103
49 104
49 106
49 110
49 112
49 114
49 116
49 117
49 118
49 123
49 124
49 130
49 135
49 140
49 141
49 146
49 147
49 149
49 150
49 152
49 155
49 156
49 157
49 160
49 161
49 162
49 169
49 171
49 172
49 175
49 176
49 179
49 180
49 182
49 186
49 189
49 190
49 191
49 193
49 194
49 195
49 196
49 198
50 51
50 54
50 58
50 61
50 62
50 66
50 67
50 69
50 70
50 75
50 76
50 78
50 80
50 83
50 88
50 90
50 92
50 94
50 95
50 97
50 98
50 100
50 101
50 102
50 104
50 105
50 107
50 110
50 111
50 112
50 114
50 115
50 116
50 117
50 118
50 121
50 122
50 123
50 127
50 128
50 129
50 130
50 133
50 134
50 139
50 142
50 143
50 144
50 145
50 146
50 147
50 151
50 153
50 154
50 155
50 161
50 162
50 164
50 166
50 169
50 170
50 172
50 173
50 174
50 176
50 178
50 179
50 180
50 181
50 182
50 184
50 186
50 188
50 189
50 190
50 192
50 195
50 196
50 198
50 199
51 53
51 58
51 59
51 64
51 65
51 68
51 69
51 70
51 71
51 72
51 74
51 77
51 78
51 79
51 80
51 81
51 82
51 84
51 89
51 90
51 91
51 92
51 93
51 96
51 97
51 98
51 99
51 104
51 106
51 111
51 112
51 114
51 115
51 116
51 117
51 118
51 119
51 120
51 123
51 124
51 127
51 128
51 129
51 131
51 132
51 133
51 134
51 138
51 139
51 141
51 142
51 143
51 144
51 145
51 149
51 150
51 151
51 156
51 157
51 158
51 160
51 162
51 172
51 173
51 174
51 177
51 178
51 179
51 180
51 182
51 184
51 186
51 187
51 188
51 189
51 191
51 192
51 193
51 194
51 195
51 197
51 199
52 53
52 54
52 56
52 57
52 61
52 62
52 63
52 66
52 68
52 71
52 73
52 76
52 77
52 79
52 80
52 82
52 85
52 86
52 87
52 90
52 91
52 93
52 95
52 96
52 100
52 102
52 103
52 104
52 108
52 110
52 111
52 113
52 114
52 115
52 116
52 120
52 122
52 123
52 127
52 128
52 129
52 130
52 131
52 133
52 136
52 137
52 140
52 141
52 144
52 145
52 146
52 147
52 149
52 151
52 152
52 156
52 157
52 161
52 162
52 167
52 170
52 173
52 175
52 176
52 178
52 180
52 181
52 186
52 187
52 188
52 190
52 191
52 192
52 194
52 195
52 197
53 54
53 56
53 57
53 58
53 59
53 60
53 61
53 64
53 66
53 69
53 70
53 72
53 76
53 77
53 78
53 82
53 83
53 84
53 88
53 89
53 90
53 92
53 94
53 95
53 96
53 97
53 98
53 99
53 101
53 103
53 104
53 107
53 110
53 112
53 114
53 116
53 117
53 119
53 120
53 121
53 122
53 123
53 125
53 127
53 128
53 129
53 130
53 131
53 132
53 134
53 135
53 137
53 138
53 141
53 142
53 143
53 144
53 146
53 147
53 148
53 149
53 151
53 152
53 153
53 155
53 157
53 158
53 160
53 161
53 162
53 164
53 166
53 167
53 172
53 175
53 176
53 178
53 183
53 184
53 186
53 187
53 188
53 189
53 193
53 195
53 196
53 198
53 199
54 56
54 59
54 62
54 64
54 65
54 66
54 68
54 69
54 70
54 71
54 74
54 76
54 77
54 79
54 83
54 84
54 85
54 87
54 88
54 92
54 97
54 98
54 101
54 102
54 103
54 105
54 110
54 111
54 115
54 116
54 117
54 118
54 120
54 122
54 124
54 125
54 127
54 128
54 130
54 131
54 132
54 134
54 136
54 137
54 138
54 139
54 142
54 143
54 145
54 147
54 149
54 150
54 152
54 155
54 156
54 163
54 164
54 165
54 166
54 167
54 172
54 173
54 176
54 178
54 180
54 181
54 182
54 183
54 184
54 187
54 188
54 189
54 190
54 191
54 193
54 196
54 197
54 199
55 58
55 59
55 61
55 62
55 65
55 69
55 70
55 72
55 73
55 74
55 75
55 77
55 78
55 79
55 80
55 81
55 87
55 88
55 89
55 90
55 92
55 96
55 97
55 99
55 100
55 101
55 104
55 106
55 107
55 108
55 109
55 111
55 112
55 114
55 115
55 116
55 118
55 120
55 125
55 128
55 130
55 133
55 134
55 136
55 137
55 138
55 140
55 141
55 142
55 144
55 149
55 150
55 152
55 155
55 156
55 158
55 160
55 161
55 162
55 163
55 165
55 167
55 170
55 171
55 175
55 180
55 183
55 184
55 185
55 186
55 188
55 189
55 192
55 194
55 195
56 57
56 59
56 63
56 64
56 68
56 72
56 73
56 76
56 77
56 79
56 82
56 84
56 86
56 87
56 88
56 89
56 90
56 92
56 93
56 95
56 96
56 97
56 100
56 101
56 102
56 103
56 105
56 106
56 107
56 113
56 115
56 119
56 120
56 123
56 124
56 125
56 126
56 128
56 132
56 133
56 134
56 135
56 136
56 140
56 141
56 142
56 143
56 144
56 145
56 147
56 148
56 149
56 150
56 151
56 154
56 156
56 157
56 158
56 159
56 162
56 163
56 164
56 168
56 169
56 170
56 171
56 173
56 174
56 176
56 177
56 183
56 186
56 187
56 188
56 193
56 196
56 198
56 199
57 58
57 59
57 62
57 65
57 68
57 72
57 75
57 78
57 79
57 81
57 82
57 83
57 85
57 86
57 88
57 90
57 91
57 94
57 96
57 98
57 100
57 102
57 105
57 109
57 110
57 111
57 112
57 113
57 118
57 119
57 120
57 126
57 128
57 129
57 132
57 133
57 135
57 138
57 139
57 140
57 141
57 142
57 145
57 147
57 148
57 152
57 153
57 154
57 155
57 158
57 161
57 165
57 167
57 169
57 171
57 174
57 178
57 180
57 181
57 182
57 187
57 188
57 190
57 191
57 192
57 193
57 196
57 198
58 59
58 61
58 63
58 65
58 66
58 68
58 69
58 70
58 72
58 73
58 79
58 80
58 82
58 83
58 84
58 85
58 88
58 89
58 90
58 92
58 94
58 96
58 101
58 105
58 106
58 107
58 109
58 110
58 112
58 114
58 115
58 117
58 118
58 120
58 122
58 124
58 125
58 126
58 128
58 130
58 131
58 132
58 133
58 137
58 140
58 141
58 143
58 144
58 147
58 151
58 153
58 154
58 156
58 160
58 163
58 165
58 166
58 168
58 171
58 174
58 176
58 177
58 178
58 179
58 180
58 182
58 183
58 184
58 186
58 188
58 195
58 199
59 61
59 65
59 66
59 67
59 68
59 73
59 75
59 77
59 78
59 79
59 82
59 83
59 86
59 87
59 89
59 90
59 91
59 92
59 93
59 94
59 95
59 97
59 99
59 101
59 102
59 103
59 104
59 107
59 108
59 109
59 110
59 115
59 121
59 122
59 125
59 126
59 127
59 128
59 129
59 131
59 135
59 136
59 137
59 139
59 142
59 143
59 144
59 146
59 150
59 152
59 153
59 154
59 155
59 156
59 157
59 159
59 160
59 161
59 163
59 167
59 168
59 169
59 172
59 175
59 177
59 180
59 181
59 182
59 183
59 185
59 186
59 191
59 192
59 194
59 199
60 61
60 62
60 63
60 64
60 68
60 69
60 71
60 73
60 75
60 79
60 81
60 83
60 92
60 93
60 95
60 96
60 99
60 100
60 107
60 109
60 111
60 112
60 115
60 117
60 121
60 122
60 124
60 125
60 128
60 129
60 130
60 131
60 133
60 136
60 138
60 139
60 141
60 143
60 144
60 148
60 150
60 152
60 153
60 157
60 158
60 159
60 160
60 161
60 163
60 165
60 167
60 174
60 177
60 178
60 180
60 181
60 183
60 184
60 188
60 190
60 198
60 199
61 62
61 63
61 64
61 65
61 67
61 71
61 74
61 82
61 84
61 85
61 92
61 96
61 99
61 101
61 103
61 104
61 106
61 109
61 111
61 112
61 113
61 114
61 127
61 128
61 130
61 131
61 132
61 134
61 135
61 136
61 138
61 140
61 141
61 143
61 144
61 148
61 149
61 151
61 152
61 153
61 154
61 155
61 156
61 157
61 158
61 160
61 163
61 164
61 165
61 167
61 168
61 171
61 172
61 175
61 180
61 181
61 182
61 184
61 185
61 186
61 188
61 189
61 194
61 195
61 196
61 199
62 64
62 65
62 66
62 67
62 70
62 71
62 74
62 78
62 80
62 83
62 86
62 88
62 89
62 91
62 92
62 93
62 94
62 96
62 99
62 103
62 105
62 106
62 107
62 108
62 109
62 110
62 114
62 115
62 116
62 119
62 121
62 122
62 123
62 125
62 126
62 128
62 130
62 131
62 133
62 135
62 136
62 137
62 139
62 140
62 143
62 145
62 148
62 150
62 151
62 154
62 155
62 156
62 161
62 163
62 164
62 165
62 166
62 167
62 169
62 171
62 173
62 176
62 177
62 181
62 189
62 191
62 192
62 195
62 196
62 197
62 199
63 65
63 67
63 70
63 72
63 78
63 80
63 85
63 87
63 88
63 90
63 93
63 95
63 96
63 102
63 103
63 104
63 105
63 107
63 110
63 111
63 112
63 113
63 114
63 115
63 117
63 118
63 119
63 120
63 121
63 124
63 126
63 128
63 129
63 132
63 133
63 135
63 137
63 138
63 139
63 142
63 143
63 144
63 146
63 148
63 150
63 151
63 154
63 157
63 160
63 162
63 167
63 168
63 170
63 172
63 176
63 177
63 181
63 182
63 183
63 185
63 186
63 187
63 189
63 191
63 192
63 193
63 198
63 199
64 65
64 66
64 68
64 69
64 70
64 72
64 73
64 84
64 88
64 91
64 93
64 97
64 98
64 100
64 101
64 103
64 104
64 108
64 111
64 113
64 115
64 116
64 118
64 120
64 122
64 123
64 124
64 128
64 135
64 136
64 137
64 139
64 140
64 144
64 146
64 148
64 156
64 159
64 160
64 164
64 165
64 166
64 169
64 171
64 172
64 173
64 174
64 176
64 179
64 180
64 181
64 182
64 185
64 186
64 189
64 190
64 192
64 193
64 196
65 67
65 68
65 73
65 76
65 78
65 79
65 80
65 81
65 83
65 84
65 86
65 87
65 88
65 91
65 94
65 96
65 97
65 101
65 102
65 103
65 105
65 107
65 108
65 110
65 111
65 114
65 117
65 119
65 120
65 123
65 127
65 129
65 131
65 134
65 136
65 137
65 138
65 139
65 142
65 146
65 149
65 150
65 151
65 153
65 159
65 160
65 161
65 164
65 165
65 167
65 168
65 171
65 173
65 174
65 175
65 182
65 184
65 185
65 187
65 189
65 191
65 193
65 194
65 197
65 199
66 68
66 69
66 72
66 73
66 74
66 77
66 78
66 81
66 83
66 87
66 91
66 94
66 100
66 101
66 103
66 104
66 105
66 108
66 109
66 110
66 113
66 114
66 115
66 123
66 128
66 131
66 133
66 135
66 136
66 138
66 141
66 144
66 145
66 146
66 151
66 153
66 156
66 158
66 159
66 161
66 164
66 167
66 169
66 170
66 171
66 175
66 176
66 178
66 180
66 181
66 182
66 185
66 186
66 187
66 188
66 190
66 195
67 68
67 69
67 73
67 74
67 75
67 77
67 79
67 80
67 81
67 83
67 85
67 86
67 89
67 91
67 92
67 96
67 97
67 99
67 100
67 102
67 103
67 106
67 108
67 109
67 116
67 117
67 119
67 121
67 124
67 130
67 137
67 138
67 139
67 140
67 142
67 143
67 145
67 147
67 149
67 151
67 153
67 154
67 156
67 158
67 160
67 161
67 165
67 167
67 169
67 171
67 173
67 174
67 175
67 177
67 179
67 180
67 182
67 186
67 188
67 191
67 192
67 193
67 194
67 195
67 196
67 197
67 198
67 199
68 69
68 73
68 76
68 78
68 79
68 83
68 84
68 85
68 88
68 89
68 90
68 92
68 94
68 95
68 97
68 98
68 99
68 100
68 102
68 104
68 105
68 106
68 110
68 112
68 113
68 114
68 115
68 119
68 121
68 122
68 123
68 126
68 128
68 131
68 132
68 137
68 138
68 141
68 144
68 145
68 146
68 148
68 151
68 153
68 154
68 155
68 157
68 158
68 160
68 161
68 165
68 166
68 168
68 169
68 170
68 175
68 176
68 179
68 182
68 185
68 187
68 188
68 190
68 191
68 192
68 195
69 70
69 71
69 73
69 76
69 77
69 78
69 80
69 81
69 82
69 83
69 84
69 89
69 92
69 93
69 94
69 95
69 96
69 102
69 104
69 105
69 107
69 108
69 111
69 112
69 113
69 114
69 117
69 118
69 119
69 122
69 123
69 125
69 127
69 128
69 131
69 132
69 133
69 134
69 135
69 136
69 137
69 138
69 139
69 141
69 143
69 144
69 145
69 148
69 150
69 152
69 153
69 154
69 156
69 157
69 158
69 159
69 162
69 163
69 164
69 166
69 167
69 170
69 171
69 172
69 173
69 175
69 178
69 181
69 183
69 184
69 187
69 188
69 192
69 196
69 197
70 72
70 76
70 78
70 79
70 82
70 83
70 85
70 86
70 87
70 88
70 89
70 90
70 95
70 96
70 97
70 98
70 100
70 102
70 103
70 104
70 105
70 106
70 107
70 108
70 109
70 111
70 117
70 118
70 120
70 123
70 125
70 126
70 131
70 132
70 135
70 142
70 145
70 146
70 147
70 148
70 149
70 152
70 156
70 157
70 160
70 161
70 163
70 164
70 165
70 166
70 168
70 169
70 170
70 175
70 180
70 181
70 182
70 185
70 186
70 187
70 189
70 191
70 192
70 193
70 196
70 197
70 199
71 74
71 75
71 76
71 77
71 78
71 79
71 81
71 83
71 85
71 86
71 92
71 93
71 97
71 101
71 103
71 108
71 109
71 112
71 114
71 116
71 117
71 120
71 121
71 127
71 128
71 130
71 131
71 133
71 140
71 141
71 142
71 143
71 144
71 148
71 155
71 158
71 159
71 162
71 164
71 166
71 168
71 176
71 180
71 181
71 184
71 185
71 186
71 187
71 188
71 190
71 191
71 192
71 195
71 196
71 198
72 74
72 75
72 79
72 81
72 83
72 86
72 88
72 89
72 90
72 91
72 93
72 95
72 97
72 98
72 99
72 100
72 101
72 102
72 103
72 104
72 105
72 106
72 108
72 110
72 112
72 114
72 116
72 117
72 118
72 120
72 123
72 124
72 129
72 131
72 135
72 143
72 144
72 146
72 149
72 153
72 155
72 156
72 157
72 158
72 160
72 161
72 162
72 166
72 167
72 168
72 169
72 170
72 174
72 175
72 176
72 180
72 181
72 182
72 185
72 186
72 189
72 190
72 191
72 194
72 195
72 196
72 198
73 85
73 87
73 89
73 91
73 93
73 95
73 98
73 99
73 103
73 104
73 105
73 108
73 109
73 111
73 114
73 116
73 119
73 120
73 121
73 122
73 123
73 124
73 128
73 130
73 132
73 135
73 137
73 140
73 141
73 144
73 145
73 146
73 147
73 148
73 149
73 151
73 152
73 153
73 155
73 156
73 158
73 159
73 160
73 161
73 162
73 164
73 165
73 166
73 167
73 169
73 170
73 171
73 176
73 178
73 181
73 182
73 193
73 195
73 196
73 197
73 198
73 199
74 79
74 80
74 81
74 83
74 84
74 90
74 91
74 92
74 94
74 95
74 97
74 98
74 100
74 101
74 102
74 103
74 104
74 106
74 108
74 110
74 113
74 114
74 115
74 116
74 117
74 118
74 119
74 121
74 122
74 123
74 126
74 129
74 131
74 132
74 133
74 136
74 140
74 141
74 142
74 144
74 146
74 147
74 148
74 151
74 152
74 153
74 156
74 157
74 159
74 161
74 162
74 165
74 168
74 169
74 170
74 172
74 174
74 176
74 179
74 180
74 183
74 184
74 186
74 189
74 190
74 191
74 193
74 195
74 197
74 199
75 76
75 77
75 78
75 80
75 81
75 82
75 83
75 84
75 86
75 87
75 88
75 89
75 90
75 91
75 92
75 93
75 95
75 97
75 100
75 101
75 102
75 103
75 106
75 111
75 112
75 113
75 114
75 115
75 116
75 117
75 118
75 119
75 120
75 121
75 126
75 128
75 130
75 131
75 134
75 135
75 137
75 141
75 142
75 143
75 145
75 147
75 154
75 155
75 156
75 158
75 160
75 161
75 166
75 169
75 171
75 172
75 173
75 178
75 179
75 180
75 181
75 183
75 186
75 187
75 188
75 193
75 194
75 195
75 197
75 198
76 77
76 78
76 79
76 80
76 82
76 86
76 87
76 92
76 94
76 98
76 100
76 101
76 104
76 105
76 110
76 115
76 117
76 120
76 122
76 123
76 128
76 129
76 131
76 132
76 134
76 135
76 136
76 137
76 138
76 139
76 141
76 145
76 146
76 150
76 151
76 152
76 157
76 159
76 160
76 162
76 164
76 169
76 170
76 171
76 172
76 174
76 175
76 176
76 178
76 179
76 182
76 183
76 185
76 186
76 187
76 188
76 189
76 190
76 196
76 198
77 78
77 81
77 82
77 84
77 88
77 89
77 93
77 95
77 100
77 103
77 104
77 106
77 107
77 109
77 110
77 113
77 117
77 118
77 119
77 121
77 123
77 125
77 127
77 128
77 130
77 131
77 134
77 136
77 137
77 138
77 139
77 140
77 141
77 142
77 148
77 149
77 150
77 151
77 153
77 154
77 155
77 156
77 157
77 160
77 161
77 162
77 163
77 164
77 169
77 171
77 176
77 177
77 178
77 179
77 180
77 182
77 183
77 185
77 186
77 187
77 188
77 189
77 190
77 191
77 192
77 195
77 197
77 199
78 79
78 82
78 85
78 86
78 88
78 89
78 90
78 93
78 94
78 95
78 96
78 100
78 103
78 104
78 107
78 109
78 111
78 112
78 113
78 114
78 116
78 120
78 121
78 124
78 126
78 127
78 128
78 129
78 132
78 134
78 137
78 138
78 141
78 144
78 146
78 149
78 151
78 153
78 158
78 159
78 161
78 162
78 164
78 165
78 168
78 169
78 170
78 172
78 173
78 174
78 175
78 177
78 179
78 181
78 184
78 185
78 186
78 187
78 190
78 191
78 193
78 197
78 198
78 199
79 80
79 83
79 85
79 86
79 87
79 88
79 90
79 92
79 97
79 99
79 102
79 104
79 105
79 106
79 108
79 110
79 114
79 116
79 117
79 119
79 122
79 124
79 127
79 128
79 132
79 133
79 134
79 136
79 138
79 140
79 142
79 146
79 148
79 149
79 153
79 155
79 156
79 166
79 170
79 172
79 173
79 175
79 177
79 178
79 182
79 185
79 186
79 190
79 191
79 192
79 193
79 195
79 198
80 82
80 85
80 86
80 89
80 92
80 93
80 94
80 96
80 97
80 98
80 99
80 102
80 103
80 104
80 106
80 108
80 110
80 111
80 112
80 116
80 117
80 118
80 119
80 121
80 122
80 123
80 124
80 125
80 129
80 132
80 133
80 135
80 137
80 138
80 139
80 141
80 143
80 144
80 145
80 147
80 151
80 152
80 153
80 154
80 155
80 160
80 161
80 165
80 167
80 168
80 169
80 171
80 175
80 178
80 181
80 182
80 184
80 185
80 186
80 187
80 190
80 191
80 193
80 194
80 197
81 82
81 84
81 85
81 86
81 87
81 93
81 95
81 99
81 101
81 102
81 110
81 111
81 112
81 113
81 114
81 115
81 123
81 128
81 130
81 131
81 132
81 133
81 134
81 135
81 136
81 138
81 139
81 143
81 145
81 147
81 148
81 154
81 157
81 160
81 161
81 163
81 164
81 165
81 166
81 168
81 169
81 170
81 172
81 174
81 176
81 178
81 179
81 180
81 184
81 185
81 187
81 195
81 197
82 85
82 88
82 93
82 94
82 96
82 98
82 101
82 102
82 105
82 106
82 107
82 108
82 109
82 111
82 112
82 113
82 115
82 116
82 117
82 122
82 124
82 128
82 129
82 130
82 131
82 132
82 135
82 137
82 139
82 140
82 142
82 143
82 145
82 146
82 150
82 151
82 152
82 155
82 162
82 163
82 165
82 172
82 173
82 179
82 180
82 182
82 183
82 184
82 185
82 187
82 188
82 189
82 190
82 192
82 198
82 199
83 85
83 86
83 89
83 90
83 92
83 93
83 94
83 98
83 99
83 101
83 102
83 104
83 105
83 107
83 108
83 112
83 115
83 117
83 120
83 121
83 122
83 124
83 125
83 130
83 132
83 133
83 134
83 135
83 136
83 137
83 138
83 139
83 140
83 144
83 145
83 146
83 148
83 150
83 154
83 156
83 158
83 162
83 164
83 166
83 169
83 171
83 172
83 174
83 175
83 181
83 183
83 184
83 186
83 189
83 190
83 194
83 195
83 196
84 85
84 91
84 92
84 93
84 103
84 105
84 107
84 108
84 110
84 114
84 115
84 116
84 118
84 120
84 125
84 127
84 128
84 129
84 137
84 138
84 139
84 140
84 145
84 146
84 149
84 152
84 154
84 156
84 158
84 159
84 160
84 161
84 162
84 165
84 166
84 167
84 168
84 170
84 172
84 181
84 185
84 187
84 188
84 189
84 190
84 191
84 194
84 196
84 197
84 198
85 89
85 91
85 92
85 93
85 95
85 97
85 102
85 104
85 105
85 111
85 112
85 113
85 114
85 116
85 117
85 118
85 119
85 121
85 122
85 123
85 128
85 129
85 130
85 133
85 134
85 136
85 141
85 143
85 145
85 146
85 148
85 150
85 154
85 155
85 156
85 157
85 158
85 160
85 165
85 172
85 173
85 176
85 178
85 179
85 180
85 181
85 183
85 186
85 187
85 188
85 190
85 191
85 194
85 195
85 196
85 199
86 88
86 90
86 92
86 93
86 94
86 97
86 98
86 99
86 100
86 101
86 103
86 104
86 107
86 108
86 109
86 110
86 111
86 113
86 115
86 116
86 118
86 119
86 121
86 123
86 124
86 125
86 126
86 129
86 131
86 141
86 143
86 145
86 146
86 147
86 149
86 152
86 154
86 156
86 157
86 158
86 159
86 161
86 165
86 168
86 172
86 173
86 174
86 175
86 176
86 177
86 179
86 181
86 182
86 184
86 186
86 187
86 191
86 194
86 196
86 197
86 198
87 89
87 90
87 93
87 94
87 96
87 97
87 98
87 100
87 105
87 108
87 109
87 110
87 111
87 114
87 115
87 118
87 119
87 120
87 122
87 129
87 130
87 132
87 133
87 135
87 136
87 137
87 138
87 139
87 142
87 146
87 148
87 152
87 155
87 158
87 160
87 161
87 163
87 164
87 166
87 168
87 170
87 171
87 173
87 174
87 175
87 176
87 178
87 179
87 180
87 181
87 182
87 192
87 194
87 195
88 92
88 93
88 100
88 101
88 104
88 106
88 107
88 109
88 113
88 115
88 116
88 117
88 119
88 123
88 126
88 127
88 128
88 130
88 135
88 136
88 137
88 139
88 142
88 143
88 147
88 154
88 157
88 159
88 160
88 161
88 162
88 164
88 166
88 167
88 168
88 169
88 170
88 174
88 176
88 178
88 179
88 180
88 183
88 184
88 186
88 187
88 188
88 189
88 192
88 193
88 196
89 90
89 91
89 97
89 99
89 103
89 104
89 105
89 106
89 107
89 108
89 109
89 111
89 112
89 114
89 115
89 117
89 118
89 121
89 122
89 124
89 125
89 128
89 129
89 131
89 132
89 133
89 134
89 137
89 138
89 143
89 145
89 146
89 148
89 153
89 155
89 156
89 158
89 159
89 160
89 161
89 162
89 163
89 167
89 169
89 170
89 171
89 172
89 173
89 174
89 175
89 176
89 180
89 184
89 185
89 186
89 190
89 192
89 194
89 195
89 199
90 93
90 94
90 95
90 96
90 99
90 102
90 103
90 109
90 112
90 113
90 114
90 115
90 117
90 118
90 119
90 121
90 124
90 126
90 127
90 128
90 131
90 132
90 135
90 136
90 137
90 138
90 139
90 141
90 153
90 154
90 155
90 157
90 158
90 159
90 160
90 161
90 163
90 167
90 168
90 169
90 170
90 171
90 172
90 174
90 175
90 178
90 179
90 180
90 181
90 183
90 184
90 186
90 187
90 189
90 190
90 191
90 193
90 197
90 198
90 199
91 92
91 95
91 96
91 97
91 98
91 100
91 101
91 103
91 104
91 105
91 106
91 107
91 111
91 112
91 113
91 114
91 116
91 117
91 118
91 119
91 120
91 121
91 123
91 124
91 125
91 128
91 129
91 132
91 133
91 134
91 137
91 138
91 139
91 140
91 143
91 145
91 146
91 147
91 152
91 153
91 154
91 155
91 156
91 157
91 158
91 159
91 161
91 164
91 166
91 167
91 168
91 172
91 174
91 176
91 177
91 179
91 180
91 181
91 182
91 183
91 186
91 187
91 188
91 189
91 190
91 191
91 192
91 193
91 194
91 196
91 197
91 198
91 199
92 93
92 97
92 99
92 101
92 102
92 103
92 106
92 107
92 108
92 110
92 111
92 112
92 113
92 116
92 121
92 123
92 125
92 127
92 129
92 130
92 131
92 134
92 135
92 138
92 139
92 140
92 142
92 144
92 149
92 150
92 152
92 155
92 163
92 166
92 167
92 168
92 169
92 170
92 175
92 176
92 177
92 178
92 179
92 183
92 189
92 190
92 193
92 194
92 195
92 196
92 198
92 199
93 97
93 101
93 104
93 106
93 107
93 108
93 110
93 112
93 113
93 118
93 121
93 122
93 123
93 124
93 129
93 131
93 132
93 133
93 135
93 136
93 138
93 140
93 141
93 146
93 150
93 152
93 154
93 156
93 160
93 161
93 162
93 165
93 167
93 168
93 169
93 170
93 173
93 174
93 177
93 180
93 182
93 184
93 189
93 193
93 198
94 96
94 98
94 100
94 101
94 104
94 106
94 108
94 110
94 111
94 113
94 119
94 120
94 123
94 126
94 127
94 130
94 131
94 132
94 133
94 134
94 135
94 139
94 140
94 143
94 146
94 148
94 151
94 153
94 154
94 155
94 158
94 159
94 161
94 162
94 166
94 168
94 171
94 175
94 177
94 179
94 180
94 181
94 183
94 186
94 187
94 189
94 190
94 191
94 192
94 194
94 196
94 197
94 199
95 96
95 98
95 99
95 100
95 101
95 104
95 105
95 108
95 111
95 112
95 115
95 118
95 119
95 120
95 121
95 122
95 124
95 127
95 128
95 133
95 134
95 135
95 136
95 137
95 139
95 141
95 147
95 148
95 149
95 151
95 153
95 154
95 155
95 165
95 167
95 170
95 171
95 174
95 175
95 176
95 178
95 181
95 184
95 187
95 188
95 189
95 190
96 97
96 99
96 100
96 101
96 104
96 110
96 114
96 116
96 117
96 119
96 122
96 125
96 126
96 127
96 129
96 130
96 131
96 132
96 137
96 138
96 140
96 141
96 142
96 146
96 147
96 148
96 149
96 153
96 155
96 158
96 159
96 160
96 161
96 164
96 166
96 168
96 169
96 170
96 171
96 173
96 174
96 175
96 177
96 179
96 180
96 187
96 188
96 189
96 190
96 193
96 197
97 98
97 99
97 100
97 101
97 102
97 103
97 107
97 108
97 109
97 112
97 116
97 117
97 118
97 120
97 121
97 122
97 123
97 124
97 128
97 129
97 130
97 131
97 132
97 133
97 135
97 137
97 140
97 143
97 144
97 145
97 147
97 148
97 149
97 150
97 151
97 152
97 157
97 158
97 162
97 163
97 165
97 166
97 168
97 169
97 171
97 172
97 174
97 176
97 177
97 178
97 180
97 181
97 184
97 185
97 187
97 188
97 189
97 190
97 191
97 193
97 196
97 197
98 100
98 101
98 102
98 106
98 109
98 110
98 115
98 116
98 118
98 119
98 121
98 122
98 123
98 125
98 127
98 128
98 129
98 130
98 131
98 132
98 134
98 136
98 138
98 141
98 143
98 146
98 148
98 151
98 152
98 154
98 155
98 156
98 157
98 158
98 160
98 161
98 167
98 168
98 171
98 174
98 176
98 178
98 179
98 182
98 187
98 190
98 191
98 193
98 194
98 195
98 199
99 100
99 103
99 104
99 105
99 107
99 111
99 112
99 113
99 116
99 119
99 120
99 121
99 122
99 123
99 124
99 127
99 128
99 129
99 131
99 133
99 134
99 138
99 141
99 144
99 147
99 151
99 155
99 156
99 159
99 163
99 164
99 167
99 169
99 170
99 173
99 184
99 185
99 186
99 188
99 190
99 191
99 194
99 197
99 199
100 101
100 102
100 104
100 106
100 107
100 110
100 113
100 117
100 118
100 119
100 120
100 122
100 123
100 127
100 132
100 134
100 136
100 138
100 142
100 144
100 147
100 148
100 149
100 151
100 152
100 153
100 154
100 155
100 156
100 157
100 159
100 161
100 162
100 165
100 171
100 172
100 174
100 175
100 176
100 178
100 179
100 180
100 183
100 184
100 185
100 189
100 190
100 196
101 104
101 105
101 111
101 112
101 114
101 115
101 116
101 117
101 118
101 120
101 121
101 124
101 125
101 126
101 128
101 129
101 130
101 131
101 132
101 134
101 138
101 139
101 141
101 143
101 144
101 154
101 157
101 159
101 163
101 164
101 167
101 169
101 173
101 174
101 177
101 178
101 180
101 182
101 183
101 184
101 185
101 187
101 191
101 192
101 195
101 196
101 197
102 103
102 107
102 110
102 111
102 112
102 114
102 115
102 119
102 120
102 126
102 128
102 129
102 131
102 133
102 138
102 139
102 143
102 145
102 146
102 147
102 151
102 152
102 153
102 154
102 156
102 158
102 160
102 162
102 164
102 166
102 167
102 168
102 170
102 171
102 173
102 178
102 179
102 180
102 182
102 185
102 186
102 188
102 189
102 190
102 192
102 194
102 197
102 199
103 105
103 106
103 108
103 109
103 112
103 114
103 115
103 117
103 118
103 121
103 125
103 127
103 130
103 133
103 134
103 136
103 137
103 142
103 143
103 144
103 146
103 149
103 150
103 153
103 154
103 157
103 158
103 161
103 162
103 163
103 165
103 166
103 167
103 168
103 170
103 172
103 174
103 176
103 179
103 180
103 184
103 189
103 191
103 192
103 196
103 197
104 105
104 117
104 119
104 120
104 121
104 125
104 128
104 129
104 132
104 134
104 135
104 136
104 137
104 138
104 141
104 142
104 143
104 146
104 148
104 149
104 151
104 156
104 158
104 160
104 163
104 164
104 165
104 167
104 169
104 172
104 174
104 175
104 177
104 179
104 180
104 181
104 183
104 184
104 187
104 188
104 190
104 191
104 192
104 195
104 196
104 197
105 106
105 109
105 110
105 111
105 112
105 114
105 116
105 119
105 120
105 122
105 124
105 127
105 128
105 131
105 132
105 137
105 138
105 139
105 141
105 144
105 145
105 146
105 147
105 149
105 150
105 151
105 152
105 153
105 154
105 155
105 156
105 157
105 158
105 159
105 160
105 162
105 163
105 164
105 165
105 166
105 168
105 170
105 171
105 173
105 174
105 177
105 180
105 181
105 182
105 183
105 184
105 186
105 187
105 189
105 190
105 192
105 194
106 110
106 111
106 114
106 115
106 116
106 119
106 121
106 122
106 124
106 125
106 126
106 130
106 131
106 135
106 136
106 138
106 142
106 143
106 145
106 146
106 147
106 148
106 149
106 151
106 154
106 156
106 157
106 159
106 161
106 163
106 165
106 167
106 168
106 169
106 171
106 173
106 176
106 177
106 178
106 179
106 180
106 181
106 182
106 184
106 185
106 187
106 191
106 192
106 193
106 196
106 198
107 110
107 111
107 113
107 114
107 123
107 124
107 125
107 126
107 127
107 129
107 132
107 137
107 139
107 140
107 141
107 142
107 143
107 151
107 153
107 159
107 160
107 165
107 166
107 167
107 169
107 171
107 173
107 174
107 175
107 176
107 177
107 178
107 179
107 180
107 181
107 182
107 184
107 186
107 189
107 192
107 194
107 198
108 110
108 113
108 118
108 122
108 123
108 125
108 130
108 135
108 137
108 138
108 142
108 144
108 146
108 149
108 150
108 151
108 153
108 155
108 156
108 158
108 159
108 160
108 163
108 165
108 166
108 168
108 169
108 170
108 171
108 172
108 173
108 175
108 179
108 181
108 182
108 184
108 185
108 186
108 187
108 188
108 190
108 191
108 192
108 193
108 196
108 197
108 199
109 112
109 118
109 121
109 122
109 126
109 127
109 131
109 133
109 134
109 136
109 137
109 139
109 145
109 148
109 153
109 155
109 160
109 163
109 164
109 165
109 168
109 169
109 171
109 173
109 175
109 176
109 177
109 178
109 181
109 182
109 183
109 184
109 190
109 192
109 195
109 199
110 113
110 114
110 116
110 117
110 118
110 119
110 121
110 122
110 123
110 124
110 125
110 126
110 128
110 130
110 131
110 132
110 134
110 138
110 140
110 145
110 147
110 151
110 152
110 155
110 156
110 157
110 158
110 161
110 163
110 164
110 165
110 166
110 167
110 169
110 170
110 173
110 174
110 176
110 177
110 180
110 183
110 185
110 187
110 188
110 189
110 192
110 193
110 194
110 195
110 196
110 197
110 198
110 199
111 112
111 114
111 119
111 121
111 123
111 124
111 125
111 134
111 135
111 137
111 138
111 141
111 144
111 145
111 148
111 151
111 153
111 154
111 159
111 160
111 161
111 163
111 164
111 165
111 166
111 170
111 171
111 172
111 173
111 178
111 179
111 183
111 184
111 186
111 190
111 191
111 193
111 195
111 197
112 115
112 116
112 118
112 119
112 122
112 124
112 126
112 128
112 130
112 131
112 133
112 134
112 135
112 136
112 139
112 141
112 143
112 144
112 149
112 152
112 153
112 156
112 157
112 159
112 162
112 163
112 167
112 170
112 172
112 174
112 175
112 178
112 180
112 184
112 185
112 186
112 188
112 190
112 191
112 193
112 195
112 198
113 114
113 117
113 119
113 121
113 124
113 125
113 129
113 131
113 132
113 133
113 136
113 138
113 140
113 141
113 143
113 148
113 150
113 151
113 158
113 159
113 160
113 161
113 162
113 164
113 165
113 166
113 168
113 174
113 178
113 181
113 185
113 186
113 188
113 189
113 191
113 192
113 193
113 194
113 196
113 197
113 199
114 115
114 116
114 119
114 122
114 124
114 127
114 128
114 129
114 130
114 131
114 132
114 134
114 135
114 136
114 137
114 138
114 139
114 141
114 143
114 145
114 146
114 148
114 152
114 153
114 154
114 156
114 158
114 164
114 165
114 166
114 169
114 170
114 174
114 175
114 176
114 178
114 180
114 181
114 182
114 184
114 186
114 187
114 190
114 191
114 192
114 193
114 194
114 197
114 198
114 199
115 117
115 119
115 121
115 122
115 125
115 127
115 128
115 129
115 130
115 131
115 132
115 134
115 136
115 137
115 143
115 148
115 150
115 152
115 154
115 156
115 157
115 159
115 160
115 162
115 163
115 164
115 166
115 168
115 169
115 170
115 171
115 173
115 176
115 177
115 178
115 179
115 180
115 182
115 183
115 185
115 186
115 187
115 190
115 191
115 192
115 198
115 199
116 117
116 119
116 121
116 123
116 127
116 128
116 129
116 132
116 133
116 136
116 138
116 139
116 141
116 142
116 143
116 145
116 146
116 149
116 150
116 153
116 154
116 155
116 156
116 157
116 158
116 159
116 160
116 161
116 162
116 163
116 164
116 166
116 173
116 178
116 179
116 182
116 184
116 185
116 187
116 191
116 194
116 196
116 198
117 119
117 123
117 125
117 127
117 128
117 130
117 132
117 134
117 135
117 136
117 137
117 139
117 140
117 141
117 149
117 152
117 155
117 158
117 160
117 161
117 162
117 163
117 164
117 168
117 169
117 175
117 179
117 180
117 185
117 186
117 188
117 194
117 196
117 197
117 199
118 121
118 123
118 124
118 126
118 127
118 129
118 130
118 131
118 133
118 134
118 135
118 136
118 140
118 142
118 143
118 145
118 147
118 148
118 149
118 152
118 153
118 154
118 158
118 159
118 161
118 165
118 167
118 168
118 170
118 174
118 176
118 177
118 181
118 184
118 186
118 193
118 195
118 196
118 199
119 124
119 127
119 129
119 131
119 134
119 136
119 138
119 139
119 140
119 141
119 142
119 146
119 147
119 150
119 152
119 154
119 156
119 157
119 159
119 160
119 162
119 164
119 166
119 167
119 168
119 169
119 170
119 172
119 175
119 177
119 185
119 191
119 194
119 196
119 198
119 199
120 124
120 125
120 126
120 131
120 133
120 134
120 135
120 143
120 146
120 153
120 154
120 155
120 159
120 162
120 163
120 167
120 168
120 169
120 170
120 171
120 172
120 173
120 178
120 179
120 180
120 181
120 182
120 183
120 188
120 189
120 191
120 195
120 199
121 122
121 123
121 128
121 129
121 131
121 134
121 136
121 138
121 143
121 144
121 145
121 147
121 153
121 154
121 156
121 160
121 162
121 163
121 166
121 167
121 168
121 170
121 171
121 173
121 174
121 176
121 179
121 184
121 187
121 189
121 191
121 192
121 195
121 196
121 197
121 198
121 199
122 125
122 128
122 130
122 135
122 140
122 142
122 144
122 145
122 147
122 150
122 152
122 156
122 157
122 158
122 161
122 162
122 163
122 164
122 168
122 169
122 171
122 177
122 179
122 180
122 181
122 182
122 186
122 190
122 193
123 124
123 125
123 128
123 131
123 133
123 134
123 138
123 139
123 140
123 143
123 144
123 146
123 148
123 149
123 151
123 153
123 155
123 160
123 164
123 166
123 173
123 175
123 176
123 183
123 186
123 188
123 191
123 192
123 195
123 197
123 199
124 125
124 127
124 129
124 131
124 132
124 136
124 137
124 139
124 143
124 145
124 147
124 149
124 151
124 153
124 154
124 161
124 164
124 165
124 166
124 169
124 170
124 173
124 178
124 179
124 181
124 184
124 186
124 188
124 190
124 191
124 192
124 193
124 194
124 196
124 199
125 126
125 127
125 128
125 129
125 133
125 135
125 136
125 137
125 138
125 139
125 140
125 141
125 142
125 144
125 146
125 151
125 154
125 157
125 159
125 160
125 161
125 164
125 167
125 170
125 173
125 174
125 176
125 178
125 180
125 181
125 183
125 185
125 188
125 191
125 196
125 198
126 127
126 128
126 129
126 131
126 136
126 137
126 141
126 142
126 143
126 144
126 146
126 147
126 148
126 149
126 152
126 155
126 158
126 160
126 161
126 163
126 164
126 168
126 169
126 171
126 172
126 174
126 175
126 176
126 177
126 179
126 182
126 183
126 185
126 186
126 187
126 188
126 191
126 193
126 194
126 197
126 199
127 128
127 131
127 132
127 133
127 136
127 138
127 145
127 146
127 148
127 150
127 151
127 153
127 154
127 156
127 159
127 163
127 164
127 166
127 168
127 169
127 170
127 182
127 184
127 185
127 193
127 194
127 197
127 199
128 131
128 132
128 133
128 136
128 137
128 138
128 141
128 142
128 145
128 146
128 148
128 149
128 155
128 159
128 163
128 164
128 165
128 167
128 168
128 169
128 171
128 172
128 173
128 183
128 186
128 187
128 188
128 190
128 191
128 198
129 130
129 132
129 133
129 137
129 139
129 140
129 143
129 144
129 145
129 146
129 149
129 154
129 155
129 157
129 159
129 165
129 166
129 167
129 169
129 171
129 172
129 175
129 179
129 180
129 181
129 182
129 183
129 184
129 185
129 186
129 188
129 192
129 195
130 131
130 132
130 134
130 135
130 137
130 138
130 139
130 140
130 141
130 144
130 145
130 146
130 147
130 149
130 150
130 152
130 153
130 160
130 161
130 163
130 165
130 166
130 167
130 168
130 172
130 175
130 177
130 179
130 182
130 187
130 188
130 190
130 194
131 132
131 133
131 134
131 135
131 137
131 138
131 142
131 146
131 154
131 159
131 161
131 162
131 165
131 171
131 172
131 181
131 182
131 186
131 188
131 190
131 191
131 192
131 194
131 196
131 197
131 198
131 199
132 133
132 138
132 139
132 140
132 146
132 147
132 148
132 151
132 152
132 153
132 155
132 157
132 158
132 159
132 160
132 161
132 162
132 164
132 168
132 170
132 175
132 176
132 177
132 178
132 179
132 181
132 184
132 189
132 191
132 193
132 194
133 134
133 135
133 136
133 138
133 140
133 141
133 143
133 147
133 149
133 151
133 153
133 154
133 155
133 156
133 159
133 163
133 164
133 166
133 167
133 168
133 170
133 171
133 172
133 173
133 176
133 180
133 182
133 183
133 184
133 187
133 192
133 194
133 195
134 135
134 136
134 137
134 138
134 139
134 140
134 141
134 142
134 144
134 146
134 148
134 152
134 154
134 155
134 156
134 157
134 159
134 160
134 161
134 162
134 169
134 175
134 176
134 177
134 181
134 183
134 184
134 185
134 186
134 189
134 190
134 193
134 195
134 196
134 199
135 137
135 138
135 140
135 146
135 147
135 148
135 155
135 156
135 160
135 162
135 163
135 165
135 166
135 167
135 169
135 172
135 175
135 178
135 180
135 181
135 182
135 187
135 188
135 189
135 191
135 192
135 194
135 196
135 199
136 138
136 140
136 141
136 142
136 144
136 145
136 148
136 150
136 151
136 152
136 153
136 155
136 159
136 166
136 167
136 169
136 170
136 171
136 173
136 174
136 175
136 176
136 177
136 178
136 181
136 184
136 194
136 195
136 196
136 197
136 199
137 138
137 141
137 143
137 144
137 146
137 147
137 149
137 150
137 151
137 153
137 154
137 155
137 158
137 161
137 163
137 164
137 169
137 170
137 173
137 175
137 176
137 180
137 181
137 184
137 186
137 189
137 191
137 192
137 195
137 198
138 143
138 145
138 146
138 152
138 153
138 154
138 156
138 160
138 164
138 165
138 168
138 169
138 170
138 172
138 181
138 183
138 184
138 185
138 187
138 188
138 189
138 191
138 193
138 195
138 198
138 199
139 144
139 145
139 146
139 148
139 151
139 153
139 154
139 155
139 157
139 160
139 163
139 164
139 165
139 167
139 170
139 171
139 172
139 173
139 177
139 179
139 181
139 182
139 185
139 186
139 190
139 192
139 196
139 198
139 199
140 141
140 144
140 150
140 151
140 153
140 154
140 157
140 160
140 161
140 162
140 164
140 165
140 167
140 168
140 172
140 173
140 175
140 184
140 185
140 186
140 187
140 188
140 191
140 193
140 194
140 198
141 142
141 144
141 145
141 150
141 152
141 154
141 155
141 156
141 158
141 161
141 162
141 163
141 168
141 169
141 170
141 171
141 172
141 174
141 175
141 176
141 177
141 180
141 186
141 188
141 189
141 190
141 193
141 196
141 198
142 143
142 144
142 146
142 148
142 149
142 150
142 151
142 154
142 155
142 158
142 159
142 161
142 162
142 163
142 164
142 166
142 167
142 168
142 170
142 171
142 174
142 177
142 178
142 179
142 182
142 183
142 185
142 187
142 189
142 191
142 193
142 194
142 195
142 197
142 198
143 146
143 147
143 148
143 149
143 154
143 160
143 161
143 163
143 165
143 168
143 171
143 172
143 174
143 178
143 179
143 180
143 181
143 183
143 187
143 188
143 189
143 191
143 192
143 193
143 196
143 197
143 198
144 145
144 147
144 148
144 149
144 150
144 151
144 155
144 156
144 157
144 159
144 161
144 163
144 164
144 166
144 168
144 170
144 171
144 175
144 176
144 179
144 182
144 183
144 186
144 187
144 192
144 194
144 199
145 149
145 150
145 151
145 152
145 153
145 154
145 157
145 158
145 159
145 161
145 162
145 164
145 165
145 166
145 172
145 174
145 176
145 178
145 182
145 183
145 185
145 186
145 187
145 189
145 191
145 192
145 193
145 196
146 147
146 149
146 150
146 159
146 160
146 161
146 163
146 164
146 169
146 171
146 172
146 177
146 180
146 181
146 183
146 184
146 185
146 193
146 198
146 199
147 150
147 152
147 153
147 159
147 160
147 161
147 162
147 163
147 168
147 171
147 172
147 178
147 185
147 186
147 189
147 191
147 192
147 194
147 199
148 149
148 150
148 152
148 153
148 156
148 158
148 159
148 166
148 167
148 168
148 169
148 170
148 171
148 172
148 173
148 174
148 178
148 180
148 181
148 182
148 183
148 184
148 187
148 190
148 192
148 193
148 196
149 150
149 151
149 152
149 153
149 154
149 155
149 161
149 162
149 163
149 164
149 166
149 169
149 170
149 172
149 174
149 176
149 179
149 181
149 182
149 189
149 193
149 194
149 196
149 197
149 199
150 151
150 152
150 156
150 158
150 161
150 163
150 164
150 166
150 169
150 170
150 175
150 180
150 181
150 182
150 183
150 184
150 185
150 186
150 189
150 193
150 194
150 195
150 197
150 198
150 199
151 152
151 156
151 157
151 158
151 163
151 165
151 167
151 168
151 169
151 174
151 175
151 179
151 180
151 183
151 188
151 191
151 192
151 193
151 194
151 196
151 199
152 153
152 155
152 157
152 159
152 162
152 167
152 168
152 169
152 172
152 173
152 174
152 175
152 177
152 180
152 181
152 182
152 188
152 189
152 191
152 199
153 155
153 156
153 157
153 161
153 163
153 164
153 165
153 167
153 169
153 171
153 173
153 175
153 180
153 182
153 183
153 184
153 186
153 190
153 194
153 196
153 197
153 199
154 159
154 160
154 162
154 164
154 165
154 166
154 170
154 171
154 174
154 175
154 176
154 179
154 180
154 183
154 185
154 186
154 188
154 189
154 193
154 194
154 197
154 198
155 156
155 159
155 160
155 162
155 168
155 169
155 170
155 174
155 177
155 178
155 180
155 185
155 186
155 189
155 190
155 194
155 195
156 162
156 163
156 167
156 168
156 170
156 175
156 180
156 182
156 183
156 184
156 190
156 193
156 196
156 197
156 198
157 158
157 159
157 161
157 162
157 165
157 166
157 168
157 172
157 174
157 176
157 178
157 182
157 183
157 186
157 187
157 192
157 194
157 195
157 198
157 199
158 159
158 163
158 164
158 169
158 173
158 175
158 176
158 178
158 179
158 181
158 185
158 186
158 188
158 191
158 192
158 194
158 195
158 196
158 197
159 163
159 167
159 168
159 169
159 170
159 171
159 173
159 174
159 175
159 176
159 179
159 181
159 182
159 183
159 184
159 185
159 187
159 191
159 194
159 195
159 196
160 163
160 165
160 166
160 167
160 169
160 173
160 174
160 176
160 178
160 179
160 180
160 181
160 185
160 186
160 187
160 188
160 190
160 191
160 192
160 193
160 195
161 162
161 166
161 167
161 168
161 169
161 170
161 172
161 178
161 179
161 180
161 181
161 182
161 183
161 185
161 188
161 190
161 193
161 195
161 196
161 197
161 198
162 163
162 165
162 166
162 169
162 170
162 171
162 173
162 174
162 176
162 178
162 179
162 180
162 181
162 186
162 187
162 188
162 190
162 192
162 193
162 194
162 198
162 199
163 165
163 168
163 176
163 178
163 180
163 182
163 184
163 185
163 188
163 190
163 191
163 192
163 198
164 165
164 166
164 168
164 171
164 174
164 177
164 178
164 180
164 181
164 185
164 188
164 190
164 191
164 193
164 196
164 198
165 168
165 174
165 176
165 179
165 183
165 184
165 186
165 187
165 188
165 190
165 193
165 194
165 196
165 197
165 198
165 199
166 170
166 171
166 173
166 174
166 175
166 180
166 181
166 185
166 189
166 191
166 193
166 196
166 197
166 198
166 199
167 170
167 171
167 172
167 173
167 175
167 180
167 183
167 184
167 185
167 187
167 188
167 193
167 195
167 196
167 197
167 199
168 169
168 170
168 171
168 174
168 175
168 176
168 177
168 179
168 181
168 182
168 187
168 188
168 189
168 192
168 195
168 196
169 170
169 171
169 172
169 174
169 175
169 176
169 177
169 178
169 181
169 182
169 184
169 185
169 186
169 187
169 189
169 191
169 192
169 193
169 195
169 198
170 171
170 172
170 173
170 178
170 181
170 182
170 183
170 186
170 187
170 190
170 193
170 194
170 195
170 196
170 197
171 173
171 175
171 176
171 177
171 178
171 179
171 180
171 181
171 182
171 183
171 187
171 188
171 192
171 193
171 194
171 197
172 174
172 175
172 177
172 179
172 182
172 185
172 186
172 190
172 191
172 192
172 196
172 197
172 199
173 174
173 177
173 178
173 179
173 180
173 181
173 182
173 183
173 185
173 192
173 194
173 195
173 197
174 180
174 181
174 183
174 184
174 186
174 187
174 189
174 190
174 192
174 195
174 196
174 198
175 177
175 179
175 180
175 184
175 193
175 195
175 197
175 199
176 178
176 179
176 181
176 184
176 185
176 186
176 187
176 188
176 189
176 190
176 191
176 195
176 196
176 197
177 179
177 180
177 182
177 185
177 187
177 189
177 192
177 193
177 199
178 180
178 182
178 183
178 184
178 185
178 188
178 189
178 190
178 191
178 192
178 193
178 194
178 195
178 196
178 197
178 199
179 180
179 182
179 185
179 186
179 187
179 188
179 189
179 191
179 195
179 199
180 182
180 186
180 188
180 189
180 193
180 194
180 199
181 182
181 183
181 186
181 191
181 193
181 194
181 197
181 198
182 183
182 185
182 187
182 189
182 190
182 192
182 195
182 198
183 184
183 189
183 192
183 193
183 195
183 198
183 199
184 185
184 187
184 188
184 189
184 190
184 192
184 193
184 194
184 195
184 196
184 198
185 186
185 187
185 188
185 189
185 190
185 191
185 194
185 196
185 197
185 198
186 192
186 193
186 194
186 195
186 196
186 197
186 199
187 188
187 189
187 190
187 191
187 193
187 194
187 195
187 199
188 192
188 193
188 194
188 197
188 198
189 190
189 191
189 192
189 194
190 191
190 193
190 198
190 199
191 197
191 198
191 199
192 193
192 194
192 195
192 198
192 199
193 194
193 195
193 196
193 197
193 198
193 199
194 195
194 197
195 197
195 198
196 198
196 199
197 198
