30 126
0 2
0 8
0 12
0 14
0 21
0 22
0 23
0 26
1 2
1 6
1 12
1 13
1 16
1 21
1 24
2 3
2 10
2 12
2 17
2 20
2 22
2 27
2 29
3 6
3 8
3 9
3 16
3 18
3 22
3 24
3 25
3 27
3 29
4 6
4 14
4 22
4 23
5 9
5 20
5 22
5 24
6 9
6 10
6 12
6 15
6 21
7 11
7 14
7 17
7 23
7 25
7 26
7 29
8 12
8 13
8 17
8 18
8 19
8 26
8 27
9 10
9 13
9 16
9 22
9 24
9 28
10 12
10 14
10 16
10 17
10 26
11 13
11 15
11 18
11 21
11 22
11 23
11 25
11 27
11 29
12 13
12 14
12 15
12 17
12 18
12 23
12 28
13 15
13 18
13 20
13 22
13 24
13 26
13 27
14 16
14 18
14 19
14 20
14 29
15 22
15 26
16 17
16 18
16 19
16 23
16 24
16 26
16 29
17 21
17 26
18 26
18 27
18 28
19 23
19 28
20 21
20 22
20 23
20 24
21 22
22 25
22 26
22 28
24 27
25 26
26 29
