30 95
0 7
0 8
0 11
0 12
0 15
0 18
0 21
0 26
1 4
1 8
1 11
1 17
1 28
2 9
2 12
2 13
2 14
2 17
2 23
2 24
3 5
3 7
3 10
3 15
3 16
3 17
3 19
4 7
4 10
4 12
4 16
4 19
4 28
5 6
5 7
5 9
5 15
5 16
5 21
5 23
6 16
6 19
6 20
6 22
6 23
6 29
7 19
7 22
7 29
8 9
8 16
8 22
9 15
9 16
9 24
10 13
10 14
10 15
10 22
10 27
11 14
11 24
11 25
12 13
12 20
12 25
12 28
12 29
13 14
13 17
13 19
13 22
14 17
14 20
14 22
15 17
15 18
16 22
16 26
17 24
17 25
17 29
18 24
18 26
18 28
20 24
20 26
20 27
20 28
21 22
22 23
22 26
23 25
23 26
26 29
