500 499
0 133
0 325
1 103
1 323
1 218
2 218
2 384
3 304
3 494
3 465
4 305
4 417
5 343
6 254
7 188
7 351
8 486
9 268
9 296
9 474
9 191
10 72
10 264
11 302
12 24
13 135
13 498
13 342
14 225
14 382
15 242
16 38
16 252
17 231
18 182
18 262
19 248
19 150
19 398
19 293
19 315
19 214
20 360
20 286
21 260
21 488
22 83
22 117
22 444
22 222
22 294
23 397
24 261
25 235
25 289
26 469
27 160
28 446
28 460
28 82
29 61
29 275
30 253
30 153
31 254
31 150
32 261
32 65
32 232
32 396
33 40
33 251
34 310
34 461
35 77
35 470
36 360
37 219
37 263
39 212
39 175
40 482
41 445
41 371
42 429
42 166
43 264
43 285
43 189
44 302
44 363
45 421
45 326
46 157
46 483
47 436
47 325
48 108
49 334
49 144
50 101
50 364
51 442
51 110
52 314
53 109
54 78
54 192
55 132
55 94
56 430
56 335
57 492
58 141
58 399
58 94
59 280
59 391
60 481
62 73
63 425
64 282
65 327
65 233
66 176
67 221
68 89
69 207
69 372
70 177
71 154
72 180
73 92
73 340
74 163
75 115
75 311
76 418
76 395
76 487
77 116
78 287
79 499
80 493
80 118
81 177
82 493
84 270
84 221
85 93
85 233
86 481
86 105
87 88
87 434
87 387
89 489
89 481
90 112
90 367
91 343
91 141
92 392
92 467
94 171
95 288
96 112
97 420
97 345
98 246
98 361
99 377
100 457
102 393
102 265
104 477
104 311
105 244
105 258
106 440
106 367
107 352
108 175
108 299
109 262
110 265
110 319
110 357
111 226
111 298
111 367
113 453
114 116
117 273
117 422
118 288
118 306
119 279
120 402
120 475
120 394
121 329
122 266
123 127
124 304
125 137
126 278
126 463
127 220
128 352
128 363
128 143
129 308
130 346
130 324
131 396
132 479
133 145
134 350
135 484
136 271
136 162
137 338
138 167
139 144
140 449
140 199
142 462
142 183
142 368
143 284
143 439
144 357
144 274
146 238
146 184
147 296
148 405
148 437
149 493
151 340
151 333
152 342
152 450
153 185
153 307
153 335
154 246
155 383
156 256
156 228
156 348
157 325
157 432
157 465
158 313
159 300
159 301
160 252
160 405
161 214
162 295
163 439
164 369
165 222
166 373
167 312
168 348
168 276
169 249
169 438
170 195
170 455
170 432
171 346
172 212
173 364
173 321
173 305
174 237
174 468
175 303
176 309
177 372
177 347
178 468
178 462
179 184
179 490
179 196
181 297
181 415
181 435
181 416
183 245
184 401
186 406
186 227
187 202
188 427
189 326
190 236
190 323
191 309
192 445
193 361
193 454
194 263
194 216
194 478
194 201
196 355
197 471
197 287
198 343
199 349
199 302
200 215
200 476
200 318
201 499
202 485
203 223
204 340
205 419
205 212
206 291
207 416
208 292
208 480
209 285
210 497
211 376
211 273
213 229
214 316
214 458
214 249
216 386
217 366
217 229
218 473
220 311
220 469
221 254
222 374
223 260
224 244
226 388
227 490
228 394
229 257
229 362
229 479
230 274
230 489
231 483
231 476
232 410
232 453
233 267
234 355
234 377
235 313
235 380
239 273
240 259
241 253
242 387
242 438
243 449
245 341
246 339
246 324
246 414
247 411
247 291
249 275
250 255
251 397
252 485
253 289
255 496
258 383
259 282
262 492
262 332
265 464
265 306
266 402
267 443
269 384
269 404
269 287
271 312
272 345
272 472
274 469
274 454
276 374
277 377
279 497
279 414
281 411
282 310
283 423
283 461
286 359
286 425
286 408
290 419
291 295
293 403
294 407
295 423
298 409
299 363
301 395
303 351
307 367
308 338
308 371
308 409
309 350
309 451
314 357
315 428
317 396
318 480
319 495
320 493
321 336
321 378
322 406
326 461
326 438
328 357
329 426
329 447
329 395
330 373
330 400
331 413
332 382
332 378
333 439
334 448
335 497
337 474
340 437
341 390
341 377
344 441
344 374
346 424
346 451
347 428
352 431
353 435
354 427
355 365
355 438
356 498
358 484
363 370
368 404
369 385
369 493
370 457
375 392
377 417
378 491
379 394
380 400
381 414
383 433
388 439
389 463
391 409
396 470
396 451
397 459
401 487
407 452
408 410
412 470
413 479
428 463
432 486
433 484
447 472
449 452
450 466
456 476
459 489
466 478
479 496
480 482
488 490
