10000 9999
0 2406
0 3052
1 5041
2 6029
2 6758
3 5742
3 976
4 8792
4 3193
5 9713
5 426
6 9206
7 4158
8 3950
8 3889
9 4971
9 1097
9 7270
10 1116
10 7583
10 6808
11 5714
11 6339
12 5920
12 4206
13 2527
13 1006
14 3563
14 8447
15 1520
16 2721
16 1245
17 9272
18 5632
18 1322
19 966
19 8809
19 5188
20 8012
21 8446
21 9603
22 9423
22 88
23 1565
23 8657
23 8423
24 7510
25 7390
25 6206
26 4597
26 9650
27 6494
27 4293
27 2148
28 7015
28 6680
29 5480
29 4713
29 7334
30 4152
30 6657
31 6738
32 6927
33 2538
33 7973
33 7042
34 276
34 430
35 8963
36 2807
36 3214
36 5508
37 4206
38 4667
39 9935
39 8260
40 9186
40 1876
40 9095
41 3618
41 7542
42 9048
42 334
42 1015
43 7334
44 3478
45 823
45 1883
45 4454
46 4095
46 2212
46 1925
46 8300
47 7054
48 2325
49 732
50 4088
51 9437
51 7479
52 3338
52 3614
52 9619
53 102
54 7422
54 7191
55 6317
56 1236
56 1036
57 5033
58 5820
58 9000
59 9765
59 8950
60 3100
60 2943
61 1476
61 8044
62 3749
63 6117
63 4139
63 3834
64 9539
64 2002
65 7083
65 165
66 8494
66 8058
67 2917
67 1485
68 3062
68 6972
69 3147
69 6871
70 6710
71 9047
71 9574
72 869
72 3450
73 6264
73 2533
74 3586
75 1683
76 4280
76 8950
76 6865
76 1894
76 8932
77 1615
78 934
78 7900
78 1704
79 1510
80 5520
80 5674
80 477
81 6520
81 9596
81 6926
82 6461
82 8199
82 9017
83 3225
83 460
83 2580
84 7025
84 3009
85 5340
86 3872
86 764
86 9393
86 461
87 5850
87 6324
87 6418
87 2221
88 9630
89 6860
89 9303
90 3159
90 9885
91 9468
91 894
92 6570
92 495
93 1075
94 233
94 1900
94 4110
95 9772
96 1234
97 5155
97 6180
97 2803
98 4290
98 906
99 6884
100 9304
101 8748
102 445
103 2546
103 8280
103 4570
104 2142
104 4205
104 3775
105 992
106 1002
107 1560
108 3732
109 2045
109 6987
110 2655
110 3455
111 3413
111 8162
112 596
112 3967
112 5473
112 6850
112 1035
112 8448
113 311
113 7791
114 8632
114 4512
114 1472
115 2274
115 7819
115 5253
116 491
116 8431
116 8981
117 2089
118 8993
119 4895
119 3753
120 5057
120 6635
120 389
121 574
121 5117
122 5228
123 1233
124 989
124 5319
124 9103
124 8300
124 2523
124 3671
125 9152
125 8076
125 1960
126 6834
126 8405
127 6252
127 6830
128 4767
129 8600
129 2877
130 3380
130 9406
130 849
131 6192
131 7737
132 5361
133 3360
133 3429
134 2695
134 8247
135 2252
135 8502
135 9544
136 3589
136 4082
137 5917
137 1061
138 1234
138 6259
139 9281
139 8073
140 6609
141 6840
141 5010
141 6815
142 8747
142 538
143 7953
144 9752
144 6925
145 489
146 7411
146 5266
147 9506
147 2567
148 3468
148 9466
148 437
149 4779
149 1460
150 4045
150 1141
150 7906
150 5688
151 7116
151 7859
152 2528
152 7322
153 3934
154 1849
155 6916
156 390
156 2441
157 4644
158 6286
159 4541
160 7902
161 2740
162 4998
163 7862
163 8875
164 2531
164 4596
165 4189
165 699
165 9720
166 5574
166 840
167 8768
168 1194
168 8076
169 5551
170 4792
171 1728
171 8610
171 3574
171 9975
171 1017
172 4566
172 9203
172 846
172 7360
172 3539
173 3861
174 4178
175 2485
176 6374
176 2209
177 4948
177 406
178 8306
178 9373
178 6040
179 7074
179 5917
180 8218
180 1725
181 1438
181 7360
182 4649
183 5676
183 7336
184 6493
184 4735
185 480
186 1234
187 2831
187 6085
188 9218
188 538
189 1245
190 5877
190 8186
191 5921
191 1251
191 6179
192 7873
192 925
193 1070
194 3075
195 4580
196 6659
196 328
197 6673
197 1624
198 8730
199 3060
199 1596
200 6467
201 3097
201 4677
202 9894
203 355
203 8983
204 8366
204 2176
205 8380
206 6651
206 9563
207 4273
207 3702
208 3017
208 547
209 7794
210 4637
210 9954
211 2019
212 6458
213 7202
214 9647
214 9390
215 8477
215 8143
215 9003
216 9097
216 9455
217 5239
218 3400
218 2193
219 6987
220 835
220 3715
220 9348
220 8327
220 6145
221 8951
222 5924
223 773
223 7552
224 4328
224 9432
225 9383
226 4941
226 2579
227 7528
228 356
229 8763
230 2492
231 2552
231 1849
232 5046
233 731
234 9796
235 7793
236 7253
236 2461
237 7437
237 9974
237 5746
237 9514
238 9850
238 9322
239 6606
239 1482
240 2625
240 7225
240 9690
241 2424
241 8567
241 5853
241 5411
242 6568
243 418
244 7134
244 9995
245 3853
245 3211
245 4828
246 431
247 480
247 1414
247 4068
248 569
249 6509
250 1225
251 5749
251 1297
251 5005
252 6505
252 8624
252 4119
252 7874
253 1974
254 3981
254 4306
254 8157
254 9873
255 7449
255 986
256 688
257 981
258 3383
258 9915
259 4755
260 5298
261 4386
261 5216
262 6846
262 3175
262 2242
262 2438
263 6743
263 2755
264 1220
265 3917
265 7800
265 1081
266 5637
267 726
268 8386
268 9753
268 8616
269 4061
270 8568
270 7393
271 4056
272 3279
272 6402
273 9006
273 669
274 2005
274 535
274 5238
275 2790
275 3648
275 3863
275 6527
275 3156
275 5146
276 6367
277 5604
277 294
278 2130
278 9956
279 9531
279 853
280 7875
281 7364
281 9903
281 1216
282 3397
283 814
283 5222
283 6704
284 3704
285 7745
285 9826
285 1719
286 8510
287 2957
287 6771
287 6700
288 3850
288 9530
289 9496
290 8023
291 1305
291 1908
292 4543
292 1387
293 5755
293 4123
294 8058
294 6484
295 3116
296 4916
297 1814
297 4816
298 571
298 7634
299 7571
299 5193
300 6313
300 6215
300 5360
301 9423
302 2608
302 8324
303 7971
303 9264
303 6757
304 4508
304 9341
305 2858
305 3610
306 2145
306 4168
306 7163
307 948
308 2416
308 9043
309 895
310 9664
311 8497
311 8503
312 8204
312 2247
313 741
313 7534
314 7582
314 6237
315 6286
315 1300
316 2065
316 766
317 9772
317 680
318 1310
319 2347
319 9136
319 9222
319 5154
320 6319
320 2620
321 8327
322 1585
322 6444
322 9830
323 7230
323 7811
323 3892
323 8863
324 8226
325 9766
326 7806
326 3149
326 9172
327 936
327 1056
327 351
328 3372
328 7427
329 1108
329 9026
330 6407
330 1165
331 7668
332 938
332 6161
332 1361
332 6465
333 8415
333 5544
334 2446
334 9732
335 876
335 4816
336 7668
337 9628
338 5314
339 4425
339 5004
340 5818
341 3614
342 5775
343 9535
343 8928
344 1594
344 9574
344 4501
345 4348
345 9208
345 7872
345 1495
346 8361
347 1638
347 7672
347 4246
347 5051
348 6497
348 2107
349 592
349 746
349 8835
349 7881
350 5980
351 5095
352 6440
352 1139
353 3647
353 5516
353 8428
354 4317
354 3480
356 6519
356 3052
357 7289
358 6437
358 2354
359 7098
360 2210
360 2830
360 4188
360 2541
360 2139
361 8193
361 8453
362 3006
363 1730
363 5939
364 2438
365 9368
365 9568
366 4081
367 9078
368 2059
369 757
370 1326
371 2780
372 3484
372 2607
373 7805
373 5992
374 1260
375 6699
375 4388
375 758
376 7622
376 974
377 682
377 7137
378 3237
378 5549
378 1307
379 932
379 5392
380 7284
380 7650
380 4015
381 1705
382 9282
383 1283
383 7513
384 1107
385 7098
385 528
386 4592
386 2968
386 9285
386 5380
387 1286
388 6451
389 4393
389 5217
389 4432
391 4232
391 3120
391 6180
392 8227
393 8433
393 7343
394 5482
394 5371
394 1150
394 5311
395 3019
395 2445
395 3989
396 9012
397 3037
398 6397
398 802
398 8477
399 3922
400 700
400 6454
400 7943
400 618
401 2558
401 5049
402 7684
403 713
403 1541
404 3333
405 5472
406 5592
406 4483
407 3721
407 9301
408 9862
408 9554
409 8731
409 3554
410 4388
411 2103
412 4692
412 9845
412 576
412 5499
413 5928
413 8175
413 8782
414 4806
415 5809
415 8452
416 2568
417 1561
417 8831
417 6225
418 7398
418 9766
419 2513
419 9377
420 7554
421 1414
422 4782
423 2268
424 7667
424 2732
425 750
426 1973
426 9201
426 9005
426 475
427 5110
428 4948
429 4818
430 8028
430 1391
431 7657
431 3292
432 2508
432 4768
432 6394
433 644
433 3646
434 4576
434 5783
434 9840
435 7507
435 7330
436 486
436 3939
437 6942
438 3883
438 8111
439 1151
440 6965
441 2463
442 7729
442 9156
443 7588
443 4031
444 8213
445 9571
445 6804
446 859
447 7035
448 5240
448 6246
448 7923
448 4767
449 5985
449 6633
449 7659
450 9527
450 7882
451 4605
452 7795
453 4415
453 3387
454 8132
454 3593
455 2322
455 6514
456 9202
456 4269
457 3087
458 4523
458 4757
459 9278
460 606
460 8119
460 8311
461 7811
462 4061
462 7891
463 1350
463 4553
463 6153
463 8944
463 2015
464 4019
465 741
466 6462
467 2862
467 1155
467 5697
468 1986
468 7756
469 2372
470 2295
470 7944
470 1829
471 5210
471 4800
471 7632
472 4074
472 7882
473 8057
473 9524
474 8195
475 4905
476 3344
476 3963
476 4167
476 8170
476 5029
477 4312
477 1911
478 9133
479 660
481 6380
482 3077
482 1779
483 1399
484 1394
485 1360
485 8754
487 9049
487 5582
488 5859
489 2670
489 3259
490 3911
490 1935
492 1569
492 8812
493 5389
494 4746
494 8925
494 6553
495 7633
496 1862
496 7915
497 6529
497 9466
498 3073
498 2158
499 2502
500 4968
501 5106
502 9544
503 2729
503 7172
504 4122
504 4630
504 1160
505 7191
505 8569
506 7414
507 3450
508 6957
508 3211
509 8548
510 5786
511 4445
511 1478
512 6282
512 5005
513 4534
514 4661
514 1853
515 5016
515 1788
516 8339
516 1825
517 7707
518 8985
518 622
519 5532
519 6661
520 5261
520 1793
520 7527
521 7927
522 3474
522 8493
522 5132
522 784
523 6677
524 3023
525 6928
525 4256
525 9341
526 566
526 8224
526 6468
527 5756
527 915
528 8114
529 1473
529 1766
530 910
530 8797
530 1285
531 9749
531 3370
532 8732
532 9545
533 6233
534 4098
534 5634
535 2225
535 5874
535 1589
536 4297
536 7196
536 6778
536 7448
537 6673
538 3555
538 4503
538 8193
539 7103
540 9105
541 2062
541 1382
542 9512
542 2181
543 8202
544 6755
545 3195
545 9426
546 1186
547 8560
547 7650
548 9350
548 9864
548 4337
549 4936
550 7839
550 7026
551 1770
552 7290
553 1800
554 6835
555 6697
556 8881
557 2069
557 2988
558 8578
559 4265
560 3157
561 2169
561 2472
562 9447
562 667
562 4097
563 7142
563 9924
563 8491
564 1026
564 8228
565 5082
565 4961
565 9028
566 6900
567 5252
568 7525
568 9975
569 3979
569 2661
570 7534
571 6552
572 2505
572 3403
573 6919
574 6560
575 938
576 7702
576 3714
577 3603
577 4836
578 4966
578 1887
579 3352
579 3722
579 6545
580 8303
580 8429
581 2418
582 7589
583 6134
584 755
584 5529
584 6357
585 8885
586 7168
586 7693
586 7643
587 3595
587 8075
587 3910
588 6190
588 4969
589 8945
589 9529
589 609
590 8918
591 4054
592 3506
593 733
593 745
594 8962
594 2062
595 7840
595 1780
597 5468
598 3584
598 8550
599 1061
600 8208
601 3853
602 4015
602 9017
603 8266
604 7266
605 7273
605 8619
607 4430
608 3004
608 3214
609 657
610 2893
610 4572
611 1744
612 7619
612 4465
613 4138
613 1548
613 5024
614 3196
614 9236
614 721
614 3658
615 8146
615 7709
616 6179
617 5712
617 5010
618 2804
619 1523
620 6300
620 8393
620 4092
621 9666
621 3950
622 4372
622 2124
623 8180
624 9655
625 4239
625 7395
626 8705
626 9000
626 3316
627 710
627 7357
628 6614
628 2419
629 3304
629 3882
629 6861
630 7979
631 8619
632 7383
633 1513
633 1852
634 855
635 1765
635 2309
636 8435
636 4379
637 5228
637 2910
637 6968
637 5947
638 5852
639 7167
640 3215
641 2850
641 1875
641 7615
642 4842
643 6685
643 9350
645 9670
646 8982
647 3511
648 2073
649 2870
649 2349
650 5248
651 4535
651 9755
651 1281
652 3381
652 1020
652 1110
653 7418
653 2441
653 872
654 5582
654 4922
654 4639
655 5528
655 6635
656 2515
656 2329
656 6173
656 5019
657 994
657 7802
658 8945
659 3461
660 3723
660 6512
660 4119
661 1003
661 1699
661 4634
662 798
662 8921
663 4178
664 2980
664 6663
664 4638
664 5094
665 9095
666 3457
666 7298
667 9719
668 4010
668 8904
668 9871
669 6492
670 6693
671 1948
671 4173
672 8790
673 3094
674 769
675 1193
675 4958
675 9622
675 6582
676 6383
676 1725
677 2732
677 4066
678 2690
678 6909
678 5332
679 6082
679 7629
680 1643
680 4436
681 2211
681 1409
681 3576
683 945
683 4210
683 2899
683 1190
684 5011
684 7446
685 6236
685 5393
685 2148
686 3227
687 1613
688 6804
688 6834
689 2897
689 2816
689 6720
689 3243
690 6458
691 6861
692 8223
693 7751
694 8455
694 7058
694 6136
695 7160
695 9079
696 4314
696 3393
697 1481
698 6180
699 2245
701 8717
702 6450
702 5544
702 3902
703 5300
703 8564
704 8270
704 5963
704 9679
705 6032
705 2705
706 2053
707 1360
708 7467
708 9570
708 7091
709 7556
709 9808
709 5342
710 2321
711 2856
712 8574
712 2674
713 980
713 8066
713 5367
714 6956
715 4397
716 5663
716 7595
716 7647
716 8360
716 9398
717 7326
717 2566
717 3898
718 8982
718 9158
719 5368
719 9200
719 2529
720 2137
720 8194
721 6037
721 6522
721 6369
722 1536
722 2723
722 3081
722 7636
723 2254
723 7418
724 3832
725 5526
726 6379
727 2290
727 5831
728 1899
728 6880
729 2071
729 6810
730 935
730 2728
732 1694
732 2266
733 6989
734 5841
734 6536
735 8110
736 3509
736 9820
736 4909
737 7566
737 7345
737 8673
738 7401
739 9671
740 8803
741 838
742 5769
743 8958
743 1820
744 5994
744 6398
744 2351
745 8342
745 5846
746 2391
746 6478
747 3695
747 4525
748 1135
748 1580
748 9154
749 2302
749 8226
750 1153
750 5938
750 3199
750 2961
750 1401
751 2880
751 9325
751 4841
752 4859
753 8860
753 5238
754 962
756 3129
756 6821
757 2963
757 6988
758 5436
758 3845
759 6913
759 1976
759 2724
759 860
760 4897
760 2561
761 7899
761 2253
762 9588
763 6470
764 5427
765 1822
765 2032
766 1710
766 9920
766 3132
767 1102
767 2129
768 9177
768 3367
769 3256
770 2615
771 9334
771 7521
772 9013
774 8697
775 9139
776 6045
776 6101
776 2085
777 4065
777 1535
778 9457
778 9915
779 2155
779 8461
780 5922
780 1932
781 4320
782 9145
782 6424
782 2857
783 7372
783 2626
784 1226
785 959
785 4451
786 5453
787 2957
788 3084
789 3198
789 9937
789 7073
790 2976
791 6840
792 3049
793 6711
794 5561
794 9510
794 6123
795 8832
795 3728
796 5280
796 7503
797 5554
798 6791
799 1110
799 7925
799 8112
799 6676
800 1027
800 1543
801 3002
801 6177
801 1931
801 929
802 7451
803 3188
803 2684
803 3632
803 9928
803 7150
804 7826
804 2033
804 7706
805 4798
805 5681
806 5973
806 8096
807 2693
807 5855
808 3246
808 8996
809 8438
809 9067
809 7091
810 9677
811 4500
812 9856
812 4012
813 8829
815 5729
816 5919
816 2018
817 9307
817 3075
818 5702
818 2049
818 6717
819 7286
819 6723
820 2544
821 1396
821 6603
822 1243
822 9916
824 8764
825 2266
826 9722
826 4536
827 1751
828 1980
828 9502
828 5342
828 2765
829 2616
829 7913
829 2625
830 3404
830 3617
830 2271
831 1803
831 7276
832 6567
832 7450
833 8344
833 5837
833 5746
834 1698
836 3278
837 6294
838 9945
839 4834
839 8326
840 4032
840 3214
841 1022
841 4354
841 6226
842 3454
842 1109
842 9670
843 9245
843 1579
843 2859
844 4979
844 7152
844 6722
845 1826
846 2478
846 7395
847 8393
848 5043
849 5576
849 9162
850 882
850 997
851 1323
851 5446
852 6818
852 8365
853 3476
854 2841
854 8061
855 7236
855 5729
856 8218
857 9984
858 1291
859 1388
859 1502
860 1437
860 7065
861 4554
861 3498
861 4908
862 8188
862 6404
863 3210
863 7514
864 2616
865 6571
866 4090
866 4251
866 3056
867 4287
868 6486
868 8319
868 1601
870 7295
870 9255
871 2758
872 6315
873 8198
874 7354
874 8546
875 1135
877 8095
877 1088
878 7486
878 883
879 4198
880 5335
881 4110
882 6549
883 4344
883 6563
884 5835
884 1564
884 1203
884 3608
885 2181
886 7370
887 1954
887 7953
888 2217
888 4044
888 977
889 1204
889 1670
890 5073
890 2622
890 6151
890 6865
891 7547
892 8125
893 9277
894 2359
894 5476
895 9572
896 7462
896 1207
896 7212
897 7486
898 6833
899 4676
900 8865
901 8192
902 1678
903 1783
903 4522
903 7331
904 7200
904 9740
905 8451
905 7697
905 4776
906 3991
906 6072
906 4289
907 2633
908 1239
908 1274
909 6518
911 6642
911 9247
912 2108
912 2593
912 6311
912 9175
913 8193
914 4644
915 2135
916 5639
917 8475
917 5475
917 3661
918 8412
918 2056
919 1695
919 3690
919 9961
919 8854
919 8755
920 2344
920 6886
921 7694
921 6824
922 7172
923 9144
923 4804
923 9561
924 6517
924 3054
924 5721
925 8274
925 2153
925 4614
926 8680
926 9880
927 7638
928 1937
928 5324
928 4504
928 5101
929 7548
930 5834
931 7883
931 6570
933 1057
934 7135
935 5826
937 9412
939 5800
940 8312
940 9027
940 1090
940 1234
941 7459
942 5155
943 1741
943 5349
944 4443
944 7566
945 2516
946 2272
946 5360
946 9333
946 1845
947 9849
947 6370
948 4866
948 7952
948 3752
949 3022
950 8609
951 7883
952 6084
953 1028
954 1830
954 3261
955 9037
955 5914
955 9158
956 8320
957 4943
958 9316
958 7312
959 5494
960 6003
961 7995
961 5372
962 9532
962 5178
963 6049
964 5119
964 7634
965 3470
967 5720
967 2205
967 6201
968 5397
969 1232
969 1981
970 7059
970 6124
971 4298
971 6609
971 3312
972 1094
973 6304
973 4376
973 7675
974 1822
975 4776
976 2679
976 1515
976 9999
977 1154
977 6981
978 5329
978 4427
978 7867
978 5074
979 3590
979 4969
981 2377
981 6767
981 2154
982 7348
982 8653
983 2560
983 5458
983 7380
983 5079
984 3837
984 6584
985 7551
985 5452
986 4025
986 8895
987 4013
987 2037
987 4973
987 7176
987 4899
988 9910
990 8794
991 5143
991 9924
992 6143
992 8587
992 1285
992 4173
992 4349
992 9709
993 4319
993 9430
995 8729
995 5734
996 4434
997 2449
997 9164
998 6266
998 6258
999 5221
999 6118
1000 3179
1000 9809
1000 7637
1000 1015
1001 5898
1001 8838
1002 1275
1002 5448
1002 7429
1002 3725
1002 2161
1003 4009
1004 5502
1005 3664
1005 1882
1005 8128
1006 5201
1007 6698
1007 7034
1007 4952
1008 3282
1008 5488
1009 3884
1009 4732
1009 1955
1009 3760
1010 6995
1010 3478
1011 4797
1011 8354
1012 5471
1012 6421
1012 2437
1013 8504
1014 6295
1015 6081
1015 8903
1015 9052
1016 7824
1016 1564
1017 5656
1017 3915
1018 4266
1018 3999
1019 4896
1020 3272
1021 4882
1023 9296
1024 5568
1025 8945
1026 5867
1026 7301
1028 5439
1028 8777
1028 3746
1029 5102
1029 1568
1030 2497
1030 4014
1030 2768
1031 5682
1031 3933
1031 6659
1032 1418
1032 6951
1033 3995
1034 1813
1034 2072
1035 9716
1036 6362
1036 1037
1037 9985
1038 8794
1038 3063
1039 6061
1040 4664
1040 6760
1040 8980
1041 5637
1042 5484
1043 7109
1043 7428
1044 2415
1044 3770
1044 6156
1044 4816
1045 8013
1046 1471
1046 6340
1046 7773
1046 1133
1047 6154
1047 8999
1048 3478
1049 5850
1050 5653
1051 1334
1051 8204
1052 1671
1053 1584
1054 5624
1054 3445
1055 8751
1055 1478
1055 6604
1057 4288
1057 6690
1058 8491
1059 4195
1060 5485
1061 4246
1062 7600
1063 4990
1064 9550
1064 5791
1065 6969
1065 7832
1066 3119
1066 9190
1067 1286
1068 6414
1068 5255
1068 2207
1069 2262
1070 6853
1070 6364
1071 6556
1072 5313
1072 5335
1073 1543
1074 8924
1074 7828
1075 5575
1075 6985
1075 3485
1075 4813
1076 4064
1076 6785
1076 7872
1077 7203
1077 4596
1077 9990
1078 5664
1079 1800
1079 7455
1080 7736
1081 2014
1082 7068
1082 8562
1083 7258
1083 9083
1083 3043
1084 4305
1084 1235
1085 8306
1086 8277
1086 8676
1086 7180
1087 9262
1087 9650
1088 1788
1089 5578
1090 7770
1090 5239
1090 9354
1090 9684
1091 3133
1092 2436
1092 2403
1093 7636
1093 7960
1094 9263
1095 1242
1095 7152
1096 3723
1097 3820
1098 2051
1099 3657
1099 9981
1100 9364
1101 2865
1101 2342
1103 4247
1104 5446
1105 3919
1106 8219
1107 8081
1109 9129
1110 3034
1111 6555
1111 8807
1112 4539
1112 5762
1112 9240
1113 6205
1114 2544
1115 2947
1115 3343
1115 2268
1117 6258
1117 9771
1118 7145
1118 5865
1118 7495
1119 5042
1119 8859
1119 7632
1120 7015
1121 9311
1121 7360
1122 7037
1122 1384
1123 9255
1123 6564
1123 2167
1124 5184
1125 3828
1125 1262
1125 4397
1126 7703
1126 9755
1127 5618
1128 6982
1128 5479
1129 6218
1129 8209
1129 8021
1130 3277
1130 1585
1131 4498
1131 4009
1132 9286
1132 4337
1133 4287
1133 7949
1133 9648
1133 9150
1134 8067
1135 1144
1136 8945
1137 1783
1138 4001
1138 8397
1139 2358
1139 9163
1140 4831
1140 7681
1141 6134
1142 1177
1142 1724
1142 7767
1143 2548
1143 9492
1143 4089
1145 2716
1146 9362
1146 8133
1147 6027
1147 7238
1148 5385
1149 3998
1150 9401
1150 5550
1150 7879
1151 2566
1152 9927
1152 6068
1154 4934
1155 4846
1156 3844
1156 2547
1156 4706
1157 4492
1158 8428
1158 2455
1159 2590
1159 7778
1160 5587
1161 4162
1161 6480
1161 8709
1161 9696
1161 5060
1161 6632
1162 8831
1163 6823
1164 2601
1164 7797
1165 5608
1165 2847
1165 9800
1166 8832
1167 4308
1167 4984
1168 1895
1169 9891
1169 4377
1169 8208
1170 3958
1171 3147
1172 9176
1173 8622
1173 4439
1174 9146
1175 6089
1175 5196
1176 8854
1177 2315
1177 3292
1178 3302
1179 4819
1180 9950
1180 3040
1181 3112
1182 4579
1182 8759
1183 6664
1183 1533
1184 4565
1184 5718
1185 4666
1186 7010
1187 5801
1188 7722
1188 7764
1189 7922
1190 6751
1190 7714
1191 8325
1191 9649
1192 1313
1193 2685
1194 9989
1195 8624
1196 6773
1196 9172
1196 8476
1197 7559
1197 1705
1197 1353
1198 2860
1199 8028
1200 7298
1200 7450
1201 2064
1202 3817
1203 9843
1204 3804
1204 5684
1204 3316
1205 7955
1205 8971
1206 8125
1206 8702
1207 6233
1207 6571
1207 6814
1207 7771
1208 4492
1208 9463
1209 6884
1210 2337
1210 4794
1211 7828
1211 1871
1212 8613
1212 6339
1212 8616
1213 6341
1214 2896
1215 3383
1216 3269
1216 8900
1216 5672
1217 5690
1217 5419
1217 1758
1218 6040
1219 4960
1219 9142
1220 4329
1221 3653
1221 7589
1222 4425
1223 8154
1224 6491
1224 2459
1225 9805
1226 3139
1226 1820
1226 9615
1227 4460
1227 5452
1227 5093
1227 2741
1228 4487
1228 9308
1229 2649
1230 2790
1231 8364
1233 4938
1235 8520
1235 9656
1236 1743
1236 4368
1236 8558
1237 3236
1237 3718
1237 7921
1237 2462
1238 1527
1239 2325
1240 4730
1241 7181
1241 9442
1241 5285
1243 7759
1243 1511
1244 9228
1244 9564
1245 3226
1246 7172
1246 9006
1247 8849
1248 9313
1248 6240
1249 3668
1249 8360
1250 1700
1250 6227
1250 2361
1251 6458
1252 2580
1252 4298
1253 7063
1254 7030
1254 7443
1255 8320
1255 6344
1256 9759
1256 3384
1257 6185
1258 5990
1258 9709
1259 9543
1259 6955
1260 2261
1261 3834
1261 2413
1262 7618
1262 1407
1263 6580
1264 5526
1264 3585
1265 8758
1265 9769
1266 9997
1267 9461
1267 9490
1267 9655
1268 5335
1268 9074
1269 7646
1269 4123
1269 8873
1270 2415
1271 1729
1272 8281
1273 4188
1274 3231
1275 1776
1276 8986
1276 5326
1277 7052
1277 8606
1277 2970
1278 7569
1278 5374
1279 3810
1279 3914
1280 2380
1281 7730
1281 7150
1281 4168
1282 9220
1283 7669
1284 3550
1286 3652
1286 6784
1287 1383
1287 9854
1287 7253
1288 6043
1288 9458
1288 6091
1289 8121
1290 7266
1291 5501
1291 2622
1292 7609
1292 8571
1293 7293
1293 7762
1294 7604
1294 3198
1295 3529
1295 6688
1296 9429
1296 7283
1297 7798
1297 9562
1297 9886
1298 1904
1298 8991
1298 2126
1299 7397
1299 5122
1299 5267
1299 2792
1300 7443
1301 4735
1302 3397
1302 2195
1303 7846
1303 2934
1304 8338
1304 7586
1304 6574
1305 5314
1306 2836
1307 4412
1307 5268
1307 5054
1308 5394
1308 8088
1308 6636
1309 8001
1309 5555
1310 3238
1310 1685
1311 4130
1311 8610
1312 7934
1312 4246
1313 8485
1313 6824
1314 3983
1314 4398
1315 2927
1315 6927
1316 3321
1316 6724
1316 2177
1317 3812
1318 5622
1318 7519
1319 1804
1319 8652
1320 1470
1320 1938
1320 6873
1320 6462
1320 7164
1321 3649
1321 6061
1321 9169
1322 5402
1322 3721
1323 5952
1324 6200
1324 2698
1325 3789
1326 3205
1327 8506
1328 4011
1329 9007
1330 1533
1330 3327
1330 5838
1330 9294
1331 9049
1332 3528
1333 9403
1334 3452
1334 4854
1334 6739
1335 3291
1336 3485
1337 1623
1337 3126
1338 3253
1338 4994
1338 5248
1338 9931
1339 9983
1340 3153
1340 2130
1341 3529
1342 2063
1342 7361
1342 5178
1342 1395
1343 2263
1344 3131
1345 9693
1346 6660
1346 2179
1346 4413
1347 4775
1348 9811
1348 7491
1349 7192
1349 9283
1349 9061
1349 8782
1351 2019
1351 2327
1351 3816
1352 6766
1352 9370
1353 3382
1354 2774
1355 8725
1356 4710
1356 3517
1356 2929
1357 5290
1357 5424
1358 3652
1359 7511
1359 8457
1361 7461
1362 3869
1362 1559
1362 5864
1363 2720
1363 7105
1363 8478
1364 6988
1365 5111
1365 8547
1365 2262
1365 5986
1366 2066
1367 2737
1367 1541
1367 3699
1368 6551
1369 7256
1369 3673
1370 3064
1370 2405
1371 3311
1371 4249
1371 5506
1372 3178
1372 6021
1372 9700
1372 8340
1373 4235
1374 5498
1375 8419
1375 5039
1376 3386
1376 8133
1376 5992
1377 8101
1377 3564
1378 4248
1379 2747
1380 7974
1380 4743
1381 1934
1381 6644
1382 3208
1383 6111
1384 5405
1384 6564
1385 5141
1385 5123
1385 2803
1386 7305
1386 8513
1387 9344
1388 5341
1389 5333
1390 4447
1390 6189
1391 3964
1392 6199
1393 7264
1394 6435
1394 8169
1395 2456
1395 7867
1396 5578
1396 9178
1397 8294
1398 9622
1399 1829
1400 6148
1401 1929
1401 8933
1402 9454
1402 4195
1403 7617
1403 6802
1404 1526
1404 3407
1405 3873
1405 6098
1406 3841
1406 4274
1406 4780
1407 5133
1408 2028
1408 3941
1408 9251
1409 6460
1409 9215
1409 6224
1409 3076
1410 2263
1411 2325
1412 5619
1412 7473
1413 3665
1413 5632
1415 3341
1416 9605
1416 3771
1417 9542
1419 6620
1420 4582
1420 6165
1420 6478
1421 5741
1422 4411
1422 6259
1423 5902
1423 1526
1424 4021
1425 9620
1426 7022
1426 5446
1426 6896
1427 8175
1428 9477
1429 9721
1430 6994
1431 7907
1431 8844
1432 6279
1432 6775
1432 8988
1433 8262
1434 9586
1434 6610
1435 8795
1435 2058
1436 3169
1436 2040
1436 5524
1438 7668
1439 8239
1440 3667
1441 5866
1442 8570
1442 8541
1443 3527
1444 3005
1444 6594
1445 5739
1445 4633
1445 2361
1446 5697
1447 2822
1448 7418
1449 8891
1449 5227
1450 7221
1451 7312
1451 4185
1452 1805
1452 8921
1452 3181
1452 2835
1452 3938
1453 4712
1453 8979
1453 3077
1454 4823
1455 7664
1455 2535
1456 6482
1456 8476
1457 6922
1458 9110
1458 5740
1459 8436
1460 5700
1460 7629
1461 3170
1461 5005
1461 8231
1462 4066
1463 3997
1463 8157
1464 7281
1464 2968
1465 2019
1466 8530
1467 5153
1468 2697
1468 8730
1469 4698
1471 8262
1472 3408
1472 3551
1472 6920
1474 9550
1475 5067
1475 7436
1475 7848
1475 7222
1475 9989
1476 3945
1476 2953
1476 3216
1477 9573
1477 7864
1479 1582
1479 7350
1479 7532
1479 6372
1480 9833
1480 2660
1481 8356
1481 2859
1481 7414
1482 9824
1483 2276
1483 3980
1483 4118
1483 5383
1483 5280
1484 6925
1485 8905
1485 6197
1485 8819
1486 6293
1486 2281
1486 2013
1486 6019
1487 7768
1488 2149
1489 2748
1489 6085
1489 7821
1490 7692
1491 8227
1491 9399
1492 1614
1492 5354
1492 5546
1492 4029
1493 5695
1493 2235
1494 8370
1495 6624
1495 2745
1495 4927
1496 8173
1497 8704
1498 5089
1498 5899
1499 5326
1500 6922
1500 7291
1500 9558
1500 4998
1501 6307
1502 4858
1502 3073
1503 9692
1503 7616
1504 5469
1504 8744
1505 3442
1506 4446
1506 4635
1507 3423
1508 5219
1508 4788
1509 5050
1509 6736
1510 2578
1510 7722
1511 4685
1511 8369
1512 2964
1514 2029
1515 6955
1516 9487
1516 2370
1517 7342
1517 4452
1518 6043
1519 3646
1519 8389
1520 5610
1520 2712
1521 7023
1522 7524
1522 6185
1522 7023
1523 2218
1524 2992
1525 6174
1525 3523
1526 3294
1527 6590
1528 5020
1529 5781
1530 2149
1530 5507
1530 6836
1531 7145
1532 8073
1532 3216
1534 5647
1534 4618
1535 2317
1535 5249
1537 6377
1537 2928
1537 9849
1538 5956
1538 9748
1539 2666
1540 6726
1541 3730
1542 1944
1543 4869
1543 9976
1543 5038
1544 3034
1545 2339
1546 9120
1547 4281
1548 8915
1549 9372
1549 3493
1550 5653
1550 7518
1550 8725
1551 5005
1552 7462
1553 4390
1553 4616
1554 5058
1555 6945
1555 5369
1555 5557
1555 3137
1556 9670
1557 6537
1557 2279
1557 8996
1558 9915
1559 3090
1560 5751
1562 4711
1562 8737
1562 3404
1563 5781
1563 3734
1563 2170
1564 4788
1565 4990
1565 7141
1566 2393
1566 9231
1566 7163
1566 4512
1567 9572
1568 9850
1570 3696
1570 9958
1571 2507
1571 2789
1572 4572
1573 2058
1573 7051
1574 3656
1575 4324
1575 9634
1576 7937
1576 9728
1577 6126
1578 3765
1578 8021
1579 3707
1579 9949
1581 8253
1581 4737
1583 4628
1583 4697
1583 2864
1584 4053
1584 6943
1584 4890
1586 8527
1586 7638
1587 3767
1587 8842
1588 9004
1588 7486
1589 9652
1590 2912
1590 8939
1590 5477
1590 5267
1591 2002
1592 5237
1592 8240
1593 3099
1595 4989
1595 7221
1595 5247
1595 1779
1596 3855
1597 7098
1598 6508
1599 8026
1599 2233
1600 5445
1601 4774
1601 2644
1602 4761
1602 9801
1602 8489
1603 4571
1603 5489
1603 7487
1604 6372
1605 5177
1605 9364
1605 3876
1606 8217
1606 5141
1607 1719
1607 6834
1608 4928
1608 7391
1609 1933
1609 7653
1609 9382
1609 3128
1610 8637
1610 8256
1611 9080
1611 6033
1612 2414
1612 5553
1612 6421
1613 7470
1613 8346
1613 5886
1615 6874
1616 7966
1617 3623
1618 3863
1619 5497
1620 4371
1620 7265
1621 4965
1621 8575
1622 9283
1623 4474
1624 1843
1624 7994
1624 9517
1624 1969
1625 7151
1626 2750
1626 3610
1626 7324
1626 2614
1626 9436
1626 7588
1627 8667
1628 2170
1628 8824
1628 8623
1628 6862
1629 3907
1629 7073
1629 8318
1630 2559
1630 9273
1630 4263
1631 3451
1632 6382
1632 2863
1632 4087
1633 6602
1634 8682
1634 9153
1634 9207
1634 7010
1635 3098
1636 6587
1636 7001
1637 6034
1637 5194
1638 6744
1639 5059
1639 2890
1639 4844
1640 4506
1640 5095
1640 9857
1640 7599
1640 3784
1641 3255
1641 3738
1642 3176
1642 9951
1644 2136
1644 6277
1644 4147
1644 1828
1645 4814
1645 8997
1646 4944
1647 5545
1647 5241
1648 7776
1648 5802
1649 2314
1650 7732
1651 6680
1652 2475
1652 8781
1652 7772
1653 8293
1653 9889
1653 6532
1654 2902
1654 4612
1655 4587
1655 7756
1656 7147
1656 6682
1657 8164
1657 8123
1658 9317
1658 7862
1659 1961
1660 9665
1661 3776
1661 4224
1661 5362
1662 6066
1662 8077
1662 5414
1663 5585
1664 2357
1664 4820
1665 7766
1665 7900
1666 3190
1666 3560
1667 5811
1668 8843
1669 5206
1670 7581
1670 3056
1671 1951
1671 1895
1672 2100
1672 5598
1672 9142
1673 7981
1673 7421
1673 9005
1674 8545
1674 9218
1675 2607
1676 3325
1677 9140
1677 3815
1678 8758
1679 9356
1679 8129
1680 8278
1680 5259
1680 4841
1681 3974
1682 4772
1683 6666
1683 1746
1684 8317
1684 4572
1685 8970
1686 2778
1686 4214
1686 7320
1686 3417
1686 7783
1687 5925
1688 5438
1688 7616
1688 4014
1689 3875
1690 6031
1690 2013
1691 6140
1692 9992
1692 7684
1693 9995
1694 3825
1696 5984
1697 3432
1697 3874
1698 9066
1699 4198
1701 3630
1701 7091
1702 8080
1703 2941
1704 9677
1705 6046
1705 9704
1706 6059
1706 5349
1707 5548
1707 7849
1708 3508
1709 4511
1709 4832
1709 2546
1711 6452
1711 3264
1712 9095
1713 5307
1714 5333
1715 9139
1715 9948
1716 6166
1716 9815
1716 6737
1717 8230
1717 8128
1717 5138
1718 4394
1718 6823
1720 8261
1720 3496
1721 4362
1721 4876
1722 2164
1722 4946
1722 4080
1723 6725
1724 6235
1725 4237
1725 9373
1726 2695
1727 8304
1727 9634
1727 3103
1728 2439
1728 3254
1728 3827
1729 7336
1729 2729
1731 2810
1732 5343
1732 2804
1732 3858
1733 8223
1733 9511
1734 5880
1735 8084
1736 5460
1737 2085
1737 6613
1738 2852
1738 8759
1739 5540
1739 2422
1740 4076
1742 8933
1742 7094
1744 9157
1744 4675
1745 5932
1746 7497
1746 5798
1746 5966
1747 3691
1747 4716
1748 5795
1748 2121
1749 4627
1749 6682
1750 6362
1751 9495
1751 8204
1752 9140
1753 5426
1753 9232
1754 2591
1755 3550
1755 7261
1756 6579
1757 7496
1757 2240
1758 3094
1759 2550
1759 8456
1760 6074
1760 9343
1761 8704
1761 5216
1762 6496
1762 4093
1763 2175
1763 4622
1764 7847
1765 4221
1765 4216
1765 7055
1766 2699
1766 8774
1767 4683
1767 8123
1767 1910
1767 1815
1768 2997
1768 6181
1768 3635
1769 6941
1769 5131
1770 2310
1771 8746
1771 5551
1772 7786
1772 5919
1773 3934
1774 3095
1775 5213
1777 5541
1778 3751
1778 8200
1778 9496
1779 5165
1780 8542
1780 9553
1780 2665
1781 3725
1782 4083
1782 6209
1782 9341
1782 7838
1784 7400
1785 6049
1786 8209
1787 6022
1787 5068
1787 5514
1787 2536
1788 9146
1789 2378
1789 6842
1790 7566
1791 7690
1792 4867
1792 3040
1792 4127
1793 9639
1793 6892
1793 9632
1794 7155
1795 6511
1796 3056
1796 5495
1797 4533
1797 2645
1798 7608
1799 6257
1800 4640
1801 9509
1802 2908
1803 5224
1804 3660
1804 8051
1804 7270
1806 5063
1807 4676
1807 7591
1807 8707
1807 4654
1808 7544
1808 7670
1808 9105
1809 4469
1809 5725
1810 8685
1810 9379
1811 4403
1811 5362
1812 2134
1812 9861
1812 4140
1815 1816
1815 4160
1815 6904
1815 9392
1817 9430
1818 4365
1819 4955
1819 2045
1820 9981
1821 9158
1821 9677
1823 2524
1823 3066
1824 3720
1824 2572
1825 7369
1826 7317
1826 8246
1827 6103
1828 4771
1828 5881
1828 7518
1829 1984
1830 4186
1831 2927
1832 9367
1833 5365
1833 7374
1833 7416
1833 2928
1834 3679
1835 9090
1836 6584
1837 4166
1838 6242
1838 6471
1839 2624
1839 4126
1839 4712
1840 4883
1840 4637
1841 2268
1841 6421
1842 5710
1842 5387
1844 7027
1844 8652
1844 4409
1845 4405
1846 8659
1846 8645
1847 5680
1848 3960
1848 3153
1849 4361
1850 4972
1850 9934
1850 7894
1851 4840
1851 4875
1852 3934
1852 7878
1852 8087
1853 4835
1853 6878
1854 9663
1854 8588
1855 3011
1855 6187
1855 6776
1855 4666
1856 3233
1856 3814
1856 7769
1857 4635
1857 8133
1858 4810
1859 9083
1860 3131
1860 4677
1861 8695
1862 8764
1862 2765
1863 1869
1863 5138
1864 8893
1865 9038
1866 4238
1866 7961
1867 7399
1867 8377
1867 4187
1868 3300
1868 4525
1869 5344
1869 8998
1870 9170
1871 9871
1872 9773
1873 9702
1874 8663
1875 7480
1875 5293
1876 6875
1877 6108
1877 3567
1878 4494
1878 8887
1879 5113
1880 5543
1880 4463
1880 3997
1881 9996
1881 3016
1882 8989
1882 8169
1884 5317
1885 4193
1886 1965
1886 3045
1886 6074
1887 2003
1887 7213
1887 9306
1887 8491
1888 4902
1888 9953
1889 4163
1889 5113
1889 5308
1890 2466
1891 9423
1892 3993
1892 2677
1893 8707
1894 3262
1894 4791
1894 8017
1894 4245
1895 3889
1895 6639
1896 8909
1897 2712
1897 8400
1897 8420
1898 7930
1899 4068
1901 7197
1902 3020
1902 2424
1903 3306
1904 8404
1905 4619
1905 3572
1905 9750
1905 7229
1906 9092
1906 3784
1906 2523
1907 3864
1908 1947
1908 6342
1909 9489
1909 2986
1909 5784
1909 1961
1910 9699
1911 8664
1911 8373
1912 9914
1912 3485
1913 3205
1913 6141
1913 7026
1914 1996
1914 4123
1915 8841
1916 8645
1916 4603
1916 3952
1917 6650
1917 4358
1917 2384
1918 3230
1918 2978
1919 8178
1919 5440
1920 4094
1920 6932
1920 9736
1921 7366
1922 4479
1922 7129
1922 4955
1923 3769
1923 8104
1924 3428
1924 4906
1925 9513
1926 6391
1926 8910
1927 4165
1928 4106
1928 5112
1930 2605
1930 5023
1930 2495
1930 9531
1931 7179
1932 4472
1932 2079
1932 7644
1932 8062
1935 3880
1936 3029
1936 3331
1938 3033
1939 6079
1940 2671
1940 3821
1940 5637
1941 3497
1942 7133
1942 4002
1943 3644
1944 9899
1944 4332
1945 9841
1946 9512
1947 4652
1949 6798
1949 2620
1949 4043
1950 5120
1950 4194
1952 3085
1952 3646
1953 4008
1954 8116
1955 2059
1956 8420
1956 6267
1957 5384
1958 4029
1958 6993
1959 3218
1960 5914
1961 4735
1961 3505
1962 7227
1962 7688
1963 5063
1964 5751
1964 6507
1966 2289
1966 9935
1967 2355
1968 9131
1969 5013
1970 5719
1970 9303
1970 3063
1970 9717
1970 2239
1971 5728
1972 8053
1972 9014
1973 7242
1974 3304
1975 2327
1976 7739
1977 5602
1977 7067
1977 7114
1978 6330
1978 6859
1978 9077
1979 5068
1980 3581
1981 5681
1982 6778
1983 4071
1983 6271
1983 2673
1984 4169
1985 9969
1986 3491
1987 3922
1988 9827
1989 4025
1990 6350
1990 8536
1990 9070
1990 2470
1991 9874
1992 2063
1993 8568
1994 3028
1994 9198
1994 5259
1995 6196
1995 5334
1996 4734
1996 3496
1997 8880
1998 6734
1999 8154
1999 5722
2000 7016
2000 9252
2001 6902
2002 7463
2004 2741
2004 4307
2005 7031
2006 9537
2007 5665
2007 8485
2008 7386
2009 3419
2009 7761
2010 8884
2010 3167
2011 8213
2012 6496
2013 9389
2014 9585
2015 3659
2015 9002
2015 4426
2016 2848
2016 2685
2017 3048
2017 7784
2018 8974
2018 4534
2020 6809
2021 6933
2022 6292
2022 2662
2023 7279
2023 3635
2024 2691
2025 7244
2025 8937
2026 6687
2026 3636
2026 6183
2027 6256
2027 8964
2029 2874
2030 3510
2031 4919
2031 6755
2032 5658
2032 9998
2032 9684
2033 7356
2033 8971
2034 8710
2034 4265
2035 2820
2035 8013
2035 4280
2036 4569
2036 7307
2036 9481
2036 8082
2037 5061
2038 2503
2038 3306
2038 5753
2039 2483
2040 2803
2041 8538
2042 3336
2042 9614
2043 7392
2043 8441
2044 2156
2044 3809
2044 9939
2044 2191
2046 4690
2046 2115
2046 3024
2047 4299
2047 9488
2047 5410
2048 2909
2048 2825
2048 4936
2049 5075
2050 2187
2050 2635
2050 6156
2051 7271
2051 6904
2052 9724
2052 2395
2052 7039
2053 2299
2053 3418
2053 3559
2054 4434
2054 2494
2055 2690
2056 4655
2056 5488
2056 8687
2057 9566
2058 3932
2059 2770
2059 3575
2060 7000
2061 7338
2061 3823
2062 2915
2062 7803
2062 6411
2063 3958
2064 3085
2065 2520
2066 6228
2067 9027
2068 7116
2070 3871
2070 4911
2071 7941
2071 6613
2072 7360
2073 7579
2073 2459
2073 2231
2074 2075
2074 3294
2076 5048
2077 5039
2077 6674
2078 2544
2079 5899
2079 3094
2080 5613
2081 7821
2082 2941
2082 8442
2082 2228
2083 7954
2084 9295
2084 6899
2086 3425
2086 2327
2087 5646
2087 7101
2088 2582
2088 3231
2088 9393
2089 7910
2089 3858
2090 4605
2090 7188
2090 6411
2091 2377
2092 6722
2093 4464
2093 8969
2094 4404
2094 7611
2094 2832
2095 6865
2096 4078
2096 9057
2096 8973
2097 3698
2097 5323
2098 2123
2098 8892
2099 5958
2101 2264
2102 2927
2103 5076
2104 5961
2104 3229
2104 6646
2104 9462
2105 3014
2105 3981
2106 9346
2106 5080
2107 3905
2107 7440
2109 5651
2110 8813
2111 9726
2111 4310
2112 6821
2112 3504
2113 2728
2114 9697
2114 4007
2115 6302
2116 3924
2117 5174
2118 4291
2119 4006
2119 7911
2119 8461
2119 8218
2120 5986
2120 4341
2121 2511
2122 4577
2122 6659
2124 9102
2125 9093
2126 4213
2126 4593
2126 6535
2126 5509
2126 7055
2127 7720
2128 5918
2128 5418
2129 8553
2130 6251
2130 9238
2131 8671
2132 7158
2132 4914
2133 4340
2133 8815
2134 2219
2134 7895
2135 4204
2137 3583
2137 2587
2137 3449
2138 3559
2139 8161
2140 4253
2140 6445
2141 2494
2141 8519
2141 4005
2143 4537
2143 3681
2144 2496
2144 6317
2146 2921
2146 2190
2146 4525
2147 7681
2147 4349
2148 4468
2148 6857
2148 8884
2150 9525
2150 4882
2151 8668
2151 6114
2152 8691
2152 2657
2153 5603
2154 3726
2154 5927
2157 5595
2158 3345
2159 9415
2160 4363
2160 5670
2160 5216
2161 5076
2161 6371
2161 8078
2162 9484
2163 6040
2163 3894
2164 6864
2165 3433
2166 6675
2166 4744
2167 6044
2168 8486
2168 7068
2169 5053
2170 3870
2171 9697
2172 2653
2172 2873
2173 7331
2173 5396
2174 5903
2175 8693
2176 3613
2176 5243
2177 2900
2178 4164
2178 5653
2179 7154
2180 6585
2180 9159
2180 3313
2181 8240
2182 5818
2182 8773
2182 6173
2183 2214
2183 7870
2183 7454
2183 5968
2183 7885
2184 7901
2184 8783
2184 6086
2185 7679
2185 4974
2186 7483
2188 3420
2188 8113
2189 9863
2189 8323
2190 2849
2190 6591
2191 2563
2191 9496
2192 7505
2192 8940
2192 6873
2193 6283
2193 3248
2194 4499
2194 4922
2195 9259
2196 5366
2196 4903
2197 3557
2197 6734
2198 3471
2198 3208
2198 2779
2199 2556
2200 8608
2201 3808
2202 5033
2202 6064
2203 5848
2204 6384
2205 2383
2205 9137
2206 4440
2206 8775
2207 5211
2207 7381
2207 7485
2207 5588
2207 8870
2208 6759
2209 9646
2212 8429
2213 7902
2213 9410
2213 4562
2213 3577
2214 5356
2215 3376
2215 2352
2216 3925
2216 7059
2218 7401
2218 9378
2219 6048
2220 6531
2221 4688
2221 5475
2222 4212
2223 6886
2224 4820
2224 9310
2224 3805
2226 8883
2227 9810
2228 2772
2229 9751
2230 4161
2231 9220
2231 2707
2231 3136
2232 7423
2232 8812
2233 2805
2234 8525
2235 3613
2236 8376
2236 5099
2237 8533
2237 7090
2237 5346
2238 5966
2238 8980
2239 5291
2239 5401
2239 4644
2239 3534
2240 5827
2241 6696
2242 8849
2243 8268
2244 2450
2244 3799
2245 7182
2245 7283
2246 6012
2247 6243
2247 4831
2248 2935
2248 3447
2248 2566
2249 9395
2249 2934
2250 8036
2250 8630
2250 6574
2250 6210
2251 8245
2251 7176
2252 5062
2252 7948
2252 4785
2253 3644
2254 5305
2255 5906
2255 9055
2256 8813
2257 5026
2257 5355
2258 9149
2259 9210
2259 8886
2260 6408
2261 8760
2261 4078
2262 9878
2263 3146
2263 5944
2263 6039
2264 6952
2265 4365
2265 9426
2265 4682
2266 7930
2266 6451
2266 2499
2267 6364
2267 5044
2267 7423
2269 7264
2269 8324
2270 6476
2271 7414
2273 9995
2273 6404
2275 4069
2277 2758
2277 9034
2278 3944
2278 7207
2279 6612
2279 7847
2280 3895
2280 7482
2281 7313
2282 9359
2283 7476
2283 6215
2284 8863
2285 6600
2286 5885
2287 8915
2288 9715
2291 9012
2292 7079
2293 2691
2294 2550
2296 9003
2297 3242
2298 3648
2299 5307
2300 9937
2301 7882
2303 6270
2303 2740
2304 5252
2304 7789
2305 3238
2306 3331
2307 9586
2308 9281
2309 4421
2309 9658
2310 4382
2311 8391
2312 2687
2312 3814
2313 5250
2313 3628
2314 5628
2316 7045
2317 6543
2317 8697
2318 7965
2319 4585
2320 4662
2321 7041
2323 8861
2324 5896
2324 8757
2325 5527
2325 8117
2326 8883
2326 9758
2327 4784
2327 7527
2328 4000
2328 8913
2329 8913
2330 3180
2330 7795
2331 3857
2332 6423
2333 4900
2333 9613
2333 4330
2334 9404
2334 8640
2335 6695
2336 9691
2336 2499
2337 7887
2337 7180
2337 3658
2338 7742
2338 7949
2339 7168
2340 9771
2340 8067
2341 6253
2341 8856
2342 4835
2343 4604
2345 4068
2346 8815
2348 4180
2348 3308
2349 3447
2350 4282
2350 3452
2351 4457
2351 3834
2352 6162
2352 2476
2353 8995
2353 5875
2354 4726
2354 4202
2355 8039
2355 8777
2356 4833
2357 5466
2359 7655
2360 5708
2361 8126
2362 4089
2362 3315
2363 5263
2364 4297
2365 6140
2366 7875
2367 5729
2368 6911
2368 4037
2368 2553
2369 5162
2369 8101
2370 4965
2371 3401
2371 4636
2372 7175
2372 4018
2373 7084
2373 4759
2374 5804
2374 2416
2375 2589
2375 8056
2375 8424
2375 5884
2376 9486
2376 2392
2378 3291
2378 4142
2379 3520
2379 8007
2380 9808
2381 4040
2381 3604
2382 5871
2384 8654
2385 6471
2385 4642
2386 3248
2386 6101
2387 9541
2387 9596
2388 4649
2388 7857
2389 9046
2389 4490
2390 9179
2390 5733
2391 2434
2392 7023
2392 5863
2392 3528
2392 7162
2394 4560
2395 8080
2395 9134
2395 7845
2396 6912
2396 6191
2397 2694
2397 6636
2397 9079
2398 4369
2399 4247
2399 9909
2399 5145
2400 4063
2400 8262
2401 8766
2401 8501
2402 2615
2402 9639
2403 8232
2403 4313
2404 9737
2405 4881
2407 4287
2408 6287
2409 4933
2409 5075
2410 8201
2410 8738
2411 4113
2412 6936
2413 7053
2413 5620
2413 4353
2417 4203
2417 5430
2417 3030
2418 2899
2419 6750
2419 5737
2420 5170
2420 5459
2420 6483
2421 2527
2422 7565
2423 4137
2423 7613
2425 4156
2425 4109
2426 3533
2427 9492
2428 3357
2429 3244
2430 3358
2430 4507
2430 4193
2431 4675
2432 5312
2433 4455
2434 3629
2434 5807
2435 6808
2435 5036
2437 6967
2437 6690
2438 5929
2440 8140
2441 4905
2442 4493
2443 4286
2444 8946
2444 4347
2445 9955
2447 2812
2448 5392
2450 2526
2450 3599
2450 3975
2451 5279
2451 6170
2452 6144
2452 8392
2453 7292
2453 9888
2454 8819
2455 3128
2457 8163
2457 3681
2458 9731
2458 5233
2459 6345
2459 8942
2459 9035
2460 2678
2461 3040
2462 8793
2462 6069
2462 8523
2463 5595
2464 8998
2465 4738
2466 5041
2466 3821
2467 5810
2467 6844
2467 9643
2467 6306
2468 4626
2468 3409
2468 5526
2469 9886
2470 6594
2471 5780
2471 7015
2472 7132
2473 5333
2474 4643
2474 7403
2474 7202
2474 6783
2476 6559
2476 7428
2477 9953
2478 6953
2478 9062
2479 4686
2479 4858
2480 5627
2480 9050
2480 4528
2481 8794
2482 5400
2482 4037
2483 4417
2484 2997
2485 4084
2485 3446
2486 4957
2486 4134
2487 4668
2488 6194
2488 5927
2488 4977
2489 6353
2490 5519
2490 6367
2491 7562
2491 6586
2492 4294
2492 7489
2493 9278
2493 3631
2494 4235
2494 4195
2495 9274
2498 3095
2499 9573
2500 4558
2500 9527
2501 3483
2502 4534
2502 6617
2503 9309
2504 6068
2504 4729
2505 7903
2506 2867
2506 6443
2509 6626
2509 7029
2510 3316
2511 4635
2512 5832
2513 5530
2514 2593
2515 6599
2517 2890
2518 8054
2519 5802
2519 8566
2519 8245
2521 2585
2521 6122
2522 3557
2523 4052
2524 8107
2525 4698
2525 7164
2525 5624
2527 4921
2529 8969
2530 8190
2530 5491
2531 2708
2531 3021
2531 7832
2532 3492
2533 7346
2533 4080
2534 5595
2535 5611
2535 7481
2535 2964
2535 9592
2535 6678
2535 9605
2536 6204
2536 8521
2537 6436
2537 6254
2538 3331
2539 7541
2540 4013
2541 5443
2542 9039
2543 2829
2543 4112
2544 4682
2544 8577
2545 9514
2545 3683
2547 7868
2547 7590
2549 8408
2550 9085
2551 4780
2551 5889
2553 5330
2553 3449
2554 2717
2555 7115
2555 6881
2556 7330
2556 8655
2556 3149
2557 9629
2557 4982
2557 5172
2558 9053
2561 2892
2561 5309
2561 8487
2562 9960
2562 8068
2563 6667
2564 6308
2564 7431
2565 8671
2565 6178
2566 5037
2567 9124
2568 7280
2568 5312
2568 9916
2569 7949
2570 5619
2571 6756
2571 6701
2572 3306
2573 2659
2574 6805
2574 5948
2575 7548
2575 5044
2576 9298
2577 4982
2578 7373
2579 8837
2581 7340
2583 9259
2583 3200
2584 6118
2586 8299
2586 7056
2586 8821
2587 5175
2588 5834
2588 6448
2588 7974
2591 5462
2591 9907
2591 8321
2592 9014
2594 9471
2595 3076
2596 7241
2597 5429
2597 5832
2597 8693
2598 6268
2599 9300
2599 6038
2600 6403
2602 4975
2602 9362
2603 6874
2603 9932
2603 3813
2604 8932
2604 7360
2605 4802
2606 8185
2606 5444
2607 4040
2609 2801
2609 7894
2609 6923
2610 8677
2610 6803
2610 3401
2611 6367
2612 3489
2612 3407
2613 7300
2613 3493
2614 7228
2614 3716
2615 6849
2617 6842
2617 7534
2617 9340
2618 8881
2618 9663
2619 7718
2619 7287
2619 9422
2620 6172
2620 8816
2620 4675
2621 5486
2621 9151
2622 5032
2622 5273
2623 7675
2625 3096
2625 7272
2626 5182
2626 2940
2626 3771
2627 5495
2627 8441
2628 9503
2628 5262
2629 4881
2629 9243
2630 4999
2630 5679
2631 6012
2631 4296
2632 4904
2633 2775
2633 3394
2634 7604
2636 5127
2637 9441
2637 7928
2638 5208
2638 5885
2639 7990
2640 5124
2641 4191
2641 6392
2642 6331
2643 4252
2644 9128
2645 6049
2645 9508
2646 5821
2646 3418
2647 4595
2648 4284
2648 6550
2649 6802
2649 6375
2650 7863
2650 4465
2650 2803
2651 8408
2651 8115
2652 6879
2654 7136
2654 5262
2655 4910
2656 7487
2657 6017
2657 5367
2658 5145
2658 3702
2659 4181
2660 5982
2660 3127
2661 3365
2662 3130
2662 3411
2662 5657
2663 3920
2663 3724
2663 4942
2664 3438
2665 7608
2666 9454
2667 3363
2667 8110
2667 3256
2667 7783
2667 3621
2668 7166
2669 3996
2672 5576
2673 9034
2673 3505
2673 6296
2674 6096
2675 8566
2676 8516
2676 4721
2676 9081
2677 7197
2677 3276
2678 9382
2680 4590
2681 3601
2681 8919
2682 4397
2682 9886
2683 5417
2684 4060
2684 6281
2686 4018
2687 6631
2688 8120
2688 3248
2689 3025
2689 2989
2691 8144
2691 9460
2691 8214
2691 9626
2692 5012
2692 5797
2693 5971
2695 2926
2696 5200
2696 3680
2696 4221
2697 7645
2698 3875
2699 4964
2700 3982
2700 9360
2700 5310
2700 5376
2701 7482
2701 2872
2701 9874
2701 6704
2701 5090
2702 5934
2703 7659
2703 7072
2703 9375
2704 7167
2704 5696
2705 7545
2705 8852
2706 8205
2706 5593
2707 9409
2707 9707
2709 3037
2709 9031
2709 9859
2710 6430
2710 4957
2711 6503
2711 9905
2713 6676
2714 5369
2715 7464
2715 7956
2715 7615
2715 5250
2716 3365
2716 6948
2716 9244
2716 2872
2717 7726
2718 5834
2719 8628
2722 3594
2722 6115
2722 7773
2724 9357
2725 5874
2726 6413
2726 8818
2727 6542
2727 6409
2727 8422
2728 9432
2728 4387
2730 7430
2731 5772
2731 3743
2733 4595
2734 6710
2734 5420
2734 8360
2735 9631
2736 5201
2736 3913
2738 7891
2738 6008
2739 3314
2739 9774
2739 3213
2740 6838
2741 8354
2742 8901
2743 8482
2744 9488
2745 6917
2745 9321
2746 7931
2746 7760
2747 7176
2749 4888
2749 9668
2749 9061
2751 8162
2752 9670
2752 8383
2753 7233
2754 5854
2755 2846
2756 9223
2756 3508
2757 6086
2759 9759
2760 5116
2761 5264
2761 6234
2761 9430
2761 6241
2761 9327
2762 4939
2763 3735
2763 3766
2763 5405
2764 5056
2764 4896
2765 9161
2766 4770
2766 3166
2767 7794
2767 3606
2768 3932
2769 5890
2769 5781
2771 4993
2771 3626
2772 3317
2772 7936
2772 4332
2772 3439
2773 5258
2773 3058
2774 5319
2776 6182
2776 5949
2777 4668
2779 7791
2780 5021
2780 5769
2780 6641
2781 8813
2781 3427
2782 3966
2782 4110
2782 8449
2782 8433
2783 3009
2783 8908
2784 7632
2785 2883
2785 3803
2786 3768
2786 5606
2787 3687
2787 6565
2788 3324
2788 6002
2789 8432
2791 7702
2792 6506
2792 8937
2793 7751
2794 7466
2795 2908
2796 2874
2796 8828
2796 3347
2796 5805
2797 8726
2798 5644
2798 9536
2798 9379
2799 9633
2800 6977
2800 6556
2802 8590
2804 5571
2804 9610
2805 8373
2806 8050
2807 6838
2807 7033
2807 6295
2807 2958
2808 8208
2809 5742
2810 9262
2811 5705
2812 6349
2813 8059
2814 3685
2814 4764
2814 9757
2815 2818
2816 4070
2817 5328
2817 6158
2817 7180
2818 5649
2819 8486
2820 6795
2821 3537
2821 7665
2822 5670
2823 8953
2823 3477
2824 6755
2825 3938
2826 9225
2826 3618
2827 4541
2827 7234
2827 9338
2827 3468
2828 7809
2828 3855
2832 5523
2833 7640
2833 7843
2833 3710
2834 4480
2834 8776
2835 5643
2835 9170
2835 6683
2836 9723
2837 5125
2837 5638
2838 7800
2839 3894
2840 8032
2840 4575
2841 4724
2841 7266
2842 7898
2843 5288
2844 9791
2844 8046
2845 3790
2846 6366
2847 3755
2847 3569
2849 9033
2850 3531
2851 3177
2851 8003
2851 6671
2853 3747
2854 9113
2854 4271
2855 4759
2855 9199
2855 8882
2856 4575
2856 3647
2857 9839
2860 6801
2860 5637
2861 2944
2861 7913
2862 3206
2863 4813
2864 4496
2865 7648
2865 3931
2866 6931
2866 7157
2867 2992
2867 9384
2868 3109
2868 8097
2868 5352
2869 4983
2869 5642
2870 3642
2870 9150
2871 8803
2872 2959
2872 6964
2873 7409
2873 7703
2875 5029
2875 9798
2876 8022
2877 3760
2878 7734
2878 3978
2879 3695
2880 6799
2880 8114
2881 7488
2881 9328
2881 3888
2882 8756
2884 6565
2884 6074
2885 9641
2886 7699
2887 3910
2888 5381
2888 6538
2888 4621
2888 7205
2889 4907
2889 7311
2889 9800
2890 6065
2891 5572
2894 9073
2895 7704
2896 4321
2896 6160
2898 3703
2899 3542
2899 5171
2900 3812
2901 8597
2901 9165
2902 8104
2903 7298
2904 9684
2905 5913
2906 5903
2906 6157
2907 6886
2907 4179
2907 7991
2908 4359
2908 6548
2910 9084
2910 4974
2911 9740
2911 4512
2912 7986
2913 8825
2914 7797
2914 9354
2916 4683
2918 6245
2918 5791
2919 4146
2920 6263
2920 5837
2921 9786
2922 9403
2923 4916
2924 4778
2924 7614
2924 8707
2925 4079
2929 3266
2929 3546
2930 3915
2930 5819
2931 4423
2931 8038
2932 7387
2932 9569
2933 7291
2934 7138
2934 6255
2935 4112
2936 6400
2937 5428
2937 7093
2938 5303
2939 9680
2939 4093
2940 4311
2940 9875
2941 7807
2942 6621
2942 7347
2943 7275
2943 7683
2944 8941
2945 9237
2945 9286
2946 4858
2948 5742
2949 6103
2949 9212
2950 9297
2950 9095
2950 3818
2951 7908
2951 4776
2951 3318
2952 5829
2952 5300
2953 4995
2954 8695
2955 9807
2956 9392
2956 3820
2958 3158
2960 3200
2960 6942
2960 6724
2961 3964
2962 9542
2964 3833
2964 7008
2964 4171
2965 4400
2966 4231
2966 6993
2967 7908
2969 6698
2970 4484
2971 4740
2971 9881
2971 9825
2972 6199
2973 4225
2973 7067
2974 6656
2974 7315
2975 5565
2975 6410
2975 5912
2976 3936
2977 6333
2977 8742
2978 8450
2978 7010
2979 4358
2980 6332
2981 5633
2982 9905
2983 7782
2984 4404
2985 9787
2985 3411
2986 8255
2986 9859
2987 9051
2987 8547
2988 5924
2988 6953
2989 9893
2989 6099
2989 3654
2990 5237
2991 9497
2991 7445
2993 4838
2993 8846
2993 4691
2994 4459
2994 7674
2994 9856
2995 7174
2995 4472
2996 3050
2996 7139
2998 4330
2999 6183
2999 3923
3000 3615
3001 3459
3001 3866
3003 9517
3005 3867
3006 9664
3007 4551
3007 4251
3008 6263
3010 7744
3011 5894
3012 4751
3012 3831
3013 7458
3014 7751
3015 3052
3015 8772
3015 6819
3016 9930
3018 3786
3022 7495
3022 6405
3023 6326
3024 5885
3024 9091
3024 9659
3025 6356
3026 6397
3027 8800
3027 8480
3028 7893
3030 4625
3030 7017
3031 4903
3031 9858
3032 5554
3032 7009
3032 8564
3032 7494
3033 7212
3035 4446
3036 4889
3036 7550
3036 7164
3038 9736
3038 8116
3039 7842
3039 9570
3040 4011
3041 9597
3041 8370
3042 7540
3043 8763
3043 5247
3044 8413
3044 7265
3045 4538
3045 9141
3046 3807
3046 5274
3046 3334
3047 9139
3048 9163
3049 4646
3049 4170
3050 3533
3051 4885
3051 5334
3051 4247
3053 3954
3054 9330
3055 8894
3055 3878
3056 8687
3057 7791
3057 3197
3058 4729
3058 6506
3059 5779
3059 3748
3060 4742
3061 4743
3061 3992
3065 4228
3065 4374
3065 8839
3065 3536
3066 3521
3066 5966
3067 5207
3067 9688
3068 3592
3069 9144
3070 7514
3070 7950
3070 9043
3071 4984
3071 4780
3072 5106
3072 5842
3073 7678
3074 3277
3075 4794
3076 7445
3078 7797
3079 3541
3079 7035
3080 5260
3080 7963
3080 8221
3080 7991
3080 9404
3081 6789
3081 9952
3082 6587
3083 5555
3084 3717
3085 6353
3086 9266
3087 4795
3087 9827
3087 4893
3088 6917
3089 4284
3090 4243
3091 9029
3091 7785
3092 8406
3093 4478
3094 9906
3095 3145
3097 8298
3098 8425
3098 8671
3099 3105
3099 7760
3099 7195
3101 7344
3101 7388
3101 7627
3102 3566
3103 5122
3104 4801
3105 6290
3106 8137
3106 3513
3107 4176
3107 7567
3108 5336
3108 4992
3109 3719
3109 7148
3110 4028
3111 8810
3112 3560
3112 6893
3113 9038
3114 9387
3115 5976
3115 8866
3116 5477
3117 9538
3117 9365
3118 4634
3119 6662
3120 6534
3121 7006
3122 5649
3123 8720
3124 7162
3125 4920
3125 7013
3126 6867
3127 8839
3128 4493
3131 9964
3132 3627
3133 4923
3134 7186
3134 4211
3135 4893
3135 9230
3136 7204
3136 7424
3137 7613
3137 6124
3137 8146
3138 3269
3140 5405
3141 4222
3141 8148
3141 7964
3142 7758
3142 8375
3142 5789
3142 4428
3143 5945
3143 7155
3144 7403
3145 6012
3147 5415
3148 6810
3150 5287
3150 9789
3151 9068
3151 3982
3152 9853
3152 6507
3153 3402
3153 7677
3154 7499
3155 7933
3156 3168
3156 7199
3156 9917
3157 4781
3157 7851
3157 8987
3157 7690
3158 8993
3158 6800
3159 6441
3159 6988
3160 6266
3161 5148
3161 9616
3162 6774
3163 9377
3164 4233
3164 6509
3165 8626
3165 7804
3166 8237
3166 9656
3167 5450
3169 3221
3170 5470
3171 8387
3171 3396
3172 4553
3173 4602
3173 4551
3174 4330
3175 8733
3179 8279
3180 8382
3181 5185
3182 5029
3183 8768
3183 8922
3183 5601
3184 3274
3185 3526
3185 9848
3185 5359
3186 3526
3187 7359
3187 5107
3187 7496
3189 7560
3191 4406
3192 9138
3192 4646
3193 6483
3193 7094
3193 9980
3194 5709
3194 6615
3194 6463
3195 5803
3197 9632
3198 4608
3199 7580
3199 8802
3201 8039
3202 7804
3203 5382
3203 4019
3204 5587
3207 9991
3208 6404
3209 4679
3210 7215
3212 3511
3212 6965
3212 8840
3213 4418
3213 6152
3215 9672
3215 4938
3216 7688
3216 7982
3217 4288
3218 7475
3218 3427
3219 3318
3219 4180
3220 6058
3222 4592
3223 6126
3224 3320
3224 6213
3224 8344
3225 6220
3225 3297
3226 5263
3226 7007
3227 8863
3227 9570
3228 3773
3228 4970
3229 7979
3230 6254
3232 6597
3233 6386
3234 8352
3234 7605
3235 4224
3237 7704
3239 4898
3239 9904
3240 4547
3240 3784
3241 7340
3241 7557
3241 6696
3242 6347
3242 8001
3243 4041
3243 8551
3244 9550
3245 5131
3245 8291
3245 9806
3245 5947
3245 4684
3246 6079
3247 6790
3247 9201
3248 5308
3249 8593
3250 6890
3250 5635
3251 7265
3252 4980
3255 8692
3255 5091
3256 4429
3257 8056
3258 6541
3258 9793
3259 9140
3260 9519
3261 8341
3262 3385
3263 8886
3263 6255
3264 9381
3265 5800
3266 6198
3266 9544
3267 3449
3268 5065
3268 8938
3270 7823
3271 8506
3272 4953
3272 5699
3273 5587
3274 9533
3274 4810
3275 7538
3275 3627
3275 8622
3276 9114
3276 6256
3278 9336
3280 8040
3280 4435
3281 6067
3281 5001
3282 5101
3283 8816
3284 7583
3285 4303
3286 4479
3287 4718
3287 6786
3288 6544
3289 9175
3289 3630
3290 6891
3292 5303
3293 4881
3294 7339
3295 5142
3295 6615
3296 3631
3297 6722
3298 5191
3298 3801
3299 5936
3299 5851
3300 5187
3301 5990
3302 6436
3303 5409
3303 8642
3303 9667
3303 5099
3305 7332
3306 5939
3307 6772
3308 9717
3309 6600
3310 3713
3312 9526
3313 3771
3313 7999
3314 7682
3315 6358
3315 6718
3319 7845
3320 7959
3321 8226
3321 6123
3322 3460
3323 5683
3324 5683
3325 9737
3325 5851
3325 5978
3326 4292
3326 5180
3327 5849
3328 7080
3328 9551
3328 6005
3328 5367
3329 6687
3330 9970
3332 7999
3333 3916
3334 6919
3334 5054
3335 9997
3335 5060
3336 8093
3337 7823
3337 5733
3338 4745
3338 8149
3339 9390
3339 3480
3339 3578
3340 4977
3340 6672
3341 4220
3341 8268
3341 5654
3342 4084
3345 7748
3345 9281
3346 3597
3346 8017
3347 7713
3347 5350
3347 4244
3348 3890
3348 6878
3348 6274
3349 5246
3349 9362
3350 6682
3351 7631
3353 5823
3354 8874
3354 6673
3355 7953
3356 5215
3356 7471
3357 8719
3359 4549
3359 5842
3359 7189
3359 9142
3361 6278
3361 5713
3362 8929
3363 8267
3364 5225
3365 4531
3366 4786
3367 3665
3368 7700
3368 4314
3369 7756
3370 7624
3371 9004
3372 4433
3373 9795
3374 4309
3374 4255
3375 4505
3375 4062
3376 4787
3377 8743
3377 9298
3378 7626
3379 9097
3380 8553
3382 5396
3382 8043
3382 3500
3382 9980
3383 6688
3383 9591
3384 7607
3384 8999
3387 5218
3388 8899
3389 8783
3390 8633
3390 9448
3390 7232
3391 5640
3392 9190
3393 6122
3393 6262
3394 7181
3395 7846
3396 4544
3396 5048
3398 7965
3398 6594
3398 6658
3399 8388
3399 8453
3400 4967
3400 7130
3401 8489
3403 8495
3403 5929
3403 3689
3405 4894
3405 8182
3405 9483
3406 7192
3407 5496
3409 8789
3410 8184
3411 6514
3412 4292
3414 6443
3414 8982
3415 4465
3416 5407
3416 6147
3416 4839
3417 3813
3418 6509
3420 7087
3421 5591
3422 9246
3422 4633
3423 7103
3423 7577
3424 8421
3424 3450
3425 6349
3426 3438
3426 5677
3426 3679
3426 7681
3427 8135
3428 7898
3429 4388
3430 5283
3430 7205
3431 6318
3432 5678
3433 6247
3434 8338
3435 6914
3435 4002
3436 6239
3437 7241
3439 7535
3440 5282
3440 5210
3441 4767
3442 9379
3442 8387
3443 5504
3443 3765
3444 8681
3444 4145
3444 5674
3445 6301
3445 8490
3446 6770
3446 4033
3446 8417
3446 9919
3448 9211
3448 7114
3448 7193
3449 9455
3450 3669
3451 9380
3453 4089
3454 7341
3455 5257
3455 5967
3456 9121
3456 8054
3457 9933
3458 6208
3458 5027
3458 5660
3460 4134
3461 4006
3462 5680
3462 5606
3463 5941
3464 7219
3464 5937
3465 6954
3465 9588
3466 9709
3466 7456
3467 5897
3467 8025
3467 4149
3468 5740
3469 9041
3469 3957
3470 8289
3470 6549
3471 6607
3472 7104
3472 6473
3473 3827
3474 4008
3475 5001
3476 4530
3476 4097
3477 6524
3477 6975
3477 6384
3478 9219
3478 9329
3479 9421
3479 3558
3480 7086
3481 9825
3482 4300
3482 9460
3483 5846
3484 4874
3484 4380
3485 3923
3486 8022
3486 4754
3487 4097
3487 8695
3488 5492
3488 6489
3488 7105
3490 8672
3490 9044
3490 7599
3491 7690
3491 9758
3492 9392
3493 5694
3494 7892
3495 4341
3495 6323
3497 6581
3497 5293
3498 6008
3498 8965
3499 6434
3499 8389
3499 9059
3500 9855
3501 9572
3501 5669
3501 6109
3502 4088
3502 4471
3503 9824
3504 3556
3504 7314
3504 8833
3504 6343
3504 9651
3507 6621
3508 6029
3510 7958
3510 6175
3511 6551
3512 5694
3512 5524
3512 8907
3513 4442
3513 4680
3514 7106
3514 3997
3515 6978
3516 8618
3516 6016
3517 8629
3518 6016
3518 3714
3519 4491
3520 8823
3521 6359
3522 9466
3523 9405
3523 6000
3524 3633
3525 9312
3525 8231
3525 9960
3527 4115
3528 4242
3528 9959
3530 6117
3532 5517
3532 8327
3533 3949
3533 4226
3533 9471
3534 4864
3534 3960
3535 8238
3535 5992
3536 5651
3537 6203
3537 5875
3538 7915
3538 4170
3539 6583
3539 5094
3540 7899
3543 8368
3544 6707
3545 9443
3545 9741
3545 9821
3546 4035
3547 3885
3548 4481
3549 8228
3549 5934
3550 3740
3551 6189
3552 6340
3553 6797
3553 7494
3554 6335
3554 5116
3555 7855
3557 3978
3557 8842
3557 9185
3558 6419
3558 8092
3559 6753
3561 4510
3561 9293
3562 5748
3564 8565
3564 7248
3564 8443
3565 5953
3565 6976
3566 9069
3566 6232
3566 5017
3567 8431
3568 5377
3568 7129
3569 4039
3569 7468
3570 3835
3570 4318
3570 4456
3571 4209
3572 6071
3573 6487
3574 6116
3575 9301
3576 8246
3576 6028
3576 9475
3577 4145
3578 8376
3579 8386
3580 5442
3580 4229
3582 4919
3583 7269
3583 4193
3584 7349
3585 3716
3586 9384
3587 9908
3588 9503
3590 4370
3591 6044
3592 4328
3593 5551
3593 6229
3593 4695
3596 8784
3596 8496
3597 4400
3598 5077
3600 5399
3601 4026
3601 4079
3602 4501
3602 5254
3604 8344
3605 4647
3605 6903
3606 5993
3606 4823
3606 9160
3607 5262
3608 5970
3608 6929
3609 8163
3611 8145
3612 5202
3614 7038
3615 6746
3615 8902
3615 8098
3616 8175
3617 8815
3619 4842
3619 5364
3619 9377
3620 9624
3620 5135
3621 6875
3622 9331
3622 3989
3623 8402
3623 8804
3624 3882
3625 6123
3626 7116
3628 4924
3630 6380
3631 7498
3632 5372
3632 9631
3633 7615
3634 6817
3635 9422
3635 8148
3636 8513
3636 4695
3637 9917
3638 9234
3638 4176
3639 5577
3639 5380
3640 6246
3641 9253
3642 9149
3643 6118
3644 8502
3645 3925
3646 7334
3650 8394
3650 7816
3650 7697
3651 5895
3651 6878
3654 7290
3654 9354
3655 7432
3655 7876
3656 6683
3657 7953
3657 9816
3660 6014
3661 8087
3661 3989
3662 8487
3662 6338
3663 4178
3663 5533
3666 4258
3667 5531
3667 8919
3667 8231
3669 5935
3670 6578
3671 7091
3672 7325
3672 5619
3673 8994
3674 8795
3675 4274
3676 7542
3676 9468
3677 3962
3678 5594
3678 5496
3678 7206
3679 4481
3679 3819
3679 8549
3680 7026
3680 8808
3681 4404
3682 5776
3682 9537
3682 7920
3683 5597
3683 7775
3684 9178
3685 7606
3685 3752
3686 9542
3686 4281
3687 7383
3687 3909
3688 4635
3689 5825
3689 9282
3689 9640
3691 7214
3691 4942
3692 8447
3693 8677
3694 9323
3694 8108
3696 4669
3697 8647
3697 9967
3699 4250
3700 6468
3700 8649
3700 9332
3701 4743
3702 8924
3703 8996
3703 3817
3704 8386
3705 5997
3706 5681
3707 7431
3707 8853
3708 3977
3708 9224
3708 7012
3709 6423
3710 6958
3711 8156
3711 3933
3712 3953
3713 3846
3716 4996
3717 6965
3720 7643
3720 7092
3724 9587
3725 7988
3726 9602
3727 9033
3728 6677
3728 7421
3729 8287
3731 5774
3731 5462
3732 5977
3732 8406
3732 5974
3733 9754
3734 3747
3736 6984
3736 4022
3737 5893
3738 5387
3739 7509
3739 9205
3739 4667
3740 9116
3741 5074
3741 4331
3742 4202
3742 9905
3742 8860
3743 5021
3744 8259
3744 6112
3744 5021
3745 9747
3746 5761
3746 4371
3747 6429
3748 9831
3748 4908
3748 8374
3749 9943
3749 6214
3750 7561
3752 4378
3753 5633
3754 9089
3754 9118
3754 4173
3756 8823
3757 9022
3757 4969
3758 6500
3758 6694
3759 4560
3759 4595
3759 8322
3759 9511
3759 8257
3760 5951
3760 7973
3761 6754
3762 7508
3762 4207
3763 7243
3764 4018
3766 5007
3766 8102
3767 9030
3771 3806
3771 6652
3772 4220
3774 4199
3775 6276
3775 9004
3777 6325
3778 8208
3779 8004
3780 8501
3781 9521
3782 9290
3782 6919
3783 7819
3784 5979
3785 8089
3785 8841
3785 5831
3785 4005
3786 5855
3787 8174
3787 5258
3788 8438
3789 4188
3790 5148
3791 5732
3791 5502
3791 6391
3792 6499
3792 4672
3793 5650
3794 8715
3794 5769
3795 4069
3796 9605
3797 3955
3798 7829
3798 7543
3799 8621
3800 4519
3801 9147
3802 5361
3802 7980
3803 6062
3805 4712
3807 5454
3807 5456
3808 6472
3808 7752
3809 9800
3811 4223
3812 6439
3812 5285
3815 7754
3815 6998
3816 7585
3817 5675
3817 4499
3818 8439
3818 4428
3819 7750
3820 5925
3820 9439
3820 9165
3822 6976
3822 9676
3822 9192
3823 6961
3823 7231
3824 8733
3826 5320
3827 8363
3829 4021
3830 5744
3830 6295
3831 5317
3831 6636
3832 4020
3834 5505
3836 4495
3836 6195
3836 8506
3837 5862
3837 8276
3838 6093
3838 8673
3838 7611
3839 9842
3839 7906
3840 3873
3842 7439
3842 9462
3842 6914
3843 4316
3843 9405
3845 5988
3845 7675
3845 9611
3846 7797
3847 8276
3848 9574
3849 8347
3850 4182
3851 6785
3852 9569
3854 8024
3854 7120
3855 4670
3855 9351
3855 9378
3856 7939
3857 7226
3857 5582
3858 6765
3859 9526
3860 6261
3861 8687
3862 7787
3863 4255
3864 7633
3864 6650
3865 9280
3866 6547
3866 9546
3868 8177
3868 6155
3871 8514
3871 9552
3874 7966
3874 8447
3875 5580
3876 4085
3876 7944
3877 5220
3877 7779
3877 4256
3878 7461
3879 9725
3879 6735
3880 9446
3880 9730
3881 8133
3882 5348
3882 9117
3885 7441
3886 4243
3887 9472
3887 5729
3888 7107
3888 7353
3888 9715
3888 7959
3889 8364
3890 4752
3890 6691
3891 4622
3891 8621
3892 9911
3893 9723
3893 9792
3894 6998
3896 9039
3896 5137
3897 4650
3898 8241
3899 7300
3900 9338
3901 6855
3901 9168
3902 6444
3903 9837
3904 7150
3905 7676
3906 7523
3907 7216
3908 4766
3908 6689
3909 6769
3910 7513
3912 9714
3913 5020
3913 9896
3913 6743
3914 4170
3916 8000
3916 7297
3916 7051
3918 7089
3918 7155
3919 6050
3919 5497
3921 8838
3921 5103
3922 7255
3924 4956
3924 5601
3924 6439
3925 6715
3926 8910
3927 7220
3928 4875
3928 5335
3929 7257
3930 7366
3931 7206
3931 8062
3935 8041
3935 4850
3936 8714
3936 9011
3937 4829
3937 8559
3939 9275
3940 6066
3941 6269
3942 4194
3942 6985
3943 8111
3946 6234
3947 8880
3947 9172
3948 4005
3951 5025
3951 6006
3951 6547
3952 3960
3953 8113
3954 8529
3954 7492
3955 3964
3956 5960
3957 5857
3959 5758
3959 8634
3959 9777
3959 5707
3959 8289
3960 7099
3960 8694
3961 4962
3961 7533
3962 4420
3962 5869
3964 9594
3964 4050
3965 9331
3968 7224
3969 6011
3969 4659
3970 5184
3971 5750
3971 8637
3972 5242
3973 6238
3974 6677
3976 5135
3976 5995
3981 8248
3984 9272
3985 5500
3986 9138
3987 6688
3988 5652
3988 8563
3989 7840
3990 4927
3991 4155
3992 8939
3994 6850
3995 8935
3995 6610
3996 8127
3996 6925
3996 9213
3997 8508
3998 6091
3999 7844
3999 9627
4002 5087
4003 5183
4004 5631
4004 6646
4005 5185
4007 8443
4007 4524
4008 8070
4009 6237
4012 6261
4012 5959
4012 6424
4014 6138
4016 5002
4017 4501
4018 7781
4019 7271
4020 7188
4021 8745
4021 6852
4022 6662
4023 9090
4024 6355
4024 9225
4027 5078
4027 6363
4027 9309
4028 4456
4028 9053
4030 4954
4030 5116
4031 9011
4031 4774
4032 5878
4033 7004
4034 7381
4035 8378
4036 6411
4037 4258
4038 4466
4041 5297
4041 9646
4042 8275
4043 5540
4044 7946
4046 8001
4047 6222
4047 6028
4048 6479
4049 8927
4049 4148
4050 9322
4051 7162
4051 4240
4054 9243
4055 5742
4056 9519
4057 6156
4058 7258
4059 9491
4059 5968
4061 5816
4062 4631
4066 4613
4067 7858
4068 8641
4069 6835
4069 5395
4069 7231
4072 9825
4072 8670
4073 7406
4073 8202
4074 8988
4075 5464
4075 8414
4075 7509
4076 8919
4077 5265
4078 6406
4080 9901
4081 7588
4082 7393
4082 8802
4085 5585
4086 7255
4086 6139
4087 5015
4087 9052
4088 6403
4088 4639
4091 9396
4091 8432
4092 5478
4092 5239
4093 5358
4095 8294
4096 7612
4097 8198
4097 4166
4097 9918
4099 8678
4100 8973
4100 9695
4101 9579
4101 4987
4101 5674
4102 8630
4103 9789
4103 9481
4104 5893
4104 9565
4104 6087
4105 8434
4105 6728
4106 5412
4106 7434
4107 4663
4107 7371
4107 9476
4107 4720
4108 4952
4109 6142
4109 6378
4111 8397
4111 5792
4113 4783
4113 6610
4113 5926
4114 7790
4114 6009
4115 4191
4116 5389
4117 6420
4117 6959
4117 9095
4120 4557
4121 4466
4121 6699
4124 5864
4124 5705
4125 8556
4127 4536
4128 8537
4128 9376
4128 9742
4129 4724
4131 4647
4132 4669
4133 6239
4134 7630
4134 8457
4134 9637
4135 8325
4136 6369
4139 8834
4139 9445
4139 7920
4140 6148
4140 6186
4141 8592
4142 5332
4142 9464
4142 9763
4143 7700
4144 5777
4146 6533
4146 5631
4147 8686
4148 6230
4148 8024
4149 9781
4150 4605
4151 5942
4151 9023
4153 9506
4154 4601
4154 5356
4157 7453
4157 4994
4158 9344
4158 5512
4158 4358
4159 4546
4159 5510
4160 7710
4161 8892
4164 5373
4164 9124
4165 5529
4166 7685
4166 9671
4168 4217
4169 4817
4169 9609
4169 8579
4170 5378
4171 5487
4172 6053
4174 8482
4175 5983
4175 7516
4175 8785
4177 5976
4179 6249
4179 6684
4180 8728
4181 8612
4181 5120
4182 9459
4183 9470
4183 9798
4184 8473
4184 8800
4185 9128
4185 7705
4185 6160
4187 5446
4190 8332
4190 7454
4192 9068
4193 4812
4194 8395
4194 6139
4195 7184
4195 8171
4195 9229
4196 6799
4197 6579
4198 6569
4199 6182
4200 9342
4201 7262
4202 7125
4204 9427
4204 9838
4205 9160
4206 9077
4207 9396
4208 9195
4208 5863
4209 9560
4210 7229
4211 5984
4212 6370
4212 9723
4215 7536
4215 7757
4215 9335
4215 7756
4216 9679
4218 7907
4219 5203
4219 4677
4221 5151
4221 5705
4223 8009
4227 6642
4229 5852
4229 6528
4229 4482
4229 8136
4230 8109
4230 9921
4230 5123
4234 7773
4235 8830
4236 7954
4240 6686
4240 8651
4240 6115
4241 8269
4241 8881
4244 4366
4245 4882
4247 6637
4247 9710
4248 5066
4249 8341
4250 9511
4252 8096
4252 9467
4252 5199
4254 6708
4257 7992
4258 6365
4258 5238
4259 5323
4259 7304
4260 8799
4261 8676
4262 6076
4262 7351
4262 8870
4262 7607
4263 8340
4264 4286
4264 7376
4265 8143
4267 5891
4267 7370
4268 7930
4269 6042
4270 5440
4270 5325
4271 9006
4272 6245
4273 4461
4274 4654
4275 7710
4276 7201
4276 8601
4277 8068
4277 5799
4278 7567
4279 9880
4279 9418
4280 6428
4281 5794
4283 8646
4284 6442
4284 5214
4285 8211
4285 6584
4285 7837
4287 8187
4287 6526
4289 7897
4290 4855
4290 7498
4291 5390
4293 6092
4293 8063
4293 6768
4295 6900
4296 5925
4298 4410
4298 8528
4300 7510
4300 8896
4300 9078
4301 5489
4302 8049
4303 4402
4304 8692
4305 9480
4306 6668
4306 9452
4307 7287
4310 8554
4310 8791
4311 5181
4311 8534
4313 7251
4313 6811
4315 9625
4316 9120
4316 7005
4316 5146
4317 7391
4320 9204
4320 5227
4321 8309
4322 5332
4323 9887
4323 4482
4324 6268
4325 7875
4326 4827
4327 4947
4327 6526
4328 8585
4329 5693
4330 8762
4330 8787
4331 4395
4331 9475
4332 9839
4333 8099
4334 9260
4334 8803
4335 5023
4336 6459
4336 8145
4337 6296
4338 7419
4339 8565
4341 6465
4341 8260
4341 9894
4342 7823
4343 5451
4343 8321
4345 5598
4346 7809
4347 6015
4347 8157
4350 5930
4350 4598
4351 9721
4351 5494
4352 7404
4352 7399
4353 8961
4354 6979
4355 8258
4355 9040
4355 6868
4356 4685
4357 9258
4359 5375
4360 7478
4361 6697
4361 9793
4364 7616
4365 6104
4366 5164
4366 8738
4367 5082
4369 5987
4373 6688
4374 6447
4375 9456
4375 9159
4376 4806
4376 6348
4377 5522
4379 5587
4379 5294
4380 8049
4381 6618
4381 5312
4382 6337
4382 7977
4383 9645
4383 6696
4383 9713
4384 5330
4385 5299
4385 6682
4387 5752
4387 6504
4388 9250
4389 6477
4389 8976
4389 8717
4390 9132
4391 7957
4391 4627
4392 5668
4392 4393
4394 8644
4396 9889
4397 8658
4397 6939
4398 9133
4398 5159
4399 4662
4399 6310
4401 8914
4402 6334
4404 8669
4404 9125
4405 6344
4406 4929
4406 4847
4407 6855
4408 6260
4409 8936
4409 5318
4413 6109
4413 4551
4414 9094
4415 4786
4416 9358
4417 9032
4417 7205
4418 5156
4419 7630
4421 6518
4422 6305
4423 6206
4424 9254
4424 9463
4424 5779
4426 7820
4426 9657
4426 5347
4427 6455
4428 7909
4428 8155
4429 5253
4430 9704
4431 6753
4432 6116
4435 6761
4435 9264
4436 9070
4437 6787
4437 5107
4438 6623
4439 7375
4439 7961
4441 8229
4444 5984
4444 7155
4444 8208
4445 7057
4445 7012
4447 8753
4448 5198
4448 6207
4448 8099
4448 9833
4449 7296
4450 7300
4451 5066
4451 7001
4452 6385
4452 9495
4453 8561
4453 4776
4454 7660
4455 6018
4456 4673
4458 5584
4462 6394
4462 5276
4463 9872
4464 9320
4464 8961
4465 8347
4467 7839
4469 5734
4470 8803
4471 6642
4472 6320
4472 7051
4473 8900
4474 9375
4475 5422
4475 7600
4476 8028
4477 9081
4478 9642
4480 9794
4483 8430
4484 5923
4485 8744
4485 6953
4486 8720
4487 5645
4488 7563
4489 9583
4489 7437
4490 5696
4491 7836
4491 6545
4491 8034
4492 8078
4493 9024
4496 5399
4496 6824
4496 8975
4496 8309
4497 6172
4498 7999
4500 6833
4500 7434
4501 4951
4501 5355
4502 5209
4502 5881
4503 9799
4504 8162
4505 6748
4509 5657
4510 5311
4513 7407
4513 8033
4514 8683
4514 5509
4515 7587
4516 4902
4517 6641
4518 6310
4518 9971
4518 9125
4519 6715
4520 4617
4520 9246
4521 8316
4523 7205
4524 7890
4524 5420
4525 6609
4526 5478
4527 9218
4528 5630
4528 6097
4528 6288
4529 6645
4529 7643
4532 4944
4532 5030
4532 9608
4536 8983
4536 8532
4537 6641
4539 6593
4540 6288
4540 4623
4540 5045
4542 7252
4542 9874
4543 6742
4545 9782
4545 9655
4548 8321
4548 9218
4550 5503
4551 5991
4551 7721
4552 9642
4552 5477
4554 5404
4554 5591
4554 7892
4555 6717
4556 7378
4556 9686
4556 7950
4557 9108
4557 9899
4559 6037
4561 9391
4561 6357
4562 5879
4563 9480
4564 8703
4564 9906
4566 6628
4566 7335
4567 7111
4567 8266
4567 8614
4567 9859
4568 8741
4570 7499
4570 5157
4572 8669
4573 6304
4574 7519
4574 8095
4576 8963
4577 7032
4577 7568
4577 7577
4577 9823
4578 5688
4578 9963
4578 5708
4580 9923
4580 7140
4581 7713
4583 8592
4584 5949
4584 9074
4585 8416
4586 7649
4587 4741
4588 9413
4589 4600
4590 6351
4590 8548
4591 4672
4594 4997
4598 9828
4599 6251
4600 6896
4600 5380
4601 4753
4602 7433
4603 7889
4603 9012
4604 5141
4605 8734
4606 4870
4606 8023
4607 5416
4609 8088
4610 7936
4611 6051
4612 8107
4613 9546
4613 8566
4614 5129
4614 9572
4615 6829
4616 7207
4617 5859
4618 6275
4618 6197
4620 9563
4620 8509
4621 8895
4623 7564
4623 6934
4624 8892
4624 7080
4625 7463
4629 7148
4631 5150
4631 7548
4632 4737
4632 7683
4633 7118
4634 5950
4635 5844
4636 6877
4637 5353
4637 9400
4638 7493
4639 8492
4639 9828
4641 8378
4642 7316
4644 4906
4645 6983
4648 6107
4648 6375
4648 9425
4650 5682
4651 8481
4651 5657
4653 6415
4653 7305
4654 5410
4656 6705
4656 9718
4656 6129
4657 4665
4658 9662
4658 7358
4659 5006
4659 9910
4660 6764
4665 6718
4666 5747
4666 4749
4667 8011
4668 5521
4668 9614
4668 9782
4671 6930
4671 6051
4672 5128
4672 4857
4672 5130
4673 8046
4674 9081
4677 6923
4677 5910
4677 7140
4678 7784
4678 5107
4679 6915
4680 8470
4680 6102
4680 9300
4681 9041
4684 8794
4687 9642
4689 9411
4691 5145
4692 8713
4693 6412
4693 5963
4694 5635
4694 8730
4694 6295
4695 6777
4696 6928
4699 5697
4700 6882
4700 8464
4701 6118
4701 5361
4702 5410
4703 7280
4704 7302
4704 6073
4705 9018
4705 4872
4706 5687
4707 9811
4708 8250
4708 9772
4709 5491
4709 9403
4709 9595
4709 7766
4712 7714
4713 8825
4714 7255
4715 4875
4716 7601
4717 7916
4719 9673
4720 8995
4721 6469
4721 6604
4722 7498
4723 6952
4725 8720
4725 5738
4727 8383
4728 7317
4730 8249
4731 5594
4733 5945
4735 6260
4736 5503
4736 6707
4738 7729
4739 8850
4739 7394
4740 7415
4740 5325
4740 7159
4741 9922
4743 6754
4744 9525
4747 8509
4748 9526
4748 4830
4749 7063
4749 6201
4750 6103
4752 6004
4754 9412
4754 7708
4755 6480
4756 6816
4756 6248
4757 8343
4757 6711
4757 9623
4758 5795
4760 9181
4760 7834
4761 6110
4761 7706
4762 9966
4762 7823
4763 7976
4764 6713
4764 9703
4765 6493
4767 8864
4769 6169
4769 6760
4772 6738
4773 8124
4773 9821
4773 7153
4775 6847
4775 7252
4777 9252
4777 7638
4777 5393
4779 8244
4782 9852
4782 9330
4785 9239
4787 9248
4789 6143
4790 9249
4792 5969
4792 7010
4793 9988
4793 7248
4794 7675
4796 7813
4799 7441
4799 6086
4800 7046
4801 8949
4803 7709
4804 9871
4805 6983
4805 4881
4807 6682
4807 5640
4808 9504
4809 6539
4810 7679
4811 9099
4811 6800
4812 9349
4815 6819
4816 9072
4816 8189
4818 8410
4819 5620
4821 7370
4822 6102
4823 6083
4824 9065
4824 5295
4825 6490
4825 5238
4826 6328
4827 7063
4828 9471
4830 8897
4833 6622
4833 5974
4835 6078
4835 8179
4836 7938
4836 5497
4837 8804
4839 5786
4839 9319
4840 5349
4841 7288
4841 9233
4841 7627
4843 5813
4844 5393
4845 7531
4847 6792
4847 6658
4847 5616
4848 6796
4848 6132
4849 7804
4850 8994
4850 5376
4851 6511
4851 5148
4852 6345
4853 6845
4856 8958
4857 8557
4858 9066
4859 9054
4860 7789
4860 6189
4861 4930
4861 8066
4862 9673
4862 8334
4863 8219
4865 8812
4868 9227
4868 7700
4871 8348
4872 8519
4873 8954
4875 8899
4876 6260
4877 6664
4878 8780
4878 8681
4879 6146
4879 9147
4880 8667
4880 8202
4880 5603
4882 6013
4884 8233
4884 7773
4886 5214
4887 8926
4887 6888
4890 4985
4890 8152
4890 9188
4890 8472
4891 8929
4892 6013
4896 8013
4897 7629
4899 8631
4899 8854
4901 5017
4904 7053
4906 6513
4908 8033
4909 5035
4909 8875
4911 9769
4911 8811
4912 9182
4913 7789
4914 7835
4914 5202
4915 5880
4915 8354
4916 6611
4916 5231
4917 7002
4917 6054
4917 9784
4917 8910
4917 7150
4918 6964
4920 5468
4920 5628
4920 6725
4920 5137
4923 9414
4924 9386
4924 6349
4925 6116
4926 8142
4926 5797
4926 7860
4927 9050
4928 9499
4929 8857
4929 9340
4931 8310
4931 6306
4932 8460
4932 7363
4933 6030
4935 6488
4936 6285
4937 8235
4937 6206
4938 8010
4938 5056
4939 5830
4939 7671
4940 6877
4940 7532
4943 5292
4943 7396
4945 6271
4946 5423
4947 5654
4947 8767
4949 9476
4950 8050
4951 7309
4952 6679
4952 6021
4955 5629
4955 6788
4956 9081
4958 7257
4958 5014
4959 5194
4959 5117
4961 8027
4962 8139
4963 9501
4963 8051
4964 6035
4964 7881
4966 8456
4967 9100
4968 7300
4969 8356
4970 5064
4970 5380
4971 9164
4973 9925
4974 5537
4974 9232
4975 6075
4976 8543
4976 9385
4976 7805
4977 7764
4978 5998
4980 8561
4981 9511
4982 7775
4986 8142
4987 9577
4988 8585
4990 6854
4991 6184
4992 9730
4993 9929
4995 6708
4997 7819
4998 9556
4998 9874
5000 5347
5000 8761
5001 9378
5002 7852
5003 5660
5004 7025
5008 5870
5009 9681
5009 5203
5010 5659
5011 6674
5012 8411
5012 7608
5013 9813
5014 9063
5015 5861
5016 5726
5017 6785
5018 5814
5019 5741
5019 6762
5019 9808
5022 8224
5023 9135
5023 9380
5024 8043
5027 9318
5028 9244
5031 5560
5031 7274
5034 8248
5035 7825
5036 6534
5038 5970
5040 5554
5041 7277
5043 9104
5045 8686
5046 5773
5046 7064
5046 5212
5046 9729
5047 8606
5048 6556
5048 9889
5049 7623
5049 8852
5051 7845
5052 5405
5054 8471
5054 9212
5055 7957
5058 7614
5063 8402
5066 9226
5068 5265
5068 8348
5068 8653
5069 5859
5070 9316
5071 9882
5071 8683
5072 9884
5072 7114
5074 8328
5077 6388
5079 8619
5080 8601
5080 7731
5080 7668
5081 6731
5083 8399
5084 9142
5085 6157
5086 6023
5086 5831
5087 9817
5087 8203
5088 8871
5088 6728
5090 8933
5091 7426
5091 5708
5092 7631
5093 6408
5093 8721
5094 5390
5096 9581
5096 9742
5097 8889
5098 6299
5099 6951
5100 7705
5103 5551
5104 9720
5105 6291
5105 9900
5105 7410
5108 8484
5108 7259
5108 8710
5109 6472
5110 8001
5112 9870
5113 9685
5114 8755
5115 8067
5115 7238
5116 7562
5117 6568
5118 5173
5118 9212
5119 8098
5120 6905
5121 9621
5121 8847
5124 7131
5124 6012
5126 8177
5127 8305
5127 9535
5128 7905
5129 8220
5130 8722
5130 5966
5131 7377
5132 8526
5132 9623
5133 6131
5134 9287
5134 5374
5134 5550
5136 9046
5137 8627
5138 6034
5139 9468
5140 8173
5140 5770
5143 7039
5144 8398
5144 9628
5147 7945
5147 8523
5148 7081
5149 7835
5152 7439
5153 6881
5153 8592
5154 6418
5157 7217
5158 5973
5159 6843
5160 6627
5160 9363
5161 9268
5161 5657
5161 6052
5163 6510
5164 8329
5165 9977
5166 9411
5166 7139
5166 5673
5166 5502
5167 9841
5167 9999
5168 5431
5168 8619
5169 8190
5171 7756
5172 9500
5172 5476
5174 8122
5174 9702
5175 9601
5176 5903
5178 5672
5179 6969
5180 9523
5183 9065
5184 6849
5186 7634
5186 8806
5188 7737
5188 5483
5189 6036
5190 6921
5190 7511
5192 8312
5193 9322
5195 5750
5196 9959
5197 7602
5197 9402
5197 5214
5199 7525
5200 5621
5201 6774
5201 9126
5202 6556
5204 5647
5205 5506
5206 8795
5207 8837
5208 9021
5208 8914
5212 9702
5213 5449
5213 9875
5214 7479
5216 6385
5217 6366
5218 7644
5222 5378
5223 7355
5223 7253
5224 6026
5225 8639
5226 8836
5227 5355
5229 8213
5229 6298
5230 9449
5230 7796
5231 5286
5231 6774
5232 8115
5232 5559
5233 9096
5233 8791
5234 8631
5235 5780
5236 6240
5236 6259
5236 5564
5237 8474
5239 6446
5239 9315
5241 6110
5242 8427
5243 8524
5243 6213
5244 8315
5245 8173
5246 7738
5247 8977
5247 9619
5248 7389
5249 7000
5249 9759
5251 6562
5251 5498
5252 6007
5253 6317
5254 7202
5255 9038
5256 7093
5256 5552
5257 8812
5258 9803
5259 7871
5262 5778
5262 7609
5266 6222
5269 5911
5269 6282
5270 5875
5271 7012
5272 6999
5272 7023
5274 8254
5274 9183
5275 7105
5276 5321
5277 6148
5278 6880
5278 9094
5280 5870
5281 7241
5283 8678
5283 8323
5284 8166
5285 7271
5288 5918
5289 6863
5292 7983
5293 9102
5293 6826
5294 7954
5294 7232
5294 9383
5294 9894
5295 7529
5295 5879
5296 6331
5296 5988
5297 5972
5298 7683
5301 9476
5302 9127
5302 8185
5304 8001
5305 7833
5306 6665
5306 8325
5307 9858
5307 8638
5310 6582
5314 5363
5315 6059
5316 8272
5316 6880
5318 6806
5320 7099
5321 7726
5322 9802
5322 7931
5323 8581
5326 7878
5327 9704
5329 5735
5330 8191
5330 9326
5331 7337
5333 5905
5333 7660
5334 6572
5334 8848
5337 7939
5338 6314
5338 8311
5339 7696
5339 5588
5340 7818
5340 7963
5345 8496
5346 8879
5347 6592
5350 8349
5351 8485
5352 6739
5353 7333
5354 5717
5356 6747
5357 7329
5357 8012
5358 6394
5359 7416
5362 8292
5364 9478
5369 7062
5370 5408
5370 9353
5370 6930
5371 6328
5375 7665
5375 5967
5376 7363
5376 9043
5376 5517
5379 5954
5379 7428
5379 7733
5379 5406
5380 9673
5383 8908
5384 5389
5384 6152
5384 9558
5385 9536
5386 8877
5387 7117
5387 8366
5388 7970
5388 5620
5390 9778
5391 6157
5391 7520
5392 6255
5395 7904
5397 6119
5398 7489
5398 6312
5403 7656
5403 7059
5405 8997
5405 9221
5405 9650
5406 9906
5410 9267
5411 5910
5413 5800
5413 9172
5414 8160
5416 9037
5417 9203
5418 7169
5419 9399
5420 9751
5420 9374
5421 8151
5421 8706
5421 9423
5422 7149
5422 9638
5423 5801
5423 6894
5424 5960
5424 7408
5425 5594
5426 9523
5432 8181
5432 9048
5433 8923
5434 9785
5435 9751
5437 9764
5437 9509
5438 8635
5441 8921
5443 8735
5444 9745
5445 7918
5447 7592
5447 8254
5449 5813
5449 8695
5450 7801
5451 6817
5453 7409
5455 5616
5457 6580
5457 5744
5460 9178
5461 6519
5462 5484
5463 6568
5463 5829
5465 5679
5465 9107
5467 6311
5472 6460
5474 7674
5476 6260
5479 7033
5481 7814
5481 6134
5483 9332
5485 7975
5487 9524
5488 6927
5490 7140
5493 8234
5494 6387
5496 6794
5496 9417
5497 8831
5498 9276
5498 8214
5499 6329
5500 6467
5500 7943
5504 9193
5505 6474
5506 6094
5506 6818
5508 5589
5510 6191
5510 7987
5510 5564
5510 9014
5511 9555
5512 7460
5513 9504
5513 6678
5514 7858
5514 9733
5515 7310
5516 8654
5518 7843
5522 8358
5523 6880
5525 6056
5526 8947
5528 6003
5532 7396
5532 8374
5533 6734
5533 6644
5534 8139
5535 7021
5536 8613
5538 9822
5538 9161
5539 6654
5541 8786
5541 9953
5541 5943
5542 8723
5542 8517
5543 8018
5544 8954
5546 8416
5547 9494
5547 6102
5548 9969
5549 7671
5552 8079
5552 8595
5553 9197
5555 6626
5556 6759
5557 8646
5558 6469
5559 8351
5562 8001
5563 9555
5563 8403
5564 9498
5566 7448
5566 6661
5566 6026
5567 9551
5568 7425
5569 7503
5569 7690
5570 6485
5571 7161
5571 8403
5572 6379
5573 8800
5574 5933
5574 7194
5574 9052
5579 8192
5579 7384
5580 7637
5581 5704
5583 6984
5584 6946
5586 8507
5587 5722
5588 6201
5589 8662
5590 9704
5593 9563
5594 6566
5595 9662
5596 9130
5599 6247
5600 6388
5600 9523
5601 7804
5601 6829
5601 5848
5605 8012
5605 8085
5606 8159
5606 7699
5607 9698
5608 7250
5609 7076
5612 8908
5613 9021
5614 6676
5615 8604
5615 6624
5616 7498
5617 7230
5618 7587
5620 6588
5623 9785
5625 9260
5626 9096
5633 6536
5633 7262
5634 6817
5636 7210
5636 7303
5637 5838
5638 9059
5639 9936
5640 9082
5640 9763
5641 6024
5641 9336
5641 7484
5642 7153
5646 7929
5648 6037
5649 9705
5649 6727
5650 7169
5650 9075
5651 6733
5654 6972
5655 5944
5656 9783
5657 5909
5657 7231
5659 7504
5659 6145
5660 8121
5661 8592
5661 9763
5662 9212
5662 6529
5664 6924
5664 7834
5666 5718
5666 7263
5667 7952
5669 9266
5669 8868
5670 6312
5671 9526
5673 9913
5678 9780
5680 8582
5680 7924
5681 7165
5681 7477
5681 8202
5685 7131
5686 9815
5687 8959
5687 7671
5689 8518
5689 8873
5689 6146
5691 9878
5692 8406
5693 6468
5694 9337
5696 8458
5697 7143
5698 7066
5698 9965
5698 8883
5700 9617
5701 8097
5703 7699
5703 6975
5704 8907
5706 6125
5707 9606
5710 9263
5711 6409
5713 8948
5713 8261
5715 6522
5716 9168
5721 9545
5721 9290
5723 7842
5724 7062
5725 7867
5727 8808
5728 5822
5729 7625
5729 8398
5730 8781
5731 6945
5733 8691
5734 6956
5736 9677
5736 6891
5737 8607
5738 5854
5738 8405
5738 9978
5738 6636
5740 6427
5741 6341
5743 8615
5745 8491
5745 6301
5748 9557
5748 8541
5751 7274
5751 8060
5753 7649
5754 9924
5756 9840
5756 9611
5757 8029
5759 8928
5760 8929
5760 9628
5760 8581
5761 6106
5762 7190
5763 5979
5764 7237
5764 8302
5764 8521
5765 8594
5765 7510
5766 7822
5766 8569
5767 8128
5768 9653
5768 6678
5769 9829
5770 7319
5770 8326
5770 7048
5770 8537
5771 9048
5773 5989
5775 6125
5775 6038
5775 6263
5777 8084
5777 7282
5778 7384
5778 8969
5779 7658
5779 8465
5779 7458
5782 9253
5783 6951
5784 5888
5785 6216
5785 7308
5786 6689
5787 6958
5788 8057
5789 8726
5790 5941
5790 6696
5791 6285
5792 6947
5793 8980
5793 7603
5794 9230
5795 6825
5796 5981
5796 7004
5798 8531
5799 6440
5800 8801
5805 7202
5806 9292
5808 8136
5811 6863
5812 7504
5814 6130
5814 9151
5815 9796
5817 8145
5817 5902
5819 9259
5822 7254
5823 6552
5824 7484
5824 8656
5826 7452
5826 9615
5827 6796
5828 8784
5830 6809
5833 9140
5836 9866
5838 8805
5839 7482
5840 7981
5842 7762
5842 7964
5843 9572
5845 7466
5845 8759
5845 9155
5846 8724
5846 8506
5847 9909
5848 9345
5849 6712
5849 7854
5853 8674
5855 7646
5856 8556
5857 9824
5858 9790
5860 9748
5860 9666
5863 6113
5863 7732
5865 9698
5865 9991
5866 8292
5866 9643
5868 9477
5868 5870
5869 9298
5870 7085
5871 9724
5872 7122
5872 8559
5873 7327
5876 8500
5878 6638
5879 9453
5882 7151
5882 6555
5883 8872
5883 6898
5883 7990
5884 6431
5886 7100
5887 6811
5888 7711
5888 9790
5888 7649
5889 8756
5892 9121
5900 8930
5900 8362
5901 9373
5904 6727
5904 8162
5907 7184
5908 9526
5909 6129
5910 6822
5910 9983
5912 6033
5912 7128
5913 9702
5915 6873
5916 8169
5922 8590
5923 6294
5923 6485
5925 6811
5926 7000
5931 9821
5932 9434
5934 7729
5935 6238
5936 7427
5937 9480
5939 7961
5940 9198
5941 7778
5941 7767
5942 6620
5943 6738
5943 7410
5943 8787
5946 8527
5948 6133
5948 8358
5949 8004
5950 9530
5950 9962
5951 9580
5955 9858
5956 7997
5957 8303
5958 6825
5959 9860
5961 7774
5962 7153
5962 7684
5963 7600
5964 9783
5965 6375
5971 8423
5973 7102
5973 9319
5974 8496
5975 9734
5977 7989
5978 8361
5978 7705
5979 9377
5980 9757
5980 9577
5987 6577
5988 8877
5990 8059
5992 9083
5995 7064
5996 9764
5997 6718
5997 6981
5997 6639
5998 6891
5999 8628
5999 7645
6000 8468
6000 8453
6001 6066
6002 8014
6002 9801
6003 8463
6005 9866
6006 7385
6009 8132
6010 8306
6011 9291
6013 8943
6013 7042
6014 7553
6018 8470
6019 7112
6020 7223
6020 8353
6021 7861
6023 8252
6023 9093
6025 6629
6028 8605
6032 8599
6034 6316
6034 6041
6036 6676
6036 7805
6039 6673
6041 6576
6042 8069
6044 9991
6046 7813
6047 7417
6047 9842
6049 9957
6050 8717
6051 8712
6051 6193
6052 6929
6053 8248
6054 8430
6055 8913
6056 9475
6056 9406
6057 6271
6058 9299
6058 9584
6058 9511
6060 8304
6061 9366
6062 6173
6063 8006
6064 9134
6067 7322
6069 8810
6070 7079
6070 6381
6073 7516
6075 6149
6075 7007
6075 8756
6077 9743
6080 7563
6084 6856
6084 8048
6084 9641
6086 6267
6087 6558
6087 7320
6088 6759
6088 6797
6090 9043
6091 9549
6091 8742
6091 7638
6094 6257
6094 6971
6095 9958
6096 6274
6096 6490
6098 9868
6098 6883
6099 6476
6100 6921
6101 7450
6105 8985
6107 6978
6112 7642
6112 9785
6113 6508
6114 8154
6118 7483
6119 7977
6120 7893
6121 7273
6122 7865
6123 7096
6125 7071
6126 7154
6127 8383
6128 7797
6129 6163
6131 9425
6132 6476
6133 9986
6134 6373
6135 6922
6136 8519
6137 8659
6138 6602
6139 6839
6139 8083
6140 9549
6145 8383
6146 7918
6147 8806
6150 7029
6150 9503
6151 7276
6153 6318
6154 7933
6155 8136
6155 9763
6159 7848
6160 8890
6160 9463
6161 7502
6163 7716
6164 8530
6166 9256
6167 7224
6167 6721
6168 8308
6170 7242
6171 6729
6175 6340
6176 7872
6178 9105
6179 7210
6184 9243
6184 6749
6185 8118
6186 6809
6188 9726
6189 7815
6190 8548
6192 9270
6193 8731
6197 9658
6199 7491
6199 6968
6200 6841
6201 8295
6202 8873
6205 6782
6209 8113
6210 8458
6210 9352
6211 8266
6212 6786
6212 9230
6212 9127
6213 8736
6214 9289
6214 8358
6217 8390
6217 9688
6218 7021
6219 8388
6221 9017
6221 7867
6223 8725
6224 8480
6225 8464
6226 9099
6228 6475
6229 7736
6229 7060
6230 7885
6231 8558
6232 6550
6234 7011
6235 9626
6236 7886
6238 6831
6238 9752
6239 8491
6241 7740
6241 8916
6242 9779
6243 8666
6244 6360
6244 7570
6247 7629
6248 8433
6249 8131
6250 6881
6251 6396
6251 6947
6254 9058
6255 7067
6258 7990
6262 6917
6263 8034
6265 8039
6267 6692
6272 8051
6273 9569
6273 6575
6278 8689
6280 8099
6284 9874
6285 6836
6285 8999
6287 8469
6289 7489
6294 8774
6296 6719
6296 7792
6297 8640
6297 8218
6298 9367
6299 6346
6301 6781
6301 6703
6302 7209
6303 6760
6305 8431
6306 7621
6307 6735
6309 8346
6310 6595
6311 6433
6311 9773
6314 8111
6314 8580
6315 6997
6315 9684
6317 7304
6321 7378
6322 6330
6323 6561
6323 9217
6323 9083
6325 7299
6325 7639
6325 9643
6326 6862
6326 8194
6327 9013
6329 7617
6333 8869
6334 8002
6334 9455
6336 9337
6338 7254
6338 9330
6339 9599
6340 9836
6342 6996
6343 9216
6344 7919
6346 7719
6346 8341
6349 9251
6352 9450
6354 7402
6355 7268
6356 6531
6356 6640
6357 8559
6359 9342
6361 8745
6362 9807
6368 8569
6369 8391
6370 7951
6371 6589
6371 7119
6372 6430
6374 9897
6376 7666
6376 8893
6376 9580
6377 6548
6378 8921
6379 9094
6381 9540
6381 9231
6384 6648
6384 7984
6384 8729
6385 6488
6389 9282
6390 9679
6392 9107
6393 8675
6393 6642
6395 9569
6399 6497
6400 6687
6401 9083
6402 8287
6402 6721
6402 7767
6404 8335
6405 7070
6405 8965
6409 6908
6415 7076
6416 6521
6417 9105
6421 7185
6421 8208
6422 9775
6423 6651
6425 7769
6425 8804
6426 8829
6427 7852
6430 8532
6431 9651
6431 7922
6432 8198
6435 7303
6437 8282
6438 9964
6440 7753
6444 7413
6445 9451
6445 7349
6447 7035
6449 8226
6451 8284
6452 7598
6453 6837
6453 9949
6455 9055
6456 8031
6456 9400
6457 9433
6458 8147
6462 6726
6462 8541
6463 8313
6463 9277
6464 9582
6464 8284
6466 7291
6468 6740
6468 9762
6470 9958
6470 8615
6473 7828
6475 8206
6475 8082
6475 9067
6476 8273
6477 7661
6479 9575
6479 7612
6481 7695
6481 6881
6484 9405
6485 7829
6487 6820
6489 8447
6490 9560
6491 8970
6492 7078
6492 7956
6495 7301
6498 9934
6499 7687
6500 9146
6501 6506
6502 8948
6503 9835
6504 9388
6507 8702
6507 8868
6509 9371
6510 7276
6512 7853
6512 8608
6512 9074
6515 7281
6516 7504
6517 8286
6518 8372
6521 8207
6523 9656
6525 9640
6525 9354
6526 8126
6528 6949
6528 7408
6530 7398
6532 9515
6532 6954
6536 9689
6539 9644
6539 9827
6540 6937
6540 8328
6544 7785
6545 6870
6545 7019
6546 9362
6549 8540
6553 7803
6554 7098
6557 9706
6563 8099
6564 7249
6565 6575
6569 9970
6573 7966
6574 8240
6575 8539
6577 7219
6578 8190
6579 7391
6583 9296
6586 9448
6590 8072
6591 8242
6591 9694
6591 9792
6595 7752
6596 7837
6596 9363
6596 9554
6596 7255
6597 7075
6598 7469
6598 8017
6600 8909
6600 9355
6601 7577
6603 7153
6605 7853
6608 8182
6609 9946
6614 9844
6616 9322
6617 7045
6617 7690
6618 6996
6619 9294
6619 9380
6622 9714
6623 9918
6624 8499
6625 8316
6625 7972
6629 6980
6630 9358
6632 7074
6633 8065
6634 9173
6637 8843
6639 8603
6640 7193
6640 9398
6643 7311
6644 7301
6646 8271
6647 8735
6649 7328
6649 7596
6653 6986
6653 8859
6654 6745
6655 8635
6656 8544
6657 8754
6659 9837
6661 6729
6661 6694
6661 8045
6668 9191
6669 7384
6670 7686
6670 8110
6671 9256
6672 9797
6675 9302
6676 8718
6677 9904
6680 8184
6680 9060
6681 7890
6683 9832
6683 7874
6684 8918
6684 7947
6686 7501
6690 8996
6691 9358
6692 8589
6693 8799
6695 8100
6700 7758
6701 8077
6702 8532
6703 7641
6706 7133
6707 9016
6708 7512
6709 8042
6709 6806
6710 8135
6710 9982
6711 9166
6714 7247
6716 8215
6717 8614
6718 8701
6721 7425
6723 8631
6728 9768
6728 7554
6730 9740
6731 7758
6732 8727
6732 7259
6733 7795
6733 9773
6735 9025
6735 9371
6736 7540
6737 7433
6740 7492
6741 9695
6741 7209
6743 7635
6745 9906
6746 6848
6746 7788
6749 9066
6750 9979
6752 7050
6752 7066
6753 7130
6755 8501
6755 7460
6756 8378
6757 7741
6758 9913
6760 8130
6762 9926
6763 9367
6763 9948
6764 8886
6765 6956
6766 9776
6768 7632
6769 9641
6772 9871
6774 8901
6776 6832
6778 9984
6779 9907
6780 8390
6782 7736
6783 8785
6783 7699
6784 8290
6784 7919
6787 9879
6793 7137
6796 7195
6800 9520
6801 8092
6803 8862
6805 8074
6806 7689
6806 8333
6807 8626
6808 7447
6808 7792
6809 7812
6810 7246
6810 7846
6811 7121
6812 7884
6812 6975
6813 8418
6813 8970
6815 9630
6815 7781
6819 8500
6819 7624
6819 9779
6820 6903
6822 7088
6823 8115
6825 9155
6826 7917
6826 8479
6827 7510
6828 7332
6828 7830
6828 8226
6829 9098
6830 8820
6830 9573
6831 8176
6834 7327
6835 7047
6837 6867
6839 7457
6841 7140
6843 8196
6845 7511
6847 9947
6851 9483
6851 9621
6852 9984
6857 8315
6858 7258
6859 9088
6861 8623
6862 9314
6863 9369
6863 7882
6863 7892
6866 8948
6867 9056
6868 8671
6869 8788
6871 8327
6872 7113
6876 8048
6877 9241
6877 7520
6879 9590
6879 9778
6883 7733
6884 8978
6885 9257
6887 9270
6888 9013
6889 8365
6891 7545
6892 9876
6893 8942
6895 7072
6896 8368
6897 7603
6898 9148
6899 8227
6901 8252
6902 9045
6903 7509
6906 9434
6907 8993
6910 8687
6911 8427
6915 7877
6916 9143
6916 9980
6918 7315
6920 7765
6926 8214
6927 7017
6929 9291
6931 8776
6932 6993
6933 7123
6934 8575
6935 7365
6935 8589
6936 8923
6938 9981
6939 8741
6940 7040
6944 8041
6946 8851
6946 7875
6950 9288
6950 8524
6952 9720
6954 7877
6958 9122
6958 8005
6960 8422
6960 9743
6961 9915
6962 7871
6963 8157
6966 8049
6970 7547
6970 7268
6973 7799
6974 7673
6975 9810
6980 9844
6984 8330
6986 9730
6987 7263
6987 8755
6990 8081
6991 7359
6992 9804
6994 7718
6996 9528
6998 7172
6999 8822
7001 7683
7001 7117
7003 8168
7004 7173
7005 8750
7006 7169
7007 8037
7009 8216
7010 9703
7012 9547
7013 7561
7014 7415
7018 7894
7019 9985
7020 7353
7021 8106
7023 7394
7024 7864
7024 8502
7027 7720
7028 7548
7029 7124
7029 7916
7036 8617
7038 9265
7038 7376
7040 9705
7043 8321
7044 8785
7045 8061
7046 8444
7046 7362
7046 7132
7048 8578
7048 8938
7049 7895
7053 7308
7054 9033
7056 9745
7058 8432
7060 9890
7061 8347
7062 7755
7065 9702
7066 7841
7066 8324
7066 8749
7067 8888
7069 8018
7072 7801
7075 8178
7077 8528
7078 9738
7081 8517
7082 7125
7090 8817
7090 7565
7091 8285
7091 9228
7092 8771
7092 8814
7095 9735
7097 8508
7100 9509
7100 7569
7101 9314
7108 7728
7110 9406
7112 8019
7112 7810
7113 9747
7113 7179
7118 9112
7120 7879
7123 8873
7126 9066
7127 9670
7128 8256
7128 8161
7128 9010
7132 8827
7135 8247
7137 7917
7143 8744
7144 7745
7145 7474
7145 7856
7146 7541
7151 9305
7154 9895
7155 7555
7156 9311
7157 7712
7157 8253
7159 8866
7160 7459
7163 7235
7163 7528
7164 8437
7166 9196
7166 8866
7170 7992
7170 8344
7171 8676
7174 7442
7175 8044
7176 7684
7177 9309
7178 9008
7179 8052
7179 8840
7183 7243
7187 7635
7188 9636
7189 8333
7193 9873
7198 9463
7199 8765
7205 8972
7207 9811
7208 9952
7211 9711
7213 9167
7217 9689
7218 8796
7218 8238
7220 7223
7222 8094
7222 9142
7225 9635
7229 7808
7232 8314
7233 8691
7238 8740
7238 9728
7239 9941
7239 9810
7240 7335
7241 9079
7243 8016
7243 8782
7243 9358
7245 7446
7245 7711
7247 7541
7247 9124
7253 9434
7253 9608
7255 9788
7260 7848
7261 8019
7262 8509
7265 9674
7267 9518
7267 8010
7276 8907
7278 7796
7278 9804
7279 7533
7282 8621
7282 9845
7285 9484
7289 8263
7293 8482
7294 9910
7295 8882
7296 7430
7297 9851
7303 9482
7306 8103
7306 8102
7307 9675
7310 9241
7314 7402
7315 7632
7316 8071
7318 8992
7320 8459
7321 8519
7323 9237
7325 7701
7325 9329
7334 8876
7334 9824
7337 9042
7342 9064
7343 7968
7343 9211
7345 8510
7345 8603
7346 7859
7347 9706
7347 9394
7349 8243
7349 8885
7352 8186
7352 8920
7352 9496
7352 9697
7357 7584
7357 7977
7357 7874
7358 7819
7359 8483
7359 8878
7362 8462
7366 9068
7367 9902
7368 9040
7369 8555
7369 8592
7370 7793
7370 9714
7376 9394
7379 8597
7382 9103
7384 8054
7385 8138
7386 8952
7386 7737
7387 8203
7388 8498
7389 8490
7391 9869
7395 9280
7396 7420
7396 8241
7400 9519
7400 9683
7400 8336
7402 8984
7403 9176
7405 7561
7407 9977
7408 9793
7412 9987
7414 9383
7417 7652
7419 7648
7424 9662
7425 7980
7426 7651
7428 8440
7430 9484
7435 8213
7436 7490
7438 9868
7440 8215
7441 7680
7441 8401
7443 8619
7443 7806
7444 9014
7444 9999
7447 8384
7448 9627
7455 8174
7456 8210
7456 9093
7458 8700
7458 8819
7459 9746
7461 9830
7465 7857
7465 9920
7471 8002
7472 9314
7473 7537
7473 9540
7475 8168
7476 8359
7478 8269
7484 8222
7487 7624
7488 9026
7491 8355
7494 7566
7495 8598
7496 8085
7500 9631
7503 8373
7506 9987
7506 7973
7508 7743
7508 8165
7508 8197
7508 9834
7510 8023
7513 8456
7515 7749
7517 8582
7520 9973
7521 7715
7521 8655
7522 8882
7523 9179
7526 8085
7530 7744
7530 8622
7531 9433
7532 9465
7532 7554
7533 7597
7535 7840
7539 7936
7540 9125
7543 9949
7546 8826
7549 7888
7552 8131
7553 9618
7558 7941
7560 8453
7561 8502
7563 7950
7566 9980
7567 9817
7570 7717
7571 8790
7572 9705
7573 8740
7574 8732
7575 9230
7576 7624
7578 9135
7582 9898
7583 8072
7585 9171
7586 8844
7587 9343
7589 7709
7589 7664
7590 9174
7593 9446
7594 9793
7596 8050
7597 8006
7601 8455
7602 9131
7602 9214
7602 9387
7603 9863
7605 9978
7610 8111
7612 9839
7620 8434
7621 9019
7624 9578
7625 8967
7626 9404
7627 9739
7627 8391
7628 9940
7628 8448
7629 7765
7629 9507
7631 8449
7637 7969
7644 7897
7646 8661
7651 9187
7654 9168
7655 9795
7660 9522
7660 7742
7662 8069
7663 7675
7667 8960
7673 7923
7682 8525
7684 9493
7686 9001
7687 9819
7690 8611
7691 9951
7692 8826
7692 9703
7695 9687
7696 7817
7696 7741
7698 9442
7707 8505
7707 8568
7708 9871
7717 9813
7719 8121
7721 9180
7721 9938
7723 9916
7724 8818
7725 9502
7726 8612
7727 8820
7728 8390
7731 8257
7732 8538
7735 9066
7739 9269
7746 7891
7747 7927
7749 8402
7761 8400
7763 9303
7768 8336
7772 9671
7773 9359
7774 7912
7777 8476
7780 8711
7780 8202
7781 7857
7782 9529
7785 9700
7786 8636
7787 7799
7789 8466
7791 8105
7792 8964
7794 8506
7799 9682
7802 9469
7802 9838
7809 9007
7810 8856
7811 8804
7814 8362
7814 9240
7816 9010
7816 9209
7817 8679
7821 7919
7821 9708
7821 9365
7824 8562
7824 9693
7825 9712
7827 8975
7831 8580
7832 8140
7834 8504
7834 8709
7838 9315
7840 8020
7844 8586
7846 8593
7849 9636
7850 9111
7852 9607
7860 9914
7866 9593
7866 8673
7869 9133
7875 8407
7875 9277
7876 8552
7879 9564
7880 9504
7888 8952
7894 9616
7896 8252
7899 8507
7909 8467
7910 9414
7913 7935
7914 9054
7914 8695
7916 9612
7917 8990
7917 9016
7922 9085
7923 8301
7924 8665
7926 9928
7927 8116
7928 8773
7932 9077
7939 9104
7940 8351
7941 8265
7942 9529
7943 9761
7946 9847
7947 8194
7949 9474
7954 8511
7959 9775
7960 7977
7961 8807
7962 8335
7967 8777
7969 9388
7972 8502
7975 8707
7976 8583
7978 9568
7978 9091
7980 9444
7985 9971
7991 8559
7993 8859
7996 9699
7997 9990
7998 9456
8003 8379
8005 8883
8007 8317
8008 9688
8009 8940
8011 8750
8013 8696
8014 9235
8015 8551
8019 9420
8020 8949
8021 8847
8029 8625
8030 9585
8030 9051
8031 8236
8035 9995
8038 8327
8043 9107
8045 9576
8047 9422
8050 9763
8055 9064
8063 8769
8064 9134
8069 8322
8071 9565
8075 9664
8081 8946
8086 9457
8090 9168
8091 8900
8100 8114
8104 8563
8105 9415
8108 9142
8113 8917
8119 8141
8120 8351
8120 9019
8125 9151
8129 9101
8129 8458
8132 8535
8134 9806
8135 8367
8140 8934
8140 9036
8150 8160
8153 9162
8155 9643
8158 9272
8158 9744
8158 8501
8160 8912
8164 8861
8164 9450
8166 8555
8167 8588
8168 9660
8169 9659
8172 9449
8173 8879
8180 8912
8183 9215
8184 8609
8185 9206
8189 9587
8195 9010
8196 8829
8196 8298
8197 8523
8197 9812
8201 9045
8205 8573
8206 9361
8207 8572
8207 8234
8209 9754
8212 9215
8215 8700
8219 9418
8220 9023
8225 9843
8229 8704
8234 9735
8234 9051
8235 9951
8239 9115
8239 9561
8239 8579
8239 9166
8249 9354
8251 9042
8253 9075
8258 9182
8263 8620
8263 9640
8264 8897
8264 8649
8267 8625
8271 9111
8271 9588
8275 9158
8281 9021
8282 9275
8283 8806
8288 9245
8290 8602
8296 9109
8296 8549
8297 8818
8297 9119
8297 8912
8297 9371
8299 9408
8307 9469
8308 9154
8309 8999
8318 9683
8325 8521
8331 9901
8331 9908
8334 9610
8336 9318
8337 9007
8340 9455
8345 8920
8350 9127
8353 9053
8354 9760
8357 9049
8365 9365
8365 9616
8367 9242
8367 9669
8370 9742
8370 8450
8371 9416
8371 9710
8373 9433
8377 8639
8378 9892
8380 9897
8381 8425
8382 8392
8385 9127
8389 8887
8390 8662
8396 9676
8399 8978
8409 9662
8410 8992
8421 9656
8421 9885
8426 8838
8432 8855
8433 9168
8434 9079
8436 9244
8441 9293
8445 8688
8448 9901
8452 8531
8453 9674
8453 9866
8454 8501
8456 8550
8458 8569
8464 8800
8469 9107
8471 9355
8472 9875
8476 8488
8476 8884
8478 9171
8479 9972
8481 9086
8486 8688
8487 9665
8492 9130
8493 8617
8496 9051
8508 8725
8509 9803
8512 9649
8512 8978
8515 9971
8522 9890
8530 9964
8538 9734
8543 9548
8546 9087
8550 8923
8551 9216
8552 9251
8555 9090
8556 9754
8558 9865
8566 9846
8568 9600
8571 9739
8576 8650
8577 8773
8579 9867
8579 9076
8583 9093
8584 8936
8588 8919
8589 9110
8591 9664
8595 8795
8596 9123
8596 9147
8596 9385
8607 9856
8609 9424
8615 8616
8615 9337
8618 8889
8618 9508
8621 9912
8627 8719
8638 9888
8639 8775
8639 9690
8643 8829
8646 8992
8648 9941
8650 9581
8656 9538
8660 9725
8663 9132
8670 9028
8675 8956
8675 9190
8677 8757
8684 9447
8686 9604
8690 8730
8691 8811
8698 9742
8699 9639
8708 9160
8716 9608
8728 9534
8729 8955
8739 8905
8748 9979
8751 8856
8752 9682
8754 9293
8755 8911
8758 9767
8761 9543
8770 9754
8773 8847
8773 9967
8778 9545
8779 9586
8782 9156
8785 9258
8787 9507
8788 9036
8791 9498
8795 9013
8798 9214
8799 9813
8803 9662
8821 9654
8833 9324
8836 9852
8841 9008
8845 9963
8847 8864
8852 9374
8853 9804
8858 9072
8865 9515
8867 9308
8867 9781
8868 8966
8869 9247
8873 9567
8875 9616
8898 9908
8906 9122
8908 9559
8911 9932
8914 8928
8916 9633
8922 9682
8922 9105
8928 9020
8929 9473
8931 9087
8931 9741
8937 9545
8951 9346
8952 9770
8954 9028
8957 9732
8965 9261
8967 9277
8968 9480
8969 9942
8976 9060
8978 9130
8979 9720
8981 9503
9003 9602
9009 9652
9015 9607
9017 9883
9018 9284
9024 9385
9027 9339
9040 9930
9041 9213
9042 9896
9043 9192
9044 9956
9045 9370
9051 9073
9053 9766
9059 9904
9061 9701
9064 9440
9071 9555
9074 9332
9076 9910
9077 9620
9077 9310
9087 9625
9092 9521
9094 9429
9104 9732
9106 9862
9114 9249
9145 9678
9152 9728
9154 9573
9162 9689
9165 9936
9167 9418
9168 9603
9169 9263
9171 9490
9173 9552
9178 9194
9184 9718
9189 9795
9205 9781
9213 9293
9231 9877
9236 9818
9252 9654
9253 9303
9257 9604
9271 9532
9274 9431
9278 9327
9279 9743
9279 9980
9290 9814
9292 9764
9298 9923
9304 9438
9306 9916
9315 9397
9343 9615
9347 9428
9352 9834
9355 9428
9378 9756
9378 9996
9381 9796
9404 9413
9405 9931
9407 9948
9419 9861
9431 9796
9435 9968
9438 9902
9438 9606
9439 9813
9458 9908
9479 9766
9484 9991
9485 9604
9501 9962
9505 9821
9509 9944
9516 9519
9534 9968
9541 9637
9549 9661
9566 9783
9589 9948
9589 9744
9598 9913
9617 9993
9650 9798
9655 9923
9688 9699
9709 9838
9711 9989
9712 9729
9722 9778
9727 9865
9745 9805
9797 9993
9846 9954
9869 9919
9870 9905
9987 9994
