200 199
0 13
0 144
0 96
0 58
1 47
1 181
2 163
2 26
3 77
3 60
4 159
5 55
5 157
5 25
5 70
6 58
7 125
7 60
7 84
8 95
9 189
9 96
10 186
10 26
10 75
11 193
12 120
12 114
13 40
13 90
13 136
13 139
14 24
15 58
15 149
16 185
16 173
17 173
17 199
18 171
18 77
19 190
19 75
19 188
20 104
20 140
20 177
21 23
21 155
21 181
21 183
21 105
22 169
24 161
24 61
24 146
25 192
26 131
26 152
27 180
27 43
28 74
28 123
28 73
28 68
29 175
29 109
30 102
30 184
30 124
31 49
31 51
32 128
32 102
33 178
34 62
35 182
35 73
36 184
37 165
37 109
37 163
38 51
38 98
38 66
39 84
41 42
41 100
41 146
41 92
43 108
43 164
44 113
45 57
46 115
46 63
47 193
48 140
49 63
50 94
50 117
51 151
52 108
53 103
53 194
53 95
54 135
55 147
56 174
56 159
56 144
57 169
57 187
59 72
60 71
61 179
62 96
64 124
64 159
65 196
65 152
66 122
66 185
67 182
68 134
69 148
69 83
70 126
72 145
76 85
76 152
78 116
79 195
79 187
80 135
81 92
81 194
82 84
83 149
83 94
84 132
84 137
85 153
86 135
86 193
87 149
88 89
88 118
88 99
91 172
91 105
91 165
93 113
93 143
93 112
93 166
95 108
96 166
97 134
98 191
99 134
100 167
101 174
106 142
107 131
108 142
108 134
110 123
111 133
111 125
112 164
113 116
114 177
114 183
117 127
117 181
119 187
119 165
120 197
121 154
122 188
126 141
128 162
129 176
130 163
137 176
138 155
140 156
141 179
143 176
145 163
149 150
152 160
154 174
157 170
158 171
166 178
168 171
175 198
