10000 9999
0 7028
1 2941
1 8977
2 2477
2 994
3 1624
4 6829
4 1441
4 3532
5 3571
5 1766
6 4974
6 2794
7 6448
8 5783
9 770
9 8044
10 6604
10 55
11 9431
11 9512
12 1031
13 7666
14 2715
15 3110
15 5755
15 6029
16 3935
16 6256
16 5320
17 115
17 1454
17 3076
18 5453
18 4495
19 7617
19 2740
19 5767
20 5379
20 199
21 9959
21 7232
22 9736
22 2894
23 4986
23 9488
23 8375
24 4878
24 4049
24 6085
25 8760
26 7167
27 3249
27 3824
28 6076
28 8936
29 4278
29 4857
30 2135
31 3634
32 5311
32 7020
32 7343
33 2943
33 7861
33 8314
34 3943
35 1645
35 6195
35 1035
35 4964
35 9085
36 4858
36 9507
36 8728
37 8130
37 7779
38 8233
38 8986
38 8830
39 5967
40 7266
40 1400
41 3462
41 4606
42 9991
42 2233
43 2413
43 3324
43 193
43 1667
44 8009
45 3326
46 643
46 4439
46 1991
47 1844
47 9984
48 6151
48 979
48 7718
48 9279
49 6004
50 4960
50 7295
51 405
51 7663
51 6346
52 3730
53 4350
53 342
53 7388
54 8446
54 2492
55 3489
56 7504
57 2999
58 5592
58 7523
59 667
60 4426
60 75
60 1792
61 172
61 9173
62 7986
63 1492
63 7518
63 2757
64 6984
64 4350
65 2338
66 4726
66 6899
66 7621
67 8144
67 7487
68 1354
68 6204
68 227
68 2985
69 7563
70 8928
70 8032
71 6498
71 167
72 9224
72 1536
73 6811
74 3293
75 1190
75 5739
75 9193
75 479
76 381
77 5625
77 6438
78 5387
78 1655
79 8306
79 4854
80 8778
81 7675
82 3105
82 880
83 1974
83 4004
84 3574
85 2662
85 1173
86 5862
86 4577
87 1398
87 8783
88 8921
89 2886
90 9741
90 9742
91 8177
91 3591
92 4450
92 9827
93 1783
94 4131
95 970
95 6637
95 1803
96 2625
97 1499
97 4470
97 7055
98 2660
98 3149
98 5395
99 1999
99 5882
100 6295
100 1930
100 732
101 4026
101 5582
101 6709
102 3253
102 4021
102 4967
103 250
103 7038
103 1273
104 8042
104 8183
105 8079
105 1381
105 433
106 6587
106 1334
107 4685
108 2526
108 7554
109 6307
109 7877
109 7208
110 7641
110 2174
111 4545
111 4298
111 4889
112 7264
112 9873
113 1521
114 7598
114 1350
116 5145
117 6007
117 3431
117 5218
118 270
119 6559
119 2723
120 4206
121 5902
121 2650
122 1402
122 1969
122 6936
122 9672
122 2798
123 4175
123 3535
124 4768
125 2117
125 7757
126 5235
126 467
127 8496
128 8980
129 1951
130 3183
131 4074
131 1179
131 3097
131 9910
131 7092
131 7079
132 4784
133 6244
134 3707
134 1625
134 8575
135 2408
135 2698
136 4917
136 5851
137 3225
137 3344
137 1481
138 8941
138 3362
139 6701
139 8590
140 6537
140 5039
141 5233
142 3737
143 3793
144 444
144 8409
144 7761
145 5897
145 5627
145 8776
146 3254
146 6347
146 5761
147 7540
147 6839
148 6920
148 5339
149 5852
150 9557
150 4161
150 3919
151 5184
151 3910
152 5266
152 1478
153 7959
154 1961
155 4813
156 7636
156 3462
157 6478
157 3645
158 6322
158 5799
159 6161
160 5973
160 8847
160 2037
161 7507
162 3882
162 9033
163 3931
163 1234
163 6780
163 7075
164 607
164 5116
165 2746
165 3370
165 9710
166 1681
166 3016
167 265
167 5203
168 6871
168 2199
169 4241
169 5874
170 6002
171 3412
171 3076
172 784
172 4903
172 2605
173 2723
173 1743
174 6941
174 8514
174 3684
174 6277
175 7945
176 9767
177 5417
177 4399
178 4593
179 7719
180 1293
180 8028
181 5389
182 195
183 3689
183 7332
184 9551
184 6233
184 1981
184 1186
185 3423
185 5475
185 3202
186 9003
186 3145
187 895
188 5138
188 1039
188 9706
188 1178
189 6707
189 4306
190 2341
191 2399
191 682
192 7369
193 4139
193 7408
193 9923
194 5122
194 1786
194 9545
195 1228
196 3208
196 4954
196 4669
197 1885
197 7490
198 2901
198 7144
198 1882
198 7406
199 3093
199 1923
199 4615
200 6705
200 5586
201 3735
202 9839
202 524
203 4785
204 514
204 2985
204 6423
205 412
206 6068
207 2070
208 7100
208 8497
208 1929
208 5498
209 8015
209 526
210 1666
210 4760
210 4276
211 3363
212 7253
212 9488
213 9064
213 9407
213 8946
214 633
214 8672
215 921
215 6842
216 2232
217 8249
218 3867
218 8247
219 5420
220 5691
221 5523
222 4790
223 7838
224 4287
224 5963
224 1984
225 3301
226 6812
226 8311
227 5599
227 7373
228 8223
228 4094
228 9377
229 6537
230 1207
231 5205
231 3629
231 3435
232 2080
232 8292
233 4636
233 7193
233 2033
234 3690
235 1386
235 5275
235 6019
235 2983
236 7836
236 9277
236 8566
237 8858
237 7587
237 4844
238 3960
239 9669
239 4316
239 4252
240 4939
241 7605
241 7746
241 3587
242 6654
242 7505
243 5281
243 6824
243 3452
244 4912
245 1953
245 1956
245 7309
245 3213
246 1580
246 9932
246 431
247 6794
248 9318
248 3435
249 5303
251 8981
251 7333
252 9196
253 7854
253 8587
254 9680
255 8799
255 7012
256 5818
256 6554
256 9387
257 2712
258 1623
259 7965
260 6684
261 4921
261 8764
261 1575
262 4184
262 5209
263 8617
263 2283
263 5943
264 374
264 3559
264 4198
265 1902
265 9716
266 3132
266 8038
266 5736
267 6341
267 7708
267 1244
268 7670
269 6153
270 5022
270 9175
271 6498
272 4833
272 4798
273 1742
273 5133
273 1693
274 6593
274 1682
274 9559
275 8507
276 400
277 4886
278 1717
278 2844
279 2379
279 4887
280 5482
280 2650
280 5193
281 8023
281 8562
282 7938
282 6298
283 780
284 9938
284 6744
285 4433
285 4255
286 3079
286 480
286 3818
287 9549
287 6394
287 5694
287 9702
288 718
289 464
289 5429
289 6775
289 8201
290 2094
290 6724
290 7953
291 7357
291 9360
292 3304
293 1541
293 5279
294 3293
295 8656
295 4015
296 1694
297 5578
297 9246
298 5629
299 3276
300 7179
300 4868
301 4124
301 4783
301 8490
302 2072
302 2325
302 4707
303 2306
304 1851
304 6030
304 7394
304 6631
305 1612
306 6882
306 2153
306 4569
307 1219
308 7129
308 9290
308 830
309 5241
309 5527
310 2867
310 6785
311 8483
311 982
312 2998
312 1433
312 3881
312 3650
313 2183
314 7211
314 8845
315 8992
316 7148
316 485
317 2330
317 5878
318 4385
319 3429
320 3641
320 9131
320 6652
321 2733
321 8789
321 7908
322 5860
322 9443
322 9243
323 6377
323 2475
324 9127
325 375
325 3891
326 5581
327 1676
328 2894
328 9580
328 7576
329 6343
329 6436
329 8396
330 1683
330 4989
331 1493
331 6904
331 2092
331 3726
331 6292
332 3049
332 9217
332 4526
333 4329
333 5140
334 3446
335 1987
335 1437
335 7368
336 8137
336 6414
336 9440
336 7746
337 6177
337 6669
338 852
339 5794
339 8324
340 2601
341 2539
342 1207
342 9789
343 8624
343 6806
344 6155
344 4963
345 5997
346 9684
347 9085
347 5828
348 4388
348 9914
348 3932
349 2761
350 3298
350 1925
351 4485
351 9876
351 8390
352 1398
353 1118
353 1485
353 6974
353 7445
354 700
354 9283
355 5481
355 8040
356 3720
356 8155
357 5464
357 982
357 1149
357 2848
358 8006
359 2962
359 2146
360 4579
361 4239
361 977
362 3683
363 1545
363 3063
363 1292
363 2107
364 9398
364 4320
364 9775
364 2729
365 9397
365 7280
366 3620
366 3523
367 795
367 9304
367 6622
368 1915
368 2119
368 5615
368 2924
369 3542
370 4724
370 5215
371 4446
372 631
372 5497
373 7504
373 6489
376 9362
376 6913
377 2359
378 5740
378 1414
378 896
378 6407
379 5291
379 7509
379 4870
380 2818
380 8022
381 8353
381 6168
381 8645
381 8671
382 8692
383 8554
384 2718
384 4084
385 7187
386 9964
386 3947
387 9514
387 9112
387 9285
388 3809
389 4993
389 9002
389 8193
390 4620
390 2445
391 8124
391 8260
392 7829
393 5484
393 991
394 426
394 4301
394 8925
394 9947
395 5447
395 5628
395 5899
395 9235
395 2612
395 5388
396 5149
396 4482
397 2748
398 3024
398 1517
398 6878
398 6177
399 5828
399 6609
399 3837
400 4331
401 2372
401 6369
402 5882
402 2221
403 8494
404 6656
406 519
407 7965
407 9377
408 7502
409 9929
410 1017
411 6362
412 4358
412 7850
413 7629
413 6971
413 6043
413 1713
413 4623
414 1124
415 4813
415 2130
415 9822
415 6790
416 9071
416 6173
417 4061
417 3288
418 8256
418 1713
419 1544
419 8657
419 8507
419 6639
419 3695
419 3901
420 7469
420 3316
421 8841
421 9691
421 8997
421 5475
422 5603
422 8881
423 7921
424 4559
425 3581
427 9878
427 3481
428 2170
428 5563
429 3956
429 2894
430 9768
430 1428
431 2008
431 2335
432 6915
433 2077
433 9038
433 4844
434 3380
434 8117
434 5824
434 6149
435 1726
436 1185
436 7598
437 4777
438 3508
439 5404
440 3773
441 6675
441 7130
442 5546
443 3648
445 3658
446 9543
447 3829
447 1842
448 9439
448 2652
449 6884
449 5181
449 6337
450 5843
450 8897
450 5826
450 1265
451 9912
452 2286
453 3894
453 9565
454 4883
454 8603
454 9813
455 625
456 3878
456 9916
456 5819
457 1467
457 1671
458 5425
458 2350
459 7841
459 5069
459 4746
460 8931
461 2213
461 6302
461 6961
462 2096
462 794
463 8190
464 3708
465 7756
466 7898
466 7853
467 9042
467 6782
468 2465
469 3209
469 5534
470 8378
470 6603
470 8049
471 7668
471 913
471 5391
472 2501
473 6199
474 6957
475 4723
475 8759
475 5178
476 3212
477 9864
478 9875
479 1034
480 5305
480 5368
481 1873
481 4912
482 7900
482 5593
483 6764
483 3068
483 5941
484 3866
485 9025
485 7876
485 3042
486 5620
487 1257
487 5920
488 1771
489 4170
490 677
490 791
490 2915
490 8454
490 9866
491 4333
491 7138
492 9180
492 7001
493 5125
494 8853
494 4367
495 3567
495 6965
496 6589
497 5263
498 7952
499 5632
499 5335
500 5781
500 2514
501 7104
502 1252
502 6996
502 7389
503 5962
503 6869
504 3178
504 6721
504 3217
504 8472
505 9317
505 3479
506 5588
506 694
507 3516
508 3102
508 6196
508 6000
509 9134
509 8035
510 9063
510 9875
510 1255
511 6855
511 8779
512 4019
512 5201
512 7562
513 520
513 4400
514 5722
514 8063
515 5866
515 4390
515 578
516 3787
516 8885
517 7215
517 2305
518 4234
518 3526
519 7114
519 2940
520 690
520 6500
520 8290
520 8833
521 1596
521 5020
522 4377
522 8570
522 811
522 5510
523 6145
523 9209
524 2093
524 7610
524 1508
524 8564
525 1520
525 7031
525 5009
525 9672
526 2508
526 4981
527 2968
528 2320
529 4755
530 6939
531 4670
532 7434
532 2192
533 9354
533 4471
534 2042
535 2113
535 8954
536 5936
536 3999
536 6697
537 4285
538 9897
538 9901
538 748
539 2118
540 664
540 1788
540 7532
540 9066
541 1186
541 5760
542 2978
542 8419
543 4423
543 3976
544 7373
545 5726
545 3794
546 6238
546 9051
546 1284
547 6639
548 8472
548 3950
548 8656
549 2779
550 877
550 8893
550 5152
551 9590
551 997
552 8876
552 6590
552 7818
553 5174
553 6860
554 7814
555 6826
555 9315
555 3478
556 3006
556 6338
557 3704
558 4319
559 8505
559 8439
560 4264
561 8710
562 1241
563 5192
563 7071
563 7832
563 3410
564 4757
564 8268
564 5127
564 5484
565 5666
566 8875
567 723
567 5368
568 3205
568 5764
569 8388
569 8589
570 8568
571 1504
572 4969
572 8124
573 2846
574 7765
574 8199
575 5028
575 9783
576 2378
577 2816
577 3271
578 758
579 4406
579 5399
580 7977
580 7708
581 7176
581 5382
581 6156
582 2437
582 4348
583 7843
584 2384
584 6822
585 5118
585 6642
586 3827
586 7804
586 6433
586 6106
587 5193
587 7962
588 7189
589 8318
590 5084
590 3764
591 6061
591 7244
591 4396
592 8879
593 5664
593 1926
594 2507
595 3179
596 7916
596 2505
597 866
597 6167
598 2054
599 5649
599 3023
600 6931
601 6513
601 2514
601 7833
602 9889
602 5483
603 6956
604 2082
604 3960
604 1380
605 6763
605 5955
605 8728
605 5881
606 6391
606 1967
606 1355
608 5995
608 838
609 1253
610 8576
610 1784
611 1445
612 6654
613 5031
613 2992
613 6609
614 8452
615 8846
616 3507
617 8937
617 2358
618 8801
618 8001
618 722
619 7525
620 3776
620 5223
620 7365
620 9286
621 1674
621 6936
622 5965
622 970
623 8675
623 2888
623 2084
624 6120
625 6298
626 4201
626 1345
626 900
627 9025
628 2587
628 8974
628 7535
629 2164
629 2859
629 6091
630 1706
630 3044
631 3453
631 9807
632 8522
633 1568
634 1320
634 4467
634 3416
634 3728
635 6724
636 4150
636 8280
637 1119
637 6296
637 9633
638 5950
638 7449
639 9126
639 9851
639 5792
640 8613
640 9427
641 6470
641 7181
641 7756
642 7555
644 7326
645 4652
646 7339
647 4686
648 3097
649 4136
649 2831
650 3306
650 8581
650 5045
651 1279
651 2407
652 9426
652 5452
653 6358
653 9119
654 6173
654 9970
655 4413
655 9651
655 9845
655 4781
656 2133
656 6660
657 4022
658 1043
659 3268
659 4182
660 5839
660 7987
661 9483
662 9882
662 700
663 8128
663 5644
665 9049
665 4180
666 1604
666 2731
666 938
667 6712
667 7185
668 4482
668 1582
668 4199
669 1183
669 6384
669 4058
670 977
671 8196
671 3734
671 4831
672 4333
673 2119
674 1695
674 9675
674 7278
675 2501
675 7656
675 9919
676 3536
676 4843
676 7126
678 6258
678 3870
678 1112
678 6385
679 2090
679 2796
679 1859
680 3494
680 4556
680 5553
680 3076
680 7353
681 3182
681 7943
681 5343
682 4267
683 7782
683 2927
684 4351
684 7339
685 3714
685 9516
685 3645
685 7806
686 8312
686 7089
687 1468
687 4339
687 4262
688 7356
688 2350
688 9900
689 4272
689 5444
689 7827
689 2391
691 3832
692 4576
692 5980
692 8279
692 3354
693 7531
694 7482
694 9098
694 855
695 8622
695 9179
696 5978
696 1361
697 1041
697 5609
698 8201
699 2908
699 8736
699 6721
700 3008
700 3598
701 3588
702 1818
702 5501
702 3450
702 8284
702 7836
703 844
703 9429
703 4384
704 2311
704 975
705 6090
705 4637
705 2861
705 9389
705 3143
706 836
706 9327
706 7644
706 6780
707 8152
708 4826
709 7554
709 4532
709 3995
710 5114
711 8163
711 1602
712 3444
712 9975
713 7790
713 6482
713 5753
714 6733
714 3163
715 8548
715 9119
715 8561
716 3957
717 749
717 5165
718 1243
719 8095
720 1455
720 2443
720 2276
721 4381
721 5590
722 8872
723 3289
724 1316
724 1158
724 2475
725 8412
725 7318
726 5143
726 7198
727 7148
728 5892
729 4074
730 2060
731 842
732 4591
733 3402
734 4771
734 8988
734 7213
735 9034
735 7916
736 7404
736 3589
736 3806
737 7415
737 8003
738 4897
738 2779
738 6365
738 9805
739 2560
739 6176
740 8105
740 8359
741 8673
741 8394
742 3312
743 6964
744 7457
745 6940
745 2092
746 6809
747 6412
747 7571
748 3939
748 8358
750 1134
750 7966
750 1562
751 4493
752 7465
752 1552
753 7889
753 2727
754 9231
754 6247
755 3621
756 3098
757 5726
758 6856
758 6544
759 1089
759 3931
760 2008
761 9066
761 6987
761 1040
761 8024
762 5299
762 7963
762 8104
762 9695
762 6761
763 6663
763 7007
763 9118
764 8870
765 4042
765 893
766 2285
767 7123
768 8318
769 5221
769 9632
771 2502
772 5977
773 1915
774 6636
775 7523
776 6107
776 8011
777 3191
778 2838
779 4184
780 3709
780 9491
781 1323
781 6907
781 3805
781 1076
782 4673
782 4605
783 1491
785 6461
785 9371
786 5669
786 4316
787 2753
787 3045
788 7294
789 5475
790 7991
792 5770
793 3744
793 6969
793 6338
793 9977
793 8318
794 8929
794 6926
795 5151
796 4695
796 3262
796 9051
797 5006
797 5137
797 9915
798 7992
799 5277
799 7894
800 909
801 1415
801 3681
801 5548
802 2404
802 4731
802 6269
802 6308
803 864
803 3395
803 4727
804 2612
805 6278
806 6837
807 3614
808 3054
809 8456
810 7263
810 8813
811 7883
811 7875
811 3056
812 8832
813 870
813 2127
814 2844
814 3474
815 2147
816 1611
816 8913
816 7227
816 1912
817 3359
817 6362
817 1759
818 2417
818 8911
818 6516
818 2914
819 1940
820 4927
820 2543
821 3706
821 7736
821 9416
822 2914
822 8891
823 4501
823 9425
823 1586
823 7945
824 6039
825 1657
825 4018
826 6036
827 2380
827 5892
828 1221
828 1753
828 7411
829 8195
829 6197
830 1203
831 1557
832 9405
833 1184
833 8406
834 1744
834 7587
835 9345
835 8260
835 6692
836 8218
836 9218
837 6100
838 7452
838 6106
839 5496
840 2458
840 4407
840 8004
840 9895
841 5539
841 9335
842 3810
843 7778
843 6431
845 2307
845 6115
846 9702
846 4292
846 9510
847 9064
848 7133
849 9190
850 7464
851 7569
852 2315
852 5245
852 8814
852 2815
853 8239
854 9795
855 8816
855 5822
855 6873
856 5646
857 5635
857 4354
858 8439
858 3475
859 8751
859 6759
860 8295
860 5386
860 9788
860 6043
861 9231
862 1473
862 6135
863 6923
863 8065
864 1833
865 3428
865 3313
865 5186
865 9408
867 8554
867 8958
868 2209
869 8688
869 5724
871 5132
872 8207
873 8080
873 2073
874 2492
875 7985
875 7714
876 5796
876 6281
876 3035
876 1831
878 9412
879 5801
880 4075
881 7237
881 3148
882 1836
882 7149
883 6255
884 7161
884 6238
885 2476
885 1105
886 3797
886 6195
887 2064
887 4566
888 3759
888 7740
888 6614
889 5869
890 3517
891 9326
892 4094
893 3830
894 2685
894 3602
894 7869
894 8546
895 5725
896 1606
897 2764
898 7545
898 1445
899 8750
899 3125
900 2602
901 7818
902 2250
902 5108
902 4459
903 8492
904 5744
904 7642
904 8061
905 4616
905 1640
906 934
907 6213
907 6837
908 5542
909 6487
909 8086
910 5461
910 6123
911 2983
912 9969
912 7810
913 1331
913 8914
914 4968
914 2845
915 2740
916 7155
916 5035
917 3646
918 4772
919 6125
919 5393
920 4083
920 1710
920 7889
921 986
922 3094
922 7307
922 2801
922 9048
923 2945
924 5863
924 5989
925 2241
925 9353
925 3881
926 4594
927 6711
927 5084
928 5763
928 7206
929 3195
929 9461
930 4244
930 2712
931 3760
932 7088
933 6910
933 2873
934 3692
935 9168
936 4996
936 2329
937 8879
937 7919
938 5406
938 6737
939 3631
940 8188
940 5151
941 9977
942 3521
942 4159
942 4658
942 8199
942 2330
943 6929
943 3746
943 5231
944 2797
944 1947
944 3957
945 3357
945 1877
945 2334
946 1858
946 8788
947 4600
948 5867
949 4391
950 4389
950 2050
950 6870
951 6106
951 7148
952 3391
952 4481
952 3541
953 7268
953 1730
954 9687
955 3329
956 6165
957 7801
957 8236
958 1290
959 5922
960 3442
960 8710
961 6557
961 4858
962 6077
963 6925
963 9710
963 5082
964 1488
964 7044
964 4527
965 2373
966 5492
966 6052
967 4457
967 3231
968 9460
969 1557
969 3757
971 5451
971 8875
972 5309
973 4728
973 5850
973 7913
973 8131
974 6028
975 1239
975 3825
975 8943
976 5562
976 8874
977 2140
977 4450
978 8062
978 3499
979 5279
979 8157
980 9757
981 5249
981 3429
982 4592
982 6680
983 8497
984 3189
985 6216
985 9441
986 6248
987 8613
988 6781
988 7901
988 3170
989 4861
989 5943
989 6850
990 3541
990 5490
990 7653
990 4984
990 2814
991 6162
991 7748
991 5966
992 6773
992 7706
993 5059
994 2518
994 9323
995 3267
995 9913
995 9361
996 7796
996 5115
997 5948
998 4324
998 5693
999 2135
999 6477
1000 9652
1001 4066
1001 6133
1001 2344
1002 6806
1002 7235
1003 1931
1003 1209
1003 2514
1004 1251
1004 9674
1004 2856
1005 2867
1006 3064
1006 1286
1007 8632
1007 9775
1008 1942
1008 1207
1009 8744
1009 9946
1009 5788
1010 9354
1011 2682
1011 9228
1012 6960
1012 5634
1012 7874
1013 6972
1013 3897
1014 9815
1015 5172
1016 6722
1017 8216
1017 3496
1018 5062
1019 8414
1020 1709
1020 7003
1021 1762
1022 1899
1022 5934
1023 8738
1023 2274
1024 9996
1025 1598
1026 5525
1027 8213
1027 1913
1028 3198
1029 2775
1029 9213
1030 8030
1030 3443
1031 3316
1031 5630
1031 3074
1032 4050
1032 5195
1032 2940
1033 2555
1033 5062
1034 2684
1035 6353
1036 9388
1037 5615
1038 1064
1038 6356
1038 1041
1039 6962
1040 2504
1042 9039
1042 9245
1043 5752
1043 2175
1044 5953
1044 1643
1045 3732
1046 8118
1047 2883
1048 6890
1048 3372
1049 1464
1049 1760
1049 1606
1050 7928
1051 2922
1051 6569
1051 7340
1051 8662
1051 6509
1051 4857
1052 2110
1052 6839
1052 6510
1053 6575
1053 5024
1053 2459
1054 5510
1054 7732
1055 8405
1056 8683
1056 6534
1057 6463
1057 6826
1058 9453
1059 4561
1059 7322
1060 8252
1060 7780
1061 5452
1062 6891
1062 7218
1063 1260
1063 2909
1064 8425
1065 4674
1065 2353
1065 8330
1066 3159
1067 4819
1068 9119
1069 8442
1070 4229
1070 2601
1071 4495
1071 6073
1071 8271
1072 7835
1072 9113
1073 6715
1073 4356
1074 7688
1074 7738
1074 5114
1075 7331
1075 9873
1076 9572
1077 2983
1078 2394
1078 2188
1078 9538
1079 3187
1080 5522
1080 4874
1080 2863
1081 3389
1081 5259
1082 8574
1082 4799
1083 5416
1083 3656
1084 1828
1084 5870
1084 5286
1085 8492
1085 7311
1086 7418
1086 5912
1087 4885
1088 4512
1088 1521
1089 2720
1090 3251
1091 1565
1092 3340
1092 4859
1093 6033
1093 3217
1094 4112
1094 2033
1095 2016
1095 9403
1096 4385
1096 9036
1097 8324
1097 7041
1098 5568
1099 4891
1099 5783
1099 4981
1100 2183
1100 3603
1100 4020
1101 1871
1102 3106
1102 6086
1102 3878
1103 8589
1103 4129
1104 3115
1105 3339
1105 9241
1106 2494
1107 8964
1108 4644
1108 1308
1109 1666
1110 2483
1110 4624
1111 8330
1111 9528
1112 2209
1112 1491
1112 8671
1113 3269
1113 7445
1114 6569
1115 4906
1116 6507
1116 9838
1117 2053
1117 6148
1120 6950
1121 8091
1121 9996
1121 5970
1122 6285
1122 9494
1122 1567
1123 9625
1123 2019
1124 7551
1125 8770
1126 1458
1127 2099
1128 3549
1129 6702
1129 2054
1130 2791
1130 3620
1131 5942
1131 9042
1132 2139
1132 3408
1133 2416
1133 5376
1133 7295
1133 7686
1133 1797
1135 5886
1135 9579
1136 6960
1137 8247
1137 9281
1138 2707
1139 3131
1139 4308
1139 3075
1139 5903
1140 1525
1141 3816
1141 6621
1141 7060
1141 8717
1142 9303
1142 9578
1142 2625
1143 1734
1143 6103
1143 7828
1144 5011
1144 9730
1145 2003
1145 4665
1145 1999
1146 6604
1147 1797
1148 2958
1148 5939
1148 1412
1148 8772
1149 1290
1149 3427
1149 3938
1149 9863
1150 5589
1150 8987
1150 2562
1151 4679
1151 4193
1152 4315
1152 8684
1152 6406
1153 9349
1153 2156
1154 7642
1155 3663
1156 6966
1157 7882
1157 2112
1158 5511
1159 2742
1159 8744
1160 2969
1160 6686
1160 7878
1161 8233
1162 1256
1162 1178
1162 6655
1163 8159
1163 4659
1164 5688
1165 1269
1165 7162
1165 1429
1166 8186
1167 8623
1167 3434
1168 5661
1168 8940
1169 3782
1170 2440
1170 6763
1171 5442
1172 9030
1173 4653
1174 2975
1174 9917
1175 7254
1175 5767
1176 3786
1176 5173
1177 3055
1177 9489
1178 7619
1179 4317
1179 4642
1180 9576
1180 4375
1181 7947
1181 1970
1182 5537
1184 4752
1187 3248
1187 3238
1188 8389
1189 6546
1189 8016
1191 7502
1191 3401
1192 3349
1192 3467
1193 6397
1194 8044
1194 2507
1195 6451
1195 2356
1196 3491
1196 9177
1196 2619
1197 3174
1197 4639
1197 6623
1197 5915
1198 5456
1199 7863
1199 3780
1199 3159
1200 2430
1200 4115
1200 2639
1201 4262
1201 9860
1202 8059
1203 2254
1204 4830
1205 6706
1205 7171
1205 5581
1205 9391
1205 5454
1206 7774
1207 4024
1207 7186
1207 8329
1208 2652
1209 3409
1209 3184
1210 5517
1210 7010
1210 4906
1211 9036
1211 1236
1212 4011
1212 1883
1212 4500
1213 4910
1213 2277
1214 2448
1214 9200
1215 7413
1215 4727
1215 5594
1216 7399
1217 3254
1218 3292
1218 1284
1218 3228
1219 1845
1219 3241
1219 9051
1220 3061
1222 5791
1222 3860
1222 5339
1222 4637
1223 2353
1224 5521
1224 7287
1225 9770
1225 5178
1226 4383
1226 8426
1227 3899
1227 5993
1228 8779
1229 2885
1229 2699
1229 2608
1230 3473
1231 1532
1232 1850
1232 9999
1233 3098
1233 3540
1233 5780
1234 3715
1235 2898
1235 9615
1236 7648
1236 6495
1237 8020
1238 2756
1240 6896
1241 7317
1241 6284
1241 4812
1242 7131
1243 4113
1243 1966
1244 9819
1244 2034
1245 7563
1245 4046
1245 3080
1246 6245
1246 2593
1247 2024
1247 6927
1248 4037
1248 3492
1249 3140
1250 6579
1251 2112
1252 2338
1252 7529
1252 8396
1253 4619
1254 9786
1254 6635
1255 1875
1255 8656
1256 5680
1257 8612
1258 4468
1259 2045
1259 3595
1260 9223
1261 1622
1261 9420
1261 4585
1261 8905
1262 2868
1263 2769
1264 4082
1264 9491
1264 8107
1265 3741
1265 8844
1265 7035
1266 9334
1267 3399
1268 2445
1268 6853
1268 8097
1270 3708
1271 5049
1271 7992
1271 1859
1272 4514
1272 6593
1273 7143
1274 2145
1275 6639
1276 8280
1277 4644
1278 5082
1279 9294
1280 9239
1280 2238
1280 1804
1281 7553
1281 8683
1282 6572
1282 5499
1282 8942
1283 2156
1284 4948
1285 4015
1286 2666
1286 3828
1287 9248
1288 4402
1289 3288
1289 6229
1289 9146
1289 6348
1291 7538
1292 9703
1294 5594
1294 2971
1295 5336
1296 7233
1297 2636
1298 9135
1298 5198
1299 4813
1300 7153
1301 2291
1301 9283
1301 2190
1302 7576
1303 1823
1304 6952
1304 7128
1305 3752
1305 6448
1306 8449
1306 9709
1306 9961
1307 9642
1307 1722
1308 6976
1308 2980
1308 2401
1309 8389
1309 4137
1310 7626
1310 1479
1310 2033
1311 6021
1311 9572
1311 8978
1312 2253
1312 6154
1313 7611
1313 5598
1314 4197
1314 8800
1314 6038
1315 7743
1317 1538
1318 9546
1318 8636
1318 5055
1319 8916
1319 1373
1319 9094
1321 2790
1321 8471
1321 6905
1321 9497
1322 7558
1322 3271
1322 5104
1324 9041
1325 1383
1325 3678
1325 6582
1325 9087
1326 1337
1327 2936
1327 7694
1328 2569
1328 9558
1328 6296
1329 1575
1330 7450
1330 6434
1331 5518
1332 1805
1333 5086
1334 4660
1334 7883
1335 7085
1335 8390
1335 2186
1336 4311
1336 4868
1337 4842
1337 9115
1338 2419
1338 8864
1338 9615
1339 5964
1340 4326
1340 6924
1340 7292
1341 6447
1341 2307
1342 3365
1343 7117
1343 2125
1344 9972
1344 8450
1345 6568
1345 8892
1345 7859
1345 7681
1345 9872
1346 1350
1347 7086
1347 7282
1348 7549
1349 1410
1349 2639
1350 3672
1350 9891
1351 9145
1351 7615
1351 2436
1352 2038
1353 5070
1353 6507
1355 3792
1355 9671
1356 5739
1357 3517
1358 2299
1358 2794
1359 3880
1359 3128
1360 8348
1360 5787
1360 7610
1361 4658
1362 2976
1363 7981
1364 9406
1364 7542
1365 3302
1365 2446
1366 9367
1366 9646
1366 6819
1367 6984
1368 2598
1368 4546
1369 9780
1369 8164
1370 4621
1370 9477
1370 2971
1371 1679
1371 5430
1372 4684
1373 4363
1374 8258
1374 1618
1375 3173
1375 5127
1376 9050
1377 2111
1378 3148
1378 7972
1379 2634
1379 2394
1380 7472
1380 9943
1381 5937
1382 2596
1382 7417
1384 8965
1384 8161
1385 4464
1387 3580
1387 3203
1388 8930
1388 7622
1389 3015
1389 6012
1390 7243
1390 3343
1390 2756
1391 5934
1392 6697
1392 4385
1393 2044
1393 1429
1394 5557
1395 7325
1396 5633
1397 3059
1397 4304
1398 2767
1399 5684
1399 8827
1399 1846
1400 8979
1401 6673
1401 6026
1403 3862
1403 1513
1403 8961
1404 9437
1405 4598
1406 6751
1406 8401
1406 6541
1407 2622
1407 3721
1408 1907
1408 9963
1409 8377
1410 4525
1410 6096
1411 7924
1411 4430
1411 6153
1411 2839
1412 9866
1413 4512
1414 1816
1416 8434
1416 9292
1417 8905
1417 6378
1418 6986
1418 1877
1419 6957
1420 2394
1421 4312
1422 4727
1423 2848
1423 6712
1424 6464
1424 2025
1425 3998
1426 2831
1426 4955
1426 4349
1426 6927
1427 7130
1427 4690
1428 9143
1428 9882
1429 5193
1430 7226
1430 7979
1431 6427
1432 5773
1432 6704
1433 4382
1434 2654
1434 9880
1434 2017
1435 2189
1435 7683
1435 3603
1436 2287
1437 1644
1437 3775
1438 8011
1438 2280
1439 2782
1439 3768
1440 4696
1440 6819
1441 2147
1442 8642
1443 1726
1444 3795
1445 2427
1445 3387
1446 1470
1446 6318
1447 7675
1447 6149
1447 6665
1448 4203
1448 3366
1449 8322
1449 7367
1449 5136
1450 9673
1450 3684
1451 2682
1452 4877
1452 4562
1453 3510
1453 4080
1454 7975
1455 3266
1456 2114
1456 8422
1456 3033
1457 6701
1458 5222
1459 4842
1460 8482
1460 2552
1461 4466
1461 7042
1462 4582
1462 6355
1462 5715
1463 5273
1463 3725
1464 5675
1464 4691
1465 5330
1465 8326
1465 4982
1466 5992
1466 6058
1468 2809
1468 9412
1469 7426
1469 6153
1470 2126
1470 8950
1470 2639
1470 7073
1471 4572
1471 8245
1471 5922
1472 7504
1473 2202
1474 1959
1475 6135
1475 3315
1475 9670
1476 6161
1476 2591
1477 6545
1478 7217
1479 9947
1480 8763
1481 2021
1481 9816
1481 7521
1482 9666
1482 7424
1483 4765
1483 9437
1484 5532
1485 2149
1485 6683
1486 4890
1486 3810
1487 5391
1487 3049
1488 1916
1488 8760
1489 6264
1489 4237
1490 6069
1490 4057
1490 6501
1490 8170
1491 6417
1494 6806
1495 7987
1496 8459
1497 7862
1498 3365
1498 7378
1499 8359
1500 6067
1501 8877
1502 1618
1502 4653
1503 5197
1504 3965
1504 5701
1505 3264
1506 6371
1506 5099
1506 5383
1507 5655
1507 1792
1507 5023
1508 4207
1509 5216
1510 6525
1510 6181
1511 3948
1511 5546
1512 5770
1512 8122
1513 1590
1513 4076
1514 3133
1514 7586
1515 6703
1515 9461
1516 3905
1516 4682
1517 6571
1518 9466
1518 9524
1519 1934
1521 7726
1521 6930
1522 4063
1522 6126
1523 3650
1524 8308
1525 8994
1526 2245
1526 3809
1526 5946
1527 2260
1528 9940
1528 9896
1529 2026
1529 2618
1529 5879
1530 5901
1530 5189
1531 7417
1532 8445
1533 9245
1534 6524
1535 2312
1535 9182
1536 2893
1536 4699
1537 9073
1537 4848
1537 9765
1538 7243
1539 9925
1540 4926
1540 5238
1541 4172
1542 1814
1542 8664
1542 8720
1542 2891
1543 3348
1543 9320
1546 7774
1546 4976
1547 6272
1547 5350
1547 6480
1547 3105
1548 1765
1549 5449
1550 2976
1550 5319
1550 2364
1551 7249
1551 6048
1551 7853
1552 7635
1552 1655
1552 7488
1553 6981
1553 8888
1554 2467
1554 4902
1554 7709
1555 5437
1555 6283
1555 5799
1555 9981
1555 4633
1556 3443
1556 8904
1556 1968
1558 3009
1559 2115
1559 4295
1559 2283
1560 1668
1560 5362
1561 8346
1562 7855
1563 5314
1564 3796
1565 9156
1566 9234
1567 8337
1567 5756
1569 5075
1569 5827
1569 9213
1569 9890
1570 3608
1570 2346
1570 9289
1571 9048
1572 2197
1572 3971
1573 8295
1574 3407
1574 4126
1575 8622
1576 8680
1577 9474
1578 7486
1578 9759
1579 9017
1580 9275
1581 4828
1581 2622
1582 3120
1583 2345
1583 4353
1584 3709
1585 9352
1586 5538
1587 8669
1587 5777
1587 3739
1588 4206
1589 9316
1589 6017
1591 7345
1592 2970
1592 5297
1593 7883
1594 2446
1594 9254
1594 2916
1595 7941
1595 6661
1597 2800
1597 7119
1598 4537
1598 6516
1599 9636
1599 2815
1600 9020
1600 1837
1601 3461
1601 8945
1601 8302
1602 2693
1602 8440
1602 8626
1603 8166
1605 7731
1606 8417
1606 6851
1606 5230
1607 4275
1608 1785
1609 4108
1609 9433
1609 4044
1609 2371
1610 3576
1610 2530
1611 4817
1612 7749
1612 1864
1612 2825
1613 3727
1614 1727
1614 7323
1615 5741
1616 2899
1617 5551
1617 7786
1618 3738
1618 6699
1619 8674
1619 7561
1620 4117
1620 2811
1620 8068
1620 5984
1620 2400
1621 3599
1623 4111
1624 3525
1624 9660
1624 7754
1625 5283
1626 7700
1627 1829
1627 8771
1627 6509
1628 5657
1629 3979
1629 6351
1629 7634
1630 5387
1631 8852
1631 5227
1632 2871
1632 8752
1633 9797
1634 4487
1635 9491
1636 9444
1637 3866
1637 7972
1638 8399
1639 7579
1639 8590
1640 9158
1641 6538
1641 6740
1642 5286
1643 2982
1643 6433
1646 5728
1647 7311
1647 2997
1648 9532
1649 5935
1650 5332
1651 6312
1651 6704
1651 6171
1652 3990
1652 6455
1653 8743
1653 9987
1654 8556
1654 7150
1656 5369
1657 9993
1658 5066
1659 2909
1660 3328
1660 8456
1660 3374
1660 6399
1661 8021
1662 9556
1662 5320
1663 7035
1664 7441
1665 3222
1665 6993
1665 8693
1665 3372
1667 6866
1668 2730
1668 6588
1669 4173
1670 7053
1671 5782
1671 7026
1672 7721
1673 9357
1673 3273
1675 5029
1676 9595
1677 4717
1677 3552
1678 9221
1679 5725
1680 8441
1680 4963
1682 8565
1682 6029
1684 4675
1684 6530
1685 4802
1685 7362
1686 3717
1687 6129
1687 8096
1688 2770
1689 3246
1689 6287
1689 9197
1689 8688
1690 4587
1691 4653
1692 8658
1693 8967
1694 1838
1694 3822
1694 6251
1696 5949
1697 8121
1698 4146
1699 7233
1699 5524
1700 3256
1701 2096
1702 4438
1702 8415
1703 2137
1703 6389
1704 8542
1704 3284
1704 3849
1705 5812
1705 9296
1706 4318
1706 8638
1707 4146
1707 3194
1708 9142
1708 4222
1708 4853
1709 8018
1710 4811
1710 8724
1710 7424
1711 2005
1712 7956
1712 8760
1714 3666
1715 5530
1716 2926
1717 3326
1717 3696
1717 7879
1718 9381
1719 9323
1719 3755
1720 5762
1720 9649
1720 8150
1721 5602
1722 8320
1722 2722
1723 3363
1723 5176
1723 9961
1723 2725
1724 3939
1725 4314
1725 9309
1726 8584
1728 2497
1728 5635
1729 3233
1729 1928
1729 9409
1730 6431
1731 3909
1731 6534
1732 4523
1733 5596
1733 8587
1733 9378
1734 3164
1735 6899
1736 7489
1736 7906
1736 7186
1737 4357
1737 6718
1738 6918
1739 3154
1739 2041
1740 9156
1741 5036
1743 5140
1744 9243
1745 4563
1746 1783
1746 7790
1747 8862
1748 4167
1748 4252
1748 2197
1749 6079
1750 3264
1750 6699
1751 9247
1751 6852
1752 4598
1753 8028
1753 2784
1753 4546
1754 5546
1755 4742
1756 4641
1756 7260
1756 9721
1757 4341
1758 5523
1758 8658
1758 9123
1758 9926
1758 5617
1759 9652
1759 9869
1759 5733
1760 4359
1760 7289
1760 9846
1761 4271
1761 7364
1762 3829
1763 4798
1763 7193
1764 6411
1764 4974
1765 8055
1765 2938
1766 6390
1766 7420
1766 2283
1767 6983
1767 7981
1768 7012
1769 9155
1770 6189
1770 6917
1771 3138
1771 2319
1772 8851
1772 4830
1773 3556
1774 3469
1774 1888
1774 7126
1774 7259
1775 8969
1776 6648
1776 7441
1776 8997
1777 8117
1778 5656
1778 7345
1778 8838
1778 7492
1779 9487
1779 6851
1780 5214
1780 2347
1781 8850
1781 8156
1782 9041
1782 9544
1783 5128
1784 7930
1785 6116
1786 4354
1787 4903
1789 6985
1790 7876
1791 3002
1792 2227
1793 5183
1794 7405
1795 2886
1795 4711
1795 2850
1795 4748
1796 3435
1796 4243
1797 8637
1797 4895
1798 7435
1799 8816
1800 2687
1801 8659
1802 7523
1802 9727
1802 4884
1803 4199
1804 8701
1805 7453
1805 3670
1806 3549
1807 7510
1807 8600
1807 4812
1808 3289
1809 9435
1809 8305
1810 4140
1811 7133
1811 2478
1812 9113
1812 2510
1812 4753
1813 4740
1813 5214
1815 2103
1815 5620
1816 7807
1817 4847
1817 3560
1817 4818
1819 6530
1819 9467
1820 7444
1820 4373
1820 4652
1821 2591
1821 5362
1821 3520
1822 7645
1822 1894
1823 2879
1824 2495
1824 9752
1825 6254
1826 5017
1826 7494
1826 8727
1826 4126
1827 6313
1827 5686
1828 6146
1828 3084
1829 8282
1830 7955
1831 3749
1832 8210
1833 8239
1834 8793
1835 4143
1836 3799
1836 9941
1837 3504
1838 4274
1839 6743
1840 6366
1841 3648
1841 6465
1841 9666
1842 4576
1843 1924
1843 2714
1843 8791
1846 2464
1846 7400
1846 3769
1847 3299
1848 3676
1848 4169
1849 3807
1850 7427
1850 9263
1852 7059
1852 3819
1853 8375
1854 8476
1855 8778
1856 6801
1856 3009
1857 2973
1859 9701
1859 7500
1860 3445
1860 6157
1860 6578
1861 6473
1861 7913
1862 7749
1863 2561
1863 7754
1864 2527
1864 3351
1865 6548
1866 9887
1867 7215
1868 7611
1869 5772
1869 6914
1869 7700
1870 7016
1870 3320
1871 8866
1871 9414
1871 6552
1872 3386
1872 8639
1873 1973
1874 8304
1875 5831
1875 7473
1875 6372
1876 6932
1876 7999
1876 5124
1876 2866
1877 5086
1877 8262
1877 8404
1878 1968
1879 6469
1879 9893
1879 9213
1880 7389
1880 8460
1880 2954
1881 4374
1881 8132
1882 1893
1882 3606
1882 3196
1882 8435
1883 2453
1884 5751
1885 8716
1886 6560
1887 6293
1887 6423
1887 5209
1888 7463
1889 2652
1889 7288
1889 5296
1890 3143
1890 9562
1890 7221
1891 4071
1892 9251
1892 8287
1892 9902
1892 5870
1894 1901
1894 8469
1895 3699
1896 9633
1896 6356
1897 7325
1898 5954
1898 2471
1900 4826
1903 6624
1903 3905
1904 6231
1904 1985
1904 9815
1905 7960
1906 2490
1906 2568
1908 1935
1908 4472
1909 3380
1910 8190
1911 2451
1911 2194
1912 6261
1913 6669
1914 3840
1914 9956
1914 3034
1915 1991
1917 3373
1917 3589
1918 2041
1918 6233
1919 9905
1919 4041
1920 9384
1920 5754
1921 6294
1921 4108
1922 7685
1922 4932
1922 7807
1923 7235
1925 3849
1926 4383
1927 8688
1928 2174
1929 9356
1929 5400
1930 9608
1932 3562
1932 4263
1933 5465
1934 3471
1934 2433
1936 9753
1937 3026
1937 7025
1937 8463
1938 7932
1939 4913
1939 2502
1939 8160
1940 2625
1941 9773
1942 9086
1943 2824
1943 5012
1944 3816
1945 9493
1945 7638
1946 7030
1946 5538
1947 4649
1947 8798
1948 7737
1948 9951
1949 6777
1949 5181
1950 8010
1950 2128
1951 9390
1951 5808
1952 8402
1954 4380
1954 5014
1955 9323
1957 3703
1958 7255
1959 5652
1960 2414
1960 3244
1961 8498
1962 5816
1962 8344
1962 6523
1963 4852
1964 6551
1964 7314
1965 5184
1966 3559
1967 5163
1968 4547
1970 4405
1970 2237
1971 7336
1971 8322
1972 4889
1973 2442
1974 2006
1974 5947
1975 2823
1975 7252
1975 2487
1975 2375
1975 4331
1975 8279
1976 9659
1977 8779
1977 5089
1978 7131
1978 3722
1978 8417
1979 2657
1979 4266
1980 5802
1980 8712
1981 5335
1982 7229
1983 6844
1984 4667
1984 8530
1984 3030
1985 3686
1985 7739
1985 7294
1985 8086
1986 4741
1986 7514
1988 9616
1989 3504
1989 8383
1990 2358
1990 3325
1991 8142
1992 3917
1992 3511
1993 4053
1993 4149
1993 3642
1994 7819
1995 3861
1996 3990
1997 3600
1998 2498
1998 9574
1998 2703
1999 7160
2000 9159
2001 5665
2001 6640
2002 4707
2002 5047
2003 2376
2004 2639
2005 6805
2005 4410
2005 7599
2007 2026
2008 2104
2008 6672
2009 5797
2010 3032
2010 9544
2010 4365
2011 7119
2011 7626
2012 9639
2012 4976
2013 6677
2013 6637
2014 8214
2015 7775
2017 8020
2018 4810
2018 8204
2019 3464
2020 7937
2021 9567
2022 4552
2022 6883
2022 5485
2023 9945
2025 7456
2025 9132
2027 2932
2027 2151
2028 4348
2029 2792
2030 7039
2030 6494
2031 9989
2031 3175
2032 4463
2033 3076
2034 4092
2035 7660
2036 5829
2036 7004
2037 4609
2037 6183
2038 2253
2039 9698
2040 6340
2040 9542
2040 9904
2041 4867
2041 4302
2042 6941
2043 8547
2043 3991
2043 2496
2043 8395
2044 3459
2044 4678
2046 4664
2046 5395
2047 9305
2048 7084
2049 6190
2049 7153
2049 7547
2050 4265
2050 9630
2051 5428
2051 7032
2052 5079
2052 2219
2052 4768
2053 6405
2053 8956
2054 5852
2054 4237
2054 8468
2055 6382
2055 9207
2055 5395
2055 2061
2056 8131
2057 3671
2058 2418
2058 2455
2058 3640
2059 9284
2060 8846
2061 3282
2061 8139
2062 3877
2062 2628
2063 5894
2063 3212
2064 5746
2064 7833
2064 8201
2065 5622
2066 8733
2066 8256
2067 5733
2068 5236
2068 4338
2069 6244
2069 8779
2070 5252
2070 6716
2071 2461
2071 4299
2071 3675
2071 4104
2073 9428
2074 4961
2074 6187
2074 7122
2074 6363
2074 6248
2075 3399
2076 8011
2078 9095
2079 7751
2080 4199
2081 2153
2083 2132
2083 3159
2083 5615
2084 8435
2085 4357
2086 3838
2086 8805
2087 7439
2087 7914
2087 7965
2088 8192
2089 6676
2091 3691
2091 8972
2091 7997
2092 7904
2095 3702
2096 3111
2096 8367
2097 9478
2097 5844
2098 5328
2098 7687
2098 6267
2099 3413
2099 3625
2100 8382
2101 7644
2102 7505
2105 6096
2106 2122
2106 9865
2106 6462
2107 2136
2108 9654
2108 2141
2108 2633
2109 7503
2110 8459
2111 6571
2113 4209
2114 3151
2114 4761
2114 6810
2116 9864
2116 8769
2118 4106
2118 8365
2119 3122
2119 8891
2120 2934
2121 2389
2122 4027
2123 5741
2123 6536
2124 7430
2124 2738
2124 8886
2124 5221
2125 4763
2125 7288
2126 6809
2126 6344
2127 3161
2128 4392
2128 5080
2129 5373
2129 4617
2129 4076
2130 7286
2131 8362
2134 5832
2134 5282
2134 3968
2136 3790
2136 8014
2136 7296
2138 6314
2140 2452
2141 5333
2142 9738
2142 4812
2143 4283
2144 6760
2144 3942
2144 9955
2145 9321
2146 8934
2146 9248
2146 2438
2147 8158
2148 3408
2148 3762
2150 9814
2151 2744
2151 8007
2151 6103
2152 6818
2153 2668
2153 8314
2153 9156
2154 9811
2154 5647
2155 8909
2155 9939
2155 9371
2156 7794
2156 3518
2157 3757
2157 7407
2157 5804
2157 4434
2158 5173
2158 8843
2158 7723
2159 3730
2159 6971
2160 5076
2161 6833
2162 3588
2162 6577
2163 3419
2165 5190
2166 9849
2167 6102
2168 7665
2168 4755
2168 4188
2169 9710
2170 7379
2171 3603
2172 6165
2172 9393
2173 2381
2173 8132
2175 4420
2175 7271
2176 6771
2176 7592
2176 5020
2177 3912
2177 7364
2178 5343
2179 5824
2180 6818
2180 9300
2180 4058
2180 6821
2181 3257
2182 5340
2184 6320
2184 8788
2185 6689
2185 6262
2185 9028
2186 4969
2187 8781
2187 9012
2187 5259
2188 4367
2190 9612
2191 6522
2191 9151
2191 9751
2191 5243
2192 4530
2192 6319
2193 7846
2193 9808
2194 4137
2195 9157
2195 3002
2196 8682
2198 3034
2199 2525
2199 3385
2199 8959
2199 9364
2199 7761
2200 4324
2201 4464
2201 9867
2203 3061
2204 6116
2205 8553
2206 8095
2206 4547
2207 3973
2207 3414
2208 6320
2210 6126
2211 5467
2212 5847
2212 2234
2213 8217
2214 8868
2214 3045
2215 6144
2216 4016
2217 8093
2217 8773
2218 5927
2219 4017
2220 8209
2221 9019
2221 2283
2222 6215
2222 9148
2223 9623
2223 3194
2224 5210
2224 4474
2225 5876
2226 2594
2227 2351
2228 3774
2228 6511
2228 2717
2229 4288
2229 7201
2230 9386
2230 9056
2231 8566
2232 4154
2233 8024
2233 6673
2234 3815
2234 5926
2235 3189
2235 8224
2236 5422
2237 3083
2238 5909
2239 8962
2239 4476
2240 8842
2241 3976
2242 5559
2242 9081
2242 9427
2243 5066
2244 6254
2245 6520
2245 5115
2246 5104
2247 5861
2248 5066
2248 5535
2248 5946
2249 8006
2249 2447
2249 4367
2251 9299
2252 3601
2254 9092
2255 4637
2256 6169
2257 2850
2258 7348
2259 6503
2259 7220
2260 2603
2260 3081
2261 6822
2261 6124
2261 3015
2262 2976
2263 4671
2263 5304
2264 6213
2265 3841
2265 9341
2265 3840
2266 9597
2266 4972
2267 6521
2268 9252
2268 6669
2268 4211
2269 9176
2269 6210
2270 3293
2270 9700
2271 9404
2272 4553
2273 9657
2274 4121
2274 5842
2274 4669
2274 2381
2275 5229
2276 9833
2277 7183
2278 5256
2279 3250
2280 6026
2280 3587
2280 5403
2281 8427
2281 4932
2282 2987
2284 3170
2284 8821
2285 4158
2285 9454
2286 9847
2286 4423
2287 4072
2288 9148
2288 7509
2289 8018
2290 7410
2290 7629
2291 8704
2292 6381
2292 2810
2293 9569
2293 2761
2294 5347
2294 7111
2295 3794
2296 4182
2296 6997
2296 7705
2297 9634
2298 7859
2300 6460
2300 3118
2300 6964
2301 3716
2302 3619
2302 9544
2303 3258
2303 3693
2304 3044
2304 5481
2305 3029
2306 9653
2306 8040
2308 9090
2309 6042
2309 2334
2309 3283
2310 3261
2310 9370
2310 5060
2312 3922
2313 7638
2314 3491
2316 3271
2317 6278
2317 4186
2317 2567
2318 7460
2319 7055
2320 5895
2320 7509
2321 6142
2321 9721
2322 4441
2322 6280
2322 9428
2323 8848
2323 4269
2324 5172
2325 6240
2325 7468
2326 6499
2326 6559
2327 8328
2327 3479
2328 7930
2328 5089
2329 2983
2330 9026
2331 3230
2331 9200
2331 7784
2332 8092
2332 6383
2333 8464
2333 4874
2334 9094
2334 2568
2335 4214
2336 6586
2337 8666
2337 5991
2339 3563
2340 8044
2341 7534
2341 8730
2341 9313
2342 5571
2342 9459
2342 5136
2343 8658
2344 8445
2344 6782
2346 4655
2347 6676
2348 3029
2348 7839
2348 4149
2349 6605
2350 7068
2350 6562
2350 2788
2350 8786
2350 9919
2351 6091
2352 8687
2352 8096
2352 7089
2353 4792
2354 5004
2354 9127
2354 8049
2354 2798
2355 4250
2356 2576
2356 9227
2357 9456
2359 6915
2359 5476
2360 7038
2361 9448
2362 3688
2362 7958
2363 7274
2364 8325
2364 5654
2365 6061
2366 3021
2366 3328
2367 7640
2368 3224
2368 6807
2368 7892
2368 6452
2369 3630
2369 3760
2370 3256
2370 8473
2370 3011
2371 6868
2371 9568
2371 4362
2372 7769
2373 6684
2373 2676
2374 7560
2375 4180
2377 2945
2377 9592
2378 5935
2378 3080
2378 5000
2381 4823
2381 9007
2382 4059
2382 4741
2383 3245
2383 6963
2383 9445
2383 3370
2384 2643
2384 7541
2385 9001
2386 7429
2386 4819
2387 5162
2388 3700
2388 8002
2389 5854
2390 6418
2391 5614
2391 6564
2392 4550
2392 5488
2392 6958
2393 7174
2395 9174
2396 9377
2396 8650
2397 2520
2397 7376
2398 7343
2398 5539
2400 7714
2400 7848
2401 3844
2402 4461
2402 4966
2402 7768
2403 6779
2404 2883
2405 8745
2406 3609
2406 9138
2406 3781
2406 7960
2407 4881
2408 5110
2409 9711
2410 3030
2410 7855
2411 5754
2411 7805
2412 6180
2412 8194
2413 2755
2415 4618
2416 3053
2419 3236
2419 5785
2420 3049
2421 9512
2422 6520
2423 4249
2423 4033
2424 4979
2424 3283
2425 6178
2426 4155
2426 8939
2426 8964
2426 9801
2426 4581
2428 8232
2428 5912
2429 6694
2430 3902
2431 3241
2432 8551
2433 5893
2434 5549
2434 3036
2434 7919
2434 7166
2435 5934
2435 5306
2436 7290
2436 6675
2438 4574
2439 4091
2439 9628
2441 6712
2442 2864
2443 7566
2444 2507
2444 9733
2447 3574
2447 6846
2448 2924
2449 3723
2449 8983
2449 4700
2450 8413
2450 7409
2453 4391
2454 4901
2454 6150
2454 3338
2454 4622
2456 4774
2456 7872
2456 3893
2457 8947
2457 4611
2459 4718
2460 7817
2462 4661
2463 8757
2463 5987
2464 3577
2465 7405
2465 8504
2465 4470
2466 3882
2468 4022
2469 4719
2469 8018
2470 2761
2470 5337
2471 4344
2471 8213
2472 6003
2473 6985
2473 9355
2473 7955
2474 6131
2475 6000
2476 5552
2478 4870
2478 4231
2479 7920
2479 4783
2480 4847
2481 7219
2482 5489
2484 8923
2484 3313
2485 3962
2486 5712
2486 2781
2487 2881
2487 8523
2488 4144
2488 4232
2488 7703
2488 6185
2489 9333
2489 4849
2490 3294
2491 9403
2492 6524
2492 3217
2493 6492
2493 8410
2494 3915
2494 3269
2496 4055
2499 6357
2499 5874
2500 4134
2502 8342
2503 3981
2504 5662
2504 5806
2504 6084
2505 2762
2505 9319
2506 3787
2508 8372
2509 8601
2509 6453
2510 7363
2511 4651
2511 3191
2511 2889
2512 5521
2513 6808
2514 5111
2515 4437
2515 4765
2516 4521
2516 7498
2517 4463
2518 3777
2519 5185
2521 8836
2521 6295
2522 8566
2522 5361
2523 5479
2523 6977
2523 5702
2524 8661
2526 6617
2528 7052
2529 7064
2529 8313
2529 3848
2530 4228
2530 8220
2531 3565
2532 5428
2533 2851
2534 5638
2535 9650
2535 5360
2536 5587
2536 5368
2537 7051
2537 3590
2537 3560
2538 8954
2539 7113
2539 6891
2540 7320
2541 6273
2541 3631
2542 5550
2543 4267
2544 2820
2544 7758
2545 6242
2545 5164
2546 7754
2546 8967
2546 2910
2547 5387
2548 7680
2548 5012
2549 5227
2549 7984
2550 3317
2550 8552
2551 5371
2551 9491
2552 6512
2552 3668
2553 4526
2553 5827
2554 8943
2555 8642
2556 8625
2556 7225
2557 3083
2558 6606
2558 8829
2559 9574
2560 2855
2560 5784
2561 4071
2562 8246
2563 3380
2564 8300
2564 4580
2565 3402
2566 5722
2567 3929
2568 9831
2570 3065
2570 7926
2571 6954
2572 5141
2573 7533
2574 6528
2575 3436
2576 6866
2577 8448
2578 8384
2579 8615
2579 4504
2580 6735
2581 5480
2581 6681
2581 3806
2582 7442
2583 6364
2583 9485
2584 4359
2585 6391
2586 4020
2586 9363
2588 9290
2589 7534
2590 6202
2590 7555
2592 7375
2592 5873
2592 8040
2592 9613
2593 8653
2594 3875
2594 7278
2595 3372
2597 9051
2598 5697
2598 9463
2599 2848
2600 6485
2601 3330
2602 5233
2603 9284
2604 5366
2605 7499
2606 9400
2606 4147
2606 7884
2607 4974
2608 3272
2608 8764
2609 9487
2610 5790
2610 9462
2611 3506
2611 5186
2612 8681
2613 5800
2614 6650
2614 5171
2615 8266
2615 8608
2616 9895
2617 8824
2618 8767
2619 7092
2620 3161
2620 6504
2621 4596
2621 4766
2621 4450
2623 9133
2624 6805
2625 3034
2626 7679
2626 5720
2626 7355
2627 7005
2628 8910
2628 8289
2628 8979
2628 9032
2628 7929
2629 8996
2630 6710
2631 3010
2631 3656
2632 5276
2632 4332
2632 4619
2633 5215
2634 6425
2635 3114
2635 9505
2636 6642
2637 9688
2638 2665
2638 7043
2640 8949
2640 3068
2641 3440
2641 2837
2642 8880
2642 9777
2643 4832
2644 4584
2644 3470
2645 2997
2646 9952
2646 3088
2647 5370
2648 7277
2648 4465
2648 7764
2648 8398
2649 5253
2649 7201
2649 8541
2650 8604
2651 6472
2652 4323
2652 8491
2653 3405
2653 7233
2655 7828
2655 3836
2656 6100
2658 9559
2658 8215
2659 3544
2659 9265
2659 2784
2660 9008
2661 3759
2663 4215
2664 8613
2665 6772
2666 5100
2667 6793
2667 9360
2667 6084
2668 8225
2669 9204
2669 5900
2670 5780
2670 6396
2670 8822
2670 8674
2671 5471
2671 2954
2672 9751
2673 3685
2674 5175
2675 9600
2675 4749
2676 8148
2677 8286
2678 3182
2679 7417
2679 5333
2680 4629
2680 6729
2680 3725
2681 4319
2681 9744
2681 3017
2683 7012
2683 6139
2684 8140
2684 7072
2686 6678
2687 5915
2687 4951
2688 9089
2688 8618
2689 5071
2689 6694
2690 3437
2691 9903
2692 6636
2694 4115
2695 4051
2695 9948
2696 8899
2696 7737
2697 9463
2698 6885
2699 6574
2700 8902
2701 7425
2701 9237
2701 7527
2701 4540
2702 3500
2702 3825
2703 5826
2704 3400
2704 9514
2705 4395
2705 4363
2706 6488
2707 6477
2708 7355
2708 6224
2709 9714
2710 9594
2711 9061
2711 5292
2712 3499
2712 5293
2713 3226
2715 7764
2716 5407
2716 9401
2716 9150
2716 5864
2717 7945
2719 9619
2720 7386
2721 5607
2721 4471
2721 8854
2722 4659
2722 4056
2722 7650
2724 5887
2725 6021
2726 6314
2727 8479
2727 3758
2728 3158
2728 6056
2728 6041
2728 4311
2729 6597
2731 8180
2732 4468
2732 6315
2732 3552
2732 3668
2734 4198
2734 5686
2734 9899
2735 7362
2735 9325
2736 7133
2737 4232
2738 5436
2739 5063
2740 7344
2740 9170
2740 8708
2741 4144
2743 7002
2745 7985
2746 3109
2747 9799
2747 8124
2748 4373
2749 6366
2749 9909
2749 4808
2750 3729
2750 7638
2751 5606
2752 3644
2753 4940
2754 5359
2756 6013
2757 3644
2757 5396
2758 5080
2759 9615
2759 9688
2759 5124
2760 8195
2761 3925
2761 5602
2763 8424
2764 4647
2764 9487
2765 3485
2765 2847
2766 4414
2766 8137
2767 7490
2767 4831
2768 5856
2768 9758
2769 3876
2770 4066
2771 6210
2771 2871
2772 5809
2772 5183
2773 3574
2774 8358
2776 6232
2776 4212
2777 2826
2777 9598
2778 4538
2779 6475
2780 3123
2780 4465
2781 9084
2781 5987
2782 5142
2782 6046
2783 9131
2784 6031
2785 8259
2785 6034
2786 6071
2787 7706
2787 8374
2788 7154
2788 9222
2789 3201
2792 9766
2792 5109
2792 3939
2793 4195
2793 3135
2794 9272
2794 9879
2795 3077
2798 7461
2798 7585
2798 6410
2799 3807
2800 7094
2801 7338
2801 6122
2802 9565
2802 2893
2803 4522
2804 5031
2805 9274
2805 9757
2806 8469
2807 9046
2807 6699
2808 7617
2810 4898
2811 4138
2811 3477
2812 6929
2813 6561
2814 3621
2814 2963
2815 5378
2816 8364
2816 6802
2817 6798
2817 6539
2818 6214
2819 4226
2819 6208
2820 5704
2821 4279
2821 4781
2822 9000
2824 7776
2825 6078
2827 8453
2827 9901
2828 7159
2829 4952
2829 8749
2829 4963
2829 6634
2830 5721
2832 5822
2833 6912
2834 8651
2835 8634
2835 7241
2836 8280
2837 3371
2837 6779
2837 6370
2838 8660
2838 6457
2839 9815
2840 4397
2840 5864
2841 9227
2842 3640
2843 7127
2844 6800
2845 7396
2846 5171
2847 3586
2847 6651
2848 9111
2849 6732
2849 4558
2849 8797
2849 7278
2849 4400
2850 7381
2851 8618
2851 7402
2852 4013
2852 8351
2853 4980
2853 5733
2854 8373
2856 6723
2857 8458
2857 6957
2857 8027
2857 4507
2857 4513
2858 9850
2858 5492
2860 4398
2861 8481
2862 9340
2862 7175
2863 4047
2864 9728
2864 9372
2865 5039
2865 5575
2865 6501
2866 3297
2867 7855
2867 3369
2868 7793
2868 5467
2869 8770
2870 7880
2870 8020
2870 5880
2871 7573
2872 6960
2873 5021
2873 5064
2873 5358
2874 7380
2874 9225
2874 4069
2875 9845
2876 7941
2877 6316
2878 8024
2879 5056
2879 6193
2880 4555
2882 7909
2882 5472
2884 6693
2886 4494
2887 3113
2887 5198
2888 7366
2889 6811
2889 4569
2889 9532
2890 6025
2891 7495
2891 7705
2891 4282
2891 5095
2892 6766
2892 5610
2895 5517
2896 4114
2897 5606
2897 4722
2897 8201
2899 6022
2899 7078
2899 5808
2900 9218
2901 5906
2902 9906
2902 5462
2902 5963
2903 5160
2903 3730
2904 6677
2905 8105
2906 8485
2906 9462
2907 8357
2909 4787
2910 6587
2911 5250
2911 9838
2912 5233
2912 4044
2913 2947
2913 6179
2913 9462
2916 9540
2917 8666
2918 6379
2919 3629
2920 3366
2920 7301
2920 3685
2921 3073
2921 8389
2923 5251
2923 9178
2924 4424
2924 8136
2925 6801
2926 6848
2927 4261
2928 7844
2928 8257
2928 3700
2929 8961
2929 6687
2929 7149
2930 4097
2930 9439
2931 3781
2933 3566
2933 9406
2934 3061
2935 5566
2937 8308
2937 6983
2938 5683
2939 8482
2940 5977
2941 9765
2942 3339
2943 7009
2943 7856
2944 3240
2944 4336
2945 9348
2946 4210
2946 9458
2946 8528
2948 6077
2948 6160
2949 8128
2950 7479
2951 9206
2952 7503
2953 9896
2954 5352
2955 6877
2955 4924
2956 9152
2956 8528
2956 4222
2957 4230
2957 4690
2959 7664
2960 4123
2961 6356
2962 8149
2963 4931
2964 6437
2964 8002
2964 5397
2965 9748
2966 8146
2966 3780
2967 9560
2968 6219
2968 6778
2968 7141
2971 9266
2971 4498
2972 3891
2972 4063
2973 9627
2974 3260
2974 4598
2977 4744
2977 9371
2977 6116
2978 9721
2979 9306
2979 7616
2980 7899
2980 8810
2981 9910
2983 9115
2983 8802
2984 5935
2985 9629
2985 6410
2986 8699
2987 9090
2988 9734
2988 4671
2989 4300
2989 9372
2990 4892
2990 4315
2991 4929
2991 5130
2991 6316
2991 4912
2991 8737
2992 6286
2993 5367
2994 3967
2994 3446
2995 5502
2995 8152
2995 7676
2996 4588
2996 9583
2997 3220
2997 9469
2998 7218
2999 3289
3000 8989
3001 9564
3001 8431
3002 7739
3003 4469
3004 7182
3004 4574
3005 3798
3007 4898
3009 8214
3011 7491
3012 9395
3013 5727
3014 3488
3014 7492
3014 4843
3016 4423
3017 6665
3017 9166
3018 6075
3018 9346
3018 7859
3019 3798
3020 3886
3021 5641
3022 7861
3023 8513
3023 3590
3025 7026
3027 9724
3027 5212
3028 5225
3031 8674
3033 5261
3033 9656
3033 5629
3034 7367
3035 5643
3035 6958
3036 5331
3037 7848
3037 8157
3038 7525
3038 7747
3039 7372
3039 6967
3040 7715
3040 9757
3040 9118
3041 3158
3042 4120
3042 6923
3043 8370
3044 5443
3045 3395
3046 8531
3046 5457
3047 5388
3047 8114
3048 3654
3048 9334
3048 6295
3050 3137
3050 9984
3050 6875
3051 5315
3051 7390
3052 3545
3052 9596
3054 5101
3055 9307
3055 9331
3056 9747
3056 3997
3057 8904
3058 8952
3060 8237
3060 8055
3061 8196
3062 5232
3062 7935
3063 7108
3066 9476
3066 7542
3067 4694
3067 9609
3068 3811
3069 8952
3070 3086
3071 4629
3072 5023
3073 6328
3074 4992
3074 3988
3074 7536
3075 3314
3075 9579
3075 9903
3076 4127
3076 5047
3077 3319
3078 4236
3078 6398
3080 4981
3081 7468
3082 8141
3082 7210
3083 7372
3084 7325
3084 5609
3085 8678
3086 9480
3087 8228
3088 3115
3088 9183
3089 6770
3089 6689
3090 8481
3091 6418
3092 5764
3095 9044
3095 3118
3096 7543
3096 8558
3096 8027
3097 9593
3098 3376
3099 9294
3100 9783
3100 8978
3101 4834
3103 3529
3104 6243
3105 5141
3107 5424
3107 3783
3107 6790
3108 9510
3108 7734
3109 9202
3110 4370
3110 4432
3112 8162
3113 5805
3113 6827
3113 7341
3114 4872
3115 3277
3115 9522
3116 4325
3117 9787
3117 8062
3118 5688
3118 9587
3119 4941
3120 8369
3121 4878
3122 8208
3123 5431
3124 6037
3125 9859
3125 8422
3126 7457
3126 7817
3127 8940
3127 9690
3128 6937
3128 9258
3128 7805
3128 7308
3129 6004
3129 9475
3129 9657
3129 8366
3130 5506
3130 8072
3130 6420
3130 6344
3132 4510
3134 6791
3135 5900
3135 6399
3135 4408
3136 3660
3136 7733
3136 5140
3139 7181
3140 8303
3141 3365
3142 8576
3143 7888
3144 7484
3145 3626
3146 3572
3146 7823
3146 8511
3146 6935
3147 9612
3147 9178
3148 8031
3149 7810
3150 4393
3150 9182
3150 3223
3150 5365
3152 4100
3152 9461
3153 6958
3155 4748
3156 6611
3156 9446
3156 9935
3156 8219
3157 7727
3157 5927
3158 5238
3159 5292
3160 9214
3161 6917
3162 5037
3162 5524
3162 9596
3162 7353
3163 7964
3163 7104
3165 3674
3166 7820
3167 3171
3168 3656
3168 6796
3168 8283
3169 8298
3170 4894
3171 6572
3172 7751
3173 8784
3173 9087
3175 4702
3175 3952
3176 8212
3177 8911
3178 4590
3178 9062
3179 9145
3180 7435
3181 9527
3181 4094
3183 7411
3183 3448
3183 4292
3184 9708
3185 6218
3185 9160
3186 6243
3186 5377
3187 6605
3188 6939
3189 7837
3190 5383
3190 6779
3191 5734
3192 7274
3193 5323
3193 9392
3194 4286
3194 9337
3194 4789
3196 4772
3196 7110
3197 7285
3198 4212
3199 7563
3200 4000
3201 5532
3201 4440
3202 3434
3202 3767
3202 3478
3203 5818
3204 6838
3206 5865
3206 6112
3207 7557
3210 4515
3211 8345
3212 3543
3212 9596
3213 7752
3213 6410
3214 4790
3215 3899
3216 4035
3216 6940
3218 6120
3219 3611
3221 6778
3223 9995
3224 6911
3226 3345
3226 6598
3227 9840
3228 5165
3228 5917
3229 8365
3229 9590
3231 4449
3232 7140
3233 5698
3234 7693
3234 9547
3235 7662
3237 4111
3237 4721
3237 5280
3238 8550
3238 7020
3239 8100
3240 6992
3240 9907
3241 7017
3241 4356
3242 9560
3243 8409
3244 9360
3247 6732
3248 6277
3249 7967
3250 8522
3250 3474
3250 8941
3251 9998
3251 5550
3252 4135
3252 5944
3252 6695
3252 8582
3255 4421
3255 7628
3256 6413
3257 7580
3259 5624
3261 9053
3262 4183
3263 5597
3263 7139
3265 6311
3265 6786
3265 9330
3265 6365
3266 4442
3270 7231
3270 8281
3272 4685
3272 7991
3273 5035
3274 8423
3275 6236
3275 6671
3275 9278
3276 9014
3277 6112
3277 6596
3278 7636
3279 8370
3280 8610
3280 8975
3281 8224
3281 8241
3283 4755
3284 9078
3285 3410
3286 7600
3287 4876
3287 9143
3290 3535
3290 7092
3291 7326
3293 7874
3294 9482
3295 5117
3295 5258
3296 4468
3297 4099
3297 6586
3298 5775
3299 4663
3299 8680
3300 7148
3301 4265
3303 7820
3303 7618
3304 3865
3304 5828
3305 6204
3306 6862
3306 7862
3307 6827
3308 9954
3308 4791
3309 9728
3310 4866
3310 6647
3311 4006
3311 4238
3311 6136
3312 4192
3315 7517
3315 6790
3316 3531
3316 9097
3317 9791
3318 6419
3319 3926
3320 6900
3320 5413
3321 8110
3321 9821
3321 9241
3321 7420
3322 7076
3323 4029
3324 5196
3325 8736
3327 3555
3327 4539
3327 4868
3329 8283
3329 5848
3330 5611
3330 6073
3331 3787
3332 5018
3333 5493
3333 4064
3333 9570
3334 6108
3335 6346
3335 5566
3336 4762
3336 3769
3337 8783
3338 8715
3339 3835
3340 5761
3341 9645
3341 5902
3342 8857
3343 7725
3344 8889
3345 8106
3346 5070
3347 6624
3349 3735
3350 7290
3351 3592
3351 4246
3351 9009
3351 8958
3352 8071
3352 6965
3352 8387
3353 6428
3353 4787
3354 9385
3355 6496
3355 9091
3356 9867
3358 8015
3360 8470
3361 6279
3362 8341
3364 3614
3364 9553
3365 7631
3365 7088
3367 7087
3368 9596
3369 5284
3369 4562
3369 5067
3370 7334
3372 9440
3373 5558
3373 8097
3374 4505
3374 6591
3375 9594
3375 6591
3377 4721
3378 4517
3378 9825
3379 4398
3381 6574
3382 7768
3383 7939
3383 4958
3384 9055
3384 5674
3384 7692
3385 4129
3386 7701
3387 9302
3387 8091
3388 8053
3388 9601
3390 5302
3390 9253
3390 4798
3392 3953
3393 7674
3393 9753
3394 4551
3394 3693
3396 3681
3397 7744
3397 4755
3398 7407
3399 4990
3399 6740
3400 3633
3401 9435
3402 3918
3402 6789
3403 4254
3403 6473
3404 7182
3406 7641
3407 6211
3407 7885
3410 5737
3411 9746
3412 4710
3414 7167
3415 5163
3416 6078
3417 9942
3417 6610
3418 3598
3419 4989
3420 6917
3421 4366
3422 6326
3422 9188
3423 6345
3424 7643
3424 7429
3425 8878
3426 8255
3426 6744
3427 4253
3429 6948
3429 4223
3429 9263
3430 6470
3431 7581
3432 7687
3433 7693
3434 3456
3434 7491
3435 8297
3436 9118
3437 5782
3438 5246
3438 3856
3439 8332
3439 3939
3441 5112
3441 9135
3446 4411
3446 3914
3446 3571
3447 8293
3447 4962
3448 3736
3448 9990
3449 8524
3449 8247
3450 6342
3451 5356
3451 9806
3452 6322
3454 7548
3454 6414
3455 9199
3455 7158
3456 4804
3457 3605
3457 7167
3458 9510
3460 8151
3463 4321
3463 9030
3463 9090
3463 5161
3464 4566
3464 5036
3464 9194
3465 7039
3466 5441
3467 4300
3468 5163
3470 4215
3470 7502
3472 8882
3472 4856
3473 9699
3473 6518
3473 7902
3474 3750
3474 9321
3475 6217
3475 4520
3475 7595
3476 7526
3476 7808
3477 7988
3478 3852
3478 7364
3479 9698
3479 3527
3479 5958
3480 5798
3480 6084
3481 9040
3481 5928
3481 9815
3482 4615
3483 8207
3483 7432
3484 5354
3484 7446
3486 3826
3487 8487
3488 5355
3489 9388
3490 7639
3491 6221
3492 6045
3492 7806
3492 9824
3492 4669
3493 6063
3493 9453
3495 8616
3495 9996
3496 7537
3497 8000
3498 6607
3500 9441
3501 7124
3501 4852
3501 8017
3502 4332
3503 3810
3503 3520
3503 9561
3504 6735
3505 5168
3505 8030
3506 6529
3506 5766
3506 8920
3506 3886
3507 5682
3507 5452
3507 4830
3508 4143
3509 7023
3509 7161
3511 5548
3511 7542
3511 5714
3512 9823
3512 7294
3513 8573
3513 5763
3514 8084
3515 5632
3516 9003
3517 6666
3518 7090
3519 3996
3522 4799
3523 6472
3523 7819
3523 9982
3524 9290
3526 6533
3527 9966
3528 5745
3529 6318
3530 5241
3532 5633
3532 4104
3532 4947
3533 9687
3533 9929
3533 4478
3534 5677
3537 5425
3538 9676
3538 8495
3539 4513
3539 8198
3542 8537
3542 3887
3545 8873
3546 9237
3547 8292
3548 7588
3548 6517
3549 9129
3550 4715
3550 7754
3551 7614
3551 5434
3552 3632
3553 3794
3553 6889
3554 4034
3554 5600
3554 8611
3556 4853
3556 7089
3556 5660
3557 8835
3557 7184
3557 8935
3558 4570
3560 3639
3560 9125
3561 8265
3561 8208
3562 4931
3563 3858
3563 9442
3564 6356
3565 4780
3565 5059
3566 7188
3567 6722
3568 9424
3568 9847
3569 4782
3569 7178
3569 7335
3569 9070
3569 9681
3570 6227
3570 8898
3572 7416
3573 9647
3573 6098
3574 4815
3575 6752
3577 4003
3577 4971
3578 8273
3579 5724
3581 5303
3581 9993
3582 4943
3582 5282
3583 5077
3583 6330
3583 5742
3584 9891
3585 5043
3585 7734
3585 9797
3586 6730
3586 9270
3587 4571
3591 5819
3593 6816
3593 9185
3594 8399
3594 5025
3595 5616
3595 7738
3596 6456
3596 4490
3597 6825
3597 4129
3599 8097
3600 4224
3601 8922
3601 9579
3604 7163
3604 8527
3605 3773
3605 5673
3607 7952
3607 7595
3607 5295
3608 7484
3610 4624
3611 8611
3612 9413
3613 7411
3614 4859
3614 9456
3615 5216
3616 9501
3617 6438
3617 7169
3618 7225
3622 4515
3623 7077
3624 9742
3625 5016
3626 5610
3627 6167
3628 8795
3628 9767
3629 8303
3631 9285
3633 3662
3634 4801
3634 4548
3635 3698
3635 7783
3636 7457
3637 3675
3638 5500
3638 7340
3639 8890
3640 7391
3642 6352
3642 6883
3643 7471
3645 5247
3646 6483
3646 8166
3646 9796
3646 6835
3647 8590
3647 8871
3647 3716
3649 5051
3649 7391
3649 6086
3650 6858
3651 8527
3651 3813
3651 4551
3652 8234
3653 4499
3653 5778
3654 8489
3655 6389
3657 8799
3658 7757
3658 3732
3659 7055
3659 7659
3661 4080
3663 4603
3663 8431
3664 6025
3664 6432
3665 8802
3666 5964
3667 6427
3667 8737
3668 7536
3668 5720
3669 7701
3670 7098
3670 4507
3671 5092
3671 7150
3671 8583
3673 3791
3673 6369
3674 9041
3675 6947
3676 3889
3676 8539
3676 5917
3677 5263
3677 8147
3679 7553
3680 5010
3680 3734
3682 7052
3682 9022
3683 6867
3683 7212
3684 6555
3685 6700
3685 6267
3685 7667
3686 6130
3686 7209
3687 5302
3690 8212
3690 9196
3691 6260
3691 8433
3692 9463
3693 9369
3693 7294
3694 6276
3695 8480
3697 4675
3699 8762
3700 5209
3701 5658
3701 8867
3701 3982
3702 7149
3702 7261
3703 9230
3704 5723
3704 5393
3705 9977
3709 3958
3710 4038
3711 8254
3711 5883
3712 4624
3712 6212
3713 5380
3714 5248
3715 7891
3716 8045
3716 5301
3716 7501
3717 9458
3718 9313
3719 7847
3719 9631
3719 4577
3721 7957
3721 6509
3722 6768
3722 7871
3724 8659
3725 3853
3725 4379
3726 9006
3727 6345
3728 3822
3729 8331
3731 7768
3731 6298
3731 9688
3732 7644
3733 7074
3734 4028
3734 8384
3737 6327
3739 6424
3739 9495
3739 5504
3740 8214
3740 7127
3742 3874
3743 5764
3743 6099
3745 4600
3746 7058
3747 4720
3748 4501
3749 4983
3749 8409
3751 6860
3751 9314
3751 9440
3752 6016
3753 8218
3754 9074
3754 5306
3755 6122
3756 5920
3756 8066
3758 7008
3760 7463
3761 7705
3762 6301
3762 5271
3763 6166
3764 9935
3765 5043
3766 4123
3767 4610
3768 8889
3769 4151
3769 8411
3770 5179
3770 8259
3771 9979
3772 9273
3772 6448
3777 8187
3778 9029
3778 8696
3779 4439
3780 4519
3781 5136
3782 3929
3783 9813
3784 5088
3784 5673
3785 7412
3785 9509
3787 5158
3788 6184
3788 6266
3788 7533
3788 5766
3789 3928
3789 7655
3791 5757
3792 5685
3793 6636
3793 5864
3793 5321
3795 4800
3795 5483
3795 5563
3796 4892
3798 8869
3800 6997
3801 6384
3802 8351
3803 7545
3804 8057
3804 3951
3805 6994
3805 7210
3806 6206
3806 9463
3807 5494
3808 5672
3809 5357
3809 9378
3812 9180
3813 6531
3814 6089
3814 4675
3815 4264
3817 9432
3818 7076
3818 6454
3818 7458
3819 6378
3820 6516
3821 5432
3822 8167
3823 9221
3823 6474
3824 4140
3826 6046
3828 9774
3828 5665
3830 9277
3831 9865
3832 3901
3832 8460
3833 4342
3833 9860
3833 9043
3834 8127
3835 9158
3836 4869
3837 6857
3839 8711
3839 4167
3840 3987
3842 3881
3843 8397
3843 6662
3843 6468
3843 6166
3844 5761
3845 7754
3846 8745
3847 6015
3848 3947
3848 6106
3849 4688
3850 6939
3850 7230
3850 6085
3851 4589
3851 4489
3853 8429
3854 7729
3854 7929
3855 4604
3855 9759
3855 4268
3856 7490
3857 9659
3858 9117
3859 9879
3860 7497
3861 7098
3862 7132
3863 4547
3864 6727
3864 7447
3864 8056
3864 5308
3867 4600
3867 5903
3868 9097
3869 5289
3869 8273
3869 8643
3869 7043
3870 8448
3871 6171
3871 5580
3872 8871
3873 8198
3874 8360
3876 8580
3879 4376
3879 3930
3879 5331
3882 6441
3882 4290
3883 7489
3884 9614
3884 6450
3885 9514
3886 5546
3886 6270
3887 7021
3887 8127
3888 6274
3888 5550
3890 6919
3890 5853
3892 7240
3892 4775
3893 8647
3893 4603
3894 4086
3895 7449
3896 9691
3897 9198
3898 8460
3899 6068
3900 4266
3903 5006
3904 3992
3904 4064
3906 5242
3906 6369
3907 9130
3907 5082
3908 8844
3910 3980
3910 6585
3911 9210
3913 6619
3913 7750
3913 7845
3914 5318
3916 6729
3917 4240
3919 6419
3919 4069
3919 5578
3920 7241
3920 6819
3920 5893
3921 6194
3921 7358
3923 5529
3923 5120
3924 4773
3924 8090
3925 4402
3926 8252
3927 7635
3928 8405
3929 4196
3929 4281
3929 5913
3929 4231
3930 5555
3932 9671
3932 3971
3932 9816
3933 7824
3934 4233
3936 7826
3936 6845
3937 5457
3937 6419
3938 5320
3938 9173
3940 8051
3940 7158
3940 8488
3941 4555
3942 4889
3943 6092
3943 6802
3944 7560
3944 6653
3945 4094
3946 4739
3946 9944
3947 6747
3948 7095
3948 9361
3949 5074
3949 6018
3950 9508
3950 8665
3951 5059
3951 8224
3952 6400
3952 5970
3952 8338
3953 5676
3953 5888
3954 6036
3954 9941
3955 6914
3956 9602
3957 9502
3957 4714
3957 7078
3959 6349
3959 7056
3959 9603
3961 6403
3961 5941
3962 5259
3962 8639
3963 4747
3964 9999
3966 8238
3967 5434
3968 5603
3969 4586
3970 5090
3972 7971
3972 8437
3973 9640
3974 9545
3974 8836
3975 4591
3975 5799
3977 4845
3978 9075
3978 4950
3981 6635
3982 9833
3982 7767
3983 6425
3984 7737
3985 4047
3985 6804
3985 8755
3986 5626
3986 8875
3988 9451
3989 5366
3989 7417
3991 4469
3991 4000
3992 7125
3992 9667
3993 7586
3993 7787
3993 9132
3994 6820
3995 4273
3996 4686
3997 4168
3997 5912
3998 9025
3999 5200
4000 8375
4001 6145
4002 7419
4004 4907
4004 7800
4004 4612
4004 9206
4004 5988
4005 5356
4007 7582
4008 8850
4009 5631
4009 8190
4009 6920
4010 7960
4011 4038
4012 9561
4012 8838
4014 5853
4014 8005
4014 4681
4015 6772
4016 5682
4017 7342
4018 6372
4021 6549
4022 5223
4023 6012
4023 9091
4025 8204
4025 4777
4029 4134
4029 8598
4030 6010
4030 5713
4030 9506
4031 4594
4031 9529
4031 5266
4032 7837
4033 4277
4035 6101
4036 8364
4039 6604
4040 9167
4041 4684
4041 5979
4041 7160
4042 8478
4042 7423
4043 9297
4043 9884
4044 5169
4045 8699
4045 7638
4045 5897
4046 5370
4046 5114
4048 8371
4049 6497
4049 7138
4052 9884
4052 6516
4054 5718
4055 6230
4055 4809
4056 4509
4057 7374
4060 7801
4062 6596
4065 7707
4067 6288
4067 7974
4068 4962
4068 6540
4068 7010
4070 4102
4070 7738
4071 4779
4072 9067
4072 7855
4073 9080
4073 5985
4075 4551
4077 4128
4077 6920
4078 4325
4079 6494
4080 6698
4080 4677
4080 8567
4080 9871
4080 8132
4080 4532
4081 5311
4083 8150
4084 8092
4085 9745
4085 5627
4086 4089
4086 9194
4087 5969
4087 7448
4087 7169
4087 6723
4088 7039
4089 8129
4090 9245
4092 4242
4093 9096
4093 9318
4094 4476
4095 9309
4095 4391
4096 5846
4096 9979
4098 4389
4100 7815
4100 6201
4101 9908
4103 4668
4103 6781
4105 5063
4105 8010
4107 8173
4109 6559
4110 7792
4112 7217
4113 5998
4114 4909
4115 4593
4115 8697
4116 9169
4116 5343
4117 7392
4118 9300
4119 4455
4122 4263
4123 4923
4125 9112
4126 7325
4127 9697
4130 9440
4131 8894
4131 8966
4132 6929
4133 7625
4133 6634
4134 8942
4135 5433
4137 6970
4140 4508
4140 8055
4141 7332
4141 9846
4142 8097
4143 7696
4143 4194
4143 9538
4145 6543
4147 8231
4148 5155
4148 4199
4149 4261
4152 6002
4153 9496
4153 7213
4153 6458
4154 7257
4155 7216
4156 7292
4157 4887
4160 7669
4160 4816
4161 9185
4161 5617
4162 8881
4163 4848
4164 7151
4165 4877
4166 8914
4168 6223
4169 6944
4169 6912
4170 5104
4171 5922
4171 4812
4171 5914
4173 6211
4174 8018
4175 4235
4175 9658
4176 4991
4176 8809
4176 5581
4177 7506
4178 6091
4179 4761
4181 4484
4181 9370
4183 9622
4184 5306
4184 7582
4185 9896
4185 8256
4186 6854
4186 9922
4187 7773
4188 8356
4188 7976
4189 4672
4189 7436
4189 5403
4190 6643
4191 4412
4191 5307
4192 8161
4193 5351
4193 8936
4193 8490
4194 9918
4197 8447
4200 4847
4202 7850
4202 9408
4204 5903
4205 6081
4205 9122
4205 4939
4206 6634
4207 7371
4208 4645
4208 6678
4210 7134
4210 7519
4211 5881
4211 6613
4212 8788
4212 7736
4213 5380
4213 9539
4214 5880
4216 6661
4216 9434
4217 9392
4217 4974
4218 8466
4218 6292
4219 4899
4219 7612
4220 7982
4221 7127
4222 5533
4223 5540
4223 9242
4224 9252
4225 6611
4227 4715
4231 7690
4231 5099
4233 8616
4236 5668
4236 9457
4237 9286
4238 5005
4242 8543
4243 8352
4244 4454
4245 7261
4246 4440
4247 6493
4247 5515
4248 7411
4250 4823
4251 9355
4252 6670
4252 9411
4254 6505
4255 8631
4255 7471
4256 9166
4256 5378
4257 8588
4258 7462
4258 9600
4259 8244
4259 7688
4260 9552
4263 7087
4263 6234
4263 7478
4266 6583
4266 7098
4267 7451
4268 6165
4269 6446
4269 7576
4270 6546
4273 6699
4274 7269
4275 6192
4275 4856
4276 7457
4277 5795
4277 7119
4278 6975
4280 6314
4281 5810
4282 8621
4283 9147
4283 7861
4284 8908
4284 7371
4285 9836
4285 5296
4286 8823
4287 8506
4289 7586
4290 9953
4291 8387
4291 7236
4293 5755
4294 9079
4295 7722
4296 6649
4297 8498
4297 9988
4297 9858
4298 4633
4300 6942
4302 9873
4303 5863
4304 5402
4305 4953
4305 7835
4306 9260
4307 8777
4307 6538
4308 5353
4309 6158
4309 8412
4310 8869
4310 9916
4311 6439
4312 5202
4313 6533
4314 8538
4316 7697
4316 8626
4319 7897
4320 6737
4320 9472
4322 8547
4324 6892
4325 7189
4325 8690
4325 5066
4327 9762
4327 4722
4328 4768
4328 9311
4328 8796
4328 8096
4330 7877
4331 5612
4331 5807
4331 8122
4332 4419
4332 5890
4334 4631
4334 8470
4335 8701
4335 4830
4336 5412
4336 4912
4337 5910
4337 6241
4338 4954
4339 5731
4339 9973
4340 5192
4341 7505
4341 5866
4343 4830
4343 6159
4343 9706
4345 5352
4346 5089
4346 9143
4347 5177
4347 7258
4348 7927
4348 8868
4349 8499
4351 8633
4351 8906
4352 9910
4353 6134
4353 5780
4355 7561
4355 9537
4356 4516
4356 7569
4360 5472
4361 6359
4362 7184
4364 9227
4364 7030
4365 6205
4365 6282
4365 6776
4365 5140
4366 7949
4366 9390
4367 6926
4367 7976
4368 6111
4369 5990
4371 7438
4371 7287
4372 7731
4372 9031
4372 9618
4372 7361
4373 9694
4375 5733
4375 5020
4378 7370
4378 6918
4379 8318
4379 4632
4379 6452
4381 8400
4381 7546
4382 7630
4384 6655
4384 8364
4385 5219
4386 4613
4387 9146
4390 4434
4394 9426
4395 8746
4396 7699
4398 7654
4399 9925
4400 6179
4401 7357
4403 6479
4404 8074
4408 5300
4409 5256
4409 7175
4409 9678
4410 9752
4412 4806
4415 9976
4415 6724
4416 5061
4417 9090
4418 5377
4418 9689
4419 8176
4422 7835
4423 5801
4423 8861
4425 8639
4427 4480
4428 8559
4429 4687
4429 6484
4430 8829
4431 7727
4433 7912
4434 4623
4435 4922
4436 7712
4436 7292
4436 5647
4437 4720
4438 8041
4438 5820
4439 7200
4442 9591
4443 7388
4444 5185
4444 8898
4444 5837
4445 5983
4446 9554
4446 8145
4447 4510
4448 7032
4448 8586
4449 8323
4449 9816
4451 8824
4452 4745
4453 8853
4455 9363
4455 7261
4456 7537
4458 7077
4459 6358
4460 6088
4460 8890
4461 4911
4462 5756
4462 6579
4463 8142
4471 8410
4472 8155
4473 4567
4474 8543
4474 4865
4475 9216
4476 9904
4476 7544
4477 9193
4478 7717
4478 4959
4479 8592
4479 6625
4480 4904
4483 5668
4484 4524
4486 8827
4487 7417
4488 8759
4489 8184
4489 8512
4490 7822
4491 9103
4492 5024
4493 7222
4493 8363
4493 4810
4496 6087
4496 8927
4497 6482
4498 6898
4498 7768
4499 4941
4499 5208
4499 7152
4499 8778
4500 7993
4501 6628
4501 5430
4502 6384
4503 6565
4504 4741
4505 5105
4506 5981
4506 9482
4508 5956
4508 5341
4509 7406
4511 6820
4512 5403
4515 6620
4517 9162
4518 6657
4518 5342
4518 5871
4520 6388
4520 8659
4520 6398
4521 5419
4521 8487
4521 9186
4522 6481
4522 6168
4523 6444
4527 7780
4528 8288
4529 5378
4531 8679
4531 6454
4533 8901
4534 7172
4534 6875
4535 9365
4535 8216
4536 5526
4537 8575
4538 8936
4539 8189
4540 5148
4541 9808
4542 6404
4542 6253
4543 9940
4544 9326
4544 6666
4547 6183
4548 9633
4549 8029
4549 5550
4553 8580
4553 5155
4554 8415
4554 8636
4555 9349
4557 5432
4557 8928
4558 7886
4559 6920
4560 6578
4563 6260
4564 7318
4565 5090
4565 5212
4566 8246
4567 4590
4568 5941
4569 9394
4570 8299
4573 7822
4573 8532
4574 9521
4574 9277
4575 5868
4577 5671
4577 7803
4577 8896
4578 7244
4579 7762
4579 8219
4579 9087
4580 8924
4581 9425
4583 8138
4583 7179
4585 5808
4586 8104
4587 7425
4588 9585
4591 6147
4592 4934
4593 5207
4593 7747
4595 6127
4595 9391
4597 8471
4598 8720
4599 5728
4601 9196
4601 7953
4602 9688
4605 4693
4605 9062
4606 9643
4606 9376
4607 7771
4607 9070
4608 7863
4610 4730
4610 7107
4610 9794
4611 9808
4612 9109
4613 8051
4614 7156
4615 8235
4615 6356
4616 7401
4616 7984
4617 6360
4617 7672
4618 7384
4619 8485
4621 7146
4622 5414
4622 4984
4624 9792
4625 5814
4626 8794
4626 8236
4627 5316
4627 6390
4628 9382
4628 7432
4630 6123
4631 5411
4632 4769
4632 5884
4632 5988
4634 6417
4635 9960
4638 5822
4640 8885
4640 6017
4641 7923
4643 6066
4646 6194
4648 7905
4648 5964
4650 6854
4652 7736
4653 5438
4653 8895
4653 7287
4654 7129
4655 7766
4656 7978
4656 6830
4657 4873
4660 5285
4660 9512
4660 9644
4661 8103
4661 8429
4662 8255
4663 7112
4665 6348
4666 6171
4670 8345
4670 9952
4671 7994
4676 5689
4677 7557
4677 8272
4680 5244
4681 8584
4682 9337
4683 8060
4683 5721
4686 7895
4686 9793
4687 6849
4687 8168
4688 6463
4689 8785
4690 5377
4691 7719
4691 8019
4692 6155
4693 9289
4694 9023
4695 9059
4697 8374
4698 8194
4698 9718
4698 6505
4699 6220
4699 8953
4700 7867
4700 4949
4701 6160
4703 5783
4704 7359
4705 5124
4706 7421
4707 5993
4708 9093
4708 6905
4709 7196
4709 8762
4712 4727
4713 5361
4714 5679
4714 8437
4714 8725
4714 9908
4714 8358
4715 5441
4715 7006
4715 8395
4716 6795
4717 7608
4718 9684
4718 4843
4719 8154
4721 9634
4725 5281
4729 9522
4731 8296
4732 8192
4732 6857
4732 5937
4733 5515
4733 9948
4733 6431
4734 5454
4735 7303
4735 9898
4735 6137
4736 6753
4736 5767
4736 8827
4737 7839
4738 5113
4738 7068
4739 5369
4742 4841
4743 5936
4745 7632
4746 5036
4747 4862
4747 7113
4748 6548
4749 9017
4749 9305
4749 9668
4750 8281
4751 7209
4753 5469
4754 8758
4756 9134
4758 6454
4759 8347
4760 5530
4764 8292
4764 4864
4766 5836
4766 5472
4767 8553
4767 8241
4767 7284
4770 9725
4770 6647
4773 7004
4775 7256
4775 5442
4775 9326
4776 6912
4776 6585
4777 7717
4778 5796
4781 6599
4781 6197
4784 6837
4785 9589
4785 6752
4786 5772
4787 6127
4788 8620
4788 8589
4789 9150
4790 9118
4791 6450
4793 4856
4793 9105
4794 7607
4794 8719
4794 5019
4795 7603
4795 6845
4795 9726
4795 7034
4796 6938
4796 8021
4796 6653
4797 6447
4798 6782
4799 8982
4799 5709
4802 8418
4802 6457
4803 6752
4803 5923
4805 8686
4806 8374
4806 7730
4806 8178
4807 9075
4808 6982
4809 7198
4813 7147
4814 5312
4814 7188
4816 9648
4816 7559
4818 6686
4819 9103
4819 5775
4820 7432
4820 5295
4820 7322
4821 5931
4822 5172
4824 4900
4824 5637
4825 8321
4826 7913
4827 6775
4829 8650
4829 8554
4830 8509
4830 6534
4831 7324
4832 5044
4832 8584
4833 6422
4834 4838
4834 6422
4835 7067
4835 7574
4835 7006
4836 5367
4837 5211
4837 5836
4839 5468
4839 8277
4840 8206
4840 5543
4840 9965
4840 5822
4841 9979
4844 8984
4844 9878
4845 7834
4845 5535
4846 5922
4847 8302
4848 6395
4848 7287
4849 7965
4850 5718
4851 5855
4851 8992
4851 9915
4851 5808
4852 7556
4852 7721
4852 7911
4854 7003
4855 8165
4857 5881
4858 6725
4859 7520
4860 5322
4860 5724
4860 5753
4862 7245
4863 8886
4864 5574
4865 4884
4866 5876
4868 5974
4868 8280
4868 7991
4869 4877
4871 7027
4873 5767
4875 9806
4875 7294
4879 6904
4880 8820
4881 9267
4882 5690
4883 6950
4884 7834
4885 4912
4886 7187
4886 5038
4887 5534
4887 7837
4888 5934
4889 5358
4889 9820
4892 8536
4893 8923
4895 7362
4896 7368
4898 8762
4898 6394
4903 6736
4904 7741
4904 7115
4904 5241
4905 6156
4906 6305
4908 6908
4908 7026
4908 5636
4909 9087
4913 6053
4914 8142
4915 8635
4915 7788
4915 8697
4916 6660
4916 9541
4916 6723
4918 6249
4919 8215
4919 5263
4920 8564
4921 7369
4922 6801
4923 5695
4923 5925
4924 5442
4925 8578
4925 9129
4928 7811
4930 6501
4933 9018
4933 8167
4935 8855
4935 7279
4936 6253
4936 7931
4937 8078
4937 8583
4937 8773
4938 7416
4939 5385
4939 8979
4942 6585
4942 7644
4943 7711
4943 7798
4944 9753
4944 8725
4945 9754
4945 6186
4946 5716
4947 9470
4948 8593
4949 6999
4949 9987
4949 6518
4950 8532
4951 8971
4952 5129
4953 9095
4955 8101
4956 6145
4957 7660
4957 8073
4958 7091
4958 5911
4959 8350
4960 5068
4962 5496
4964 6117
4965 7508
4967 6167
4967 7764
4968 8776
4970 6725
4972 9000
4972 6284
4973 6052
4974 9101
4974 9883
4975 7817
4975 6603
4976 6106
4977 8406
4977 8803
4978 6335
4982 5887
4982 7767
4982 7117
4983 8689
4985 6044
4985 7892
4987 5593
4987 7799
4988 7632
4989 8652
4993 7027
4994 9369
4995 8438
4995 7400
4997 6309
4997 6000
4998 5300
4998 6124
4999 5402
4999 7524
4999 9983
5000 9655
5000 8709
5001 5404
5001 6682
5001 7109
5002 6677
5003 9517
5007 6252
5007 5262
5008 6136
5008 7369
5009 9082
5009 5182
5011 9992
5012 8957
5013 6726
5013 7617
5014 8413
5015 8261
5016 5844
5016 9205
5018 8386
5018 7528
5019 8965
5020 9490
5020 9908
5022 6645
5022 5742
5023 8962
5024 6120
5024 7377
5025 6783
5026 7689
5026 9083
5026 9335
5027 5795
5028 6746
5029 6897
5029 9632
5030 5703
5030 7586
5031 7530
5032 8310
5032 8582
5032 9434
5033 6949
5033 7344
5034 7597
5034 5825
5035 5557
5035 6466
5035 9911
5038 7198
5040 8021
5041 7234
5041 6585
5042 8402
5042 8463
5045 5304
5046 9610
5046 8498
5047 9465
5048 7487
5048 9901
5050 5231
5050 8740
5050 9427
5050 5890
5051 7694
5052 8912
5052 7883
5053 6947
5054 7712
5055 9282
5057 6783
5057 5427
5057 8580
5058 5699
5058 5473
5058 9281
5059 7728
5060 8439
5061 7140
5062 5199
5062 9011
5062 6987
5063 8883
5063 5420
5065 6922
5067 8737
5068 7580
5069 8709
5069 9781
5072 7812
5072 8944
5072 7065
5073 6060
5073 7836
5074 8935
5076 9383
5076 8392
5076 8757
5077 9513
5077 9720
5078 5337
5080 6916
5080 6875
5081 7539
5081 9047
5081 9063
5082 6009
5082 6913
5083 6100
5083 9457
5085 7159
5087 8114
5087 9813
5088 6514
5089 9526
5090 8382
5091 6924
5093 6789
5094 5657
5095 6618
5096 5564
5096 8343
5097 7599
5097 7337
5098 5769
5098 5183
5101 8100
5102 6394
5103 5387
5104 9090
5106 7777
5106 5610
5106 7033
5107 7445
5107 9373
5107 9115
5108 7637
5109 5544
5109 6005
5109 8121
5109 6833
5110 5561
5113 6797
5114 5961
5116 5672
5117 8753
5119 8185
5119 5941
5120 7625
5121 8304
5121 5921
5123 9044
5125 6901
5125 9292
5126 8715
5127 7397
5131 5674
5132 6649
5132 5668
5133 9336
5134 8697
5135 9258
5138 5313
5138 6050
5139 5750
5139 6332
5139 6920
5140 9598
5143 6083
5144 7364
5144 5991
5145 9338
5145 8752
5146 5392
5146 5841
5146 6708
5146 7290
5147 9814
5148 9767
5148 8260
5150 9089
5151 5834
5152 9243
5153 9078
5154 5183
5154 5512
5156 9282
5156 6270
5157 5214
5158 7197
5158 8807
5159 5802
5160 5268
5161 8406
5162 5880
5162 9007
5163 7422
5164 5633
5165 8493
5165 7884
5166 6093
5166 6105
5167 8211
5170 9962
5171 8906
5172 7570
5175 8109
5176 7493
5177 6558
5178 5595
5178 6630
5178 8012
5178 8020
5180 6091
5181 9606
5182 6368
5183 5960
5183 7376
5187 9035
5187 9982
5187 9227
5188 8973
5188 9815
5188 5366
5189 5972
5189 7743
5189 6993
5190 9753
5191 6881
5194 6508
5196 5825
5197 6828
5197 9711
5197 7499
5198 7203
5198 7673
5200 7716
5202 7639
5202 7592
5203 8517
5204 8481
5206 8294
5206 6699
5212 8174
5212 7846
5213 8752
5213 6583
5215 8817
5215 5981
5216 9486
5216 9083
5217 6627
5218 7105
5218 6086
5220 9753
5222 5565
5224 8692
5224 6269
5225 9761
5225 7548
5226 6840
5226 6533
5228 7454
5228 6335
5229 5913
5230 8393
5230 6212
5230 8421
5233 6226
5234 6988
5237 6369
5237 8831
5239 6007
5240 9504
5243 6440
5244 6986
5247 9755
5249 9246
5251 8586
5254 8568
5254 5926
5255 8112
5257 9967
5257 6708
5258 6863
5258 9060
5258 8352
5260 8232
5261 9428
5262 9767
5264 8609
5264 5556
5265 7627
5267 8221
5267 6271
5268 7990
5269 8122
5270 8209
5270 9123
5271 6631
5271 8752
5272 9185
5274 6868
5275 9165
5276 7568
5277 8970
5278 8280
5280 6953
5280 5491
5281 5672
5282 8955
5285 6980
5285 5440
5286 6445
5286 6468
5287 6549
5288 5954
5289 7829
5290 6816
5291 8648
5292 5753
5293 8434
5294 5604
5295 5949
5296 9029
5297 9104
5297 8411
5298 7805
5301 8131
5301 8317
5303 8857
5304 9341
5306 8608
5307 6354
5307 6178
5308 6548
5308 6541
5309 9299
5309 6521
5310 6250
5310 6597
5310 8525
5314 7137
5316 5542
5316 6119
5317 6492
5321 8837
5324 5924
5325 7754
5326 9027
5326 5873
5327 7178
5329 5747
5329 9161
5332 8097
5334 7519
5336 6883
5337 7195
5337 6933
5338 5950
5340 6665
5341 6946
5342 9343
5343 8457
5343 5798
5344 7789
5344 8552
5344 6288
5345 7062
5345 9463
5346 5540
5347 7293
5348 8130
5349 6841
5349 8780
5350 7399
5352 6870
5353 7262
5353 8261
5354 7589
5354 9894
5356 7700
5357 8677
5358 9010
5359 8861
5360 8196
5361 7183
5363 9179
5364 6794
5365 6918
5365 7933
5365 9934
5365 5584
5367 7737
5368 8275
5372 9467
5372 6798
5374 6080
5374 6592
5375 6635
5376 7018
5377 5519
5378 9478
5381 8089
5382 8510
5384 8445
5386 9550
5387 7969
5389 6888
5390 6732
5393 5394
5393 6002
5394 9473
5394 9892
5394 9936
5396 6019
5397 7576
5397 8825
5398 5541
5398 7959
5398 6786
5399 9486
5400 9464
5401 7807
5405 6511
5406 9065
5408 9154
5408 8330
5409 7651
5409 5856
5410 7041
5410 8597
5412 5642
5413 8688
5414 9174
5415 6714
5415 9708
5416 6329
5418 6956
5418 5560
5420 7361
5421 8809
5422 9790
5422 8467
5423 8018
5426 5514
5426 7350
5426 9743
5427 9033
5428 5638
5428 6490
5431 7093
5431 7864
5435 6395
5436 6432
5439 7449
5440 8088
5445 6865
5446 9230
5448 8791
5448 7824
5449 9249
5449 6880
5450 9467
5452 8033
5454 9921
5455 8038
5456 7075
5457 6070
5458 8968
5458 6372
5459 7236
5460 6577
5462 7500
5463 9657
5465 8886
5466 9583
5467 7546
5468 7190
5469 6552
5469 9782
5469 5799
5470 9320
5472 7074
5472 6755
5473 7079
5474 8642
5476 8630
5476 9877
5477 7392
5478 8211
5478 9552
5481 8921
5483 8837
5485 8559
5485 8512
5486 9188
5486 7313
5486 8905
5487 8353
5488 5583
5489 7242
5491 6477
5494 6261
5494 7123
5494 7247
5495 8861
5497 6135
5498 6593
5499 8812
5503 6747
5504 7065
5504 5764
5505 7481
5507 9853
5508 6784
5508 7269
5509 5848
5511 7937
5512 8746
5513 9602
5516 7404
5520 8341
5520 6220
5523 6788
5525 5579
5525 7488
5526 6188
5526 9520
5527 7768
5528 6097
5528 6013
5529 9641
5531 9515
5531 9197
5534 6154
5534 7330
5536 5619
5536 7766
5537 7265
5537 6138
5540 6592
5543 6803
5545 9122
5547 6887
5547 7349
5550 9674
5554 9777
5554 8842
5556 8744
5560 6630
5561 5598
5563 7284
5565 8370
5566 8209
5567 7333
5568 7995
5568 6146
5569 7935
5569 8037
5569 7950
5570 8916
5571 9498
5572 8436
5573 6006
5573 6758
5574 8287
5575 7143
5576 5885
5576 7323
5576 7295
5577 7952
5578 6485
5580 7944
5584 8141
5585 6429
5585 6108
5586 8588
5587 9868
5588 7022
5589 6082
5590 6488
5591 6955
5594 9374
5601 6981
5604 5998
5605 9375
5606 8588
5608 7545
5611 6415
5611 8094
5613 9581
5613 6192
5614 9014
5614 9540
5616 9891
5618 9164
5620 6496
5621 6836
5621 9614
5622 5707
5623 8763
5624 6059
5627 8123
5627 8808
5629 8219
5630 9575
5632 9308
5633 6401
5634 8862
5636 8417
5637 9899
5639 5853
5640 6225
5640 8741
5640 8934
5644 6737
5645 7340
5646 7093
5647 9907
5648 7040
5649 9543
5650 6807
5651 7229
5651 5866
5652 9607
5652 9116
5653 7117
5654 6067
5655 7274
5657 8299
5659 6011
5660 8988
5663 9547
5666 9824
5667 9974
5667 8856
5670 7448
5674 8772
5677 6087
5678 8182
5678 9340
5680 6874
5681 9280
5683 9731
5684 5945
5687 6163
5687 6835
5688 8274
5689 6981
5690 6658
5690 9737
5690 7377
5691 7334
5692 6421
5693 9105
5693 8387
5694 5710
5695 8087
5695 9678
5696 6246
5696 9094
5697 6321
5697 8488
5700 6728
5700 9369
5701 8015
5702 9033
5704 6584
5705 9984
5706 5771
5707 6650
5708 8349
5708 9593
5709 5919
5709 6268
5709 6488
5709 8569
5710 7521
5711 7104
5712 6510
5713 9844
5714 7621
5714 7938
5715 5868
5715 6263
5716 8616
5717 6384
5718 8165
5719 7448
5721 6816
5724 7096
5725 8148
5727 8692
5728 8904
5729 9693
5729 7089
5730 9454
5730 7005
5731 7537
5732 6434
5732 8643
5735 8637
5736 9152
5737 9021
5737 9704
5738 6302
5741 9553
5743 6369
5744 8288
5745 6054
5745 9776
5745 5777
5748 8275
5749 7640
5751 6734
5751 9538
5755 8090
5758 7122
5759 8117
5760 8729
5761 8532
5765 7415
5766 8903
5768 8131
5769 6032
5770 6834
5771 6509
5774 6139
5774 6954
5776 7710
5778 9649
5779 8564
5779 6917
5783 7120
5786 6656
5786 6428
5787 9413
5788 6516
5789 7515
5789 9184
5789 6239
5792 9705
5792 7882
5793 7158
5794 8240
5797 6955
5800 6486
5800 7302
5802 9419
5803 7560
5804 8352
5811 9423
5811 9894
5813 6600
5814 7998
5815 8606
5815 9909
5817 8806
5819 8163
5820 7657
5821 8734
5821 5889
5823 8764
5824 9320
5826 7508
5829 8993
5829 8468
5830 6635
5830 9680
5830 8027
5833 7070
5833 6480
5835 8328
5837 6676
5837 9379
5838 9193
5840 6690
5842 9810
5844 6943
5845 9000
5846 8991
5847 9769
5848 6178
5849 7667
5849 6253
5851 8987
5852 9566
5854 6881
5854 8391
5856 7029
5856 6564
5857 7808
5858 6677
5859 6621
5861 8019
5864 6095
5866 7173
5867 9477
5868 7057
5869 9867
5869 7902
5871 7626
5872 8744
5874 8820
5874 6531
5875 7988
5877 9269
5877 7233
5878 8392
5879 6925
5880 9468
5882 9077
5883 6973
5883 7547
5888 7769
5889 9873
5890 6066
5891 9730
5891 8145
5892 6759
5893 9313
5893 9069
5895 7360
5896 6610
5896 8095
5898 6072
5898 9982
5904 7627
5905 7903
5907 8737
5908 8034
5908 7577
5909 7779
5911 6191
5911 7391
5914 7367
5916 8205
5918 8684
5921 8450
5921 7363
5923 6291
5924 8098
5924 9399
5925 7326
5925 6804
5926 9636
5927 8281
5927 8669
5928 9107
5929 9215
5929 6117
5930 9132
5930 7234
5931 6715
5932 7569
5933 6915
5937 7791
5938 6719
5938 7658
5939 7702
5940 8202
5940 9450
5941 8171
5941 9103
5943 9764
5946 9680
5947 6762
5948 6156
5950 6015
5951 7469
5952 7283
5952 7189
5953 7987
5953 7232
5955 7099
5955 8761
5957 8439
5958 6020
5958 7180
5959 7520
5964 6212
5966 7180
5967 9380
5968 6064
5968 8872
5971 5999
5971 6492
5975 6968
5975 9616
5976 7285
5976 6010
5977 9807
5979 7275
5981 7583
5982 9190
5982 6793
5983 7555
5983 8555
5983 7962
5983 8610
5984 8896
5985 7659
5986 8493
5987 7919
5989 7036
5989 6591
5990 8633
5991 8339
5991 9555
5991 8122
5993 8695
5993 9571
5993 9895
5994 6930
5995 7979
5996 7860
5996 7532
5997 9054
6000 6330
6001 6743
6001 9320
6002 7119
6003 6723
6003 9039
6008 9991
6011 8551
6012 9677
6013 9141
6014 7651
6017 8722
6018 9662
6019 9325
6021 8264
6023 8587
6024 6842
6025 6115
6026 9696
6027 7758
6027 9969
6028 8863
6028 8278
6032 6515
6034 8650
6035 8646
6036 8022
6037 9663
6038 6749
6038 9834
6038 7123
6039 8668
6039 7546
6040 6767
6040 7562
6041 6933
6044 8742
6047 8234
6047 9178
6047 8966
6047 6062
6048 7993
6049 7135
6051 7322
6051 9480
6052 6943
6055 8155
6055 8698
6055 8507
6056 9461
6057 7941
6058 8549
6058 7735
6059 6493
6062 7012
6064 8745
6065 9347
6065 7710
6067 7053
6067 7118
6068 7192
6071 6618
6071 8928
6073 6370
6074 9428
6076 6813
6078 7958
6079 7244
6084 9144
6084 9164
6085 6566
6087 9404
6087 9963
6088 8834
6094 7649
6095 6613
6096 6455
6096 8119
6098 8014
6099 8317
6101 8151
6102 7567
6104 9059
6105 8296
6106 6710
6106 9160
6107 7809
6108 7207
6109 7400
6110 6770
6111 8733
6113 7152
6114 9576
6115 8763
6116 6563
6118 8327
6118 7347
6119 8361
6119 6508
6121 7611
6123 8230
6123 8260
6126 7847
6128 6580
6129 6324
6131 6674
6131 6356
6132 6247
6132 9511
6133 6586
6137 9722
6138 7175
6140 6476
6140 6920
6141 7278
6143 6462
6143 9875
6144 6808
6144 9324
6144 7460
6147 9110
6147 7220
6148 6426
6152 8340
6153 6573
6155 9332
6156 7972
6156 6412
6157 9405
6158 6913
6159 6873
6160 8438
6164 9748
6164 7566
6166 6598
6166 6306
6167 9827
6168 7942
6169 6488
6170 7281
6170 9830
6172 8111
6174 6817
6174 7586
6175 6372
6176 6331
6176 7274
6177 9826
6178 7879
6179 7390
6180 6393
6181 9211
6182 6715
6183 9427
6185 9187
6185 6795
6186 8899
6188 8585
6193 8680
6197 8384
6198 8458
6199 9427
6200 8928
6201 8115
6203 7063
6203 7973
6203 8996
6203 9056
6203 9806
6206 6431
6207 9310
6208 7114
6209 6423
6210 8048
6210 6858
6212 7591
6212 8999
6216 9100
6219 6257
6219 6327
6222 9213
6224 7792
6225 8469
6227 6633
6228 7625
6234 9195
6234 9870
6235 9033
6237 8325
6239 9481
6239 9531
6239 9709
6241 6806
6243 8107
6244 6859
6244 7483
6248 7003
6249 8995
6251 8785
6254 8860
6255 8003
6258 7547
6259 7050
6259 7707
6259 9340
6262 9528
6263 8741
6264 7843
6264 8881
6265 8436
6271 8892
6275 6623
6276 7592
6277 9255
6279 7259
6279 9224
6284 6489
6285 8980
6286 8162
6286 9731
6287 6533
6289 7001
6290 8470
6291 7401
6292 7091
6297 7251
6298 9920
6299 8694
6299 9180
6300 7104
6300 8769
6301 6756
6301 8423
6301 9530
6302 9679
6303 8407
6304 7670
6305 9471
6305 8382
6306 8454
6308 9957
6309 6690
6309 8008
6310 8112
6313 6821
6314 7218
6316 9358
6317 6531
6318 9781
6319 9408
6320 6479
6321 8430
6321 9771
6323 6458
6323 8488
6325 7507
6327 8229
6330 8076
6333 7171
6334 7500
6335 7327
6335 6500
6336 6627
6337 8054
6337 9054
6338 9409
6338 8381
6339 8598
6348 7785
6350 7638
6351 6896
6351 8249
6351 8362
6359 7748
6361 8145
6361 7636
6362 6467
6362 9137
6363 9830
6367 9254
6368 8676
6368 7724
6371 8596
6373 6770
6374 6876
6375 7793
6376 8376
6376 9943
6378 7624
6379 7128
6380 7552
6382 9210
6383 9856
6384 6666
6385 9432
6385 7713
6386 7764
6387 7451
6387 8065
6388 6459
6389 7550
6392 7866
6392 6989
6397 9921
6397 9279
6400 9416
6402 8825
6402 6479
6404 8360
6406 8695
6407 7309
6408 6972
6409 8585
6413 6589
6416 6494
6416 9351
6418 7509
6420 9329
6421 6637
6422 8747
6423 8938
6424 7224
6426 7278
6429 9983
6430 8463
6434 8267
6435 7179
6440 7211
6442 7117
6443 9528
6444 9563
6444 7156
6444 9484
6448 9503
6448 7931
6448 9668
6448 7282
6449 9740
6449 6510
6450 6482
6451 9968
6451 6850
6452 9463
6453 8379
6453 7240
6458 7382
6460 7314
6467 8025
6467 8100
6468 7037
6468 7396
6471 6673
6472 8577
6474 8749
6475 7246
6477 9812
6480 7652
6481 7312
6482 8035
6484 9731
6491 9868
6495 7593
6495 8832
6495 8577
6501 7720
6501 9139
6502 7386
6504 9236
6504 7219
6505 9203
6506 8954
6506 9201
6506 8968
6507 6646
6508 9506
6508 9480
6511 9276
6512 6527
6515 7961
6515 8099
6515 7280
6517 9221
6519 6602
6519 6605
6521 8227
6521 8958
6523 8016
6524 9719
6525 9749
6526 6534
6528 8462
6528 9699
6532 6543
6532 7446
6532 8031
6535 7759
6536 8519
6538 6930
6539 7279
6539 9114
6540 7442
6540 8373
6541 7811
6542 9560
6544 9211
6545 7540
6547 7968
6550 9657
6553 8554
6556 8412
6557 7600
6559 9159
6560 7760
6560 9712
6561 8222
6561 9294
6562 8931
6563 8131
6565 7130
6566 7873
6566 6769
6567 7676
6567 9902
6570 8319
6570 8562
6570 7989
6573 8932
6576 8355
6576 8940
6577 8926
6577 9462
6578 8207
6579 6715
6580 7759
6581 8431
6581 9756
6590 8960
6592 8870
6593 9381
6594 7337
6595 9838
6595 7827
6600 7063
6601 8052
6601 8358
6605 8461
6607 7333
6608 7788
6612 7204
6612 7677
6612 7587
6613 8985
6613 9857
6614 9354
6615 9638
6616 7801
6620 7813
6622 9449
6625 8436
6626 9195
6627 9770
6629 7170
6629 8917
6629 6678
6632 6851
6634 8299
6634 8611
6634 9105
6638 7311
6639 7627
6639 9455
6640 8164
6641 6785
6641 8572
6642 6754
6642 9528
6643 7067
6644 7236
6644 7945
6644 8682
6647 9263
6651 7605
6652 9793
6653 9487
6657 8540
6658 8717
6659 7816
6659 7514
6659 7744
6660 7159
6661 7431
6662 8739
6664 9181
6664 9970
6664 8847
6666 8828
6667 7390
6668 8748
6668 9611
6668 8439
6669 7858
6670 8933
6672 8619
6676 9804
6677 8432
6678 7778
6679 9795
6679 8660
6680 6990
6680 9163
6680 8845
6681 7784
6685 7254
6687 8383
6688 7985
6691 8630
6692 8285
6692 8791
6693 9953
6694 8084
6695 7414
6696 8763
6702 7755
6703 7893
6709 9131
6713 8736
6716 7721
6717 7015
6717 7312
6718 7421
6718 9993
6719 9517
6720 7815
6722 8271
6731 8871
6734 8291
6738 8693
6739 9263
6740 9539
6741 7532
6742 7143
6744 9344
6744 8252
6745 7849
6745 9434
6745 9664
6748 9852
6750 9043
6750 7582
6755 9773
6757 8997
6758 7460
6759 9168
6760 6842
6761 8528
6764 7080
6765 7881
6765 8682
6765 9225
6769 9619
6769 9491
6772 9784
6774 7214
6777 6852
6777 9171
6778 8649
6779 6791
6779 8452
6780 8707
6783 9133
6787 8339
6789 7522
6789 9944
6790 7351
6792 9034
6793 7640
6794 7797
6794 9172
6794 9445
6795 9742
6799 6936
6802 9662
6803 8276
6803 8490
6807 7851
6808 8790
6814 8226
6815 7139
6815 7187
6817 7358
6819 6935
6820 9292
6820 8064
6823 8535
6823 9533
6824 7310
6830 8376
6831 7774
6832 9712
6832 7337
6832 7030
6833 7732
6834 8821
6834 9499
6835 7917
6835 9212
6835 7788
6837 9757
6838 8850
6839 9928
6843 9584
6844 9258
6846 9582
6847 7141
6848 7915
6848 8995
6853 9091
6857 8135
6860 7116
6861 8136
6863 9050
6864 9909
6865 7791
6869 6906
6869 7650
6869 8678
6870 9480
6872 7847
6873 9592
6875 7228
6875 9726
6876 7704
6877 9220
6879 9208
6880 7199
6880 9484
6880 8428
6881 7756
6881 9843
6883 7670
6885 8884
6886 7622
6886 6902
6888 7366
6889 7099
6890 9814
6893 9688
6894 8377
6894 9679
6895 9775
6898 8407
6899 7242
6902 9958
6902 9505
6903 9826
6909 8700
6909 7878
6909 8210
6915 8520
6920 7111
6920 8416
6921 9281
6922 7046
6922 8712
6922 8736
6923 7970
6924 8050
6927 9106
6928 8086
6930 8706
6931 8769
6933 8902
6934 7961
6944 7795
6945 9912
6945 9997
6951 9843
6954 8160
6954 7220
6955 7352
6955 7319
6957 9037
6959 8973
6961 8594
6961 9456
6964 8181
6965 8726
6966 8501
6966 8793
6967 9177
6970 8739
6978 7261
6978 9664
6979 7212
6979 8159
6980 7459
6982 8839
6982 9538
6982 7156
6983 7387
6988 9717
6988 9470
6989 8969
6989 7039
6991 9900
6995 8195
6996 8756
6998 9099
7000 9830
7001 9553
7002 8753
7004 8651
7005 7166
7008 8750
7010 9504
7011 9881
7013 9396
7013 8978
7013 9273
7014 7517
7019 7284
7020 8357
7021 7320
7023 7347
7023 8534
7024 9057
7028 7255
7028 8620
7033 8652
7033 8938
7034 9124
7035 9376
7036 8385
7036 9352
7037 9930
7038 8849
7039 7498
7039 7282
7040 9497
7041 7471
7041 9733
7042 8412
7043 9575
7044 9403
7045 9106
7045 7366
7047 8340
7048 9949
7049 8018
7054 9209
7061 8953
7061 8746
7065 8770
7065 8783
7066 7572
7069 9453
7072 7751
7072 7948
7072 8017
7073 8732
7075 9180
7077 7152
7081 8165
7081 8295
7082 8408
7083 9309
7084 7123
7088 8368
7090 9207
7091 7618
7097 7433
7097 8529
7098 7940
7101 8584
7102 9645
7103 9280
7103 7297
7103 8869
7106 7729
7109 8611
7115 9483
7116 7315
7118 9386
7121 7983
7122 9802
7126 7887
7127 8391
7128 7399
7135 8114
7136 7565
7137 9253
7138 9469
7139 8975
7140 7595
7141 8058
7141 8739
7142 8321
7142 8948
7145 8346
7145 9330
7151 7406
7153 7647
7155 7664
7155 9885
7157 8854
7157 8681
7161 9359
7164 7466
7165 9507
7166 8231
7167 7642
7168 7298
7169 7926
7174 9130
7175 9800
7177 9206
7180 7220
7183 7633
7183 7911
7185 9112
7187 8824
7191 9569
7194 8024
7195 8191
7199 8557
7202 8399
7203 9279
7205 9500
7206 7747
7207 9353
7208 8714
7208 7316
7208 9821
7214 9460
7214 9540
7216 8607
7219 7458
7221 9416
7223 7786
7223 9760
7223 9833
7225 7899
7227 8994
7229 9149
7232 7649
7234 7538
7238 9628
7239 8965
7241 8495
7242 8226
7247 9588
7248 7687
7250 8129
7251 9010
7254 9114
7256 8066
7257 7838
7258 7386
7259 7464
7260 8766
7261 9729
7265 8474
7267 8531
7270 7935
7271 7637
7272 7915
7273 7895
7276 9541
7284 8197
7284 7724
7285 7346
7291 9457
7294 8830
7296 7687
7297 9818
7298 8677
7299 7316
7300 9713
7302 8269
7303 9216
7304 9212
7305 9991
7306 9245
7306 9443
7308 9448
7313 9001
7316 8792
7318 8529
7319 8721
7319 9644
7321 8863
7322 7348
7322 9189
7326 8735
7328 8705
7328 9802
7329 9141
7333 8868
7339 8828
7345 8998
7347 7865
7349 8125
7349 8203
7353 9141
7354 9408
7354 8807
7359 9196
7361 9028
7365 9260
7367 7989
7368 9066
7371 7435
7371 8444
7378 9571
7383 8786
7384 9977
7385 7624
7388 7960
7388 7544
7389 8380
7389 9560
7393 7714
7395 8948
7396 7922
7398 9350
7398 8021
7401 8147
7402 9885
7403 9446
7409 9884
7411 9525
7412 8036
7418 9950
7419 7959
7421 7609
7423 8338
7428 9790
7434 8316
7437 7779
7438 9743
7440 7792
7443 9842
7449 8460
7455 8189
7458 8112
7458 7681
7460 8600
7466 7801
7467 8292
7468 7488
7470 9662
7472 9121
7474 7739
7475 8440
7476 8525
7476 9440
7477 9252
7478 8796
7479 9444
7479 8429
7480 8718
7481 8410
7485 8475
7496 9250
7500 9211
7501 9829
7501 8226
7503 7683
7506 7986
7507 9175
7509 9240
7510 8599
7511 7842
7511 9232
7512 9699
7513 9470
7514 7996
7516 9683
7516 8468
7518 8064
7522 8667
7525 9604
7526 9462
7527 9328
7527 8065
7528 8474
7531 9022
7534 8424
7535 9649
7538 9072
7541 9295
7546 7682
7548 7968
7549 9306
7550 9058
7551 9016
7552 8532
7554 8156
7554 9812
7556 7699
7559 8500
7562 9112
7564 8068
7565 9624
7567 8670
7567 9316
7570 8536
7571 8825
7572 7797
7575 8733
7577 8274
7578 8768
7578 9548
7578 9442
7580 8875
7584 9551
7587 8108
7589 8340
7590 7613
7590 9471
7594 8425
7595 8403
7596 9376
7601 8072
7602 9097
7604 9372
7606 8420
7606 8091
7608 9763
7608 9068
7610 7763
7611 7908
7612 9415
7612 9196
7615 9410
7616 9052
7616 9285
7616 8198
7618 8032
7620 9287
7623 7951
7623 7993
7624 9308
7627 8663
7628 9943
7632 9325
7634 9422
7634 8213
7637 9497
7638 8597
7646 8856
7646 8331
7647 8109
7653 8351
7654 8026
7654 8846
7655 9086
7656 9616
7657 9054
7658 8815
7659 8017
7661 8556
7662 8686
7666 9024
7666 9519
7671 9979
7673 9696
7674 9661
7675 9261
7676 9979
7678 8070
7678 9988
7679 7780
7684 7719
7686 9890
7690 8957
7691 9163
7692 7997
7692 8023
7693 8598
7695 7992
7698 9833
7702 8161
7704 9586
7705 8003
7706 8085
7709 8737
7710 9398
7713 8555
7714 9453
7714 9722
7718 9351
7721 7838
7723 8584
7727 8414
7728 9613
7730 8512
7735 8156
7737 8210
7742 9490
7745 8470
7753 9054
7756 9637
7759 9018
7761 9703
7765 8335
7765 9595
7770 9088
7770 9702
7771 9949
7772 9376
7773 8612
7775 9319
7775 8802
7781 8780
7781 8115
7783 9266
7792 8333
7799 8859
7799 8997
7801 8702
7802 7893
7803 9803
7804 9385
7807 8774
7808 8127
7809 8172
7811 9469
7813 9676
7814 9638
7817 9861
7818 7929
7818 9956
7819 9925
7821 9635
7821 8803
7821 7950
7824 8442
7825 9110
7828 9523
7830 9644
7831 9070
7838 8084
7840 8382
7845 7894
7845 7981
7845 8077
7847 8614
7849 9278
7852 8973
7853 8150
7857 9490
7859 9342
7861 7983
7866 9985
7868 9943
7868 9205
7868 7950
7868 9314
7870 8686
7871 8238
7875 9848
7876 9436
7889 9808
7890 8782
7890 7968
7893 9140
7896 9149
7902 9108
7903 9384
7905 8718
7907 9644
7910 8516
7912 9700
7914 8242
7914 8696
7918 9202
7921 9560
7925 9779
7925 8083
7927 9685
7928 9890
7932 9568
7934 9828
7934 9872
7936 9163
7942 8102
7944 9150
7945 8946
7946 9917
7951 8818
7953 8819
7953 9668
7954 9914
7955 8088
7959 9129
7960 9267
7964 8183
7974 8027
7980 9696
7981 8924
7982 8582
7983 9911
7984 8371
7986 8691
7986 9044
7993 8846
7998 9561
8000 8340
8001 8139
8009 9399
8009 9695
8011 9421
8013 8785
8013 9468
8016 8489
8023 9281
8026 9842
8029 9714
8039 9649
8040 8127
8043 8654
8043 9262
8043 8700
8044 9855
8046 9649
8047 8448
8049 8842
8053 8470
8059 9865
8061 9695
8067 9783
8069 9670
8069 8384
8073 8951
8073 9243
8074 9930
8075 9726
8076 9917
8077 8354
8077 8807
8081 9399
8082 8602
8083 9336
8084 8919
8086 9881
8088 8518
8089 8284
8094 8443
8100 8486
8102 9250
8104 8758
8107 9259
8111 9723
8111 8697
8113 9225
8116 9464
8118 9663
8119 8153
8120 9116
8126 9379
8126 8521
8130 9832
8133 9359
8134 8728
8141 9825
8143 8853
8145 8278
8150 8860
8158 9209
8164 9769
8167 8347
8169 9427
8170 9796
8171 8826
8173 8514
8175 9442
8178 9900
8179 8824
8180 8250
8181 8203
8181 9424
8186 9980
8186 9206
8189 8350
8193 8707
8198 9051
8200 8465
8200 9886
8203 8639
8205 8684
8210 9664
8215 8915
8220 9383
8222 9601
8228 9057
8234 8298
8236 9345
8237 8476
8240 9448
8243 9656
8248 8475
8251 8269
8251 8456
8253 9815
8255 9750
8258 9978
8263 8878
8270 9214
8277 8731
8277 8503
8280 8309
8285 8713
8285 9552
8286 9673
8289 9016
8299 8477
8301 9527
8305 9263
8307 8395
8308 8640
8308 9858
8311 8952
8314 9312
8315 8467
8316 9951
8317 8455
8320 8952
8333 8772
8334 9990
8336 8584
8337 9793
8342 8831
8343 9880
8360 9520
8366 9215
8368 9244
8368 8419
8370 9209
8373 9375
8381 8729
8384 9584
8391 9363
8392 9713
8394 9457
8398 8970
8408 9074
8409 9573
8411 8628
8411 9335
8421 9957
8426 8771
8428 9290
8429 9735
8431 8907
8436 9291
8439 9108
8442 9881
8451 9701
8460 9099
8461 8507
8463 9655
8465 8605
8467 9005
8467 9579
8472 9598
8475 9953
8480 9298
8484 9187
8485 8722
8487 8533
8494 8840
8495 9208
8496 8722
8499 9547
8500 9965
8502 9023
8503 9404
8508 8631
8511 9805
8515 8865
8516 8978
8517 9079
8517 9620
8517 9108
8519 8896
8521 8665
8526 8885
8529 9083
8531 9438
8532 9450
8537 9287
8541 9489
8541 9891
8544 9143
8545 9958
8546 9941
8547 9474
8551 9161
8551 9013
8554 8769
8560 9133
8561 9223
8563 9216
8569 9774
8570 9837
8571 8979
8572 9725
8577 9492
8579 9234
8584 8602
8584 9219
8587 9301
8591 8848
8595 8870
8616 9118
8627 9727
8629 9241
8637 9485
8641 9630
8643 8878
8644 9163
8645 9288
8646 8765
8653 8805
8653 9570
8654 8804
8655 9312
8660 9809
8661 9120
8661 8670
8668 9226
8672 8789
8678 9374
8680 8687
8685 9868
8686 9719
8702 9627
8703 9438
8706 8900
8708 9853
8710 9252
8712 9057
8721 8963
8723 9874
8724 9772
8731 9686
8732 9841
8732 8927
8737 9879
8739 9116
8750 8990
8754 9536
8754 9522
8755 9173
8762 9605
8764 8793
8765 9283
8773 9629
8775 8946
8777 9778
8785 8976
8786 9387
8787 8852
8789 9663
8791 9069
8796 9322
8802 9780
8806 9906
8808 9849
8808 9124
8811 9949
8813 9861
8815 9377
8827 8865
8827 9293
8840 9653
8852 9141
8853 9955
8859 9732
8862 9638
8872 9478
8874 9599
8877 9067
8878 9015
8884 9192
8887 9550
8888 9002
8894 9931
8898 9402
8901 9198
8901 8925
8908 9715
8912 9168
8918 9268
8918 9368
8921 9862
8923 9500
8925 9975
8927 9388
8930 9583
8935 9707
8943 9922
8944 9960
8948 9019
8950 9835
8962 9417
8963 9518
8971 9551
8974 9887
8977 9662
8989 9807
8995 9784
9001 9586
9004 9398
9010 9577
9011 9291
9013 9494
9014 9310
9022 9770
9027 9271
9031 9603
9032 9599
9039 9102
9045 9838
9048 9712
9058 9893
9068 9817
9076 9199
9092 9658
9100 9214
9109 9704
9115 9339
9118 9690
9126 9501
9128 9944
9128 9534
9136 9888
9136 9757
9143 9852
9153 9663
9155 9192
9156 9376
9159 9524
9167 9859
9171 9962
9175 9609
9179 9863
9183 9725
9191 9269
9192 9804
9195 9746
9205 9234
9209 9570
9213 9588
9214 9533
9216 9442
9228 9993
9229 9345
9230 9619
9232 9501
9233 9548
9237 9682
9238 9642
9252 9632
9256 9318
9257 9758
9260 9933
9264 9814
9273 9739
9296 9444
9298 9785
9314 9535
9335 9435
9366 9877
9367 9511
9368 9948
9371 9437
9372 9681
9375 9742
9380 9731
9387 9479
9387 9798
9393 9966
9395 9854
9403 9927
9407 9986
9412 9537
9418 9492
9429 9840
9430 9927
9439 9692
9441 9899
9442 9509
9447 9726
9449 9737
9452 9690
9459 9756
9470 9817
9476 9539
9477 9856
9505 9907
9519 9525
9532 9609
9532 9933
9534 9747
9539 9617
9567 9626
9578 9628
9580 9994
9610 9659
9617 9937
9621 9690
9624 9707
9625 9877
9629 9924
9665 9761
9666 9689
9699 9971
9758 9851
9796 9854
9797 9809
9804 9945
9874 9968
9886 9986
9905 9997
