500 499
0 15
0 251
1 306
2 333
2 285
3 379
3 484
4 182
5 66
5 231
5 499
6 496
6 299
7 405
7 223
8 91
8 409
9 145
9 194
9 20
9 380
10 176
11 435
11 62
12 495
13 269
13 137
14 289
14 90
16 177
17 182
17 301
18 480
18 322
19 96
19 471
20 410
21 476
21 28
22 270
23 77
23 62
24 117
24 188
24 314
24 78
24 452
25 438
25 345
25 294
26 274
26 149
26 152
27 197
27 316
28 483
29 162
29 323
30 338
30 251
31 445
31 385
32 421
33 120
33 146
33 412
34 286
34 479
35 459
36 135
36 490
37 216
38 253
38 407
39 101
39 215
40 213
40 171
41 471
41 368
42 45
42 173
43 131
43 385
44 151
44 316
44 244
45 265
45 481
46 285
46 96
47 434
47 312
48 86
48 421
48 131
49 374
49 455
50 311
50 484
51 292
52 436
52 220
52 102
53 312
53 319
53 442
53 211
54 205
54 123
55 174
55 320
55 283
56 296
57 84
58 169
58 360
59 327
59 287
60 280
60 260
61 260
61 243
62 65
62 376
62 74
63 440
63 319
64 82
66 243
67 223
67 352
68 218
69 457
69 101
70 82
70 323
71 371
71 143
71 200
72 237
72 492
72 324
73 212
73 235
74 103
74 99
74 260
75 169
76 188
77 259
77 334
78 110
79 363
79 482
80 388
80 204
81 292
83 126
84 485
84 454
84 238
85 443
87 264
87 282
88 186
88 488
89 459
90 464
91 463
92 384
92 493
92 399
93 444
94 306
95 331
95 227
96 228
96 382
96 343
96 134
96 112
97 257
98 432
98 468
99 291
99 330
99 426
99 468
100 203
100 168
100 181
100 324
100 155
101 429
102 180
103 455
104 156
104 414
105 364
105 234
106 273
106 304
107 443
107 141
108 396
109 461
109 340
110 323
111 262
111 124
111 378
112 483
113 263
114 469
115 489
115 227
116 395
118 353
119 302
119 165
121 225
121 335
122 219
122 189
123 460
123 490
124 474
125 151
126 148
127 408
127 325
128 453
129 397
129 290
130 327
132 285
133 276
133 138
133 214
134 402
136 260
137 482
137 350
137 236
138 199
138 422
139 258
139 143
140 142
140 294
141 431
143 233
144 179
147 411
148 328
148 362
149 196
149 360
150 354
150 296
152 490
152 357
153 319
154 160
154 214
154 282
155 337
157 419
158 341
158 370
158 189
158 213
159 192
161 470
162 412
162 498
163 281
163 245
164 396
165 205
166 384
167 246
167 232
168 234
168 282
169 453
170 464
170 390
171 268
171 466
172 400
172 381
173 367
173 187
173 221
173 329
174 207
174 417
175 411
176 389
176 422
177 416
178 446
179 403
179 468
180 298
180 355
181 378
183 421
184 347
184 275
185 301
185 299
185 405
187 449
189 444
190 279
190 288
190 416
191 374
192 246
193 227
194 326
195 407
195 409
196 293
198 460
200 437
200 344
201 346
202 224
202 348
202 442
204 278
205 256
205 309
205 275
206 349
207 229
208 457
209 226
209 404
209 470
210 444
211 414
211 212
212 424
215 344
215 489
216 328
217 345
218 427
218 332
218 275
219 232
220 271
220 456
221 352
222 448
227 307
229 349
230 420
231 235
235 451
236 339
236 303
238 473
238 248
239 404
240 337
240 247
241 266
242 415
242 287
242 275
244 252
245 306
247 477
248 491
249 385
250 300
251 399
252 487
252 253
253 462
254 337
255 326
257 362
257 325
258 385
260 441
261 390
262 318
262 372
263 407
264 300
266 356
266 454
267 420
268 447
270 345
272 333
277 289
278 306
281 475
283 485
284 305
290 446
292 479
293 359
294 305
294 493
295 440
296 379
297 346
297 303
297 311
299 459
302 307
304 305
306 320
308 409
310 346
311 419
313 409
313 469
314 423
315 381
315 358
315 450
317 453
321 424
322 439
325 471
327 413
329 467
332 366
332 494
335 399
335 439
336 456
337 361
340 377
340 427
342 434
343 391
344 430
345 458
346 406
350 439
351 452
351 373
353 418
354 375
355 374
357 431
357 428
358 470
360 373
365 482
366 396
368 495
369 497
380 499
383 430
385 433
386 406
387 407
388 446
390 392
390 498
393 411
394 464
395 443
398 491
398 413
401 457
404 416
410 484
411 424
413 420
414 428
415 495
416 465
418 486
421 450
423 467
424 486
425 427
431 488
442 448
446 469
447 497
454 477
454 466
458 478
472 493
479 487
