5000 4999
0 130
0 4945
0 673
0 4786
1 1761
1 4407
1 3796
2 4066
3 3403
3 4066
3 672
4 4845
5 388
6 1026
6 1298
7 1727
7 2955
8 3872
9 1115
9 493
10 3711
11 1687
11 2407
11 2275
11 4050
12 2128
12 1225
13 4743
13 2501
13 3232
14 4184
15 2570
16 1424
16 4199
17 264
18 4033
19 959
19 4967
19 123
20 2784
20 2780
21 83
21 298
21 3790
21 2669
22 2324
22 1300
23 922
23 598
23 899
24 992
24 491
25 1025
25 414
26 730
26 4017
26 556
26 4496
27 812
27 222
27 3000
28 1742
29 552
29 3928
29 1226
29 4982
29 786
30 1336
30 4494
30 4543
31 826
31 3938
32 4627
32 4497
33 1857
33 4426
34 4706
34 1914
35 1745
36 3464
36 3781
37 3951
37 3624
37 3732
38 4852
38 341
39 464
40 1430
40 1596
40 4753
41 4410
42 1178
43 541
43 4309
44 451
44 4740
44 1648
45 1622
45 2740
45 1632
45 3267
46 4520
47 498
47 3312
47 4940
47 903
48 2638
48 1370
49 2636
49 1749
50 687
50 1137
50 1309
51 2823
52 3544
53 1425
54 2842
55 284
55 4001
55 2768
55 2564
56 2467
57 2615
58 2840
59 660
59 2301
59 2018
60 2218
60 3497
61 3542
61 1402
61 3782
62 367
63 1406
64 1373
65 3732
66 2364
66 591
67 4618
68 1189
68 1267
69 1806
70 2645
70 251
71 631
71 394
71 4233
72 3637
72 3869
72 4200
72 1688
73 3892
73 1300
73 4771
74 1623
74 2035
75 1184
75 200
76 2962
76 4717
77 3955
77 1477
78 4309
78 1148
79 804
80 2788
80 1949
80 4759
81 2277
81 953
82 3659
82 811
82 813
84 4785
84 3572
85 3291
85 591
86 3665
86 3328
87 4204
88 3392
88 4999
89 1448
90 1866
91 1207
92 4990
93 2403
93 1608
93 3745
94 1244
95 2072
95 4173
95 4628
95 958
96 3670
96 3220
97 565
98 1778
98 3464
99 2911
99 1317
100 1673
100 2844
100 4084
101 4311
101 4907
102 917
102 4032
103 655
103 485
104 3299
104 3641
105 4383
105 2440
106 4117
106 3897
106 1404
107 3679
107 1297
108 4477
109 4266
110 2392
110 2212
111 2042
112 1064
112 1650
112 2212
112 766
113 2502
113 1787
114 4866
115 2200
116 4588
116 795
117 728
117 1265
117 3851
118 2230
118 575
118 4733
118 408
119 425
119 4860
120 3530
121 4934
122 1160
122 2154
123 4421
123 1635
124 2173
124 2122
125 2871
125 4511
125 1496
125 4328
126 2213
126 3166
126 2338
127 2673
128 2314
129 2131
131 4746
132 3946
133 1705
133 3023
134 3694
134 161
135 3346
135 3096
136 1296
136 2619
137 3433
138 3561
139 4998
140 3404
141 4944
142 1158
143 171
144 542
144 3948
144 4103
144 497
145 352
145 2875
146 4228
147 1413
147 884
148 4529
148 4668
148 2291
149 294
150 1677
150 3227
150 1304
150 2904
151 237
151 3307
151 2136
152 4172
152 4088
153 279
153 2899
154 691
154 3449
155 3345
155 1911
155 3269
156 2069
156 3668
157 4335
157 3425
158 4193
159 2460
160 1688
160 3588
161 3255
161 2686
162 3239
163 331
163 3461
164 4886
164 1861
165 2779
165 3714
166 893
166 4941
167 2089
167 2470
167 4815
168 806
168 4183
169 2721
170 944
170 1860
170 1680
171 3572
172 4668
173 4569
174 4152
174 3295
175 4510
175 735
175 3118
176 1076
176 2590
177 2185
177 2202
177 1353
177 1982
178 4850
178 3416
178 2463
179 3665
180 3205
181 594
182 4215
183 4701
183 3722
183 1768
184 3922
184 4654
184 407
184 4140
184 3607
185 3131
185 2146
186 3534
186 2553
187 3390
187 3200
188 4165
189 3845
189 4028
189 4758
189 4081
190 3811
190 2689
191 1970
191 4178
192 1712
192 1837
192 4096
192 1799
192 2987
192 1360
193 374
193 3194
193 4126
194 3913
195 1354
195 1329
196 3043
196 921
197 238
198 856
198 2663
198 1402
199 1967
199 3879
200 1044
200 3889
200 4728
200 990
201 2305
201 1028
202 1357
202 1575
202 2541
202 1311
203 1230
203 1902
204 3050
205 3440
205 3163
206 2785
207 2350
208 2953
209 4379
210 4336
210 4964
210 829
211 216
211 2440
212 4147
213 1022
213 1464
213 4881
213 3794
213 1071
213 3310
214 2466
214 1994
215 1003
215 3655
216 743
217 4049
218 1693
219 308
220 4089
221 4264
221 942
222 3357
222 4904
222 1521
223 4002
223 4157
224 2505
225 3670
226 4519
226 2672
226 3344
226 2670
227 4551
227 2083
228 3512
228 2601
229 4924
229 3288
230 1828
230 765
231 4523
232 341
233 522
234 2257
234 4990
234 4174
235 3119
236 693
238 1452
238 2788
239 3406
239 2863
240 2431
240 1164
241 1583
241 1653
241 1328
242 1355
242 4276
243 1345
244 4530
244 4133
245 2875
245 3952
246 3536
247 1934
247 4516
247 384
248 436
248 4236
249 4072
250 502
251 2206
251 2910
251 2457
251 1682
252 1886
252 970
253 2409
254 4248
254 4045
255 305
256 3995
257 4869
257 1317
257 1906
258 2377
258 4059
259 2020
260 4907
260 2149
260 1032
261 1613
261 4671
261 2354
262 2408
262 1836
263 959
264 4433
264 2439
265 4973
266 3487
266 1989
266 3461
267 4277
267 1339
268 2826
268 1608
269 2743
269 444
270 2300
271 3788
271 411
271 4602
272 703
273 3037
274 2341
274 3772
274 4398
275 1426
275 1048
275 2509
275 4229
275 439
276 1898
277 3328
278 3535
278 3936
278 2834
278 3145
278 3242
280 1346
280 388
280 3168
281 2546
282 4821
283 971
283 4761
283 4715
285 3739
285 896
286 544
287 4349
288 1227
288 4457
288 2941
289 2186
290 2600
291 4726
292 4931
292 2912
293 3766
294 438
294 4905
295 993
295 1796
295 665
296 3433
297 653
297 3222
297 4497
299 4856
299 493
300 3501
301 1814
301 2584
302 1055
303 1371
303 1958
304 4934
305 519
305 2710
305 4162
305 4242
306 2497
306 3302
307 3940
308 1457
309 2263
310 358
310 931
311 940
312 3187
313 4688
313 4039
314 4085
314 4862
314 2297
315 4946
316 4587
317 1112
317 1319
317 2141
317 4631
318 332
319 366
319 1615
319 1466
320 4590
321 1307
321 2327
321 807
321 4199
321 335
322 1029
322 836
323 4126
323 2963
324 1045
324 4521
324 3994
325 1785
325 655
326 2791
326 3778
326 892
327 2362
327 2448
328 3667
329 2777
330 1917
330 2657
330 4426
330 4910
330 1255
330 3801
331 2523
332 3486
333 3671
334 820
334 1926
335 2434
336 3172
336 3162
337 745
337 898
338 3382
339 3673
339 578
340 4379
341 4534
341 1043
342 1968
342 4162
343 1873
344 3460
345 3105
346 476
346 1823
346 680
347 1480
348 4625
348 1865
349 2051
349 3469
350 2480
350 3555
351 2078
351 4485
352 4696
353 920
353 4801
354 413
354 4532
355 1634
356 2321
356 3888
357 4255
359 567
359 3899
359 3548
359 992
360 1517
361 391
361 2942
362 494
362 458
363 1920
364 4695
365 1021
365 784
367 2979
368 3975
368 4569
369 1187
369 4848
369 3947
370 2426
370 3122
371 1391
371 3235
371 4072
372 3419
372 1279
373 3638
374 1233
375 400
375 4826
376 3961
377 1359
377 1847
377 755
378 1952
378 4131
379 1710
379 951
379 1651
380 4597
380 4957
380 3907
381 4668
382 4805
382 2575
382 4069
383 4734
384 3614
384 2808
385 1700
385 2357
385 4050
385 3433
385 2899
385 4956
385 3080
386 4280
386 4463
387 892
387 4961
387 4040
388 1764
388 1787
389 2889
389 3154
389 2014
390 2897
391 4863
392 1219
393 3284
394 4776
395 3395
396 634
397 4327
397 1653
398 2812
399 1552
400 3409
401 4361
402 3336
402 3323
403 730
404 3086
404 1575
405 1435
405 3732
406 3949
406 3972
407 799
408 4166
409 1884
410 437
410 4406
410 3012
410 2211
411 4009
412 3056
412 2826
414 4099
415 4182
415 3168
415 2126
416 2000
416 4567
416 3710
417 4579
418 4261
418 4784
419 3727
420 3022
421 1120
421 1582
421 4784
422 2931
422 3600
423 2723
423 3446
423 2036
424 1902
424 2108
426 4427
426 1847
427 2800
428 1729
429 4785
430 674
431 2658
432 2482
432 3129
432 3916
433 4064
433 1087
434 4996
434 1360
435 3775
436 4097
436 1259
438 4090
438 1117
438 953
439 3115
439 3029
440 868
440 1893
440 4186
441 4634
442 4057
443 3692
443 1669
444 3774
444 1709
444 3484
444 3607
445 494
446 543
446 949
447 2463
448 900
449 517
449 3323
449 2714
450 2057
451 1646
452 1892
452 4054
452 779
453 4499
453 3868
454 4606
454 4942
455 2336
455 544
456 1393
457 2158
457 1600
457 3315
458 1544
458 900
458 4375
459 2111
459 2057
459 506
460 1404
460 4349
461 1146
461 2879
462 3872
463 2907
464 3315
465 4947
465 1614
466 1107
467 4227
467 865
467 4190
468 2842
469 754
470 4080
470 4045
470 1838
471 2521
472 3177
472 860
473 1705
474 4655
474 4699
474 3646
474 3819
474 4656
475 1966
475 717
476 849
477 825
478 2994
478 3674
479 1770
480 3286
480 990
481 1691
481 1028
481 1106
482 4273
483 3732
484 3328
484 4568
484 2161
485 1237
485 3642
486 3068
486 4665
486 2239
487 1044
488 2991
488 2580
489 2591
489 1708
490 516
491 1899
492 2381
492 934
493 2445
493 2497
495 786
496 3902
496 2442
497 3727
497 1338
497 1210
498 1061
498 3442
499 844
499 837
500 1081
500 1460
501 2318
502 3473
502 4583
503 3719
504 3647
504 3619
505 4347
505 3018
506 1880
506 2574
507 4971
507 1960
508 2678
508 4987
508 2249
509 520
510 3460
510 2748
511 4783
511 2254
511 763
511 4992
512 2725
513 3434
514 1101
514 4856
515 2648
515 3321
515 4047
516 2641
516 2205
516 1796
518 1319
520 3438
521 4544
521 3396
522 4880
522 2028
523 2258
523 4170
523 1547
524 3991
525 2715
526 4243
527 1481
528 748
528 4235
529 1172
530 2855
531 2276
532 3153
533 889
533 4614
534 4606
535 1985
535 727
535 883
535 4892
536 641
536 2537
536 2692
536 4641
536 2154
537 1230
538 3493
539 1251
539 3281
540 933
540 905
540 3182
543 4041
543 3925
544 1751
545 3062
546 3800
546 3635
547 4070
547 4756
547 1651
547 1087
548 4952
549 1925
550 4759
550 3519
551 2709
551 3347
551 3810
552 765
553 3663
554 2499
555 3904
555 3893
556 1567
556 829
557 1309
557 1595
558 2792
558 4814
558 4437
559 2700
560 4107
560 1267
560 1833
561 1172
561 4800
561 3638
561 1644
562 2598
562 1420
563 4048
563 4214
563 3546
564 4430
565 3557
566 4884
566 3366
568 3434
568 3115
569 4707
570 3966
570 3796
571 2254
572 2982
572 4719
573 2152
573 2904
573 1007
573 3069
574 3190
575 1912
576 4267
576 2684
576 4424
577 2660
577 2938
577 3778
578 1748
578 4441
579 4105
579 2289
580 1434
580 4838
580 1125
581 912
581 3438
581 3374
582 4840
583 719
584 2037
584 4945
585 1877
585 3088
586 2063
587 2291
588 1875
588 2631
588 3847
589 1668
590 923
590 3525
591 1662
592 4779
592 2037
593 4982
594 3522
595 1462
595 1034
596 4396
597 3743
597 1969
597 4584
598 4871
599 3142
599 694
600 4047
601 2560
602 2651
602 2594
603 2376
604 2424
605 2795
605 2320
606 1903
606 3708
606 1952
607 2722
607 3963
607 1648
607 3292
608 843
608 801
609 3624
610 1779
611 2513
612 4024
612 3031
613 1363
613 1482
614 2955
615 2874
616 3404
616 2292
617 2560
617 1224
617 937
617 1335
617 4862
618 2878
619 4932
619 1212
620 1275
620 4970
621 2079
621 3499
621 3215
622 3139
623 3744
624 817
624 3702
625 1542
625 2808
626 2446
626 4258
627 2858
627 3596
627 2449
627 4460
628 4194
629 2778
630 4882
632 3057
632 1043
633 3933
634 4250
634 2795
635 1718
635 2081
636 4077
636 2946
637 3836
637 898
638 2934
639 2273
640 802
640 3694
641 699
642 4846
642 2836
643 4314
644 4598
645 4320
645 3246
646 1248
647 4958
647 1191
648 878
649 3078
650 1835
650 3962
651 3491
651 2843
651 4735
651 1806
652 662
653 1724
654 759
654 682
655 4329
656 2167
656 4479
657 4942
658 4776
659 1790
660 1037
661 3562
661 4040
661 2025
662 1199
662 3733
663 3657
663 4935
664 3382
664 4894
665 1342
666 3990
666 1762
667 4914
668 2463
669 1491
669 4619
669 4383
670 2761
670 4472
670 2881
671 1206
671 2227
671 1142
672 3927
672 4416
672 3611
673 3107
673 3855
674 1293
675 2105
675 2251
675 2892
676 4292
676 3212
677 3174
677 4619
678 1889
679 4909
680 1723
680 1775
680 3311
681 1369
681 2565
682 4617
683 1149
683 739
683 3635
683 4637
683 3602
684 4243
685 1761
686 4165
686 1635
688 1476
688 783
689 2512
690 3079
690 3321
691 2451
691 4549
692 2366
692 1135
692 1760
693 749
694 1713
695 3697
696 3414
696 4265
696 4811
697 3196
697 3293
697 1268
697 2567
698 3214
700 3317
700 1862
701 2288
701 4131
702 2267
702 893
703 4016
704 1763
705 2309
706 1285
706 2011
707 4396
708 2125
709 893
710 4587
710 751
711 1512
712 2739
713 1734
713 4717
714 2086
715 3939
716 2164
716 2729
717 1997
718 4468
719 3950
720 1577
721 2851
721 1918
721 3786
722 1247
722 4883
722 3776
722 4103
723 3093
724 4387
725 2704
725 3633
726 3505
726 2595
727 1118
727 3305
728 1204
729 1517
729 1200
730 4873
731 2013
731 3335
732 3684
733 1794
733 3100
733 2617
733 4850
734 4141
734 4312
735 970
735 4522
736 1434
737 1378
738 1687
739 1773
740 4129
741 2922
741 3646
742 2160
744 822
744 1389
744 3012
745 4454
746 4552
746 866
746 2337
747 3114
748 3854
749 2420
749 4282
749 4752
749 2594
750 1843
750 1824
750 3453
751 2833
752 3227
753 3525
753 3849
754 855
754 2752
755 3483
756 3953
757 857
758 1827
760 1564
760 2228
760 1525
760 2061
761 2496
762 3000
763 979
763 3290
763 2418
763 3036
764 3721
766 3114
766 1955
767 4747
768 2070
769 1734
770 1573
770 841
771 2172
771 4412
771 4380
772 3152
773 1207
773 3201
773 3420
773 1636
774 2852
775 1794
776 881
777 2086
778 2123
778 3676
778 1848
778 2968
779 1823
780 4321
780 1108
780 1370
781 1236
781 4868
782 3577
783 1330
783 2494
784 2255
784 1224
785 3092
785 886
786 2447
786 4181
786 3862
787 2486
788 810
789 3895
790 832
791 1778
792 2511
792 3225
792 1890
793 1280
793 3771
794 2479
794 4643
795 4052
795 1365
796 4136
796 2527
797 3228
797 1391
798 3329
798 3634
799 1113
799 2580
799 1649
800 873
800 2176
801 1375
803 2103
804 2053
805 2569
807 1433
807 1099
808 1557
808 2737
808 4598
808 1729
809 3316
809 1736
809 3822
810 3696
811 4820
813 3289
814 3006
814 907
815 3470
816 3785
817 1133
817 4600
818 1813
818 4253
819 1863
819 3474
819 4734
821 1528
821 4757
821 4996
822 1752
822 4685
823 2694
823 2699
823 941
824 2319
825 2502
826 2485
827 1340
828 1383
828 4685
829 2828
830 1446
831 3755
831 1125
832 858
833 2880
834 995
834 1672
835 3518
835 1552
836 3965
836 3631
837 4993
837 1177
838 3208
838 4316
839 3714
839 3480
840 1812
840 3783
841 1594
842 1698
843 2203
844 4592
844 1100
845 4687
846 3101
847 2863
848 1779
848 3530
850 2137
850 2871
851 3936
852 1933
853 2039
854 4351
854 3513
855 1471
855 3528
857 1350
857 2295
858 2874
859 1264
859 4491
860 4793
860 3438
861 2482
862 1942
862 3243
863 972
863 2923
864 2913
865 2349
865 3478
865 1193
866 4300
866 2970
867 4803
869 2242
869 2091
870 4555
870 2824
871 1662
871 3597
872 2741
872 4264
873 4922
874 4197
875 4913
876 4095
877 2136
877 1575
878 1937
879 4807
880 2125
880 4458
880 2299
880 4543
881 2572
881 2950
882 3356
882 2414
883 3913
884 1128
884 4755
885 3455
885 3249
886 1489
886 980
886 2448
887 2382
888 4105
889 1431
890 3020
891 4387
892 3930
894 1066
894 4819
895 4912
896 1013
897 4626
897 3175
898 3123
899 2068
900 2098
900 4686
900 4911
900 4068
901 4473
902 3041
902 4332
903 1578
904 4258
905 3723
905 2388
906 1742
906 3957
906 2305
907 2167
908 4368
908 4962
908 3338
909 3233
910 1911
911 4215
912 1164
913 2241
914 2115
914 3618
915 4471
915 1053
916 2530
916 4703
916 4373
917 3566
917 2372
917 3288
918 2551
918 965
918 1205
919 3429
919 1469
919 1661
920 1920
920 4652
921 1925
922 1423
922 2800
922 4829
924 2708
924 3361
925 4541
926 3272
927 1392
927 3820
928 1053
929 3202
930 3493
931 3988
931 3154
932 4125
932 3819
933 1513
933 1082
934 2080
934 1722
934 1850
934 1230
935 2728
935 1373
936 4636
936 4026
937 1825
937 3621
937 4689
938 2121
938 2231
939 4348
940 2426
941 3729
941 1077
941 4343
941 3132
942 2534
942 2319
942 1098
943 1671
943 1990
945 2476
945 1974
946 1050
946 3265
947 3346
948 4615
948 2937
949 4719
950 2505
951 1415
951 2714
952 4143
952 1195
952 3663
952 4931
953 1258
954 1134
955 1516
955 2583
955 4991
955 3071
956 4464
956 1424
957 2633
957 2424
958 982
960 2528
960 3976
961 3496
962 1633
962 3011
962 3522
963 1310
963 3567
963 3856
964 1341
964 4113
965 4901
965 1661
966 4465
966 4225
967 1478
968 3753
968 1661
969 1341
972 4913
973 1580
974 3289
974 3312
975 4154
976 3055
976 1148
977 3675
978 3761
980 2867
981 3594
981 3762
982 2842
983 3349
983 1048
984 2878
984 4007
985 2011
986 2796
987 1743
987 4522
988 4131
988 2274
989 2597
989 4572
989 3352
990 1166
991 4632
993 2054
994 1366
995 4451
995 4594
996 3270
996 3171
996 4512
996 2494
996 4029
997 2879
998 2270
998 2533
998 3852
999 4284
999 3221
1000 1508
1000 1379
1001 3572
1001 3804
1002 1139
1004 1499
1005 2719
1005 1315
1006 2593
1006 3202
1006 4232
1006 2542
1007 4851
1008 2088
1009 4119
1009 4424
1009 1964
1010 3568
1011 4218
1011 1159
1011 1043
1012 3462
1012 3943
1012 3761
1013 4921
1014 1665
1014 3866
1015 4816
1016 2976
1017 4985
1018 1167
1018 1836
1018 2626
1019 4100
1020 2682
1021 3237
1021 3245
1023 1655
1024 1390
1025 2048
1027 4874
1030 1556
1030 2008
1030 3881
1031 2174
1031 4359
1032 1897
1032 2171
1033 2110
1034 4602
1035 4147
1035 4754
1035 4211
1036 1440
1038 3671
1038 4302
1038 1154
1039 1978
1040 1641
1040 2373
1040 1084
1041 2884
1042 3105
1042 2794
1043 1201
1043 4800
1045 3198
1046 2658
1046 2278
1047 3451
1047 4998
1048 2352
1049 3333
1051 4447
1051 2957
1052 4794
1052 4091
1053 3341
1053 4748
1054 2301
1055 1307
1056 1987
1057 3511
1057 1748
1058 1881
1058 1249
1059 3302
1060 2806
1060 2928
1060 4026
1062 1348
1063 1093
1063 4006
1065 3074
1065 4962
1067 4052
1068 3122
1069 3635
1070 1152
1071 1507
1071 4633
1071 4646
1072 2428
1073 3447
1073 1826
1074 4251
1074 2303
1075 3744
1077 4822
1078 4072
1079 4423
1079 4577
1080 4180
1080 4385
1080 3497
1080 2868
1082 2197
1083 2307
1084 1514
1084 4231
1085 1859
1085 4207
1085 3802
1086 2286
1087 2876
1088 2891
1088 3061
1088 1654
1089 4769
1089 4808
1089 4354
1090 4405
1091 2707
1091 4960
1092 3441
1092 2467
1092 2299
1094 2349
1095 4933
1096 1794
1097 4411
1097 1995
1098 2040
1099 4397
1100 4561
1102 2668
1103 1625
1104 1121
1104 1140
1104 1655
1104 4181
1105 3075
1105 1398
1105 4024
1106 4386
1106 1534
1107 3897
1108 4866
1109 2618
1109 1200
1109 1829
1110 4874
1111 1762
1111 4586
1113 4560
1114 2468
1116 2698
1116 3170
1117 1529
1117 2930
1119 2713
1121 1428
1121 4075
1122 1170
1123 1955
1123 1929
1124 4231
1124 1352
1125 2464
1126 1818
1126 4192
1126 1135
1127 1551
1128 2161
1129 3382
1130 2346
1131 2638
1132 3480
1132 3977
1132 1228
1134 3342
1135 1697
1135 2211
1136 3771
1137 3662
1138 4986
1139 3263
1140 2946
1141 3933
1141 1526
1142 4087
1142 3631
1142 3028
1143 2605
1143 4151
1143 2100
1143 1278
1144 3493
1144 1631
1144 4491
1145 2620
1147 3536
1147 2098
1148 3582
1150 3765
1150 1567
1151 2545
1152 3872
1152 3102
1153 4601
1153 3102
1154 2905
1155 1481
1156 2664
1157 4013
1157 2852
1158 2119
1159 2416
1160 4804
1160 4923
1161 4418
1161 2211
1162 1234
1162 3271
1163 4057
1164 1701
1165 2170
1165 4276
1165 3934
1166 1193
1168 1574
1169 1513
1170 4331
1170 3339
1171 4296
1171 3107
1173 1396
1173 2590
1174 2016
1175 3041
1176 1183
1176 3088
1177 4970
1177 1790
1178 4876
1179 4856
1180 2702
1180 2467
1181 3513
1182 4236
1182 1649
1183 2101
1184 4518
1184 4394
1185 3094
1185 3543
1185 3907
1186 1371
1188 3212
1188 2874
1189 1921
1190 2455
1191 4496
1191 4571
1192 3049
1192 2953
1193 1862
1194 4003
1195 2302
1195 1475
1196 4989
1197 2877
1197 1713
1198 2624
1199 3206
1200 2084
1200 2894
1200 2717
1201 1510
1202 2691
1202 4629
1203 1842
1203 3162
1205 2156
1205 3820
1208 1791
1208 1425
1209 2333
1209 4058
1210 4189
1210 2103
1211 3125
1211 2906
1212 1935
1212 1482
1213 2921
1213 4550
1213 4234
1214 1454
1214 4686
1215 3993
1216 3080
1217 2162
1217 4306
1217 3326
1218 3308
1218 3690
1218 2774
1218 4527
1219 1347
1220 3039
1220 1616
1220 3426
1221 3182
1221 2832
1222 3802
1222 2422
1223 2511
1225 1419
1226 4183
1228 3052
1229 4410
1229 3763
1229 2731
1231 4755
1231 4779
1232 3348
1232 4299
1232 3296
1234 2108
1235 2067
1238 1987
1238 3910
1239 3526
1240 2556
1241 2014
1241 1572
1242 2203
1243 4032
1244 3231
1244 3679
1245 4593
1246 4820
1247 4624
1248 4409
1249 1695
1250 3193
1251 1829
1251 2133
1252 2590
1253 2289
1253 2619
1253 2850
1254 2350
1254 2739
1254 3693
1255 2214
1255 3956
1255 1614
1256 3730
1256 2052
1257 2295
1257 3342
1258 4704
1258 4930
1259 2929
1259 4777
1259 3707
1260 2183
1260 2109
1260 4976
1261 2066
1262 2935
1262 4611
1263 4745
1264 1962
1264 3120
1264 4741
1265 4762
1266 3909
1266 3352
1266 3024
1267 4709
1268 3803
1269 3608
1270 1659
1270 4428
1270 3152
1270 2848
1271 1388
1272 4456
1272 1600
1273 2112
1273 3672
1273 4196
1273 4390
1274 1384
1274 3139
1274 4828
1274 1570
1274 1530
1276 2372
1277 3958
1278 2499
1279 2005
1279 2584
1279 4308
1281 4022
1282 3948
1283 4161
1284 2340
1286 2928
1287 4010
1288 2428
1288 2636
1289 4765
1289 4350
1290 4607
1291 2648
1292 3387
1293 1554
1293 3725
1293 4640
1293 2935
1294 4155
1294 4290
1294 3974
1295 3017
1296 1747
1297 4262
1298 4193
1298 2449
1299 4143
1300 2771
1301 3645
1301 1904
1301 4573
1302 3127
1302 2555
1302 1986
1303 4258
1304 2340
1304 3314
1304 3448
1305 4337
1305 4370
1306 4436
1306 2625
1308 2756
1308 4912
1311 2839
1311 2740
1312 4718
1313 3937
1314 1994
1314 2490
1315 3504
1315 1560
1315 4659
1315 1521
1316 1437
1318 2315
1318 1602
1320 4819
1321 3340
1321 4887
1321 3794
1322 3212
1323 4080
1324 4662
1325 2191
1326 1438
1326 3634
1327 2568
1328 4966
1328 4871
1329 4747
1331 3483
1331 1662
1332 3685
1332 2582
1333 3671
1334 3201
1335 1530
1336 4108
1337 1811
1337 4241
1338 3526
1339 4804
1340 2150
1340 4266
1342 3488
1342 4379
1342 4649
1343 1960
1343 4795
1344 4036
1344 3221
1344 3123
1345 3180
1345 4719
1347 4859
1348 3782
1349 2165
1349 4395
1351 1543
1351 2570
1351 4859
1352 3149
1353 3381
1355 3046
1356 2453
1358 2974
1358 4398
1360 3435
1361 1445
1362 2611
1364 3243
1365 1655
1366 3272
1366 4881
1367 2180
1367 4405
1367 1672
1367 1632
1368 2824
1368 4764
1369 2573
1369 2096
1369 4174
1370 4333
1371 3216
1372 2885
1373 3916
1374 3050
1374 2259
1375 2271
1376 3832
1376 2370
1377 4129
1378 2296
1378 4257
1379 4559
1379 1928
1380 1770
1380 4539
1381 4195
1381 2241
1381 3024
1382 4725
1382 2013
1385 3014
1386 1930
1386 4452
1387 3515
1387 3858
1388 3060
1388 4391
1389 3385
1389 4749
1390 1499
1390 3106
1391 2801
1391 4643
1392 4514
1393 1714
1394 3934
1394 2979
1395 3053
1395 1566
1397 4591
1397 1664
1398 4082
1398 1806
1398 2186
1399 4111
1399 4362
1399 4283
1400 2871
1401 3250
1403 1829
1405 3601
1405 4612
1405 2748
1406 1493
1406 2641
1407 1456
1408 3624
1409 1788
1410 3929
1410 3377
1410 2796
1411 2345
1411 3016
1411 3533
1412 3500
1412 4727
1413 2263
1413 3967
1414 3106
1415 2309
1416 2237
1417 4366
1417 1634
1418 4718
1419 2667
1419 4598
1420 4671
1421 4431
1422 2148
1422 4875
1422 2478
1424 3687
1425 4003
1427 3693
1427 2425
1429 4657
1429 1683
1431 2354
1432 1584
1432 4432
1436 2988
1437 3426
1437 3910
1437 4076
1437 4290
1438 4807
1439 2274
1440 2601
1441 3564
1441 4381
1442 4245
1443 4051
1444 4462
1445 1841
1446 2404
1446 3753
1447 3149
1448 3997
1448 3596
1449 3624
1450 1873
1451 4286
1453 3081
1453 3746
1453 2492
1454 3183
1454 4211
1455 3867
1455 3864
1456 2287
1457 3678
1457 4185
1458 4833
1459 2912
1459 2884
1460 2010
1460 2224
1460 4681
1460 2960
1461 3600
1461 2939
1462 2239
1462 3242
1463 4426
1464 4081
1465 4159
1465 4732
1465 2006
1465 2822
1466 2524
1466 3344
1467 3398
1467 4562
1467 1649
1468 3800
1469 3099
1469 4912
1470 1480
1470 2861
1470 1572
1470 4571
1472 4882
1473 4208
1473 2254
1474 4938
1475 4145
1476 1531
1477 4313
1478 1853
1478 4979
1479 2519
1481 4043
1482 1578
1482 1889
1483 4566
1483 4874
1483 2297
1484 3375
1484 1640
1485 3087
1485 2273
1486 1928
1486 3751
1486 3539
1487 4319
1488 4270
1488 3452
1488 4698
1490 2732
1490 4083
1490 4486
1490 4321
1492 4994
1494 2320
1495 3066
1495 1543
1496 3247
1496 2516
1497 4028
1498 3364
1500 1784
1501 4547
1502 4790
1503 3277
1504 2866
1505 3863
1506 2211
1508 3005
1509 2313
1509 3397
1509 4434
1511 3990
1512 1535
1515 2421
1515 2981
1517 2261
1518 1913
1518 4190
1518 3682
1519 1521
1520 3763
1521 2269
1522 4846
1523 1620
1523 3358
1523 4362
1524 4001
1525 4312
1525 3952
1526 3821
1526 1763
1526 2616
1527 3150
1527 4020
1529 2671
1530 1656
1530 3295
1531 4489
1532 2390
1532 4553
1532 4941
1533 4772
1533 4369
1534 2471
1534 3505
1535 3854
1536 3598
1537 2832
1537 3339
1538 4240
1539 3360
1539 4635
1539 1606
1540 2120
1540 2396
1540 2735
1540 2090
1541 4060
1542 4285
1542 2071
1545 3872
1546 3042
1546 3780
1547 2755
1547 4236
1548 3329
1549 4341
1549 2273
1550 4617
1550 1569
1551 2438
1551 2770
1552 2802
1552 3842
1553 3886
1553 3169
1555 3915
1555 1684
1555 3649
1558 1751
1558 4251
1559 4563
1559 4738
1559 4450
1559 2474
1560 4878
1561 3588
1561 3102
1562 3155
1562 2513
1563 2585
1563 2817
1565 1950
1566 3331
1566 3838
1567 2143
1567 2531
1567 3313
1568 4079
1568 1740
1569 3890
1570 3496
1570 2578
1570 3465
1571 2989
1571 3001
1574 3507
1574 4690
1574 4178
1574 4176
1575 3884
1576 2454
1576 3565
1576 3774
1577 2635
1577 4925
1578 2713
1578 1606
1579 2874
1580 4293
1581 4784
1582 3279
1583 3422
1585 3130
1585 2679
1586 4979
1587 1871
1587 3756
1587 1774
1588 1812
1589 4819
1590 3379
1590 3116
1590 1893
1591 3043
1592 4717
1592 3709
1593 2563
1593 2036
1594 2610
1594 4873
1595 2031
1595 2274
1596 4609
1597 4897
1597 1626
1598 4341
1599 4680
1599 2566
1601 2817
1602 4022
1603 4546
1604 4238
1604 2475
1605 3148
1607 2918
1609 4543
1610 4505
1610 3092
1611 4050
1612 3866
1615 3229
1616 4546
1617 4656
1617 1798
1618 3882
1618 3968
1618 2567
1618 2529
1619 1711
1619 2685
1621 4491
1621 4047
1621 4635
1624 4234
1625 2845
1626 4781
1627 3947
1627 2241
1628 3680
1628 3742
1629 1763
1630 3064
1631 3278
1631 4279
1632 3605
1634 4065
1635 2514
1635 3781
1635 4376
1636 3871
1636 4352
1637 4400
1637 4755
1638 4816
1639 3761
1639 3669
1640 3167
1642 3858
1642 4029
1643 3976
1644 2570
1645 4670
1645 3673
1647 4031
1647 4815
1647 1942
1649 2066
1652 4088
1654 3210
1655 2118
1655 4272
1655 4288
1657 3880
1657 4965
1658 3032
1658 4271
1659 3141
1660 3376
1660 4328
1662 3324
1663 3938
1664 2899
1666 4705
1667 4372
1667 4542
1668 2756
1669 4850
1670 4909
1671 4034
1673 2805
1674 3569
1674 2448
1674 2552
1675 1922
1676 2820
1676 2686
1678 4601
1679 2568
1680 3197
1680 4628
1681 3482
1681 4222
1682 2151
1682 2207
1682 3554
1682 4340
1683 2134
1684 2964
1684 4382
1685 3522
1686 4467
1686 2565
1686 4346
1688 2725
1689 4442
1689 4349
1689 4103
1690 3562
1691 2556
1692 3606
1692 1794
1693 2621
1693 2922
1694 2901
1695 2017
1695 2775
1696 2729
1698 4124
1698 4474
1698 2040
1698 2971
1698 3722
1699 4020
1702 2435
1702 3214
1703 3354
1703 3367
1704 3184
1705 3111
1705 2608
1706 3418
1707 3735
1707 4485
1708 3712
1709 1977
1710 4492
1713 3756
1714 1756
1714 4349
1715 2371
1716 2351
1716 4179
1716 2526
1717 4462
1717 2679
1718 4535
1719 3033
1719 2353
1720 1731
1720 2897
1721 2130
1722 2734
1724 4137
1724 3102
1725 2500
1726 1928
1727 2913
1727 4230
1728 3757
1729 2896
1729 2545
1730 4849
1732 4002
1733 2684
1735 2888
1735 2440
1736 4720
1737 4693
1737 3456
1738 2549
1738 3096
1739 3483
1740 2852
1741 4817
1742 3815
1744 1784
1745 1951
1745 2232
1745 4823
1746 3609
1749 4318
1750 1814
1751 3167
1752 2818
1752 3303
1753 1900
1754 3329
1755 3404
1756 3838
1757 1797
1757 2544
1757 2251
1758 3339
1758 4840
1759 2831
1759 2634
1760 1992
1763 4997
1765 2206
1766 2508
1767 2317
1768 3839
1769 2972
1771 2815
1772 1916
1773 2238
1774 3734
1776 4845
1777 4604
1777 2758
1779 2378
1780 4470
1780 4129
1781 4294
1782 3738
1783 4992
1783 2457
1784 3285
1784 3802
1785 4463
1786 3032
1787 4936
1788 3839
1789 2505
1789 2839
1790 2385
1790 4787
1790 4905
1792 4059
1793 3162
1795 2758
1797 3199
1798 4842
1798 4007
1799 4237
1800 3552
1800 4938
1801 2029
1801 3224
1801 1911
1802 3668
1803 3976
1803 2758
1803 2159
1804 4753
1804 3032
1805 1889
1805 4778
1806 3964
1807 2721
1808 2589
1809 3215
1810 3091
1810 3424
1811 4942
1813 4063
1814 3332
1814 3757
1815 3393
1815 2036
1815 1984
1816 2557
1816 2978
1816 4078
1816 4550
1817 2902
1819 4305
1820 4025
1820 4408
1821 2196
1821 3145
1822 3645
1823 2872
1824 2856
1824 4937
1825 3146
1826 2456
1826 2615
1827 4810
1827 2504
1827 4958
1828 2326
1829 3510
1830 3122
1831 2342
1832 3212
1833 3243
1834 3636
1834 3742
1834 4803
1837 3402
1838 3452
1839 3159
1839 3113
1840 4737
1841 4473
1843 2507
1843 3421
1844 4612
1845 3320
1845 4364
1846 2655
1846 4781
1846 2729
1847 3668
1848 3251
1849 4938
1850 4012
1850 2103
1851 1954
1851 4669
1851 2515
1851 2241
1852 4407
1854 4219
1855 3109
1856 4892
1858 2578
1860 2997
1860 3866
1861 3441
1864 2993
1864 4114
1865 4809
1866 4695
1866 4517
1867 2643
1867 2713
1868 3833
1869 1872
1869 3045
1870 3323
1872 3523
1872 3123
1873 4710
1873 2575
1874 1882
1874 2906
1876 2315
1878 4959
1879 2303
1881 4623
1882 2963
1883 3223
1884 4422
1885 3531
1885 2647
1885 4722
1886 3762
1887 3833
1888 4919
1888 2755
1889 4613
1890 2950
1891 3715
1891 4254
1893 4369
1894 4101
1895 3842
1895 4528
1896 4721
1898 4455
1898 4789
1898 2930
1899 2841
1900 3724
1900 2950
1901 3983
1901 4478
1904 3048
1904 4558
1905 2964
1906 3375
1907 2045
1907 2353
1907 4976
1908 2673
1909 4661
1910 2332
1911 3156
1912 2588
1914 2229
1914 4342
1914 4823
1915 3935
1916 2949
1916 2981
1918 2882
1919 4961
1922 2637
1922 3200
1923 2711
1924 2943
1924 2272
1924 3982
1925 4074
1925 2628
1926 4851
1927 2814
1927 2677
1929 2044
1930 3267
1931 3466
1931 1968
1932 3859
1932 3496
1933 2331
1935 2245
1935 2622
1935 4978
1936 1943
1936 4918
1936 4981
1936 2849
1937 3655
1937 2850
1937 2544
1938 2968
1938 1987
1939 4110
1940 4067
1941 4679
1941 4015
1942 2629
1942 4249
1944 3103
1944 3287
1944 4976
1945 2308
1946 3856
1946 4575
1947 3205
1947 3640
1948 4274
1948 2418
1949 2329
1950 2260
1953 2895
1956 4495
1957 2226
1957 3365
1957 3528
1958 3436
1958 2568
1959 4279
1960 2520
1961 2730
1963 3921
1964 2924
1965 2683
1965 2190
1969 2027
1971 4263
1971 4372
1972 3984
1972 3819
1973 3675
1974 3626
1974 2787
1975 4927
1976 2303
1977 3844
1977 4027
1978 2701
1979 2823
1979 4224
1980 2909
1981 2775
1982 3109
1983 4589
1983 3147
1984 2492
1984 4175
1984 4183
1986 2682
1986 2225
1986 3642
1987 2898
1988 2634
1988 2318
1989 3712
1990 2268
1991 2766
1991 2062
1992 4010
1992 4071
1993 4065
1993 3230
1993 2937
1995 4561
1996 3808
1997 2240
1998 2082
1998 3522
1998 2945
1998 4751
1998 4846
1999 2312
2000 2312
2001 2883
2001 3437
2001 2339
2001 2501
2002 2558
2003 2209
2003 3708
2004 3291
2006 3104
2006 3024
2007 2341
2009 4422
2009 4263
2011 4658
2011 4316
2011 3282
2012 2884
2012 2612
2015 4151
2016 4395
2018 3066
2019 3096
2020 4759
2021 4721
2022 4899
2023 2207
2024 2247
2025 2464
2025 3465
2026 4338
2027 3611
2027 4849
2028 2040
2030 4009
2031 4744
2031 3918
2032 2129
2032 2570
2033 3842
2034 2775
2034 3591
2035 2692
2038 2314
2038 4704
2039 4069
2040 3825
2041 4565
2042 4361
2043 2553
2044 2572
2045 2382
2046 4536
2046 3176
2047 4588
2048 3498
2048 4415
2048 4573
2049 3870
2050 3113
2052 4502
2053 2284
2054 2286
2054 2145
2054 3813
2055 2562
2055 3424
2056 4220
2056 4575
2056 4702
2057 3366
2058 2482
2059 2590
2060 4184
2061 3626
2062 4419
2063 2130
2064 4868
2064 3512
2065 3281
2066 3862
2067 4399
2068 4068
2069 4089
2070 2623
2071 2773
2072 2793
2073 3058
2074 2177
2074 3700
2074 3435
2075 4204
2075 3872
2076 2312
2077 3715
2081 3351
2081 2849
2083 3998
2085 4702
2085 2910
2086 4059
2086 3890
2086 3830
2087 4388
2088 3122
2090 4037
2090 2876
2090 4646
2091 3851
2092 4662
2093 2320
2093 4684
2094 3795
2095 2129
2096 2664
2096 3090
2096 3816
2096 4046
2097 4356
2099 4954
2100 3885
2100 4684
2102 4991
2103 2777
2104 4370
2104 2312
2106 3162
2107 3113
2107 3400
2107 2667
2109 4905
2110 3323
2111 4853
2113 2996
2114 3597
2114 2728
2116 3045
2116 3489
2117 4787
2119 4241
2121 3989
2122 3943
2123 2840
2123 3187
2124 3610
2124 3219
2125 2854
2126 4348
2127 2529
2127 4663
2129 2718
2130 2623
2130 3047
2131 4319
2132 4154
2132 4155
2133 4778
2134 4837
2134 3625
2135 3885
2136 2855
2138 3411
2138 2751
2139 4491
2140 2521
2140 3935
2142 3215
2142 4089
2144 3793
2145 2789
2145 3445
2146 3979
2146 3730
2147 3059
2147 2303
2147 2432
2148 3783
2149 3233
2149 3243
2150 3865
2152 3007
2153 4831
2153 3994
2154 3761
2155 4016
2157 3511
2159 3268
2159 4468
2160 2979
2160 4944
2160 3112
2161 2415
2161 4574
2163 2838
2163 2216
2163 4394
2164 4847
2166 2453
2167 2486
2168 2226
2169 2475
2169 4582
2170 4515
2171 2970
2174 4056
2175 2176
2175 3166
2178 2496
2178 2561
2179 4093
2181 3525
2182 3275
2182 3503
2182 2796
2182 4287
2184 2866
2184 4295
2186 2317
2187 3370
2187 3852
2188 3111
2189 3065
2189 4929
2189 4201
2190 3026
2190 3555
2191 4257
2192 4079
2193 3281
2193 3282
2194 2576
2194 2495
2195 4153
2195 3745
2196 4209
2198 2501
2199 4018
2199 2953
2199 4091
2200 3023
2200 2261
2201 3436
2204 4022
2205 4262
2207 4245
2208 2260
2209 3622
2210 3552
2211 3373
2212 2998
2215 4763
2215 3971
2216 3941
2216 4602
2217 3017
2218 2783
2219 4257
2220 2465
2220 3486
2221 4352
2222 3900
2223 4858
2223 4069
2225 3119
2225 4840
2226 2762
2227 3369
2227 4396
2229 3894
2231 4373
2233 4268
2233 3585
2233 2416
2234 3358
2235 4088
2235 2899
2236 2752
2237 3254
2239 4317
2240 2712
2241 2906
2241 4607
2242 4252
2243 2787
2244 4036
2246 4585
2246 3502
2246 4915
2247 4870
2247 4280
2248 3904
2249 2619
2250 3144
2250 4993
2251 3494
2252 3679
2253 3582
2253 3527
2254 3701
2254 4091
2256 3719
2256 3005
2258 3556
2259 4932
2260 4583
2260 4142
2262 4518
2264 4179
2265 4307
2265 3074
2266 4845
2266 3823
2268 4731
2268 4815
2269 3178
2271 3040
2271 2489
2272 2590
2273 3870
2273 3912
2273 3670
2274 4719
2274 2819
2274 3531
2275 2751
2276 4128
2276 4119
2278 2769
2279 3211
2280 2411
2280 3307
2281 4664
2281 3339
2282 2376
2282 3549
2282 2359
2282 2357
2283 4188
2283 4685
2284 4663
2285 3552
2287 4413
2287 2505
2289 3898
2290 2736
2290 3375
2291 4068
2292 3732
2293 2977
2293 3797
2294 2857
2297 4812
2297 2714
2298 4949
2298 2378
2300 4423
2304 2897
2304 3105
2306 4405
2307 4536
2308 2531
2310 4717
2311 3484
2312 2419
2314 4135
2316 2790
2317 3083
2318 2574
2319 3750
2322 3126
2322 4911
2323 2490
2323 3914
2324 4425
2324 3276
2325 3240
2325 2842
2325 2392
2326 2397
2328 4021
2328 3116
2329 4639
2330 3622
2331 2579
2331 3769
2332 2557
2333 3378
2334 3592
2334 2601
2334 3430
2335 4008
2336 2478
2337 4466
2337 4208
2338 3687
2339 3737
2341 3386
2342 4392
2342 3943
2343 3361
2344 3374
2345 3744
2346 2772
2346 4849
2347 3381
2348 4610
2348 4144
2355 4727
2356 4057
2358 4694
2359 4106
2360 2920
2360 3371
2361 4753
2362 4672
2363 2623
2365 3428
2365 4618
2365 3479
2367 3528
2368 4538
2369 4445
2369 3383
2370 4801
2371 3876
2372 4605
2374 3439
2375 4226
2377 3342
2377 3623
2379 2589
2380 3923
2383 2793
2384 4803
2386 4032
2386 4056
2387 3682
2387 3585
2388 4893
2388 4020
2389 2716
2389 2996
2389 4972
2389 3624
2391 4529
2393 4401
2393 3209
2394 2873
2394 3380
2394 3786
2394 3432
2395 4356
2397 3643
2398 3467
2399 4447
2400 2846
2400 4662
2400 3104
2401 4594
2402 4310
2402 3095
2404 4389
2405 2518
2405 3602
2405 4167
2406 2979
2407 3073
2409 2462
2410 4219
2412 4965
2412 4584
2413 3560
2414 4098
2414 2590
2417 4886
2422 2612
2422 2994
2423 3855
2424 4898
2424 3575
2425 3194
2427 3169
2427 4775
2429 4429
2430 4967
2431 4746
2432 2988
2433 2755
2434 4995
2436 3405
2437 2582
2439 4694
2440 4356
2440 4388
2441 2920
2442 4700
2442 4879
2443 2852
2443 4429
2444 3161
2444 2743
2445 3843
2449 3044
2449 3705
2450 2726
2450 2474
2450 3269
2452 3793
2453 3294
2453 4076
2455 3266
2455 4071
2455 3629
2456 3069
2457 4293
2458 4692
2458 3740
2459 3267
2460 3394
2461 4308
2461 3653
2462 4417
2463 4047
2466 3775
2467 3944
2467 4440
2468 4468
2469 2793
2470 4921
2472 2539
2472 2627
2472 2800
2473 3708
2476 2587
2477 4015
2478 4358
2481 3359
2481 2570
2483 4538
2483 4402
2483 4498
2484 4647
2484 3807
2487 4071
2488 2992
2488 4779
2489 3384
2489 2810
2491 2744
2492 3475
2493 4314
2494 4973
2495 2837
2495 2572
2497 3470
2498 4722
2498 3819
2499 3411
2500 3343
2501 3833
2503 3097
2504 3363
2504 4975
2506 3265
2506 3151
2508 2562
2509 2967
2509 3799
2510 3357
2512 4374
2512 4398
2513 4630
2515 4149
2516 4941
2517 3823
2517 4537
2519 3688
2519 4788
2519 3331
2520 3651
2520 3768
2520 4523
2522 3591
2524 3435
2525 3642
2525 2730
2526 4150
2526 4455
2527 4031
2532 2703
2532 3576
2532 3826
2535 3420
2536 3687
2538 4663
2540 2668
2540 2739
2541 3702
2542 4322
2543 2676
2544 2765
2545 4725
2546 4138
2546 2696
2547 3609
2548 4503
2548 4834
2548 2942
2548 2774
2549 3559
2550 3223
2550 3286
2552 3676
2553 3420
2554 4130
2555 3795
2558 2602
2558 2760
2558 2692
2559 4093
2561 3000
2561 4029
2562 4225
2563 2649
2563 3533
2564 4121
2564 3971
2565 4409
2566 2782
2566 2712
2567 4092
2568 2676
2568 2738
2568 3465
2569 4255
2569 4462
2571 3754
2571 4350
2572 2947
2574 3723
2577 3391
2577 4742
2577 4651
2577 4751
2578 3726
2578 4557
2580 3599
2580 3261
2581 2958
2581 4953
2581 3572
2582 4679
2584 2677
2585 4854
2586 3132
2589 3907
2590 4459
2592 3282
2594 4774
2594 2688
2595 2801
2596 2999
2596 4477
2596 4520
2596 4931
2599 2652
2600 3506
2600 4043
2600 4994
2600 3678
2603 2650
2603 3723
2604 2687
2606 2628
2606 4267
2607 3350
2608 4333
2609 4745
2611 3211
2613 3225
2614 4303
2614 3469
2614 2669
2614 3897
2615 4440
2616 4930
2617 4197
2618 2674
2618 3063
2620 3193
2620 4067
2620 3246
2624 3232
2624 3734
2625 3683
2625 3513
2626 3805
2626 3733
2627 3524
2629 4205
2630 4821
2632 3574
2632 3720
2636 4825
2638 2988
2639 3640
2639 3008
2639 4368
2640 3174
2642 2756
2643 2984
2644 2887
2644 4493
2646 3623
2647 3650
2648 2816
2650 2675
2652 2786
2653 3280
2653 3832
2654 3944
2656 3551
2656 4023
2658 3873
2659 3187
2661 2863
2662 2961
2663 3720
2665 3594
2666 2692
2667 3953
2669 4453
2669 3282
2670 2684
2672 4029
2673 4626
2675 3399
2678 3699
2679 4806
2679 2699
2680 3594
2681 4954
2681 4860
2682 2961
2684 3211
2685 4282
2686 3465
2687 3608
2688 3540
2689 2872
2690 4874
2693 4685
2695 3847
2696 3258
2696 2822
2697 3330
2697 3589
2698 4104
2700 3762
2701 4626
2702 2905
2705 3149
2706 4384
2706 3846
2711 4932
2712 3003
2712 4364
2712 4249
2714 4760
2714 4233
2715 3715
2717 4120
2717 3371
2718 4130
2720 2875
2721 4939
2721 4017
2722 3133
2723 3088
2724 3038
2724 4200
2727 4471
2729 3176
2729 4991
2730 2895
2730 3121
2730 3036
2731 2794
2731 3756
2733 3235
2734 3263
2737 3093
2738 4596
2740 4694
2741 3579
2741 3367
2742 4699
2744 2926
2744 2949
2745 4907
2746 3529
2747 4912
2748 3201
2749 4570
2750 3532
2750 3852
2750 4731
2752 3676
2753 3973
2754 4490
2754 4680
2756 3841
2757 4514
2758 3459
2759 4500
2759 3581
2762 3618
2763 4697
2764 4976
2764 4088
2767 4124
2768 3334
2769 4246
2770 4478
2770 4519
2772 3213
2773 4632
2776 4961
2777 3695
2778 4262
2780 4710
2781 2916
2781 3374
2784 4506
2784 3667
2785 4685
2786 3267
2787 3033
2789 3241
2790 4758
2792 2809
2793 3560
2797 4348
2797 3008
2798 3041
2799 4039
2801 3238
2803 4694
2804 4890
2807 4651
2808 3064
2810 3335
2810 3311
2811 4371
2812 3545
2812 3456
2813 4711
2813 4916
2814 3874
2815 4168
2817 4608
2817 3358
2819 4786
2820 4363
2821 3959
2821 3995
2822 4766
2822 4903
2825 3970
2827 3726
2828 3598
2829 4150
2830 3618
2831 3077
2831 4325
2833 3500
2834 3991
2835 3613
2835 3770
2836 3826
2836 3180
2839 3740
2841 3503
2842 4855
2843 4595
2845 4157
2846 2995
2847 3586
2847 3424
2847 3465
2848 3117
2848 4535
2849 4076
2853 3181
2853 4311
2855 3686
2856 4541
2857 4784
2859 3239
2859 4395
2859 3368
2860 3648
2860 2879
2861 3443
2862 2967
2863 4940
2864 3205
2865 3028
2866 3147
2867 3992
2868 4338
2868 3742
2869 3731
2869 3807
2870 4504
2870 4444
2874 3863
2874 4835
2879 3837
2880 4514
2881 4592
2882 3607
2884 3847
2884 3546
2885 4836
2886 3593
2886 4293
2888 3517
2889 3410
2890 3671
2892 4528
2893 4979
2893 3230
2894 3283
2900 3486
2900 3708
2901 3485
2901 4612
2902 3089
2902 4007
2902 4202
2903 3509
2903 4731
2907 4753
2908 3363
2909 3020
2909 4428
2911 4469
2911 4906
2914 4139
2915 3061
2917 4418
2918 4374
2919 3112
2919 4651
2920 4642
2920 3019
2922 3326
2923 3010
2923 4023
2923 4038
2924 4196
2925 3935
2926 4775
2926 4517
2927 3981
2932 4529
2933 3729
2934 4393
2934 4059
2935 2951
2936 4431
2937 3706
2939 4261
2940 3057
2941 3343
2944 2985
2945 4286
2948 3620
2948 4200
2950 4084
2952 4648
2953 3311
2954 4618
2955 3934
2956 3178
2957 2990
2957 3969
2957 4869
2959 4772
2960 4650
2960 4375
2960 3653
2962 4995
2965 3343
2966 4069
2967 3704
2969 4527
2969 3980
2970 3309
2971 3745
2972 4313
2972 3398
2973 2981
2975 4102
2975 3067
2976 4198
2976 3937
2980 3725
2981 4909
2983 3189
2983 4596
2985 3277
2985 4922
2986 3773
2987 4677
2989 3310
2991 4839
2992 3908
2998 3950
2999 3713
3001 3970
3001 3750
3002 4166
3004 3895
3006 4705
3009 3337
3009 3746
3010 3937
3013 4068
3014 4322
3014 3347
3015 3952
3016 4345
3017 4172
3018 3141
3019 3917
3020 3689
3021 3089
3022 4998
3024 3444
3025 4155
3027 4149
3028 4462
3029 3401
3030 4339
3031 4667
3032 3179
3034 4616
3035 3740
3036 4224
3037 3196
3041 3557
3041 4099
3043 3158
3046 3407
3046 3881
3046 4291
3046 4773
3047 4611
3048 4254
3051 4689
3052 4501
3052 3554
3053 3709
3054 3140
3054 3603
3054 3738
3055 4283
3056 4983
3058 4194
3061 3649
3062 3358
3064 4141
3065 3696
3065 3527
3067 4889
3067 4913
3069 4094
3070 4616
3070 4986
3070 3412
3071 4114
3072 4897
3075 4235
3076 3980
3076 4248
3078 3810
3078 4644
3078 4116
3079 3691
3080 3213
3082 4710
3083 3748
3084 3893
3085 3990
3087 4877
3091 3840
3092 3946
3094 3134
3095 3919
3096 4879
3096 4805
3097 4520
3098 4683
3100 4110
3101 3164
3101 4391
3101 3910
3106 3223
3108 3269
3108 3707
3109 4230
3110 4972
3111 3627
3112 4142
3112 3733
3114 4158
3115 3721
3117 4006
3118 3167
3122 4915
3123 3173
3124 4199
3128 4866
3129 3831
3132 4421
3134 3458
3135 4865
3135 3921
3136 4171
3136 3567
3137 3216
3138 4441
3138 4711
3139 4723
3143 3686
3145 3960
3148 3829
3149 4306
3150 4590
3150 4537
3151 4294
3152 4721
3153 4938
3153 3172
3157 4319
3160 4407
3162 3273
3162 3368
3162 3669
3163 4821
3165 3993
3165 4239
3165 4985
3165 4840
3169 3974
3170 3495
3170 4183
3171 4399
3175 4974
3175 3347
3178 4771
3183 3814
3183 4353
3184 3435
3185 3218
3185 3706
3186 4614
3186 4770
3186 3605
3188 3887
3190 4983
3191 4365
3192 4096
3195 4732
3198 3860
3200 4214
3201 4360
3201 4959
3203 3677
3203 4177
3203 4814
3204 4798
3206 3394
3206 4332
3207 4062
3207 3234
3208 4797
3209 3361
3210 4614
3214 4187
3215 3408
3217 4122
3219 3947
3220 3484
3222 4727
3224 4186
3226 4226
3226 3384
3229 4185
3232 4042
3234 4750
3235 3850
3235 4713
3236 4514
3243 4217
3244 4556
3244 3837
3246 3450
3248 4279
3249 4055
3250 3759
3251 4726
3251 3782
3252 3256
3252 4245
3253 4926
3253 4411
3254 4645
3257 3717
3259 3985
3260 4653
3260 3658
3261 4968
3262 3770
3262 3506
3263 4892
3264 4920
3264 3733
3269 3431
3271 3464
3274 4860
3276 4430
3280 4833
3284 4670
3285 4620
3292 4102
3296 3495
3297 4057
3298 3809
3299 4507
3300 3530
3301 3873
3302 4569
3302 3416
3304 4722
3306 4256
3306 3837
3306 4872
3309 4419
3315 4399
3318 4660
3319 4746
3321 4086
3322 4361
3323 4525
3324 4210
3325 4498
3326 4398
3327 4914
3327 4293
3329 3383
3333 4900
3333 4249
3334 4674
3338 3999
3338 3641
3343 4348
3344 4259
3350 3523
3353 4802
3354 3423
3355 3937
3357 3911
3357 3427
3358 4895
3361 3471
3362 4888
3363 4508
3364 4001
3365 4166
3367 4203
3372 4261
3374 4908
3374 3925
3377 4564
3378 4446
3384 3514
3384 4260
3386 3741
3386 4215
3387 3735
3388 4916
3389 4221
3391 3876
3392 4191
3395 4240
3395 4438
3395 4663
3396 4816
3396 4750
3400 4678
3401 3582
3405 3577
3406 4542
3412 4935
3412 4625
3413 4593
3415 4468
3415 3550
3417 4527
3418 4718
3418 3748
3420 4843
3424 3450
3425 3895
3427 4599
3430 4266
3430 4577
3430 3450
3431 3766
3432 4765
3433 4184
3438 4724
3439 3954
3442 3901
3447 4273
3449 3863
3450 4026
3450 4980
3452 4380
3453 4548
3454 3578
3454 4859
3456 4667
3457 4981
3461 4225
3463 4286
3467 4533
3468 4505
3469 4476
3470 3529
3471 3570
3472 4548
3472 3834
3476 4645
3476 4778
3477 3862
3479 3687
3481 4388
3481 4450
3486 3629
3489 3604
3489 4118
3489 4172
3490 3986
3490 4098
3492 3664
3492 4457
3497 4796
3500 3896
3501 4683
3501 4169
3502 4933
3505 3940
3508 4679
3513 3987
3513 4832
3513 3706
3516 4314
3518 4764
3519 4948
3519 3823
3520 4715
3520 3967
3521 4998
3523 4448
3526 4882
3530 4365
3530 4288
3531 3839
3534 4960
3536 4420
3537 4362
3538 3754
3539 4222
3539 4824
3540 3720
3541 3707
3543 3580
3544 4260
3545 3834
3546 3758
3547 4707
3547 4748
3548 4540
3550 4115
3553 4837
3554 3973
3555 4313
3558 3924
3558 4907
3561 3721
3562 4526
3563 4057
3563 3791
3566 3759
3568 4178
3570 3929
3571 3665
3573 4200
3574 4876
3575 4287
3575 3751
3576 3698
3577 4947
3580 3773
3581 4688
3583 3882
3584 3779
3587 4498
3587 4644
3589 4712
3590 4222
3591 4196
3595 4541
3600 4417
3605 4213
3608 4562
3609 4250
3612 4662
3615 4711
3616 4188
3617 3705
3619 4337
3620 3639
3621 4586
3625 3748
3628 4513
3628 4058
3628 4886
3630 4253
3630 3652
3632 3692
3633 4967
3634 4061
3634 4125
3638 4350
3640 3962
3640 4015
3641 4788
3644 4169
3644 4023
3648 4903
3650 4909
3652 4445
3653 4984
3654 4833
3656 4338
3658 4782
3658 3972
3658 4691
3659 4676
3660 4022
3661 3867
3663 4802
3666 4528
3667 4377
3667 4955
3668 3895
3669 3772
3674 4775
3675 4885
3675 4163
3677 3789
3681 4922
3682 4896
3684 4067
3689 4439
3690 4475
3692 4387
3697 4245
3698 3961
3699 4324
3700 4857
3703 4394
3706 4648
3710 4859
3710 4191
3711 4735
3712 4708
3713 4035
3716 3768
3717 4339
3717 4543
3718 4073
3718 4741
3728 3996
3728 3856
3732 4562
3734 4357
3735 4801
3736 4298
3738 4004
3738 4674
3747 4407
3748 4003
3749 4268
3752 4385
3757 3921
3760 4127
3760 3958
3760 4752
3762 3829
3762 4509
3763 3804
3764 3905
3767 4341
3769 4774
3771 4137
3776 4989
3777 4340
3777 4184
3779 4154
3780 4080
3782 4649
3784 4086
3785 3787
3785 4305
3785 4884
3791 3991
3792 4515
3793 4665
3794 4622
3796 4934
3797 4997
3798 4381
3798 4226
3801 4271
3801 4598
3805 3978
3806 4206
3806 4955
3807 4464
3808 4390
3809 3942
3809 4135
3812 4784
3812 4636
3817 3939
3817 4612
3818 3896
3819 4495
3820 4290
3822 4799
3824 4213
3827 3931
3828 4192
3830 4088
3832 4821
3833 4194
3834 4860
3835 4485
3835 4343
3837 4301
3839 4435
3846 3887
3846 4007
3848 4470
3849 4958
3851 4803
3853 4646
3855 4414
3855 4952
3856 4524
3857 4323
3857 4631
3861 4585
3864 4673
3864 4794
3868 3932
3871 4528
3872 3907
3875 4275
3875 4891
3876 4593
3877 4474
3878 3954
3878 4697
3878 3931
3879 4922
3881 4187
3883 4508
3888 4002
3891 4928
3891 4156
3893 4012
3896 4714
3900 4137
3903 4636
3905 4938
3906 4675
3906 4816
3914 4826
3914 4594
3916 3980
3917 4780
3918 4888
3919 4894
3920 4993
3921 4437
3923 4313
3926 4142
3931 4900
3932 4321
3935 4816
3937 4579
3938 4713
3943 4359
3945 4008
3947 4473
3947 4666
3949 3971
3952 4565
3956 4576
3958 4228
3960 4212
3960 4682
3965 4115
3972 4943
3973 4927
3978 4055
3981 4357
3982 4920
3985 4288
3992 3998
3994 4674
3995 4518
3998 4404
4000 4309
4002 4378
4005 4300
4007 4038
4008 4197
4009 4745
4011 4982
4012 4444
4014 4118
4016 4164
4016 4651
4019 4711
4022 4961
4026 4823
4029 4241
4030 4525
4033 4395
4037 4156
4039 4481
4039 4158
4044 4053
4044 4864
4044 4863
4046 4257
4049 4892
4051 4722
4055 4813
4056 4934
4058 4872
4060 4679
4069 4802
4072 4109
4072 4582
4072 4541
4076 4084
4091 4817
4092 4244
4093 4734
4093 4465
4095 4670
4100 4114
4100 4462
4101 4220
4102 4201
4106 4294
4112 4204
4113 4272
4116 4865
4122 4951
4122 4154
4123 4497
4123 4140
4129 4195
4132 4997
4133 4236
4134 4861
4134 4661
4135 4281
4137 4493
4139 4264
4144 4737
4144 4607
4146 4506
4148 4434
4148 4336
4149 4894
4155 4570
4157 4242
4157 4205
4160 4638
4161 4892
4163 4599
4167 4429
4167 4229
4168 4396
4176 4976
4177 4739
4178 4841
4182 4258
4183 4221
4194 4915
4195 4354
4196 4545
4199 4827
4202 4922
4213 4844
4216 4484
4219 4234
4223 4978
4230 4554
4230 4925
4234 4862
4241 4346
4242 4289
4243 4319
4246 4558
4247 4578
4251 4899
4259 4984
4264 4667
4269 4365
4275 4334
4278 4299
4288 4634
4295 4387
4297 4836
4298 4524
4304 4470
4308 4352
4314 4716
4314 4384
4315 4972
4318 4388
4319 4715
4326 4710
4328 4803
4328 4888
4329 4483
4330 4745
4332 4712
4339 4691
4344 4875
4351 4543
4355 4851
4357 4729
4358 4533
4361 4533
4367 4778
4371 4872
4373 4898
4376 4714
4390 4852
4396 4663
4402 4988
4403 4623
4408 4534
4422 4638
4430 4482
4431 4958
4432 4568
4434 4836
4440 4809
4443 4720
4445 4452
4447 4532
4449 4589
4460 4649
4461 4898
4471 4902
4479 4921
4480 4737
4484 4756
4487 4728
4488 4546
4494 4768
4502 4728
4512 4792
4517 4916
4530 4629
4531 4917
4531 4981
4539 4871
4547 4949
4559 4890
4564 4969
4571 4946
4578 4959
4580 4995
4581 4773
4584 4687
4584 4711
4590 4661
4591 4811
4603 4835
4603 4845
4607 4963
4611 4836
4620 4736
4621 4664
4624 4660
4630 4776
4631 4667
4648 4992
4659 4977
4698 4926
4706 4867
4729 4792
4730 4817
4747 4932
4748 4899
4750 4814
4761 4799
4767 4862
4790 4799
4791 4850
4795 4912
4798 4818
4798 4837
4819 4886
4824 4897
4830 4837
4891 4896
4946 4956
4950 4970
4964 4998
