5000 4999
0 275
0 4172
1 854
1 4755
1 4940
2 4896
3 2919
4 1216
4 736
5 3409
5 118
6 2597
6 1205
7 2823
8 3414
8 2420
9 1945
9 25
10 2059
10 245
11 12
12 4018
13 3873
13 857
14 655
14 3820
15 3607
15 4109
16 2626
16 2855
17 2838
18 4274
18 2301
19 182
19 2160
20 1157
20 2787
20 786
21 1057
21 2147
22 4768
22 4550
23 4333
24 3455
24 4506
24 817
25 4611
25 1143
25 4430
26 295
26 4349
26 1366
27 3468
28 4770
28 4205
29 4686
30 3610
30 139
30 4348
30 2702
31 2995
31 1932
32 4749
33 1792
33 3221
34 1357
35 1324
36 2106
36 1647
37 1927
37 3543
38 1264
38 2608
39 4808
39 1131
40 4015
40 4685
40 1690
41 308
41 4573
42 999
43 2232
43 2336
44 3503
45 955
45 3118
46 2270
46 3503
46 2651
47 4142
47 4398
48 2717
49 2432
49 460
50 1732
50 4919
51 1757
51 742
51 4010
51 1430
52 2174
52 4429
52 640
53 3016
54 4177
54 4972
54 4713
55 3650
55 1640
56 2948
56 4732
56 2667
57 4678
58 1135
59 2018
60 2260
60 1396
60 650
61 772
62 3565
62 619
62 3984
62 762
63 398
63 1250
63 3198
63 4380
64 4024
64 4396
64 4773
64 4919
65 4897
66 4118
67 4229
67 1244
68 2726
68 863
69 4214
69 2745
69 3228
70 4220
71 391
72 537
73 2431
74 2406
74 2634
74 4618
75 691
75 3242
75 2032
75 3848
76 2376
77 1008
77 3324
78 2996
78 4868
78 213
79 81
79 2529
80 4076
80 1686
80 3682
81 3629
82 4560
83 586
84 895
84 711
85 1070
85 1934
85 2780
86 601
86 497
86 3453
86 1315
86 2878
87 851
87 3387
87 3235
87 4939
87 4981
87 1060
88 1562
88 3897
88 215
89 2177
89 4022
89 1755
90 4167
91 2249
92 784
92 764
93 4713
94 1012
94 2672
95 2870
96 2888
96 1771
97 1473
97 1379
98 4336
98 477
99 156
100 860
100 2027
100 4579
100 4122
101 2979
101 481
102 4419
102 3604
103 868
103 1052
103 3184
103 2090
104 4356
104 4382
105 1867
105 2545
106 2368
106 799
106 4226
107 4241
107 3844
108 543
109 2532
109 4955
110 759
110 2974
110 2109
111 713
112 467
112 122
113 1744
113 4098
113 2359
114 1269
114 4939
115 4807
115 1906
116 1667
117 765
117 3570
118 4700
118 2773
118 2799
119 3461
119 4784
119 445
119 4485
119 3824
120 1180
120 2576
121 1040
121 128
122 2076
122 3255
122 3851
122 1246
123 2014
123 2827
123 4123
124 3081
125 4091
125 4350
126 4628
126 4671
127 3770
127 3751
127 1172
127 2732
128 579
128 1029
128 4120
128 3099
128 1881
129 3402
129 215
129 3920
130 2472
131 3729
131 1749
132 3162
132 1367
133 3632
133 3172
134 2391
134 1179
134 4304
134 3666
135 283
136 2534
136 3416
137 2215
137 3223
138 4824
139 1243
140 1177
140 2198
141 3314
141 4443
141 4779
141 3058
142 2016
142 1194
143 2519
143 2022
144 4787
144 4362
145 582
145 3993
146 1416
147 391
148 3950
149 3639
150 3264
150 504
150 2977
151 3636
151 3408
152 3131
152 512
152 1143
153 750
153 3498
154 1885
154 3186
154 1521
154 4418
154 1307
155 442
156 1552
156 1254
157 296
157 2371
158 3576
158 3645
159 2221
160 3326
160 2240
161 1999
161 1199
162 3724
162 3979
163 3562
163 3782
163 1297
164 3383
164 271
165 257
165 1631
166 3606
166 4317
167 1664
167 2451
168 1609
169 3234
170 3132
170 523
171 1950
172 3350
173 2495
173 459
174 1540
175 2291
176 1152
177 3378
177 1796
178 2274
178 2036
179 951
179 3850
180 3952
180 4334
180 724
180 3115
181 4268
182 1163
182 4985
183 1635
183 1317
183 3145
183 2555
183 335
183 4485
184 475
184 2482
184 285
184 2439
185 2682
186 1408
186 3613
186 3089
186 714
187 3485
187 2653
188 3493
188 4254
189 3417
189 3730
189 498
190 3721
191 958
191 2500
191 2449
191 3727
192 4860
192 4624
193 3508
194 1962
195 3442
195 2627
196 3029
197 859
197 1843
198 4813
199 3291
200 2723
200 388
201 1241
202 4480
202 3698
202 4170
203 3175
203 2826
203 3649
204 3316
204 4126
204 3040
205 735
206 2365
206 836
207 208
208 3230
208 966
209 2195
210 4415
210 4240
210 3686
211 3532
212 3675
212 1413
213 2674
214 2087
214 943
215 4683
216 3013
216 957
217 1710
218 4873
219 1981
219 4163
219 3648
220 429
221 3090
221 3462
221 4596
222 4140
222 3015
223 2885
223 3732
224 2139
225 4156
225 319
226 4193
226 1215
227 4099
227 4999
228 1830
228 802
229 4082
229 2201
230 4631
231 473
231 4556
232 3040
233 259
233 1443
234 2422
234 3041
234 3820
235 3050
235 4624
235 3060
236 1294
236 4850
236 4891
236 2449
237 2128
237 4830
237 553
238 4646
238 2455
238 2887
239 4707
239 541
240 974
240 369
240 4060
240 613
241 3861
241 459
241 1973
242 516
242 3233
242 3024
243 972
244 3694
244 3206
245 3670
245 3463
246 2695
246 3230
247 1225
247 3165
247 3955
248 4164
249 1990
249 856
250 3507
250 2079
251 4894
252 2407
252 3311
253 559
254 3050
255 2403
255 3043
255 1677
256 1438
256 3135
256 3771
256 2389
257 905
258 978
258 1289
260 1593
261 2888
262 4236
263 1147
263 4959
263 4213
263 1564
264 2299
264 439
264 2060
265 1407
266 3857
266 4222
267 4517
268 1086
268 2850
269 4492
269 3434
270 2969
271 2890
271 3293
272 4191
272 4755
273 2262
273 3645
274 3126
274 2624
275 3179
276 4887
277 2147
277 4105
278 2183
278 2992
278 2431
279 1399
279 1601
279 4455
280 4715
281 3288
282 3408
282 1639
283 719
284 3340
284 1834
285 1224
285 3081
286 1923
286 4451
286 1244
287 3905
288 4041
289 3846
289 2372
290 1026
290 3240
290 2103
291 4204
292 4342
292 2119
293 1943
293 2447
293 4071
294 3112
295 4298
297 1595
298 4980
298 1244
299 660
299 3278
299 2444
300 4890
300 2208
301 1526
302 4833
302 2044
303 3645
304 1203
304 2101
304 3637
304 3328
305 4651
305 4074
306 675
306 668
307 1121
307 1379
307 3115
309 738
310 1543
311 1239
312 815
312 3921
313 372
314 1500
314 2186
314 4684
314 2725
315 745
315 2508
316 997
317 486
318 2876
318 3955
319 2555
320 594
320 1894
321 4016
322 3784
323 927
323 976
324 1134
324 4357
324 2284
324 1998
325 1415
325 4108
325 1703
325 1329
326 1206
326 3258
327 2529
328 748
328 1907
328 3318
329 2957
330 4407
331 3238
332 1802
332 2795
332 578
333 3591
333 3101
334 2923
334 4970
334 4052
334 1137
334 3849
335 3142
336 3665
337 654
337 4398
337 3901
338 3318
339 2798
340 4832
340 1306
341 3571
341 1676
342 2903
342 1523
342 3734
343 3626
343 4006
343 649
344 3819
344 2045
345 1357
345 4953
345 4464
345 3361
346 4260
347 2343
347 4300
347 2775
347 3252
348 2094
348 2584
349 896
349 4958
350 4697
351 3148
352 2399
353 4038
353 1560
354 1820
354 3204
355 1082
355 2913
356 3750
356 1273
356 3692
357 410
357 1821
358 4127
359 1266
360 2620
360 4186
361 2990
361 4028
362 3430
362 3047
363 1688
364 510
364 4936
364 2878
365 3450
365 4134
365 4460
365 2405
366 3223
366 1427
367 3568
367 4739
368 1905
368 1877
369 1364
369 4173
370 2126
370 2221
370 3095
371 3755
372 888
372 3615
373 2696
374 2773
375 890
375 1640
376 2933
376 4048
376 3099
377 1997
377 1066
378 2122
378 2842
378 3574
379 3373
379 1477
380 2529
381 1142
382 4192
383 3202
383 4491
383 2875
384 1780
385 823
385 2290
385 622
386 3798
386 2577
387 3191
387 4736
388 4748
388 2837
389 2236
389 3502
389 2696
389 2029
389 1199
390 2406
391 3394
391 640
392 4746
393 2954
393 4272
394 3842
394 2520
394 4762
395 2255
395 1973
396 1000
397 773
397 4291
399 1546
400 1486
401 1547
401 2256
401 610
402 2324
402 1915
402 1251
403 658
403 663
403 3709
403 4433
403 495
404 591
404 553
404 1310
405 2427
405 1827
405 3486
405 2119
406 2818
407 1543
408 2072
409 4643
410 1672
411 2762
412 3299
412 3802
413 487
413 1013
414 2157
415 595
415 4540
415 519
416 2822
416 1879
417 1376
417 4643
418 620
418 4637
418 4887
419 828
419 1418
419 3664
419 2523
419 2673
420 1595
420 1314
421 3783
421 2833
421 3779
422 964
422 4232
423 1642
423 3181
424 953
424 1512
424 514
425 1543
426 2868
427 4754
428 471
428 1687
429 2044
430 2602
431 2179
431 3526
432 2487
432 843
433 2784
434 881
435 2139
435 1704
436 4984
437 2221
438 1115
438 4370
439 3921
440 4979
440 1249
441 2136
442 3424
443 4234
443 4975
444 2863
444 834
445 4815
445 4456
446 1823
446 622
446 4118
447 2472
448 1068
448 1911
448 3836
449 2952
449 1626
450 3098
450 3520
451 4524
452 3737
452 4720
453 2703
454 1610
455 1586
456 1617
457 1576
458 656
458 3032
458 2342
458 4275
459 2515
459 3693
460 4335
460 2103
461 3438
461 896
462 3858
462 4136
463 4631
463 3013
464 1753
464 1076
464 3002
465 1410
465 1970
466 813
466 3413
466 794
467 2353
467 2758
468 753
469 848
470 2491
470 4977
471 4821
472 668
472 2938
473 604
474 3360
474 3531
476 3749
476 4739
477 4589
477 4703
478 1167
478 1991
478 3308
478 2889
479 996
480 1187
481 1959
482 844
483 4765
483 4796
484 1903
484 1588
484 3592
485 1474
485 648
486 3201
488 852
489 4164
490 3228
490 1611
491 2013
491 1736
491 3796
492 1727
493 1226
493 4592
494 4423
494 2512
494 2066
495 2705
495 4913
496 4913
496 3756
497 1144
497 1075
498 3054
499 2258
500 2412
500 2306
501 4103
501 3859
502 1818
502 1964
503 515
503 861
504 1721
505 3025
506 2530
507 3409
508 643
509 2751
510 3354
511 2351
511 2815
511 3557
511 1643
512 2257
512 2638
513 3705
513 4921
514 2464
514 1212
516 2168
517 3390
518 4523
518 3312
519 1702
519 2689
520 3003
521 4248
521 703
521 2950
522 3212
522 4427
523 3997
524 2772
525 3772
526 4065
526 4294
526 1611
526 3329
527 2712
528 1600
528 1869
529 3065
529 4017
530 942
531 3530
532 4756
532 4075
533 834
534 1634
535 891
535 4180
535 4757
535 4996
535 2066
536 4020
536 3364
537 2889
538 790
539 3647
539 1436
540 1085
540 4717
540 4494
541 2428
541 3011
541 1826
542 1655
543 4809
543 3936
544 3302
544 3933
545 980
545 1990
546 2753
546 3818
546 2059
547 3772
547 4832
548 3549
548 4595
549 2526
549 3016
549 2154
550 1186
551 937
551 1804
551 1420
552 1115
554 1619
555 3521
555 3115
555 4413
556 3639
556 4496
556 2829
556 2332
557 629
558 2031
558 2386
559 3450
560 4580
560 3669
561 4792
562 766
562 1956
563 1904
563 4347
563 3084
564 1974
565 2152
565 609
566 2580
566 3371
567 2982
567 1088
568 4270
568 4262
569 2653
569 3413
570 1750
571 3503
572 4055
573 4960
573 4113
574 1276
574 1883
575 1470
576 2813
576 968
577 2898
577 3516
578 1249
578 2878
580 2723
581 3346
582 3627
583 1594
584 1910
584 3101
584 3595
585 1196
586 2429
586 1412
587 4165
588 3451
588 3430
589 989
590 936
590 1478
591 1723
591 4502
592 1119
592 3491
593 3896
594 1018
594 1925
595 2609
595 3210
596 1063
597 1508
597 1616
598 3151
598 4862
598 4092
599 1470
599 4054
600 2676
600 3184
602 3435
602 2386
602 4556
603 1434
603 4094
603 4969
603 674
604 885
605 1291
605 612
606 772
607 4406
607 4221
608 682
608 1661
608 4987
608 992
608 4286
609 4365
609 2108
609 4481
610 1889
611 2099
612 2715
612 4052
613 3420
613 2033
614 690
615 1442
615 1218
616 1272
616 1688
616 2504
617 4513
617 4874
617 3265
618 2611
618 3023
619 1281
619 3602
620 3955
621 4143
622 3074
623 2231
624 2301
625 1805
625 3242
626 4741
626 2357
627 3663
627 1628
627 1369
628 3270
628 3054
628 2115
628 3564
628 727
629 1146
630 3205
631 3076
631 1501
632 3444
633 2851
633 4561
634 3809
635 1988
636 1784
637 2899
638 692
638 2341
639 1333
639 2616
640 699
640 3549
641 1614
642 1835
642 2741
642 4663
642 3425
643 3096
643 1014
644 3762
644 2655
645 4509
646 2610
647 3920
648 1504
648 3149
648 4876
648 3224
649 4920
650 1407
650 2960
650 3071
651 892
651 908
651 3577
652 4896
653 3079
653 2337
655 1873
657 2302
657 3744
659 4715
661 728
662 2756
662 3898
662 3699
663 3296
664 684
665 2771
666 2198
667 1802
668 1650
669 4257
669 4064
669 2295
670 2078
670 1651
670 4726
670 3800
671 2230
671 4621
671 3374
672 3300
672 1553
672 3793
673 1537
674 2271
674 4834
676 1787
676 1464
677 3274
677 2794
677 4399
678 3398
679 4042
680 4063
681 3797
681 3447
683 2176
683 2559
683 1637
684 3128
685 1451
685 2658
685 1709
686 1287
687 3271
688 3870
688 4920
689 4456
690 3038
690 2063
690 2135
691 2463
692 2420
692 4600
692 786
693 4900
694 883
695 4532
696 1498
696 4354
696 4164
697 4615
697 2201
697 2845
698 3628
698 3073
698 3350
699 2461
700 1349
701 1847
702 3637
703 2321
703 1837
704 4605
704 4140
705 4921
706 4432
706 4383
706 4307
707 723
707 4184
708 4842
709 1906
710 2643
711 2178
711 1515
711 3911
712 3281
713 3880
713 2488
713 1628
714 2835
715 1157
716 2084
716 3674
716 1040
717 3862
717 1175
718 4712
718 4785
718 2269
718 3173
719 3651
719 4218
719 4373
719 3848
719 1204
720 1607
721 1301
721 4586
722 2481
723 2830
724 2690
724 4194
724 3254
725 3840
726 3790
726 1611
727 3435
728 3953
729 1485
730 2200
731 3876
731 3516
732 1627
732 4452
733 3791
734 4863
735 1524
735 4472
735 3041
736 4927
736 2135
737 4760
738 3777
738 831
739 4438
739 1969
740 2073
740 1640
740 4891
741 4986
742 2900
743 4719
743 4810
744 3891
744 4501
744 4360
745 2934
746 4737
746 3833
747 810
749 4893
749 3656
751 4415
752 1156
752 1756
753 2249
753 1634
754 2639
754 3671
754 1814
754 1606
754 948
754 2794
755 4139
755 4262
756 3880
757 2917
757 3953
758 1729
758 2803
758 827
760 4794
761 2969
762 4679
762 2912
763 3867
763 967
764 1086
766 1569
767 2783
767 4703
768 4759
768 2280
769 1073
770 3536
771 2773
772 1101
772 3056
774 2740
775 4878
775 4364
775 3306
776 3128
776 1748
777 2381
777 1483
778 1352
779 3809
780 1027
780 3167
780 4739
781 1779
781 4566
781 3068
781 3125
782 3978
783 1557
783 4645
784 3348
785 1251
785 4911
785 2500
786 3139
786 4092
787 958
788 4597
789 2415
789 2173
789 3887
790 1050
790 1857
790 2911
790 3625
791 3835
791 3737
792 1295
792 1780
793 4318
793 4216
794 4748
795 3883
796 4403
797 3287
798 3315
798 4233
799 1768
799 3172
800 3298
800 1361
801 2212
801 2646
802 2361
803 3821
803 3123
804 4196
804 1831
805 874
806 1974
807 1811
807 1166
808 4249
808 3636
809 1514
809 4014
810 2439
811 2967
811 2555
812 2595
814 3877
814 1999
815 4798
815 3337
816 1556
816 3084
816 1628
817 1656
818 1771
819 2806
819 1032
820 1263
821 2594
821 3669
821 3420
822 3803
822 3325
824 2399
825 3160
825 1909
826 2489
826 1239
826 3250
827 3459
827 1378
829 2445
830 3454
830 4490
831 4221
832 950
832 4047
832 3730
833 3381
834 4036
834 3516
834 2164
835 2440
835 3804
835 4555
836 1443
836 4243
837 4516
837 1092
838 3400
839 3962
839 3507
840 3997
840 4498
840 1934
841 4185
841 3753
842 2010
842 869
843 3039
843 3326
844 1178
845 3295
845 4121
846 2945
846 1356
846 4772
847 3773
848 4291
848 1476
849 3222
849 4247
849 2511
850 3710
852 2581
852 2235
853 3474
853 3791
855 3848
856 1346
856 2624
857 1432
857 1530
857 3218
858 1344
859 2805
859 1859
861 1831
861 1468
862 4467
863 4818
864 3277
865 2377
865 2123
865 2369
866 1323
867 2071
869 1337
870 3985
871 3438
872 4661
872 4934
873 2547
874 3274
875 4463
876 1460
876 2118
877 3010
878 4061
879 1962
879 2074
880 2871
880 3201
880 2464
881 1900
882 2171
883 2654
884 3408
886 2796
887 3341
887 1252
887 2577
888 1636
888 4427
888 3599
889 4938
893 4449
894 3200
894 4819
894 1652
895 1575
895 902
895 2048
895 4702
896 2621
897 2710
898 3699
899 3758
900 4751
900 1100
901 4477
901 4867
902 3351
903 2587
904 4172
904 4880
906 2595
906 2854
907 2661
907 3820
907 2443
909 1209
909 2654
910 2234
910 2791
910 1056
911 1112
911 1978
911 4794
911 4238
912 3932
913 2064
913 3802
913 1920
914 1386
914 1197
915 3768
915 4644
916 4120
917 1542
917 1989
917 4663
918 3482
918 2109
919 1135
919 1754
920 1008
921 4806
922 4504
922 1057
923 4245
923 1224
924 2857
924 4320
925 1029
926 4390
928 2308
928 2608
929 2087
930 4529
931 4018
931 1993
932 1270
932 2721
933 4731
933 3854
934 2156
934 1291
935 3486
938 3129
938 4511
938 4789
938 4055
939 3129
940 4042
940 1921
941 2995
942 3437
942 4542
943 3838
944 1852
944 3942
944 3418
945 4450
946 2909
946 4515
946 4583
946 3243
947 1485
948 1318
948 3049
949 3089
950 2323
951 1118
951 2111
952 1706
952 1524
953 2017
954 3406
954 3405
955 3988
956 3954
957 3365
958 2120
958 4847
959 2739
959 4760
959 1192
960 3452
960 1928
961 2800
962 2585
963 4995
963 4364
964 4413
965 2915
965 1367
966 1248
966 4954
967 1526
968 2513
968 3720
969 2349
970 981
971 3022
971 2698
972 1865
972 3498
972 1366
972 1705
973 1888
975 4447
975 2014
976 3476
976 2469
976 3619
977 1015
977 2970
978 3508
979 4351
981 3757
981 2530
982 4709
983 3615
983 3053
984 4084
984 4619
985 1458
986 3598
987 3060
987 2804
988 3251
988 2258
989 3985
989 1440
990 4519
991 1765
991 4852
991 4536
992 3102
992 4080
992 4508
992 4993
993 2130
993 4495
993 3188
993 1913
994 2644
994 2873
994 4848
994 2012
995 2019
995 1477
995 2579
995 2653
996 2321
997 2270
998 1940
998 2316
999 3948
1000 1846
1000 3765
1001 3928
1001 4176
1002 1853
1003 3993
1003 2722
1004 3978
1004 3791
1005 2173
1006 3241
1007 2465
1009 2246
1009 2799
1009 1323
1010 1566
1011 2059
1013 2214
1014 3684
1015 2001
1015 4096
1016 3704
1016 1762
1017 3887
1017 3478
1017 4542
1018 3708
1019 3524
1020 1558
1021 2046
1022 4513
1023 1594
1024 1253
1024 3832
1025 3333
1025 1541
1028 1114
1030 1613
1030 1926
1030 4999
1031 3580
1031 2045
1032 3532
1033 4592
1034 2134
1035 4687
1036 1829
1036 4926
1036 1433
1037 1742
1037 2358
1037 2616
1038 3761
1038 4679
1039 1868
1039 4986
1041 3020
1041 2502
1042 1091
1043 4046
1043 3091
1044 4390
1044 2632
1044 4604
1045 1957
1045 2283
1046 1327
1046 3086
1047 1948
1048 2349
1048 1490
1048 3298
1049 3725
1049 4283
1051 1351
1051 2197
1051 3449
1053 2113
1053 4533
1053 3384
1054 2703
1055 1316
1055 3480
1056 3688
1056 4609
1056 4708
1056 4468
1056 2086
1057 3910
1058 4954
1059 3365
1059 4759
1060 1790
1060 1218
1061 1955
1062 3679
1062 3682
1063 2340
1064 3624
1064 1839
1065 3270
1066 2561
1066 2984
1066 1697
1067 3719
1067 3753
1069 4519
1069 4948
1070 3009
1071 3350
1072 2835
1073 1649
1073 1396
1074 2509
1075 2357
1076 1728
1077 3081
1078 1616
1078 4505
1078 4919
1079 3668
1079 4464
1080 2461
1081 3654
1083 3376
1083 4574
1083 2160
1084 2886
1084 4731
1085 2093
1085 2418
1085 1383
1087 3192
1088 2211
1088 2360
1089 2793
1089 3991
1090 3695
1091 3538
1091 3869
1092 3706
1092 1100
1092 1257
1093 2943
1093 3207
1093 3729
1094 1179
1095 4404
1096 1320
1096 3093
1096 2141
1097 4252
1097 2807
1097 4114
1098 3064
1099 1526
1099 3440
1100 1403
1101 1255
1101 1593
1102 2004
1103 3586
1103 1697
1104 2047
1104 2963
1105 3390
1106 1738
1106 4730
1107 3874
1108 4129
1108 3040
1108 4383
1109 2214
1110 3167
1111 1158
1111 4366
1111 2180
1113 4314
1113 4454
1113 2827
1114 4278
1114 4325
1114 2277
1116 3325
1117 1564
1117 2671
1118 1775
1119 1908
1120 3987
1122 2743
1122 4724
1122 4986
1122 3245
1123 3208
1124 2920
1124 2244
1124 2173
1125 2605
1125 3081
1126 4434
1127 2247
1128 4247
1129 4201
1129 2065
1130 1673
1130 4737
1131 2660
1132 1551
1132 3112
1132 2928
1132 4303
1133 1909
1133 2563
1134 3070
1136 4721
1136 2335
1136 3398
1137 3645
1138 4061
1138 4527
1138 1230
1139 3836
1140 4045
1141 2028
1142 1829
1144 4175
1144 2924
1145 3868
1145 2967
1146 2732
1147 1257
1148 1599
1148 2553
1148 3536
1149 4502
1150 3786
1150 1847
1151 4197
1152 4815
1153 1334
1154 3121
1154 1981
1155 1839
1156 3407
1159 1182
1159 3642
1160 4007
1160 1521
1161 3499
1162 2261
1162 3481
1164 1591
1165 4941
1165 3698
1166 1454
1166 3680
1168 1575
1169 3947
1170 2498
1170 1651
1171 2411
1171 3124
1172 3614
1172 3774
1173 4448
1174 1380
1174 3423
1174 3806
1175 4644
1175 3804
1176 3960
1176 3839
1178 4490
1179 1419
1181 4675
1182 3350
1183 2244
1184 3187
1184 1928
1185 3489
1186 2939
1186 2303
1186 1724
1186 4767
1187 1259
1187 1808
1187 4908
1187 1836
1188 3426
1188 3890
1189 4469
1189 2795
1190 1649
1191 2306
1192 4992
1192 3597
1193 2334
1194 4236
1194 3566
1195 3260
1196 2641
1196 2941
1196 4495
1197 1730
1198 3907
1198 2315
1199 2950
1200 3638
1201 1379
1202 1744
1204 3078
1205 4005
1207 2520
1208 1278
1208 4543
1208 1307
1210 4076
1211 1656
1212 3220
1212 4875
1212 4534
1213 1287
1213 2031
1214 1766
1214 4415
1215 1832
1215 2503
1216 3379
1217 1622
1217 2839
1217 1633
1218 3499
1218 1682
1219 3178
1219 4507
1220 2907
1220 1727
1220 3956
1221 4761
1222 3676
1223 2920
1227 3282
1228 2421
1229 2828
1229 3885
1230 1959
1230 3538
1231 3480
1231 1507
1232 4542
1233 2651
1234 3863
1234 3594
1235 3256
1236 3654
1237 4557
1237 3253
1238 2369
1239 3780
1240 3252
1240 4618
1241 2717
1241 1866
1242 2181
1243 4165
1244 1914
1245 1488
1245 1378
1245 4700
1246 1267
1246 4896
1247 3085
1249 2993
1250 1446
1250 4125
1251 1549
1251 1258
1252 2702
1253 4754
1254 1788
1254 4203
1254 4004
1256 4948
1256 1817
1256 3130
1258 2333
1258 2652
1260 2062
1260 3767
1261 2395
1262 4178
1262 3276
1263 2072
1264 3672
1265 3749
1266 1526
1268 4283
1268 4241
1269 1993
1270 1895
1271 3882
1273 3005
1273 4078
1274 2588
1275 4627
1275 4698
1275 4231
1275 4240
1276 3345
1277 4812
1277 2950
1277 1968
1278 1353
1279 3180
1280 4483
1282 3319
1283 3048
1283 3091
1283 4925
1284 4101
1285 4487
1285 4931
1285 4589
1286 4314
1288 1471
1288 4252
1289 3805
1290 1713
1290 2169
1291 3924
1291 4378
1292 1668
1293 4081
1293 4672
1296 2254
1296 4303
1296 3712
1297 2699
1297 2836
1297 1550
1298 4162
1299 4380
1300 1377
1300 1740
1302 3925
1302 2688
1302 4167
1303 4955
1303 4969
1304 2109
1305 4829
1306 4749
1307 3635
1307 4976
1307 1685
1308 1750
1308 4828
1309 2707
1309 4008
1310 1546
1310 1973
1311 2363
1311 2891
1312 4818
1313 2824
1313 2709
1313 1409
1313 2710
1313 2284
1314 3313
1314 4775
1315 4635
1315 4399
1316 4571
1317 2544
1318 1658
1318 3250
1319 1825
1319 3381
1319 2107
1320 1756
1321 3953
1321 1455
1322 2579
1323 1363
1324 4585
1324 3436
1325 2668
1325 1793
1326 3816
1327 1841
1327 4358
1328 4760
1329 3305
1329 1394
1330 2679
1330 1937
1331 1645
1331 4838
1332 2272
1333 2742
1333 4223
1333 4026
1334 1652
1334 2875
1335 2929
1335 4717
1336 3141
1337 2047
1338 3309
1339 2539
1340 4582
1340 4814
1340 3863
1341 4112
1341 2568
1342 3359
1343 4587
1344 1947
1344 3831
1344 3515
1345 1555
1345 4370
1345 2361
1345 4550
1346 2425
1346 4262
1347 4344
1347 4544
1347 3119
1347 2692
1348 2129
1348 1451
1349 3940
1349 4001
1350 4417
1350 4275
1352 1920
1354 1448
1355 1405
1355 2530
1356 4693
1356 2667
1357 4063
1358 3827
1359 4793
1359 1417
1360 2330
1360 4205
1361 4372
1361 4213
1362 2933
1363 2840
1363 4353
1363 3160
1364 3403
1365 2663
1366 2006
1366 3161
1367 1718
1367 2032
1368 1773
1369 1901
1369 4879
1370 3369
1370 3937
1371 4315
1372 3734
1373 2925
1374 3082
1374 4003
1375 2733
1375 4166
1380 4553
1381 2288
1382 4025
1382 2248
1383 2879
1384 2394
1384 4035
1385 2690
1386 3138
1387 2868
1387 2947
1387 3448
1387 4589
1388 3662
1389 3563
1389 2364
1389 2521
1390 2535
1390 3078
1391 4658
1391 4229
1392 1887
1393 3154
1393 4639
1394 4577
1395 2056
1395 1650
1396 3392
1397 1813
1397 2727
1398 1545
1398 3974
1399 2572
1399 3483
1400 4395
1401 2600
1402 3030
1402 3601
1403 4361
1404 4602
1404 3488
1406 4934
1409 4295
1410 1860
1411 4576
1412 2936
1412 2854
1413 3861
1414 1783
1416 4817
1417 2241
1417 4773
1419 3331
1420 3647
1421 4439
1422 2786
1422 3194
1422 1641
1422 4166
1422 4961
1423 2922
1423 3929
1423 2379
1424 1770
1424 3488
1425 4580
1426 2985
1426 4336
1427 4450
1428 1796
1429 4971
1430 4549
1430 2948
1431 2216
1431 3388
1433 1920
1433 2401
1435 3367
1435 4453
1435 4684
1436 4503
1437 2669
1437 2090
1437 4867
1439 4293
1439 3679
1440 4265
1441 3930
1441 4333
1444 2959
1444 3307
1445 4692
1447 4490
1447 3813
1448 1802
1449 1751
1449 1981
1450 4861
1451 1784
1452 4608
1453 3370
1454 3109
1455 2684
1455 4784
1456 4452
1457 4990
1458 4902
1459 3937
1459 2382
1461 2515
1462 4391
1462 4135
1462 2502
1463 2304
1463 1695
1464 4235
1464 3205
1465 3533
1466 4843
1466 4958
1466 4540
1467 3236
1467 4532
1467 3082
1468 3466
1468 1539
1468 1747
1469 3429
1469 3042
1472 4831
1473 3677
1473 4305
1473 4849
1474 1764
1475 1662
1476 1882
1476 3546
1477 3893
1478 4097
1479 3584
1479 4244
1480 3950
1480 4213
1481 4762
1482 3862
1483 4922
1484 3972
1484 1739
1485 4255
1486 4308
1487 2091
1487 2847
1489 3515
1489 4089
1489 2979
1490 3216
1491 1773
1491 4211
1492 4280
1492 3143
1493 4764
1494 3876
1495 4764
1495 4864
1495 3751
1496 4248
1497 2809
1497 2847
1499 3717
1501 3204
1501 4659
1501 3999
1502 2072
1502 2620
1503 2207
1503 3824
1503 3188
1504 3017
1505 3861
1506 4524
1506 3464
1507 2775
1509 2804
1510 3107
1510 2454
1511 2779
1511 4866
1512 3812
1512 2750
1513 1720
1513 3544
1514 2592
1515 3335
1516 2575
1516 2032
1517 2125
1517 1611
1518 2931
1518 1645
1519 4167
1519 4808
1520 2480
1521 2895
1522 3821
1523 4883
1524 2196
1525 2409
1525 4030
1525 3617
1527 3524
1528 2149
1529 2765
1529 3339
1529 3183
1531 4810
1531 2271
1532 3239
1533 4431
1534 4235
1535 2443
1535 4497
1536 3811
1537 1974
1538 4675
1539 1951
1540 4355
1541 3902
1541 3078
1543 2206
1543 4984
1544 2893
1544 4279
1544 4603
1544 3491
1544 4630
1546 2395
1548 4837
1550 3447
1552 3380
1553 1739
1554 1866
1557 4031
1558 3245
1558 2304
1559 2437
1559 4888
1560 4185
1561 3624
1563 1598
1563 4512
1564 2847
1564 4667
1565 2150
1565 4127
1565 2984
1566 1935
1566 4896
1567 4610
1568 3597
1569 4227
1570 3216
1571 2472
1571 3704
1572 3759
1572 4272
1572 3024
1572 3481
1573 1875
1573 3943
1573 3272
1573 2115
1574 4257
1576 2867
1576 1994
1577 4460
1578 4660
1579 2983
1580 3431
1580 3649
1580 1746
1580 4720
1581 2927
1582 3214
1583 2247
1583 2460
1584 3072
1584 1609
1585 3422
1585 3879
1586 4570
1587 2009
1588 3860
1589 3408
1590 2054
1591 4971
1592 3171
1592 4323
1593 2252
1593 4898
1594 4148
1594 4140
1595 1896
1596 3696
1597 3588
1597 3810
1598 4656
1601 3506
1601 3086
1602 2567
1602 2538
1603 4493
1603 3962
1604 4249
1605 3726
1605 4520
1605 4931
1606 2548
1606 4749
1607 1900
1607 1897
1608 4686
1609 3811
1610 1670
1610 3750
1612 3771
1614 4180
1615 4069
1615 1863
1617 2301
1617 2209
1618 4074
1619 2912
1620 3353
1621 4722
1623 4510
1623 1656
1623 3021
1624 3938
1625 2921
1625 2938
1625 3110
1626 2766
1627 2057
1627 4023
1628 2989
1628 3968
1628 3734
1629 4673
1630 2413
1630 2657
1631 2035
1632 4238
1633 3657
1633 4243
1633 3410
1634 4468
1636 2834
1637 4351
1637 4206
1637 2833
1638 3218
1638 4970
1639 2182
1640 3834
1640 4686
1640 1866
1640 3078
1641 1949
1641 2566
1642 3055
1643 2578
1643 4843
1644 4626
1645 2348
1645 4682
1646 2111
1647 2164
1647 3262
1648 2461
1649 4489
1652 3884
1653 2700
1654 3119
1655 4210
1657 3399
1657 3262
1658 1767
1659 4309
1659 3312
1660 2392
1662 3631
1663 4404
1663 4567
1664 2503
1665 2163
1665 4586
1666 4567
1666 4997
1666 3425
1667 4728
1667 1836
1668 2054
1669 3929
1671 1807
1674 3185
1675 4949
1675 3051
1676 3533
1677 4263
1678 3830
1678 4440
1678 3681
1679 3471
1679 4245
1680 3967
1680 2990
1681 3567
1681 2396
1682 3731
1682 3064
1682 2712
1682 2395
1683 2442
1684 3355
1684 2909
1685 4947
1685 4333
1686 4673
1687 4667
1688 4577
1689 4603
1690 1916
1690 3205
1690 2953
1690 3824
1691 3513
1691 4966
1692 2888
1693 1695
1693 2450
1694 2764
1695 2478
1695 2971
1695 4276
1696 3800
1696 4891
1697 2734
1698 4066
1698 3233
1699 3634
1699 3531
1700 4636
1700 2340
1701 3278
1702 2332
1703 4715
1704 3249
1704 4478
1704 1843
1704 2523
1705 2605
1706 4145
1707 4660
1708 4792
1709 3720
1710 1822
1710 4806
1711 2114
1712 2287
1712 1786
1714 3656
1714 2823
1715 3106
1716 4016
1717 1774
1717 4457
1717 2906
1718 4287
1719 2862
1721 3063
1722 3234
1723 2379
1724 3752
1724 2341
1725 4211
1726 2891
1726 4115
1727 3741
1727 4772
1727 3003
1728 2096
1730 4744
1730 2082
1731 4509
1731 2030
1732 3389
1733 1785
1733 3791
1733 4931
1734 2882
1734 4679
1735 4604
1736 4055
1737 4201
1738 4079
1740 3970
1740 3549
1741 3611
1741 3762
1743 2589
1743 3991
1743 3646
1743 3942
1745 2861
1746 4921
1746 3097
1747 3814
1747 2441
1747 3138
1748 3260
1749 4489
1750 2511
1752 3577
1752 2659
1752 4306
1754 2965
1754 4386
1754 3725
1755 2121
1755 2937
1755 1890
1758 1831
1759 2176
1760 4192
1760 4447
1761 3297
1761 4923
1761 3076
1762 4499
1762 2977
1762 2712
1763 1994
1763 2774
1766 2988
1766 4002
1766 4863
1767 2573
1769 4735
1770 4339
1771 3448
1772 4474
1774 3707
1774 3400
1776 4960
1777 2488
1778 3661
1779 1917
1780 4470
1780 1837
1781 2503
1782 2180
1782 3030
1783 2401
1783 3199
1786 4954
1789 3083
1789 4512
1791 2394
1793 3609
1793 4862
1794 3619
1794 3191
1795 1983
1796 2344
1796 4319
1796 4099
1797 2305
1798 3192
1798 4767
1799 4476
1799 3050
1800 2739
1801 3487
1801 2329
1803 4318
1805 2079
1806 3312
1807 2564
1809 4658
1810 3219
1811 1879
1812 4887
1812 4826
1812 3898
1813 4904
1814 3807
1815 3951
1816 3312
1816 4053
1817 4297
1818 3323
1818 3467
1819 4242
1820 3785
1821 3346
1821 4057
1822 4261
1822 2516
1823 3362
1824 3959
1824 3537
1826 4569
1826 4311
1827 3291
1828 3163
1829 2825
1830 3723
1832 3796
1833 3001
1833 3608
1833 3325
1834 2313
1834 3063
1836 4246
1838 3952
1839 1919
1840 4572
1840 2575
1842 2484
1842 4974
1842 4566
1843 2025
1844 2862
1844 2424
1845 4324
1847 3766
1847 3897
1848 3686
1848 4921
1849 2316
1849 2575
1850 2158
1850 4675
1851 3287
1851 2883
1853 2798
1853 4416
1853 2303
1854 2970
1855 2485
1855 3263
1855 2696
1856 3780
1858 2240
1859 2701
1859 3648
1859 4817
1860 3530
1861 4455
1862 2086
1863 3744
1864 3284
1866 4984
1868 2735
1869 4202
1869 3728
1870 3976
1871 2137
1871 2791
1872 2388
1873 3134
1874 3492
1876 4648
1877 4359
1877 2835
1877 4363
1878 4425
1879 2465
1880 2635
1880 3334
1880 2262
1881 4536
1883 4967
1883 3313
1884 4989
1884 4385
1886 3127
1887 3913
1887 4451
1888 4255
1889 2323
1890 4077
1891 4932
1892 2297
1892 4771
1892 2354
1893 4054
1893 4928
1893 3944
1894 4576
1895 3687
1896 4040
1897 2749
1897 3598
1897 4896
1897 2087
1898 2621
1899 4510
1902 4866
1902 4045
1906 4159
1906 4004
1906 2656
1908 2322
1908 3147
1910 3977
1911 2283
1912 3595
1912 3598
1913 4599
1914 3696
1914 2201
1915 2926
1915 3481
1918 4593
1919 4237
1920 2958
1921 3500
1921 4776
1921 2108
1922 4622
1922 4318
1923 2170
1924 3732
1924 3604
1924 2301
1925 3882
1927 2480
1928 3283
1928 3512
1928 2360
1929 3104
1929 4442
1929 4932
1929 4587
1930 4053
1930 2503
1931 3008
1931 3418
1931 2649
1932 3371
1933 4884
1936 4229
1937 4416
1938 3256
1938 2470
1939 3892
1939 3626
1941 3307
1942 4028
1943 2483
1944 2533
1944 3344
1945 1967
1946 2718
1948 3670
1950 4232
1950 2598
1951 3748
1952 2786
1953 2603
1954 2033
1955 3607
1956 4554
1958 2660
1959 3889
1960 4879
1960 3930
1961 3528
1961 4840
1961 3674
1963 4466
1964 3213
1964 2479
1964 4152
1965 2037
1965 4756
1966 2752
1966 2893
1967 3859
1968 2848
1968 3899
1969 2164
1970 2666
1971 4876
1972 2566
1973 2209
1973 3045
1973 2114
1974 4211
1975 4754
1976 4977
1977 4091
1979 2219
1980 3763
1980 4944
1982 2691
1983 3445
1983 4107
1983 4667
1984 4446
1985 3034
1985 3932
1985 2033
1985 2624
1986 4945
1986 4354
1987 4733
1988 3494
1992 4392
1992 4306
1992 4414
1995 2812
1995 3044
1996 4654
1997 4857
1998 2226
2000 3527
2002 4691
2002 2566
2003 3809
2003 4102
2003 4929
2004 3280
2005 2412
2006 2719
2007 3168
2007 3742
2007 3253
2008 4676
2008 3689
2008 4031
2009 4702
2010 3432
2010 2141
2011 2704
2011 2813
2012 2509
2013 3164
2014 2818
2015 4482
2015 3318
2017 4436
2018 4882
2020 2372
2020 2216
2021 3744
2021 4695
2021 4845
2022 4589
2023 4937
2023 4645
2024 3733
2024 4802
2024 4540
2025 3720
2026 2714
2026 3431
2028 3819
2029 4943
2030 4829
2031 4630
2034 4904
2035 4836
2036 3965
2037 4164
2038 2065
2038 3263
2039 3319
2040 2346
2040 2606
2040 3850
2040 4703
2040 4341
2041 4319
2042 2451
2043 4154
2043 2509
2043 3712
2043 4283
2044 3778
2044 3219
2045 4448
2045 2831
2046 2728
2046 4000
2048 4327
2048 4649
2049 4287
2050 3638
2051 2820
2051 4984
2052 3916
2052 3873
2053 3095
2053 2240
2054 3907
2055 4907
2056 3869
2058 3460
2058 2942
2060 3589
2060 4837
2060 4868
2061 4028
2061 3894
2063 3945
2066 2980
2066 4452
2067 4258
2068 2865
2068 3069
2069 2771
2070 3875
2070 4915
2070 4345
2071 4411
2071 2104
2073 2298
2074 3439
2074 4332
2075 2656
2077 3322
2080 3571
2081 3148
2082 4385
2083 2565
2083 3147
2084 3385
2084 2275
2085 2687
2086 2624
2088 4622
2089 3535
2089 4092
2092 3271
2095 4870
2095 2674
2095 3632
2096 3922
2096 2864
2097 2383
2098 4668
2098 2795
2099 3921
2100 2326
2100 4059
2100 2412
2101 2610
2101 3465
2102 3945
2103 2335
2104 3384
2104 2189
2105 2223
2105 2908
2106 4536
2107 2962
2107 4558
2109 3755
2109 4341
2109 2118
2110 2736
2110 3066
2112 4619
2113 2612
2114 4378
2116 3130
2116 4137
2117 2213
2117 2658
2118 2192
2119 3917
2119 4985
2123 2416
2124 4045
2124 3272
2125 4758
2125 4920
2127 4546
2127 4537
2128 4264
2131 2533
2132 3853
2132 4610
2132 4500
2133 4387
2133 2986
2134 4479
2134 2892
2135 4077
2135 2938
2136 2571
2137 2908
2138 3203
2138 2891
2140 4201
2141 2293
2141 4093
2142 4632
2143 3029
2143 3710
2144 2435
2144 2488
2145 2393
2146 4346
2146 2451
2146 4762
2147 2423
2147 4591
2148 4658
2149 4377
2151 3604
2153 2872
2154 3633
2154 4426
2155 4341
2156 3781
2157 4875
2158 2481
2159 4067
2159 4350
2159 2846
2160 2942
2160 4730
2161 2366
2161 2738
2161 3223
2162 4888
2162 3192
2163 2408
2163 2998
2165 3617
2165 3598
2166 4097
2166 4851
2166 2604
2166 4613
2167 3155
2168 3347
2169 4424
2171 3051
2171 4468
2172 2286
2173 4562
2175 4170
2175 3702
2179 2337
2179 3655
2179 3794
2180 4914
2181 2715
2182 2269
2184 2447
2185 3572
2185 4825
2187 4211
2187 4590
2188 4720
2188 3180
2189 4026
2190 4578
2190 2192
2190 2451
2191 2873
2193 4786
2194 2613
2195 2732
2195 4369
2198 4933
2198 2857
2199 4900
2199 4725
2200 2879
2202 4822
2202 4694
2203 4376
2203 3860
2204 2269
2205 3357
2205 4458
2206 4780
2208 3622
2208 2499
2209 2549
2209 3678
2210 2764
2213 2258
2214 2946
2215 2678
2216 2345
2217 3890
2217 3990
2218 3889
2219 4045
2220 2777
2220 3457
2222 3388
2223 3795
2224 2618
2225 2327
2225 3099
2226 4307
2227 4239
2228 2645
2229 4025
2231 4432
2233 4858
2233 4956
2233 4738
2235 3404
2235 3637
2237 2431
2237 4260
2237 3100
2237 3652
2238 2311
2239 4062
2239 3232
2240 2392
2242 3042
2242 4585
2243 2333
2244 3685
2245 4785
2246 4500
2248 4183
2248 2557
2250 2968
2250 3246
2250 4884
2250 2664
2251 4379
2251 4260
2253 2551
2253 2905
2259 2918
2259 4822
2260 2792
2260 4316
2263 3840
2263 3601
2263 4142
2264 2515
2265 4507
2266 4826
2267 2983
2267 2911
2268 3403
2270 2811
2272 3509
2273 4141
2274 4239
2274 2874
2275 4465
2276 2772
2276 2891
2277 3411
2278 2510
2278 3594
2279 2686
2280 2802
2280 3899
2281 4446
2282 2923
2284 4111
2284 4136
2284 3443
2285 3490
2285 4382
2285 2869
2286 4340
2288 3522
2288 4831
2289 2978
2290 2981
2291 2681
2291 3018
2291 2665
2292 2499
2294 4199
2294 3325
2295 2547
2296 2831
2296 3147
2300 4086
2300 3472
2300 2746
2302 2340
2304 4409
2305 2629
2306 4462
2306 4839
2306 3247
2306 4630
2307 3293
2308 2927
2308 3974
2308 3555
2308 4494
2309 3539
2309 4126
2310 4932
2311 2887
2312 3703
2313 3185
2313 3087
2313 4961
2314 3718
2314 3438
2315 2603
2315 3793
2316 4912
2316 4263
2317 2324
2318 3939
2318 3707
2319 4619
2319 4625
2319 3536
2320 4112
2322 2501
2322 4973
2325 4790
2325 3071
2326 4781
2327 4733
2327 4215
2328 2433
2329 3668
2331 2919
2334 3045
2336 2374
2336 4604
2336 2469
2338 4156
2339 2512
2340 3217
2341 3931
2342 2600
2345 2587
2345 3276
2347 2486
2347 3713
2350 4677
2350 3896
2352 2904
2352 3434
2354 3089
2355 2939
2356 3430
2358 4909
2359 3320
2359 2582
2359 3739
2359 4816
2359 4780
2360 2457
2360 4689
2361 4774
2362 2746
2362 2809
2364 2617
2367 4444
2369 3500
2370 4639
2371 3205
2373 2571
2374 2721
2375 4929
2376 4448
2378 2764
2380 4701
2381 3280
2382 3361
2383 3566
2383 4201
2384 2503
2385 4317
2385 2503
2387 4453
2388 2852
2388 3436
2388 4358
2389 2403
2390 3377
2390 3764
2390 4279
2392 2724
2392 4385
2392 2512
2393 4483
2393 3772
2395 3463
2395 4907
2396 2697
2396 3258
2397 3590
2397 4130
2398 2940
2398 4930
2399 2773
2400 4594
2400 2461
2402 4151
2402 2435
2403 2727
2403 4643
2404 2671
2404 3560
2405 2929
2407 3319
2410 4535
2410 2733
2413 3680
2414 4245
2417 2574
2417 4942
2417 3100
2419 3941
2419 3751
2420 3019
2421 2785
2424 4526
2424 2801
2426 4292
2430 4426
2430 2861
2433 3964
2433 2767
2433 4213
2434 2692
2434 3603
2435 4405
2436 4332
2438 4424
2438 3093
2439 2695
2441 2763
2442 4225
2442 2924
2444 3606
2445 4775
2445 3073
2446 4191
2447 3872
2448 3855
2448 4106
2448 3286
2450 3198
2452 2691
2453 2496
2454 4738
2455 2673
2456 4984
2458 4043
2459 4896
2460 2905
2462 3696
2464 3398
2466 3826
2466 3483
2467 4412
2467 3372
2468 4200
2468 4898
2470 3044
2471 4248
2472 3579
2473 2650
2473 2836
2474 3801
2475 3365
2476 3684
2476 4534
2477 2975
2477 3942
2479 3735
2479 4743
2479 4829
2490 3374
2490 4750
2492 4665
2493 2762
2493 3359
2494 4087
2494 3914
2496 2963
2496 3222
2497 2764
2499 4022
2500 4171
2502 4147
2502 4112
2503 3975
2503 4205
2504 2733
2505 3417
2506 4282
2507 2528
2507 3701
2508 2624
2508 4434
2510 3275
2511 3174
2513 3458
2514 3881
2514 4326
2516 3002
2517 4266
2517 3519
2518 3728
2519 4220
2520 3832
2521 4988
2522 2579
2523 2872
2524 3148
2525 4378
2527 3421
2527 3630
2528 4640
2529 4829
2530 3949
2531 4990
2536 4913
2537 4204
2537 4385
2538 4275
2538 2831
2539 3238
2540 3083
2541 4250
2542 4014
2543 3221
2543 3903
2545 3411
2546 4149
2546 4541
2546 4936
2547 4486
2548 4750
2550 2815
2551 2570
2552 3173
2552 3662
2554 4181
2554 2997
2555 4116
2555 4323
2556 4005
2556 4597
2556 4570
2557 4659
2558 4736
2558 2958
2559 4277
2560 4680
2560 4003
2560 2881
2561 4384
2562 4723
2563 4738
2564 4713
2568 4337
2569 3114
2571 4529
2571 4038
2576 4385
2577 2835
2579 4153
2581 4393
2581 4521
2581 4226
2582 3697
2583 2746
2584 3092
2585 3293
2585 4150
2586 3307
2588 3789
2588 3221
2590 4113
2591 2949
2593 2801
2593 3691
2596 4041
2596 3906
2598 4105
2599 3110
2600 3531
2601 3283
2602 4404
2603 3738
2604 4049
2604 4881
2607 4652
2608 3306
2612 3638
2613 3556
2613 4185
2614 4963
2615 4013
2615 4575
2616 3195
2617 3825
2617 3227
2618 2656
2618 4822
2619 4484
2620 2906
2621 3309
2621 3659
2622 4689
2623 3947
2624 3758
2625 4088
2625 3478
2627 2829
2628 4836
2628 2829
2629 4869
2630 4564
2630 4522
2631 3509
2632 4916
2633 3624
2634 4555
2636 2744
2637 3634
2638 2845
2640 2952
2642 4184
2643 3558
2643 2900
2645 3192
2646 4994
2646 4644
2647 3711
2647 2829
2648 4329
2648 3799
2649 3824
2650 3120
2651 2968
2654 4086
2655 3004
2655 3693
2656 3085
2657 2757
2657 3932
2659 2660
2662 4138
2663 3028
2664 3888
2664 4996
2665 3189
2666 2814
2666 3243
2666 3621
2670 4900
2671 4742
2672 3303
2672 3817
2673 3267
2673 4308
2675 3926
2677 3454
2680 2775
2682 2919
2682 3346
2683 3623
2683 4807
2685 4373
2686 3756
2686 4107
2687 3218
2688 4301
2689 4761
2691 2880
2691 4093
2692 4800
2693 3226
2693 4918
2693 2708
2694 3231
2698 3251
2700 4429
2703 3284
2703 3554
2703 4769
2703 4985
2706 3719
2708 2955
2708 4158
2709 3716
2710 2774
2710 4056
2711 2731
2713 3574
2713 2846
2713 4570
2713 4528
2716 2791
2717 3969
2718 3041
2719 4271
2720 3196
2722 3982
2722 3286
2722 4854
2725 3349
2725 4919
2729 4844
2729 3378
2730 4265
2730 3162
2731 4989
2732 4565
2733 4437
2733 4711
2734 2790
2735 3808
2737 4088
2740 3210
2744 4873
2744 3045
2745 4310
2747 4807
2748 3854
2748 2754
2749 4000
2750 3382
2750 4723
2750 4906
2751 3272
2754 2899
2755 3239
2755 3747
2755 2953
2756 3946
2759 3763
2760 3202
2761 4229
2763 4725
2764 3778
2766 4958
2767 4962
2768 4090
2769 2862
2770 4039
2771 4710
2772 3816
2773 4795
2775 3224
2776 2788
2776 4823
2776 4151
2778 4474
2778 3511
2780 3560
2780 4146
2781 3613
2782 3219
2782 4844
2784 2951
2784 2787
2785 4705
2785 4809
2788 3497
2789 3187
2790 4952
2790 4655
2796 3754
2796 4530
2796 2874
2797 3396
2797 3923
2797 3043
2798 3327
2800 3694
2804 4894
2806 3631
2806 4340
2807 4289
2808 3544
2808 3329
2810 4184
2815 3336
2816 3481
2817 4212
2819 4414
2819 3816
2821 3388
2822 4592
2823 4135
2826 4421
2828 3294
2832 3526
2832 3122
2835 3728
2837 3339
2838 3981
2839 4965
2841 4861
2841 3274
2843 3843
2843 3410
2844 3215
2844 4302
2845 4394
2848 3163
2849 3732
2850 2944
2851 4792
2853 4988
2853 2958
2854 3447
2854 4620
2855 4162
2855 3418
2856 4314
2858 4756
2859 3585
2859 3189
2860 4063
2861 3807
2862 4674
2864 3911
2865 4337
2866 4109
2866 3591
2869 3596
2869 3452
2870 4827
2870 4755
2875 4692
2876 4517
2877 3030
2878 4940
2878 3142
2879 3015
2880 2961
2881 4731
2883 3207
2884 4746
2884 3512
2887 2970
2889 4701
2889 3871
2892 4977
2892 3155
2894 4994
2896 3706
2897 4461
2899 3153
2899 3961
2901 3035
2901 2951
2902 3944
2902 3047
2902 3854
2905 3055
2910 4343
2912 4124
2912 4531
2912 4468
2913 3208
2914 3041
2915 4548
2916 4595
2916 4297
2917 3736
2918 4629
2918 4669
2920 3640
2923 3908
2924 4221
2925 4258
2928 4044
2930 3648
2931 4296
2932 4762
2932 4461
2935 4311
2936 3885
2940 3282
2944 3854
2946 4490
2949 4645
2953 3896
2956 3134
2957 4881
2964 2984
2966 3368
2966 3006
2969 3716
2970 3710
2971 3765
2972 3569
2973 4722
2973 4996
2976 3973
2978 4220
2984 4581
2984 4634
2986 4481
2987 3352
2987 3355
2991 3825
2994 3042
2996 3248
2997 4717
2999 3971
3000 4951
3001 4763
3002 3546
3003 4207
3006 3779
3007 3328
3007 3295
3010 3197
3011 4968
3012 3876
3014 3245
3021 4883
3022 4831
3023 4104
3024 3838
3025 3282
3026 3048
3027 4604
3028 3105
3029 3332
3031 3962
3032 3266
3033 4919
3033 3996
3036 4182
3037 4838
3037 4499
3040 3926
3043 4865
3043 4922
3043 3900
3044 3405
3044 4646
3046 4995
3049 4380
3052 4642
3052 4164
3053 3956
3055 3253
3055 4662
3056 3395
3056 3073
3057 4350
3058 3473
3058 3419
3059 3850
3060 3427
3061 3121
3062 4682
3063 4670
3064 4431
3065 3329
3066 3981
3067 3084
3068 4871
3069 4269
3069 4694
3071 4376
3073 3094
3074 3470
3074 3827
3075 3187
3077 3288
3078 4450
3079 3193
3079 3321
3080 3501
3080 3946
3087 3904
3088 4114
3092 3882
3097 4039
3099 4455
3099 4740
3102 3444
3103 3652
3105 4430
3105 4224
3105 3154
3106 3837
3108 4651
3110 4475
3110 3338
3111 4303
3113 4616
3113 4246
3114 4351
3116 3206
3116 3239
3117 4375
3117 4845
3117 3993
3118 3137
3119 4824
3122 4216
3123 3683
3124 3448
3125 4106
3127 3262
3127 4291
3130 3605
3130 4285
3132 3363
3133 3145
3136 3146
3137 4349
3138 3477
3139 3811
3139 4568
3140 4513
3141 3598
3143 3784
3144 4159
3146 4661
3148 4412
3150 4733
3151 4321
3151 4422
3152 3306
3154 4371
3154 3948
3155 3227
3156 4645
3157 4704
3158 4827
3159 3170
3161 3592
3162 4734
3166 4335
3167 3375
3167 4963
3169 4381
3170 3994
3170 3529
3172 3509
3176 3355
3177 4991
3177 4207
3178 4811
3179 3727
3180 3211
3180 4687
3180 4211
3181 4139
3182 4043
3183 3438
3184 3934
3187 4282
3189 4682
3190 4815
3191 3456
3195 4487
3196 3239
3197 4057
3197 4256
3199 4697
3199 3917
3201 4788
3202 4302
3203 4131
3206 3457
3208 4045
3209 4950
3209 4643
3210 4113
3214 4434
3215 3527
3216 4288
3217 3469
3217 4397
3218 4070
3225 3598
3227 3691
3228 4219
3228 3936
3229 3858
3230 3446
3231 3339
3232 3979
3234 4894
3234 3337
3235 3654
3237 4681
3237 3746
3238 3514
3238 3394
3240 3523
3240 4486
3241 4210
3241 3451
3242 4872
3244 3606
3246 4803
3247 3949
3247 4001
3254 4343
3257 3653
3257 4431
3258 3686
3259 3372
3260 4191
3261 4856
3262 4119
3264 4551
3265 4435
3265 4623
3265 3961
3265 4354
3268 4530
3269 4255
3271 4062
3273 4910
3273 3507
3277 4280
3279 4564
3281 4723
3285 3974
3286 3484
3286 4463
3286 4690
3288 4233
3289 3793
3290 4616
3292 4302
3295 3717
3295 4518
3297 3547
3298 4633
3301 3894
3301 4161
3304 3448
3305 3878
3305 4251
3305 4791
3306 4075
3306 4538
3307 4710
3309 3559
3310 4805
3310 3685
3311 4233
3315 3552
3317 4818
3318 4313
3321 3520
3322 4047
3324 3571
3325 4249
3330 3912
3330 3850
3338 4575
3338 4561
3342 4601
3343 3710
3344 3505
3344 3498
3351 3658
3353 4137
3353 3900
3356 3804
3358 4460
3359 3558
3360 4179
3361 4345
3361 3950
3364 4954
3364 3369
3366 3660
3368 4155
3368 4286
3369 4027
3370 4706
3370 4828
3370 4620
3370 4001
3371 3992
3372 3653
3373 3700
3381 4110
3383 3986
3383 3682
3386 3806
3388 3850
3390 4841
3390 4146
3390 4309
3391 3641
3393 4255
3394 3919
3395 4395
3397 4685
3400 3992
3401 3740
3401 4064
3404 4074
3405 4672
3406 4101
3410 3584
3411 3678
3412 3845
3412 4758
3415 3434
3416 4198
3416 3969
3419 4778
3419 4571
3423 3906
3424 4406
3425 4826
3428 3488
3428 3578
3428 3674
3432 3847
3433 3883
3433 3978
3434 4518
3435 3532
3440 4360
3440 4845
3441 3848
3443 4445
3447 3998
3447 4903
3449 4746
3451 4374
3452 4586
3453 3702
3464 3956
3465 4363
3467 4869
3468 4636
3471 3947
3472 4014
3475 4256
3475 4374
3477 4083
3479 3842
3485 4593
3489 4814
3492 4072
3493 4228
3494 3569
3494 4752
3494 4012
3495 4780
3496 4840
3497 3504
3499 4331
3503 3519
3506 4197
3508 4446
3509 4144
3510 4097
3511 4871
3512 4747
3516 4244
3517 4134
3518 3735
3521 3641
3521 4085
3522 3652
3524 3992
3525 4619
3529 3989
3533 3537
3533 4956
3534 4502
3536 3684
3540 4381
3541 4290
3541 3940
3542 4806
3542 4153
3543 4657
3545 4626
3545 4585
3548 4059
3550 3913
3551 4820
3551 3988
3553 4796
3553 3796
3555 4401
3561 4610
3564 3901
3570 4448
3571 4208
3573 4655
3573 4452
3573 4356
3575 4581
3576 4689
3578 4481
3581 4222
3581 3921
3582 4829
3583 4751
3587 4478
3588 4035
3588 4389
3588 3983
3592 4613
3592 3699
3593 4243
3594 4580
3596 4073
3597 3766
3599 4320
3600 4810
3603 3960
3608 4696
3611 4897
3612 4622
3613 4182
3615 3954
3616 4580
3618 3878
3620 4901
3621 3740
3625 4264
3629 4217
3630 3893
3632 4606
3637 4068
3642 4717
3643 3963
3643 4945
3644 4168
3646 4466
3647 3746
3652 4176
3653 4238
3654 4818
3659 4727
3660 4324
3660 3867
3661 3932
3662 4872
3665 3817
3665 4655
3666 4060
3667 4338
3668 4573
3669 3996
3672 3701
3673 4866
3676 4186
3679 4169
3681 4308
3683 3782
3685 3938
3689 3879
3689 4542
3690 4210
3691 4095
3692 4335
3695 4957
3696 4428
3699 4713
3700 4133
3700 4653
3703 4016
3704 4709
3710 3767
3710 4071
3712 4408
3713 3738
3714 4500
3715 4292
3719 4738
3720 3792
3721 4975
3722 4692
3727 4367
3736 4330
3743 4983
3745 4558
3745 4824
3748 3914
3748 4307
3753 3973
3756 3810
3760 4322
3760 4591
3766 4664
3767 4964
3768 4946
3769 4606
3772 4507
3773 4880
3774 4660
3774 4246
3775 4863
3776 4013
3779 4224
3784 4877
3784 3962
3787 4068
3788 4775
3793 4105
3793 3877
3796 4326
3796 4699
3796 4121
3797 4588
3799 4992
3801 4346
3804 4033
3805 4077
3806 4624
3813 4974
3815 4452
3822 4304
3823 4956
3824 3973
3828 3981
3828 4288
3829 4686
3833 4099
3836 4243
3837 4527
3839 4607
3839 4150
3841 3849
3841 4335
3844 4377
3852 3998
3856 4308
3863 4051
3863 4311
3864 3899
3865 3942
3866 4859
3866 4106
3867 4552
3871 4436
3873 4471
3874 4210
3882 3915
3882 4735
3883 4216
3886 4195
3895 4157
3895 4780
3899 4368
3903 4642
3905 4834
3905 4216
3909 4949
3916 4718
3918 4020
3920 4132
3923 4730
3927 4328
3931 4537
3933 4751
3935 4180
3937 4753
3937 4645
3940 4328
3942 4704
3946 4563
3948 4420
3950 4514
3951 4780
3953 4441
3954 4584
3956 3987
3956 4647
3957 4628
3958 4582
3965 4562
3966 4587
3966 4506
3970 4957
3971 4247
3973 4168
3973 4512
3976 4237
3979 4214
3980 4551
3983 4990
3989 4708
3990 4654
3994 3995
3995 4254
3999 4224
4002 4632
4008 4138
4008 4132
4008 4696
4009 4588
4011 4400
4012 4032
4012 4195
4014 4484
4014 4195
4016 4522
4016 4048
4017 4638
4017 4529
4019 4138
4020 4143
4020 4678
4021 4661
4023 4114
4029 4481
4034 4735
4037 4871
4039 4539
4041 4671
4043 4046
4049 4407
4050 4455
4051 4123
4053 4559
4055 4596
4056 4315
4056 4938
4057 4641
4058 4635
4059 4273
4059 4355
4071 4883
4072 4930
4074 4299
4077 4292
4088 4853
4090 4709
4091 4804
4100 4798
4104 4934
4110 4917
4110 4930
4115 4879
4117 4307
4118 4519
4122 4235
4126 4556
4127 4312
4128 4905
4130 4477
4141 4710
4141 4241
4146 4885
4150 4939
4152 4905
4158 4614
4158 4631
4160 4631
4161 4765
4163 4189
4174 4537
4182 4576
4184 4721
4186 4854
4186 4732
4187 4444
4188 4752
4190 4666
4197 4525
4206 4855
4209 4522
4212 4544
4215 4886
4220 4657
4224 4925
4230 4915
4231 4889
4233 4648
4233 4996
4237 4400
4242 4676
4247 4856
4250 4842
4250 4804
4253 4614
4255 4269
4257 4458
4258 4675
4258 4330
4259 4461
4263 4534
4265 4899
4267 4486
4268 4971
4268 4539
4275 4528
4281 4650
4281 4953
4283 4381
4284 4587
4290 4902
4293 4777
4296 4766
4303 4694
4304 4666
4311 4905
4313 4633
4319 4333
4322 4786
4323 4403
4332 4482
4334 4400
4338 4643
4342 4608
4343 4761
4352 4816
4355 4978
4359 4598
4362 4949
4364 4882
4368 4542
4369 4412
4370 4547
4374 4461
4377 4979
4378 4561
4388 4518
4395 4951
4402 4631
4410 4825
4412 4867
4415 4617
4425 4726
4427 4449
4432 4612
4434 4528
4438 4665
4439 4583
4440 4654
4444 4714
4444 4595
4446 4892
4456 4767
4459 4513
4464 4998
4467 4845
4473 4475
4474 4983
4479 4929
4488 4958
4497 4586
4503 4741
4520 4783
4523 4934
4532 4944
4534 4901
4537 4692
4538 4947
4545 4946
4550 4825
4554 4970
4560 4614
4570 4739
4590 4663
4596 4601
4599 4882
4618 4846
4631 4688
4639 4963
4647 4822
4652 4957
4679 4799
4707 4935
4716 4802
4729 4948
4740 4966
4740 4975
4745 4749
4758 4782
4783 4924
4788 4813
4793 4825
4797 4826
4801 4863
4825 4982
4835 4976
4846 4958
4880 4881
4895 4930
