300 299
0 69
0 15
0 103
1 52
1 60
2 135
3 176
4 258
4 219
5 42
5 194
6 94
6 186
6 103
7 263
7 142
8 281
8 75
9 240
9 260
10 254
10 171
10 215
10 85
10 40
11 98
11 220
11 277
12 31
12 56
13 101
13 295
14 225
15 164
15 225
15 279
16 76
17 52
18 219
18 261
18 72
19 50
19 83
19 253
20 129
20 105
21 184
21 81
22 61
22 177
22 140
23 156
23 32
24 205
24 171
25 199
26 206
27 146
27 59
28 260
28 58
29 212
29 155
30 227
31 37
31 110
32 147
32 92
33 88
33 246
33 197
34 219
35 223
35 59
36 41
36 284
38 64
38 242
38 274
39 47
39 83
40 189
43 190
44 174
45 231
45 64
46 233
46 117
47 118
47 259
48 62
49 85
50 74
51 66
51 252
53 82
54 71
55 90
55 292
55 221
56 256
56 209
57 120
57 155
58 287
59 230
59 119
60 172
60 280
60 187
62 199
63 284
64 167
65 68
65 238
66 112
67 260
70 220
71 168
71 104
72 251
72 133
73 272
73 250
74 180
75 214
76 256
77 144
77 140
77 226
78 201
78 188
79 249
79 182
80 248
80 91
81 173
81 104
81 287
81 103
82 209
83 145
83 288
84 276
85 91
86 144
87 135
87 103
87 299
89 165
91 153
91 207
92 299
93 198
93 270
93 277
93 283
93 139
94 116
95 276
95 296
95 186
96 175
96 261
97 286
99 205
100 299
102 120
105 210
106 154
106 214
106 111
107 225
108 291
108 178
109 121
109 124
110 278
110 229
111 202
113 117
113 231
114 188
115 216
119 290
120 161
122 298
122 257
123 275
124 237
125 271
125 264
126 143
126 168
127 297
128 283
129 163
130 206
130 210
131 275
132 148
133 285
133 229
134 172
136 259
137 179
137 140
138 224
139 192
139 200
141 148
141 163
142 247
142 152
143 222
145 182
145 284
149 288
150 276
151 296
152 196
152 166
154 294
155 188
155 273
155 297
155 267
156 265
157 234
158 194
158 275
158 295
159 287
160 281
162 278
163 237
165 263
166 190
168 252
169 266
170 299
173 185
174 223
176 286
176 257
178 204
181 253
183 250
183 225
184 191
185 255
186 290
187 282
187 291
189 223
190 210
190 269
193 203
193 294
194 199
195 296
196 268
197 209
198 226
200 221
200 246
202 241
202 215
204 269
204 274
205 293
206 238
206 266
207 253
207 209
208 232
210 264
211 257
213 248
214 216
214 267
217 265
218 228
218 243
219 245
222 234
222 239
222 262
224 244
224 242
227 262
228 274
232 270
235 283
236 266
243 288
248 289
257 292
265 295
