300 299
0 157
1 287
2 7
2 253
3 62
3 183
3 126
3 170
4 238
4 76
5 129
6 186
6 280
7 20
7 199
8 47
9 289
10 250
11 178
11 24
11 223
12 193
12 272
13 90
13 187
13 188
13 43
13 296
13 113
14 227
14 138
15 116
15 144
15 38
16 234
17 189
17 203
18 30
18 299
19 210
20 265
21 61
21 30
22 59
22 176
22 126
23 232
23 70
23 125
23 201
24 96
25 216
26 259
26 230
26 182
27 206
27 40
28 280
29 205
29 216
29 75
30 151
31 91
31 92
31 48
32 131
33 82
33 146
33 170
33 256
34 234
34 40
35 150
35 217
36 145
37 211
37 154
38 83
38 103
38 145
38 190
38 165
38 176
39 86
39 53
40 201
41 233
41 86
42 64
42 89
43 270
43 271
44 236
44 149
45 229
46 242
46 193
47 73
47 293
47 255
48 116
49 108
50 52
50 100
50 201
51 220
52 72
53 290
54 138
54 193
55 154
55 227
56 288
56 213
57 118
57 216
58 72
60 127
61 192
63 162
63 201
64 229
64 109
64 272
65 95
65 248
65 150
66 197
67 157
68 117
69 209
70 149
71 112
74 263
74 256
75 237
76 93
76 257
76 256
77 140
77 184
77 157
78 168
78 155
79 166
80 250
80 236
81 101
81 299
84 215
85 131
85 156
87 290
88 273
89 217
93 226
94 244
94 285
94 194
96 147
96 243
96 274
97 204
97 153
98 133
98 164
99 281
100 294
100 223
101 202
102 163
104 246
104 171
105 148
106 198
106 115
107 282
107 267
108 279
108 130
109 280
110 167
111 206
112 181
112 180
113 280
114 248
115 265
117 122
119 137
119 172
120 136
120 292
120 258
121 145
122 245
122 240
123 273
123 183
124 196
125 262
126 196
126 278
127 228
127 283
128 141
129 246
130 139
130 284
132 274
133 268
134 173
135 149
137 171
137 217
141 283
141 240
142 145
143 152
143 219
143 243
148 195
148 165
150 254
151 295
151 180
153 294
154 252
155 159
156 272
157 243
158 202
159 251
159 298
160 261
161 243
163 169
163 218
164 297
164 279
166 218
166 181
167 225
168 276
172 199
173 279
174 185
175 293
177 235
179 273
180 267
180 275
182 223
185 205
186 222
191 237
191 277
194 208
197 246
199 266
200 296
201 214
202 298
203 250
207 260
208 247
208 221
209 213
209 284
209 274
210 257
211 287
212 239
214 256
215 239
216 235
219 260
220 261
221 225
221 284
224 227
227 258
230 269
231 281
231 253
231 275
235 291
239 257
240 247
241 281
242 256
249 255
249 269
256 286
261 289
264 285
268 290
277 289
277 278
