200 199
0 23
0 198
0 167
1 82
1 143
2 199
3 148
3 13
4 80
4 196
4 158
5 95
5 158
5 60
6 159
6 182
6 76
7 109
8 167
8 117
9 171
10 46
10 173
11 12
11 51
12 76
13 161
13 40
14 194
15 25
16 22
16 119
17 100
18 172
18 57
19 153
19 25
19 34
20 90
21 43
21 125
23 73
24 42
25 178
25 189
26 185
26 87
26 186
27 111
27 64
28 136
29 111
30 127
30 138
30 75
31 33
32 94
32 52
33 56
34 52
34 140
35 171
36 78
36 149
36 51
36 192
36 195
37 61
38 93
39 40
39 196
41 64
41 73
42 177
42 122
42 67
43 151
44 173
45 109
45 178
46 66
47 125
48 51
49 129
49 74
50 174
51 92
51 170
51 184
51 188
53 68
53 186
53 161
54 170
55 107
55 57
55 69
56 93
57 183
58 62
58 131
58 154
58 74
59 134
59 112
59 122
60 192
61 173
61 77
63 117
65 116
65 74
67 132
68 140
69 156
70 191
71 146
71 125
71 183
72 124
74 86
74 194
75 96
76 77
79 118
80 113
81 97
81 168
82 106
83 182
84 120
84 128
84 88
85 181
86 88
87 187
87 142
89 106
90 177
91 136
91 158
93 141
93 194
93 151
94 160
96 119
96 101
97 130
98 195
99 137
100 119
101 132
102 171
102 193
103 183
104 124
104 132
104 180
105 197
106 175
108 139
110 180
112 133
114 162
115 150
115 166
117 139
117 191
118 132
119 157
120 147
121 199
122 168
123 197
124 137
124 144
124 179
126 140
128 164
133 135
135 156
142 190
143 151
145 152
152 182
155 191
155 199
156 197
157 181
161 162
163 191
165 195
166 177
169 175
174 196
176 180
180 198
191 193
195 197
