300 299
0 27
0 83
0 130
0 43
0 152
1 219
1 193
1 117
2 94
2 128
2 45
3 116
4 75
4 52
5 191
6 296
6 194
7 154
7 153
7 105
8 48
9 162
9 285
9 216
10 111
10 138
11 180
11 50
11 147
11 202
12 232
12 77
13 42
14 135
14 172
15 120
15 168
16 124
17 169
18 21
18 192
19 26
20 52
20 150
21 220
22 83
23 244
23 151
24 263
24 269
25 240
25 46
25 297
26 86
26 139
26 127
26 71
27 142
28 134
28 158
29 227
30 117
30 260
30 46
31 115
32 133
32 196
32 155
33 280
34 207
34 217
34 285
35 258
35 81
36 181
36 154
37 264
37 137
37 245
37 125
38 192
38 197
39 150
39 245
40 95
40 169
40 48
41 164
41 176
42 163
42 229
42 211
43 235
43 282
43 238
44 216
45 273
45 72
45 131
47 256
47 204
48 216
48 201
49 230
49 292
50 132
51 158
51 173
52 121
53 249
53 240
54 198
54 257
54 190
55 271
55 194
55 85
56 73
56 233
57 118
57 146
57 131
57 82
58 253
58 143
58 164
59 271
60 174
60 202
60 122
61 213
61 248
62 99
62 103
63 144
64 172
64 205
65 149
65 114
66 192
67 141
67 143
68 121
69 290
70 200
70 146
71 173
72 165
74 267
74 147
75 252
75 218
76 103
76 221
76 272
76 265
77 257
78 271
79 169
80 298
81 267
82 231
82 267
83 177
83 208
84 176
85 245
87 199
87 241
87 224
88 223
88 244
89 265
89 266
90 290
90 245
91 269
92 106
93 102
93 126
94 234
96 285
97 263
98 247
99 106
100 173
100 162
101 189
101 280
101 245
103 157
104 122
104 173
105 217
107 236
107 190
108 227
109 186
110 177
111 148
112 215
112 289
113 188
113 287
114 179
114 196
115 198
116 269
119 235
120 182
123 228
123 275
123 283
124 169
125 256
126 222
127 295
128 214
128 190
129 251
130 239
130 171
132 222
133 255
134 209
136 205
136 269
137 269
138 166
140 226
140 253
141 279
144 216
145 277
145 299
149 286
151 285
152 161
152 176
153 276
155 212
155 238
156 299
159 247
159 239
160 171
162 185
165 289
166 243
166 189
167 281
168 293
168 208
170 256
171 251
175 201
176 203
178 203
178 206
183 186
183 211
183 298
183 212
184 274
185 233
187 191
187 224
187 193
194 294
195 229
197 287
197 292
197 207
201 225
203 291
204 223
206 277
209 262
210 216
216 237
218 254
225 251
227 282
229 250
232 268
235 246
242 299
248 283
248 284
251 261
259 266
263 274
266 278
270 277
276 284
276 297
278 294
281 292
282 288
