500 499
0 74
1 403
1 442
1 349
2 92
2 308
3 235
4 206
4 334
5 355
5 58
6 233
6 376
6 360
7 468
7 115
8 232
9 487
10 213
10 289
11 413
11 42
11 354
12 394
13 176
13 407
13 421
14 89
15 131
15 309
16 361
17 227
17 117
17 468
18 380
18 276
19 279
19 365
19 155
19 479
20 94
20 477
21 201
22 107
22 199
23 35
23 464
24 65
24 357
24 398
24 460
24 252
24 489
25 282
25 348
25 408
26 203
26 453
26 377
27 84
27 385
28 374
29 270
29 346
30 179
31 245
31 416
32 221
33 259
34 370
34 352
35 467
36 409
37 138
37 320
38 56
39 211
39 476
40 334
40 112
41 49
41 216
41 44
42 432
43 272
44 415
44 466
44 161
45 471
45 280
45 166
45 80
46 328
46 62
47 62
48 361
48 363
48 473
48 284
50 377
51 247
51 455
52 233
53 327
53 373
53 153
53 156
54 246
54 495
54 352
55 134
56 258
56 441
56 296
57 487
57 280
58 312
58 114
59 165
59 344
60 319
60 368
61 277
61 164
61 321
62 128
63 157
63 92
64 193
64 154
64 488
64 240
66 337
67 477
68 331
69 382
69 223
70 484
71 367
71 476
71 493
72 91
72 96
73 437
73 81
74 387
74 423
75 162
75 130
75 474
75 299
75 87
76 104
77 338
77 316
78 316
78 478
79 469
79 246
80 127
80 175
81 456
82 146
82 347
82 446
82 307
83 172
83 98
84 167
85 174
85 430
86 171
87 480
88 117
89 202
89 194
90 158
91 105
93 429
94 394
94 352
95 393
96 457
97 397
97 116
98 243
98 317
98 478
98 364
99 384
99 310
100 228
100 108
101 358
101 478
102 104
103 491
104 244
104 309
104 160
106 389
106 424
107 125
107 304
108 368
108 465
109 177
110 297
110 333
111 189
112 291
112 152
113 320
114 315
114 187
115 259
116 144
116 378
117 178
118 410
118 206
119 362
119 237
120 209
121 184
121 496
122 129
122 433
123 493
124 427
126 207
126 367
127 359
128 386
128 213
129 222
130 269
131 301
132 206
133 395
133 430
134 489
135 236
136 284
137 306
137 205
138 402
138 404
138 448
139 141
140 274
140 361
141 461
142 405
143 418
144 427
145 192
147 438
148 215
148 353
149 332
150 285
150 472
150 320
151 326
152 329
153 249
153 321
154 333
155 406
156 496
156 451
158 293
158 268
159 202
160 499
161 309
163 360
163 259
164 450
165 420
165 431
166 498
167 273
168 396
169 435
170 182
170 233
171 289
173 219
173 270
175 225
175 230
175 305
177 467
178 475
179 463
179 490
179 261
180 419
180 435
180 433
181 340
182 308
183 481
183 377
185 236
185 247
186 229
187 450
188 409
189 326
190 472
191 461
192 198
194 289
194 366
195 445
195 372
196 319
197 283
198 387
199 400
199 488
200 495
201 461
201 411
202 444
204 311
205 238
205 332
205 375
205 434
208 316
209 396
210 475
211 390
212 259
213 226
214 365
216 364
217 302
218 276
218 242
220 234
220 362
221 349
222 251
223 257
223 299
224 356
224 478
226 464
227 346
227 423
228 372
229 277
230 242
231 437
232 383
232 268
234 449
234 411
235 482
237 355
239 389
240 323
241 401
241 468
242 350
243 313
244 340
244 377
244 261
248 426
248 431
250 333
252 265
252 491
253 421
254 465
255 361
256 365
258 456
259 436
259 301
260 392
262 264
262 410
263 454
266 461
267 298
268 318
268 492
268 494
268 493
271 299
272 441
275 356
278 367
279 342
281 295
281 473
283 409
283 388
283 299
284 290
285 408
286 400
287 304
288 453
289 482
290 303
290 428
292 453
294 318
295 447
296 310
296 477
296 362
298 411
299 418
299 438
300 383
302 372
304 322
305 392
306 391
307 431
311 353
314 420
315 459
316 354
316 331
317 497
320 371
320 344
323 453
324 452
324 382
325 371
326 479
328 369
329 337
329 412
329 371
330 484
330 426
331 392
333 457
335 347
336 365
337 339
341 478
343 462
343 436
344 421
344 468
345 358
349 376
351 446
352 470
353 386
356 381
356 439
356 443
363 396
366 454
372 424
373 483
374 484
375 379
378 393
385 438
388 479
392 416
393 399
394 425
399 475
401 454
405 407
409 433
414 436
416 493
417 420
422 456
427 486
428 494
429 463
430 499
434 436
438 455
440 465
440 495
441 458
443 451
454 485
462 489
480 486
