1000 999
0 396
0 297
1 906
1 295
2 549
2 277
3 622
3 698
4 940
4 986
5 140
5 617
6 149
7 874
7 85
8 470
9 558
9 433
9 970
9 25
10 465
11 711
11 298
11 78
12 378
12 706
13 624
13 720
14 773
14 230
15 974
16 852
16 209
17 789
18 178
19 920
19 630
20 426
20 59
20 226
20 116
21 722
22 897
22 477
23 570
23 600
23 709
24 402
25 410
26 170
26 552
26 924
26 935
27 749
28 341
28 752
28 726
29 358
30 262
30 619
31 346
31 809
32 143
32 522
33 443
34 585
34 555
34 651
35 234
35 937
36 519
37 411
37 553
38 311
38 959
39 443
39 96
39 143
40 803
40 898
40 939
40 518
40 50
40 723
41 819
42 364
42 952
43 672
43 902
43 507
44 403
44 399
45 112
46 929
46 609
47 71
47 929
48 462
48 233
48 678
48 504
48 978
49 61
49 674
50 451
50 610
50 276
51 347
51 800
52 545
53 204
53 780
53 888
53 677
54 124
55 168
55 771
56 82
57 754
58 466
59 326
59 983
60 269
62 509
62 435
63 263
63 833
64 955
65 663
66 969
67 209
68 476
68 704
69 343
70 235
71 690
72 316
73 859
74 277
74 932
74 521
75 285
75 432
76 904
76 116
76 228
77 786
78 180
78 400
79 422
79 952
80 208
81 560
81 224
82 919
82 697
82 460
83 844
83 942
83 121
83 478
84 983
85 599
85 509
86 182
87 542
87 346
88 573
88 186
88 92
89 685
89 845
89 322
90 699
90 333
90 160
91 561
91 128
92 472
92 782
93 144
94 723
94 540
95 425
95 737
96 467
97 538
97 709
97 568
98 193
99 762
99 543
100 914
101 944
101 843
102 355
103 265
103 911
104 271
104 160
105 378
106 424
106 734
106 307
106 313
107 641
108 492
108 705
109 785
109 705
110 419
111 986
112 854
113 516
113 667
113 847
113 972
113 789
114 215
115 775
115 561
116 380
116 811
117 412
118 330
118 485
118 571
119 979
120 472
121 386
121 436
121 725
122 820
122 360
122 173
123 344
123 735
124 568
125 473
125 400
125 534
126 282
127 138
127 184
128 308
128 895
128 757
128 725
129 192
129 913
129 755
130 922
131 811
132 837
133 384
134 164
135 877
136 664
137 653
139 656
139 447
141 448
141 719
142 405
143 714
143 796
144 967
144 745
144 336
145 479
145 412
146 977
146 971
147 616
147 162
148 427
148 846
149 151
150 325
150 713
150 598
150 345
150 406
151 792
152 871
153 579
154 166
155 431
155 633
156 274
156 682
157 837
157 957
158 696
158 876
158 199
159 727
159 415
160 683
161 254
161 332
161 940
162 763
162 383
163 197
164 450
164 641
164 615
165 677
165 276
166 863
166 758
166 916
167 171
168 334
169 861
171 935
172 681
173 806
174 718
174 961
175 242
176 675
176 743
177 979
177 419
178 405
178 389
179 993
180 887
180 216
181 416
181 826
182 458
183 818
184 446
184 209
185 653
186 951
187 593
187 889
188 594
188 705
188 755
188 348
189 944
190 923
191 396
193 638
194 567
195 539
195 233
196 830
196 838
196 729
197 384
197 841
198 512
198 621
199 446
200 457
200 217
201 775
202 463
202 831
202 813
203 991
205 623
206 914
206 832
207 253
208 488
208 618
208 321
209 272
210 968
210 842
211 734
212 633
213 517
213 646
213 542
214 395
214 903
214 677
215 793
216 470
216 543
217 931
218 950
219 379
219 792
220 519
221 368
221 666
222 259
222 975
223 731
224 353
224 494
224 965
225 296
226 391
227 706
228 676
228 815
228 686
229 604
230 518
231 346
232 288
232 756
234 771
235 908
235 732
236 540
237 301
237 432
237 843
238 724
238 649
238 239
239 937
239 247
240 698
241 351
242 555
243 874
244 894
244 413
245 258
245 772
245 848
246 272
246 877
247 345
248 976
248 648
248 635
249 965
250 371
251 918
251 764
251 588
252 418
252 782
253 859
253 809
254 466
255 495
256 411
257 475
257 515
257 427
258 270
259 878
260 324
260 421
260 448
261 779
262 602
264 671
264 794
266 532
266 401
266 341
267 307
268 667
269 444
271 899
271 320
272 744
273 389
273 317
274 321
275 526
275 941
275 965
277 547
277 645
278 867
279 609
279 487
280 843
281 340
281 723
282 946
282 642
283 608
283 357
284 545
284 756
285 989
286 849
286 854
287 604
287 592
288 759
289 931
290 732
290 857
290 528
291 995
291 853
292 723
293 657
293 835
293 322
294 521
294 614
294 831
295 860
295 433
296 731
297 555
298 367
299 447
300 703
300 879
300 409
301 556
302 588
302 530
303 316
303 537
304 785
305 563
305 659
306 496
306 574
307 822
308 665
309 909
310 525
311 551
312 313
312 902
314 820
315 505
316 936
316 419
317 355
317 531
318 931
318 683
318 975
319 923
320 956
322 660
323 596
327 625
327 519
328 819
328 660
328 956
329 692
330 746
331 581
331 689
332 372
333 833
334 338
335 599
336 608
337 882
339 404
339 869
339 764
341 365
342 712
343 926
343 416
345 858
346 592
348 505
349 609
350 907
351 501
351 834
351 706
351 912
352 487
352 813
352 924
354 907
356 769
356 980
356 817
356 604
357 383
358 787
358 873
358 988
358 417
359 681
359 881
360 605
360 737
361 578
361 412
361 675
362 537
363 636
364 905
365 374
366 721
366 754
367 991
369 823
370 766
371 744
372 407
373 581
375 816
375 566
375 682
376 466
377 460
377 989
379 483
381 651
381 776
382 486
383 436
385 537
387 737
388 579
388 732
389 686
390 435
390 809
390 637
391 629
391 985
392 609
393 397
393 398
394 637
394 574
396 438
396 843
397 875
398 969
398 589
399 544
399 977
401 885
402 679
402 822
404 955
405 627
406 482
407 546
408 814
408 903
409 792
409 632
410 428
410 527
410 908
411 495
412 557
413 938
413 444
414 537
414 745
415 518
416 959
417 528
417 739
418 632
420 742
421 491
422 524
423 958
425 890
426 694
429 694
430 730
433 841
433 642
434 675
436 497
436 574
437 658
438 520
439 488
440 469
440 725
441 957
442 558
444 576
444 859
445 717
447 598
448 825
449 455
452 692
452 871
452 975
452 519
453 817
454 583
454 850
454 953
455 485
456 893
457 639
458 964
458 500
459 773
461 499
461 962
461 770
461 813
464 956
465 508
465 536
468 652
468 595
468 589
469 680
471 656
474 810
474 711
477 858
478 999
479 482
480 777
480 646
481 968
483 751
483 865
483 631
484 966
484 848
484 856
485 498
485 693
486 750
488 791
489 786
489 630
489 957
490 949
490 545
491 688
492 698
493 997
493 857
494 854
496 741
496 928
500 651
502 782
502 628
503 712
504 793
505 792
506 719
506 638
507 700
510 900
510 610
511 915
511 762
513 593
514 877
516 663
518 798
519 649
520 984
522 790
522 764
523 848
525 612
529 869
530 892
530 636
531 862
531 877
531 758
533 861
534 814
535 727
536 800
536 986
537 619
537 726
540 829
541 731
541 866
546 911
548 943
548 736
550 815
553 842
554 571
555 870
559 669
562 590
562 946
564 658
565 742
566 640
566 986
567 612
567 717
567 598
568 580
569 641
571 584
572 873
575 840
576 826
577 599
579 695
579 722
580 856
582 912
584 796
586 745
587 788
589 728
590 643
591 750
591 980
592 668
592 807
593 998
595 794
596 926
597 999
598 659
601 632
602 799
603 872
604 650
606 866
607 819
608 779
611 836
611 784
613 760
613 864
614 735
615 862
617 765
617 697
618 846
620 912
621 713
623 752
626 882
626 954
626 727
628 957
628 770
630 674
630 916
631 806
633 662
633 909
633 738
634 745
635 828
635 908
636 953
638 779
640 647
640 704
640 788
642 821
644 700
644 931
646 910
648 653
648 743
650 996
654 789
654 998
655 764
657 842
658 876
661 740
661 853
662 784
664 667
666 883
669 952
669 910
670 832
670 869
671 907
672 864
673 990
673 688
677 891
682 980
684 990
687 797
687 872
689 708
689 747
689 937
691 994
691 914
693 982
701 950
701 893
702 960
702 765
706 930
707 927
707 992
707 884
710 989
712 824
712 729
712 768
712 895
715 987
716 777
720 972
724 808
726 856
728 796
729 912
730 909
731 965
733 746
735 840
736 768
738 860
739 752
742 862
744 886
748 908
749 802
750 804
753 936
754 854
755 783
756 788
757 889
760 867
761 787
763 934
766 798
767 951
770 987
772 781
774 851
774 926
776 856
778 906
781 925
785 802
795 924
801 833
804 974
805 955
809 901
812 921
812 849
814 945
817 917
818 901
823 887
827 956
829 835
835 953
839 978
839 914
840 963
853 868
853 928
855 971
855 925
861 930
866 895
872 998
875 981
880 923
881 931
882 933
883 971
884 987
893 902
896 971
906 961
917 993
922 970
923 961
925 973
935 978
947 988
948 952
958 992
