1000 999
0 352
0 812
1 139
1 686
1 925
2 102
2 121
3 987
3 976
4 531
4 578
5 899
5 978
6 942
6 516
6 595
7 963
8 113
8 620
9 270
10 74
10 701
11 352
12 247
12 94
13 734
13 792
14 754
14 809
15 644
15 842
16 627
16 105
17 693
17 150
18 116
18 615
19 521
19 608
20 647
21 336
21 781
21 430
21 780
21 772
22 454
22 555
23 181
23 892
23 581
24 450
25 728
25 112
26 198
26 591
27 153
28 980
29 81
29 552
30 328
30 680
30 685
30 635
30 984
31 617
32 903
32 466
33 952
34 105
35 355
35 167
36 585
36 634
37 632
37 153
37 969
38 388
38 835
39 766
39 264
39 419
40 259
40 974
41 370
41 736
42 400
42 162
43 458
43 128
44 109
44 921
44 197
45 362
45 778
45 869
46 312
46 928
47 399
48 777
48 342
49 738
49 52
49 522
50 412
51 454
52 117
53 438
54 934
55 299
55 670
56 614
56 783
57 852
57 183
57 918
58 447
58 311
59 62
60 857
60 270
60 860
61 709
62 954
62 964
62 991
63 727
63 957
63 229
63 167
64 303
64 787
64 806
65 72
66 164
66 492
66 395
67 784
67 335
68 569
69 463
69 574
70 841
70 119
71 675
72 988
72 128
73 906
73 197
73 326
75 778
76 927
76 778
77 489
77 551
77 619
78 389
79 603
79 725
80 833
80 567
80 878
80 576
81 997
82 349
82 705
83 679
83 211
84 855
84 452
85 611
85 200
85 829
86 640
87 925
87 448
88 380
89 349
90 130
90 878
91 486
91 923
92 478
92 784
93 648
93 929
94 599
94 851
95 764
95 605
95 405
96 500
96 105
96 245
97 124
98 171
99 993
100 890
100 779
100 110
101 386
101 604
103 224
103 870
103 576
103 696
104 165
105 869
106 433
106 789
107 738
108 142
110 825
110 572
111 170
111 577
111 899
112 839
113 573
114 859
114 337
114 244
115 325
115 311
116 619
116 864
117 350
117 736
118 302
118 477
118 540
119 238
120 688
120 604
120 439
121 351
121 474
121 143
122 952
122 175
123 934
123 941
123 162
124 399
125 569
126 714
127 808
128 332
128 241
129 488
129 736
130 655
131 137
131 476
132 472
132 655
133 217
133 887
133 930
134 853
134 359
135 833
136 521
138 960
140 441
141 513
142 873
142 878
143 616
143 149
144 559
144 633
144 266
145 704
146 671
146 865
146 670
147 418
148 385
148 943
148 406
149 936
149 999
150 753
151 552
152 841
153 896
154 384
154 452
155 297
155 424
155 758
156 416
156 676
157 838
158 555
158 175
158 995
158 700
159 698
160 289
161 496
161 714
161 276
162 565
162 584
163 209
163 737
163 510
163 203
165 617
166 609
166 730
167 715
167 763
167 883
167 472
168 330
169 552
169 254
171 832
171 780
172 986
172 989
173 466
173 957
174 281
174 658
174 921
175 847
175 249
176 572
177 773
177 516
178 636
178 813
179 654
180 694
180 964
182 743
182 842
182 523
183 319
183 414
183 346
184 411
185 723
185 736
186 704
186 278
187 468
187 380
187 191
187 220
188 246
188 365
188 436
188 225
189 799
190 794
190 903
191 591
192 670
193 357
193 522
194 976
194 450
195 968
196 598
199 832
200 980
201 919
202 924
203 440
204 958
204 712
205 992
205 694
206 687
206 615
207 739
207 792
207 690
208 984
209 643
210 517
210 421
211 718
212 309
212 806
212 222
213 706
214 240
215 450
216 724
216 855
218 248
218 928
219 651
220 459
220 761
221 310
221 811
222 368
222 751
223 997
225 808
226 234
226 956
227 504
228 790
229 411
229 298
230 808
231 376
232 433
233 800
233 360
234 483
235 606
236 533
236 719
237 926
238 580
239 615
239 769
240 323
240 824
241 664
242 909
243 569
243 583
244 595
244 956
245 821
245 310
249 256
249 462
250 640
251 666
251 818
252 637
252 797
253 886
253 936
254 298
255 951
255 658
257 550
258 475
259 513
260 873
261 654
261 961
262 594
263 567
264 560
264 748
265 885
265 877
266 950
267 720
267 996
267 757
268 551
269 296
270 722
271 812
272 345
273 685
274 751
275 378
275 672
275 418
276 406
277 809
278 990
278 696
278 910
279 402
279 987
280 367
280 382
280 953
280 971
282 307
282 327
283 962
283 989
283 337
284 554
284 799
284 819
285 645
285 709
286 445
286 831
287 793
288 587
288 350
289 819
289 550
290 630
291 558
291 711
291 406
291 546
292 960
292 635
293 519
294 817
294 500
295 448
296 800
300 897
300 767
301 954
304 620
304 392
304 333
305 719
305 964
306 908
308 577
309 783
310 376
311 681
311 804
311 534
312 530
313 718
314 553
315 882
315 742
316 413
316 683
316 864
317 950
317 512
318 593
320 469
321 574
322 563
324 689
326 503
326 991
326 764
327 557
329 817
330 527
331 659
333 844
334 594
334 522
334 474
335 858
335 663
336 562
337 638
338 431
338 696
339 879
339 560
340 533
341 977
342 904
342 729
343 953
344 599
345 858
346 371
346 973
346 826
347 575
347 546
348 989
349 461
352 876
353 733
353 514
354 447
355 875
356 749
356 419
356 717
358 784
359 949
359 569
360 418
361 649
361 547
363 742
364 556
364 532
364 789
365 862
366 675
366 755
368 642
369 399
369 702
370 708
371 564
372 795
372 631
372 734
373 758
374 691
374 702
374 758
375 713
376 422
377 730
379 835
379 636
380 661
381 420
381 539
383 873
387 426
387 672
389 410
389 954
390 947
390 961
390 649
391 428
391 433
392 659
393 724
394 799
395 418
396 457
396 895
397 507
398 750
401 709
401 443
401 650
403 592
404 932
404 411
405 520
405 807
405 523
405 799
407 630
408 539
408 750
408 805
409 962
411 775
412 518
412 653
412 890
414 774
414 830
415 938
415 931
415 784
417 982
417 846
418 732
418 959
418 669
420 528
421 656
421 964
423 763
424 670
425 802
425 884
427 589
428 451
428 805
428 512
429 699
429 978
429 851
430 814
431 920
432 756
433 812
433 751
434 465
435 514
436 913
437 755
437 700
437 913
438 813
438 908
439 548
439 582
439 997
440 526
441 940
441 460
442 907
442 884
442 705
443 827
444 490
444 717
445 519
445 634
446 840
446 900
446 646
448 543
448 598
448 908
449 496
450 607
450 586
452 625
453 530
455 948
456 753
456 985
456 969
458 918
459 721
460 957
461 571
462 929
463 484
463 579
463 971
464 874
464 759
465 824
467 844
469 892
470 803
470 913
471 784
473 804
475 668
475 878
476 524
479 831
480 707
481 728
482 902
482 834
485 544
485 991
487 760
487 745
491 567
492 650
493 949
494 694
495 843
496 740
497 977
497 586
497 891
498 736
499 888
501 673
501 788
502 533
504 797
505 745
506 962
507 768
507 981
507 952
508 927
509 739
510 588
511 920
514 823
514 944
514 924
515 748
520 536
522 908
524 682
524 850
524 971
525 860
526 629
527 637
528 667
529 609
530 785
531 759
532 866
533 967
534 677
535 783
537 961
538 671
540 951
541 891
541 639
542 749
545 851
546 976
547 580
548 553
549 752
549 962
550 789
552 948
552 966
557 931
561 939
563 993
563 571
566 924
567 717
568 838
569 625
570 769
572 646
572 772
574 773
575 628
575 851
576 856
577 747
577 776
577 584
578 871
578 622
579 979
579 829
580 940
581 796
583 703
583 810
583 722
584 824
587 846
588 867
589 922
589 911
590 916
590 655
591 684
592 807
593 989
594 972
595 809
596 751
597 686
598 793
598 888
600 634
601 669
601 624
602 827
604 868
605 926
605 624
606 613
606 838
606 984
607 678
608 872
610 889
610 893
611 712
612 689
612 796
616 640
617 786
618 789
618 627
620 652
621 711
622 861
622 800
623 894
623 843
624 716
626 827
629 893
629 984
629 850
630 765
630 731
630 672
631 660
636 677
636 718
639 818
639 697
641 913
642 935
647 839
647 945
647 664
648 975
650 651
651 797
657 690
658 796
660 844
662 998
662 826
663 837
663 983
664 923
664 989
665 758
668 983
669 834
674 854
676 792
679 968
682 895
689 801
689 937
690 820
692 730
692 994
692 767
695 841
696 707
697 884
698 836
701 838
705 708
706 967
710 865
713 980
714 965
723 790
724 744
725 731
726 892
729 917
729 754
731 930
735 915
735 973
738 742
741 856
745 984
746 981
747 762
748 811
756 803
757 963
758 884
759 831
761 967
767 863
767 822
769 857
770 905
770 826
771 970
772 977
776 854
776 928
779 815
779 946
782 858
784 919
786 916
788 890
791 872
798 870
800 808
802 910
803 843
810 969
816 941
817 849
818 872
820 974
822 939
828 911
828 892
836 963
842 909
844 845
848 928
860 916
877 898
880 984
881 898
881 933
884 933
888 974
891 956
901 999
909 924
912 956
914 987
923 939
926 970
931 963
955 974
