100 99
0 17
0 49
0 70
1 83
1 93
2 98
2 57
3 21
4 71
4 55
5 24
6 48
6 86
7 11
7 72
7 73
7 70
7 55
8 57
9 89
10 76
10 21
11 29
11 30
11 63
12 27
13 79
13 48
14 67
15 78
16 41
18 81
18 84
19 20
19 97
19 53
20 32
20 62
21 67
22 36
22 79
23 50
23 70
24 89
24 75
25 77
26 75
26 68
27 87
27 39
28 70
30 33
30 59
31 75
34 82
34 89
35 42
36 43
37 54
37 41
38 80
38 83
39 73
40 81
41 92
42 56
42 90
44 78
45 88
45 47
46 64
46 70
47 73
49 57
50 58
50 96
51 65
51 95
52 86
52 89
53 85
53 55
55 67
55 82
60 74
60 83
61 67
62 91
62 92
66 85
68 81
69 72
75 94
76 77
78 95
78 83
80 90
83 84
93 99
