200 199
0 78
1 52
1 98
2 143
3 93
3 140
4 64
5 117
5 136
6 87
6 102
6 176
6 194
7 107
7 137
7 19
8 179
8 101
9 23
10 30
10 15
11 47
11 88
11 181
11 20
12 144
13 14
13 168
14 147
15 89
15 91
15 74
16 68
16 142
16 48
17 125
18 199
19 75
19 97
19 138
19 180
19 82
19 174
19 26
20 151
20 195
21 199
22 117
23 25
23 83
24 94
24 58
25 67
26 66
26 178
27 105
28 61
28 108
29 198
30 182
31 156
31 189
32 58
32 141
32 181
33 108
34 140
35 65
36 45
36 185
37 72
38 65
38 136
38 46
38 63
39 114
40 54
41 169
42 126
42 78
43 195
43 196
44 110
46 110
48 186
48 76
49 63
50 158
51 197
53 123
53 57
54 78
55 158
56 64
56 197
56 90
57 173
58 59
60 134
60 65
61 111
62 104
63 184
63 185
63 141
69 152
70 118
70 163
71 143
71 136
72 108
72 135
72 156
73 181
74 104
74 133
74 82
76 147
77 197
78 172
78 153
79 107
80 145
81 96
81 165
81 109
83 105
83 150
83 90
84 136
85 163
86 129
86 179
88 183
90 130
92 171
92 146
93 173
95 140
98 115
98 172
99 158
100 157
100 183
101 144
101 195
102 166
103 106
103 124
109 174
110 113
112 158
112 167
113 163
114 177
116 182
117 146
119 161
119 193
119 150
120 187
121 155
121 153
121 185
122 123
123 189
124 184
125 148
125 186
127 137
128 192
128 152
130 149
130 162
130 173
131 156
132 190
132 148
139 170
139 181
140 163
145 154
151 168
152 188
154 190
159 171
160 185
161 188
162 191
164 169
166 175
167 196
167 174
169 198
177 194
177 178
177 199
187 193
198 199
