500 499
0 156
0 259
0 452
1 395
1 356
1 379
2 398
3 165
3 287
4 419
4 114
5 475
5 46
5 227
6 231
6 27
7 219
8 162
8 313
8 317
9 342
10 370
10 121
11 98
11 391
12 253
12 322
12 111
12 216
13 389
14 50
15 66
15 378
15 180
16 400
16 418
16 490
16 385
17 201
18 180
19 427
19 279
20 70
20 347
21 32
22 24
22 486
22 161
23 239
24 329
25 84
26 323
26 449
26 106
27 73
28 249
28 466
29 273
30 488
30 440
31 310
31 455
32 384
32 364
33 223
34 66
35 198
35 358
36 113
37 291
37 444
38 240
38 50
38 272
38 123
38 326
39 348
39 45
40 343
41 123
42 186
43 366
43 250
44 347
45 207
46 130
47 155
47 438
47 386
48 250
49 103
50 84
50 344
51 348
52 338
52 174
52 372
53 413
53 443
54 341
55 147
55 175
55 130
56 187
57 116
58 408
59 464
59 207
60 185
60 99
61 206
61 150
62 178
62 277
63 453
63 391
64 189
64 411
64 127
64 325
65 234
66 456
66 389
67 93
68 345
68 281
69 263
69 323
71 309
71 277
71 222
72 343
72 92
72 148
73 83
73 372
73 390
74 465
74 381
75 498
76 383
77 242
77 447
78 317
78 352
78 489
78 436
79 355
79 392
80 249
81 351
81 433
81 341
82 129
82 146
84 307
85 383
85 401
86 365
86 461
86 244
87 236
88 386
88 336
88 349
89 365
90 139
90 460
91 363
92 446
93 212
94 354
95 454
96 146
96 113
96 178
97 102
99 472
99 235
99 336
100 434
100 308
101 426
102 337
102 342
102 451
103 286
103 335
103 106
103 217
104 274
105 262
105 450
107 137
107 350
107 323
108 239
109 149
109 315
109 276
109 235
110 369
110 138
111 132
111 408
112 256
112 213
112 499
113 140
114 173
114 478
115 292
115 368
115 244
115 134
116 197
116 241
116 149
117 417
117 173
118 199
118 182
119 376
119 385
119 235
120 437
120 175
121 384
122 366
123 295
123 159
124 415
125 485
125 443
126 394
127 184
128 484
129 151
130 349
131 170
131 149
133 391
133 439
133 272
134 422
135 387
135 440
135 448
136 278
137 281
138 313
140 496
141 357
142 247
142 367
143 219
143 250
143 367
144 360
145 451
145 460
145 229
146 229
148 377
149 190
149 172
149 406
150 254
150 478
152 327
152 480
153 299
153 392
154 297
154 456
157 160
158 416
159 426
159 367
160 441
160 205
161 336
163 195
163 337
164 442
164 481
165 304
166 325
167 437
168 221
168 416
168 420
169 270
169 462
171 227
171 249
172 274
174 285
175 340
176 265
177 273
177 462
177 377
179 399
180 249
181 394
182 317
183 280
184 320
186 436
186 324
187 214
187 363
187 302
188 464
189 261
191 481
191 196
192 209
192 239
192 203
193 354
193 391
194 195
196 341
196 213
198 346
200 248
201 458
202 445
203 265
204 290
204 386
205 465
207 458
207 235
208 314
208 265
208 360
210 266
210 236
211 234
212 301
212 233
212 486
215 248
216 450
216 396
216 217
217 432
217 233
218 305
220 241
222 248
222 454
223 495
223 320
224 375
224 467
224 358
225 485
226 488
228 484
228 420
230 232
230 457
230 320
234 401
234 382
236 356
237 333
238 364
239 319
242 428
243 418
244 283
244 380
245 381
245 494
246 406
247 405
248 311
248 393
251 452
251 464
252 326
252 325
254 493
255 279
255 472
256 333
257 269
257 439
258 466
259 358
259 454
260 440
264 409
264 276
265 390
266 483
267 271
267 412
267 438
268 383
271 312
275 388
277 377
277 469
278 391
280 355
282 398
282 341
284 351
285 347
287 450
288 461
289 446
293 477
294 422
296 364
296 410
298 423
298 402
300 475
302 305
302 439
303 410
306 361
308 435
308 438
309 424
310 382
312 374
315 318
315 445
316 485
317 332
320 379
321 470
324 464
325 449
326 407
328 458
330 447
330 410
330 418
331 440
332 430
333 491
334 397
334 448
339 480
339 409
346 404
348 360
352 470
353 468
353 360
354 362
357 382
359 473
360 479
361 471
361 425
362 371
367 494
371 431
373 395
378 498
379 402
384 443
388 428
389 448
391 421
392 396
393 444
394 477
396 474
398 482
399 434
403 472
406 415
411 473
412 463
414 451
420 460
422 455
422 439
425 483
426 476
429 497
433 466
443 487
459 472
477 494
478 494
489 497
492 498
