300 299
0 138
0 71
1 23
2 104
3 15
4 82
4 48
5 17
5 191
5 232
6 152
6 184
6 153
7 190
7 114
8 24
8 224
9 238
9 194
9 49
9 141
10 145
10 206
10 218
10 43
11 73
12 179
12 224
12 153
13 227
13 51
14 136
15 158
15 95
15 212
16 228
16 153
16 254
18 225
19 85
20 178
20 230
20 240
20 89
20 274
21 241
21 271
22 293
22 75
23 107
23 170
23 102
25 188
25 216
25 82
26 217
26 54
27 142
28 57
28 270
29 224
30 243
30 120
31 235
32 118
33 132
33 131
34 98
35 144
35 175
35 219
35 261
35 42
36 61
37 153
38 198
39 179
40 51
41 237
42 291
43 211
43 234
44 222
45 248
45 59
46 117
47 286
47 59
47 86
48 115
49 256
49 69
49 284
50 156
50 208
50 225
51 221
51 185
52 249
53 150
54 110
54 137
54 260
55 62
56 90
56 231
56 113
57 222
58 71
60 150
60 158
61 66
62 246
63 99
63 74
64 207
64 227
65 251
66 82
67 246
67 115
67 167
68 108
68 186
68 140
69 282
70 73
70 228
71 249
71 146
71 78
71 120
72 167
72 207
73 130
74 205
74 298
75 236
75 187
76 225
76 222
77 114
77 234
78 297
79 252
79 248
80 210
80 201
80 289
81 97
82 254
83 257
83 274
83 253
83 278
84 120
84 224
85 196
86 112
86 93
87 273
87 173
88 249
89 263
91 124
91 211
92 290
93 234
94 115
95 192
96 280
97 166
98 220
98 268
100 277
101 126
101 162
102 215
102 298
103 260
103 165
104 143
104 157
105 121
106 180
106 219
108 162
108 204
109 297
110 125
111 182
113 256
114 135
114 171
114 182
115 168
116 240
117 238
118 299
119 148
121 144
122 233
122 176
123 239
123 229
124 157
124 232
127 129
128 284
129 184
130 189
131 263
133 154
133 185
134 176
135 195
136 263
137 271
139 270
140 277
141 155
141 285
141 275
142 288
142 215
146 291
147 229
148 163
149 177
149 200
151 176
159 267
160 279
161 219
163 245
164 267
164 212
165 250
165 244
166 245
169 294
169 183
169 223
171 214
172 260
173 214
174 229
176 210
180 275
180 278
181 255
181 244
182 272
182 185
183 289
186 287
187 265
187 283
190 290
193 235
193 251
193 194
196 279
196 291
197 235
198 293
199 262
199 274
200 264
200 236
201 280
202 265
203 265
205 259
209 226
209 253
212 270
213 226
216 247
223 269
223 253
225 258
228 242
229 248
234 299
237 262
239 268
244 289
245 251
248 276
250 292
254 266
261 296
266 277
270 272
271 295
276 298
278 283
281 289
