400 399
0 174
0 71
1 23
2 104
3 376
4 82
4 336
5 24
5 258
5 364
6 191
6 249
6 153
7 190
7 332
8 36
8 224
9 262
9 344
9 49
9 141
10 184
10 279
10 286
10 359
11 363
12 247
12 396
12 153
13 227
13 371
14 15
15 204
15 95
15 212
16 328
16 153
16 254
17 73
18 316
19 136
20 246
20 295
20 317
20 89
20 274
21 318
21 380
22 388
22 75
23 143
23 233
23 102
25 255
25 337
25 82
26 226
26 373
27 354
28 57
28 270
29 225
30 330
30 120
31 363
32 85
33 166
33 131
34 367
35 179
35 240
35 219
35 261
35 365
37 142
38 224
39 235
40 118
41 98
42 397
42 327
43 288
43 211
43 234
44 331
45 248
45 59
46 61
47 352
47 59
47 326
48 336
48 387
49 347
49 69
49 377
50 202
50 280
50 225
51 81
51 293
51 371
51 185
52 153
53 360
54 110
54 284
54 137
54 260
55 358
56 117
56 296
56 325
57 222
58 198
60 163
60 158
61 179
62 100
62 376
63 132
63 74
64 207
64 227
65 332
66 107
66 246
67 251
67 375
67 167
68 108
68 354
68 140
69 376
70 73
70 228
71 105
71 340
71 146
71 78
71 120
72 167
72 207
73 130
74 205
74 298
75 236
75 187
76 225
76 222
77 114
77 234
78 398
79 345
79 303
80 210
80 201
80 308
82 111
82 254
83 348
83 366
83 253
83 329
84 365
84 392
85 237
86 151
86 240
87 364
87 173
88 222
89 356
90 117
91 305
91 211
92 351
93 249
94 150
95 232
96 328
97 112
97 196
98 290
98 268
99 366
101 159
101 366
102 215
102 298
103 260
103 165
104 177
104 157
106 180
106 219
108 220
108 265
109 251
110 144
113 297
113 320
114 135
114 171
114 332
114 393
115 119
115 231
115 387
115 338
116 249
118 290
120 307
121 138
121 321
122 310
122 377
123 239
123 387
124 203
124 301
124 364
125 280
126 344
127 332
128 166
129 161
129 284
130 257
131 365
133 195
133 330
134 277
135 263
136 333
137 271
139 383
140 277
141 198
141 370
141 275
142 384
142 215
144 148
145 297
146 291
147 352
148 156
149 243
149 374
150 182
152 238
154 299
155 351
157 363
158 176
160 162
162 184
163 189
164 360
164 212
165 250
165 244
168 263
169 385
169 183
169 309
170 176
171 214
172 263
173 214
175 270
176 313
176 210
178 345
180 275
180 278
181 346
181 244
182 272
182 185
182 382
183 289
185 197
186 383
186 354
187 359
187 367
188 229
190 298
192 388
193 314
193 341
193 194
194 374
196 369
196 335
199 355
199 274
200 245
200 357
200 361
201 372
205 350
206 267
208 279
209 294
209 253
212 270
213 347
216 333
216 365
217 376
218 219
221 245
223 362
223 394
223 253
224 392
224 396
225 349
226 281
228 322
228 344
229 238
229 361
229 248
230 245
232 259
234 276
235 264
235 293
236 358
237 260
239 302
241 397
242 333
244 323
248 303
248 276
250 386
251 331
252 318
254 266
256 299
256 375
261 343
262 316
265 267
265 273
266 277
268 337
269 304
270 302
271 321
271 319
272 363
274 367
278 342
278 329
282 321
283 367
283 309
285 380
287 354
289 308
289 300
289 323
291 335
291 327
292 361
300 374
304 396
306 346
307 365
309 343
311 362
312 377
315 328
319 379
319 391
320 393
324 392
325 360
326 399
334 346
338 339
339 375
342 389
343 395
351 360
352 353
352 373
352 381
368 392
370 380
378 390
378 385
382 393
