10000 9999
0 3740
1 5879
1 7436
1 945
2 130
2 6918
3 6139
4 3458
4 7742
4 9122
5 7503
5 2373
6 695
6 800
6 1790
6 1866
7 1562
8 2528
8 9530
8 907
8 8779
9 5870
9 8308
9 8727
10 1364
11 3999
12 5418
13 3584
13 5106
13 2010
14 1596
14 2188
14 4281
14 6051
14 5887
14 8625
14 5788
14 647
15 1464
15 1307
15 3421
15 4979
16 862
17 2668
18 5728
18 8436
19 824
19 4872
20 7264
21 6830
21 2231
22 3703
23 2299
23 6040
24 2904
24 5901
24 4748
25 709
25 2422
25 667
26 8967
27 6932
28 7847
28 8914
28 7343
29 5968
29 1780
30 8696
31 4612
32 6153
33 2043
33 2504
33 6052
33 1119
34 7988
34 2298
34 99
35 357
35 3745
36 2657
36 6315
37 8976
37 1134
38 3886
39 9296
40 8363
40 6698
41 7054
41 798
41 7971
42 1796
43 4226
43 6341
44 1070
44 803
44 795
45 7147
45 7866
46 2668
46 2888
47 3853
47 1647
48 7477
49 8502
49 6693
49 7883
50 8680
51 5415
52 9543
53 5656
54 855
55 9519
55 2888
56 6087
56 3450
56 2577
57 7026
57 3104
58 2733
58 9342
58 9514
59 2688
59 1450
59 2825
60 5665
60 766
61 4531
61 5532
61 2291
61 1202
62 282
62 8643
62 7923
63 1763
63 5603
64 6496
64 9418
65 2619
65 533
66 8634
67 3422
68 1280
69 9141
70 7386
70 7656
71 3806
71 7228
71 1772
71 6711
71 2427
72 1338
72 2073
73 8431
74 8377
74 6470
74 9954
75 4925
75 1939
76 4762
76 2169
77 7906
78 2931
78 779
79 2976
80 5284
80 2211
80 3618
81 4053
82 3182
83 5925
83 5365
84 966
84 5789
85 8934
85 9560
86 2004
87 334
87 494
87 1466
88 4652
88 1930
89 1029
89 3227
89 2012
90 3297
91 2053
91 9495
91 3296
91 6335
92 7267
93 5953
94 5670
95 6359
96 1919
96 2702
96 5525
97 5549
97 8953
98 8608
99 1345
100 6931
100 8628
101 9899
102 1839
103 4390
103 4757
104 7528
105 8433
105 6858
106 5342
106 6284
106 4297
107 1674
108 7461
108 5389
109 2908
109 5373
110 1577
110 4157
110 7952
110 1233
111 3896
111 4359
111 319
112 5436
113 5743
113 5678
113 961
114 5171
114 1229
115 4376
115 4386
116 7121
117 8050
118 1270
118 8862
118 9319
118 6561
119 5425
119 7546
119 5175
119 2721
119 3431
120 476
121 3833
121 971
122 4877
122 5555
122 787
123 5517
124 832
125 656
125 2605
126 1053
126 760
127 9652
127 6129
128 9930
129 886
131 3286
131 3746
131 8893
132 3563
133 401
133 2699
133 6616
133 4618
134 1752
134 1001
134 3577
135 337
136 4442
137 5325
138 9825
138 1127
139 9830
139 320
140 4885
140 1371
140 5350
141 7039
141 7200
142 2991
142 7120
143 5729
143 9310
143 928
143 6264
144 1746
144 8190
145 8838
145 5295
146 9569
147 3324
148 1199
148 6372
148 7102
148 8272
148 7680
149 2512
149 4735
150 1185
150 3510
151 3408
151 6100
151 880
151 1351
152 2180
152 6660
152 9470
153 5800
153 490
153 8040
153 339
154 2561
154 3609
155 2436
156 7637
156 560
156 7294
157 2112
157 5677
158 5486
159 4878
160 3417
160 7600
161 9755
162 3135
162 5794
162 7861
163 3758
163 5108
164 3148
164 4819
165 7408
165 8584
165 6049
166 6181
166 6408
167 1348
168 833
168 7057
169 9006
170 1177
170 9399
171 3555
171 1941
171 8081
172 9471
172 600
173 6191
173 4091
174 1301
175 3917
175 2574
176 6175
176 9965
176 8949
177 9915
177 5543
178 9786
179 1539
180 8474
180 7716
181 3511
181 9883
182 8204
183 7517
183 432
184 4229
184 784
185 8203
185 7412
186 2061
187 1040
187 2092
187 6199
188 6570
189 5994
189 5884
189 5878
190 4527
190 6512
190 2425
191 1927
192 6438
193 5872
193 4777
193 8508
193 218
194 8977
194 7538
194 5679
195 6972
195 1930
195 7479
196 1304
196 9269
197 2068
197 3538
197 7112
197 3096
198 3950
198 2170
199 2672
200 6412
200 9759
201 6569
201 8524
202 3677
203 2972
203 3290
204 6493
204 9341
204 7618
205 2075
205 1489
205 9444
206 6245
206 6165
207 370
208 9725
208 4850
209 1166
210 2477
210 9613
210 5755
211 732
211 6219
212 8620
212 6634
213 4956
214 4887
214 8456
214 8383
214 5242
214 5083
215 243
216 6827
216 9603
216 5562
217 7377
217 9531
217 4041
218 6220
218 3313
218 9555
219 3847
220 1322
220 4155
221 1295
221 6488
221 2636
222 511
223 592
223 9220
224 5009
224 6078
224 8047
225 1955
225 9087
226 1088
226 652
227 5377
227 2447
227 1463
228 5383
229 3474
229 822
230 2630
230 3158
231 4537
231 5601
232 8789
233 2210
233 4375
233 4596
234 1072
234 9755
234 9978
235 6749
235 5738
235 4241
236 4074
236 1885
237 6516
237 1089
237 5514
238 8270
238 3167
239 4868
239 540
240 5864
241 1184
241 9770
241 6626
242 6890
242 6118
243 9719
243 7483
244 3644
245 1130
245 7965
246 1571
246 7946
246 7892
246 3720
247 9210
248 5993
249 7353
250 4794
250 3265
250 1334
251 5413
251 1661
252 1748
253 2673
253 2196
253 8652
254 2794
255 764
255 3279
255 1849
255 7441
256 5771
256 6590
256 925
257 2256
258 4677
259 8707
259 5805
260 8334
260 8746
261 4254
261 6966
262 9905
262 9139
263 629
263 4973
264 2136
264 6212
265 1840
266 8947
266 7471
266 8913
267 3115
267 6866
267 9525
267 1170
267 360
268 2119
268 1543
269 2223
269 2667
270 2362
270 8076
270 4317
271 4352
272 8633
273 6912
274 1374
274 5161
275 1961
276 8910
276 6962
277 7957
278 4097
279 3584
280 4069
280 7176
280 8846
281 9273
283 2626
283 1097
284 9776
284 341
285 2046
285 8625
286 677
287 9068
287 2105
288 1277
288 9309
289 5967
289 5128
290 1771
290 3936
291 5464
291 5934
292 7427
292 7477
292 1968
292 6744
293 9990
293 9305
294 7971
294 5562
295 1653
295 8622
296 3641
296 2455
297 597
298 9907
298 3003
299 6159
300 2662
300 4062
301 1247
302 778
302 6912
303 9428
303 4555
304 6331
305 2462
306 4241
307 727
307 1501
307 6619
307 6197
308 2665
308 9211
308 6325
309 1627
310 2426
310 1444
310 8615
311 7394
311 8514
311 2576
312 358
313 537
313 4005
314 4508
315 7507
315 8121
315 7490
315 533
316 1579
316 8289
316 9414
317 7978
317 3693
317 4100
317 9431
318 8116
319 1329
320 1961
320 2860
321 9028
322 3116
322 7095
323 3958
324 1570
325 6242
325 2389
326 9369
327 2630
328 5946
329 5184
330 3012
331 7741
331 3565
331 1831
332 4944
332 7027
333 5606
333 6417
333 2241
335 8703
335 8524
336 3425
337 4425
337 4109
338 6081
339 1473
340 6924
341 1788
341 9302
341 8899
342 2799
343 1408
343 7213
344 7191
345 9679
345 9336
346 5987
347 6307
347 7077
348 6195
349 3268
349 9058
350 6843
350 4512
351 7894
351 9771
352 3927
352 2506
353 2580
353 7598
353 3306
354 1164
354 5803
354 2333
354 6488
355 4636
355 3193
356 2249
356 3176
356 5618
358 970
359 9575
360 6444
360 9443
360 1458
360 5324
361 5324
362 2486
362 5161
363 3591
363 430
363 7134
363 6647
364 6063
365 5786
365 9122
366 458
366 9177
367 1908
367 4476
368 3245
369 7186
369 3645
370 1953
370 6137
371 7521
372 1401
373 1041
373 430
374 5112
375 7662
376 9778
376 5780
377 8274
377 1766
377 2706
377 2049
378 4179
379 9778
380 632
380 2890
380 9552
381 8801
381 5843
381 6017
382 2130
382 4011
383 2717
383 488
384 1717
385 3090
385 5840
386 7711
387 802
388 7354
389 7572
389 7196
390 3298
390 6213
391 1369
392 6768
393 5867
394 2430
395 1873
396 4444
396 2845
396 3313
397 6979
398 2414
399 5072
399 2828
399 4368
400 9408
400 868
402 9860
402 5590
403 4850
403 5326
404 7678
404 9155
404 6335
405 472
405 8337
405 6239
405 9898
406 1674
407 668
408 9795
408 3972
409 8079
409 1015
409 5082
410 6978
410 4931
411 8822
411 9883
412 2268
412 3509
412 6331
412 2841
413 4816
414 1264
415 3642
415 5917
415 4104
415 7558
416 7869
417 4769
417 4297
418 4410
418 2033
419 4272
420 8611
420 8934
421 5733
421 7452
422 6495
422 1513
422 835
423 921
423 3188
423 7658
424 1032
425 8975
425 1125
425 2429
426 8090
426 1431
427 2735
427 6726
427 7151
428 1183
428 3736
429 4706
429 2961
431 1148
432 7556
432 5505
432 8415
432 5404
433 9038
433 6533
433 5303
434 8148
434 6669
435 8084
435 8874
435 1879
435 8248
436 2597
437 7961
437 5138
438 8560
439 8527
440 985
441 1498
442 806
443 9508
444 866
444 6777
444 4816
445 6083
445 9148
445 1709
446 9457
446 1962
447 8042
448 4081
448 6898
449 5498
449 2431
449 9781
449 6480
450 6695
451 5414
451 6652
451 4642
452 4308
453 9298
453 868
454 903
455 9090
455 1241
456 5409
456 9215
456 5193
456 4851
457 1048
457 6639
457 4027
458 2216
459 4736
459 5679
460 5084
461 1655
462 5557
463 1209
464 6046
464 4698
465 6197
465 9887
466 1287
466 4756
466 9129
466 8501
466 2893
466 8783
466 6949
467 7449
468 6573
468 3512
469 5845
469 3616
469 6829
470 6344
470 9995
470 2914
471 7006
471 4724
473 9672
474 2489
475 3161
475 1734
476 1214
476 1538
477 8233
478 3142
478 4526
479 1920
479 1404
480 2259
480 5702
480 6470
481 1175
481 1705
481 4583
482 9167
482 9364
483 6824
483 1541
483 6813
483 7613
484 2233
484 2482
484 2886
485 2442
485 8651
486 1754
487 9393
487 5518
488 2947
488 5853
488 5235
489 6101
490 5363
490 6850
490 4001
490 5429
491 3498
491 2770
492 3266
492 7161
492 6645
493 4096
495 8892
496 1786
497 7133
497 6049
497 1500
498 4759
498 2709
499 2970
499 7788
499 3476
500 3185
500 9963
500 9685
501 857
501 1634
501 8686
502 7033
502 7072
502 2203
503 9642
504 2463
505 8496
506 677
506 9512
507 4976
507 2976
508 1257
508 1682
508 5089
508 1191
509 4841
509 5898
509 3764
510 2879
511 8517
512 8591
512 3564
513 8920
514 2183
514 7724
514 5543
514 5687
515 1450
516 8445
517 793
518 5214
518 7434
518 6008
518 7703
519 1676
519 2547
519 8907
520 6453
520 6456
521 5645
521 3440
522 2983
522 4672
523 3045
523 4112
524 8748
524 8652
525 8626
526 9135
526 9198
526 6003
526 2261
527 7748
527 3486
528 9182
528 7575
529 4353
529 4207
529 7753
529 2386
529 7617
530 2040
530 2791
531 4399
532 1199
533 3068
533 4306
533 6751
534 9982
534 5193
535 3953
536 1929
536 5243
536 6407
537 1569
538 9086
539 9412
540 9316
540 686
541 9402
541 5871
542 933
542 9371
542 3396
543 7305
543 1341
543 1800
544 6800
544 1723
544 6046
545 4520
546 7424
546 956
547 7327
547 5184
548 2172
549 6558
549 8438
549 2377
549 3263
549 4446
550 4588
551 1858
552 5253
553 1331
554 1272
554 9412
555 5644
556 8569
556 2459
557 1529
557 5644
557 9080
558 1472
558 2558
559 1059
559 4638
560 7403
560 1306
561 3561
561 9113
561 3114
561 6844
562 3248
563 1436
563 7426
564 2397
564 7574
564 9462
564 8510
565 4569
565 2805
565 8557
565 6105
566 7848
567 5189
567 9327
568 2186
568 5783
568 1280
569 9353
570 4891
570 7914
571 7952
572 9800
572 7835
573 9112
574 3409
574 7085
575 8832
576 4783
577 2104
578 3667
579 5577
579 1314
580 6276
581 1052
582 4976
583 5677
583 9786
584 2470
584 7502
585 2917
585 5208
586 3638
586 1076
587 1025
587 4067
587 5471
587 7863
588 2414
588 5360
589 6427
589 4136
590 4227
590 5537
590 8902
591 3323
591 7721
591 9479
592 8026
593 9706
593 631
594 6330
595 4938
595 2595
596 6515
596 2390
596 4671
597 6942
597 3473
598 9037
599 8319
599 2813
600 4538
600 7667
600 4474
601 1383
602 5282
603 2316
604 5254
604 4129
605 1897
605 5159
606 5166
606 4459
607 7973
607 2974
608 1459
609 4210
610 4668
610 4879
610 7487
611 2206
611 4479
611 7581
612 6435
612 9752
612 7120
613 1065
613 4283
614 6111
614 4065
615 842
615 2125
616 3451
616 1031
617 6632
617 4181
617 5266
618 2826
618 6874
618 7384
619 4050
619 6557
619 8849
620 5541
620 8886
621 9632
622 1844
623 3097
623 7635
624 2646
625 8572
626 2382
627 8411
627 8135
627 8509
628 2219
628 9646
628 5458
628 8767
629 871
630 4710
631 6030
633 5520
633 8818
634 2479
634 8623
634 4329
635 8386
635 8695
635 9059
635 3421
636 1433
636 9170
636 8691
637 4379
637 5313
638 666
638 8242
638 7596
639 4486
639 9062
640 6489
641 1926
642 8484
642 1723
643 3918
644 4788
644 8092
645 3287
645 9106
645 4504
646 3342
647 6605
647 5581
648 6312
648 7208
649 5536
650 2889
651 7844
652 7756
653 2907
653 6961
653 8674
653 6545
654 9396
654 1694
655 3237
655 7700
656 5222
656 1299
657 9686
657 3588
658 6518
659 6324
660 6125
660 6472
661 6639
662 4084
662 2389
663 9565
663 1430
664 1073
664 7583
665 1820
665 3564
666 734
666 1443
667 2520
668 1099
669 2371
669 6802
670 693
670 7091
670 6001
671 1671
671 8151
672 3651
672 4443
672 3973
672 7571
672 1644
673 4972
673 9971
673 7614
674 5395
675 957
675 679
676 8639
676 5677
677 2361
677 8104
678 4836
678 3216
678 6201
679 3179
679 6215
680 2321
680 2570
680 4782
680 5970
681 6657
682 9279
682 6338
683 9455
683 9475
684 2428
684 5586
684 3512
685 9176
685 5249
686 7856
687 2663
688 3625
688 4165
688 6163
688 5313
689 6264
689 2293
690 5922
690 8061
691 1487
691 3753
692 8884
692 9648
693 1812
693 5663
694 9812
694 6327
696 2846
696 1932
696 2422
697 6238
698 6887
698 4039
699 959
699 4328
699 5431
700 9639
700 5256
701 6858
701 8763
702 4088
703 3939
703 4436
704 7101
704 6300
704 7919
705 836
706 3234
706 4624
706 6001
706 4148
707 3037
707 8254
708 2272
709 1952
709 5223
710 9363
710 8135
711 2562
711 2062
712 5563
713 4139
713 875
713 5488
713 5181
714 4956
714 7899
715 9759
716 3208
717 4310
717 4423
718 902
718 8501
719 3712
719 4540
719 2997
719 2458
720 7590
720 4498
720 8561
721 2063
721 1260
722 1685
722 2221
722 3759
723 5512
723 1056
723 8707
724 5186
725 4135
725 3020
726 1493
726 2048
728 9085
728 9294
729 7338
729 9445
730 8281
730 9375
731 2244
731 8952
733 1764
734 1810
735 2723
736 7845
737 917
737 6411
737 6201
738 5041
738 7005
739 1198
740 5781
740 4257
741 4030
742 6063
742 6054
743 8212
744 6936
744 6599
745 1522
746 6558
747 9007
747 9012
748 2401
748 7588
748 9814
748 2377
749 756
749 4065
749 3748
750 4793
750 2168
751 7148
752 5982
752 7145
753 2819
754 4846
754 8684
754 4307
755 7822
757 4839
758 3880
758 1653
759 9138
760 8938
760 8191
761 9667
762 8839
763 4898
765 3367
766 1059
767 6969
768 8566
768 8190
769 1974
769 4520
770 8193
770 8958
771 3603
771 8613
771 7373
772 1091
773 9139
774 2837
774 4041
774 2425
775 9984
776 3776
776 8263
777 2480
777 6472
777 8772
779 3797
779 4583
780 1171
780 1231
781 2611
781 1804
781 4609
782 1562
783 9677
784 1832
784 9415
784 9715
785 2225
785 4386
785 4445
786 4935
786 2786
786 925
786 1221
787 9835
787 5576
788 6447
789 7222
790 8818
790 2566
790 2182
791 8050
792 3988
792 6877
793 3155
793 5481
793 7004
793 3946
793 6835
793 8779
793 4686
794 5490
795 7285
796 3984
796 4972
797 4181
798 936
799 9691
801 1386
801 5810
801 4177
802 5860
803 2923
803 9615
803 9592
804 6965
804 3909
804 980
805 7943
805 5475
806 6252
806 3037
807 6568
807 7772
808 4905
808 8534
809 1372
809 1666
809 7215
809 8621
809 2230
810 6784
811 4976
812 3006
812 9351
813 4283
813 3186
814 8390
814 7387
815 2540
815 4068
815 1356
815 8573
816 5353
816 4666
817 7619
818 6875
818 7312
818 7783
819 3705
819 7945
819 8734
820 2941
820 8028
821 1394
822 1737
822 2968
823 1237
823 6303
823 1474
825 5635
826 6510
827 4433
827 3285
828 5703
829 8740
829 9979
829 5690
830 6608
831 1346
831 3489
832 7926
832 9270
832 2291
833 2317
834 8866
835 1892
835 4640
836 9349
836 2628
837 4645
838 5652
839 8235
839 7439
840 4173
841 3828
841 2510
842 7921
842 1370
843 4817
843 1563
844 2879
844 8553
844 5703
844 6320
845 2577
845 5324
845 4558
846 2357
846 7159
846 4026
847 1387
847 8672
848 6243
848 5962
849 5446
849 7728
850 9331
851 6196
852 7556
853 990
853 1153
854 4789
854 2159
855 9078
855 988
855 4065
856 8161
857 9712
858 6366
859 8497
860 5074
860 1834
860 6517
860 9192
861 1286
861 6539
862 6309
862 8786
863 4314
863 6859
863 1000
864 6558
865 8119
865 6996
865 5524
866 3824
866 3519
867 9210
867 4593
868 7476
869 2008
869 3527
870 5112
870 9824
871 3289
872 5394
872 9784
872 6669
873 3849
873 5173
873 962
874 6395
875 1821
875 4815
875 6226
876 3792
877 5960
878 9018
878 3301
878 3487
879 3136
879 8161
879 8205
879 3676
880 3569
880 4529
880 2550
881 1855
881 9896
882 9576
883 7631
883 2294
884 6359
885 7984
885 7797
885 7242
886 8883
887 5754
888 5081
888 5459
888 9642
889 2637
889 9359
890 7419
890 7440
890 4743
891 7768
891 8500
892 3951
892 1344
893 4634
894 7219
895 6485
896 2791
897 2340
897 9903
898 3153
898 5140
899 8438
900 6569
901 4333
901 6940
902 1710
902 1888
903 2582
903 2950
903 9232
904 8860
904 4065
905 9871
905 6759
906 6773
906 6171
907 2218
907 4153
908 8060
908 3502
909 6306
909 6454
910 3043
911 8809
912 9508
913 4377
913 6721
914 1730
914 6986
915 5457
915 5459
916 3413
916 2662
918 6494
918 1678
919 5511
919 7380
919 2539
920 9845
920 8479
922 2732
922 2882
923 4819
923 7252
923 2833
924 9917
925 9299
925 4634
926 3183
927 3187
927 3256
928 2255
929 7170
929 1076
929 4988
930 8491
930 9141
931 7559
932 8081
934 2106
934 5993
935 5385
935 7237
935 2262
936 7411
936 3868
937 2632
937 1732
938 1165
939 2171
940 7441
940 6590
941 4489
941 3236
941 6408
941 7552
942 4855
942 8995
943 7825
943 2064
944 8853
945 8436
945 8688
945 3143
946 1429
947 5913
948 8885
948 1122
948 5781
949 3890
949 6036
949 2065
950 2885
950 3004
951 5386
951 1814
951 8452
951 6807
951 1948
952 7842
952 8300
953 3033
954 1198
954 3972
954 1192
955 7119
956 3107
956 6209
956 8415
957 4524
958 7801
958 9535
958 8012
960 3736
960 2382
961 6449
962 7101
963 1071
964 2843
964 7615
964 3178
964 2742
965 7977
966 8802
967 6074
968 5882
968 6492
968 1021
969 1988
970 1400
971 6012
971 5579
972 8941
972 7508
973 4817
974 1169
974 7340
974 3452
975 2372
976 3000
976 6257
976 6439
977 3002
978 7358
979 3161
980 7152
980 4535
981 4046
982 6950
983 1721
983 2181
984 5575
984 5329
984 5002
984 5533
984 8614
985 5945
985 6129
985 9402
986 1553
986 3345
986 9102
987 7119
988 7557
989 4745
989 7995
991 9847
992 3210
993 4034
994 8988
995 5049
996 8929
996 4089
997 6754
997 3894
998 1428
998 3356
998 5440
998 8764
999 2262
1000 1567
1000 1503
1001 4466
1001 6913
1001 9637
1002 9408
1003 5271
1004 6691
1004 3038
1004 1778
1004 4117
1005 1039
1005 7406
1005 3355
1006 2376
1006 5317
1006 7083
1006 6023
1007 4188
1008 5053
1009 6024
1010 8906
1010 3572
1010 4838
1010 9275
1011 8346
1011 8783
1012 3887
1013 5311
1013 5328
1013 7648
1014 4564
1014 1659
1014 9667
1014 2517
1014 3545
1015 5899
1015 5593
1016 5501
1016 8531
1016 1962
1016 3147
1017 5976
1018 7521
1018 6594
1018 5351
1019 3101
1019 3966
1019 2810
1020 9121
1020 5738
1021 8424
1021 6150
1022 6145
1022 7865
1022 6319
1023 6121
1024 3023
1026 1037
1027 4122
1027 5410
1027 8690
1028 4384
1029 4800
1030 4061
1031 3947
1031 7096
1032 5252
1032 3563
1032 3132
1033 1607
1034 1284
1034 3873
1035 4839
1035 2856
1036 5321
1037 2808
1038 5290
1041 6603
1042 3625
1043 9067
1043 2295
1044 4410
1045 5789
1046 7356
1046 7685
1046 8568
1046 5487
1046 6392
1047 5530
1049 9743
1050 7122
1051 5411
1052 3594
1052 3656
1052 8463
1054 5254
1055 8069
1056 6959
1057 3514
1058 1998
1060 3122
1060 5246
1060 5562
1061 9976
1062 3339
1062 2839
1063 2523
1063 7786
1063 5761
1063 1593
1063 9424
1063 8146
1064 3724
1064 8408
1064 2152
1065 3449
1066 6397
1067 7498
1068 7922
1069 5081
1070 3499
1071 9909
1071 9959
1074 7676
1075 5420
1076 8821
1077 2310
1077 2451
1077 5109
1078 4790
1078 6280
1078 9873
1078 8007
1079 5281
1079 9936
1079 8795
1080 4312
1081 8117
1082 6989
1083 4144
1084 5837
1084 1846
1085 5680
1085 8918
1085 1439
1086 7037
1086 5322
1087 1540
1089 7478
1089 9540
1090 1222
1090 7462
1090 7595
1091 1923
1092 4159
1092 2793
1093 1475
1093 1524
1094 8738
1094 1759
1094 5006
1095 1210
1095 8839
1095 9352
1096 3640
1096 2751
1097 4813
1097 1903
1098 4568
1098 8456
1099 1923
1099 2773
1099 4735
1100 2450
1100 2082
1100 1661
1100 6008
1101 1657
1101 8496
1101 6756
1102 9687
1102 1613
1103 9164
1103 8749
1104 9954
1105 9387
1105 3227
1106 3218
1106 9063
1106 8855
1106 6361
1107 9717
1108 8665
1108 2826
1109 5668
1109 1796
1110 8494
1110 9092
1110 3614
1110 8990
1110 3638
1111 2657
1112 5679
1113 2639
1114 6680
1115 5931
1116 6019
1117 3239
1117 5837
1118 8878
1118 3902
1118 8732
1118 9139
1118 6369
1119 1185
1120 4534
1121 4539
1121 9497
1122 1652
1123 9563
1124 2899
1124 8397
1124 1588
1125 4979
1125 7255
1126 9421
1127 9113
1128 4599
1128 8103
1128 6313
1128 4832
1128 5990
1129 7824
1131 5492
1132 3000
1133 6443
1134 1325
1134 8434
1134 2950
1135 9924
1136 3903
1137 8373
1138 2301
1139 8579
1140 5652
1141 6923
1141 9080
1141 6332
1142 4189
1142 9071
1142 9336
1142 3847
1143 5320
1143 7545
1143 9326
1144 7668
1145 9294
1145 1922
1146 4467
1147 3802
1147 5646
1147 9425
1148 2181
1148 2433
1149 5487
1150 3791
1150 4976
1151 4455
1151 8225
1151 2364
1152 2326
1152 9975
1152 7772
1153 3480
1154 9699
1155 7552
1155 5487
1156 6030
1156 9723
1157 9707
1158 2782
1158 1867
1159 5323
1159 1469
1160 5817
1160 4042
1160 8139
1160 4536
1160 1648
1161 2533
1162 3792
1162 8737
1162 2585
1163 2925
1163 9581
1165 1695
1165 9784
1166 4526
1166 7536
1167 9329
1167 9717
1167 6239
1168 8520
1168 8966
1170 7080
1170 6740
1172 5758
1172 2933
1173 7204
1173 2994
1174 8800
1174 2867
1176 9162
1177 9864
1178 2016
1179 1533
1179 4815
1180 5483
1181 6090
1181 4480
1181 5546
1182 4443
1183 3617
1184 5144
1186 7516
1186 9923
1187 7591
1187 6241
1188 6869
1188 5057
1189 1874
1190 3180
1190 7153
1190 4640
1191 8504
1192 3580
1192 5424
1193 4196
1194 1359
1194 4240
1195 3523
1196 3597
1196 3291
1196 8737
1197 4294
1197 2010
1198 1417
1198 4205
1200 2876
1200 7467
1201 2070
1202 8016
1202 4394
1202 8097
1203 4276
1203 8524
1203 4242
1204 5167
1204 1756
1205 7316
1205 9477
1206 8653
1207 7806
1207 8992
1208 5745
1209 1943
1209 3252
1210 4419
1211 8092
1211 7361
1211 5660
1212 5226
1212 6185
1213 4437
1213 5249
1213 8770
1214 3270
1214 5186
1214 1264
1215 7848
1215 8138
1216 4915
1216 6874
1217 6896
1218 3718
1219 3126
1220 6520
1221 6294
1221 5077
1222 4487
1222 1625
1223 9894
1224 8584
1225 9929
1225 9880
1226 4796
1226 8395
1226 2633
1227 5717
1227 5014
1228 6653
1228 8439
1228 3319
1229 6993
1229 1937
1230 1689
1230 7897
1231 4032
1232 8361
1232 2698
1233 6999
1233 3817
1233 5209
1234 9159
1234 4899
1235 2932
1235 9495
1236 7912
1238 1507
1238 3931
1239 8002
1239 9294
1240 7316
1241 7787
1241 6168
1241 8789
1241 1245
1242 5868
1242 4850
1243 3479
1244 9683
1245 2435
1245 9908
1245 9109
1246 7438
1246 6239
1247 5589
1248 1979
1248 3731
1249 4486
1250 3816
1250 5309
1250 2562
1251 5160
1251 8578
1252 7669
1253 2392
1254 4222
1254 1276
1255 6289
1255 7181
1256 2711
1256 9284
1256 2584
1258 3398
1258 2945
1259 6254
1259 1613
1260 6044
1260 4037
1260 9713
1261 1851
1261 1277
1262 8481
1263 7876
1263 2059
1263 8572
1263 6143
1263 4774
1263 4735
1264 4590
1265 2501
1265 9922
1265 9509
1266 8691
1267 7282
1267 3151
1268 2792
1269 8750
1269 2550
1271 4076
1273 2915
1273 4914
1273 6315
1273 5417
1274 6581
1274 9478
1275 3994
1275 1434
1276 6124
1276 2994
1277 5024
1277 7738
1278 3066
1279 7200
1279 2178
1280 3819
1280 7153
1281 7233
1281 6018
1282 6724
1282 6949
1283 2404
1283 6478
1285 7275
1285 1325
1286 3133
1286 8432
1288 5495
1289 7302
1289 7252
1290 8794
1291 3278
1291 6169
1291 1657
1292 9271
1292 3536
1293 1877
1293 4879
1294 2513
1296 3986
1297 5681
1297 8997
1297 3326
1298 8265
1298 9222
1299 9404
1300 4318
1300 8145
1300 8407
1301 5556
1302 6507
1302 7920
1302 8460
1303 1831
1305 9192
1305 8342
1306 6282
1307 8562
1308 3564
1309 2150
1309 8752
1309 9384
1309 3927
1310 2481
1310 7706
1311 5421
1312 5248
1313 3778
1313 4597
1313 9065
1314 6939
1315 9751
1315 1492
1316 1765
1316 2512
1317 8143
1317 5566
1318 8007
1318 7075
1319 8123
1320 5473
1321 3490
1321 4367
1321 1986
1323 9459
1323 9879
1324 7797
1325 8056
1326 8798
1326 7496
1327 2943
1327 3923
1327 8263
1327 6432
1328 9704
1329 5709
1329 9849
1329 6298
1330 3085
1330 9108
1330 9629
1331 8817
1331 8956
1331 6248
1331 3160
1332 9870
1332 9549
1333 4724
1334 3225
1335 1830
1335 1869
1336 8611
1337 7785
1337 6244
1339 4030
1340 4556
1340 5188
1341 4029
1341 4968
1341 8902
1341 7626
1342 3522
1342 6600
1342 5052
1342 5861
1343 5438
1344 3476
1344 8285
1345 6662
1347 1935
1347 7710
1347 7934
1348 4945
1348 6135
1348 9662
1349 5756
1349 1583
1350 9838
1351 7159
1352 4274
1353 8654
1353 6601
1353 3056
1354 7162
1354 3536
1354 9557
1354 6868
1355 1448
1355 6323
1355 8447
1356 7115
1357 2758
1358 2650
1359 8844
1359 2791
1360 8508
1361 3386
1362 1707
1362 4776
1363 3573
1363 9586
1364 2827
1364 5051
1364 3171
1364 8789
1365 5422
1366 5407
1367 3826
1368 4981
1368 9824
1369 5867
1369 5466
1370 9200
1371 8922
1373 9982
1375 3913
1376 5680
1377 4838
1378 6666
1378 3057
1379 9843
1379 9727
1379 9971
1380 7395
1380 3611
1381 5716
1382 6420
1382 2729
1383 5967
1384 4703
1384 9076
1385 5718
1386 5556
1387 7737
1388 9767
1389 2655
1389 5674
1389 9288
1390 2416
1390 3128
1391 9201
1391 7460
1392 8804
1392 9545
1392 9578
1392 9200
1393 7402
1394 2366
1395 2756
1395 8718
1396 7415
1396 1592
1397 6471
1397 2171
1398 7810
1399 5677
1400 5675
1401 2730
1402 9364
1402 3883
1403 2733
1404 3163
1404 9043
1404 6060
1405 8985
1405 5795
1406 2595
1407 3798
1407 6435
1408 5479
1409 7102
1410 5218
1411 4018
1411 9508
1412 4641
1412 6642
1412 7673
1413 2960
1413 3238
1414 4164
1415 2068
1416 6139
1417 4864
1417 5895
1417 7372
1418 7040
1418 6022
1418 4683
1419 9424
1420 7824
1420 7752
1421 1440
1421 7075
1422 7514
1423 8654
1424 8466
1424 5361
1424 6719
1425 2567
1426 7942
1427 2199
1427 3953
1427 7707
1427 9127
1427 3780
1429 2187
1429 4866
1429 9542
1430 4699
1430 9152
1431 3725
1432 8580
1432 9668
1432 5100
1434 6821
1434 7587
1435 9801
1436 7314
1437 5253
1437 7320
1437 3783
1438 3321
1439 2715
1439 5334
1440 3803
1440 8704
1441 7526
1441 9671
1442 6530
1442 2645
1443 9025
1444 4483
1445 4458
1445 9805
1446 9479
1446 3465
1447 4592
1447 2238
1447 3462
1449 5786
1450 6108
1450 8685
1451 6436
1451 8848
1451 3812
1452 5682
1452 5894
1453 6220
1454 6096
1455 5246
1456 9961
1457 8596
1457 7635
1458 7086
1459 5856
1459 6303
1460 5953
1460 7437
1460 6300
1461 7126
1461 2804
1461 2037
1462 3668
1463 4495
1463 9251
1465 5840
1466 7331
1467 1914
1467 6358
1468 5260
1468 3880
1469 9984
1470 5356
1470 9488
1470 5910
1471 3433
1471 8447
1471 5263
1472 7866
1473 9489
1473 6468
1473 4359
1474 1909
1474 3729
1474 7983
1474 6110
1476 4268
1476 9891
1477 8087
1478 4393
1479 6069
1479 2551
1479 5229
1480 9157
1480 5897
1481 8431
1482 9079
1482 4536
1483 1672
1483 7551
1484 3282
1484 9958
1485 8006
1485 2037
1486 1692
1486 2368
1488 6967
1489 8039
1489 9132
1490 4339
1491 2851
1491 5290
1492 7611
1492 9044
1492 2182
1492 4626
1493 2126
1494 5306
1495 7744
1496 5359
1496 6626
1496 7577
1497 8096
1497 6147
1498 9028
1498 5412
1498 2161
1499 9908
1500 3134
1500 3395
1500 5805
1502 4535
1502 9290
1502 9713
1503 1570
1503 5782
1504 4948
1504 4133
1505 9389
1506 8112
1506 9805
1506 5888
1508 4040
1509 1670
1510 2066
1510 1549
1511 1702
1511 6564
1512 9980
1513 4345
1514 5170
1515 2612
1515 1931
1516 7459
1516 7009
1517 5981
1517 6238
1518 8575
1518 4448
1519 3995
1519 8668
1519 6612
1520 3797
1521 2679
1521 8610
1521 6121
1522 4174
1522 9598
1523 3437
1523 3703
1524 6430
1524 7055
1525 7732
1526 2358
1527 3110
1527 3980
1527 5080
1528 9304
1529 3294
1530 8526
1531 4199
1531 7628
1531 6004
1532 5639
1532 2214
1532 9884
1534 5617
1535 3189
1535 7782
1535 4627
1536 1783
1536 9083
1536 9681
1536 6848
1537 9273
1537 7107
1537 8805
1538 7853
1538 7609
1539 6701
1539 5571
1540 3054
1541 4303
1541 6273
1541 6958
1542 7814
1543 3784
1543 5780
1543 3013
1544 2695
1544 7618
1545 8869
1545 6795
1546 3946
1547 9219
1548 1703
1548 7323
1549 6952
1550 6041
1550 8733
1551 6690
1552 8568
1553 5664
1554 7827
1555 8470
1556 3545
1556 7530
1557 3057
1557 3876
1557 2264
1558 4363
1558 1942
1559 3742
1559 6499
1559 2397
1560 9568
1560 3961
1561 1868
1561 2419
1562 8489
1562 4705
1563 3123
1564 6913
1565 3744
1566 4058
1568 4545
1568 7606
1568 4542
1572 3305
1572 4230
1572 9774
1572 7454
1572 9652
1573 8647
1573 7276
1574 1900
1574 8664
1574 8760
1575 7187
1575 8677
1576 1636
1576 5196
1578 8315
1578 3219
1579 6690
1580 8383
1581 1793
1582 5007
1582 5016
1582 7208
1582 2703
1583 1617
1584 4418
1584 7022
1585 5919
1586 4027
1587 2918
1587 1651
1587 6157
1588 6758
1588 2891
1589 5095
1589 6352
1590 6544
1590 2593
1591 9120
1592 4650
1593 9027
1594 5611
1594 8037
1594 7969
1595 4919
1595 6023
1597 8930
1598 2785
1598 6764
1598 5433
1599 5616
1599 2630
1600 1827
1600 7207
1601 2548
1601 4185
1601 2958
1601 9972
1602 7807
1602 9246
1602 8440
1603 4656
1604 6955
1604 7422
1604 9982
1605 2823
1606 8332
1606 5633
1607 2274
1607 4428
1608 3851
1608 6651
1608 4558
1609 8251
1609 3673
1610 1893
1610 8463
1610 9003
1611 6464
1611 6120
1612 3079
1612 7019
1612 6967
1613 5548
1613 1797
1614 4683
1614 6993
1615 8209
1615 8840
1616 6263
1617 8959
1617 8960
1617 9930
1618 3749
1618 8842
1618 9037
1619 6078
1620 8641
1620 1624
1621 2389
1622 6579
1622 6337
1623 5379
1623 3791
1624 9394
1624 5520
1625 6938
1626 6510
1626 6942
1627 8863
1628 9010
1628 8111
1628 1927
1629 4700
1630 8819
1630 6437
1631 3595
1631 7999
1631 3385
1631 3358
1632 7672
1632 2606
1633 7028
1633 4552
1634 3063
1635 1916
1635 6529
1635 7294
1635 6919
1636 1726
1637 2653
1637 7321
1637 7927
1638 5826
1638 8687
1638 9661
1638 9634
1639 4262
1639 3894
1639 8398
1639 6186
1640 9506
1640 6684
1641 3424
1641 3139
1642 5037
1642 7293
1642 3759
1643 6444
1644 4369
1644 2408
1645 2992
1645 4356
1645 9286
1645 9936
1646 5323
1647 5318
1648 5409
1649 7252
1650 4657
1650 2249
1651 2964
1651 2269
1652 5456
1653 3080
1654 5512
1655 3475
1655 5085
1656 3623
1656 3662
1658 4395
1658 4225
1659 6127
1660 2103
1660 7574
1662 3100
1663 8919
1664 5744
1664 7694
1665 8236
1666 4352
1667 5802
1667 3929
1668 8760
1668 9218
1668 2798
1669 2391
1669 4565
1670 7540
1671 4168
1671 6027
1671 4202
1672 5684
1672 6867
1673 9051
1673 9127
1674 3650
1675 2138
1675 7854
1676 2439
1677 3900
1677 9841
1678 2115
1678 2320
1678 2286
1679 4482
1679 8013
1680 5741
1680 6598
1681 7885
1681 3995
1683 4481
1684 3393
1686 6301
1686 9096
1687 2556
1687 9333
1687 3363
1688 3910
1689 4810
1689 9624
1690 3405
1690 7265
1690 9162
1691 1731
1691 6914
1693 5111
1694 8958
1696 7431
1696 6548
1696 6256
1697 5565
1698 5497
1699 5595
1699 6006
1699 8013
1700 2812
1700 8784
1700 9699
1701 2605
1703 7401
1704 8555
1704 3557
1706 8898
1706 7021
1708 7066
1708 6837
1708 6259
1709 5992
1711 8293
1711 9853
1711 7353
1712 8717
1712 6837
1713 7834
1714 2844
1714 7665
1714 8194
1715 2190
1715 3320
1716 4528
1717 7654
1717 7494
1717 5766
1718 8518
1718 9287
1718 6727
1719 8385
1720 4964
1721 5940
1722 9962
1722 6078
1723 6071
1723 5485
1724 6145
1725 7873
1725 2604
1726 2760
1727 6182
1727 9309
1727 4184
1728 4822
1729 1878
1729 2045
1732 3223
1732 3360
1732 3147
1733 9031
1733 6777
1734 3661
1734 3933
1735 3969
1736 5283
1736 5420
1738 4955
1738 8419
1738 4276
1739 9872
1739 7315
1740 5483
1740 5271
1741 7376
1741 7377
1742 4499
1742 9503
1743 7785
1744 3937
1745 9615
1747 2949
1747 6982
1747 5273
1747 8261
1748 4855
1749 9342
1750 7646
1750 4650
1750 9713
1751 5931
1753 5118
1754 5001
1754 3491
1755 2660
1755 5671
1756 7167
1756 7679
1757 6677
1758 6847
1758 4255
1759 2311
1759 8925
1760 1947
1760 1931
1760 8830
1761 4193
1762 6901
1762 5545
1764 9055
1764 7840
1765 3682
1765 7717
1766 2312
1766 9398
1767 2561
1768 6378
1769 4223
1769 9538
1770 3769
1771 6563
1772 9607
1773 5602
1773 8629
1773 5755
1773 5558
1774 2925
1775 6922
1775 6622
1775 9391
1775 7502
1776 2602
1776 7036
1776 4577
1777 9189
1778 6506
1779 6198
1779 7076
1779 3665
1780 2285
1781 9276
1781 5280
1782 4593
1782 3368
1784 7108
1785 3028
1785 7708
1785 8475
1785 6828
1786 6192
1786 3911
1786 3685
1787 2956
1788 6588
1789 6204
1790 2800
1791 9466
1791 6113
1792 7687
1793 6912
1793 8182
1794 7697
1795 4889
1795 4610
1795 8820
1796 3403
1797 9321
1798 3436
1798 4013
1799 8051
1799 3372
1800 3905
1801 6424
1801 7698
1802 5354
1802 9588
1802 6230
1803 3605
1804 9491
1805 4681
1805 9659
1805 8346
1806 5953
1807 1952
1808 5614
1808 8134
1808 6370
1809 3803
1810 1921
1810 4312
1811 7881
1811 8939
1811 6057
1811 7131
1813 1992
1813 2394
1814 5418
1815 4878
1816 2751
1817 6060
1818 9685
1818 2336
1819 3234
1820 4032
1822 8116
1822 9586
1823 2494
1823 6734
1823 5062
1824 6513
1824 7385
1825 9299
1826 5478
1826 3740
1828 4820
1828 5092
1828 9540
1829 5287
1830 2094
1831 8210
1832 2412
1832 8344
1833 8541
1833 9543
1833 9084
1834 6739
1835 6214
1836 5129
1836 6646
1836 9584
1837 3998
1837 3124
1838 4316
1838 6195
1838 2352
1838 8653
1839 7286
1839 5795
1840 5986
1841 3587
1842 4828
1843 6705
1843 8669
1844 8501
1845 6334
1845 3386
1846 6131
1847 5358
1848 2131
1848 6266
1849 5971
1849 6587
1850 4600
1851 5289
1851 2835
1852 4237
1853 7334
1853 3350
1854 3020
1856 6910
1856 3571
1856 5411
1857 9223
1858 6746
1859 5124
1860 2635
1861 9362
1861 8411
1862 4561
1863 2886
1864 9933
1864 5747
1865 5934
1866 3035
1866 4171
1866 7077
1866 6023
1867 2539
1867 9185
1868 4573
1869 2900
1870 9708
1870 1999
1871 5888
1872 5767
1873 5384
1874 7196
1874 6005
1875 8260
1876 3390
1877 8849
1878 2019
1879 3404
1879 4714
1880 7555
1880 2277
1881 2830
1881 9605
1882 7374
1883 8339
1883 6150
1884 4470
1885 7268
1885 7214
1886 4263
1886 8463
1887 9511
1888 2588
1889 7964
1889 9494
1890 8544
1891 5666
1892 2594
1894 6723
1895 4730
1895 2370
1896 6283
1896 6370
1898 4599
1899 2484
1899 5902
1899 4664
1900 6593
1901 2492
1902 7864
1902 2697
1903 4806
1904 8894
1905 8775
1905 8214
1906 6679
1906 9505
1907 8486
1910 7715
1911 9751
1912 3172
1912 7542
1912 2968
1912 6165
1913 3915
1913 7894
1914 4998
1915 9552
1915 7555
1917 4747
1917 1939
1918 3397
1922 5147
1922 9893
1923 8961
1924 7025
1924 8136
1925 6424
1926 2480
1927 4263
1928 8919
1930 2634
1932 2707
1932 4775
1932 4219
1933 9272
1933 4350
1934 5757
1935 4927
1936 3493
1936 9845
1937 2217
1937 4200
1937 8140
1938 7639
1939 8182
1939 5696
1939 5811
1940 8292
1941 2348
1941 6891
1942 3993
1942 5749
1944 2750
1944 7446
1945 6545
1946 2866
1946 8041
1948 6466
1948 9910
1949 5901
1950 4906
1950 4535
1951 5866
1951 9739
1951 6677
1953 9968
1954 7387
1956 5622
1956 5476
1957 4175
1958 9266
1958 2744
1959 7988
1960 9252
1960 3180
1962 9105
1962 6021
1963 3018
1964 5332
1964 7684
1965 6317
1966 9753
1967 4656
1968 2579
1969 4903
1970 6018
1970 5533
1971 8299
1972 6463
1972 9883
1972 8986
1972 4818
1973 7278
1973 4779
1974 3225
1975 6731
1976 2608
1976 5608
1976 9498
1976 9771
1977 3102
1977 3019
1977 5110
1978 2507
1979 6834
1980 7172
1980 7020
1980 7087
1981 9295
1981 6774
1982 9735
1982 5271
1983 8673
1983 9587
1984 9094
1984 3424
1985 9896
1986 6388
1987 8833
1987 3091
1988 4607
1989 2471
1989 2667
1990 4236
1990 5678
1991 6148
1991 5291
1992 3760
1993 5088
1994 7615
1995 8792
1995 6594
1996 4162
1996 4800
1997 4659
1997 3740
1997 9345
1998 5429
1999 9916
2000 7739
2001 5560
2002 2220
2003 3579
2004 7954
2004 4819
2005 6521
2005 8472
2005 8593
2006 7639
2007 2263
2007 7175
2007 9225
2007 2654
2008 5947
2009 2776
2009 9737
2010 8683
2010 9930
2011 3824
2012 4717
2012 4818
2012 2181
2013 2564
2014 7328
2015 3805
2016 7023
2016 2839
2016 9308
2017 7720
2018 2077
2019 5423
2020 4271
2021 5468
2021 6989
2021 8521
2022 6686
2023 3704
2023 9263
2023 2604
2024 3208
2024 9015
2025 2086
2026 3551
2026 2913
2027 7600
2027 6228
2028 3708
2028 4905
2029 4525
2029 7560
2030 2916
2031 9595
2031 4805
2032 4017
2033 9629
2034 7432
2034 4707
2035 6378
2035 3428
2036 9195
2037 7832
2037 8729
2038 9973
2039 5933
2040 3990
2041 3209
2041 2984
2042 6857
2044 7841
2044 9918
2044 6514
2045 4333
2047 6388
2047 3009
2048 8608
2048 8802
2049 8022
2050 7423
2051 2776
2052 3507
2052 8671
2053 2411
2054 2179
2054 7522
2054 7955
2055 2313
2055 7123
2055 7242
2055 8950
2056 7690
2057 8362
2057 3988
2058 5956
2058 6499
2059 4824
2059 8073
2060 2889
2060 9213
2061 5818
2061 9937
2061 6890
2062 3448
2063 8180
2064 3867
2064 6633
2065 2792
2065 3017
2067 5016
2069 8427
2069 5474
2070 7401
2071 4117
2072 3488
2072 9274
2073 7616
2073 9659
2074 3141
2075 7547
2076 7509
2077 9494
2077 3686
2078 7660
2079 7905
2080 4066
2081 2295
2082 8786
2083 3412
2083 5336
2084 3904
2084 7279
2085 4845
2086 6056
2087 8380
2087 7558
2087 6769
2088 2389
2089 7112
2090 8066
2090 7388
2091 3729
2093 2297
2093 4125
2095 4951
2096 8326
2096 9000
2097 3001
2098 4088
2098 4822
2099 8604
2100 2110
2100 2568
2101 9176
2102 6350
2104 5272
2104 4504
2105 5724
2106 8431
2107 8637
2107 3117
2108 4656
2108 5114
2108 3123
2109 5237
2109 7170
2111 6048
2113 9113
2114 7182
2116 2126
2117 4217
2117 4301
2118 8255
2118 2477
2119 3426
2120 6556
2121 3268
2122 2516
2122 8356
2123 8534
2123 5092
2124 7168
2124 8991
2125 7281
2125 4502
2126 2171
2126 3878
2127 8273
2128 8011
2129 5306
2131 8600
2131 9163
2132 4831
2133 9924
2134 4402
2134 4321
2135 2548
2136 8018
2136 6341
2137 2761
2138 3432
2138 8805
2139 2292
2139 3085
2140 3370
2141 2854
2141 7203
2141 7407
2141 8335
2141 9239
2141 7259
2142 7816
2143 7247
2143 9199
2144 2639
2145 3561
2146 7125
2147 4785
2148 3240
2148 6578
2148 2654
2149 4581
2151 8331
2152 6687
2152 2469
2153 4588
2154 9160
2154 2208
2155 6715
2155 7363
2155 4198
2156 7839
2156 6131
2157 8016
2158 9867
2158 6462
2159 5491
2160 9957
2161 6076
2162 6252
2163 3200
2163 5800
2164 5793
2164 4965
2165 6815
2165 5571
2166 5008
2166 6141
2167 9076
2168 3631
2168 4941
2168 7389
2168 8309
2169 9329
2170 9446
2170 8426
2170 9142
2172 4243
2172 7617
2173 2332
2173 3349
2173 2581
2174 9649
2175 4197
2175 5788
2176 2336
2177 8008
2178 4380
2178 2288
2180 3257
2182 6481
2183 7749
2184 5594
2185 4258
2185 4493
2185 7675
2186 4392
2189 3907
2189 8157
2189 4979
2190 3321
2190 3933
2190 9423
2191 3263
2192 4883
2192 3720
2192 8527
2193 8979
2194 3663
2195 8589
2195 3018
2196 7760
2197 7037
2198 9165
2198 8945
2200 5772
2201 2278
2201 5328
2202 7610
2203 4731
2203 9021
2204 5341
2205 5106
2207 8224
2208 4604
2208 5015
2209 4095
2209 3336
2211 4670
2211 4829
2212 6846
2212 8853
2213 3723
2213 5880
2214 7209
2214 5435
2215 8899
2215 6606
2216 5033
2216 8887
2220 9412
2221 6286
2221 9898
2222 6940
2223 6775
2224 5691
2224 6085
2226 7482
2227 5415
2227 6011
2227 6860
2228 6883
2229 6108
2230 9374
2230 7163
2230 9148
2231 3355
2231 8506
2231 8042
2231 9470
2232 6863
2234 9857
2234 4708
2235 5862
2235 6934
2235 7561
2236 4106
2236 4669
2236 2560
2236 6272
2237 8810
2237 9308
2237 9874
2238 8903
2239 5561
2239 8011
2239 9403
2239 7076
2240 6260
2240 9323
2241 6360
2241 8992
2242 5194
2242 9421
2242 3959
2243 4190
2243 6902
2245 9897
2245 5020
2246 4629
2247 3798
2248 4436
2250 4766
2251 5337
2252 3487
2252 7604
2253 8400
2253 6747
2254 4786
2255 3430
2255 4903
2255 8303
2255 8399
2256 2272
2256 2834
2257 9064
2258 8006
2260 4962
2260 8144
2261 6674
2261 6308
2262 4634
2264 3865
2265 7269
2266 4530
2267 5610
2269 6364
2270 9445
2271 2368
2271 8521
2272 9801
2273 7392
2273 5191
2274 9388
2275 5536
2275 7421
2275 9837
2276 7149
2276 5456
2277 4438
2277 9601
2277 9434
2278 7694
2279 6349
2279 8234
2280 8406
2280 5605
2280 7776
2280 9659
2281 8671
2282 3980
2283 4292
2284 6455
2284 7533
2285 4951
2286 6190
2287 5619
2287 9863
2287 4485
2288 5777
2288 8430
2288 6159
2289 5936
2290 3190
2290 7044
2293 7750
2294 6219
2295 3986
2296 9194
2296 9242
2297 8196
2298 8082
2298 2382
2299 4995
2300 3859
2301 8647
2302 7908
2302 5079
2303 2516
2304 2321
2305 9010
2306 7633
2306 7732
2307 4334
2308 2998
2308 4154
2308 7880
2309 7642
2309 4236
2314 9034
2314 5929
2315 4785
2316 4296
2318 8714
2319 2582
2320 4952
2322 7732
2322 2861
2323 2987
2323 4413
2324 9967
2324 3787
2325 3675
2326 7979
2327 3744
2327 7580
2327 4404
2328 4172
2328 6970
2328 4559
2329 7225
2329 5550
2329 4735
2330 9573
2331 2794
2333 5773
2333 9699
2333 8356
2334 6633
2335 4755
2335 9308
2336 3747
2337 6218
2337 7997
2338 4913
2338 3040
2339 4984
2340 6947
2340 6678
2341 6956
2342 3687
2343 8815
2344 8131
2345 3786
2345 5609
2346 2415
2347 9413
2349 5673
2350 9253
2351 3275
2351 4796
2352 7911
2353 8400
2354 8612
2354 6077
2355 5463
2356 6059
2358 7777
2359 4948
2360 4436
2360 9439
2360 4092
2360 3263
2363 5086
2364 7201
2364 8623
2365 2929
2366 5716
2367 5824
2367 2617
2368 6232
2369 5150
2369 6592
2370 3938
2370 5153
2370 6305
2371 5455
2372 3461
2373 7504
2373 5806
2373 2913
2374 8907
2374 5339
2375 9501
2375 4141
2377 7872
2378 9836
2378 9848
2379 6102
2380 2666
2381 7950
2381 7243
2382 8618
2383 6709
2383 5372
2384 7369
2385 3035
2386 9966
2387 2803
2387 9771
2387 5389
2388 4940
2388 9309
2389 6077
2389 8426
2390 3197
2390 8095
2390 2954
2391 7089
2392 8392
2393 4329
2394 9031
2395 5479
2396 6088
2398 4724
2399 4491
2399 5161
2400 8901
2400 9563
2400 8002
2402 7228
2403 9798
2404 3696
2405 9317
2405 5066
2406 7347
2406 9234
2407 8912
2407 8163
2407 9004
2407 5701
2408 2762
2408 4400
2408 5527
2409 8936
2410 6356
2410 3818
2413 5378
2413 9486
2414 7148
2414 8010
2415 3910
2415 8347
2417 3896
2418 9818
2418 6354
2419 9544
2420 7210
2421 4586
2422 5903
2422 4127
2422 6029
2423 3636
2424 6743
2424 6099
2425 6305
2425 6003
2427 8176
2427 3750
2429 6692
2429 6645
2429 7784
2430 3484
2430 8576
2431 5949
2432 4442
2433 9707
2433 5453
2434 6065
2436 8795
2436 2499
2437 3783
2438 9977
2440 9211
2441 4566
2441 5593
2443 5654
2443 3093
2444 3186
2444 7834
2444 6170
2444 2808
2445 2563
2445 9496
2445 6989
2446 5821
2447 6403
2448 6362
2449 3337
2452 6920
2453 8459
2453 3706
2453 9287
2454 2793
2454 9546
2455 5198
2456 2748
2457 5906
2457 9929
2458 6311
2458 9874
2459 4764
2459 3390
2459 3262
2460 4551
2460 5958
2460 6697
2460 8800
2461 3942
2461 8911
2462 3668
2462 4391
2462 8196
2463 7425
2463 3655
2464 4920
2464 7371
2464 9569
2464 9262
2465 2849
2466 7400
2466 7052
2467 6703
2467 6633
2468 2904
2469 9859
2469 5459
2470 7995
2472 7308
2472 8805
2473 6345
2473 9838
2473 9720
2474 5673
2475 7765
2476 5869
2476 7589
2476 8937
2476 6604
2477 5904
2477 3043
2478 4393
2478 5075
2478 3714
2479 8068
2480 4319
2483 8794
2483 3232
2485 4093
2485 9783
2485 5736
2487 8446
2487 7664
2487 5528
2488 3181
2489 4115
2489 5010
2489 6021
2490 9655
2491 8488
2492 8648
2493 4003
2494 7094
2495 3756
2495 9974
2495 2981
2496 6573
2497 4167
2497 6948
2497 5960
2498 6478
2499 4783
2499 8439
2500 5606
2502 6619
2503 9586
2503 6330
2505 9064
2506 4946
2507 8927
2508 7587
2508 9948
2509 9648
2509 6052
2510 5269
2511 4178
2512 9277
2513 6086
2513 3943
2514 7269
2514 8485
2515 3470
2517 3445
2518 5771
2519 7948
2520 3331
2520 9307
2520 9898
2521 5926
2521 3470
2522 4772
2524 4912
2525 3862
2525 5026
2525 6909
2526 4460
2526 8126
2527 5684
2528 3839
2528 2939
2528 8667
2529 6054
2529 6857
2530 8335
2531 7500
2531 7163
2532 6680
2533 7264
2534 6985
2534 9613
2535 4066
2535 3378
2536 8132
2537 7421
2538 3552
2538 6274
2539 3775
2540 8241
2540 8533
2541 6691
2542 5441
2542 5905
2542 9692
2543 4512
2543 3014
2543 3215
2543 8106
2544 6917
2544 4728
2545 3142
2546 8592
2546 9153
2549 3010
2549 3300
2549 8676
2549 6188
2550 9581
2551 8425
2552 3736
2553 7582
2553 8153
2553 6517
2554 7952
2555 3120
2555 7077
2557 4852
2558 3167
2558 7488
2559 6370
2560 7794
2560 5790
2561 2938
2564 6853
2564 6261
2565 5858
2565 3362
2566 5819
2566 9680
2567 9795
2568 7485
2569 6197
2570 2725
2571 9820
2572 5269
2572 3346
2573 5491
2574 6428
2575 3232
2575 4493
2576 6165
2576 7143
2577 9258
2578 5570
2578 8486
2578 4647
2578 4871
2579 3793
2581 8005
2583 6585
2583 7108
2584 7225
2585 6379
2585 4241
2585 8668
2586 8936
2587 4958
2587 3796
2588 9487
2589 8021
2589 2613
2590 2636
2590 6029
2591 5447
2591 9927
2592 4164
2592 8111
2593 4837
2594 6222
2595 6592
2595 3467
2596 6010
2596 3094
2597 4266
2598 8488
2599 9925
2600 7174
2601 2934
2603 3852
2603 6000
2603 7695
2604 7534
2604 5827
2605 4589
2605 5504
2606 6921
2606 8228
2606 7343
2607 9884
2609 5750
2610 3198
2610 6709
2612 7045
2612 7887
2613 4632
2614 8597
2614 7985
2614 4651
2615 3348
2616 9592
2617 6025
2618 3722
2618 3443
2619 4039
2620 5397
2620 3009
2620 6093
2621 3226
2622 7690
2623 3835
2624 9337
2625 2794
2625 8298
2625 5504
2625 7511
2627 9521
2628 9244
2629 3887
2629 5881
2630 8429
2631 5894
2632 3299
2633 8950
2633 7562
2633 7736
2633 7487
2635 3166
2635 5929
2635 6771
2635 9966
2638 5989
2639 9086
2640 2678
2641 6584
2642 6187
2643 2961
2643 9430
2643 5770
2644 3342
2645 3644
2646 5661
2646 3373
2647 3643
2647 9901
2648 8032
2648 8679
2648 8177
2649 8083
2649 4068
2650 9829
2651 6133
2651 7511
2652 5063
2652 4179
2654 5096
2654 5615
2655 4045
2656 5107
2657 8266
2657 9554
2658 3820
2658 9962
2659 4071
2659 6584
2661 8952
2661 6472
2662 7013
2663 5538
2663 5495
2664 4534
2664 4376
2665 3373
2665 7222
2666 6079
2667 4280
2668 5145
2669 9799
2669 4996
2670 4743
2670 3268
2671 6405
2671 4602
2671 4285
2671 3096
2672 4313
2674 4497
2674 7405
2674 3728
2674 7401
2675 6941
2676 7922
2677 3005
2678 8892
2678 2810
2680 5335
2680 8576
2680 7675
2680 4967
2681 3940
2681 5271
2681 8997
2682 3396
2682 4679
2683 9602
2683 8331
2684 3670
2684 6332
2685 5676
2686 4373
2686 4625
2686 8322
2687 6304
2687 7810
2689 5558
2689 5138
2690 7482
2690 3558
2691 9666
2692 9449
2693 4319
2694 7140
2695 7267
2695 7711
2695 4878
2695 4501
2695 9997
2696 6491
2696 6464
2697 3813
2697 5314
2698 8098
2699 5547
2700 9860
2701 6180
2701 4385
2701 6789
2703 6267
2704 9375
2705 5062
2706 9223
2708 9433
2709 8281
2710 2885
2711 6746
2712 3138
2712 6308
2713 9869
2714 7295
2714 5739
2716 8131
2716 8976
2718 4613
2718 5610
2719 7090
2719 3883
2720 9957
2720 5840
2721 6445
2722 7920
2723 7499
2724 9484
2726 5696
2727 3076
2728 5685
2728 8632
2728 5460
2729 3397
2729 3027
2729 2764
2729 7460
2730 8742
2731 5587
2731 4695
2733 3944
2734 9910
2735 6744
2736 8207
2737 8998
2738 4653
2739 3654
2739 3208
2740 8551
2740 7865
2741 4514
2741 9731
2741 4068
2742 5134
2743 8537
2744 5472
2744 8882
2744 6799
2744 8202
2745 8764
2746 7531
2746 3542
2747 7609
2747 8213
2748 5436
2748 4453
2749 5617
2749 5070
2751 3051
2751 8706
2752 8286
2753 6137
2754 6983
2755 8739
2756 3495
2757 5278
2758 9342
2759 9703
2759 5453
2759 9357
2760 9321
2760 9866
2760 5782
2761 5221
2763 3145
2764 7048
2764 6828
2765 6347
2765 3607
2765 4760
2765 7515
2766 4560
2767 9179
2768 4577
2769 9618
2769 6965
2770 4201
2771 9843
2772 6186
2772 9841
2773 4712
2773 5134
2774 9315
2775 9805
2776 9954
2777 3553
2777 6062
2777 8992
2777 5596
2777 9175
2778 3615
2778 5842
2778 9956
2778 7214
2779 5261
2779 4485
2780 3974
2780 4161
2781 9170
2783 4277
2784 6233
2786 8093
2787 7714
2788 6039
2788 2805
2789 6553
2790 4991
2791 6042
2792 6589
2793 3943
2795 6060
2795 8868
2796 3335
2796 4387
2796 3090
2797 6447
2798 5705
2799 9953
2799 8235
2800 5974
2801 6934
2802 7768
2803 8000
2803 9335
2804 6925
2804 6926
2804 5131
2806 2892
2806 9967
2807 3161
2808 5923
2808 3261
2809 6067
2809 4153
2810 5176
2810 9321
2811 4971
2812 8341
2813 9849
2814 3966
2815 3002
2816 4170
2816 3475
2817 5519
2817 3824
2818 8579
2818 4046
2819 3153
2820 6158
2820 9100
2820 7302
2821 5118
2821 7628
2822 7930
2823 8764
2823 4284
2824 5318
2825 8828
2827 4009
2828 5625
2829 7600
2831 6817
2831 4368
2832 5005
2832 3771
2833 7065
2833 5503
2834 7455
2834 6055
2834 8557
2835 7303
2836 5830
2836 5411
2837 8336
2838 6299
2839 9482
2840 9812
2841 3306
2842 4943
2843 6658
2843 7261
2845 9256
2847 3372
2847 8990
2848 3006
2849 6977
2850 9282
2850 8667
2852 3679
2852 4055
2852 4869
2853 8614
2855 7133
2856 4691
2857 4924
2857 5217
2858 8497
2859 5931
2860 5704
2860 8942
2860 5346
2861 6861
2861 9856
2862 3506
2862 4202
2863 4869
2863 5782
2864 4008
2865 9891
2865 4408
2866 8796
2867 5086
2868 9969
2868 7635
2869 3554
2870 7140
2870 9995
2871 3215
2872 5846
2872 9325
2873 4147
2873 5177
2873 6067
2874 7262
2874 3675
2874 2929
2874 6398
2875 4204
2877 3864
2877 5826
2878 8327
2880 4915
2881 4341
2882 4060
2882 9692
2883 6392
2883 5712
2884 8549
2884 3248
2885 7948
2886 8208
2886 7385
2887 4246
2888 5499
2888 8184
2889 3526
2891 9405
2893 5100
2893 5662
2893 8019
2894 3468
2895 7484
2896 7490
2897 4938
2898 4886
2898 3350
2900 5644
2901 4630
2901 5461
2901 3171
2902 6985
2903 8968
2904 4697
2904 5022
2905 5475
2905 9248
2906 9281
2909 8460
2910 6414
2911 9354
2911 9672
2912 7240
2913 8816
2913 6738
2913 9832
2914 3664
2914 3706
2916 5783
2919 7723
2919 4007
2920 6858
2921 7505
2922 4465
2922 7339
2922 6011
2923 4612
2924 8450
2926 7331
2926 9328
2927 4720
2927 7743
2928 4189
2929 6721
2929 4704
2930 6677
2930 8706
2930 9062
2933 9589
2933 7353
2934 9662
2934 9137
2935 8774
2936 7368
2936 8279
2937 5716
2939 7581
2940 8084
2942 9144
2942 5996
2944 7240
2944 5613
2945 4672
2945 9958
2945 4774
2946 8713
2946 3949
2948 5752
2948 3160
2951 9724
2952 3568
2952 4173
2952 9645
2953 3557
2953 6878
2954 3462
2954 9203
2955 7575
2955 7410
2956 6532
2957 4053
2957 3987
2958 4133
2959 3860
2961 4605
2962 5972
2962 3941
2962 7681
2963 6455
2965 5832
2966 5852
2966 6699
2966 4336
2967 4435
2969 9125
2971 8311
2971 8937
2973 5321
2973 7337
2973 7573
2973 6181
2974 8464
2974 5915
2974 4524
2975 2977
2975 8340
2975 5824
2976 6745
2978 5504
2979 8093
2980 5545
2980 5851
2981 4985
2982 8969
2982 6842
2984 5019
2984 6833
2984 4037
2985 7651
2985 9536
2986 8617
2986 8903
2988 6175
2989 6615
2989 9458
2990 3937
2993 8915
2993 8796
2994 9880
2994 7731
2995 6269
2995 6151
2996 6774
2996 5615
2996 5263
2996 4835
2997 8140
2997 9397
2999 8422
3001 8314
3001 6476
3002 3394
3002 7446
3002 9884
3003 6904
3003 4206
3004 3960
3005 6820
3005 8193
3006 6442
3007 6112
3008 8301
3008 5026
3011 3669
3011 8278
3011 8004
3011 7442
3011 4208
3012 4761
3012 5475
3013 3209
3014 5105
3014 3203
3015 6096
3015 6677
3016 3779
3017 5936
3017 9569
3018 4762
3019 5695
3020 8705
3021 6376
3022 9205
3023 4867
3023 7966
3023 5563
3024 3046
3024 6971
3025 5715
3025 8410
3026 5450
3027 4249
3029 5545
3030 9143
3031 9474
3031 6892
3032 5037
3033 8785
3034 6863
3035 5374
3036 7692
3036 8259
3036 3765
3037 6607
3038 7489
3039 7252
3040 7807
3041 4882
3041 4363
3042 7829
3043 9037
3044 9612
3044 5747
3044 7018
3045 7634
3047 4314
3048 5975
3049 6673
3049 8262
3049 6880
3050 6527
3050 9474
3051 6478
3052 9819
3052 5892
3053 8132
3054 4929
3054 8412
3055 6407
3055 9882
3056 5067
3056 3086
3058 3401
3058 9427
3059 6176
3059 4366
3060 3908
3060 8547
3060 3652
3061 5812
3062 6938
3063 5241
3063 9721
3064 6272
3064 8249
3065 5109
3065 4747
3066 8799
3066 4370
3067 8085
3067 4217
3069 3243
3069 8337
3070 7720
3070 6785
3071 8202
3072 5391
3072 4405
3072 5705
3073 3457
3074 6571
3074 7586
3075 9743
3075 5269
3076 3411
3076 7406
3077 9313
3078 9947
3080 6614
3080 3388
3081 7729
3081 7031
3082 9813
3083 5524
3083 9621
3084 4639
3084 7282
3086 4543
3086 5124
3087 8048
3087 8267
3088 3774
3089 8205
3090 8279
3091 6807
3092 6825
3092 9369
3092 4072
3093 6538
3093 9391
3094 5861
3094 6307
3095 5572
3096 5505
3097 8854
3098 8058
3099 4607
3099 5994
3100 6393
3100 9993
3103 5784
3103 3447
3103 4943
3104 7265
3105 4622
3106 8208
3107 9265
3107 5327
3107 9730
3108 3719
3108 9960
3109 5712
3111 7300
3111 3127
3112 9580
3112 4677
3113 9862
3113 7804
3114 5690
3116 9748
3117 7333
3118 9964
3118 8193
3119 5180
3119 8307
3119 8022
3119 4068
3120 4873
3121 4589
3123 3137
3123 3609
3123 7838
3124 5304
3124 9847
3124 6138
3125 6856
3125 3400
3126 9416
3126 6973
3127 6075
3127 8202
3128 7050
3128 4507
3129 5719
3129 4596
3130 4893
3131 9607
3132 9416
3134 6490
3134 8417
3134 9827
3135 5445
3139 5876
3139 9621
3140 8144
3140 6571
3141 8397
3142 4880
3143 4051
3143 9782
3144 7502
3144 8257
3145 5807
3145 4384
3145 7737
3146 7931
3147 8306
3147 6609
3148 8797
3148 3578
3149 4291
3149 4799
3149 4247
3149 9472
3149 7915
3150 6507
3151 8661
3151 7985
3152 3960
3152 9268
3152 5746
3153 4939
3154 9684
3155 4496
3156 5031
3156 7124
3157 3448
3157 6788
3157 4618
3157 7110
3158 5169
3158 3731
3159 6147
3160 4119
3160 9192
3162 4185
3164 9281
3164 7433
3165 3985
3167 4811
3168 4077
3169 3419
3170 5322
3171 4245
3171 8078
3173 8280
3173 6909
3173 3930
3173 9346
3174 6073
3175 7193
3175 8087
3175 4949
3175 9228
3175 5801
3175 7518
3176 4424
3176 5552
3177 3207
3177 5648
3177 5227
3177 7937
3178 5411
3181 9692
3182 7399
3182 4105
3182 3607
3183 8535
3184 3565
3185 6980
3187 3821
3188 9269
3189 7735
3191 5760
3192 5689
3193 6844
3194 4056
3194 8482
3195 7762
3196 9889
3196 5801
3197 5059
3199 5091
3200 7668
3200 6009
3201 7951
3202 4957
3203 7423
3204 5314
3205 4316
3206 5002
3208 7085
3210 6914
3210 4252
3210 5696
3211 5011
3211 9295
3212 7460
3213 8626
3213 8722
3214 9186
3214 5806
3215 6654
3215 3752
3216 8735
3217 6084
3217 5191
3217 9951
3218 5986
3219 8422
3219 4705
3220 3439
3220 8773
3220 4714
3221 3747
3221 4160
3222 8230
3222 3571
3224 7959
3226 4355
3227 8175
3227 8627
3228 4984
3228 9181
3229 3272
3229 8319
3230 3795
3231 6387
3232 4963
3232 9989
3233 3970
3235 3612
3236 9360
3238 5627
3238 8130
3239 4505
3241 5123
3241 9258
3242 8610
3243 5355
3244 5463
3244 7244
3245 5569
3245 7464
3246 8759
3246 9212
3247 4852
3248 5523
3249 4099
3249 3464
3250 4286
3250 8807
3250 8557
3251 5697
3252 5600
3253 7850
3253 5985
3253 3697
3253 3792
3254 8872
3254 5644
3255 3356
3256 7808
3256 9156
3256 6616
3258 7360
3259 8687
3260 5585
3260 5912
3261 4451
3261 6567
3261 7958
3261 7063
3262 5270
3262 4490
3263 5613
3263 9328
3263 9476
3264 7400
3265 5874
3267 3834
3267 5195
3267 7391
3267 3342
3269 5419
3271 9006
3273 8238
3273 4892
3273 9812
3274 6718
3274 8893
3274 8749
3274 5551
3276 3534
3276 7371
3277 8322
3280 6221
3280 7871
3281 6299
3281 9982
3283 9540
3284 3721
3285 4700
3285 3803
3288 6598
3288 5124
3290 4971
3290 5623
3291 9902
3291 7916
3292 6558
3293 5679
3295 8709
3295 9261
3295 5432
3296 3379
3296 7333
3296 8573
3297 5689
3300 4932
3301 4555
3302 9003
3303 7913
3303 3863
3304 8033
3304 8184
3305 6768
3305 6803
3306 4024
3306 7382
3307 8201
3308 5121
3309 4382
3309 4589
3310 9425
3310 4407
3311 4246
3311 7103
3311 4942
3312 4901
3312 6647
3313 3977
3314 4934
3315 5000
3316 9692
3316 5110
3316 9864
3317 8245
3317 3461
3318 8585
3319 6162
3320 4410
3322 3461
3322 8485
3322 5005
3324 3922
3325 4271
3325 7128
3325 7207
3326 5293
3326 8532
3327 5516
3328 6855
3329 3658
3329 9731
3330 9779
3330 4828
3332 3678
3333 3592
3333 4284
3333 5884
3334 6746
3336 4464
3336 5349
3337 5996
3337 4335
3338 4035
3339 7772
3340 9633
3341 5142
3341 7683
3341 7338
3342 9046
3342 4244
3343 5871
3343 9568
3344 4465
3345 3698
3345 8574
3346 3918
3346 8334
3347 3836
3347 5726
3347 6713
3348 5832
3348 8264
3348 5322
3348 3367
3349 7778
3350 4021
3351 8624
3351 7288
3351 4362
3352 8061
3352 5343
3353 9888
3354 5294
3354 9548
3354 6546
3357 9317
3358 3574
3359 8526
3359 5725
3360 9619
3360 8233
3361 5797
3361 8337
3362 9942
3363 6061
3363 6121
3363 6828
3364 6254
3365 3733
3365 6813
3366 6702
3366 9597
3366 9708
3367 7245
3367 8870
3367 5909
3368 9700
3369 7578
3369 8327
3369 3473
3369 7583
3370 7031
3370 7545
3371 3541
3371 5019
3373 5670
3374 8917
3374 4984
3375 3851
3376 4738
3376 7901
3377 8253
3377 7174
3378 4269
3379 8284
3380 4659
3381 8432
3382 6971
3383 7990
3384 5196
3384 5344
3385 5262
3385 8118
3386 8256
3386 4667
3386 5089
3387 5247
3387 8050
3388 3842
3388 6868
3388 9650
3389 7291
3389 9340
3389 6282
3390 3823
3390 7324
3390 6330
3391 6243
3392 5054
3392 6649
3393 6128
3393 8445
3395 9669
3395 6612
3396 8998
3398 7568
3399 8406
3400 9240
3400 8588
3401 5221
3401 9434
3402 3442
3403 7453
3406 4518
3407 8773
3410 4315
3410 5187
3410 4040
3414 8122
3414 8039
3415 3720
3416 6552
3417 8663
3418 5496
3419 7230
3420 8729
3420 6305
3421 6716
3422 4616
3422 8831
3422 7900
3423 4715
3423 7968
3423 3485
3424 6898
3425 5597
3426 4898
3426 8935
3427 5151
3428 3887
3429 7995
3431 3692
3431 5584
3432 6263
3432 6262
3434 9202
3435 6382
3436 7326
3438 6233
3438 8344
3439 5748
3439 8548
3440 4781
3440 9334
3440 4439
3441 4288
3441 9808
3441 5699
3442 9710
3442 4821
3443 8716
3443 7085
3444 7754
3445 7835
3446 5348
3446 7762
3446 9679
3447 5347
3450 8940
3452 4075
3452 5196
3453 6511
3454 7906
3455 6502
3455 7171
3456 7811
3457 6415
3458 5232
3459 3879
3459 6725
3459 4062
3460 8719
3460 8916
3460 6889
3463 6326
3464 5280
3465 7328
3465 8684
3466 6591
3467 3858
3468 5422
3469 6246
3469 7921
3470 6469
3471 8154
3471 6559
3472 9124
3473 4091
3474 5653
3474 9275
3477 7603
3477 7883
3478 4378
3478 7583
3479 9665
3479 8014
3480 3920
3481 9436
3481 9833
3481 4225
3482 3745
3483 9652
3485 4374
3486 5806
3487 7157
3489 5314
3491 8748
3492 8213
3492 3756
3494 6714
3495 9405
3495 3882
3496 9410
3496 9112
3497 4389
3497 6079
3499 8368
3499 4452
3500 9701
3500 9285
3501 4019
3501 3547
3502 4553
3503 4257
3503 4751
3504 5494
3504 7605
3505 7081
3506 6761
3507 8699
3507 9754
3507 7846
3508 4422
3508 9841
3510 6939
3510 9570
3512 4107
3512 7673
3512 4161
3513 6613
3513 8601
3514 9773
3514 3586
3514 4576
3515 5065
3515 8777
3515 9595
3516 5601
3516 5950
3517 7082
3518 8351
3518 6653
3519 8645
3520 9089
3520 9326
3521 7052
3521 5093
3523 8543
3523 7060
3524 5389
3524 9009
3525 9559
3526 7769
3527 6037
3527 8171
3528 6376
3528 6918
3529 4520
3530 8146
3530 9268
3531 7087
3531 9024
3532 4295
3532 7632
3532 3727
3533 4494
3533 5947
3535 6183
3535 7181
3535 9225
3536 4478
3536 8138
3536 7543
3537 4120
3538 7986
3539 9235
3539 5533
3540 9901
3540 5279
3542 6951
3542 9715
3542 9444
3543 3892
3543 7150
3544 6897
3546 4023
3546 8358
3547 5449
3547 9101
3547 6412
3548 4667
3549 7274
3550 5515
3551 3683
3551 5185
3551 4123
3552 5244
3554 8846
3556 6002
3556 4210
3556 9286
3557 8509
3558 5406
3558 4181
3559 3596
3560 9657
3562 4118
3562 7379
3562 4488
3562 7120
3563 8765
3564 4044
3564 9789
3565 4983
3566 7714
3566 7496
3567 7636
3567 7200
3568 9077
3570 6268
3570 4042
3571 4768
3572 6873
3572 9114
3573 4134
3573 3721
3573 8482
3574 7396
3574 6041
3575 6945
3575 3961
3575 8537
3576 6941
3577 4744
3577 6608
3578 6685
3578 5442
3579 8159
3579 8446
3580 6719
3581 8585
3582 3612
3582 5047
3583 5636
3585 7052
3586 9061
3587 7574
3588 7920
3589 5139
3590 4954
3590 5476
3592 8364
3593 4942
3593 9258
3596 9641
3596 9019
3596 8017
3597 5508
3597 5642
3597 6977
3597 7024
3598 9458
3598 9435
3599 9225
3600 8942
3601 5496
3602 4518
3602 6793
3604 7005
3605 7460
3605 4708
3606 9878
3606 3649
3608 3929
3608 6168
3610 8793
3611 7216
3611 7488
3611 9992
3611 9291
3612 4098
3613 4449
3613 5679
3614 9117
3616 9184
3617 5813
3618 3819
3619 6794
3619 7462
3620 6631
3621 4937
3621 8429
3622 4506
3622 4861
3624 6216
3624 3777
3626 9738
3626 8188
3627 8329
3627 5351
3627 7439
3627 4092
3628 6253
3629 5114
3630 5300
3630 7029
3630 9256
3631 4342
3632 4979
3633 9983
3633 7122
3634 7677
3634 6072
3635 6491
3636 4742
3636 4394
3637 4264
3637 9095
3637 5216
3638 4739
3639 9750
3640 4870
3644 5175
3645 7922
3645 4673
3646 5301
3646 7848
3647 6801
3647 6448
3648 7383
3649 9019
3650 5383
3650 4249
3652 7622
3652 4645
3653 8748
3654 3962
3654 4221
3654 3750
3655 4454
3655 7773
3655 5954
3657 9188
3659 6519
3659 9376
3660 8909
3660 4642
3661 6253
3662 6093
3663 7540
3665 6288
3665 6163
3666 7647
3666 3775
3667 5912
3668 6852
3671 3881
3671 9043
3672 8871
3672 4280
3672 5088
3673 5482
3673 8628
3674 4805
3674 3741
3675 8666
3676 9052
3677 6277
3677 7313
3678 5285
3680 3801
3681 8033
3684 8629
3685 8855
3686 9229
3687 7355
3688 9395
3689 7899
3690 4732
3690 8843
3691 5610
3691 5402
3693 9649
3694 4810
3695 4350
3697 7194
3697 6486
3699 6655
3700 4269
3700 5657
3700 8686
3701 5958
3702 3865
3702 3725
3703 4115
3704 5804
3706 9146
3707 6647
3709 7115
3710 3888
3710 5420
3710 4178
3711 9914
3711 7486
3713 8132
3714 9445
3715 4943
3715 6795
3716 4646
3716 5053
3716 8935
3717 4457
3718 8381
3719 8812
3721 8328
3721 4453
3724 4348
3725 4365
3725 3926
3726 8635
3726 8214
3727 6073
3727 8517
3727 4195
3728 6735
3728 7528
3729 6177
3730 5570
3731 6694
3732 8787
3733 7122
3734 6188
3734 4419
3735 6093
3735 9953
3736 7823
3737 6644
3737 5754
3738 5816
3738 4716
3739 7458
3740 7570
3741 5345
3741 6173
3741 8120
3741 8594
3742 4193
3743 7768
3744 8312
3745 4503
3745 4203
3746 6265
3747 6452
3747 8047
3748 6778
3748 6291
3751 4146
3752 8538
3752 9555
3752 6943
3753 6162
3753 9123
3754 6637
3755 9285
3757 3932
3757 9050
3759 7297
3759 6420
3761 9150
3761 5188
3762 6762
3763 4206
3763 8324
3764 6168
3765 9166
3765 6137
3766 7755
3766 9340
3767 8814
3767 7433
3768 7681
3769 8503
3769 8679
3770 6849
3771 7623
3772 4692
3772 5042
3772 3798
3773 5045
3774 4528
3774 4996
3775 9811
3776 4015
3776 7830
3777 4412
3777 8882
3779 7206
3779 7635
3779 3868
3780 9678
3781 4559
3781 7771
3782 4809
3782 9305
3783 6079
3785 7928
3787 9524
3787 4899
3788 8583
3788 4809
3789 4191
3790 9078
3792 3976
3793 6611
3793 8028
3794 5338
3795 6659
3796 4358
3796 8101
3796 7831
3798 6676
3799 9518
3799 7845
3800 6045
3800 6734
3801 5192
3801 5789
3802 7251
3804 8520
3805 4990
3805 9533
3805 9718
3805 4205
3807 7652
3808 7997
3808 7797
3809 4808
3809 9526
3810 6495
3811 8928
3812 8549
3813 5219
3814 9831
3814 4851
3814 8389
3815 9561
3815 5644
3817 6139
3818 4234
3821 4047
3822 3856
3822 4855
3825 6058
3825 5875
3826 4165
3827 9054
3829 9460
3829 4334
3830 7907
3830 6855
3830 5919
3831 6561
3831 9333
3832 9998
3832 6468
3835 6017
3835 9822
3835 6512
3837 9432
3837 8379
3838 5873
3838 6760
3839 6946
3840 7645
3840 7300
3841 8295
3843 8955
3843 4977
3844 3954
3844 7349
3845 5712
3846 9587
3847 9030
3848 8184
3848 4792
3850 8219
3854 9422
3855 7839
3856 8156
3857 9353
3857 5492
3858 9108
3859 4064
3859 8803
3860 4340
3861 5961
3861 6684
3861 6600
3863 8451
3863 7591
3864 5567
3866 8456
3867 4198
3869 7919
3869 8479
3869 6802
3869 6712
3870 7617
3870 5513
3871 5723
3872 6760
3872 8538
3873 5797
3874 5950
3875 4960
3875 6541
3875 7982
3875 8261
3876 5450
3876 9666
3877 9224
3877 4819
3878 5384
3878 6661
3878 4992
3878 9788
3879 6211
3880 5278
3881 8609
3882 5513
3883 6194
3884 8677
3884 6745
3885 6806
3885 5365
3885 8089
3886 6459
3888 7430
3889 7422
3890 6419
3891 7404
3893 5339
3894 4220
3894 9440
3895 6506
3897 7363
3898 5338
3899 8676
3900 4077
3901 8461
3901 6927
3902 6441
3903 5055
3903 8061
3904 8743
3905 4063
3905 4832
3906 6755
3908 5510
3909 3971
3909 9232
3911 9241
3912 7158
3913 4422
3914 5667
3914 9255
3915 7351
3916 9556
3916 9758
3916 7875
3918 7381
3919 6927
3920 4516
3921 4360
3921 9244
3921 6944
3922 7083
3924 9536
3925 7084
3926 8222
3926 8554
3927 4260
3927 9951
3928 8525
3929 9775
3930 9385
3931 7821
3934 4920
3935 7410
3936 5891
3937 7001
3941 7684
3945 5017
3945 9441
3946 8733
3948 4243
3949 6555
3951 5891
3952 7663
3955 7792
3956 7404
3956 8291
3956 8302
3956 9729
3956 8082
3957 9659
3958 6130
3958 6025
3958 4164
3959 5201
3959 8254
3959 5612
3959 4964
3963 5287
3963 7016
3963 8948
3963 4057
3964 4753
3964 7444
3965 5800
3967 8261
3967 6581
3968 7173
3969 6262
3970 5141
3971 7629
3971 9433
3973 7716
3975 4819
3978 4039
3979 9210
3981 5516
3981 5957
3981 9262
3982 9517
3983 6474
3983 6636
3983 8009
3983 5945
3984 4585
3984 7497
3985 8921
3986 8220
3986 4522
3987 4910
3988 8273
3989 7916
3990 4858
3991 5193
3992 5465
3994 4343
3994 7355
3996 4340
3997 6864
3998 7271
3999 7659
4000 7852
4000 7500
4001 9702
4002 6594
4003 7457
4003 6521
4004 7546
4005 8043
4005 4677
4006 5272
4007 7860
4007 6998
4008 7272
4008 4345
4010 9540
4011 9699
4012 5032
4012 4653
4013 5532
4014 9073
4014 7614
4016 9347
4017 5613
4020 5955
4020 7677
4021 9091
4021 6143
4022 9423
4024 5838
4024 6355
4025 4773
4025 7696
4026 4652
4027 7880
4028 9583
4030 6428
4030 7962
4031 6076
4033 4368
4034 7135
4034 4863
4034 8585
4035 5813
4036 7196
4037 4225
4038 6322
4038 4619
4040 8211
4041 4504
4043 6115
4043 6281
4046 6806
4047 8287
4048 4559
4049 6757
4051 5467
4051 7890
4052 5578
4052 6937
4054 4871
4057 8049
4058 7909
4059 7815
4061 5183
4061 4708
4061 8381
4062 5460
4065 9303
4065 4609
4069 4398
4069 8443
4070 7282
4071 5428
4071 6369
4072 8525
4072 8504
4073 9179
4073 6601
4076 4231
4077 8418
4078 9861
4079 7820
4079 6655
4079 7884
4080 7407
4082 9088
4083 5130
4084 8385
4084 6596
4085 5139
4085 5279
4085 8145
4086 6697
4087 6214
4089 6697
4090 8240
4091 9189
4091 6157
4092 7364
4092 8210
4094 6161
4096 4975
4096 7649
4096 7290
4096 4410
4097 9553
4097 9837
4097 4725
4100 6406
4101 7267
4102 7142
4102 9740
4102 6039
4103 9810
4104 6381
4104 8179
4105 5349
4105 8133
4108 6329
4108 5320
4109 9015
4110 6998
4111 5676
4111 6227
4111 5384
4112 7686
4112 8598
4113 6147
4113 6878
4114 7765
4116 8493
4116 5779
4117 6881
4117 8269
4120 6016
4121 5035
4122 6374
4123 7744
4124 9415
4125 8891
4125 9342
4126 6292
4127 7641
4128 8812
4129 9208
4130 6223
4131 5339
4132 7010
4132 8700
4132 5130
4136 5026
4137 6325
4138 6477
4138 6681
4138 7938
4140 6617
4140 8442
4141 6015
4141 9688
4141 7785
4142 9984
4142 7626
4143 6103
4143 6812
4144 9494
4145 8445
4145 6829
4146 8938
4148 9945
4148 4679
4149 7212
4149 6452
4150 4695
4151 7685
4152 4763
4154 9480
4155 5495
4155 4198
4156 5110
4158 9062
4159 7166
4160 7498
4161 5115
4161 5018
4163 6535
4163 4707
4164 4778
4164 5113
4166 4546
4167 4752
4169 5350
4169 9793
4169 7959
4169 6962
4170 6106
4170 8552
4171 7638
4172 6805
4173 7191
4175 7689
4175 8359
4176 7959
4177 8477
4178 8477
4178 4667
4179 9442
4180 9096
4180 7334
4181 5454
4181 9500
4182 5261
4183 5377
4184 6269
4185 8981
4185 9072
4186 8833
4187 6240
4187 9345
4187 7916
4188 9880
4190 8529
4191 6445
4192 8044
4192 9399
4192 5941
4194 9447
4195 6464
4196 8343
4196 7623
4196 9680
4197 8152
4197 9673
4198 5107
4198 8826
4200 5544
4201 7963
4201 6318
4202 5466
4202 7198
4203 6032
4204 5879
4207 5151
4207 8405
4208 8594
4209 8850
4210 4542
4211 5650
4211 8599
4212 5557
4212 9689
4212 5215
4213 9382
4213 9501
4214 8105
4214 8945
4214 8592
4215 7558
4216 4749
4216 7331
4218 7586
4218 5754
4219 7002
4223 5190
4223 6554
4223 8852
4224 5647
4224 4900
4224 4590
4225 5087
4226 6440
4227 6776
4227 7156
4228 6438
4228 5536
4229 8165
4230 8522
4231 9786
4231 6762
4231 6896
4232 9193
4232 7247
4233 6350
4233 6994
4233 9815
4234 8325
4235 9597
4237 6154
4237 7001
4237 7130
4238 7519
4239 7812
4240 8706
4241 5023
4242 5710
4242 9190
4242 6138
4244 6905
4244 5787
4247 7367
4248 9645
4249 6911
4250 6796
4251 9938
4251 9828
4252 6363
4253 6595
4254 5628
4255 8719
4256 7369
4259 5769
4259 4839
4261 9358
4261 8248
4264 7284
4265 8281
4266 7678
4267 5326
4267 9465
4268 9047
4268 6076
4268 7698
4270 5618
4270 4289
4270 9601
4272 8514
4273 6513
4274 6687
4275 5179
4277 8151
4277 8832
4278 4293
4279 5215
4279 7765
4279 4699
4281 5071
4282 5567
4283 4287
4285 6552
4285 9674
4289 8126
4290 7044
4292 9447
4292 6949
4292 9380
4293 6318
4293 8411
4296 5569
4297 9759
4298 8828
4298 4683
4299 5660
4300 9728
4301 7561
4301 6799
4302 7864
4304 6047
4305 8067
4305 6022
4306 7183
4307 5204
4308 9849
4309 7653
4311 4334
4313 6686
4317 9782
4320 4774
4321 5665
4322 5929
4323 5880
4324 9225
4325 7089
4326 8280
4327 9070
4328 6854
4328 8705
4329 7320
4330 6366
4330 6851
4331 5296
4331 4380
4332 6393
4333 7075
4334 7562
4335 9796
4336 9443
4337 9479
4338 9674
4339 6118
4339 5263
4340 7306
4341 6426
4341 9761
4341 5471
4343 8781
4344 7065
4346 5924
4346 5046
4347 9767
4349 7060
4350 9405
4351 6883
4351 8371
4353 6748
4354 8267
4354 5092
4355 7822
4355 9955
4357 5529
4357 6082
4358 8414
4361 5342
4362 5701
4363 6219
4364 6790
4364 4978
4364 8910
4366 7977
4368 6238
4368 9643
4368 9894
4368 9040
4369 8588
4370 7248
4370 9445
4371 5120
4372 8884
4374 9093
4378 5742
4380 5135
4381 9378
4381 6199
4383 4573
4384 7592
4384 8094
4385 4964
4388 6528
4388 8450
4388 8708
4388 9679
4389 7559
4391 9036
4391 7433
4394 7202
4396 5051
4397 5834
4398 5912
4399 5080
4399 8250
4401 8170
4403 4503
4404 5302
4404 6466
4405 5492
4406 9605
4406 6817
4407 5357
4407 7795
4407 5917
4408 8682
4409 8434
4411 5195
4413 5093
4413 8769
4413 9408
4414 8843
4415 8900
4416 9145
4416 4801
4416 6932
4417 4691
4417 6593
4418 5341
4420 6718
4421 7944
4421 5937
4422 9572
4422 9764
4423 6378
4426 5561
4427 7234
4428 7544
4429 8065
4429 8954
4429 9938
4430 8064
4430 9330
4431 8867
4431 8041
4432 5130
4432 9291
4433 7576
4434 7764
4434 7324
4435 9242
4435 5033
4439 5854
4439 5000
4440 8299
4440 7628
4441 8850
4442 9560
4442 5276
4443 8595
4445 5735
4446 5478
4447 9607
4448 5165
4449 8782
4449 7263
4450 6630
4452 8763
4453 6831
4453 9314
4456 7199
4457 4601
4457 8832
4458 8217
4459 6894
4459 7482
4460 8928
4461 9389
4461 5314
4461 9611
4462 6884
4462 9054
4462 6127
4463 7518
4464 5403
4465 5407
4467 9858
4468 5673
4468 9886
4469 4961
4470 5859
4470 5964
4470 5852
4471 8053
4472 4741
4473 7270
4473 7273
4473 4651
4474 6391
4474 7554
4475 5057
4475 9690
4476 8667
4477 9143
4477 7676
4479 9195
4480 4581
4480 5679
4481 6498
4482 9620
4482 4835
4483 6113
4484 7785
4485 8395
4488 8880
4490 6943
4492 9281
4493 4509
4493 8239
4494 9678
4498 5229
4500 4829
4501 5851
4502 5124
4503 6167
4503 7770
4504 6023
4505 7696
4505 8767
4507 7358
4508 8793
4509 9575
4510 4814
4510 5576
4510 6795
4511 4577
4511 7883
4513 5223
4515 6580
4515 7831
4516 5368
4516 8658
4517 8875
4519 5616
4520 8294
4520 5537
4521 5766
4522 5828
4522 7595
4522 9969
4523 6321
4523 6811
4523 6627
4525 5079
4526 5659
4527 8856
4528 8243
4530 6142
4531 6688
4532 7878
4532 4552
4533 6152
4533 9844
4533 5457
4537 4660
4540 8215
4541 8511
4543 7055
4544 5778
4546 6316
4546 9820
4546 9318
4547 8267
4548 8451
4549 7475
4549 5341
4550 9253
4550 9788
4551 6416
4552 5568
4553 8498
4554 5316
4554 8977
4555 9670
4557 8782
4558 6362
4560 8724
4561 6559
4562 6206
4563 5995
4563 6136
4565 9125
4565 8518
4566 8924
4567 9437
4567 9037
4569 9709
4570 6348
4570 7011
4570 8226
4571 7136
4571 7845
4571 6391
4572 7467
4574 7467
4575 6828
4576 7624
4578 6189
4578 8995
4579 6096
4580 9594
4580 4863
4582 8861
4582 9454
4583 5245
4583 8146
4584 6772
4584 5451
4586 5648
4587 8349
4587 8722
4587 9629
4588 8178
4588 8089
4589 9181
4590 7014
4591 9762
4591 8075
4591 6741
4591 7820
4594 7925
4595 9416
4596 5330
4596 9941
4596 8982
4598 7567
4598 5109
4599 5692
4599 5939
4600 9263
4601 5264
4602 5998
4603 6048
4603 9248
4605 4718
4606 6261
4606 8151
4608 6687
4610 8290
4611 6081
4612 5918
4612 5568
4613 5599
4614 7594
4614 7941
4614 9412
4615 7717
4616 5101
4616 8660
4617 8560
4619 7700
4619 6997
4620 7597
4621 5550
4622 9630
4622 8234
4623 8250
4623 8793
4624 7003
4625 9694
4626 7487
4626 9451
4627 9473
4628 8571
4628 6295
4629 9642
4629 9338
4631 8694
4631 9611
4632 6009
4633 7761
4633 9959
4634 9760
4635 7359
4637 4845
4637 5572
4637 6850
4638 9133
4638 9313
4640 5835
4642 8067
4643 6266
4644 9697
4644 9276
4645 5527
4645 5128
4647 5015
4648 8978
4648 6608
4648 5420
4649 5063
4651 8728
4651 7127
4651 5043
4652 6907
4653 9633
4653 9658
4653 6973
4653 8857
4654 9886
4654 9610
4655 8956
4658 8858
4658 9557
4661 8986
4662 6877
4663 4739
4664 9198
4665 8023
4666 5027
4666 9890
4669 5154
4671 9291
4671 9200
4672 9343
4673 5313
4674 7382
4675 7637
4676 9859
4677 9511
4678 9726
4678 6817
4679 6155
4680 6451
4682 5881
4682 6417
4684 9419
4685 4926
4685 5400
4685 9672
4685 8102
4686 8602
4687 6707
4688 4943
4689 8135
4690 4852
4690 5982
4691 5490
4693 5305
4693 6890
4694 7125
4694 6532
4695 6312
4696 9375
4698 7083
4699 6291
4701 7690
4702 8989
4702 5797
4704 6098
4705 6319
4706 6935
4706 7650
4707 5586
4708 9583
4708 4996
4708 6865
4709 8530
4710 5336
4710 7337
4711 9469
4712 7767
4713 9488
4714 9881
4716 9684
4717 9024
4718 8507
4719 6171
4719 9356
4720 8868
4721 7256
4722 4979
4723 8240
4724 5344
4724 5261
4725 7730
4725 9009
4725 5458
4726 7925
4726 9961
4726 9385
4727 7046
4728 6087
4729 9590
4731 5840
4732 7840
4733 7630
4734 9359
4735 5518
4735 6112
4735 9500
4737 6729
4737 8023
4738 7021
4739 5751
4739 8348
4740 8449
4740 8146
4741 8958
4741 5455
4742 6844
4744 5582
4744 6930
4745 4812
4746 9582
4748 8183
4748 8411
4749 7070
4750 9274
4750 7072
4751 6645
4754 7828
4754 9024
4755 7803
4757 7205
4757 5293
4758 8643
4760 5831
4763 5903
4765 5039
4766 6445
4767 9077
4769 6014
4769 5258
4769 5525
4769 7681
4770 6196
4770 6577
4771 5477
4771 9206
4771 8556
4772 8889
4773 8070
4775 4834
4776 8272
4777 8350
4779 8855
4780 7182
4780 8035
4780 6219
4783 5539
4784 7278
4785 7056
4785 9865
4786 8554
4786 5487
4787 9017
4791 7139
4791 7733
4791 5227
4792 5518
4795 5429
4797 5489
4798 8212
4798 6997
4801 5795
4802 7759
4803 9959
4803 5361
4804 7019
4806 9505
4806 6910
4807 7226
4808 9759
4810 7829
4810 9180
4811 6398
4812 9045
4814 5724
4816 8609
4817 6551
4820 4947
4821 4874
4822 9878
4823 7597
4825 9778
4826 7644
4827 9520
4827 6008
4828 6747
4829 9567
4830 9617
4830 9573
4831 5966
4831 9359
4833 8721
4833 6801
4837 6534
4837 6215
4838 5205
4840 8088
4840 5067
4842 6007
4842 6501
4843 8196
4844 9828
4844 5919
4846 7758
4846 5474
4847 6915
4847 6771
4848 8712
4848 8729
4849 6346
4849 6508
4849 5347
4853 5505
4854 7496
4855 5148
4856 9161
4856 5720
4857 7972
4857 5668
4859 9219
4859 6692
4860 8441
4860 7259
4860 9397
4861 8195
4861 9330
4862 9267
4862 7417
4865 5122
4865 8497
4865 7236
4870 7939
4871 8881
4871 7154
4872 8130
4872 4914
4873 7276
4873 9737
4874 7260
4874 7453
4874 6888
4875 5301
4876 5711
4878 8384
4881 5449
4884 6427
4886 6178
4886 6783
4888 7592
4890 9614
4892 6893
4892 7443
4893 5626
4893 7706
4893 7647
4894 5927
4894 8072
4894 5458
4895 7479
4895 6358
4896 9524
4897 5427
4899 8692
4899 9484
4899 5398
4900 8843
4901 5581
4902 8545
4904 6879
4904 8524
4907 6714
4907 7979
4908 5225
4909 5040
4910 8107
4910 8562
4911 7044
4911 5820
4912 6076
4913 7899
4913 5143
4915 9339
4916 6123
4916 9403
4917 6196
4918 5565
4921 7594
4922 9771
4923 8565
4923 7935
4928 7717
4930 9947
4931 8193
4933 6539
4934 9209
4935 9442
4936 8823
4936 9984
4938 9104
4938 5050
4943 7469
4946 9151
4948 5432
4948 9514
4949 5877
4950 5848
4950 7983
4951 6201
4953 8727
4953 9909
4957 9492
4959 4985
4960 6497
4961 6413
4961 9492
4961 5851
4963 7529
4964 6082
4965 7749
4966 7662
4967 5251
4967 7949
4969 7891
4969 5051
4970 7332
4970 6387
4973 6796
4973 9934
4974 6592
4977 7515
4977 7370
4978 9212
4980 5354
4981 7257
4981 8656
4982 8594
4983 5292
4984 9069
4985 8224
4986 8199
4986 9617
4987 8426
4988 9214
4988 6053
4989 8957
4989 7648
4989 5871
4991 6499
4992 7184
4993 5140
4993 5943
4993 5163
4993 9435
4994 6401
4996 6223
4996 7318
4997 9000
4998 8188
4999 7624
5000 5998
5001 7221
5001 7560
5002 6665
5002 9312
5003 8047
5004 5956
5005 8177
5006 8293
5008 5965
5009 5179
5011 8322
5012 7635
5013 7951
5013 6779
5014 9315
5014 8934
5015 9087
5016 5275
5018 8413
5018 7384
5018 5814
5018 5708
5020 7610
5020 8565
5021 8258
5023 7317
5025 9717
5027 5948
5028 9534
5028 5541
5029 8820
5030 6204
5032 7034
5032 7509
5033 9994
5034 7313
5034 9665
5035 5694
5036 9593
5036 6747
5036 8743
5037 6070
5038 8404
5039 9468
5039 9950
5039 9349
5040 9304
5040 6887
5041 6675
5043 9338
5043 7354
5044 5418
5045 8371
5045 5370
5046 7595
5047 6217
5048 6641
5048 9177
5049 8592
5050 8995
5052 7883
5055 7863
5056 9185
5056 9660
5058 9484
5060 5978
5061 9414
5061 9142
5061 8850
5062 5288
5062 6233
5063 7713
5064 5467
5066 7738
5068 9000
5069 5155
5069 9111
5070 6223
5073 9293
5073 8894
5075 9381
5076 6559
5077 9307
5078 6507
5081 8394
5082 9686
5083 5593
5084 5708
5085 7549
5085 5878
5086 7168
5087 5290
5088 9236
5090 8707
5091 5116
5094 8234
5094 6049
5097 5933
5097 7769
5098 6601
5099 5600
5099 7684
5102 7763
5102 5946
5103 9121
5104 7718
5104 6577
5108 7810
5108 9256
5110 8720
5111 7866
5113 5257
5116 8754
5117 6101
5118 5693
5118 7492
5119 5437
5120 7768
5121 7239
5124 9033
5124 8477
5125 5377
5126 6279
5127 7976
5127 7088
5128 8062
5128 7415
5131 9005
5131 7298
5132 6975
5133 7037
5136 9971
5137 9160
5138 8714
5138 6580
5139 5765
5139 5579
5140 5722
5141 9746
5141 5181
5141 8206
5143 5526
5143 7927
5145 6247
5145 6325
5146 9598
5146 5907
5147 6547
5148 8049
5149 5699
5149 5243
5150 9361
5151 7311
5152 7381
5156 9469
5157 7695
5158 7873
5159 5481
5160 6134
5161 8059
5161 5725
5161 7888
5162 7121
5162 7536
5162 5276
5162 6010
5163 7120
5164 6200
5165 7550
5166 8471
5167 5944
5168 7463
5169 8835
5170 9210
5171 6404
5172 5586
5174 5357
5175 7709
5178 8354
5178 8469
5182 5443
5182 5379
5184 6972
5188 7705
5188 9802
5188 5444
5189 6089
5193 5238
5193 8113
5196 5767
5196 7695
5196 6932
5197 5373
5197 6848
5197 7700
5198 5759
5199 8229
5200 7855
5202 5963
5203 9453
5204 7153
5205 9611
5206 6199
5206 9004
5207 5892
5208 8018
5209 8330
5209 9699
5210 7144
5211 7993
5212 9158
5213 7571
5215 7798
5215 9003
5216 9042
5216 8625
5217 6493
5218 7771
5219 7154
5219 9040
5220 6919
5224 8901
5225 8115
5228 8088
5229 7856
5230 9029
5231 7843
5231 9115
5231 9032
5231 5404
5231 8205
5233 9441
5234 6550
5235 7859
5235 5932
5236 7464
5236 7038
5239 8477
5240 8719
5241 7239
5242 5896
5243 6671
5244 5907
5246 8996
5248 7474
5248 9691
5248 6204
5250 8250
5254 6918
5255 6533
5256 7272
5257 8252
5257 9851
5258 8581
5259 6188
5265 8579
5266 6655
5267 9517
5268 8370
5268 7707
5270 9099
5272 8218
5273 9946
5274 9753
5275 8987
5276 5517
5276 8670
5277 7171
5277 8849
5279 7644
5280 8774
5282 9968
5283 7346
5285 7924
5286 7445
5286 7410
5286 6985
5289 9320
5291 6294
5292 7874
5295 7823
5296 9137
5297 7932
5297 8191
5297 8325
5298 5900
5298 7169
5298 6539
5298 6425
5299 7875
5301 7310
5303 8190
5303 7867
5304 8393
5305 5778
5305 6872
5306 9923
5306 5960
5307 7876
5308 6901
5310 5772
5312 9376
5313 9575
5315 6020
5318 8655
5319 7696
5322 8481
5323 6275
5325 5637
5325 7518
5325 9073
5326 7593
5327 9608
5329 9130
5331 6628
5332 9039
5333 7935
5333 8732
5334 8662
5334 7359
5337 5909
5338 9878
5339 9114
5340 9101
5342 7519
5342 5909
5343 6361
5343 9809
5343 8894
5344 6475
5346 7112
5349 6812
5352 9881
5353 5399
5358 7408
5359 6384
5359 6375
5360 5797
5361 6986
5362 6319
5364 7017
5364 7747
5364 8373
5364 8796
5366 7413
5366 7927
5367 5970
5367 9997
5369 5846
5370 9020
5371 8596
5372 7204
5375 5543
5376 7336
5378 9016
5378 9987
5380 7672
5381 7198
5382 6904
5383 5931
5383 9366
5384 8607
5385 6097
5387 9449
5387 8712
5388 5675
5388 6641
5390 7008
5390 7253
5390 6156
5391 7179
5392 9020
5392 9275
5393 7383
5395 8431
5396 9761
5398 5413
5400 7827
5401 7739
5402 9369
5404 6271
5405 6981
5406 8832
5408 9122
5408 7591
5410 7929
5412 8219
5412 9419
5416 8291
5417 8783
5419 8812
5421 7426
5421 9574
5422 5988
5422 8313
5422 8465
5423 8877
5424 7571
5426 7855
5427 6877
5429 9794
5430 7223
5431 9562
5433 7315
5433 5896
5434 8132
5434 9486
5434 7089
5435 9591
5436 7366
5437 7703
5437 5473
5438 7640
5438 8870
5439 7447
5439 6024
5442 8325
5443 6032
5444 6997
5444 6013
5448 6136
5448 6009
5451 5553
5452 5455
5454 9664
5457 8715
5458 8247
5460 6519
5462 7630
5464 9131
5465 6517
5467 6190
5469 9654
5470 8973
5473 8230
5476 9468
5479 9988
5480 9836
5482 6402
5483 8726
5484 8060
5485 7047
5485 7264
5485 8535
5486 9763
5486 7852
5488 8102
5489 5728
5491 6663
5491 6343
5493 7826
5496 7294
5497 7381
5500 8751
5500 7971
5502 7817
5502 9686
5503 9253
5504 6207
5506 9529
5506 9880
5507 8312
5509 8599
5509 5837
5514 6949
5515 7532
5515 9461
5517 7042
5518 7659
5519 5969
5521 8503
5522 7308
5523 6241
5523 6723
5525 5992
5528 6034
5528 7355
5529 5564
5529 9817
5530 9002
5531 9449
5534 8003
5534 8539
5535 8539
5535 7680
5535 8744
5538 7655
5539 7501
5540 7613
5542 7027
5542 5947
5544 9251
5545 6542
5546 9904
5549 5937
5550 7342
5551 9936
5553 6100
5554 9073
5557 6511
5559 8776
5559 6159
5559 9289
5560 6382
5562 7079
5562 5886
5562 9473
5563 8301
5565 6268
5566 8200
5569 7197
5571 7776
5573 5666
5574 5945
5575 5875
5575 6954
5576 6432
5580 9500
5583 7588
5584 9193
5585 6314
5586 8024
5588 9294
5589 5808
5589 9252
5590 9564
5590 9906
5591 9073
5592 8073
5594 8257
5595 8921
5596 7784
5597 5603
5598 6605
5602 8185
5603 9903
5603 9384
5604 6458
5604 9330
5604 8989
5605 8347
5607 6437
5607 7777
5609 6383
5609 7849
5610 6732
5611 7933
5612 6131
5615 7565
5620 7069
5620 7335
5621 9251
5622 5920
5622 9355
5623 6588
5624 6020
5624 7489
5625 6255
5627 8036
5629 8176
5630 6120
5630 8019
5631 9143
5632 7420
5632 8198
5633 8498
5633 9177
5634 8115
5634 9570
5634 6094
5635 8520
5636 7231
5638 8276
5638 7038
5638 7250
5639 7688
5639 8166
5639 6892
5640 6959
5641 8462
5641 9721
5643 5908
5643 9530
5646 8864
5649 9937
5650 7660
5650 7953
5651 8249
5652 9853
5654 8754
5655 9109
5656 6370
5657 7329
5658 5759
5659 6995
5660 8233
5662 8718
5665 8469
5666 8342
5666 7020
5668 8512
5669 9722
5671 9949
5671 8850
5671 7908
5672 6968
5672 8788
5674 6809
5678 7358
5678 9815
5679 9858
5679 9151
5683 5991
5683 9210
5685 8483
5686 6217
5686 5723
5687 6042
5688 8617
5689 8448
5694 6449
5695 8642
5696 9213
5696 6202
5696 7486
5697 9641
5698 8017
5699 6720
5699 8808
5700 7188
5701 5863
5702 5916
5702 6184
5703 8926
5705 9638
5705 6664
5706 8670
5707 8746
5707 9888
5708 7105
5709 6698
5711 8346
5712 7255
5713 9663
5713 9597
5714 9920
5716 8427
5717 6937
5718 8762
5720 8593
5721 8069
5723 6933
5727 8491
5730 8215
5731 6741
5732 9988
5734 8378
5734 8586
5734 9250
5735 8536
5735 9911
5735 7883
5736 6711
5737 6040
5737 7798
5739 7670
5739 7164
5739 6285
5740 6249
5741 8972
5745 8705
5746 6224
5749 7587
5750 7891
5753 6504
5754 9517
5754 6101
5757 6498
5759 8463
5760 9971
5761 8310
5762 9584
5762 9428
5763 6016
5764 8269
5764 6112
5766 8320
5768 8962
5768 8400
5770 7990
5770 6840
5772 7197
5773 9522
5774 8974
5775 6572
5775 8207
5775 6213
5776 7384
5779 9463
5779 9477
5779 6341
5782 6941
5782 7996
5785 9070
5785 7086
5786 6683
5787 9256
5788 9365
5789 8269
5790 9874
5791 8543
5792 5866
5795 8653
5796 6180
5798 8970
5798 6613
5799 7227
5799 9808
5800 8585
5802 9300
5805 6537
5809 8118
5811 7580
5812 8422
5813 9996
5814 6449
5815 9126
5818 9876
5819 7904
5820 9940
5820 8387
5821 8519
5821 7134
5822 6618
5822 9835
5823 5825
5823 9593
5824 9412
5827 7218
5827 9186
5829 8277
5829 9450
5829 7625
5831 8587
5833 6756
5834 7099
5835 8602
5835 6889
5836 6128
5839 6976
5839 9757
5839 8173
5841 6686
5841 6137
5841 8777
5842 7601
5843 7093
5843 9197
5844 8299
5845 6755
5846 8659
5847 8886
5849 7233
5850 7657
5850 7800
5855 9976
5855 8333
5856 9541
5857 7000
5858 8173
5860 9924
5860 8803
5863 8834
5863 8114
5864 6392
5865 6934
5873 8283
5877 8723
5878 6430
5880 7261
5883 7643
5885 7674
5886 7402
5886 8391
5887 7910
5888 7955
5888 6816
5889 9688
5890 6141
5890 5930
5890 9931
5890 8425
5891 9128
5892 7812
5893 9296
5894 7818
5897 7067
5897 7176
5898 6343
5905 8077
5907 7715
5908 7653
5909 9516
5910 6468
5911 6114
5913 6596
5914 6562
5914 6872
5915 9431
5917 5959
5919 8757
5919 7180
5919 8986
5921 6371
5922 8367
5925 8646
5927 6882
5928 8100
5928 7858
5930 6295
5932 6713
5932 9656
5932 6758
5934 7469
5935 7615
5938 8680
5938 6252
5941 8702
5941 6107
5942 9297
5942 7454
5945 9839
5946 9916
5946 6728
5950 7406
5951 9097
5952 6917
5954 6525
5954 7208
5957 6672
5958 7682
5960 9373
5960 8899
5961 9406
5962 8411
5963 7511
5963 6738
5965 6293
5971 6550
5973 9807
5973 8869
5975 8226
5975 7605
5976 7081
5977 6498
5978 6405
5979 6753
5979 8779
5980 7905
5982 7063
5983 7810
5984 8598
5985 9111
5987 6302
5987 7877
5987 8100
5989 6414
5989 9224
5990 7244
5990 8465
5991 6763
5993 7610
5997 6897
5997 8946
5997 7464
5998 9454
5999 8280
6004 9169
6005 8523
6005 7969
6005 6573
6006 8465
6008 7934
6011 7030
6013 6166
6013 6056
6016 6132
6017 8345
6019 6200
6021 9141
6023 8701
6024 6396
6024 9493
6024 7837
6026 9133
6028 8837
6030 9826
6031 9913
6031 7788
6033 6213
6035 7209
6036 7472
6038 7428
6042 9609
6043 7490
6046 6621
6046 7238
6046 6574
6047 7902
6048 9747
6049 7104
6050 8320
6052 7059
6052 9022
6052 7232
6053 8492
6055 9401
6056 9454
6057 7229
6059 8739
6064 7789
6064 7555
6065 9711
6066 8971
6067 6215
6068 7701
6069 8766
6072 8226
6074 9509
6078 6526
6079 8365
6079 7936
6080 6209
6081 7373
6085 8890
6085 6877
6087 8689
6088 9140
6090 9006
6090 8931
6090 9852
6091 7323
6092 7100
6092 8483
6094 7940
6094 8309
6094 9069
6095 7891
6096 7535
6096 7867
6098 6310
6099 9727
6100 9149
6101 6579
6102 8658
6102 8899
6104 6637
6104 8530
6104 8634
6105 9675
6105 7374
6106 9490
6107 8187
6107 7234
6107 7624
6109 6401
6110 6464
6114 9350
6116 9687
6117 9708
6119 6703
6120 6759
6121 6385
6121 7740
6122 7751
6126 9720
6130 8396
6131 7418
6132 7130
6132 8307
6138 8540
6138 6771
6139 8904
6140 8836
6140 7805
6142 6598
6144 9634
6145 8338
6146 8081
6146 9870
6149 9682
6149 8949
6150 9598
6151 8787
6153 6565
6155 7761
6156 9667
6160 8963
6160 8564
6160 8164
6161 9303
6164 6170
6165 7160
6166 8648
6169 7722
6170 6446
6171 9002
6172 9916
6174 8556
6174 7319
6179 7937
6179 7909
6179 9745
6179 8529
6182 6708
6184 8387
6185 8403
6185 8145
6186 9850
6187 8900
6188 6971
6193 8741
6193 6808
6194 6990
6199 6357
6200 7838
6200 9606
6201 9073
6202 7131
6203 9362
6204 8649
6204 6405
6205 7041
6205 7226
6205 6969
6205 9181
6206 9544
6207 6431
6208 8171
6208 6274
6209 9254
6210 7278
6212 9963
6213 6807
6214 7398
6217 6418
6217 8577
6217 8025
6219 8404
6224 9995
6225 7256
6225 9662
6226 7236
6228 7713
6229 8928
6230 8271
6231 6883
6234 7628
6235 7097
6235 6300
6236 8731
6236 9152
6236 9453
6237 7463
6237 9433
6239 9700
6241 7967
6242 8232
6244 6392
6248 6382
6248 9461
6249 8637
6250 9490
6251 6649
6251 8383
6256 8174
6256 9606
6258 6586
6259 9796
6260 9892
6262 8454
6264 7618
6266 7269
6267 7898
6270 7137
6271 8949
6274 7385
6274 9363
6276 9326
6276 9803
6277 9260
6277 8628
6278 9816
6279 6640
6281 7218
6283 7073
6284 7619
6284 7614
6285 7051
6285 8102
6286 6707
6287 8185
6289 9512
6289 8017
6290 9438
6292 7740
6295 9816
6296 9172
6297 9423
6298 9993
6298 7862
6304 8511
6305 6640
6305 9120
6306 8811
6306 6634
6307 6750
6308 9871
6310 9285
6310 9753
6313 6610
6317 8842
6319 7969
6320 9603
6324 9409
6326 8470
6327 7701
6327 6531
6327 6455
6328 8638
6328 8143
6332 7064
6332 8795
6333 9200
6334 9527
6335 9810
6336 8842
6337 9611
6338 8984
6339 6423
6339 7223
6339 8268
6340 6648
6342 9418
6342 9590
6345 6487
6351 9118
6351 6664
6352 6712
6353 8516
6354 7048
6358 6779
6359 6928
6359 7957
6359 9799
6362 8590
6363 9887
6364 6864
6364 8590
6365 9050
6365 7641
6367 9650
6368 9728
6368 7919
6369 6540
6370 9001
6371 7536
6373 6971
6374 7540
6375 9368
6377 7687
6377 8211
6380 9946
6381 8865
6386 7177
6386 9549
6386 9366
6387 9926
6387 8552
6389 7837
6390 7049
6390 8818
6394 8446
6395 8455
6397 9256
6399 7867
6400 7975
6401 8415
6402 7458
6406 9283
6406 9509
6409 9695
6410 6476
6410 8674
6411 8045
6411 9107
6412 9829
6415 8698
6420 6899
6421 9683
6421 7215
6422 7914
6423 6752
6425 7543
6426 6953
6426 8366
6427 8012
6428 9306
6429 6795
6430 7211
6433 9222
6433 7110
6434 9816
6435 8846
6437 9499
6439 9993
6441 8894
6443 7354
6443 9636
6444 8457
6445 8027
6446 7991
6447 8375
6447 6479
6448 9403
6450 7281
6451 7291
6453 8827
6454 9804
6454 7859
6456 6823
6456 8042
6457 7230
6457 9463
6459 7466
6459 9789
6460 7944
6461 9750
6462 6737
6462 6610
6463 8155
6465 7869
6465 9056
6467 8311
6469 8390
6473 9311
6473 9633
6476 8054
6478 9445
6479 8226
6480 8762
6480 9208
6480 9497
6480 9863
6481 7751
6482 7970
6483 7769
6484 7908
6485 9877
6486 9475
6489 8229
6489 7862
6489 7934
6496 7304
6498 8591
6499 7661
6499 6566
6500 8911
6500 7980
6501 8970
6503 9056
6503 9714
6504 8343
6505 6682
6505 8154
6506 8820
6508 8357
6508 9231
6508 9528
6509 9686
6510 6810
6510 9948
6511 8409
6514 9152
6516 6700
6518 9324
6518 8061
6520 6623
6522 9141
6523 8677
6524 8286
6524 6771
6525 7993
6531 7150
6532 9138
6533 8966
6534 6584
6536 7789
6537 8041
6537 9100
6543 9593
6545 8381
6545 7096
6546 7118
6546 7088
6546 6671
6548 9407
6549 7564
6549 8918
6553 8943
6553 9437
6554 6838
6555 9538
6555 9769
6556 9580
6559 9657
6559 9002
6560 8544
6560 7566
6561 8197
6561 9986
6562 7596
6564 8527
6564 8413
6565 6629
6566 8030
6566 8841
6569 7613
6570 9920
6574 8324
6575 9904
6575 7736
6576 7310
6577 8040
6582 9081
6583 8534
6585 9952
6586 7780
6589 8300
6591 8330
6593 8204
6594 9600
6595 9869
6596 6789
6597 8806
6598 7550
6599 7374
6599 9352
6602 8058
6602 8401
6604 9203
6606 7750
6606 9520
6608 9750
6609 7188
6616 9884
6618 6722
6618 7387
6618 7035
6620 9732
6622 8001
6623 9318
6624 7189
6624 6799
6625 8859
6627 8615
6627 6896
6627 9373
6628 9146
6629 8218
6630 8907
6631 7719
6631 7739
6633 8463
6634 9722
6635 8783
6638 7859
6639 8214
6643 8443
6644 8913
6645 7292
6645 8953
6647 7505
6647 7733
6648 9463
6650 9600
6652 8840
6654 6757
6656 7288
6657 7141
6659 7946
6661 8980
6662 8355
6663 7322
6664 8825
6667 9235
6668 9095
6669 9255
6670 9300
6671 9723
6672 7541
6675 7965
6676 7192
6678 8559
6678 9885
6680 8421
6682 8889
6686 8202
6687 7074
6689 7135
6690 7826
6693 8755
6694 6964
6695 8008
6695 8444
6696 7272
6697 8879
6702 7301
6704 8902
6706 9234
6706 8093
6708 9332
6710 7895
6710 6895
6710 7383
6712 6771
6717 7863
6723 7728
6723 8633
6723 8402
6723 7945
6726 7699
6726 9616
6726 9380
6727 7205
6728 8717
6730 8099
6731 8616
6731 6996
6733 8169
6733 9769
6733 7506
6733 7426
6734 8542
6736 7318
6738 9716
6740 6780
6740 9390
6740 9628
6741 9021
6742 8382
6742 6844
6745 8964
6746 7309
6751 8438
6756 8083
6762 9973
6763 8258
6764 7476
6765 8602
6766 9623
6766 9653
6766 7287
6767 9052
6769 7360
6769 9239
6770 8139
6775 9696
6777 8211
6777 9049
6779 6889
6779 8895
6780 7796
6781 7931
6781 9335
6782 7362
6782 9739
6784 7806
6785 7315
6786 8909
6787 9891
6791 8353
6792 9409
6793 9132
6795 9679
6797 9076
6797 9243
6797 9139
6798 8986
6804 8484
6807 9631
6808 7894
6809 9227
6813 6916
6814 7456
6814 8318
6815 9249
6816 9988
6818 7930
6819 8979
6822 6991
6826 9529
6827 7702
6827 9017
6829 9276
6832 7629
6835 9481
6836 9675
6838 8034
6839 7946
6840 8181
6840 7020
6841 7254
6842 9422
6842 7339
6844 8206
6845 7064
6847 7178
6848 8292
6849 7130
6851 9691
6852 7585
6855 9110
6855 9789
6856 9278
6857 8315
6860 9869
6860 9937
6862 8682
6863 9640
6864 7220
6864 6876
6865 7837
6867 8930
6869 8467
6870 6940
6870 8716
6871 7124
6871 9944
6876 8423
6877 7996
6878 9514
6880 7366
6882 8758
6882 9350
6885 9192
6886 8072
6888 7348
6888 9967
6889 8876
6891 9587
6895 7868
6898 7084
6900 7423
6902 9081
6903 9150
6904 7280
6906 8963
6908 8748
6915 6927
6919 7752
6920 7558
6924 9513
6924 9498
6929 9677
6929 9450
6931 8984
6933 9014
6933 8743
6934 8993
6937 9331
6940 7132
6941 7998
6942 7745
6944 6980
6945 8149
6946 7662
6948 8873
6949 8071
6950 8380
6952 7545
6953 7527
6954 8110
6954 8830
6956 7230
6957 8912
6960 8866
6960 9322
6962 8482
6963 9837
6964 6969
6966 7620
6966 8928
6967 9684
6967 7700
6969 8495
6974 7533
6974 7282
6975 8444
6976 7974
6978 9921
6979 8343
6981 7306
6981 7059
6983 9511
6983 9290
6984 8574
6985 7165
6987 9247
6987 9330
6988 8634
6988 8101
6989 8331
6990 8098
6990 8820
6991 9256
6992 7556
6997 9547
6997 9573
6998 7573
7000 7065
7004 7975
7005 9528
7007 9920
7007 7339
7009 9748
7012 7989
7012 7204
7013 7584
7015 9749
7018 9297
7020 8388
7020 9337
7022 9564
7032 9805
7035 8412
7035 9546
7037 9574
7038 9173
7043 8447
7046 7666
7049 9544
7053 7454
7057 9619
7058 9834
7060 9268
7061 9569
7062 9811
7065 9868
7068 8806
7068 7696
7071 8725
7071 7921
7073 7158
7078 7437
7079 7378
7081 9491
7082 7129
7082 9577
7082 8343
7083 7725
7084 8896
7089 7146
7090 8515
7092 7800
7095 8331
7096 9249
7098 7531
7099 7460
7105 7871
7106 9612
7107 9644
7108 9782
7108 8227
7108 9680
7109 8792
7110 7506
7111 8768
7111 8656
7112 9134
7113 7448
7114 9279
7115 9526
7116 8336
7117 8318
7119 8633
7122 9596
7125 9008
7127 9438
7128 8815
7137 9634
7138 9304
7141 9322
7143 7898
7143 9599
7144 9473
7144 9874
7145 9237
7145 9239
7149 8886
7150 7210
7151 8365
7155 8241
7159 8979
7162 8186
7164 7936
7165 9861
7172 8369
7173 7396
7174 9636
7174 8729
7177 9566
7180 9720
7183 7621
7184 9429
7185 9530
7188 9674
7190 9238
7190 9980
7191 8521
7195 7376
7197 8305
7199 7956
7204 8711
7205 9865
7206 8598
7206 9395
7207 7365
7207 8904
7209 8710
7209 9086
7210 9980
7213 8954
7214 7342
7216 9356
7217 9925
7219 9484
7224 9026
7224 9631
7229 7353
7231 7546
7232 9877
7233 9510
7234 9220
7235 8545
7235 8474
7240 8360
7241 9451
7242 7344
7243 8584
7246 8613
7249 8920
7250 7335
7254 9602
7256 8353
7258 9460
7263 7285
7266 7528
7272 8678
7273 9060
7274 8268
7275 7906
7277 7606
7279 9660
7283 9244
7285 7480
7285 9523
7286 7512
7286 7905
7287 8728
7288 9229
7289 8444
7290 9610
7293 9629
7296 7726
7298 7369
7299 8203
7300 8736
7301 7508
7301 9417
7303 9622
7303 9978
7307 8316
7307 9736
7307 8514
7311 7802
7313 8162
7314 9483
7319 9704
7319 8093
7320 9386
7323 8982
7323 9193
7325 8129
7325 9977
7325 9793
7328 8771
7330 7601
7333 8968
7335 8193
7336 8659
7341 8580
7343 8055
7345 8510
7346 9325
7349 9089
7350 8164
7352 8273
7355 7831
7357 9185
7358 7791
7359 7650
7360 9344
7361 8248
7365 8137
7365 7949
7369 9768
7370 8107
7373 9571
7373 7805
7375 8160
7375 7712
7376 8744
7382 9001
7382 9609
7383 9927
7383 9751
7384 8074
7388 8148
7389 9780
7390 9647
7390 7671
7391 8478
7392 9372
7393 8200
7394 8785
7397 8123
7398 7973
7409 7863
7410 9088
7412 9658
7414 9305
7416 7477
7417 7925
7428 8637
7429 9523
7434 9955
7435 8223
7435 9875
7439 8691
7439 9625
7440 7450
7442 9507
7442 8355
7443 9357
7444 9731
7447 9893
7448 8968
7449 9552
7450 8847
7450 9012
7451 9699
7452 8690
7465 9279
7466 8504
7467 8769
7468 7727
7469 8268
7470 7812
7470 7648
7471 8379
7473 7968
7476 9109
7481 8280
7482 7774
7483 7961
7484 7898
7485 9263
7490 8147
7491 9709
7493 9062
7493 7494
7495 8613
7496 7621
7498 8362
7499 9612
7501 7804
7502 8416
7504 8927
7510 9532
7513 8774
7513 7739
7514 8975
7516 9559
7520 7690
7520 9066
7520 9982
7521 8125
7521 8358
7523 9551
7523 8158
7524 7686
7525 9282
7530 9399
7533 9217
7533 7888
7536 8788
7537 8676
7538 9289
7539 9164
7544 9075
7545 8853
7546 7553
7548 8260
7548 8280
7551 9088
7554 7968
7557 9777
7559 9435
7563 8829
7566 8055
7566 8807
7569 9420
7570 9112
7571 8824
7574 9327
7577 8983
7579 9535
7583 9138
7583 8352
7584 8919
7587 9766
7597 9025
7598 9464
7599 8499
7601 8516
7601 8672
7602 7901
7602 8994
7604 7914
7604 9461
7605 7770
7607 8944
7608 9133
7612 7932
7613 8437
7617 8224
7620 8905
7620 8014
7624 9815
7625 8776
7627 8715
7630 9263
7636 9205
7637 7870
7638 9318
7639 7651
7643 8840
7649 7917
7652 7967
7654 9196
7656 9538
7658 7726
7658 9982
7661 7799
7661 8167
7663 9399
7664 8739
7666 8987
7669 8582
7671 8052
7673 8770
7674 9932
7674 7846
7675 9097
7675 9640
7676 9073
7679 8638
7682 8675
7686 9188
7691 8851
7693 8823
7697 7703
7698 9168
7699 8606
7702 8657
7704 9199
7704 8216
7705 8189
7712 7748
7721 9585
7723 8352
7724 7727
7724 7882
7730 9367
7731 9155
7734 9532
7739 7849
7743 8540
7745 8407
7746 7990
7752 9521
7753 9632
7754 8085
7756 8571
7757 9691
7759 9813
7759 9959
7760 9690
7761 9741
7765 8682
7765 7880
7766 9765
7768 8031
7770 8791
7771 9115
7773 9676
7775 9218
7777 8490
7777 8931
7779 8998
7780 9935
7780 8333
7780 7959
7781 8576
7783 8613
7785 9919
7790 7997
7792 9427
7793 8866
7800 8304
7805 8409
7808 8550
7809 8694
7810 7811
7813 8207
7814 9433
7815 8199
7816 8822
7818 8776
7819 8253
7821 9349
7830 8965
7830 8747
7833 8766
7836 9561
7838 8029
7842 8697
7844 9794
7846 8201
7849 7909
7850 8020
7851 8257
7851 8892
7852 8640
7854 7897
7854 8761
7855 8236
7855 9796
7855 7905
7857 8103
7858 9921
7861 8130
7868 8967
7871 9070
7873 8099
7875 9223
7879 9563
7883 9015
7884 9013
7884 8747
7886 9146
7888 9790
7889 9724
7889 9190
7892 8359
7893 9717
7896 7962
7896 8377
7900 8632
7902 9253
7903 9107
7909 8614
7912 9933
7913 9351
7915 9100
7918 8198
7923 9498
7924 8677
7925 8499
7928 8487
7928 9856
7928 9942
7929 8593
7930 8155
7938 9140
7942 8049
7943 8321
7947 8505
7947 9428
7952 9515
7956 8854
7960 8443
7961 8136
7970 9798
7977 8247
7980 8653
7981 9074
7981 8854
7987 9719
7989 9169
7992 8787
7994 9571
7997 9116
7998 9202
8004 8428
8005 9378
8013 9532
8015 9851
8016 9798
8017 9288
8023 8135
8025 8790
8027 8468
8030 8128
8033 9744
8038 9604
8040 8561
8042 9823
8046 9404
8047 8690
8050 9256
8051 9221
8052 8755
8053 8643
8057 9094
8058 9413
8061 9053
8063 9136
8063 8991
8063 9806
8063 8225
8065 8158
8069 8147
8072 9634
8075 8285
8080 9420
8080 9518
8086 9388
8089 8253
8090 8376
8091 9992
8095 8194
8097 9999
8106 9254
8108 8787
8109 9418
8114 8420
8114 9191
8114 9122
8117 8917
8123 9748
8124 9787
8127 9942
8127 9429
8141 8999
8141 9792
8141 9821
8141 8399
8142 8960
8146 9158
8149 8198
8150 8783
8153 8246
8157 8631
8161 8296
8163 9023
8164 9771
8165 9000
8168 8243
8170 9220
8171 9178
8172 9545
8173 9296
8179 9614
8192 9529
8194 8570
8200 9025
8216 9091
8221 9451
8225 9204
8227 9970
8228 8558
8228 9470
8231 9817
8235 8693
8237 9157
8239 9453
8239 8787
8240 9542
8240 9599
8240 9198
8242 8249
8244 9711
8248 8282
8256 8698
8258 9262
8271 9838
8272 8510
8275 9878
8288 9365
8295 9437
8297 9787
8304 8920
8316 8560
8317 9992
8318 9734
8318 8474
8319 9052
8320 9373
8323 9252
8339 9698
8342 9011
8347 8974
8349 9093
8351 9875
8352 8622
8354 9376
8356 9030
8372 8767
8374 9917
8383 9550
8385 9627
8389 9882
8391 8455
8392 9704
8398 9305
8401 9455
8402 9925
8403 9693
8410 9366
8414 8851
8416 9383
8419 9359
8421 8722
8431 8745
8434 9162
8435 9525
8440 9569
8442 9372
8444 8787
8445 9313
8447 8964
8448 9723
8453 9928
8453 8765
8455 9890
8458 8761
8458 9519
8460 8591
8470 9103
8473 9379
8473 9203
8476 9136
8480 8493
8483 8605
8488 9009
8492 9121
8494 8619
8500 9164
8501 8857
8513 9225
8517 9579
8518 8825
8520 9558
8528 9311
8530 9452
8532 9943
8532 8887
8537 8803
8543 8936
8546 9690
8563 9857
8564 9177
8567 9106
8578 9202
8582 9617
8593 9467
8594 8995
8601 9579
8603 8865
8604 9426
8604 9269
8606 8951
8610 8636
8613 8900
8614 8971
8616 9732
8621 9960
8625 9102
8626 9604
8630 8913
8633 9081
8642 9705
8644 8831
8646 9749
8650 9000
8651 9291
8652 8916
8655 8782
8660 8837
8669 9691
8671 9162
8679 9797
8681 8799
8686 9600
8695 8908
8696 8796
8709 9098
8710 8863
8718 9172
8724 9422
8730 9467
8734 9409
8734 9291
8735 9882
8737 9840
8742 9649
8746 8809
8748 9207
8751 9842
8753 9811
8756 8934
8757 8932
8757 9255
8758 8923
8763 9216
8772 9531
8775 9972
8776 9058
8778 9604
8780 9937
8789 9713
8793 9921
8795 9532
8800 9084
8803 9580
8804 9400
8805 9035
8807 9651
8809 9539
8813 9071
8822 9810
8829 9347
8829 9512
8831 9427
8832 9917
8833 9947
8845 9707
8853 9787
8857 9508
8859 9549
8862 8973
8875 9291
8883 9654
8887 9695
8888 9694
8895 9961
8897 9742
8897 9838
8920 9934
8933 9814
8936 9803
8944 9729
8946 9057
8962 9912
8976 9250
8977 9245
8979 9411
8980 9582
8983 9939
8985 9645
8986 9147
8988 9001
8989 9257
8994 9239
9029 9075
9032 9906
9039 9123
9041 9710
9048 9506
9050 9848
9061 9346
9064 9249
9065 9866
9075 9205
9078 9772
9082 9655
9082 9888
9091 9562
9102 9370
9103 9883
9119 9581
9124 9493
9126 9611
9137 9352
9140 9467
9153 9790
9154 9248
9168 9248
9171 9758
9174 9368
9175 9233
9175 9751
9181 9485
9183 9762
9187 9763
9194 9626
9209 9832
9209 9272
9225 9671
9226 9784
9230 9660
9232 9834
9236 9988
9239 9910
9259 9406
9264 9268
9276 9714
9280 9707
9286 9991
9292 9971
9301 9375
9314 9654
9318 9896
9322 9535
9323 9655
9332 9375
9348 9929
9377 9452
9392 9923
9421 9521
9426 9711
9432 9939
9435 9469
9438 9854
9440 9576
9441 9675
9444 9632
9445 9606
9448 9898
9451 9957
9455 9899
9456 9495
9465 9778
9470 9767
9475 9765
9478 9592
9487 9756
9500 9934
9502 9530
9503 9841
9504 9936
9536 9742
9537 9560
9572 9660
9590 9670
9606 9944
9621 9800
9635 9719
9679 9855
9727 9900
9733 9957
9764 9930
9779 9846
9785 9868
9791 9825
9824 9957
9828 9888
9841 9951
9864 9985
9879 9982
9895 9906
9976 9981
