200 199
0 141
0 139
0 85
1 77
1 173
1 98
1 14
2 94
2 147
3 118
4 23
4 51
5 68
5 89
5 69
6 7
6 44
7 9
7 158
8 190
8 131
9 157
10 134
11 107
11 191
11 199
12 47
12 193
13 187
13 197
13 92
14 136
14 183
15 127
15 196
15 87
16 148
17 50
17 83
18 155
18 179
19 119
20 72
20 166
20 69
20 22
21 65
22 184
23 38
24 162
25 193
26 178
27 32
27 138
27 89
28 182
28 86
29 57
29 48
30 96
31 54
33 86
34 56
34 124
35 146
36 188
37 78
37 174
37 180
37 74
39 84
40 59
41 62
41 95
42 101
43 75
44 118
44 148
45 105
45 133
45 99
46 67
46 83
46 149
46 159
46 171
48 94
49 122
49 177
51 114
52 159
53 78
54 95
55 87
55 198
55 162
58 136
59 171
59 89
60 165
60 61
61 179
63 93
64 85
65 113
66 142
66 155
68 88
68 154
69 167
70 114
70 117
70 165
71 134
73 169
73 121
74 94
75 90
75 98
76 155
79 196
80 119
81 127
82 184
84 137
84 178
85 185
86 134
86 87
88 130
90 192
91 135
91 180
92 153
92 185
92 124
93 197
95 153
96 122
97 169
99 156
99 191
100 104
100 161
100 155
101 115
102 164
102 122
103 141
106 186
106 180
107 151
108 125
108 194
109 165
110 146
111 138
112 115
113 193
115 134
116 188
118 146
118 121
119 173
120 156
121 128
121 163
122 181
123 154
124 184
125 193
126 170
126 195
126 143
129 179
129 193
131 144
132 199
133 162
137 150
139 144
140 181
141 172
142 145
143 188
143 148
147 164
148 152
148 159
156 168
159 176
159 183
159 194
160 166
166 175
177 183
178 184
178 196
189 190
