1000 999
0 836
0 953
1 18
1 502
2 229
2 138
3 612
4 364
5 416
5 571
6 352
7 501
7 969
8 990
9 308
9 978
10 132
10 463
10 628
11 257
11 334
12 168
12 258
12 98
12 337
13 789
13 599
14 791
14 446
15 742
15 822
16 183
16 856
16 844
17 948
17 918
19 146
19 389
19 41
19 760
20 866
20 737
21 354
22 437
22 198
23 582
23 81
23 572
24 541
25 842
26 321
26 274
27 918
28 858
28 686
29 359
29 208
29 99
30 706
30 969
30 61
31 433
32 865
32 75
32 76
33 585
34 593
35 189
35 603
36 912
36 97
37 694
37 644
38 192
38 498
38 218
38 40
39 169
40 876
40 867
40 755
41 782
42 687
42 57
43 165
44 787
44 364
45 124
46 154
46 617
46 962
47 437
48 108
48 210
48 157
48 905
49 795
49 895
50 692
50 589
51 590
51 126
52 830
52 365
52 602
52 554
53 335
53 267
54 935
54 546
55 220
55 632
56 806
56 644
57 967
58 324
58 646
59 773
59 198
59 196
60 433
60 502
61 654
62 343
62 770
63 339
64 377
65 584
66 722
66 805
67 112
67 150
67 824
68 184
68 543
68 737
69 355
69 958
70 141
71 646
72 252
73 130
73 435
73 184
74 441
74 918
75 426
75 107
76 717
76 152
77 854
77 884
77 414
78 202
78 431
79 886
80 597
80 343
81 860
81 203
81 616
82 96
83 707
83 736
84 918
85 91
85 346
86 262
86 771
87 889
88 612
89 163
89 387
89 488
90 632
90 989
91 319
91 696
92 417
92 192
93 514
94 579
94 625
95 792
96 669
96 262
97 139
98 620
98 769
99 222
100 527
101 779
101 968
102 938
103 790
104 613
104 152
104 586
105 587
105 400
106 581
106 592
106 520
107 604
107 621
109 818
109 612
109 264
110 348
110 739
110 566
111 706
113 395
113 315
113 331
114 530
114 875
115 303
116 297
117 339
117 720
118 907
119 808
119 574
120 385
120 137
121 351
121 520
122 877
122 293
122 236
123 664
123 487
124 427
124 583
124 148
125 500
125 681
126 515
126 600
127 655
128 600
128 940
129 570
131 828
131 637
132 487
133 980
134 446
134 704
135 520
136 585
136 243
137 148
138 437
139 627
139 856
140 281
141 589
142 489
142 524
143 287
143 400
144 270
144 756
144 649
145 358
147 425
147 461
147 550
148 625
148 697
149 663
149 520
151 979
151 159
151 181
153 823
154 420
155 306
155 190
155 887
156 633
156 927
157 823
158 470
158 965
159 240
160 732
160 408
161 923
161 763
162 580
162 217
164 639
165 840
165 258
166 601
166 229
167 208
168 743
168 481
169 800
169 325
169 316
170 828
171 839
172 454
172 902
173 385
174 309
175 373
175 564
176 941
177 209
177 977
178 792
179 769
180 360
180 928
181 478
182 672
182 449
183 648
185 503
185 767
185 889
185 386
186 823
187 833
188 893
190 411
190 881
191 842
192 261
192 513
192 269
192 703
193 502
193 861
194 440
194 255
195 907
195 744
196 994
197 577
197 937
198 570
199 363
199 406
199 662
199 911
199 927
200 761
200 310
201 233
201 565
201 362
201 563
202 571
202 629
203 817
204 614
204 361
205 859
205 722
206 624
206 955
206 288
207 509
207 861
207 959
208 253
211 472
211 469
212 749
213 333
213 609
214 493
215 593
215 282
216 454
217 679
218 634
218 902
219 914
219 479
221 646
221 972
221 805
222 492
222 974
222 867
223 682
223 756
224 971
224 621
225 700
225 927
225 607
226 921
227 277
228 943
228 341
230 753
230 454
231 640
231 271
232 693
234 698
235 994
235 936
236 844
237 507
237 964
238 605
238 330
239 914
240 636
241 889
242 656
243 252
243 819
244 745
244 292
245 294
245 378
246 631
246 820
246 981
247 691
248 678
248 737
248 588
249 897
250 383
250 661
251 404
253 505
253 980
254 671
255 537
255 564
256 418
257 814
259 523
259 299
259 468
260 880
260 725
263 984
263 759
264 684
265 840
266 915
266 585
267 277
267 428
268 286
269 532
271 849
271 405
272 792
272 385
273 809
274 699
274 952
274 561
275 772
275 473
276 334
276 484
276 932
277 555
278 517
278 287
279 533
280 726
280 626
280 436
281 335
282 863
283 896
283 493
284 989
284 825
285 465
286 716
286 790
288 291
289 438
290 895
290 777
291 407
292 901
293 891
295 770
296 402
296 456
296 854
297 601
298 674
299 393
299 721
299 973
300 496
300 593
301 653
302 410
302 567
303 411
304 821
304 324
305 831
305 715
307 924
307 918
308 405
309 428
309 565
310 675
311 781
312 814
313 354
313 949
314 996
314 785
315 962
316 439
316 488
316 378
316 616
317 413
317 419
318 429
318 409
320 841
322 822
322 988
322 477
323 469
323 890
323 977
323 397
325 542
325 549
326 563
326 490
327 690
328 441
329 667
330 410
331 798
331 757
331 947
332 366
332 972
336 921
336 457
337 474
337 559
337 971
338 863
338 462
339 610
340 652
340 781
341 562
342 536
342 933
344 578
345 527
345 762
346 483
346 375
346 442
346 658
347 380
348 544
349 451
349 569
349 617
350 494
350 946
352 510
352 844
353 611
354 418
356 381
357 833
358 533
358 937
361 370
361 711
362 685
364 935
365 967
365 758
366 478
367 959
368 880
369 444
369 550
371 377
371 599
371 811
372 529
374 391
374 873
375 608
376 774
376 702
378 594
379 610
380 589
381 819
382 411
383 931
384 692
385 922
386 494
388 505
389 398
390 907
391 720
391 885
392 825
392 413
393 460
394 525
395 932
396 849
397 777
399 929
399 461
400 688
401 937
401 744
403 724
404 445
404 885
407 958
407 764
407 456
408 886
408 982
409 807
409 819
410 813
410 574
412 455
414 450
414 691
415 899
415 826
415 498
418 657
418 920
419 956
421 712
421 846
422 834
422 425
423 606
423 661
423 688
424 710
424 505
426 596
426 855
429 847
430 673
430 978
431 599
432 912
434 798
435 683
436 861
437 645
437 784
438 473
440 910
441 611
441 785
442 704
443 868
447 871
447 845
448 458
449 564
452 836
453 532
454 957
455 909
456 926
457 846
458 587
459 965
459 960
462 751
463 471
464 674
465 515
466 539
466 985
467 650
468 881
469 751
471 609
471 835
473 607
475 964
476 677
476 801
476 497
477 816
479 843
480 675
480 494
481 641
482 638
482 531
484 688
485 788
485 810
485 654
485 854
486 995
490 612
491 845
491 515
493 776
493 785
495 708
497 983
498 842
499 759
504 812
505 843
506 647
506 918
506 660
507 713
507 702
508 814
509 749
511 686
512 904
512 995
512 595
514 781
516 823
517 671
518 929
519 887
520 981
520 547
521 732
522 664
524 944
524 601
525 580
526 893
528 631
529 915
530 942
531 763
531 999
534 693
535 594
536 796
538 651
539 978
539 805
540 942
541 849
543 894
545 973
546 826
547 736
548 874
548 994
549 727
550 811
550 637
551 786
551 830
552 623
553 826
554 938
554 643
556 862
556 873
556 946
556 846
556 913
557 733
557 848
557 774
558 838
558 807
560 878
560 900
561 742
562 757
564 780
566 882
566 683
567 757
568 855
569 686
572 681
572 971
573 983
573 990
573 956
574 844
574 970
575 689
576 736
576 712
578 770
580 992
584 711
584 626
586 633
588 672
589 987
591 639
595 775
595 762
595 950
595 638
598 885
602 987
602 755
603 951
603 998
603 861
605 615
607 809
612 735
612 649
615 754
618 748
619 714
619 745
622 910
623 778
623 913
623 930
626 728
628 794
628 966
630 667
630 900
632 698
632 933
632 982
635 852
635 727
636 956
636 906
637 906
639 681
640 676
641 738
641 837
642 854
643 681
644 997
649 960
650 909
650 975
650 792
651 819
653 996
654 804
654 939
654 954
654 888
655 832
656 808
658 934
659 940
660 872
660 869
665 783
665 750
665 736
666 716
668 843
670 770
670 879
674 987
676 897
679 680
680 905
681 941
684 996
689 917
690 691
691 904
693 974
695 878
697 759
697 805
698 701
701 771
701 883
702 824
705 942
706 892
708 991
709 848
711 868
711 953
714 916
715 752
715 857
715 773
716 719
718 815
719 905
721 829
723 819
724 945
724 776
725 908
725 814
726 740
729 939
730 893
731 777
734 949
734 991
740 812
741 971
744 963
744 749
746 827
746 936
746 903
747 862
748 819
748 769
750 809
758 985
760 998
762 964
763 790
764 947
765 955
766 909
768 799
777 878
780 906
781 820
785 966
787 928
793 847
797 802
797 925
797 918
798 853
799 908
803 827
806 919
812 940
814 850
815 934
815 900
815 884
816 839
816 950
817 870
826 841
828 833
828 991
832 856
843 901
851 930
851 960
852 903
864 987
869 923
875 914
879 924
886 917
887 968
888 968
893 965
898 922
921 993
951 986
959 961
959 995
973 976
974 997
