1000 999
0 55
0 694
0 770
0 715
0 570
0 558
1 658
1 304
2 430
2 234
3 360
3 42
4 538
4 728
5 411
5 559
5 658
6 15
6 523
7 913
7 174
7 726
8 492
8 104
9 906
9 129
10 959
11 790
11 911
12 726
12 579
13 716
13 979
13 668
13 872
14 890
14 827
14 939
15 297
15 306
15 941
15 93
16 639
17 986
17 322
18 624
18 650
19 324
19 619
19 33
19 250
20 233
21 212
21 277
22 101
22 158
22 60
23 285
23 294
23 405
24 383
25 465
25 604
26 46
26 619
27 775
28 345
28 608
29 185
29 888
29 343
30 76
30 888
31 240
31 973
31 530
32 97
33 692
33 62
34 254
34 588
35 676
36 188
36 64
37 42
37 843
38 85
39 993
39 612
40 929
40 484
41 493
41 919
41 870
43 855
43 526
43 896
44 713
45 249
46 738
46 594
47 914
47 328
48 60
48 847
49 575
49 539
50 470
50 528
50 239
50 623
51 848
51 339
51 708
52 194
52 255
52 142
53 58
53 121
53 444
53 762
54 736
55 201
56 542
56 317
57 338
59 166
60 433
61 522
61 982
62 330
62 496
62 253
63 454
64 511
64 976
64 242
65 392
65 311
66 856
66 776
67 231
68 675
68 752
68 458
68 95
69 560
70 433
71 515
71 162
72 288
72 828
72 879
72 615
73 532
73 829
74 578
74 490
74 831
75 545
75 465
76 959
77 364
77 586
77 245
78 543
79 501
79 754
80 132
80 571
81 233
81 710
82 288
83 611
83 352
84 230
84 683
84 970
85 475
85 961
86 564
86 799
87 448
87 476
87 859
87 998
88 906
89 757
89 369
90 557
90 527
91 560
91 144
91 263
92 384
93 525
93 250
94 730
95 513
95 505
96 238
96 924
96 827
97 756
97 853
98 400
98 585
99 242
100 902
100 824
101 377
102 581
103 544
103 347
104 181
104 252
104 623
105 112
106 467
107 466
107 976
108 542
109 316
109 514
109 381
110 720
110 170
111 563
111 602
112 847
112 821
113 338
114 168
114 347
114 726
115 292
115 602
115 165
116 600
116 328
117 481
117 652
117 628
118 596
119 353
120 258
120 662
120 930
120 622
122 344
122 497
123 539
124 858
124 219
124 623
125 139
125 206
126 572
126 342
127 697
128 248
128 803
129 728
129 260
129 383
130 213
131 637
131 229
133 526
134 494
135 593
135 840
135 978
136 186
137 253
138 198
140 454
141 320
141 889
141 588
142 985
143 696
143 536
144 649
145 372
146 354
147 462
147 747
147 581
148 654
148 301
148 920
149 479
149 880
149 809
150 485
150 654
151 480
151 703
152 221
152 342
153 368
153 566
153 531
154 397
155 547
155 514
156 861
157 549
157 867
158 957
159 942
160 816
160 743
161 538
162 170
162 443
163 618
164 401
164 936
164 417
165 985
165 641
166 691
166 607
166 354
167 268
167 687
169 470
170 657
170 991
171 707
172 820
172 931
173 654
174 318
174 420
174 405
174 543
175 785
175 905
176 446
176 954
176 391
177 973
178 883
179 568
179 707
180 346
180 490
182 339
183 445
184 503
186 917
187 861
187 943
187 685
188 408
188 895
189 850
189 444
190 410
190 351
190 488
191 588
191 642
192 344
193 773
195 766
195 765
196 620
197 863
197 848
198 818
198 683
199 819
200 609
200 615
200 252
202 378
202 470
203 613
203 490
204 432
205 655
206 222
207 216
207 887
207 683
208 666
208 629
209 829
210 751
210 435
211 531
211 338
213 332
214 415
214 989
215 598
217 949
217 971
217 795
218 708
218 614
219 504
220 262
220 824
222 673
222 767
223 304
224 358
224 579
225 609
226 626
226 275
227 309
227 575
228 697
229 270
229 882
229 715
231 562
232 431
232 766
234 896
234 998
234 947
235 686
236 611
237 802
237 777
237 483
239 857
240 299
241 512
242 636
242 888
243 620
243 523
244 665
244 956
244 355
245 925
246 488
246 576
247 398
247 582
247 567
249 980
249 347
251 727
251 798
251 369
251 831
252 864
252 536
252 925
253 900
253 781
254 974
255 389
256 348
256 548
256 908
257 410
259 436
259 872
259 487
260 783
260 992
261 456
261 763
261 329
261 315
262 628
263 602
264 402
265 375
265 929
266 993
267 508
267 614
267 820
269 541
269 922
269 507
271 800
271 331
272 335
272 804
273 750
274 539
274 897
274 505
274 526
275 361
276 630
277 962
277 652
278 885
279 881
279 342
280 349
280 791
281 384
281 507
282 592
282 884
283 376
283 597
284 933
286 595
286 905
287 952
289 806
289 969
290 554
290 655
291 558
291 768
292 321
293 765
293 402
294 656
295 606
295 740
296 309
298 632
298 626
300 829
300 351
301 499
301 860
302 741
302 355
302 357
303 336
304 352
305 549
306 552
307 706
308 366
310 858
311 424
311 972
312 374
313 459
314 665
315 886
315 376
317 495
317 890
319 449
319 919
322 956
323 623
323 713
324 371
324 711
325 883
326 443
326 817
327 381
327 622
328 729
328 507
329 891
330 648
330 905
331 870
332 441
332 773
332 402
332 453
333 905
334 941
336 539
337 677
337 338
337 853
338 445
338 921
338 767
339 984
340 432
341 956
342 693
342 668
343 503
343 497
343 868
345 838
346 629
347 697
349 605
350 636
352 406
353 655
353 946
353 479
354 725
354 990
354 657
356 779
356 413
357 372
357 935
359 555
359 836
359 431
361 970
361 388
362 985
363 384
365 995
365 458
366 423
366 774
366 424
367 395
369 833
370 937
370 953
371 403
372 663
372 987
373 893
373 922
374 427
374 665
376 938
378 442
379 498
379 868
379 880
380 419
380 432
381 388
382 712
382 628
383 589
385 564
386 815
387 428
387 792
387 746
388 719
389 695
390 808
391 811
392 638
393 932
394 955
395 646
395 674
395 414
396 719
397 510
397 723
397 555
399 409
399 918
399 468
402 734
402 682
404 779
405 721
406 931
407 669
407 966
407 671
409 735
409 801
410 527
412 724
413 554
414 755
416 681
416 983
417 988
418 502
418 576
418 535
421 656
422 449
423 477
425 863
426 925
429 832
432 650
432 529
432 831
434 874
434 987
435 996
435 800
436 482
436 923
437 959
438 936
439 598
440 801
444 877
445 608
446 736
447 727
450 748
451 759
451 807
451 812
452 478
453 705
454 663
455 809
457 969
457 997
459 471
459 862
459 652
460 815
461 611
462 961
463 818
464 869
467 481
468 495
469 589
469 540
472 746
472 819
472 964
473 920
473 479
474 734
476 775
478 662
479 952
483 772
484 870
484 659
486 877
487 633
488 698
488 710
489 825
489 535
489 529
490 724
491 506
491 807
494 762
494 848
496 771
497 617
497 942
498 776
500 910
502 534
503 760
504 915
505 823
507 693
509 741
510 793
512 694
513 732
516 825
517 535
518 641
519 635
520 924
521 532
523 847
524 835
527 706
530 543
531 799
531 641
532 573
532 581
533 594
535 653
536 618
537 758
538 910
540 963
540 722
546 684
549 977
550 814
550 594
551 864
552 569
552 750
553 844
553 809
553 765
555 562
556 860
557 574
561 884
561 630
564 647
565 784
567 588
569 627
570 831
571 742
571 754
571 783
572 739
577 931
579 788
580 821
583 787
583 689
584 616
584 900
585 989
586 795
587 734
588 597
590 762
591 662
596 748
598 804
598 890
599 664
601 870
603 949
604 748
604 758
604 734
605 764
605 972
606 950
606 951
606 633
607 932
609 701
610 935
610 961
612 947
618 967
619 659
620 944
621 878
622 882
624 755
625 947
626 909
630 813
631 813
634 797
634 810
634 822
634 635
634 718
635 768
636 892
639 865
639 841
640 912
640 739
641 934
641 940
642 940
643 942
644 899
644 881
645 797
651 837
652 709
657 867
658 778
660 851
661 968
663 803
664 670
667 702
668 878
670 699
670 672
671 933
671 749
672 739
673 978
673 788
676 852
676 707
678 740
678 725
679 932
680 698
682 685
684 950
686 779
687 747
688 868
689 975
690 818
692 830
696 945
698 700
698 737
699 960
702 937
703 814
704 853
705 999
706 717
707 975
710 789
712 894
713 777
714 718
714 954
715 883
717 812
721 780
722 816
723 805
729 854
729 981
730 891
731 799
733 743
740 989
743 873
743 771
744 807
745 772
745 747
747 813
749 907
753 837
753 828
757 845
761 803
762 968
769 812
772 832
773 903
777 871
780 808
781 782
781 794
781 947
784 836
785 904
786 958
789 988
790 908
791 952
795 931
795 997
796 938
798 983
811 868
813 835
815 960
817 831
821 833
824 906
825 939
826 844
829 928
834 898
834 899
836 964
838 911
839 971
841 887
842 945
843 852
846 975
849 909
851 912
853 965
857 965
866 917
869 967
870 975
875 955
875 988
876 989
885 987
887 994
896 916
899 948
901 919
907 958
907 947
910 982
917 956
926 945
927 957
953 997
