100 99
0 56
0 49
1 39
2 71
3 76
3 62
3 78
3 9
4 32
5 48
5 31
6 11
7 80
7 82
7 12
8 66
8 9
8 24
9 71
9 40
9 98
10 72
11 64
11 41
12 13
12 29
13 28
14 87
14 54
15 60
15 99
16 29
16 70
17 62
18 47
18 92
19 32
19 36
20 99
21 92
21 39
22 99
23 58
24 35
25 52
26 99
27 45
27 84
28 52
29 59
30 85
30 37
30 32
31 79
32 38
33 54
34 70
35 91
35 68
36 42
36 54
36 78
37 79
37 97
39 57
39 68
40 70
41 84
41 51
43 96
43 89
44 57
46 55
49 88
49 86
50 68
50 77
51 62
52 63
53 74
53 72
55 98
58 79
60 95
61 93
61 92
65 77
65 95
67 76
68 72
69 90
73 98
75 81
78 89
79 83
81 94
81 93
86 91
88 90
