10000 9999
0 693
0 7612
1 2386
2 8097
2 6951
3 7528
4 1674
4 3044
5 4015
5 5106
6 1268
6 5771
6 3973
6 7545
7 7453
8 2863
9 6439
10 5730
11 4905
11 7868
11 6282
11 18
12 4027
12 6985
12 7929
12 2926
13 997
13 6391
14 2625
14 1446
15 8069
15 9235
16 7102
17 8304
18 9180
18 9988
18 9593
19 1801
20 3723
20 7584
21 351
21 3592
21 8282
22 4995
22 4298
23 9473
23 2883
23 4620
24 8731
25 1119
25 4720
26 2511
26 9904
27 699
27 5806
28 9987
28 3815
29 1987
30 3221
30 5531
30 3548
31 1512
31 5834
32 1313
33 1983
33 8630
33 9624
33 6651
34 7470
35 1951
35 8517
35 2853
35 999
36 4315
37 6705
37 7473
38 3879
38 3733
38 2753
38 3942
38 2899
39 784
40 3350
41 5494
42 8428
42 278
43 6911
43 2040
43 3591
43 8479
43 8631
44 3763
45 5069
46 363
46 4444
47 3340
48 2923
49 5064
49 3589
49 478
50 9823
50 3697
51 3164
51 622
52 418
52 8417
52 1109
53 2307
54 3089
55 5685
56 1893
56 7683
56 6002
57 8628
57 4313
58 6063
59 6712
60 3881
60 7640
60 5602
61 3454
62 1599
62 7437
62 4581
63 4332
63 1476
63 2950
64 6603
65 4660
65 3500
66 7554
67 9099
68 239
68 5072
69 4518
70 6145
71 9528
71 2073
72 2628
73 2033
74 648
74 2374
74 4107
75 2959
76 92
77 620
77 5705
78 9875
79 6480
80 2418
81 9275
82 4791
82 1456
82 3754
83 6505
83 3632
84 2663
85 692
85 3085
86 3156
87 2736
88 428
89 3886
90 7343
91 1799
91 558
92 2181
92 9967
93 4606
93 7765
94 3573
94 8419
95 6351
96 2074
97 9740
97 5230
98 9075
99 1130
99 2742
100 859
101 3547
101 1881
101 6456
101 1271
102 9979
103 2224
103 2953
104 4048
105 8308
106 4748
107 1675
107 653
107 8636
108 6822
108 7720
108 656
108 3903
108 8370
109 6563
109 9918
109 9875
110 3354
110 4327
111 9672
112 5549
113 8653
114 4511
114 8788
114 1011
115 5624
116 8887
117 4471
117 1976
118 8653
118 2557
119 762
119 5628
119 5973
120 5947
121 7922
122 6582
123 1014
124 1660
125 4913
126 7118
127 7553
127 1510
128 4137
129 3200
129 6605
129 1957
130 3928
131 3001
131 149
132 3218
132 6982
133 3247
133 3972
134 7427
134 9720
134 1204
135 8827
135 1074
136 8189
136 557
136 3249
137 7166
138 5888
138 7187
139 8414
140 8085
141 8705
141 9568
142 9546
143 9652
143 4304
144 1913
144 4715
145 7083
145 8830
145 2742
146 4164
147 6194
147 8207
147 2832
148 1154
148 409
149 1211
149 8626
149 5551
149 6583
150 2411
151 953
152 9590
153 1124
153 8053
153 5514
154 4701
154 6327
154 1404
155 2631
155 3399
155 9575
155 9841
155 4658
156 7770
156 2201
157 5353
158 410
158 5332
159 378
159 3062
159 3157
160 2074
160 2908
161 2698
162 7880
162 5724
162 5274
163 2731
163 4366
164 894
165 4508
166 1982
167 831
168 1662
168 6680
168 4375
169 9754
170 3590
171 2248
171 4655
171 5871
171 8030
172 6785
172 3162
172 1087
173 5076
174 8593
175 9273
175 5993
175 7680
176 9521
176 4860
176 1809
177 8270
177 6305
178 3546
179 674
179 3471
179 457
179 9019
179 6690
180 9309
181 5852
182 6618
182 8664
182 4695
183 4818
183 750
184 8347
184 8494
185 1303
185 3938
185 8278
185 9551
186 5468
187 3086
187 2723
188 7466
189 6427
189 6545
190 1778
190 5370
190 6120
190 3960
191 9634
191 6429
192 318
192 2223
193 3690
193 6374
194 7933
194 9258
195 205
196 1868
197 7790
198 6329
198 8733
198 5051
198 8825
199 2798
199 6663
199 3792
199 8751
200 6798
200 5256
201 5451
201 6813
202 3159
203 6697
203 423
204 3347
204 8173
205 8606
206 1951
207 9759
208 3603
208 7627
209 3163
209 1214
210 4609
210 9245
210 874
211 3426
212 719
213 4390
213 8897
213 3489
214 6387
215 1439
215 8548
215 8579
215 1963
216 4176
216 3181
217 3898
217 2813
218 1704
219 6563
220 4429
220 8177
220 4319
221 2482
222 2681
222 2947
223 421
223 5239
224 7810
225 8930
226 7126
226 9161
226 8841
226 1847
227 636
228 3967
228 502
228 4052
228 6129
229 4108
229 5890
230 6231
230 2568
231 7294
232 573
232 3683
233 1996
233 9239
233 2275
234 2639
235 6238
235 5267
235 6025
236 8216
236 7749
237 7172
237 2225
237 5697
237 6359
238 808
239 8738
240 6535
240 8219
240 489
241 9738
241 3369
242 4454
242 1891
243 7763
244 771
245 5352
245 7249
246 572
246 8743
246 2313
246 1612
246 4416
247 1350
247 4670
248 7869
248 511
249 3246
250 1948
250 3752
250 1404
251 7871
251 7459
252 4076
253 2665
253 9602
254 8308
254 5270
255 8798
255 7246
256 6101
256 325
256 9129
257 3284
257 4049
258 2579
259 1545
260 639
261 751
261 3351
262 9232
262 5849
263 1566
263 9407
264 2293
265 3552
265 7354
265 7316
265 8124
266 7509
266 9450
266 8490
267 3468
268 1477
269 2015
270 4122
271 4736
271 4341
272 6612
272 9329
273 8760
273 3192
274 7998
274 5575
275 1826
275 7446
275 9704
275 3381
276 9838
276 8720
277 1094
278 4996
279 592
279 8150
279 3970
280 6586
281 603
282 5547
282 7555
283 4132
283 7497
284 5571
284 984
285 8856
286 6984
287 3588
287 9543
287 887
288 4236
288 3491
289 5549
289 8142
289 2995
290 7768
291 7531
291 8156
291 1226
292 7381
293 7560
293 4968
294 5630
295 4484
295 809
296 7441
297 8578
298 6387
298 1594
299 3181
300 9936
301 3821
301 3956
301 506
301 7318
302 9503
302 7284
302 3132
303 1755
303 7285
303 1862
303 9567
304 5436
304 5892
305 2816
305 8556
306 9498
307 1964
307 6193
308 8745
308 3936
309 1366
309 3021
310 945
310 4113
310 7100
310 3183
310 9047
311 3971
311 7236
312 6239
312 2731
313 1561
313 2031
314 4115
315 6499
315 6426
315 6527
316 3110
316 2381
317 6844
318 7564
319 2381
320 2379
320 6332
320 3452
321 7114
321 3611
321 5089
322 6807
322 3634
323 3419
324 6762
325 9243
326 1268
327 520
327 3747
327 3053
328 652
328 9149
328 2468
329 9795
330 4695
330 7658
331 4407
332 1215
332 2028
332 2946
333 6566
334 954
334 3008
334 3598
335 3468
335 3920
336 760
336 2365
337 4267
338 2879
338 935
339 1555
340 6464
340 8095
341 3627
341 2641
342 742
342 4914
343 9069
343 9884
343 9979
344 6897
344 5634
344 6424
345 9907
345 9066
346 7134
346 5595
346 7058
347 5027
347 8931
348 1377
348 503
349 4605
349 6617
350 2727
350 4421
350 1163
351 6921
351 9730
352 858
352 6876
352 2745
353 3120
354 5443
354 9831
355 3729
356 775
357 6398
358 4838
358 9276
359 8525
359 8025
360 5661
360 9943
361 4446
362 6630
362 3642
364 1167
364 5426
365 1602
365 3114
365 4856
365 1487
366 4988
367 7269
367 3168
368 618
369 427
370 9149
371 4825
372 4364
372 8257
372 8755
372 8417
373 3800
374 404
374 5774
375 6597
376 5074
376 8030
376 6982
376 2019
377 384
377 1422
379 3972
379 9997
379 8043
380 1310
381 8147
381 6577
381 6690
382 3599
383 4882
385 3297
385 9728
386 4551
386 7283
386 4880
387 9587
388 6510
388 605
389 2637
389 8519
390 9148
390 8116
390 2622
391 5777
392 5309
393 7279
394 2646
394 5588
395 7832
395 8294
395 5124
396 5405
396 9831
397 2132
397 3393
398 552
399 1663
399 1535
400 6109
400 5852
401 1839
401 4922
402 3019
403 1371
405 1139
405 7437
406 2510
406 4619
406 8396
407 8187
407 8267
408 9074
409 2479
409 1009
410 5309
411 2353
412 2604
413 6151
413 6610
414 4550
414 7618
414 3188
414 2274
415 1149
415 5733
416 3652
416 7986
416 5691
417 1834
417 9915
419 6191
419 2969
420 1334
420 5704
422 735
422 3323
423 4322
424 8312
425 6493
426 2858
427 6584
427 3095
428 8237
428 6272
429 6235
430 5760
430 4286
431 1924
431 8621
431 9684
431 647
432 6261
433 2235
433 5409
434 984
434 909
434 3845
435 7317
436 3201
437 3416
437 7609
438 8446
438 2279
439 3482
440 5746
440 4010
441 2637
442 9847
443 4540
443 9637
444 9445
445 9004
446 5271
446 1155
447 8185
447 1665
448 4436
449 1198
450 822
450 4360
451 7495
452 9294
452 7554
453 2229
454 1133
454 9509
455 7167
456 1460
456 4626
456 1676
456 7885
457 5048
458 2766
458 2789
458 1274
459 9578
460 2336
460 7052
461 9574
462 3910
462 6391
462 5198
463 8265
464 3212
464 3757
465 6646
465 7544
466 4485
466 9645
466 469
466 1118
467 1819
468 4928
469 5853
469 3651
470 6445
470 7060
471 7264
471 9502
471 4744
471 1843
472 2060
473 1823
474 5632
474 4294
475 9487
476 2831
476 1687
476 560
477 3655
478 5500
478 3883
479 5706
479 8516
479 3820
480 657
480 9910
481 1118
481 3009
482 772
483 6560
483 9660
483 9254
484 6447
485 1482
485 2513
485 2336
486 4462
486 3360
486 7666
487 7510
488 8238
488 1522
489 8281
489 4734
489 4069
490 7045
491 4698
491 8406
492 5758
493 8416
493 7439
494 1906
494 5402
495 1432
496 4091
496 9781
496 3288
496 2479
497 3990
497 4391
497 9835
498 2773
498 1655
498 1915
499 1137
500 9604
500 6351
501 1436
501 2956
501 4573
502 6504
502 7817
503 3764
504 764
505 7234
506 9237
507 8161
507 3056
508 5343
508 5576
509 6214
509 6870
510 5662
510 4143
510 3122
510 6763
511 7591
511 6664
511 8042
512 4713
512 5632
513 7294
513 8132
514 5144
514 7455
515 6819
516 7917
516 6569
517 5023
517 9763
518 3795
518 9992
519 2166
519 3712
521 4318
521 5822
521 6184
522 8721
522 4832
523 3525
523 8591
524 9272
525 2669
525 2711
525 9470
525 7380
526 2528
527 1197
527 8357
528 3274
528 5706
529 7874
530 1740
531 2158
531 2573
532 8641
532 3196
533 3564
533 7249
533 6568
534 4397
534 5532
535 1450
536 8836
536 7847
537 4812
538 1564
539 9093
540 9284
541 4022
541 6779
541 4589
542 4031
542 6781
543 9706
543 3804
544 684
544 5578
545 2408
546 2301
547 9087
548 9571
549 3483
549 8777
549 5436
550 2403
551 2788
552 3829
552 3009
553 5867
554 9268
555 6216
556 1275
556 6773
556 4806
556 2249
557 7014
558 4075
558 9360
559 1706
560 5441
560 5899
560 2519
561 6608
561 8688
561 4106
561 9224
562 3311
562 7785
563 6408
563 1848
564 817
564 5550
565 9747
565 5951
566 6052
566 2145
566 9751
567 7936
568 5293
569 1823
569 9445
569 9519
569 6514
570 2432
570 1408
571 8546
571 3019
572 1574
572 3868
572 8778
573 606
574 8739
574 1095
575 1900
576 2735
576 3111
577 5981
577 5599
577 1304
578 7353
578 5455
579 5272
579 8343
580 7170
580 7987
580 9887
581 2820
581 1999
582 7733
583 4612
584 7547
584 4319
584 1819
585 7555
585 9573
586 1763
586 7825
586 5036
587 2306
587 2532
588 5115
588 6270
588 3158
589 2775
589 6873
589 7781
590 7295
590 4008
591 3716
592 6496
593 3283
593 9757
593 8367
593 7932
594 5805
594 2270
595 4177
595 7214
595 9094
596 5706
597 1863
597 8004
598 5291
598 7171
598 1307
598 9890
599 3093
599 7478
600 3750
601 4653
601 1716
601 1023
602 641
602 944
603 7552
603 5140
603 8832
604 1936
604 5809
604 1537
604 5680
604 4488
605 8355
607 8391
607 1665
608 8300
609 1851
610 5751
610 6986
611 9238
611 7186
612 4119
612 8587
612 6179
612 2046
613 8978
614 1456
615 5745
615 5887
615 3409
615 980
616 2577
616 1851
616 4428
617 2048
618 7690
619 6538
619 6924
620 5453
620 970
621 853
622 9145
622 1727
623 9681
623 3504
624 4721
624 5156
624 8455
624 5556
625 2021
625 5615
625 5132
626 3015
626 7708
626 2703
627 7832
628 5365
628 3546
629 2675
629 2614
630 5736
631 8366
632 1026
632 8163
632 2507
633 7822
634 3334
635 5997
635 5220
636 4608
636 5695
637 1651
637 9066
638 5610
638 1462
638 8503
638 7858
639 6430
639 4431
640 863
640 5269
640 1999
640 4802
641 5923
642 6599
642 1490
643 1917
643 2844
643 5523
643 2545
644 3083
644 4860
645 8067
646 778
647 1884
648 667
648 1002
649 1080
649 1325
649 6055
649 2727
650 9501
650 8478
650 4801
651 8294
652 6189
653 2477
653 5801
654 9635
655 4194
656 5125
656 8938
656 3989
658 8607
659 8586
660 3802
660 2660
661 1749
662 3011
663 7456
663 8795
664 2688
664 5237
664 9049
665 3298
665 4876
665 4585
665 8307
666 891
666 3492
666 8850
666 4946
668 9475
669 3812
670 9332
670 2478
671 7586
672 4893
672 5422
673 4235
673 1552
675 7734
675 9846
675 7338
676 1864
677 3649
678 2992
678 741
679 2744
679 3355
679 4887
679 4673
680 883
680 8797
680 9430
681 1939
681 3017
682 3540
682 5546
682 9570
682 6815
682 1359
683 6014
684 3610
685 3074
685 6756
686 2036
686 2590
687 1915
687 9576
688 5259
689 2786
689 9413
690 756
690 8886
691 5759
691 2496
692 8205
693 6910
694 8636
694 8968
695 1967
696 6885
696 2422
696 2274
697 4916
698 5347
698 5808
699 3649
700 1037
700 7324
700 3589
701 8267
701 1862
702 1699
703 6419
703 2291
704 6225
704 5920
705 5020
706 4996
707 7169
708 3145
709 3878
709 9938
709 5959
710 3329
710 4020
710 7223
711 3012
711 4063
711 9896
712 5333
713 1446
714 4387
714 3232
715 8541
715 5558
715 3853
716 7856
716 1115
717 4385
717 9156
718 2565
719 6632
719 2781
719 6093
720 5623
721 9778
722 2514
723 3145
724 6943
725 8186
725 7718
726 2585
726 1383
726 9982
727 1341
728 1434
729 5162
730 2893
730 2690
730 2192
731 9893
732 6335
732 8000
733 3337
734 3823
734 4542
735 5980
736 4897
736 9927
737 3425
737 6172
737 5082
738 5151
739 4386
740 8793
740 2534
740 1252
741 2647
741 1349
742 5379
742 7822
743 1548
743 3044
743 5512
744 960
744 2986
744 8782
744 5260
745 2498
746 3199
746 1545
747 9168
747 5674
748 1814
749 7268
750 3671
752 8506
753 2658
754 7738
755 9823
757 7792
757 2816
758 7233
759 5742
760 8648
760 7794
761 2475
761 5498
761 6158
761 7355
763 8079
763 3367
764 1362
765 8518
765 4199
765 5151
766 956
766 2887
767 7874
767 6889
768 8145
769 995
770 8821
770 1259
770 8194
770 8766
771 9296
771 6875
771 7698
772 3958
772 5151
773 6084
773 5334
774 6268
774 6478
774 4100
774 7214
775 6967
776 1734
776 8258
777 8839
777 6862
778 4203
778 5911
779 7686
779 2591
780 1817
780 8957
780 9858
781 1908
781 9903
782 7565
782 995
782 5368
783 9215
783 4615
784 7806
784 9605
784 5274
785 1205
785 1899
786 5217
786 9178
786 9310
787 6541
787 7956
787 2816
788 6250
789 2541
790 7276
790 6198
791 3488
791 8846
791 3292
791 5115
792 7257
792 7767
792 8909
792 8709
792 9641
793 7182
793 8500
793 7862
793 6741
794 3184
795 7141
796 9174
796 7272
797 2955
798 7820
798 9879
799 3358
800 2896
800 6305
801 4357
802 4167
802 7715
802 5130
803 3849
803 5081
803 9094
804 8349
804 3815
804 7882
804 3884
805 5578
805 9280
806 3168
806 7799
806 1686
807 4151
808 1185
808 7654
809 879
809 6188
809 3331
809 2472
810 3563
811 4815
812 6558
813 1323
813 2778
813 7659
813 3451
814 3669
814 6078
814 9894
814 8979
815 6421
816 5038
816 7274
817 8984
818 4256
819 5471
820 5075
820 7535
820 6505
821 1610
821 7499
821 1578
823 2491
823 9430
823 7484
823 9209
824 3945
825 9957
825 1237
826 3098
826 1780
827 8509
828 2884
829 859
830 4569
830 6753
830 6623
831 2564
831 2909
831 5073
831 1828
831 6363
832 6815
833 1521
834 5773
835 1961
836 4613
836 7578
837 2320
837 9056
837 1226
837 6304
838 8113
838 1835
839 8945
839 5124
840 5513
840 7546
841 2210
841 3811
841 7051
841 2933
842 7682
842 8144
842 2905
843 2467
843 7382
843 8559
844 3787
844 8049
844 1422
845 2777
846 8939
846 6800
846 980
846 4883
847 7739
848 6066
849 1514
849 7467
850 7460
850 1075
851 3504
852 8152
852 8033
853 8489
854 3908
855 6615
856 3949
856 7080
856 9464
856 7300
857 1754
857 2957
857 3807
857 7809
859 9850
859 2282
860 2931
860 3598
860 2781
861 7641
862 5526
864 7504
864 3041
864 4246
865 2613
865 6104
865 2242
866 4379
866 8164
867 3681
867 4163
867 6835
867 5892
868 2022
868 4817
868 1400
868 9210
869 1733
869 2155
869 4734
870 3229
870 4674
870 4933
870 8282
871 8987
871 7277
871 7709
872 4337
873 7802
873 9824
873 7151
874 1562
875 2388
875 4489
876 7622
876 6849
876 6932
877 8174
878 9775
880 1787
880 2777
881 1216
882 5824
884 4693
884 5715
884 6004
885 8568
885 7562
886 3393
886 5731
886 9160
886 9630
887 8494
888 4230
889 1564
889 8673
890 9527
891 4676
892 9632
892 4485
893 7501
894 9426
895 9006
895 5188
895 9861
896 2441
896 4820
897 4728
898 8745
899 5126
899 4094
900 1296
900 7901
901 3132
901 8373
902 6515
903 6762
903 3130
903 8526
904 5959
905 5317
906 3407
906 6996
907 2577
908 2066
909 1486
909 5937
910 4126
910 3744
911 3773
911 1100
912 3008
913 5568
914 5231
914 6528
914 4768
915 8081
916 6549
917 6694
918 4045
919 8177
920 7233
920 2370
921 1599
922 2884
922 5183
922 2179
923 8693
924 3119
924 1846
925 3117
925 1850
926 3999
926 5778
926 8045
927 4859
927 2540
927 4353
927 2860
928 3463
929 6341
929 5466
930 2828
930 8644
931 6546
931 1585
932 6907
932 2965
933 2893
934 1261
935 9336
935 9592
935 3916
936 9507
936 8818
937 3210
937 7834
937 8447
938 6607
938 2445
939 2472
939 9727
939 1198
940 6469
940 9979
941 4024
942 1049
942 5342
943 1322
944 9784
946 3257
946 6309
946 9633
947 1618
947 9377
948 6543
948 7409
949 4585
950 7905
951 4003
951 6498
952 3590
953 4207
953 1292
953 8367
954 1199
955 8362
955 9677
955 6918
956 7224
957 5488
958 6662
959 9478
959 7841
959 3221
961 2799
961 974
962 4002
962 3850
963 9757
964 4474
965 1708
965 7275
965 4860
966 7830
966 4186
967 7801
968 5638
969 3801
969 6706
969 9742
970 3666
970 9101
971 9870
971 7093
972 1678
972 6278
972 5425
973 5228
973 9673
974 8506
975 5486
975 5652
975 6367
975 7534
976 8942
976 6034
977 5620
978 1190
979 8341
980 6182
981 4716
982 2593
983 6134
985 7360
985 6950
986 5061
987 1730
987 8678
987 2275
988 1849
988 5597
988 4291
989 6552
989 2510
990 4967
990 8212
991 7250
991 9943
992 3824
993 5713
993 4207
994 1193
994 9085
994 4323
995 9475
996 6100
996 6230
997 1228
997 9991
998 6609
999 1614
999 1727
999 4473
1000 6698
1000 3057
1001 7116
1003 1950
1003 2914
1004 2088
1004 3033
1004 8341
1004 4035
1005 9337
1005 7462
1006 6613
1006 6924
1006 2798
1007 4414
1008 8545
1008 7097
1009 9530
1010 1509
1010 9155
1011 7431
1011 2127
1012 3606
1012 5459
1013 5028
1013 7825
1014 5304
1014 3597
1015 8993
1015 3172
1016 1335
1017 8771
1018 1616
1019 4513
1020 5802
1020 8099
1021 6938
1022 7850
1023 3934
1023 2792
1023 4232
1024 1788
1024 3562
1024 6513
1024 1916
1025 8732
1026 2086
1027 3769
1027 4931
1028 7546
1028 6783
1029 7300
1029 8926
1029 6419
1030 4552
1031 9059
1032 3224
1032 1709
1033 9803
1033 5936
1033 8469
1034 4954
1034 7860
1035 5465
1035 4945
1035 2231
1036 2918
1036 3305
1036 1729
1038 8959
1038 4585
1039 7590
1039 6975
1040 5833
1040 4870
1041 9309
1041 8602
1042 8108
1042 3632
1043 8123
1044 9690
1044 3741
1045 1974
1045 4620
1046 5099
1047 2541
1047 1665
1047 6737
1048 2987
1049 2077
1050 1413
1051 6459
1051 1663
1052 1487
1053 8038
1054 7652
1054 9222
1055 3419
1056 9371
1056 9292
1057 8677
1058 6958
1058 9394
1058 9768
1058 9989
1058 3437
1059 1397
1060 7142
1060 1922
1061 6767
1061 8741
1061 9474
1061 3047
1062 5127
1062 5649
1062 3811
1063 5727
1063 2336
1064 6948
1064 2245
1065 3326
1065 4815
1066 2195
1066 5664
1067 8544
1067 2643
1068 2353
1068 6421
1068 3283
1069 5551
1070 2551
1071 8117
1071 4896
1072 7297
1072 7925
1073 6652
1074 9804
1074 1423
1075 4897
1076 8203
1076 7999
1076 9692
1077 9661
1077 9685
1078 2679
1078 7592
1078 5220
1079 8295
1081 5776
1081 7925
1082 1885
1082 4557
1082 5276
1083 6610
1083 9738
1084 6479
1085 5435
1086 1965
1086 2165
1087 8465
1087 2463
1087 1167
1088 3441
1088 2090
1089 2642
1089 5089
1089 9508
1089 6148
1090 1155
1090 6801
1091 5422
1091 5743
1091 5796
1092 6660
1093 2907
1094 8588
1094 7409
1095 9260
1096 2508
1096 8600
1096 8831
1097 9218
1098 2942
1098 6624
1099 7109
1100 9487
1100 9452
1100 2805
1100 3409
1101 4055
1102 9878
1103 3985
1103 9953
1103 6428
1104 2769
1104 5905
1104 6396
1104 5705
1104 1307
1105 7375
1105 2413
1106 2747
1106 5279
1107 3687
1107 7953
1107 1700
1108 9025
1108 9130
1108 8984
1109 7440
1109 8555
1109 8389
1109 9338
1110 1316
1111 7515
1111 1665
1112 3216
1112 3555
1112 7728
1112 9829
1113 7370
1114 6032
1115 4953
1116 8024
1116 8241
1116 4333
1117 8443
1117 6362
1120 7495
1120 6416
1121 6939
1122 9193
1122 7576
1123 7849
1123 9405
1125 7383
1126 7726
1126 8964
1127 6816
1127 2106
1128 9830
1129 4709
1130 7077
1131 3240
1132 7039
1132 6112
1133 4248
1134 7338
1135 7801
1135 2580
1136 8015
1137 8661
1138 6961
1138 2040
1139 1558
1140 2057
1141 9490
1141 9719
1141 3632
1142 7745
1143 2602
1143 5868
1143 4956
1144 1615
1144 7447
1145 2492
1145 6843
1146 2306
1147 4210
1147 4228
1147 6683
1148 3360
1149 7500
1150 4693
1151 7918
1151 8279
1151 9146
1151 5007
1151 3149
1151 6803
1152 9514
1152 6705
1153 6380
1155 4359
1156 6570
1157 1814
1158 9456
1159 3980
1160 2343
1161 8244
1161 4742
1162 3935
1163 9512
1163 1573
1163 2838
1164 8029
1164 5693
1164 4932
1164 7508
1164 6442
1165 7759
1166 2833
1168 6514
1168 9043
1168 4971
1169 6717
1170 1693
1170 3940
1170 3177
1171 5067
1172 4862
1173 1525
1173 4923
1173 2651
1174 8592
1175 2149
1175 8253
1175 2391
1176 6365
1177 8651
1177 9007
1178 6299
1179 1902
1179 5491
1179 8123
1180 6375
1181 9425
1182 7767
1183 6521
1183 9995
1183 1723
1184 6437
1184 2874
1185 5736
1185 9819
1186 1901
1187 7180
1187 1600
1188 3499
1188 7831
1188 4411
1189 8701
1189 8061
1190 1642
1190 8390
1191 9144
1192 9349
1193 8310
1194 5186
1194 1228
1195 2289
1196 5281
1196 2908
1198 4539
1200 8334
1201 1551
1201 5576
1201 9864
1202 7013
1203 6348
1204 6026
1204 7293
1204 9775
1204 1612
1205 4125
1205 8989
1205 9696
1205 2684
1206 4040
1206 5365
1207 7772
1207 4697
1208 5487
1208 5682
1208 2473
1209 9709
1209 4235
1210 6261
1211 1256
1211 7008
1212 3626
1213 6534
1213 4817
1214 3916
1214 9771
1216 1857
1217 6005
1217 8549
1217 3671
1218 5178
1218 3417
1218 3090
1219 1222
1219 3660
1220 5388
1220 2787
1220 7696
1221 9839
1221 6671
1223 6239
1224 5664
1224 3158
1225 4377
1227 9341
1227 8741
1228 9015
1229 9323
1229 4605
1230 5075
1231 6882
1231 5871
1232 8505
1233 9210
1233 6382
1234 8290
1234 6489
1235 8037
1235 1869
1236 2333
1236 8813
1236 6569
1237 2619
1238 2666
1239 3226
1239 9800
1239 7823
1240 7826
1241 8214
1241 4610
1242 3300
1242 4565
1243 9064
1244 6008
1245 5696
1246 5737
1247 6680
1248 5990
1248 3553
1248 1694
1249 3917
1249 7481
1250 4561
1251 3032
1251 8282
1252 5255
1253 7781
1253 8660
1253 7282
1254 1305
1254 6413
1255 7554
1255 3000
1255 6799
1255 3273
1255 1290
1257 6013
1257 5162
1257 4823
1257 9727
1258 6916
1259 5495
1260 3804
1261 8462
1261 5102
1261 3917
1262 4458
1262 3276
1263 2414
1263 3136
1264 4017
1264 9399
1265 5224
1265 1444
1266 6341
1267 4773
1267 4821
1269 4765
1270 3244
1270 7974
1271 5325
1272 8895
1273 8423
1273 2860
1273 3113
1273 6369
1274 7815
1276 6106
1277 9418
1277 4715
1278 6451
1278 9737
1278 5796
1279 4936
1279 2645
1279 9367
1280 7868
1281 5059
1281 9209
1281 7018
1282 6919
1282 5687
1282 9247
1282 7961
1283 7469
1283 7474
1284 6747
1285 5031
1285 3988
1286 2965
1286 4567
1287 4168
1288 7180
1289 2244
1289 2095
1290 7350
1290 7894
1291 2261
1292 9011
1292 8898
1292 7899
1293 4230
1293 7430
1294 3099
1294 6409
1295 8100
1296 6360
1297 9740
1298 5884
1299 2015
1299 5746
1300 1827
1300 8225
1301 3800
1301 5248
1302 4781
1304 5192
1304 5153
1306 1934
1306 6572
1306 5407
1307 5412
1308 1933
1308 7845
1308 3768
1309 3493
1309 7613
1309 1350
1310 2011
1311 9271
1311 2460
1311 2377
1312 8550
1313 5398
1313 4237
1314 8330
1314 9315
1314 6151
1315 6536
1316 3436
1317 4843
1317 2500
1318 8825
1318 4871
1319 2642
1320 4424
1321 2062
1321 9710
1321 3930
1322 3350
1322 5815
1324 3125
1324 8319
1324 9186
1324 3784
1326 8375
1326 6217
1327 6531
1327 9526
1327 9818
1328 8133
1328 6420
1329 1517
1330 8645
1331 2793
1331 6168
1331 1438
1332 7379
1333 5647
1335 3426
1335 5617
1336 9672
1337 3304
1338 8923
1338 4107
1339 5438
1340 8115
1340 6787
1341 1501
1341 5631
1341 5588
1341 5042
1341 4532
1342 5609
1342 3340
1343 4027
1344 9408
1345 9079
1345 8297
1346 6195
1346 5774
1346 2007
1347 8359
1347 3590
1348 4837
1349 8025
1349 5729
1351 8180
1351 5190
1352 9007
1352 6838
1353 8488
1354 4699
1355 6842
1355 9200
1356 5166
1357 5255
1358 5130
1359 8948
1359 8916
1360 5259
1360 5305
1360 6540
1361 4350
1362 4149
1362 8140
1363 1675
1364 2568
1365 3822
1365 6420
1365 5474
1366 5098
1366 8006
1367 5088
1368 9203
1368 8263
1368 8926
1369 8066
1369 2429
1370 7240
1371 8315
1372 8065
1372 9195
1373 5542
1373 5119
1374 1563
1374 5777
1374 4074
1374 7857
1375 6570
1375 7161
1376 3822
1377 2716
1378 3831
1379 2803
1379 9420
1380 3963
1381 5527
1382 9577
1382 5747
1382 4241
1383 3901
1383 9927
1384 2400
1385 3726
1385 8212
1385 6424
1385 8011
1386 6496
1387 4735
1387 7620
1388 7713
1389 7400
1389 9892
1389 2313
1390 7670
1391 7928
1391 6787
1392 2321
1393 6602
1394 9639
1394 9795
1394 8469
1394 5090
1395 2610
1395 7146
1395 2603
1396 9224
1396 1843
1397 9616
1397 6085
1397 8058
1398 6740
1398 7622
1399 5778
1400 6813
1400 9438
1401 4220
1401 6654
1401 8725
1401 7611
1402 2823
1403 3980
1404 4659
1405 7090
1405 4353
1406 3763
1407 9023
1407 5360
1408 9256
1408 1609
1409 6718
1409 2124
1410 4654
1411 2919
1411 8363
1411 5503
1412 4657
1413 7940
1414 5837
1414 7290
1414 8764
1414 7201
1415 9542
1415 3523
1416 3995
1416 9665
1417 4910
1418 2512
1418 5338
1418 4021
1419 2851
1419 4201
1420 6621
1420 2427
1421 6067
1421 3679
1422 7397
1422 8116
1423 9049
1423 6918
1423 8775
1424 1847
1424 8187
1425 5554
1425 3426
1426 9198
1427 9667
1428 3978
1428 4680
1429 9393
1429 3654
1430 4594
1431 9475
1432 5547
1433 2082
1433 6239
1434 1935
1434 3404
1435 2709
1435 1534
1435 2964
1437 9143
1437 8526
1437 4696
1438 7540
1439 2545
1439 2092
1440 8829
1440 8665
1441 6393
1441 5088
1442 6248
1443 3587
1443 8221
1443 2011
1444 5328
1445 6319
1446 4317
1446 6446
1446 1838
1447 9402
1447 9601
1447 6790
1448 9185
1449 6979
1450 5982
1450 5172
1451 7896
1452 7201
1452 5485
1453 4641
1454 8448
1455 4444
1455 9170
1456 8601
1457 6683
1458 4784
1458 8355
1458 6440
1459 6106
1459 1625
1461 6164
1461 8529
1462 4785
1462 5567
1463 8603
1464 6630
1465 2350
1465 3647
1465 2216
1466 4718
1466 7649
1467 2315
1468 5377
1469 2286
1469 3641
1469 9627
1469 7761
1470 4789
1470 4639
1470 8562
1471 9734
1472 6764
1472 2595
1473 4150
1473 1695
1473 9285
1474 6438
1474 6788
1475 6532
1475 9889
1475 5171
1476 3237
1477 5865
1477 8457
1477 2579
1478 4535
1479 5724
1480 6143
1481 2751
1481 9317
1482 5134
1483 4782
1483 9439
1483 6671
1484 6976
1485 5657
1485 8077
1485 6442
1486 2852
1487 2551
1487 9642
1487 6633
1488 1948
1489 7559
1489 7967
1489 9626
1490 9266
1491 9763
1491 5124
1492 8356
1492 7130
1492 3826
1493 9502
1494 2993
1495 8532
1495 5820
1496 8226
1496 9932
1497 3845
1497 6999
1498 2048
1499 5620
1499 6136
1499 9481
1499 8504
1500 1951
1502 7648
1503 1587
1503 1547
1503 9277
1504 8713
1504 7179
1505 2553
1506 3282
1507 6639
1507 9808
1507 3912
1508 2810
1510 5167
1511 9022
1512 5688
1513 6471
1513 7744
1514 1644
1515 7914
1516 7448
1517 9704
1518 9150
1518 8338
1518 6510
1519 8771
1519 9999
1520 3524
1520 2272
1520 7939
1521 5002
1522 4668
1523 3181
1523 2543
1524 9030
1524 7268
1526 6487
1527 1631
1528 5488
1529 8090
1530 2762
1530 4928
1530 4626
1531 7243
1532 7511
1533 6802
1533 3284
1534 7587
1535 3739
1535 9555
1536 8746
1536 7267
1537 3713
1537 3788
1537 3053
1538 5635
1538 4480
1539 9473
1540 2247
1540 9288
1541 4781
1542 8594
1542 7602
1542 6326
1543 8996
1544 9314
1545 4866
1546 1989
1546 9584
1547 1822
1547 2743
1549 9335
1550 4362
1550 9013
1551 7666
1551 3559
1551 4766
1552 4625
1552 4711
1552 9073
1552 2303
1552 9925
1553 5229
1553 6240
1553 5974
1553 9429
1554 8855
1554 8359
1555 3239
1555 1687
1556 2431
1557 6173
1557 2747
1559 9356
1560 2130
1560 4014
1560 9732
1560 3433
1561 4835
1561 7060
1562 4270
1564 7149
1565 5198
1567 3982
1567 5336
1567 4975
1568 7576
1568 6127
1568 7092
1569 9555
1569 3455
1570 2434
1570 7067
1570 8374
1571 9351
1571 5573
1571 5593
1572 7949
1572 9272
1572 6282
1573 9606
1573 8799
1573 5732
1575 8926
1576 3702
1576 7985
1577 9078
1578 8913
1579 4054
1579 4037
1579 8311
1579 9046
1580 1722
1581 8592
1582 1962
1582 7282
1583 4760
1583 8487
1583 2342
1584 7340
1584 2970
1585 3852
1585 8326
1586 1606
1588 6756
1588 8400
1588 6774
1589 5691
1590 7162
1591 9009
1592 1673
1593 4780
1594 3653
1594 7242
1594 3596
1594 9799
1595 3448
1595 3621
1595 8243
1596 4016
1596 5392
1596 7394
1597 5393
1597 7197
1598 2514
1598 8088
1598 6014
1600 4644
1600 3006
1601 5567
1603 7478
1604 8780
1604 5042
1605 3679
1605 4561
1606 2975
1607 3412
1607 5433
1607 5340
1607 3556
1608 7432
1608 7952
1608 3366
1609 5859
1609 9492
1609 6747
1611 1738
1611 6558
1612 4787
1613 6865
1615 3286
1615 7595
1616 8853
1617 3819
1617 6634
1617 1655
1618 7357
1619 2051
1619 8289
1619 8882
1620 4651
1620 5138
1620 8286
1621 4746
1621 2015
1622 8307
1622 2572
1623 8978
1624 7376
1624 6688
1624 5800
1625 6673
1625 5235
1625 4173
1625 1893
1626 3670
1626 3568
1626 6405
1627 4990
1627 9391
1627 6074
1628 5488
1628 9718
1628 4631
1629 2691
1629 4708
1630 4399
1630 7790
1631 3202
1631 8843
1632 8360
1632 4673
1632 5004
1633 3382
1633 6814
1634 9926
1634 4137
1635 8154
1635 2141
1636 5539
1637 9368
1637 6433
1638 9348
1638 5575
1639 4984
1639 3279
1640 4249
1641 8188
1642 4466
1643 1712
1643 6947
1643 6967
1645 7830
1646 4114
1647 3813
1648 7813
1648 2942
1649 2072
1649 4833
1649 5577
1649 2630
1649 1899
1650 6397
1652 3876
1652 6474
1653 6504
1654 8313
1654 5793
1655 4165
1656 5994
1656 8599
1657 7776
1657 7470
1658 8174
1658 9714
1659 2527
1659 6179
1660 9270
1661 3203
1661 7267
1661 6934
1664 3349
1664 8919
1666 1667
1667 4578
1668 2495
1668 2578
1669 7615
1669 7902
1670 7965
1670 6970
1670 6927
1671 8235
1671 2418
1672 3032
1673 6367
1675 8716
1676 2586
1676 8715
1677 6809
1678 5704
1678 6121
1679 2646
1680 9340
1681 9219
1681 7033
1681 2499
1682 5849
1682 7738
1683 8617
1683 3004
1684 3467
1685 5091
1686 6204
1686 6440
1687 3604
1687 4146
1688 3592
1689 2752
1689 5447
1689 5115
1690 5287
1690 5368
1691 7718
1691 9102
1691 9783
1691 5638
1692 6266
1692 9632
1694 1898
1694 4976
1694 6653
1695 7603
1696 2316
1697 7654
1697 8398
1697 8743
1698 4363
1698 4813
1698 3895
1699 6246
1699 4752
1700 9369
1701 3460
1701 9149
1702 2096
1702 6520
1702 7630
1702 4317
1703 8437
1703 9665
1704 3361
1704 5283
1704 6687
1705 8337
1706 2292
1706 5769
1706 3672
1707 3140
1707 8562
1707 4619
1709 7889
1709 1806
1710 9014
1711 5462
1713 9655
1714 3924
1714 8159
1715 7624
1715 3082
1716 3175
1717 4497
1717 7254
1718 7909
1718 3192
1719 3352
1719 3830
1719 4061
1719 7525
1719 5396
1720 9568
1721 6174
1721 5281
1722 1910
1722 6442
1722 8959
1723 8377
1724 8344
1724 4879
1725 3184
1725 8811
1726 4722
1728 5418
1728 3518
1729 4875
1729 7035
1730 4098
1730 8608
1730 3765
1731 1882
1731 6672
1731 6099
1732 1969
1732 8278
1733 7421
1734 6337
1735 3337
1735 9676
1735 2792
1736 3140
1737 3632
1737 7393
1739 5676
1739 9736
1739 5892
1740 6869
1740 4761
1741 7479
1741 7397
1742 3467
1742 8801
1742 2767
1742 9871
1742 4274
1743 5377
1743 2032
1744 6411
1744 3001
1745 3528
1745 3405
1745 9867
1746 9550
1747 2459
1747 3710
1748 1979
1748 9903
1749 3189
1749 8724
1749 2608
1750 8213
1750 7080
1751 5423
1752 6196
1752 8393
1752 6255
1753 9751
1753 4530
1755 6449
1756 5987
1756 1953
1756 6116
1757 4689
1757 4922
1757 6966
1758 8674
1758 3279
1758 8502
1759 6741
1759 9084
1760 5638
1761 6677
1761 3315
1762 6575
1764 7069
1764 9221
1765 8237
1766 9746
1767 3809
1767 4652
1767 6774
1768 8404
1768 6726
1768 2836
1769 6215
1769 7675
1770 5163
1771 4705
1771 6041
1772 4971
1772 9887
1773 4346
1773 2568
1774 3644
1775 2739
1775 5187
1776 2846
1776 7610
1776 4309
1777 6840
1777 5835
1777 9518
1777 8205
1778 2371
1779 5571
1780 5231
1781 9284
1781 4052
1782 8304
1782 9958
1782 6550
1783 4949
1784 9148
1785 2809
1786 1857
1786 7649
1786 3603
1787 3659
1787 9787
1787 6374
1789 2411
1789 8614
1789 5683
1789 7721
1789 8768
1790 3178
1790 5361
1791 9018
1792 8537
1792 8995
1793 7618
1794 2267
1794 3733
1795 6170
1796 6343
1796 9293
1797 1901
1798 3269
1798 2466
1800 5395
1801 7859
1801 3652
1802 8677
1803 8430
1803 6726
1804 6105
1804 2309
1804 9815
1805 4384
1806 8936
1806 2705
1807 9146
1808 8506
1809 9950
1809 3324
1810 7866
1810 5046
1810 4512
1811 4077
1811 4082
1811 8204
1812 6575
1812 9598
1812 8948
1813 8337
1814 8994
1815 2708
1816 7484
1818 2759
1819 4918
1819 9044
1820 9872
1820 3497
1821 3580
1821 3770
1823 5080
1823 8710
1824 9355
1825 6734
1825 8841
1827 7660
1828 3046
1828 8572
1828 5289
1828 9355
1829 6870
1829 8448
1830 6019
1831 3383
1831 7413
1832 2311
1832 4443
1833 9191
1834 5116
1834 8932
1834 9033
1834 3039
1835 5748
1835 7910
1836 2003
1836 4647
1837 5260
1837 7204
1837 3005
1838 5574
1840 6804
1840 8324
1841 8651
1842 8053
1843 4930
1843 9019
1844 3094
1845 2857
1845 6066
1846 3487
1846 3885
1847 6962
1848 4984
1850 3638
1851 8672
1852 9013
1852 3912
1853 5911
1854 3647
1855 3504
1856 7369
1858 1882
1859 4148
1859 5440
1859 7277
1860 7306
1860 8795
1860 9856
1861 7539
1862 4687
1864 2583
1865 3003
1865 2523
1866 7039
1867 7577
1868 5779
1868 7528
1869 4888
1869 4979
1869 8128
1869 3430
1870 7276
1871 6961
1872 6620
1872 4920
1873 6987
1873 5028
1874 2813
1874 6735
1874 7592
1875 7961
1876 2233
1876 4039
1877 9651
1878 4172
1879 8120
1880 7248
1880 8761
1881 2296
1881 3913
1882 8578
1883 2719
1883 9902
1883 7110
1884 5736
1886 2573
1886 7162
1887 7732
1887 9844
1887 9983
1887 5215
1888 4113
1889 2697
1889 2354
1890 7785
1890 6330
1891 8426
1891 7320
1892 6077
1893 8803
1894 6328
1895 8820
1895 4816
1896 2627
1896 3946
1896 3033
1897 3105
1899 2098
1899 5211
1900 8852
1901 3447
1903 5356
1903 4272
1903 4611
1903 4002
1904 7304
1904 8431
1905 8527
1907 3124
1909 6541
1910 7070
1911 8089
1912 8472
1913 8085
1914 2737
1914 5273
1914 7859
1915 9682
1916 7216
1918 4245
1919 3926
1919 4206
1920 3714
1920 7056
1921 5777
1922 3966
1922 6824
1922 8071
1923 4296
1923 7399
1923 5748
1924 4724
1924 6959
1925 3537
1925 5310
1926 3861
1926 4638
1926 9273
1927 7034
1927 3645
1927 5272
1928 5537
1928 7027
1929 9413
1929 7574
1930 9718
1931 5986
1932 4089
1932 2834
1935 5368
1937 2424
1937 6624
1938 6657
1938 3992
1939 9505
1940 5154
1941 4285
1941 5840
1942 2862
1943 7891
1944 5173
1944 1952
1944 2111
1945 4213
1945 9339
1946 5550
1946 8396
1947 5454
1947 6380
1947 9691
1949 6295
1949 7820
1950 8817
1951 4797
1952 7330
1952 5021
1953 3658
1953 2276
1954 9045
1954 8853
1955 9332
1956 3377
1956 8352
1957 7368
1957 3170
1958 7972
1959 4556
1960 7307
1960 7771
1961 5312
1961 5976
1963 3818
1963 9500
1963 9685
1965 8596
1966 3338
1966 5164
1967 4233
1967 5995
1968 2391
1968 8699
1968 7954
1969 4599
1969 8324
1970 6964
1970 4067
1971 3231
1972 2848
1972 5698
1973 8712
1975 7349
1975 4055
1976 2732
1977 2465
1978 9791
1980 7350
1981 4018
1982 2903
1982 5831
1982 9876
1982 4166
1984 6320
1984 5576
1985 9173
1986 2174
1986 6418
1987 4327
1987 4695
1988 3514
1988 6166
1988 5332
1990 5171
1991 9935
1992 3433
1992 6667
1993 3667
1993 2315
1993 6206
1994 6440
1994 6067
1995 6125
1995 6293
1995 5627
1997 5463
1997 8974
1997 7102
1998 6395
1998 8275
1999 9964
2000 2578
2000 5032
2000 3481
2001 3277
2001 7053
2002 4617
2002 4849
2003 6689
2003 2560
2004 4094
2004 4300
2005 6345
2005 7260
2005 2691
2006 7162
2007 3336
2008 9366
2008 3623
2009 5539
2009 5492
2009 4448
2010 3030
2011 8881
2011 2811
2012 3673
2012 3164
2013 4857
2014 3847
2015 3451
2016 2415
2016 3791
2016 3500
2016 4498
2017 5223
2017 3288
2018 5593
2018 7187
2019 7941
2019 5678
2020 9653
2022 4845
2022 7679
2023 4396
2024 4751
2024 4675
2025 2178
2025 7363
2026 6396
2027 5159
2029 4822
2030 5759
2031 7525
2032 4952
2033 4779
2034 3963
2034 4939
2035 9363
2036 8019
2037 7263
2037 7656
2037 7969
2038 4300
2039 6701
2039 6183
2041 2387
2041 8845
2041 3574
2042 8498
2042 7762
2042 8502
2043 7983
2044 3907
2044 3480
2045 6563
2046 8361
2046 9145
2047 5056
2047 5217
2048 5973
2049 8702
2049 3306
2050 4974
2050 7127
2051 3022
2052 9244
2052 8576
2053 7430
2053 4265
2053 2641
2054 2172
2055 8345
2056 6312
2056 5038
2057 5901
2057 7698
2057 9211
2058 8012
2058 2981
2059 4487
2059 9178
2060 7979
2060 7149
2061 8584
2061 2851
2063 3469
2063 9447
2064 8613
2064 8673
2065 4064
2066 4244
2066 6937
2067 5225
2067 3876
2068 5288
2069 7193
2069 8757
2069 8674
2070 6957
2071 7987
2073 7865
2073 5141
2073 5191
2075 2325
2076 5344
2076 9674
2077 5161
2078 6766
2078 9464
2079 6116
2079 5395
2080 8889
2081 2119
2081 6244
2082 9965
2083 2701
2083 4122
2084 5709
2084 4055
2085 2898
2087 8922
2087 5206
2087 4140
2088 6591
2089 3878
2090 3797
2090 8568
2091 7369
2091 9620
2092 8031
2093 2835
2093 3318
2094 9236
2094 7431
2095 9673
2095 7634
2095 2438
2097 6436
2098 5988
2099 3431
2099 6879
2100 8449
2101 5524
2101 9791
2101 2401
2101 3863
2102 7813
2103 7143
2103 8921
2104 2113
2104 3529
2105 9929
2106 8582
2107 6156
2107 4684
2107 4235
2108 3617
2108 6324
2109 9081
2110 4630
2111 8833
2111 2588
2112 5385
2112 7029
2113 5655
2113 5164
2113 5700
2113 5839
2114 7543
2114 6483
2115 6593
2115 7937
2116 7735
2116 4761
2117 8162
2118 2330
2118 7390
2120 6488
2121 7026
2121 8387
2121 9038
2121 4101
2122 3313
2122 8638
2122 3561
2123 5864
2123 2302
2124 2326
2124 9442
2124 6463
2124 7683
2125 8618
2126 2207
2126 4740
2126 8805
2127 8819
2127 7277
2128 6652
2128 5862
2129 3385
2129 2996
2131 5711
2131 2616
2131 9917
2131 3895
2133 4888
2134 9564
2134 7539
2135 8251
2135 4254
2136 2914
2136 7210
2137 6740
2138 6877
2138 2743
2139 6860
2139 2941
2140 4205
2140 2408
2141 7163
2142 5913
2142 9320
2142 6569
2142 7680
2143 2736
2144 5834
2144 8224
2145 8234
2145 4812
2146 7758
2146 6126
2146 2435
2147 7452
2147 8059
2148 6397
2148 5153
2148 4088
2150 5933
2151 2378
2151 3045
2151 2308
2152 6276
2153 3092
2154 9956
2154 2511
2155 3585
2156 3930
2157 9864
2157 6126
2158 7419
2159 5393
2160 4621
2160 9983
2161 2710
2161 9266
2162 2668
2163 9859
2164 6659
2164 6361
2165 4275
2166 9899
2167 3112
2168 9551
2168 5421
2169 9815
2169 9316
2170 5317
2171 4937
2172 2793
2173 5234
2174 7533
2175 6906
2176 2298
2176 9099
2177 7436
2179 5205
2179 8678
2180 6409
2180 5590
2181 8228
2182 7950
2183 4262
2183 9489
2183 9469
2184 4952
2184 8832
2184 3473
2185 5245
2185 6709
2186 6061
2186 2334
2186 6964
2187 2327
2187 8064
2187 7680
2188 3816
2188 5967
2188 3750
2188 8405
2189 6633
2190 6797
2191 2721
2192 6427
2193 3185
2194 7756
2196 2655
2196 7640
2197 4510
2197 2969
2197 6484
2198 3352
2199 4584
2199 4779
2199 5872
2200 6893
2201 7177
2201 8232
2202 7952
2203 8142
2204 2395
2204 9788
2204 7642
2205 6233
2205 2598
2206 4030
2206 2972
2206 3037
2208 7110
2208 3148
2209 9530
2211 8854
2212 4068
2212 7932
2213 8896
2214 8867
2215 4799
2215 5821
2216 4445
2217 2633
2217 5823
2217 5613
2218 8901
2218 9949
2219 8200
2219 9822
2219 9952
2220 4279
2221 8461
2222 8276
2222 8797
2223 9157
2223 7567
2225 6099
2226 3267
2226 3745
2227 8251
2228 8416
2229 3835
2229 4389
2229 5315
2229 4061
2230 4050
2230 6806
2231 3794
2231 9977
2231 8591
2232 3333
2232 3688
2233 9254
2234 8305
2234 9703
2234 2837
2235 4831
2235 9523
2236 5827
2236 7028
2237 4566
2237 5366
2237 7357
2238 9938
2239 8643
2240 2704
2240 8587
2241 9722
2241 3279
2242 3084
2242 7397
2243 9139
2245 5346
2245 4242
2246 3856
2246 5003
2247 9448
2247 9549
2247 5342
2249 6071
2250 8875
2250 7415
2251 7285
2252 4636
2253 6186
2253 7561
2254 7271
2255 4526
2255 3170
2255 9614
2255 5858
2256 9718
2257 7205
2258 5299
2258 4444
2259 5230
2260 4158
2260 4827
2260 3266
2260 7254
2260 5835
2261 3153
2261 6498
2261 5847
2262 3614
2263 7604
2263 2860
2264 4398
2265 5534
2265 9714
2265 2875
2266 4223
2266 3468
2267 4178
2267 7563
2267 7102
2268 9582
2269 4975
2270 7844
2270 8037
2271 4251
2272 6690
2273 2420
2274 2300
2275 8863
2275 2696
2276 7890
2276 6653
2277 6723
2277 5741
2278 6963
2278 7032
2279 2713
2279 2616
2280 9808
2281 9574
2282 7695
2283 7131
2283 5641
2284 7539
2284 6468
2285 8676
2287 7636
2287 5777
2288 2493
2288 5001
2288 8155
2289 3884
2290 6350
2290 8137
2290 9806
2290 6414
2290 5527
2291 9211
2293 6181
2294 9775
2295 2339
2297 3123
2297 9458
2297 8373
2299 3157
2299 4491
2300 6193
2301 7615
2302 5029
2303 3307
2303 3325
2304 4182
2304 5669
2304 7930
2304 4475
2305 5956
2305 6260
2305 8335
2306 4243
2307 2904
2308 2826
2308 8631
2308 4425
2309 6920
2310 4787
2312 3240
2312 5744
2314 3577
2314 3770
2314 3111
2314 3135
2315 9050
2316 4607
2316 4028
2317 4670
2318 9251
2318 3357
2318 9890
2319 8970
2319 9664
2321 5177
2321 6318
2322 2927
2323 6046
2323 3424
2323 6067
2324 3480
2324 7029
2325 8881
2326 8623
2327 7963
2328 4915
2328 6727
2328 9829
2329 8627
2330 9204
2330 7150
2331 5721
2331 3271
2331 3418
2332 3908
2332 6361
2332 8383
2334 2689
2334 3529
2334 9959
2335 9904
2336 8931
2336 6955
2337 3922
2337 6272
2337 5822
2338 9132
2339 4587
2339 4692
2340 3611
2341 9120
2342 5399
2342 7915
2343 2443
2343 8182
2343 3750
2344 6207
2344 6686
2344 4264
2345 6726
2346 8612
2347 3734
2347 5602
2347 7336
2347 9650
2348 5822
2349 4038
2349 7643
2349 5849
2351 2461
2351 3637
2351 5751
2352 4409
2352 9455
2352 8064
2353 5246
2354 6268
2355 8736
2356 4472
2357 6450
2357 8369
2358 5694
2358 4858
2359 7931
2359 8202
2359 6420
2360 3896
2361 9212
2362 6439
2363 7514
2364 8245
2365 4225
2365 3814
2365 2578
2366 9247
2367 2563
2367 7230
2368 8113
2369 3944
2369 3485
2370 3205
2370 8657
2370 4275
2370 9350
2372 9376
2372 9214
2373 2780
2375 3997
2376 4088
2377 7209
2377 8098
2377 2528
2378 3601
2378 8690
2380 5868
2381 4090
2381 7688
2382 7707
2382 9792
2382 4315
2383 3164
2384 7689
2384 2734
2385 5360
2386 5132
2386 6181
2389 7098
2389 7478
2389 6492
2389 7754
2390 3020
2392 7522
2392 6883
2393 2738
2393 6426
2394 9468
2394 8396
2395 5373
2395 4410
2396 7477
2397 8282
2397 3091
2398 7685
2399 9029
2399 4502
2400 5953
2400 4256
2401 8586
2401 3567
2402 6429
2402 9931
2403 2991
2403 5665
2404 9521
2405 3961
2406 9472
2406 9203
2407 5084
2408 4424
2408 4058
2409 3036
2410 4378
2410 8605
2412 3371
2413 5915
2413 5637
2415 6402
2415 7991
2416 4115
2416 9700
2417 3562
2418 5367
2418 6970
2419 4989
2420 2787
2421 8275
2421 6752
2422 2505
2422 5277
2423 4400
2423 6640
2423 3219
2424 4804
2425 4028
2426 8531
2426 3702
2427 8301
2428 7318
2429 2648
2430 4134
2430 4376
2431 2712
2433 5502
2433 2892
2433 4057
2435 9831
2435 8262
2436 3500
2437 7769
2438 4217
2438 6805
2439 6708
2440 4498
2440 9668
2442 7745
2442 7037
2443 8063
2444 9054
2445 2758
2445 5427
2445 9423
2446 8520
2446 7627
2446 8952
2447 3066
2447 6509
2447 4894
2448 8625
2448 8853
2448 5182
2449 2771
2449 7440
2450 9362
2450 8610
2451 3077
2452 2999
2452 8275
2453 8920
2453 4373
2454 7213
2454 7833
2455 9749
2456 5194
2456 8244
2457 5671
2457 6357
2458 5029
2458 5199
2458 4681
2460 4865
2461 5517
2462 4544
2462 9582
2463 6486
2463 9702
2464 6713
2464 7243
2464 7327
2465 9457
2465 9895
2465 2515
2466 4849
2466 3211
2468 7934
2469 7754
2469 3548
2470 6280
2470 6454
2471 7862
2473 9246
2474 9585
2474 9749
2474 8927
2474 4672
2476 8759
2476 7707
2478 9409
2480 9899
2481 7176
2482 9992
2482 7078
2483 8971
2483 7030
2483 4241
2484 8475
2484 4320
2485 2995
2485 6849
2486 7770
2487 9812
2488 3516
2489 7280
2489 4906
2490 7718
2492 4675
2494 2652
2495 8482
2496 5764
2496 8126
2496 7011
2497 9010
2498 7301
2498 3972
2499 2988
2499 2929
2499 8763
2499 8311
2500 3606
2501 3179
2502 3266
2503 9319
2503 8700
2504 5029
2506 2682
2506 7665
2507 7288
2507 4343
2508 3299
2508 8563
2509 4546
2509 2671
2513 7566
2515 8446
2516 8599
2517 4311
2517 5419
2517 6476
2518 5318
2519 7877
2519 3766
2519 6126
2520 7262
2521 6552
2522 5449
2522 5701
2523 3842
2523 3563
2524 6336
2524 6452
2524 9647
2525 5254
2526 9167
2527 3803
2527 9885
2528 9270
2528 7798
2528 6811
2529 4513
2529 5830
2529 5840
2530 3775
2530 5789
2531 5504
2531 3579
2531 7634
2532 3488
2533 5108
2533 6583
2533 5684
2534 9300
2535 6224
2535 7139
2535 8271
2536 3805
2537 8511
2538 4907
2538 7179
2538 3872
2539 4111
2539 2705
2539 9042
2540 5196
2541 6403
2542 3897
2542 9923
2543 5992
2544 4008
2544 7750
2546 9793
2546 2763
2547 3719
2548 6749
2549 9305
2549 4682
2549 6082
2550 6328
2552 8213
2553 6942
2554 5349
2555 5804
2555 5047
2556 3707
2557 3693
2557 5787
2558 5806
2558 3045
2559 6495
2559 5936
2560 4680
2560 8265
2561 4166
2561 3747
2562 9113
2562 8822
2563 6644
2565 5553
2565 4361
2565 6535
2566 6236
2566 9965
2567 5700
2568 6787
2569 8700
2570 2705
2571 3349
2572 3674
2572 4861
2573 9387
2574 9925
2574 4397
2575 8432
2576 3459
2579 9187
2579 8373
2580 3865
2580 8406
2580 2583
2581 7164
2581 6173
2582 7827
2582 9137
2582 6780
2583 3642
2584 3984
2584 8986
2584 7415
2587 5337
2587 7546
2588 9466
2588 3827
2589 7145
2590 7558
2590 9550
2590 3640
2590 2939
2591 3424
2592 3729
2592 7978
2592 5190
2592 6389
2593 9373
2593 8316
2594 6202
2594 2900
2594 4436
2594 7581
2595 3030
2595 3265
2596 4530
2597 5998
2597 8123
2598 4264
2599 3425
2600 2970
2601 8002
2601 8281
2603 3477
2604 5518
2604 8539
2605 8315
2606 4417
2607 4505
2608 6759
2608 4232
2608 9547
2609 6279
2609 9863
2610 8192
2611 9485
2611 3636
2611 4673
2612 3267
2614 3585
2615 9035
2615 4547
2616 6184
2617 7750
2617 2997
2618 7111
2618 8256
2618 9699
2618 7477
2619 4465
2619 8811
2620 7348
2620 6317
2621 4767
2622 6608
2623 3389
2624 6443
2624 4876
2625 6139
2625 6273
2626 4442
2626 8887
2628 7497
2629 7118
2629 2654
2629 9301
2630 6248
2632 6644
2633 4206
2634 2949
2634 4149
2635 7902
2636 3682
2636 6888
2636 8181
2636 4816
2638 4973
2639 4202
2639 3498
2639 4671
2640 4186
2641 9799
2641 4216
2642 7205
2643 5227
2643 3742
2644 5595
2645 6183
2646 6221
2646 7687
2648 4422
2648 6244
2649 6886
2650 3920
2650 9607
2650 8785
2650 8478
2651 7085
2651 8301
2652 7093
2653 7826
2653 7771
2654 7973
2656 3503
2656 3843
2657 8906
2657 3108
2658 5418
2659 4816
2660 3285
2661 4485
2662 9164
2662 9022
2663 9183
2664 7084
2664 5612
2665 4677
2666 6074
2667 9120
2667 5331
2667 9160
2668 3131
2668 8471
2670 4646
2671 8458
2671 6668
2672 9014
2672 4034
2673 9082
2673 8149
2674 4878
2675 7296
2676 6240
2677 8392
2678 7222
2678 9893
2678 6753
2679 6539
2680 7476
2682 6150
2683 7209
2684 4440
2684 5255
2685 5906
2686 7560
2687 4927
2688 4367
2690 9171
2691 3142
2692 7195
2693 7691
2693 4506
2694 9234
2695 6028
2695 3697
2695 4633
2696 7967
2698 7611
2698 5102
2699 4761
2700 9766
2700 7239
2702 5869
2703 6181
2703 8056
2704 5111
2706 9610
2706 7143
2707 9256
2708 3828
2708 8370
2708 8274
2712 9812
2714 5044
2715 3758
2715 5093
2715 8271
2715 4142
2716 6847
2717 3414
2717 9891
2717 5735
2718 3875
2718 6980
2718 3457
2718 9126
2720 9255
2720 3912
2721 7854
2721 6921
2722 7068
2723 5699
2723 9569
2723 8396
2723 3518
2724 6625
2725 3226
2726 7131
2728 8847
2728 4698
2729 3882
2730 5145
2730 7075
2732 7309
2732 3609
2732 4946
2733 3980
2733 7529
2734 3484
2736 4208
2738 5425
2738 7795
2738 6693
2740 9482
2741 7858
2742 5622
2742 2974
2743 5920
2744 5907
2744 8691
2744 6831
2745 3029
2745 5673
2746 5469
2746 7401
2748 8224
2749 4641
2750 7803
2750 4422
2753 6129
2754 3013
2754 8877
2755 4333
2756 4656
2756 5549
2757 8018
2757 6560
2758 6023
2758 4543
2759 4538
2760 8834
2761 4877
2763 3221
2764 4494
2765 9825
2765 3657
2766 7464
2767 9018
2768 7897
2768 8284
2768 4271
2768 6514
2770 4201
2770 7188
2771 7962
2771 3855
2772 3956
2774 7062
2774 7870
2774 6707
2776 8034
2776 4033
2777 3309
2777 9980
2777 8298
2779 3201
2779 9057
2780 5379
2782 3703
2783 6511
2784 4585
2785 3453
2786 4529
2787 8340
2787 8595
2788 6475
2788 6113
2788 9474
2789 9608
2790 9537
2791 9849
2793 4774
2794 5324
2794 2878
2794 5793
2794 7259
2795 3028
2795 7388
2796 8264
2797 7001
2797 5218
2800 3276
2801 8168
2801 9541
2802 6281
2802 6925
2802 2881
2803 3798
2804 6902
2804 9302
2805 4934
2805 9335
2805 9994
2806 4944
2807 9429
2808 3255
2808 6507
2808 7086
2809 9207
2810 2898
2810 9439
2811 9372
2811 8668
2811 6448
2812 7881
2814 6771
2814 6676
2814 3401
2815 4892
2815 8240
2815 8860
2816 8401
2816 8842
2817 5355
2817 9246
2818 9643
2819 9191
2819 6991
2820 8452
2821 5794
2821 6701
2822 5481
2822 5083
2823 4694
2824 6111
2824 3904
2824 3987
2825 2971
2825 6696
2825 8016
2827 7019
2828 5881
2828 4567
2829 6717
2829 4060
2829 8765
2830 6793
2830 9852
2831 3988
2832 8293
2832 7534
2833 8058
2834 7914
2835 5938
2835 6757
2836 7003
2836 8686
2837 7378
2838 9207
2838 7151
2839 5261
2840 4115
2841 7637
2841 9415
2841 5825
2842 4556
2842 4996
2842 3536
2843 5069
2845 4032
2847 8046
2849 8249
2849 8756
2849 6351
2849 9878
2849 4520
2850 4641
2851 7968
2853 3677
2853 5527
2854 7086
2854 6150
2855 6073
2856 3628
2857 7244
2858 3961
2858 7278
2858 7358
2859 4772
2859 4535
2861 4565
2861 5442
2862 7964
2863 2984
2864 3706
2864 7006
2864 4837
2865 2924
2865 3760
2865 9629
2866 9455
2867 4563
2867 5128
2867 6433
2868 5818
2868 9851
2869 2976
2870 6978
2871 9218
2871 8231
2872 5883
2872 4527
2873 4308
2874 4295
2874 9792
2875 4095
2876 7057
2877 3880
2877 3941
2878 7173
2880 9623
2880 8779
2881 6698
2882 9223
2882 8918
2883 3970
2883 9350
2885 4417
2886 6325
2887 6956
2888 9612
2888 7208
2889 7518
2889 7647
2889 9198
2890 3613
2890 3578
2891 9950
2892 9462
2894 3632
2895 9225
2897 5962
2899 3293
2900 8193
2901 8175
2901 9665
2901 9966
2901 4921
2902 9951
2902 3144
2904 3359
2904 6170
2904 3120
2905 3102
2905 5021
2906 4066
2907 8377
2907 6474
2908 4374
2908 8933
2908 7415
2910 8442
2911 6905
2911 7861
2911 5026
2911 5871
2912 4368
2913 5575
2913 5341
2913 3127
2914 5841
2914 4267
2915 9533
2916 9961
2917 7466
2917 7273
2920 3830
2921 9115
2921 8921
2921 5004
2921 3742
2922 7861
2923 4374
2924 7359
2925 3234
2925 6900
2926 6641
2927 6403
2928 3612
2928 5204
2929 7404
2930 8121
2932 3687
2933 7158
2933 8648
2934 5985
2934 6510
2935 6192
2935 4320
2936 5209
2937 3992
2938 6733
2938 9267
2938 6314
2939 4120
2940 4590
2941 3445
2941 8793
2942 4347
2943 5173
2944 9087
2944 5740
2945 4080
2946 5725
2947 7159
2947 5503
2948 6600
2948 8120
2948 4699
2949 3671
2950 5540
2950 5042
2951 9035
2952 3429
2952 4414
2953 3808
2953 8309
2954 7254
2955 5476
2955 8678
2956 6481
2958 8161
2959 5345
2959 7912
2960 7021
2961 7356
2962 6006
2963 5123
2963 9948
2963 7259
2963 9892
2964 5218
2964 3989
2966 5796
2967 8599
2967 7107
2967 5283
2968 5433
2970 5087
2970 5436
2972 5508
2973 8593
2973 5359
2974 9324
2974 5675
2975 7666
2976 9377
2977 3096
2978 4926
2979 8269
2979 8980
2980 7889
2981 7320
2982 5219
2983 4210
2984 6960
2984 9749
2985 5018
2985 8195
2985 4459
2987 9784
2987 9185
2989 6044
2989 8949
2989 4173
2990 4888
2993 7206
2994 6682
2996 4916
2997 9128
2997 8695
2998 6217
3000 9302
3001 7893
3002 5943
3002 9432
3002 6382
3002 8752
3004 7573
3005 7472
3006 5161
3007 8300
3008 6410
3009 3664
3010 9305
3011 8980
3011 8724
3014 3413
3015 5538
3016 7165
3017 3263
3017 9639
3018 9375
3018 7796
3019 7474
3019 8941
3020 8946
3021 8094
3021 4043
3022 5466
3023 7974
3023 4166
3024 6262
3024 6912
3025 8700
3025 7904
3025 8509
3026 8239
3026 8645
3026 4603
3027 7206
3029 4837
3031 4961
3031 8501
3034 4528
3035 5111
3036 9343
3036 8667
3037 7710
3038 4610
3039 8620
3040 9644
3040 9894
3041 9700
3042 5009
3042 5690
3043 5679
3046 7154
3046 7951
3047 3150
3047 4661
3048 8560
3048 4780
3049 3120
3050 9188
3050 6563
3051 9246
3051 5551
3052 3252
3052 4895
3052 3443
3052 4264
3054 5405
3055 7230
3055 7497
3056 6342
3056 5138
3057 7931
3058 9787
3059 4517
3059 8967
3060 4348
3061 3665
3061 8255
3063 4769
3064 6730
3065 4830
3065 5268
3067 4362
3068 3423
3068 4812
3069 6730
3069 8956
3069 6030
3070 5109
3070 7141
3070 7493
3071 4691
3071 4164
3072 3345
3073 3935
3073 8732
3075 4844
3075 6362
3076 4894
3076 6256
3076 7627
3077 6582
3077 7255
3077 4489
3078 3594
3079 6916
3079 5361
3080 3780
3080 4692
3080 8983
3080 7900
3081 8322
3081 6576
3082 4752
3084 6254
3085 5410
3087 7631
3088 8795
3089 3358
3089 8130
3089 9361
3089 4668
3090 6031
3090 8348
3090 3834
3090 7374
3091 6003
3091 8521
3091 6749
3092 9848
3092 7204
3093 5625
3093 5638
3094 9832
3095 4302
3095 6812
3096 9154
3097 8613
3099 5482
3099 5739
3100 6863
3100 9057
3100 8880
3101 7154
3103 4764
3104 3393
3105 7716
3105 9173
3106 8967
3107 8870
3108 9349
3109 4412
3109 7939
3109 8698
3110 6169
3111 5426
3112 6814
3112 9015
3113 9359
3115 8605
3115 6353
3115 5753
3116 7663
3116 6870
3118 3519
3120 4664
3121 4598
3121 5775
3122 9967
3124 4787
3126 7454
3126 6633
3126 8094
3127 5165
3127 6971
3128 6611
3128 4369
3129 7132
3130 9993
3131 4969
3132 6725
3132 8412
3133 5155
3134 7132
3135 9004
3135 4697
3136 6058
3136 8946
3136 4747
3137 7366
3137 5483
3138 4259
3138 4968
3138 9299
3139 5847
3139 4223
3141 9181
3141 9655
3143 3648
3143 5382
3143 3987
3144 9433
3144 5838
3145 4754
3145 8965
3145 9806
3146 4164
3146 4778
3147 9123
3148 8232
3149 7733
3149 3165
3151 5767
3151 5515
3152 9295
3152 8602
3152 4190
3152 4984
3154 4475
3155 7406
3155 4661
3155 7942
3156 3182
3157 8994
3158 7737
3158 6288
3159 7041
3159 8023
3159 6755
3160 6642
3160 9339
3160 3852
3161 6021
3162 5383
3162 7138
3162 9071
3164 9423
3164 7780
3165 8650
3166 7974
3167 5866
3169 5561
3171 5086
3172 6672
3173 7993
3173 7220
3173 5293
3174 6146
3174 3387
3174 4761
3175 3749
3175 4234
3175 6626
3176 3721
3176 6932
3177 5756
3177 7884
3177 7962
3178 5621
3179 6631
3180 4101
3182 3605
3182 6412
3182 8854
3183 3501
3184 6043
3184 8321
3184 8149
3184 9576
3185 3422
3185 6477
3185 8531
3186 5961
3186 7332
3187 6974
3187 8281
3188 3232
3188 9274
3190 5457
3190 5962
3191 6918
3192 7121
3192 3378
3192 6193
3192 4932
3193 3406
3193 4448
3194 6386
3195 4589
3195 7740
3196 7725
3197 8208
3197 5991
3198 4273
3203 7516
3204 8972
3204 3630
3206 4892
3207 4185
3207 4669
3208 9936
3209 8169
3210 6578
3211 9634
3212 6530
3213 3260
3214 5855
3214 5256
3215 3318
3215 4787
3216 6010
3217 9672
3217 6621
3218 9571
3219 5333
3219 3416
3220 5111
3221 8551
3222 7600
3223 6198
3225 9175
3225 4088
3225 8701
3226 4506
3226 9461
3227 9791
3228 4409
3230 4731
3230 9916
3230 7899
3231 4147
3231 6636
3233 4657
3233 7089
3235 4042
3235 9441
3235 7098
3236 4231
3236 5975
3237 7422
3238 3983
3238 8896
3239 4168
3239 6848
3239 3762
3240 7152
3241 6834
3242 5512
3242 4699
3243 9538
3243 9868
3244 8796
3245 8292
3245 8186
3246 6171
3246 9325
3246 5465
3248 5917
3248 8076
3249 7736
3249 9596
3250 8296
3250 9431
3250 9259
3251 6035
3251 5171
3253 5636
3253 9259
3253 9638
3254 6946
3254 8989
3255 9568
3256 6059
3257 6363
3258 3782
3259 3624
3259 6592
3259 8888
3260 7413
3261 4866
3261 4801
3262 6086
3262 6728
3263 6858
3264 7201
3265 7135
3265 3998
3266 9062
3268 5479
3268 8938
3269 6968
3270 3531
3270 8941
3271 8067
3272 5460
3273 8107
3274 3427
3274 7922
3275 6132
3276 6529
3278 7537
3279 4858
3280 8212
3281 3458
3281 4447
3281 3837
3281 4927
3282 6217
3282 6292
3285 3411
3285 5046
3286 8684
3287 4457
3287 9579
3287 6242
3287 3859
3287 4048
3288 5814
3289 4840
3289 4842
3289 6810
3289 6679
3290 6123
3290 4016
3291 9844
3292 9753
3293 9759
3294 5151
3294 9759
3295 4329
3295 4634
3296 6602
3301 5928
3302 9504
3302 6399
3302 3677
3303 9666
3303 4460
3303 7975
3304 4925
3306 4468
3306 7458
3306 7929
3308 7183
3309 7639
3310 4956
3310 8481
3310 5060
3312 9830
3314 6348
3314 6066
3314 7282
3315 9450
3316 4936
3317 3410
3317 6428
3318 6597
3319 8558
3319 9235
3320 4383
3320 5714
3320 7811
3321 3600
3322 9496
3322 4595
3323 5000
3324 3502
3325 7925
3325 7699
3327 9223
3328 8679
3330 9282
3330 8608
3331 5838
3332 3622
3332 5069
3332 8498
3334 8627
3335 4548
3336 7361
3337 4504
3338 8805
3339 8277
3340 5600
3341 7147
3342 7626
3342 4772
3343 6878
3344 8736
3345 5854
3346 9116
3346 8104
3348 5904
3348 6524
3349 9758
3351 4962
3351 8914
3351 3927
3353 7790
3353 7009
3355 9915
3356 4749
3356 6914
3356 8411
3357 5854
3357 4097
3359 3745
3359 5817
3360 4788
3362 9312
3362 8353
3363 3561
3364 7782
3364 5594
3365 9417
3365 5666
3366 6087
3367 6337
3368 4019
3369 5139
3369 3918
3370 6963
3371 8834
3371 3487
3372 8881
3373 8996
3373 7004
3373 8107
3374 5727
3375 5898
3375 9178
3376 6333
3378 5295
3379 7484
3380 6645
3381 8364
3383 7029
3384 9746
3384 8590
3385 4909
3386 8100
3387 6229
3387 7413
3388 3542
3389 9920
3390 6079
3391 5894
3391 9869
3392 5523
3393 5189
3394 4985
3395 6828
3395 8806
3396 9452
3397 4852
3397 9135
3398 5165
3400 6728
3400 8419
3401 5296
3401 4340
3402 6957
3402 6277
3403 9276
3404 5507
3405 8649
3407 5984
3407 5250
3408 5089
3409 3789
3413 8637
3414 7237
3415 7969
3415 6675
3417 7246
3418 7241
3418 8814
3419 3434
3420 6453
3421 7056
3421 9258
3423 7362
3423 8872
3423 7018
3424 3741
3426 7007
3428 4266
3428 9829
3429 3676
3430 9099
3431 7475
3432 8960
3432 6032
3433 5954
3434 3590
3434 5287
3435 3911
3435 6321
3435 9072
3435 7583
3436 4675
3437 4421
3438 8233
3439 9046
3439 5544
3440 8822
3442 5858
3442 9782
3442 5897
3443 9976
3444 3543
3444 4750
3444 7652
3446 8407
3447 6165
3447 5663
3449 7972
3449 8237
3450 4825
3450 3740
3452 7291
3452 3761
3453 4849
3454 6142
3455 4140
3456 5978
3457 7706
3459 9363
3459 6209
3461 6267
3461 6554
3462 7898
3463 8496
3463 5975
3464 4045
3465 7037
3465 8106
3466 5335
3466 8075
3466 6500
3466 9048
3468 7490
3469 7047
3470 6493
3470 7752
3472 7323
3472 5213
3473 5793
3474 7572
3475 4370
3475 6671
3476 7443
3476 7300
3477 7904
3478 4929
3479 8738
3480 7704
3481 5627
3482 7670
3482 4953
3484 7662
3484 9942
3484 5105
3484 9061
3485 4335
3486 6586
3487 7557
3487 7658
3489 6606
3489 6722
3489 7889
3490 8450
3491 6247
3492 6854
3493 5423
3494 5445
3495 4659
3495 4824
3495 7048
3496 4380
3496 6937
3496 4841
3497 7729
3498 6818
3498 4320
3501 7194
3502 4684
3504 9135
3505 9278
3506 7127
3507 9345
3507 6451
3508 7752
3509 9308
3510 5829
3511 3983
3512 4131
3512 6827
3513 9662
3513 7210
3515 4155
3515 4050
3516 7090
3517 6522
3518 4847
3519 6503
3520 5927
3521 7206
3522 3708
3522 9893
3523 6718
3524 5891
3526 8515
3526 5989
3527 6427
3530 5354
3532 5623
3533 8705
3534 7884
3535 9307
3536 7210
3536 8173
3537 5480
3538 6274
3538 4213
3539 4079
3539 6697
3541 8647
3541 7477
3542 4505
3542 5861
3543 5866
3544 5497
3545 4397
3546 8679
3546 6560
3548 4012
3549 8122
3549 5162
3550 4741
3551 5523
3553 9292
3554 8371
3554 9786
3555 8644
3556 3923
3556 9625
3557 6965
3557 6678
3558 8836
3559 8365
3559 7271
3560 7044
3560 6809
3561 5411
3561 3705
3563 6874
3565 5946
3565 6821
3566 5766
3567 5820
3567 9809
3567 3712
3568 5157
3568 4254
3568 9328
3569 3979
3570 3820
3570 5138
3571 5872
3571 6781
3572 9675
3573 6197
3574 5722
3575 6770
3575 7195
3576 6483
3576 7101
3578 4491
3578 8657
3579 6037
3581 6330
3581 5223
3582 7050
3583 9065
3584 9913
3585 7064
3586 6025
3587 5903
3591 6316
3591 4647
3592 8247
3593 7088
3594 4966
3594 5369
3595 4213
3596 9972
3597 4604
3597 7232
3598 5415
3598 8848
3598 6586
3599 7340
3600 6705
3602 5231
3606 5925
3607 7593
3607 8064
3608 8736
3608 7952
3609 9767
3611 9098
3612 4372
3613 8038
3614 8813
3615 7216
3615 9413
3616 8604
3616 8318
3616 4638
3618 9864
3619 5369
3619 6918
3620 8039
3621 5902
3622 8273
3623 5606
3625 4453
3625 5100
3625 3834
3626 4101
3626 4530
3626 9371
3628 6541
3629 6155
3629 6256
3630 4121
3630 9676
3631 5317
3631 9082
3633 6338
3633 6464
3634 6860
3635 7946
3635 9492
3636 5010
3636 7812
3636 7223
3637 6715
3638 6264
3639 6976
3640 7251
3642 8224
3643 5387
3643 4057
3643 3848
3644 7730
3644 9197
3644 5069
3645 6671
3646 9588
3646 7584
3646 7457
3647 3902
3648 7095
3650 5126
3651 9873
3654 7541
3654 4557
3655 7620
3655 5485
3655 6825
3655 4412
3656 8561
3657 5137
3657 8516
3658 4771
3658 4781
3659 9026
3660 5970
3661 7122
3661 6247
3661 6273
3662 6521
3663 9463
3664 7135
3666 9756
3668 9721
3672 4906
3672 5719
3674 4560
3674 9277
3675 9666
3678 6813
3680 4030
3683 4564
3683 4660
3684 4642
3684 7937
3685 4500
3686 8360
3687 4000
3687 8991
3687 8792
3688 4147
3689 7073
3691 5204
3691 4282
3692 5234
3693 7381
3694 5318
3695 3717
3696 5861
3698 6695
3698 8075
3699 5788
3699 5514
3700 6213
3701 4983
3703 4506
3704 5566
3705 5516
3705 8561
3705 6416
3707 4482
3708 8844
3709 9855
3710 8919
3710 7321
3711 9622
3714 4415
3715 4651
3716 5734
3716 5992
3716 4436
3717 5168
3717 9358
3717 7578
3717 4645
3718 4815
3719 9567
3720 6079
3721 7788
3722 6633
3723 3776
3723 8232
3724 4802
3725 9798
3725 7984
3727 7955
3728 6309
3729 6784
3730 7815
3730 9855
3730 4322
3731 4656
3732 5381
3732 6253
3732 7270
3732 6408
3733 8358
3733 8381
3735 6671
3736 6576
3736 5500
3737 6226
3738 6849
3740 9068
3741 8967
3742 8173
3743 6833
3743 6282
3744 4990
3746 8717
3746 9365
3746 4854
3747 4401
3747 5262
3747 6777
3747 7218
3748 7202
3751 4933
3753 5566
3754 9999
3755 3997
3756 9516
3756 6225
3757 4028
3757 9834
3757 7036
3759 4675
3760 6719
3760 6527
3761 9842
3762 9726
3763 7648
3764 6250
3765 6871
3766 4863
3766 7092
3767 6004
3767 7942
3768 6753
3770 7528
3771 5753
3772 7446
3774 4208
3774 5813
3774 9725
3774 5166
3776 4516
3777 4411
3777 9548
3777 3880
3778 4775
3779 6124
3779 4716
3781 6770
3782 6311
3783 6992
3783 5696
3784 5253
3785 5184
3786 5015
3786 7109
3789 9314
3790 4864
3790 9635
3791 4481
3791 4575
3792 6027
3792 8758
3793 9057
3795 8413
3796 8851
3796 6992
3799 5491
3801 8159
3803 4118
3804 4708
3804 8263
3805 9969
3806 8066
3810 5390
3810 7466
3812 9267
3813 6687
3813 4999
3814 6544
3814 9565
3817 7820
3820 7148
3820 9009
3824 5763
3825 7544
3826 9068
3827 8581
3828 6525
3828 8859
3831 8467
3832 9182
3833 7123
3833 8648
3834 7739
3834 8966
3834 4924
3836 8884
3836 5775
3837 5679
3838 9755
3838 9524
3839 9530
3839 5002
3840 8699
3841 6567
3841 6433
3841 6320
3842 5829
3842 4821
3843 4955
3843 7989
3843 4615
3843 5337
3844 7011
3844 7572
3844 4366
3844 7021
3845 9357
3846 8326
3846 7798
3847 8909
3848 7224
3850 6313
3850 6289
3851 6494
3851 9609
3852 7025
3852 9712
3853 9655
3853 7208
3854 7974
3855 4669
3855 8140
3857 4954
3858 6680
3859 9929
3860 5127
3861 6051
3862 6589
3863 5412
3864 8176
3866 6473
3866 6620
3867 5117
3869 7596
3870 8795
3871 6401
3872 4067
3872 7017
3873 9402
3874 3985
3877 8856
3877 7994
3880 7619
3881 7365
3882 6795
3882 8996
3883 9984
3884 8706
3884 6066
3885 6344
3885 6185
3886 8083
3887 4083
3887 9070
3887 8310
3888 8091
3888 9311
3889 8805
3890 8769
3890 9396
3891 8831
3891 7326
3892 4194
3893 7078
3894 9508
3895 4572
3896 9060
3896 7116
3897 4315
3898 4898
3899 8376
3900 8257
3903 8502
3904 5933
3904 8978
3904 7424
3904 5421
3905 8881
3906 9126
3909 9952
3909 9582
3909 9607
3911 4276
3912 8611
3912 6967
3914 7958
3915 8619
3918 8637
3918 5667
3919 9184
3919 7515
3920 7229
3920 9167
3921 4748
3922 4004
3925 7502
3926 4508
3927 9410
3928 8528
3929 7736
3930 5761
3931 8880
3931 5719
3932 5360
3933 9458
3934 4756
3936 9380
3936 9847
3937 4559
3937 8184
3937 6827
3937 6896
3938 6841
3939 8806
3939 9870
3941 4895
3942 9559
3942 4496
3943 9787
3945 6011
3945 9363
3946 7532
3947 6398
3947 7381
3948 9626
3948 5051
3950 9182
3950 4927
3951 5364
3951 7081
3952 6030
3953 8361
3954 7339
3955 4757
3956 7580
3957 5798
3958 9790
3959 9695
3959 7773
3959 8521
3960 4095
3960 4088
3962 7510
3963 7189
3963 9847
3964 4133
3964 5686
3964 7413
3965 8941
3968 6472
3969 4271
3972 7819
3973 5432
3973 6376
3974 4889
3975 8543
3975 5788
3976 7540
3976 9536
3976 4664
3976 8994
3977 4336
3977 4422
3978 5741
3979 9541
3979 7953
3981 7387
3983 4512
3983 7212
3984 4793
3986 6018
3987 4190
3989 9903
3991 5653
3991 6234
3991 6277
3991 4751
3992 4433
3992 5171
3992 5284
3993 7383
3993 5104
3993 5492
3994 5463
3996 7831
3997 8160
3997 8967
3998 7060
4000 6154
4001 8472
4002 9240
4002 4350
4005 8976
4006 6302
4007 8977
4009 6216
4010 4728
4010 7725
4010 5467
4011 8314
4011 7709
4012 5499
4013 7500
4014 5737
4017 6200
4018 8146
4018 4535
4019 8026
4019 6883
4019 9582
4020 4123
4020 7104
4021 6954
4023 5561
4024 5203
4025 5675
4025 7097
4026 7512
4029 5614
4029 6388
4029 6480
4032 5656
4032 8176
4032 9168
4033 9920
4033 4836
4034 6040
4034 5024
4034 6183
4035 4969
4036 4623
4036 7071
4036 7706
4037 8507
4038 9017
4039 4574
4041 5673
4042 5979
4043 4706
4043 4454
4044 5054
4044 7105
4044 5831
4045 8385
4046 6679
4046 5855
4047 5755
4047 8991
4048 4635
4048 7882
4049 5414
4051 9843
4053 9996
4053 6057
4055 7710
4055 4294
4055 8880
4056 8148
4056 9120
4058 4278
4058 8000
4058 8540
4058 4935
4059 9123
4059 9890
4059 6936
4060 8671
4062 7642
4064 6793
4065 8007
4066 7184
4066 8696
4067 8303
4068 5570
4069 8698
4069 6035
4070 9479
4071 6178
4071 5419
4072 7682
4073 4361
4074 4114
4075 7447
4076 6945
4078 7678
4078 8278
4079 7855
4080 4514
4080 4843
4081 6707
4081 9927
4084 8509
4085 4769
4085 4687
4086 7384
4086 7804
4086 9249
4087 6482
4087 7330
4088 9861
4089 6107
4090 7681
4092 7031
4093 4688
4093 8162
4093 4581
4095 5941
4095 5616
4096 7513
4096 8066
4097 8574
4097 9280
4098 6167
4099 5185
4100 6287
4100 9760
4102 7283
4103 8472
4103 7155
4104 8295
4105 5782
4105 4615
4106 8056
4107 4295
4108 5650
4109 6666
4109 5678
4109 4217
4110 7019
4110 8130
4111 7852
4112 6581
4114 9124
4116 7830
4117 6108
4117 7900
4117 5211
4117 8074
4119 4650
4120 5797
4122 6952
4122 9427
4124 5919
4124 4344
4126 9217
4127 8941
4128 8849
4129 5751
4130 8944
4135 9941
4136 5398
4137 5358
4137 7632
4137 8539
4138 8323
4139 8017
4139 4270
4139 9914
4139 5298
4140 9540
4140 9015
4141 4796
4141 5510
4142 4715
4142 8703
4143 6284
4143 4637
4144 5234
4144 9606
4145 6208
4145 8245
4146 5170
4146 7411
4151 7119
4151 8104
4152 9752
4153 5097
4154 5692
4156 5991
4156 6150
4157 4345
4157 9268
4157 4175
4159 4627
4159 5442
4159 7435
4159 7784
4159 9481
4160 6319
4160 9765
4160 7953
4161 7487
4162 7555
4165 5473
4166 7511
4169 5238
4169 7579
4169 9753
4170 7328
4170 5898
4171 8325
4171 9603
4172 4425
4172 6018
4172 7872
4173 7120
4174 8470
4174 7738
4174 8449
4175 8841
4176 4886
4176 5641
4179 4747
4180 4348
4181 7594
4183 6681
4183 8633
4184 8132
4185 5798
4186 8646
4186 8985
4186 4664
4187 5297
4188 5584
4188 4679
4189 7894
4191 4947
4191 8304
4192 9173
4193 5956
4194 4381
4195 4277
4196 5861
4196 6659
4197 4353
4198 7234
4198 5978
4199 9955
4200 5502
4204 4424
4207 9084
4209 5143
4209 9715
4210 8295
4210 5131
4211 9530
4212 6746
4212 5219
4213 7429
4214 8670
4214 9620
4215 7583
4216 5972
4216 4226
4217 4274
4218 5263
4218 7739
4219 9995
4220 4290
4221 6932
4221 6394
4222 6368
4222 4943
4224 4519
4224 8438
4225 8451
4226 8789
4227 5303
4227 8530
4228 9856
4229 5799
4230 8089
4231 6556
4236 8165
4236 8463
4237 8860
4238 9772
4239 7693
4240 6359
4241 6704
4241 8585
4241 4477
4242 5583
4242 5747
4245 5949
4245 4726
4246 4282
4246 6084
4247 6790
4248 6761
4249 5121
4249 4535
4250 9561
4250 5035
4251 5660
4251 8507
4252 7923
4252 5951
4253 8212
4255 9649
4255 7594
4256 8432
4256 5250
4257 9521
4258 9199
4258 4649
4259 4405
4260 5679
4261 4574
4262 4703
4263 6166
4264 5302
4264 4943
4265 5095
4265 7966
4267 4820
4267 8459
4268 8005
4268 5660
4269 5308
4271 4369
4271 9694
4272 6133
4273 7059
4273 9122
4277 8452
4279 6797
4280 9393
4281 5241
4283 8946
4284 8327
4284 9862
4285 8890
4286 6096
4286 4968
4287 6519
4287 4887
4288 5242
4288 9136
4289 7847
4291 4495
4291 7766
4291 8163
4292 7258
4293 5675
4294 7761
4295 7252
4295 4428
4296 6358
4297 6012
4297 5016
4298 6997
4298 7551
4298 7449
4299 9433
4300 8041
4300 9857
4300 5852
4301 9683
4303 9539
4304 9141
4305 8586
4306 5110
4306 7339
4307 5586
4307 8014
4307 6691
4308 9109
4308 9293
4308 9551
4309 6595
4309 8076
4310 9482
4311 4591
4312 5408
4313 6364
4313 6663
4314 7395
4314 7155
4316 9766
4320 7920
4321 4497
4322 4439
4323 5634
4324 9430
4325 7672
4325 9802
4325 7248
4326 6750
4327 9933
4328 9496
4330 4581
4331 4716
4331 4532
4333 8530
4334 6377
4335 7112
4335 9024
4337 6596
4337 5895
4337 9538
4338 4420
4339 6803
4339 4753
4340 7393
4340 5295
4341 8901
4342 7204
4343 7065
4343 5419
4344 9986
4346 7571
4347 9698
4348 5784
4349 5322
4350 9200
4350 9535
4351 6986
4352 5526
4353 5948
4353 8982
4354 7538
4355 8146
4356 7308
4357 9539
4358 9486
4359 9159
4359 8255
4360 6256
4361 5596
4365 4903
4365 9052
4365 9818
4365 5889
4367 5564
4368 4438
4371 9072
4373 7753
4373 5636
4375 9574
4375 9339
4376 7796
4376 5468
4377 8344
4378 8217
4381 9921
4381 9001
4382 9941
4382 7874
4384 9065
4384 5184
4384 8772
4384 4966
4385 7005
4386 8581
4386 7613
4387 4767
4388 9813
4390 7183
4392 8413
4393 7984
4393 7522
4394 9755
4395 6424
4396 8928
4396 5328
4398 6936
4402 7869
4403 6212
4403 6557
4404 6521
4405 8765
4406 9204
4407 5942
4408 8418
4410 8409
4413 4899
4413 5906
4414 7645
4415 4600
4416 6507
4417 4871
4418 4775
4418 5530
4418 9163
4419 4754
4420 6635
4420 6400
4421 7462
4422 8888
4422 6780
4423 4469
4423 7182
4424 4595
4425 5357
4426 5503
4426 5042
4427 7914
4428 8542
4428 9202
4429 9692
4429 9932
4430 7115
4431 8845
4432 5354
4432 5691
4434 9261
4435 5384
4435 5187
4436 4474
4437 6671
4438 6188
4439 7296
4440 9031
4441 5940
4441 9340
4443 6206
4443 9194
4445 9320
4446 7971
4448 6878
4448 8177
4449 7274
4450 5457
4451 7751
4451 9879
4452 8719
4452 8673
4452 6805
4452 7610
4455 6057
4455 9222
4456 5149
4456 6665
4456 7976
4458 8204
4458 9090
4459 9200
4460 8072
4460 9954
4461 5488
4462 4602
4463 4700
4463 5200
4463 6527
4464 6736
4464 8114
4465 5928
4466 5076
4467 9117
4468 8425
4470 5790
4472 9231
4472 8253
4473 8554
4473 9637
4473 8799
4475 4639
4476 4724
4477 7156
4478 8376
4479 5533
4479 4613
4480 8366
4480 9344
4482 8477
4483 4911
4483 7007
4486 5212
4486 5954
4487 9780
4488 9688
4488 8421
4489 6640
4490 5785
4492 7683
4493 9990
4493 7429
4494 9532
4496 7888
4496 8121
4496 8178
4497 6864
4499 9333
4500 8045
4500 8729
4500 6155
4501 4570
4501 9106
4502 5719
4502 9133
4503 8632
4503 9039
4503 6834
4505 6340
4505 4707
4505 9353
4507 8881
4509 8552
4510 6022
4512 6865
4512 8399
4514 4851
4514 5400
4515 9378
4517 9646
4518 5999
4520 5497
4520 7667
4521 8944
4521 5515
4521 9714
4522 5146
4522 4534
4523 9103
4523 6576
4524 7908
4524 7488
4525 9641
4525 9018
4527 7517
4528 6147
4528 6625
4528 5326
4529 7043
4531 8808
4532 5192
4533 7651
4533 9238
4534 4709
4534 9482
4535 7363
4535 6917
4535 5331
4536 7569
4536 5791
4537 7914
4537 8633
4538 6627
4539 9571
4541 7694
4541 7248
4542 8580
4543 6079
4543 8059
4545 9786
4545 9132
4546 6219
4546 4696
4547 4612
4547 4726
4547 6724
4547 7861
4548 9831
4549 8070
4551 5543
4552 5600
4552 4590
4553 7918
4554 6223
4554 9791
4555 9020
4557 6791
4557 7303
4558 7937
4558 7398
4561 7128
4562 5083
4568 9989
4571 6130
4572 6524
4573 9997
4574 7719
4574 8153
4575 8988
4576 5326
4576 6292
4577 9438
4578 8287
4579 7287
4580 7895
4581 6836
4582 9655
4583 9465
4586 8497
4586 6631
4587 5221
4588 5283
4589 5800
4590 6675
4590 6583
4592 5092
4592 8634
4592 9456
4592 9819
4593 5570
4594 5089
4596 6357
4596 7902
4597 6967
4597 7701
4598 8754
4598 9924
4600 5672
4600 8394
4601 6379
4601 5267
4603 6561
4604 8044
4606 5511
4608 6257
4610 6171
4611 6071
4612 4714
4614 7810
4614 5409
4614 7410
4616 7597
4616 8995
4616 9323
4617 5210
4617 7483
4617 7519
4618 7886
4620 6922
4620 7385
4621 9304
4622 7073
4624 7094
4624 4628
4624 6687
4626 6830
4628 8456
4629 5950
4629 8591
4629 7727
4630 7264
4631 8627
4631 8534
4632 5452
4633 6007
4633 5199
4634 9906
4634 5006
4635 6413
4636 5378
4636 7600
4636 8988
4637 8139
4638 5049
4639 9499
4640 7260
4641 5566
4642 5350
4643 6523
4643 7982
4644 7821
4644 9900
4645 9279
4645 8972
4646 6675
4648 9040
4649 5188
4652 9877
4654 5944
4654 9038
4657 7538
4658 6347
4659 6939
4660 7380
4660 5176
4661 7779
4661 9010
4662 9529
4662 4695
4663 6122
4665 7489
4665 8824
4665 6414
4666 9837
4667 8634
4668 5334
4669 7616
4669 5976
4670 7585
4671 8960
4672 8157
4673 6216
4673 7292
4675 8718
4675 6624
4678 6243
4679 8665
4681 6155
4682 9313
4683 5058
4683 9144
4685 9308
4685 6799
4686 8501
4690 5147
4690 9091
4690 9962
4692 9152
4694 7603
4695 9401
4697 9868
4698 7387
4699 7013
4699 5884
4702 5357
4704 8530
4706 9970
4707 5900
4707 5052
4708 7168
4708 8411
4708 7740
4710 5252
4711 5094
4712 5763
4712 7752
4712 5645
4714 5875
4715 5723
4715 8750
4717 8917
4717 8233
4718 5458
4719 7407
4720 8028
4722 7882
4723 6509
4725 5831
4727 7952
4729 8357
4729 6249
4729 5048
4730 8808
4732 8627
4733 6397
4734 6778
4735 6648
4737 9241
4738 5407
4739 6142
4739 7544
4739 7357
4741 9981
4742 8182
4743 7627
4744 9785
4745 7147
4746 6415
4747 8708
4747 5261
4748 9581
4750 6811
4752 6476
4752 8132
4753 8676
4753 6664
4755 7756
4755 4938
4757 7861
4758 7556
4758 8221
4759 7377
4761 5175
4762 9969
4763 6363
4764 7634
4765 6581
4766 9286
4768 7878
4770 7595
4776 9693
4776 9644
4777 7619
4778 7797
4779 6993
4780 6884
4783 6481
4785 5918
4785 6782
4785 7167
4786 9105
4786 9291
4786 8427
4787 8539
4787 7690
4790 6097
4790 6376
4792 7085
4794 8836
4795 7109
4798 8198
4798 7748
4799 8378
4800 8784
4800 7181
4801 5583
4802 8869
4802 7811
4802 9888
4802 5191
4802 9735
4803 9446
4803 9829
4805 9898
4805 7109
4806 7342
4806 7892
4806 9940
4807 7320
4807 9136
4808 7187
4808 6787
4809 5258
4809 7403
4809 9300
4810 5781
4810 6062
4811 8126
4812 8879
4814 7673
4814 6302
4814 5962
4815 7390
4815 9130
4816 8904
4817 8712
4818 7312
4819 7253
4819 8077
4820 8424
4821 8576
4822 9552
4822 9694
4823 7215
4824 8429
4824 9603
4826 8174
4827 9032
4828 7563
4829 5214
4829 9592
4832 7253
4834 5585
4834 6772
4834 8129
4836 7165
4836 6248
4837 5323
4839 9942
4841 7537
4841 8951
4842 5389
4844 6157
4844 5264
4846 9664
4847 7603
4848 5928
4850 5112
4850 9545
4853 8761
4853 6037
4854 9874
4854 6243
4855 7821
4857 9774
4860 9697
4861 7284
4862 4878
4862 9004
4864 6434
4865 8592
4865 9789
4867 5167
4867 8033
4867 8777
4868 8865
4868 5522
4868 6966
4869 6187
4870 9043
4871 5413
4872 6307
4872 5729
4873 8462
4874 5605
4877 9220
4879 5046
4880 5995
4880 9547
4880 8425
4881 8583
4881 9119
4881 7666
4882 5445
4882 7809
4882 8703
4883 8492
4884 7488
4885 5244
4887 8665
4887 8124
4889 7476
4890 5882
4890 7470
4891 5068
4891 9711
4892 5022
4896 5363
4899 7417
4900 8754
4901 5048
4902 5921
4902 5808
4904 6390
4904 8408
4906 6891
4908 6033
4908 7786
4908 9836
4908 5925
4910 5968
4911 8893
4912 5332
4913 7697
4913 8537
4914 7730
4916 5930
4917 6135
4919 5910
4920 7783
4920 7208
4920 5806
4921 6832
4921 9261
4921 8050
4923 7712
4924 5733
4925 5488
4926 5733
4927 5435
4928 7377
4929 6638
4931 6245
4934 7058
4935 7455
4937 6091
4937 5062
4938 5969
4939 9860
4939 7906
4939 5580
4940 9975
4940 5279
4941 7196
4941 8225
4942 5411
4943 5845
4943 8600
4944 6245
4944 9044
4944 5702
4945 6025
4946 6972
4946 9077
4946 7250
4947 8125
4948 7263
4949 9234
4950 6539
4951 8180
4953 9908
4953 5119
4957 8992
4957 6002
4958 7332
4959 5120
4960 7090
4963 7247
4963 5237
4964 7646
4964 9985
4964 5880
4965 9942
4968 9716
4969 5761
4969 8448
4970 6531
4972 5690
4972 8145
4972 8077
4973 5911
4974 7607
4975 6952
4977 9024
4977 9708
4978 5367
4980 5244
4981 8155
4981 7596
4982 8106
4982 9196
4982 6938
4983 9182
4984 9289
4985 8866
4985 9355
4986 9071
4987 9956
4988 8287
4988 6498
4989 9148
4991 5977
4992 9854
4992 6584
4993 8692
4994 8437
4997 6287
4998 8117
4999 7885
5000 7827
5001 6604
5002 7506
5003 7797
5003 9318
5005 7028
5006 8301
5007 9678
5008 5394
5008 7022
5008 5746
5011 9962
5012 8886
5013 7643
5014 8680
5016 9689
5016 8687
5017 5448
5017 9270
5019 5874
5020 5211
5024 9229
5025 6914
5026 6407
5026 9774
5030 7436
5030 9631
5032 7439
5033 5327
5033 6391
5034 9382
5034 8494
5034 7190
5035 9378
5035 9124
5036 6289
5037 7567
5037 8231
5037 5580
5039 6486
5040 7467
5041 8556
5041 6593
5042 7494
5042 9573
5043 8553
5044 8825
5045 7450
5046 6781
5047 6275
5050 7485
5051 5313
5052 6454
5053 5607
5055 5608
5057 9657
5058 7789
5059 8243
5060 5633
5061 7256
5061 9806
5062 9257
5063 5787
5064 8414
5065 8808
5065 5421
5066 7049
5066 8938
5067 5162
5068 8493
5070 7103
5070 8510
5070 9597
5070 9262
5071 6647
5072 7905
5072 9459
5072 8678
5073 5624
5076 7401
5077 6353
5078 7939
5079 5439
5082 9737
5083 9694
5084 5995
5085 5163
5085 9398
5085 7034
5086 5379
5088 9290
5089 7876
5090 9234
5090 6045
5090 5310
5091 7598
5091 8969
5093 6299
5094 6895
5094 7644
5094 8199
5095 7994
5095 9494
5096 8665
5097 9235
5097 7374
5099 9629
5100 7345
5101 8093
5101 6034
5102 6643
5102 6461
5103 9610
5104 9329
5105 5462
5105 5796
5105 8811
5106 6259
5107 8397
5110 5770
5113 5791
5113 9498
5114 6173
5117 5712
5117 5229
5118 7261
5118 7613
5119 7465
5119 8983
5120 6602
5122 7622
5123 8907
5124 7021
5128 5525
5129 8039
5129 5335
5130 9434
5130 9701
5131 9724
5132 5410
5133 6823
5133 5969
5135 5857
5135 5707
5135 7838
5136 5730
5136 8609
5136 9211
5136 5640
5137 7227
5138 9680
5140 8343
5141 8514
5141 9963
5142 6294
5142 5914
5142 8711
5142 7950
5142 5528
5143 6378
5147 5873
5148 7562
5150 6630
5152 5236
5152 7433
5153 9404
5154 7751
5155 6054
5157 6324
5158 8316
5159 9988
5160 6290
5160 9381
5160 6456
5165 5232
5165 9396
5166 5989
5166 9101
5168 8328
5169 8640
5171 6638
5171 5852
5172 9110
5174 7900
5175 9223
5176 9664
5178 5879
5179 6343
5180 5591
5180 8972
5181 5601
5181 8946
5182 8043
5182 7966
5184 5637
5185 5833
5186 6092
5187 6553
5187 8768
5187 8077
5190 6112
5191 7337
5193 6093
5193 6417
5195 5207
5195 7416
5197 8421
5198 7497
5199 9469
5201 9884
5202 8488
5202 9392
5202 9291
5203 9640
5203 5664
5205 5651
5206 5604
5206 9482
5207 8547
5208 7078
5208 9068
5209 9524
5213 6853
5213 6912
5214 9667
5215 8830
5216 6890
5216 8995
5218 6511
5219 9804
5220 8771
5221 5892
5222 5838
5223 7574
5226 9817
5226 5515
5228 7958
5230 7628
5233 8242
5233 9768
5235 7467
5239 7977
5239 7516
5240 8240
5241 7335
5242 7433
5243 6023
5244 7665
5244 5587
5246 6721
5247 5920
5248 7912
5249 8333
5249 7869
5250 6747
5251 9023
5252 8176
5253 7791
5254 5999
5254 7574
5256 8927
5257 5528
5257 6302
5261 6227
5264 7282
5265 6702
5265 9201
5266 9962
5268 8885
5268 6416
5268 6374
5270 7638
5271 6016
5271 7676
5274 8409
5275 5882
5276 5816
5277 5311
5278 5293
5279 9309
5280 7002
5282 8533
5282 8316
5284 7611
5285 7117
5285 6085
5286 9830
5287 9122
5288 7954
5289 5740
5290 7568
5290 7942
5290 6185
5292 8916
5293 8732
5293 6153
5294 5316
5294 8820
5296 9643
5297 8642
5298 7773
5299 7140
5300 9928
5300 9412
5300 8688
5301 9829
5302 8157
5303 9437
5304 6743
5304 8642
5306 8003
5307 8233
5308 7628
5308 6011
5310 7699
5311 9776
5314 7818
5314 5733
5318 8010
5319 8675
5319 6831
5320 6545
5321 8183
5322 5732
5325 6983
5328 5867
5328 7552
5329 6252
5329 7864
5330 9772
5332 5346
5334 8629
5334 9544
5334 6844
5334 8591
5336 6021
5336 7729
5339 7132
5339 9031
5340 9257
5341 6667
5345 6490
5345 5594
5346 7351
5348 7219
5349 7621
5349 8616
5349 9926
5351 7281
5353 9532
5355 6942
5359 8177
5360 7847
5360 7230
5361 7553
5362 9007
5363 8915
5363 9713
5363 8442
5364 9080
5366 8490
5368 6554
5371 7762
5372 7824
5372 6486
5374 7291
5375 7830
5376 8585
5380 8105
5380 7100
5382 5863
5384 5644
5386 6540
5386 8009
5386 8618
5386 9704
5390 5478
5391 6334
5391 6564
5391 7804
5392 9813
5393 5514
5395 7036
5396 5930
5397 6914
5399 9220
5401 5596
5402 6460
5403 7106
5404 6232
5405 5934
5406 5452
5407 6804
5408 5981
5410 8016
5413 8413
5414 8322
5416 8233
5417 7117
5418 7645
5420 8807
5420 8397
5423 9222
5424 9969
5424 6812
5427 9453
5428 7968
5429 9971
5430 6251
5431 7371
5433 9318
5434 7714
5434 6934
5434 8845
5435 7333
5435 8440
5437 8730
5438 5646
5438 7937
5439 9479
5439 5845
5442 7057
5444 6407
5446 8694
5446 9009
5448 6114
5448 9321
5449 8707
5450 7790
5451 8912
5452 7503
5452 5710
5455 6388
5456 7392
5456 6568
5456 9721
5456 7345
5459 5832
5459 7034
5460 7719
5461 7307
5462 8169
5462 6862
5462 6304
5464 7661
5467 7564
5468 9670
5468 5676
5470 9973
5470 7260
5471 6017
5471 8683
5471 7388
5472 8176
5473 7512
5474 7014
5475 6450
5476 8874
5476 8007
5476 9027
5477 7927
5477 6064
5481 7657
5483 7921
5483 8704
5483 9468
5484 7701
5484 9295
5489 7777
5489 7569
5490 8918
5493 7779
5494 5771
5495 7207
5495 8913
5496 7831
5498 9390
5499 7161
5501 8956
5502 9248
5505 5807
5506 8954
5506 7055
5507 7629
5508 7231
5509 8672
5510 8335
5512 8485
5513 7970
5519 7687
5520 6365
5520 9815
5521 5568
5522 6641
5523 6628
5526 8255
5527 6298
5527 6691
5529 6189
5531 9974
5532 7396
5532 6029
5533 9483
5535 9863
5536 6448
5541 9019
5542 8662
5544 7468
5545 9070
5547 8051
5548 8929
5548 5614
5549 9129
5550 7843
5550 5574
5552 7458
5555 5757
5555 6218
5555 8153
5556 6598
5556 7811
5557 9516
5558 7425
5559 7280
5560 7772
5561 6431
5561 9056
5562 6874
5563 7645
5565 9063
5566 6054
5566 8905
5566 7090
5567 8266
5568 6190
5568 7669
5569 8222
5572 6796
5573 6516
5576 6265
5577 6709
5578 6460
5578 5975
5579 8964
5579 9750
5579 7704
5580 7970
5581 7202
5581 8367
5582 8606
5582 6951
5584 6176
5587 8686
5587 8596
5588 9364
5589 8438
5589 9322
5590 8351
5592 8426
5594 9761
5595 6300
5595 8114
5597 6175
5598 5658
5599 7631
5601 6658
5603 9400
5603 9345
5604 5911
5605 7848
5605 8618
5606 6728
5607 7302
5608 7907
5609 8268
5609 9275
5611 9476
5612 8129
5612 7325
5613 6069
5613 9005
5613 8697
5615 5803
5615 8565
5616 5618
5617 8171
5618 9241
5619 7309
5623 7581
5623 6855
5625 5792
5626 7124
5626 8724
5627 6453
5628 7450
5629 8569
5629 6468
5630 8383
5630 6619
5632 6385
5632 8323
5633 6729
5633 6735
5639 8118
5640 5947
5640 7906
5642 6573
5643 8334
5643 9069
5645 9140
5645 8387
5646 8619
5647 8963
5648 5771
5654 5945
5654 6980
5658 9662
5659 9194
5659 8559
5663 7705
5665 7913
5665 7603
5666 8772
5667 8093
5668 8918
5668 8927
5670 6262
5673 5788
5674 7428
5674 8687
5674 7546
5676 9002
5677 8087
5679 6678
5680 6763
5681 7276
5683 7668
5684 8753
5684 6157
5685 9995
5686 7833
5687 8812
5688 6797
5688 9420
5689 9591
5690 7685
5690 7981
5691 7480
5691 8584
5692 9499
5693 7828
5695 7857
5695 9057
5696 8285
5696 7445
5697 7674
5698 7219
5699 7534
5700 9567
5700 7702
5701 8312
5701 8862
5702 8405
5703 8788
5707 8061
5708 5758
5710 8457
5711 9278
5713 8166
5714 6674
5716 9954
5717 7786
5718 6615
5719 6868
5720 9221
5720 7808
5722 8671
5724 9628
5725 7193
5726 6019
5726 8027
5726 6452
5727 7793
5728 5785
5729 8190
5730 5750
5732 9086
5732 7116
5733 7608
5735 7728
5738 6535
5742 6571
5742 9580
5742 8879
5744 6306
5748 9911
5749 5914
5751 8552
5752 7884
5753 9151
5754 5845
5758 8630
5762 8149
5763 6386
5765 9261
5766 6744
5766 9590
5768 5838
5772 8799
5773 8347
5774 7527
5775 7658
5776 8682
5777 8218
5780 6565
5780 7022
5781 8791
5782 8245
5783 9862
5783 9476
5784 6161
5785 8794
5786 5896
5787 6811
5789 7281
5789 6258
5790 8669
5790 8137
5793 7493
5795 6880
5797 6326
5799 7627
5800 6682
5800 9078
5800 9668
5801 7975
5804 7473
5805 8695
5807 7757
5807 6684
5808 9874
5810 8663
5811 8836
5812 9666
5813 6292
5815 9055
5815 6912
5816 6524
5819 9984
5819 6030
5820 6694
5821 6487
5823 8951
5824 6633
5825 6780
5826 6787
5826 6160
5828 6783
5828 7755
5831 7053
5833 9883
5834 7775
5836 6508
5836 9162
5836 6441
5838 9510
5839 8135
5839 7907
5840 9280
5842 6944
5843 9142
5843 9853
5843 6690
5844 9796
5845 8740
5846 8372
5846 9262
5846 6086
5848 9061
5848 7762
5849 8331
5850 7107
5851 8032
5851 8610
5851 8769
5853 8215
5853 8225
5853 5884
5855 6467
5855 9405
5856 6268
5858 7238
5858 9301
5860 9867
5861 6163
5862 9339
5863 6117
5863 6275
5869 8885
5870 8696
5874 7482
5876 8781
5877 8988
5878 9785
5880 7605
5880 7251
5882 9068
5885 8100
5885 8333
5886 7863
5886 8158
5889 9388
5890 9742
5890 6529
5891 6497
5893 6020
5894 8981
5895 7352
5896 6261
5896 7860
5897 9461
5899 9865
5902 6060
5905 7009
5906 9979
5908 8792
5909 9533
5910 8013
5910 8475
5912 6587
5912 9003
5914 8261
5916 6023
5917 6053
5919 6945
5921 9708
5922 7361
5922 6846
5923 6423
5924 6949
5924 8148
5926 8019
5927 6156
5929 9399
5930 7707
5931 6869
5932 8288
5932 8284
5935 8597
5935 7914
5939 6884
5942 6461
5943 6861
5944 9591
5945 6754
5950 6198
5951 8037
5952 6253
5955 9851
5955 6353
5957 8444
5957 6977
5958 6125
5959 7146
5960 8022
5960 6388
5962 9386
5962 6113
5963 8015
5963 9866
5964 8707
5965 9790
5966 6346
5968 6302
5969 9228
5970 7836
5971 9908
5973 7150
5974 9659
5976 8060
5977 6484
5978 7151
5982 7938
5982 7081
5982 9777
5983 8884
5985 6668
5986 6325
5990 6751
5992 6526
5993 7481
5995 6866
5996 9788
5997 6269
5997 6356
5999 9099
6000 8074
6000 9202
6001 9795
6002 9212
6002 9027
6004 7367
6006 7555
6007 7700
6008 9587
6009 9354
6009 6361
6012 9833
6013 6258
6014 6134
6014 9435
6015 6569
6017 6533
6018 9625
6020 9061
6024 9791
6028 8538
6029 7841
6030 9812
6032 8796
6034 6073
6034 9890
6035 8397
6036 8254
6037 8248
6038 7310
6039 7234
6040 6118
6041 8151
6041 7038
6041 9947
6042 9985
6045 9265
6045 6359
6047 7886
6048 6960
6049 8298
6050 8501
6050 7493
6051 8903
6051 9934
6055 8999
6056 8652
6056 8476
6057 6998
6059 9037
6059 9366
6062 8534
6062 8179
6063 7005
6064 7393
6065 8963
6068 9651
6068 7987
6070 9609
6070 9456
6071 8454
6072 6794
6072 6325
6073 7760
6074 7370
6075 7281
6076 6533
6077 6287
6080 7915
6080 9534
6081 9715
6081 8998
6082 7596
6083 8969
6083 8873
6086 6995
6087 6344
6088 6768
6088 7176
6088 9281
6088 7058
6089 6943
6090 6305
6091 9858
6092 8420
6094 8748
6094 6496
6095 6342
6098 6161
6100 6210
6100 8790
6100 6580
6101 8272
6102 9615
6102 8539
6103 9365
6108 6551
6110 8823
6110 9818
6115 9814
6115 7907
6119 6881
6122 8639
6122 7861
6123 6501
6127 7724
6128 7905
6130 9283
6130 8975
6131 6708
6132 9875
6133 9744
6135 9973
6137 8693
6138 6141
6138 9465
6138 9648
6140 6405
6143 6968
6144 9536
6145 7027
6145 6927
6146 9158
6148 9637
6149 6555
6149 9539
6149 9912
6149 9212
6151 7629
6152 7338
6152 7358
6153 8513
6153 7844
6155 7487
6158 8633
6159 7152
6160 9611
6161 7760
6162 7457
6167 6710
6168 6235
6169 6629
6169 6328
6171 7002
6174 7507
6174 7774
6175 6708
6175 7266
6176 9863
6177 8004
6180 6384
6180 9227
6180 6869
6182 7125
6183 9233
6183 6417
6185 9254
6187 9671
6187 9477
6198 9909
6199 6418
6201 9895
6203 9966
6204 8433
6205 8389
6209 9465
6211 9331
6213 8898
6214 6901
6215 9110
6219 9752
6220 8116
6222 7770
6226 9812
6227 7520
6227 8796
6228 8739
6230 8930
6231 9190
6232 8174
6237 7997
6241 7087
6241 7012
6242 7287
6243 6589
6244 8211
6244 7693
6249 8384
6250 6338
6251 7548
6251 8903
6254 9886
6255 7013
6256 6291
6259 7236
6263 7367
6264 9201
6264 7906
6270 9095
6271 8122
6273 9064
6276 9048
6282 8220
6282 9829
6283 9029
6284 7289
6285 7394
6286 7002
6288 8046
6289 9541
6295 9491
6296 9007
6297 8559
6301 8137
6303 8896
6305 6809
6306 9250
6307 9435
6308 7671
6309 9388
6310 7420
6311 7271
6314 9939
6315 9412
6317 9299
6317 8142
6318 7008
6321 8047
6322 7985
6323 8143
6325 9777
6326 7510
6328 8726
6331 9021
6331 8703
6331 7729
6332 8752
6333 8196
6333 7285
6335 7408
6337 9192
6339 9727
6340 6502
6343 6405
6344 6930
6345 7072
6346 9120
6347 6693
6349 6958
6350 6522
6350 8188
6352 7362
6354 7069
6355 9572
6359 9389
6361 6776
6361 7155
6361 9881
6362 7382
6365 8904
6366 8010
6369 9310
6369 7571
6370 6808
6371 6662
6372 9897
6373 7216
6375 7188
6376 7997
6377 8410
6377 6403
6379 9593
6381 8078
6383 8492
6387 6792
6389 6484
6391 6432
6391 9805
6392 7031
6392 6795
6393 8460
6394 9812
6396 8309
6399 9939
6400 7194
6401 8957
6404 7289
6406 8290
6408 8480
6414 6826
6414 7829
6414 8896
6416 7747
6418 7119
6419 9506
6421 8779
6422 7044
6424 9945
6425 9428
6426 8892
6428 7040
6428 9399
6428 8530
6428 9716
6429 7331
6430 8499
6431 7076
6433 7731
6434 7926
6435 9586
6435 7572
6436 9186
6439 9879
6441 7195
6444 7996
6444 9058
6444 6575
6446 6760
6446 7945
6447 9378
6448 8833
6452 6906
6453 8079
6454 6981
6455 7379
6457 7195
6458 6843
6458 7406
6461 7451
6462 6802
6463 8887
6463 9679
6465 6897
6466 7103
6468 8133
6470 8643
6472 9165
6472 8875
6474 6655
6475 9936
6476 8659
6479 8394
6480 7613
6482 7875
6483 6619
6484 6718
6485 6499
6487 9163
6488 9810
6488 8610
6489 7163
6489 8506
6491 8844
6492 7680
6495 9962
6496 7108
6497 7800
6499 6994
6500 8134
6500 9213
6503 7420
6503 8834
6506 7318
6511 7258
6512 8012
6515 8373
6516 9794
6517 6716
6517 9716
6518 7471
6524 7703
6524 7007
6529 8222
6529 8255
6536 6558
6536 8670
6537 6826
6542 7819
6545 9950
6547 7211
6547 8589
6548 7975
6549 8092
6549 8369
6549 9118
6550 7778
6550 6604
6557 9684
6559 9279
6561 9750
6562 9509
6565 7219
6566 7313
6568 9189
6569 9910
6573 7919
6573 9381
6574 9484
6574 6585
6577 8728
6579 8248
6580 7885
6581 8087
6581 9467
6583 8440
6584 8615
6584 8737
6585 8721
6586 7823
6588 7581
6589 9299
6590 7091
6594 8064
6595 7010
6598 7713
6599 7887
6600 7763
6601 9947
6602 8940
6602 8316
6603 9053
6603 7647
6608 7318
6609 6796
6609 9421
6612 7374
6614 7838
6615 7530
6616 8887
6617 7701
6621 9250
6621 9762
6622 7943
6622 9717
6622 7424
6623 9370
6623 9618
6623 8751
6625 7606
6627 9081
6631 8654
6633 6834
6634 7228
6635 7961
6636 8346
6637 9331
6637 7502
6638 8407
6638 9778
6639 6700
6642 8191
6644 9409
6645 9506
6646 6786
6646 8512
6647 8988
6649 9716
6650 8860
6651 7005
6655 8100
6656 8052
6657 8364
6659 7358
6660 8173
6661 9679
6662 8301
6663 6755
6664 7245
6667 7388
6668 8408
6669 8447
6669 9559
6670 8787
6671 7339
6671 7577
6672 7858
6676 8291
6676 9074
6679 8658
6681 9126
6683 8227
6683 9444
6684 9896
6684 8459
6685 7549
6688 7655
6692 6737
6692 7506
6693 6806
6693 7096
6696 9998
6699 7327
6699 7794
6703 9821
6703 8782
6706 7633
6707 9297
6711 9378
6712 9183
6712 8129
6714 9241
6716 6836
6720 6817
6720 9071
6724 6846
6724 7186
6731 7586
6731 9401
6732 9554
6735 6872
6738 6887
6739 7163
6740 7063
6740 8809
6742 8297
6742 9095
6744 7412
6745 9106
6748 8415
6748 9680
6749 9184
6750 8663
6750 7825
6752 8592
6758 8282
6763 7765
6764 8468
6765 8156
6769 9939
6772 9028
6772 9599
6774 7316
6775 9961
6787 7983
6788 9657
6788 7394
6788 7775
6789 8165
6790 8704
6793 6898
6794 9419
6795 6979
6797 7045
6797 7061
6800 8990
6801 7598
6804 9285
6808 7203
6809 8374
6812 9095
6815 7470
6819 6978
6819 7307
6820 7486
6821 9543
6823 9076
6824 7226
6825 9108
6825 8894
6825 7089
6827 8506
6827 6867
6829 8486
6830 7402
6831 9879
6837 8091
6838 8378
6839 8749
6841 7311
6844 7068
6844 9675
6844 9701
6845 8993
6847 8734
6850 7524
6851 7842
6852 7202
6853 9139
6853 7017
6855 7638
6855 8394
6856 8720
6857 8512
6859 8985
6863 8206
6864 7688
6867 8693
6869 7964
6870 8822
6870 8666
6871 8997
6874 9986
6874 9965
6875 9826
6877 9581
6878 8040
6879 7787
6880 7893
6881 7317
6884 8776
6884 8333
6886 7333
6887 8971
6889 7175
6889 7724
6892 8582
6893 7174
6894 7539
6896 9116
6899 9584
6899 8125
6900 9083
6903 8891
6904 8904
6907 8258
6908 9382
6909 7962
6912 7499
6913 9402
6915 8868
6915 7003
6917 9163
6920 7050
6923 8643
6923 8258
6926 7682
6927 8074
6928 9334
6928 9712
6929 9829
6931 8449
6931 7104
6933 8413
6935 6994
6936 9754
6936 9288
6936 7024
6938 9333
6938 8785
6939 9347
6940 7072
6941 7061
6943 9752
6944 8962
6944 7598
6947 9520
6950 7346
6950 8640
6951 9787
6952 7298
6953 7894
6953 9226
6954 9041
6955 8878
6956 9276
6956 9247
6963 9556
6965 7115
6966 7439
6969 7486
6969 9616
6970 9691
6971 8601
6972 9843
6973 8188
6975 9198
6975 9156
6976 7947
6976 9961
6976 8136
6977 7782
6983 8584
6984 7147
6986 9068
6988 9260
6988 7584
6989 8334
6990 7635
6991 7902
6996 7001
6999 8922
7000 7577
7002 7878
7003 8474
7003 9252
7004 9832
7012 7190
7012 9758
7013 8529
7015 9193
7016 9920
7018 8930
7020 9067
7021 7756
7023 8436
7024 9467
7026 9063
7028 8557
7028 7573
7028 8955
7028 8536
7029 8731
7030 9155
7032 8741
7033 9253
7035 9745
7035 9340
7036 7544
7038 7468
7038 7594
7042 7878
7044 7313
7046 8995
7048 9729
7049 9266
7050 7371
7052 7695
7053 9414
7054 9815
7055 9547
7057 7315
7058 7153
7061 9269
7064 8491
7066 8140
7069 8722
7073 9054
7074 7492
7075 9066
7079 7876
7080 8252
7082 8559
7082 9721
7084 8351
7088 7336
7090 8345
7091 8228
7093 8428
7097 7538
7099 8117
7101 8656
7106 7474
7107 9352
7108 8883
7109 8484
7109 9225
7109 8397
7113 9203
7116 9979
7117 8466
7117 8640
7117 9797
7121 8589
7127 8136
7127 8194
7128 8941
7128 9820
7128 8687
7129 9760
7130 8528
7131 9852
7133 9912
7136 8553
7136 7332
7137 9268
7143 8727
7143 9425
7144 8267
7145 9596
7147 7533
7151 7915
7156 9658
7157 7854
7160 7730
7161 7500
7162 8859
7164 8924
7164 7415
7166 7713
7169 8947
7171 8575
7174 9998
7178 9920
7179 7344
7180 8118
7181 9093
7185 8712
7187 8386
7188 8942
7189 8083
7190 9905
7191 7708
7192 8402
7195 9620
7195 8483
7197 8258
7198 7662
7199 8236
7199 8353
7200 9605
7203 9538
7206 7243
7207 8787
7212 8421
7215 9444
7217 8319
7220 8656
7221 8936
7225 8577
7226 7980
7232 7541
7235 8297
7236 9548
7239 7684
7240 9499
7243 8450
7258 9960
7261 8280
7262 9628
7265 9210
7268 7558
7271 9008
7272 8214
7273 7986
7274 9177
7276 9131
7278 8131
7279 8102
7286 7912
7287 9759
7291 8505
7297 7448
7299 7883
7302 8346
7302 9263
7302 8411
7305 9924
7308 9695
7310 7382
7314 8010
7317 7434
7317 9338
7317 8540
7319 7488
7319 9337
7320 9356
7321 8096
7321 7438
7322 8921
7324 8871
7325 9583
7325 7649
7326 9844
7328 8050
7329 8814
7329 9726
7332 9461
7334 8082
7335 9064
7336 7992
7338 7648
7340 8233
7341 7344
7342 7873
7343 7677
7343 8346
7347 9628
7353 7506
7354 8877
7355 7680
7356 8472
7357 9424
7360 7549
7364 8683
7368 7903
7370 9803
7372 9170
7372 8305
7373 8544
7375 9327
7378 8197
7379 9454
7379 9907
7380 9937
7385 7495
7386 8406
7389 7575
7389 9318
7391 8522
7391 9459
7398 8794
7402 8655
7403 9326
7405 8327
7407 8756
7409 8148
7410 9677
7414 9164
7416 8290
7418 8776
7423 9866
7425 9811
7426 9426
7428 8935
7435 7550
7435 7722
7438 8237
7441 9464
7442 9383
7442 9546
7444 8061
7445 7913
7449 9121
7450 8011
7451 8802
7453 7624
7455 7613
7457 8073
7458 7807
7459 8961
7461 8578
7463 9679
7466 8382
7470 7717
7471 8056
7472 8178
7473 7601
7476 9609
7477 7603
7481 9590
7482 7850
7484 7545
7485 9028
7488 9602
7491 9236
7492 8039
7493 7864
7493 8170
7495 8937
7496 9546
7497 9190
7498 9110
7501 9900
7502 8638
7505 7550
7508 8968
7510 8624
7510 7845
7512 8315
7514 9171
7516 9322
7517 7917
7520 8838
7520 9578
7521 8070
7523 8422
7523 9429
7523 7917
7524 7769
7524 8150
7526 9688
7529 7649
7530 9992
7536 9267
7542 8298
7549 8870
7554 9166
7559 8818
7561 8988
7562 9059
7566 9835
7570 7640
7574 8751
7577 8862
7582 8499
7583 8960
7585 8323
7588 9913
7589 9545
7589 9324
7594 9083
7595 9047
7596 8352
7596 9664
7599 8997
7602 8380
7604 9114
7609 7987
7612 8050
7613 9866
7614 9177
7614 8226
7617 9022
7617 9245
7619 8080
7623 8711
7625 8530
7628 8167
7628 9705
7633 8046
7635 9143
7637 9773
7641 9290
7641 7811
7642 9311
7643 8762
7643 9558
7645 8042
7646 9385
7648 7959
7650 9934
7653 8764
7661 7714
7664 8679
7666 7924
7667 7898
7668 9493
7668 8179
7669 8647
7670 9600
7671 7976
7674 9151
7675 7830
7684 8894
7688 7853
7690 8283
7692 9399
7693 9097
7693 9929
7695 8736
7696 9796
7697 8900
7701 8943
7702 8882
7702 9779
7705 8458
7706 8084
7706 7723
7709 7976
7711 8374
7721 9748
7723 9617
7726 8895
7727 9535
7732 8536
7732 9135
7738 8286
7741 8838
7742 7944
7743 9438
7744 9336
7745 9477
7746 9762
7748 8943
7749 8859
7755 8573
7755 9133
7759 9868
7760 8062
7762 8054
7764 8268
7768 8678
7771 9610
7774 9311
7776 8654
7780 9656
7783 9416
7787 8317
7789 8744
7791 9560
7791 9730
7794 8058
7804 9001
7805 9338
7807 9869
7808 8990
7814 9867
7816 8395
7818 9922
7819 9460
7822 8947
7822 9264
7823 9629
7824 8899
7828 8209
7828 8852
7835 9198
7836 9705
7837 9016
7838 9204
7839 9640
7840 8635
7842 9638
7842 8744
7844 8138
7845 9206
7846 8057
7846 9996
7847 9513
7850 8917
7851 8868
7860 9517
7862 9379
7867 8164
7867 9169
7872 9649
7877 8783
7879 9905
7881 8724
7882 7990
7882 8301
7883 8590
7883 8837
7886 9141
7886 9622
7889 9307
7891 8691
7895 9301
7896 9502
7898 9160
7899 9173
7901 9590
7902 8007
7907 9935
7909 8509
7910 9593
7911 8460
7912 9784
7914 8477
7914 9930
7916 9874
7921 9488
7924 9134
7932 9133
7934 8571
7934 9257
7935 9027
7936 9770
7936 8120
7938 8860
7940 8022
7944 9931
7944 8283
7948 9404
7950 9228
7954 8297
7955 8766
7957 9882
7960 8828
7960 8457
7963 8804
7965 9537
7969 8316
7971 9917
7976 9704
7982 8450
7983 9525
7985 8387
7988 8250
7989 8800
7994 9127
7995 8992
7997 8867
7999 8071
7999 8773
8001 9997
8003 9515
8004 9657
8006 9830
8008 9847
8010 8563
8020 8995
8021 8601
8028 9410
8028 9334
8035 9572
8035 9265
8036 8944
8043 8810
8048 9763
8052 8816
8052 9483
8055 9706
8065 8081
8068 8510
8069 8086
8070 8902
8072 8277
8073 8731
8076 9001
8077 8603
8078 8566
8080 9153
8082 8566
8090 9718
8091 8111
8094 8766
8095 9918
8099 8247
8101 8220
8102 9502
8103 9078
8104 8961
8109 8555
8110 9132
8111 9088
8112 9934
8119 8864
8120 8849
8120 9306
8123 8144
8127 8151
8132 8649
8133 8486
8137 8445
8141 8728
8143 8467
8143 9282
8144 9440
8149 9828
8150 9048
8150 8483
8153 9212
8156 9242
8158 8342
8158 9471
8164 9303
8167 8891
8171 9737
8172 8714
8172 9051
8172 9968
8172 9403
8173 8622
8177 9374
8182 9147
8183 8874
8190 8681
8190 9283
8193 8259
8197 9599
8201 8839
8210 8716
8223 8539
8224 9559
8227 8254
8229 8496
8230 9351
8232 9880
8235 9683
8236 9258
8238 9904
8240 8453
8246 9428
8247 9216
8247 9769
8250 9837
8250 8315
8254 8504
8258 9686
8260 9610
8262 9896
8264 8317
8271 9653
8274 9326
8276 8418
8283 8476
8285 8405
8289 8336
8295 9395
8296 8390
8298 8977
8299 9186
8300 9624
8302 9317
8302 9143
8304 8511
8306 9533
8306 8834
8313 9867
8317 9552
8318 9214
8320 9540
8329 9614
8332 8522
8335 9948
8337 9731
8338 8523
8338 8858
8338 9566
8339 8583
8343 9040
8349 8723
8350 8788
8353 8671
8354 9753
8368 9771
8373 9593
8374 8707
8376 8674
8379 8571
8380 8735
8384 8770
8385 8641
8388 9121
8388 9003
8389 9707
8392 8464
8393 8961
8394 9156
8395 9242
8398 9859
8400 9534
8402 9701
8403 8706
8405 8598
8411 8473
8411 8508
8415 9020
8419 8997
8423 8461
8427 8492
8427 8966
8428 9733
8431 9053
8434 9376
8435 9542
8436 8963
8436 9983
8439 8782
8441 9865
8442 9827
8442 9953
8443 8696
8443 9621
8445 9654
8446 9613
8446 9801
8452 9067
8458 9743
8462 8464
8471 9727
8481 9658
8489 9425
8495 9421
8502 8582
8515 8916
8519 9463
8524 9364
8527 8977
8535 8997
8550 9773
8561 9360
8564 8961
8566 9840
8567 9511
8567 8743
8570 8700
8574 8911
8577 9139
8580 8730
8586 8730
8587 9075
8593 9367
8607 8743
8612 9842
8613 8973
8620 9636
8622 9415
8631 9003
8635 9781
8645 9330
8650 9342
8653 9509
8660 9764
8661 9900
8666 9981
8667 9321
8668 9427
8669 9034
8677 8726
8680 9077
8681 9144
8685 9143
8689 9093
8692 9884
8697 9679
8699 9195
8709 9497
8713 9650
8720 9089
8720 9908
8726 9406
8728 9553
8729 9480
8732 9807
8742 8872
8744 8794
8746 8998
8747 9611
8747 9376
8749 9991
8751 9226
8759 9094
8767 9179
8767 9008
8774 9357
8775 9680
8781 9183
8786 9832
8789 9449
8789 9412
8792 8886
8792 9515
8794 9205
8795 9587
8798 8908
8810 9463
8810 8952
8815 9591
8824 9557
8825 9316
8826 9663
8827 9185
8835 9799
8837 8917
8840 9257
8843 9144
8854 9956
8857 9569
8861 9369
8864 9567
8867 9729
8873 9209
8876 9263
8878 9298
8887 9563
8889 9580
8897 9377
8898 9669
8902 9283
8910 9772
8910 9708
8911 9111
8913 9408
8914 9422
8925 9498
8934 9022
8950 9360
8953 9900
8958 9884
8960 9132
8975 9375
8976 9103
8977 9872
8979 9209
8985 9527
8996 9471
9000 9455
9012 9376
9016 9249
9018 9796
9022 9633
9025 9059
9036 9376
9040 9066
9041 9442
9042 9542
9054 9732
9064 9403
9077 9868
9079 9771
9079 9943
9081 9613
9082 9524
9092 9615
9093 9279
9096 9982
9100 9704
9104 9889
9106 9456
9107 9309
9112 9219
9117 9595
9117 9154
9118 9638
9122 9486
9125 9204
9133 9196
9135 9741
9136 9886
9138 9611
9145 9731
9146 9436
9154 9830
9164 9421
9169 9667
9172 9525
9176 9182
9177 9875
9192 9630
9195 9845
9197 9685
9208 9683
9229 9476
9230 9307
9231 9728
9232 9287
9233 9517
9249 9982
9249 9473
9252 9816
9253 9723
9256 9812
9275 9647
9279 9522
9287 9635
9306 9346
9340 9778
9342 9849
9344 9554
9349 9929
9367 9840
9369 9716
9370 9495
9374 9562
9384 9426
9384 9858
9394 9546
9397 9528
9400 9711
9407 9798
9411 9870
9422 9451
9424 9631
9428 9892
9429 9897
9443 9581
9447 9582
9452 9946
9452 9949
9454 9978
9467 9720
9475 9734
9482 9498
9531 9711
9532 9759
9554 9913
9557 9971
9580 9589
9582 9735
9594 9716
9596 9932
9601 9687
9619 9874
9622 9742
9648 9877
9663 9895
9674 9964
9693 9923
9703 9887
9705 9947
9712 9901
9739 9771
9766 9882
9766 9919
9842 9845
9846 9944
9893 9913
