5000 4999
0 2214
0 1526
1 722
1 488
2 2520
3 4603
4 2079
5 1121
5 2505
5 3791
5 3404
6 1263
6 4416
6 2103
7 2874
7 4223
8 2436
8 622
9 953
9 2698
10 760
11 782
11 281
12 1843
12 3103
13 1879
13 2367
13 3650
14 4213
14 3707
14 3340
15 2302
15 3328
16 1269
16 3999
17 138
17 215
18 4636
19 4006
20 3755
21 3369
22 807
22 1793
22 2227
23 3463
24 4481
25 2103
26 1669
26 4080
27 4919
27 3595
28 2333
29 4369
29 4500
30 2704
30 1471
31 643
31 3988
32 3562
32 82
33 2341
33 742
34 2659
34 1573
34 3435
35 3667
36 850
36 2006
36 1266
37 1739
38 3527
39 467
39 1990
40 3183
40 4639
40 4103
41 704
41 1612
41 2048
41 4508
42 713
42 1504
43 3225
43 4181
43 4381
43 3165
43 4506
44 3629
44 4651
45 1579
45 4942
46 3285
46 247
47 116
47 1811
47 2055
48 3719
48 2209
49 1162
50 366
51 61
51 3875
51 419
52 1997
52 153
53 2044
54 1022
54 3493
55 2916
55 3918
55 1727
56 590
56 3301
56 3230
56 4765
56 535
57 473
57 2034
58 478
58 2694
59 3906
59 1876
60 3978
60 287
60 2558
62 975
62 4137
62 3549
63 4544
63 3415
64 3158
65 2516
66 2868
66 1714
67 1347
67 4123
68 3000
68 2041
69 1874
70 4757
70 1233
71 3355
72 1793
73 3851
73 2633
74 2389
74 730
75 3374
75 4000
76 2293
76 3661
77 841
78 387
78 1220
79 807
80 755
81 2670
82 180
82 1186
83 537
84 4886
85 617
86 4904
86 864
87 3442
88 3934
88 203
89 4652
90 4374
91 1908
91 3668
92 4629
92 2367
93 2527
93 3042
94 222
95 4250
95 4417
95 625
95 3089
96 4980
96 462
97 496
98 501
99 3831
99 798
100 780
101 347
101 4491
102 1866
103 2136
103 4686
103 4781
104 2642
104 273
105 1044
106 4496
107 2614
108 616
109 2383
110 817
110 1923
110 3482
111 764
111 3776
112 2680
113 3244
113 1289
114 3304
115 2312
115 924
116 727
117 3976
118 244
119 3926
119 741
120 2645
120 1265
121 1967
122 3209
122 4793
122 2001
122 4997
123 463
123 1382
123 2034
124 924
125 4340
125 1985
126 4634
126 3056
127 2236
127 1990
127 4677
128 3458
129 2322
130 3599
130 2608
131 4759
131 3373
132 2085
132 4841
132 540
133 3143
134 2270
135 3951
136 2813
136 3201
137 2483
137 3052
137 1931
137 1738
137 1002
137 2288
138 988
138 2129
139 1370
140 671
140 3467
141 800
141 2864
142 4311
142 3945
143 2596
143 4730
143 3350
144 2499
145 652
145 954
146 4341
146 2271
146 693
147 4270
147 4849
148 1734
148 2408
149 285
149 3817
150 4571
150 3017
151 2358
151 1206
151 690
152 2542
152 2096
152 4670
153 765
154 1208
154 4521
155 4384
156 2775
157 4561
157 650
158 1032
158 383
159 2181
159 2416
160 231
160 1310
161 2811
161 1307
161 4345
162 2396
163 912
163 1054
163 175
164 1114
164 1686
164 1027
165 2039
165 582
166 918
166 3080
166 2829
167 863
167 2254
167 1406
168 1930
169 3622
169 2502
170 2089
171 1242
172 1544
172 3580
172 2342
173 819
173 4963
173 3961
174 2960
174 373
174 2046
174 1053
175 2547
176 1823
176 4997
177 2324
178 228
178 3752
178 1526
179 240
180 2033
180 2526
180 3468
181 1656
181 2969
182 617
183 622
184 535
185 1537
186 1742
186 1303
187 4704
187 4266
188 384
188 4217
188 487
189 902
189 1618
189 2080
190 193
190 4742
191 641
191 3756
192 4254
192 264
193 3746
193 1484
194 2196
194 4763
195 3496
195 1582
196 2290
197 2643
197 4214
197 2685
197 989
198 4365
199 3125
199 401
199 4238
200 712
200 351
200 4716
201 3233
202 4947
203 2277
203 2241
204 4190
205 3897
206 3476
206 2629
206 4391
207 4068
207 4226
208 1524
208 4786
209 241
209 1256
209 649
209 4883
210 1009
211 3229
212 3601
213 4873
213 1012
214 2619
215 243
215 1568
215 4514
215 695
216 635
216 2280
216 3344
216 3197
217 1096
217 3665
218 475
218 1969
219 3233
219 4055
220 3493
221 4475
222 2962
223 4691
224 4108
224 4446
224 2895
224 3316
224 3829
225 3764
226 2207
226 1693
227 2159
227 3257
229 4381
230 605
230 4059
230 2463
231 1341
231 2751
231 2030
231 3076
232 1246
233 1431
233 3881
233 2848
234 2523
235 1275
235 2605
235 4083
236 1187
236 4762
237 4898
238 2858
238 3296
238 2764
238 3551
238 4294
238 2514
239 3896
240 3284
242 1353
242 4377
244 2401
244 1629
245 3258
245 967
246 1527
246 4406
247 3832
247 3816
248 284
249 3254
250 612
251 1364
251 3586
252 3437
252 3574
252 3595
252 4284
253 987
254 4791
254 1605
255 344
256 4559
256 2502
257 3382
257 2508
257 894
258 490
259 2377
260 4112
260 1613
261 1737
261 3791
262 3917
262 2128
262 4670
263 283
263 4755
263 3234
264 1450
264 4057
265 890
265 4096
266 2649
267 2047
267 3421
267 3663
267 4250
268 3450
268 2787
268 1338
269 1777
269 3572
270 610
271 2818
272 4354
272 4713
273 1893
274 363
275 2245
275 3513
276 2030
277 2028
278 1930
278 1494
279 3937
280 1084
280 1236
281 4372
282 3365
282 2480
282 4514
283 3801
284 1854
284 1330
285 4649
286 1252
286 1701
287 1238
288 3008
288 3662
288 563
289 2862
289 3108
289 3272
290 1698
291 1852
292 481
292 4231
292 3178
293 1361
293 2848
293 4968
293 3821
294 4255
295 4748
296 2958
296 366
296 372
297 4011
298 1558
299 2458
300 4711
301 474
302 1312
302 4309
303 447
304 2638
304 1607
305 2554
305 2286
306 3447
306 631
306 2232
307 2203
307 4019
308 4330
308 2505
309 4832
310 3173
310 3380
311 2484
311 3344
312 3515
312 3697
313 355
313 3678
314 2838
314 3666
315 655
316 1479
316 926
317 4163
318 4100
318 4315
319 4113
320 1425
320 3949
321 4698
321 4675
322 4883
323 3834
324 3834
325 1322
325 1522
326 2891
326 510
326 3709
326 2457
327 4814
328 978
328 1257
328 3788
329 2657
330 461
330 3110
330 4516
331 4744
331 4460
332 1490
332 673
332 2319
332 2547
333 2909
334 3346
334 1520
335 1837
335 2086
336 1807
337 596
337 869
338 816
338 862
339 2421
339 507
339 4211
339 2666
340 1580
340 2035
340 444
341 2284
341 1445
342 3118
342 1168
343 2887
344 2557
344 3397
344 3148
344 1621
345 4180
346 2990
348 3644
349 3549
350 1503
351 4622
352 4440
352 2658
353 1219
354 2922
354 4104
354 1620
355 1160
356 963
356 1351
356 2004
357 2040
358 4302
358 813
358 4896
358 3056
358 1432
359 4150
359 2082
360 2482
360 4103
360 4828
361 1499
361 2439
361 1127
361 3709
362 4539
363 2106
363 2915
364 1029
365 378
366 847
366 4802
367 4379
367 3268
368 2963
368 3489
369 663
370 450
370 3231
371 1390
372 4449
372 4598
372 4040
373 3093
373 1195
373 1917
374 567
374 1533
374 2124
374 4113
375 415
375 1147
375 4425
375 1440
375 1162
376 630
377 852
378 2602
378 2727
378 3410
379 4190
379 4781
379 3938
380 4641
381 553
382 4180
382 911
382 1016
383 1089
383 1641
383 1778
384 687
385 643
386 3225
388 3392
388 644
388 1109
389 2000
389 4230
390 4113
391 4913
391 1313
392 4506
393 1518
394 1599
394 1842
395 1961
396 3842
397 3637
397 4000
398 1666
399 555
399 4600
399 1231
399 3157
399 3338
400 1019
400 2635
400 3936
400 884
401 1763
401 1342
401 4447
402 3855
402 4284
402 4487
403 2736
404 4477
404 4498
405 2194
406 1051
407 2403
408 1284
409 4048
409 1024
409 4885
409 3361
410 3777
411 707
412 2391
413 1134
414 2363
414 990
414 2459
416 4653
416 3725
417 2555
418 2474
419 4163
420 996
420 4682
420 2177
420 3113
421 1727
421 1550
422 2999
422 2711
422 3361
423 2409
424 537
424 1819
425 661
425 2723
426 575
427 628
427 4871
427 4878
427 4030
428 3482
429 436
429 694
429 751
430 1419
430 4119
431 1605
431 2143
431 3202
432 1231
433 3420
433 960
434 1596
434 3410
435 4106
437 1944
437 4273
438 3611
438 544
439 3517
440 2302
441 3579
441 2799
442 4375
442 4933
443 3897
444 3265
445 4010
445 1311
445 2368
446 1543
447 4639
448 4930
448 603
448 3606
449 2009
451 1695
451 3693
451 3665
452 4863
452 4870
453 1995
453 952
453 2131
454 619
454 637
455 1186
456 1969
456 2348
456 4735
457 4097
458 4566
459 1617
459 3088
459 4223
460 2170
460 1860
460 3412
462 3238
462 4579
464 1829
464 4138
464 4852
465 4752
465 3285
466 3190
467 3567
468 699
469 576
469 1209
470 697
471 1667
471 2674
472 1296
472 3642
472 3783
473 2081
474 3893
474 3185
474 1876
476 2929
477 915
477 1630
479 1251
480 812
480 2686
481 747
482 2484
483 985
483 3921
484 1227
484 990
485 3529
485 3062
486 4568
486 2188
486 3837
487 911
488 2409
488 577
488 4307
489 1795
489 2664
489 722
490 2205
490 4443
490 1077
491 815
491 1523
491 1550
491 4298
491 2539
492 3582
492 2726
493 1520
493 3356
493 1018
493 4926
493 4447
494 2553
495 4772
496 2228
496 3189
496 1226
497 3707
498 2255
498 4409
499 4094
499 4019
499 3129
500 4401
500 4419
501 1690
501 3959
501 4920
501 1862
501 1080
502 3068
502 2129
503 3923
503 4701
503 1403
503 2476
504 3235
504 3826
504 2972
505 3850
505 3859
505 1739
506 4209
506 3230
507 3781
508 1725
509 3524
509 1999
510 1636
511 4274
512 2893
513 2110
513 4649
514 936
514 3852
514 4192
514 4460
515 2273
515 4306
515 1966
515 3329
516 1389
516 3475
517 1731
517 1036
518 2267
519 3853
520 3786
520 3380
520 4490
521 3864
521 3714
522 2225
522 3140
522 4509
522 2408
523 4984
523 735
523 3970
524 3963
525 667
525 4102
526 3338
527 1511
528 910
528 3539
528 3345
529 3116
530 597
530 4104
531 3336
532 1218
532 3916
533 3551
534 4605
534 3260
535 3182
536 1280
536 2667
537 4249
538 3390
538 4300
538 1568
539 900
539 3727
540 1007
541 2479
541 3924
542 4552
543 4101
544 894
545 4402
545 603
546 2227
546 1201
547 955
547 1248
547 3576
548 3377
549 593
550 2468
551 885
552 3645
553 900
554 3417
555 1665
555 4322
556 2269
556 2881
556 4620
557 2588
557 2855
557 1134
558 3348
559 3986
559 3572
559 2757
560 4440
561 4308
561 692
562 2660
562 2010
563 4877
564 4800
564 3109
564 2115
565 2809
565 792
566 4289
567 859
567 1142
568 2132
569 2183
569 3339
569 4198
570 1578
571 2307
571 588
571 2889
572 2626
573 3314
573 3619
574 3767
575 3459
577 3880
577 3929
578 703
578 3898
579 2344
579 3889
580 3458
580 3773
580 4625
580 728
581 3794
582 2355
582 2804
582 1423
582 4900
583 3547
583 2492
584 3067
585 4442
586 4459
587 3910
587 2598
588 2152
588 1646
589 2027
591 3152
591 4691
591 766
592 3724
592 2859
593 2734
594 922
594 3882
595 4725
595 2371
596 2536
598 4732
598 4947
598 4226
599 1926
600 4133
601 3633
602 3031
602 3001
602 1407
602 4485
603 4540
603 3725
603 4313
604 2246
604 4731
606 2215
607 872
608 1724
608 4316
608 4939
609 3942
609 4571
610 3063
610 3794
611 3089
612 761
613 2733
613 3656
613 2726
613 4065
614 2243
614 4654
615 4090
616 4827
617 3989
618 1671
618 2112
618 3105
618 2541
618 3073
618 1231
619 1162
620 4504
620 1122
621 1571
621 4200
622 1613
623 4309
624 3070
624 4180
625 1627
625 4362
625 3229
626 3691
627 3774
627 3721
629 2995
629 4854
630 2926
631 4954
632 3583
633 1607
634 2421
636 1823
637 1689
637 1615
638 4817
638 4516
639 3181
639 1957
640 4195
640 1439
641 3188
642 4835
643 1062
643 3057
643 691
644 3336
645 844
645 4117
645 1311
646 4491
647 2969
647 4690
647 1599
648 4976
648 4841
649 4220
650 3721
651 2909
651 1097
652 2657
653 3612
653 2534
653 2937
654 4159
654 1958
654 4728
654 3318
655 2780
655 2362
655 4305
656 1185
656 4499
656 2123
657 2579
657 3317
657 2199
658 1755
659 1348
659 3759
660 1448
660 3054
660 969
660 824
661 4166
661 4263
662 1036
663 2624
664 4472
665 766
665 1663
665 1777
666 1730
667 1726
667 3422
667 3369
668 2089
669 2490
669 4929
669 4087
670 4547
671 1031
671 4910
672 3346
673 4688
674 4862
674 2787
675 1896
675 3404
676 4395
677 1547
678 3805
678 4120
678 2712
679 1278
679 4228
680 719
680 1428
681 2435
681 3221
681 779
681 2932
682 4033
682 4377
683 2446
683 4450
684 3169
684 1836
685 2668
685 1856
685 1386
686 2760
686 3010
686 1325
688 2896
688 4057
688 1782
689 3568
690 1826
690 2371
691 2380
692 2570
692 4709
693 3758
693 4256
694 3969
695 1982
696 1613
697 2256
697 1339
698 2690
698 2852
699 806
700 1821
700 804
701 3229
702 3227
702 763
702 1703
703 1936
704 1902
704 1970
704 4072
705 3430
706 4111
707 3875
708 740
709 3090
710 3733
710 4265
710 3239
711 2149
711 2951
711 763
713 4806
714 4358
715 2336
715 4422
716 822
716 4733
716 4494
717 1026
718 1584
718 2296
720 3478
721 2198
722 1502
723 1916
724 2763
725 3189
726 1728
726 2531
728 4238
729 4055
730 1585
730 1788
731 3700
732 1284
732 1484
733 4835
734 4401
735 1872
736 2914
736 4092
737 4005
737 3718
737 4498
737 4555
738 3284
738 1476
738 1535
739 1537
739 4326
739 2131
740 2884
741 2086
741 3315
741 3433
741 4912
742 2073
743 1331
743 1140
743 913
744 2450
744 1803
744 3910
745 2429
746 1558
746 4320
746 2677
746 2833
748 4794
749 4021
749 2949
750 4783
750 4887
750 1226
751 866
752 4207
752 4372
753 3643
753 2317
754 3992
754 3822
754 2394
755 883
755 1289
755 3861
756 3235
757 1628
758 1307
759 4506
760 3538
760 1356
761 4589
761 3092
761 3511
762 4517
762 1761
763 1232
763 1647
765 3353
765 3418
767 3394
767 4299
767 2309
768 4348
769 4569
770 3115
770 4877
771 1020
771 1069
771 896
771 2303
772 2160
773 2726
774 1478
775 1542
776 1488
777 4020
777 2684
777 2107
778 1063
778 1139
778 4498
779 1545
780 3420
781 3806
781 2890
781 1867
781 1085
782 2394
782 2495
782 1467
783 1102
783 2280
784 4026
784 4925
785 1741
785 1848
785 4979
786 1524
787 2162
787 4817
788 1386
788 4864
789 3355
790 2777
791 1234
791 3464
791 1432
792 1051
792 1261
792 4788
792 2445
793 4838
794 2250
795 1456
795 2755
796 4414
797 3960
797 4869
797 3010
798 1927
799 4890
799 1116
801 3729
801 4223
801 3743
802 4063
802 3484
803 1516
803 2570
804 4959
804 4584
805 1272
806 2221
806 4008
806 4001
808 4382
809 1133
810 875
811 849
812 1765
812 4429
813 2452
813 3016
813 4618
814 1085
814 1953
814 1732
815 2316
816 1815
818 1090
818 3500
819 3807
819 1445
819 4672
820 3684
820 3815
820 4444
821 2758
821 4975
822 1992
822 3269
822 1887
823 3327
823 2620
824 2901
825 1639
826 2265
826 4976
827 3147
828 3770
828 3341
829 913
830 2099
830 3489
830 2681
831 2696
831 1786
832 1178
832 2410
833 2767
833 1780
834 4196
835 1050
835 1838
835 4950
835 3678
836 1963
836 4267
836 1052
836 1608
837 2521
838 4109
839 887
839 1316
840 4992
841 4693
841 873
842 2781
842 4485
843 2472
843 3480
843 2084
845 3358
845 1006
846 1308
847 3186
848 3285
849 2143
851 1725
852 3023
852 3094
853 3135
853 2674
854 2828
854 3873
854 1273
855 3226
855 1632
856 1379
857 4099
858 4352
858 1201
860 3588
860 2438
861 1082
861 4776
861 2040
862 3501
862 1616
864 1207
864 2244
864 2788
864 1364
865 2408
866 3742
866 4755
867 2099
868 2667
869 4379
870 2055
871 1090
872 3685
873 2547
873 2285
874 2313
874 3341
875 3773
876 4062
877 4638
878 4786
879 3743
880 3416
881 3650
881 2046
882 2338
883 1451
883 3795
884 1433
884 3520
884 2565
885 4432
886 4096
888 3259
889 3128
889 4508
889 4748
891 1141
891 3416
891 1242
892 2322
893 4235
893 2820
894 4573
895 2819
896 3895
897 3586
898 3702
898 1322
899 3819
900 2793
901 2917
903 3792
903 4671
903 2723
904 4562
904 3756
904 4552
905 3607
905 2681
906 1067
906 4126
907 1745
907 2080
907 3578
908 2696
909 2477
909 1022
913 4123
914 1376
914 3842
914 4177
914 3405
915 2766
916 3171
916 3861
916 2219
917 4706
919 2365
919 3441
919 2356
920 2856
920 3332
920 2318
921 2900
922 4969
923 3729
924 2180
925 3948
925 4464
925 2437
926 3275
926 3783
926 2199
927 1505
927 4523
927 3388
927 2333
928 1616
928 4680
928 3884
929 2577
930 1511
931 4304
932 3941
933 3508
933 3699
933 3780
934 1650
934 4144
934 4248
935 3042
937 4134
937 1267
938 4491
938 1783
939 3681
939 4443
940 2771
940 1743
941 4160
942 2471
943 1857
943 1889
943 4768
944 3459
944 3911
944 4976
945 3001
946 3334
946 1338
947 1154
947 1846
947 1631
947 3848
947 3621
947 2771
948 1356
948 1267
949 3024
950 1735
951 2644
951 1212
952 3769
952 1786
954 973
954 3171
956 2770
956 4501
956 3513
957 2388
958 3325
958 3406
959 3077
959 2720
960 3806
961 3138
961 3672
961 4835
961 2477
962 1714
962 2453
964 2053
964 2556
965 1302
965 3854
966 4955
967 1940
968 2651
968 1665
969 4973
970 2404
970 4882
970 2818
971 4842
971 2001
972 1503
972 1517
973 2841
974 3747
974 1440
976 1542
976 1823
977 4397
979 2217
980 1588
980 4832
981 2791
981 3844
982 2875
982 3253
983 2102
983 4967
984 2751
985 3631
986 4539
986 3589
986 4507
987 4252
988 3123
989 2648
990 2991
991 3400
991 4556
991 1336
992 3147
993 2448
994 2441
995 4580
995 2295
997 4253
997 1514
997 1067
998 3827
998 3864
999 4648
1000 3340
1000 4626
1001 1541
1001 1549
1002 3721
1003 4303
1003 4242
1004 2919
1004 3880
1005 2784
1006 2482
1007 3066
1007 4792
1008 2535
1008 1342
1009 1443
1009 4265
1010 4472
1011 2552
1011 3639
1011 1817
1012 4468
1013 4675
1013 1691
1014 1480
1014 3021
1015 3482
1015 3377
1016 2972
1016 3626
1016 2524
1017 1410
1017 1776
1018 3726
1018 3997
1021 3103
1021 1668
1021 4807
1022 2005
1023 3543
1023 3799
1023 3464
1024 2568
1024 2537
1025 1083
1025 2024
1025 2372
1025 3078
1026 1997
1027 1247
1028 3782
1028 2332
1029 2469
1029 2659
1030 4905
1030 1911
1031 1881
1031 2571
1031 3294
1032 1196
1032 2290
1033 1359
1033 3275
1034 3030
1035 3970
1035 2283
1036 4949
1036 1599
1037 1939
1037 1647
1038 2818
1039 4403
1039 4686
1040 2742
1041 1470
1041 3614
1042 4006
1043 2823
1043 3550
1044 2335
1044 1615
1044 4696
1045 1739
1046 2925
1047 2826
1048 3097
1048 2661
1049 1984
1049 4446
1052 1507
1052 2980
1052 1614
1053 1952
1053 3720
1055 4245
1056 3451
1056 1752
1057 2097
1058 2742
1059 2591
1059 1475
1059 3887
1060 3800
1061 2495
1063 3478
1063 3750
1063 3323
1064 1093
1064 4415
1064 2709
1065 1131
1066 3569
1066 4655
1066 2457
1067 4459
1068 3278
1070 2533
1070 3222
1071 2832
1072 2272
1072 3158
1073 3868
1074 1460
1074 3661
1074 4401
1075 4153
1076 2789
1077 1723
1078 1566
1079 4631
1080 2438
1080 4011
1080 4834
1080 2835
1080 4039
1081 1861
1082 4770
1084 3994
1085 3224
1086 2391
1086 4006
1086 2698
1087 4682
1088 1806
1088 3571
1090 4658
1091 4368
1091 1107
1091 4566
1091 2629
1092 1119
1092 1106
1094 1710
1094 4056
1095 1281
1095 3692
1096 2502
1096 2829
1097 4629
1098 4148
1098 2451
1099 1735
1099 4091
1100 2123
1101 3984
1101 3032
1102 2211
1103 3311
1103 2940
1103 4309
1103 3990
1103 3812
1104 2723
1105 1959
1106 1252
1107 4720
1108 1962
1108 3529
1109 1485
1109 4883
1109 4689
1110 3797
1110 4705
1111 4109
1112 2410
1112 3155
1113 4040
1115 4513
1116 1402
1117 4321
1117 1806
1118 3102
1119 4121
1119 2018
1119 2322
1120 1272
1122 3306
1122 3621
1123 3507
1124 3432
1124 2095
1125 4995
1125 3503
1126 3998
1126 4261
1126 3185
1127 3830
1127 2652
1128 3977
1128 2677
1129 2592
1130 1255
1130 3290
1131 1332
1131 1378
1131 2737
1131 4427
1131 3019
1132 1964
1132 2182
1132 4492
1133 3191
1133 3182
1133 4657
1133 4538
1134 4377
1134 4162
1135 2809
1136 4033
1137 4472
1138 2464
1138 4517
1139 3281
1139 3387
1139 3479
1140 2121
1140 4893
1143 1358
1144 2692
1145 1999
1146 1283
1148 2246
1149 4415
1150 3411
1151 4554
1151 1370
1152 2626
1152 3894
1153 4416
1155 1684
1155 1967
1156 1343
1156 1907
1157 1586
1157 3866
1158 4646
1158 3892
1159 1979
1160 4811
1161 1573
1162 1379
1162 3028
1162 3439
1163 1652
1163 2056
1163 2207
1164 3045
1164 4456
1165 4588
1166 3908
1166 2508
1167 4573
1168 4476
1169 1508
1169 4560
1170 4545
1170 4428
1171 4427
1172 1651
1173 2409
1174 1556
1175 3530
1175 3009
1175 4599
1175 1917
1176 4512
1176 4265
1177 1859
1177 3819
1177 3037
1177 4388
1178 2037
1179 2333
1180 4536
1180 3237
1181 3505
1182 2900
1183 3961
1184 4053
1184 4050
1186 2379
1187 2343
1187 4355
1187 4532
1188 1951
1188 3361
1189 2831
1189 2440
1190 1276
1190 2020
1190 1802
1191 4312
1192 1430
1193 4014
1194 3778
1194 3928
1195 1217
1197 4297
1197 4473
1198 2424
1198 4343
1198 3095
1199 1908
1200 3389
1200 4131
1201 4761
1201 2156
1202 2669
1202 2440
1203 3442
1204 2466
1204 2537
1205 3170
1206 3526
1206 2810
1207 1264
1208 3474
1208 4184
1208 4356
1209 1448
1210 4060
1210 4204
1210 3241
1211 3184
1211 3806
1212 3455
1212 2054
1213 1691
1214 3020
1215 2867
1215 3686
1215 2096
1216 2164
1217 3034
1217 4358
1218 4024
1219 2212
1220 4077
1221 4902
1222 1324
1223 1395
1224 4182
1225 2291
1225 2538
1225 3305
1225 3074
1225 3085
1226 4944
1228 2803
1228 1840
1229 3498
1229 1621
1230 2469
1233 1799
1233 4360
1233 2520
1233 1910
1234 3771
1235 1841
1235 3507
1236 3566
1237 3776
1237 3491
1238 3043
1239 3796
1239 2429
1240 4288
1240 2460
1241 1912
1241 2248
1241 2018
1242 1723
1243 2365
1244 4526
1244 1918
1245 4229
1245 3183
1246 2590
1246 3744
1247 3311
1249 4424
1250 3713
1250 4763
1251 3531
1253 3092
1254 3313
1254 3514
1256 4233
1257 3537
1258 4998
1259 2901
1259 4238
1260 2338
1260 3061
1261 3378
1262 3802
1262 2848
1263 2229
1263 3377
1265 2427
1265 3202
1265 2745
1266 4019
1267 1350
1268 1768
1268 4614
1268 3127
1269 2851
1270 4140
1271 2525
1271 2056
1272 1946
1272 2806
1273 1696
1273 4566
1274 2094
1275 2116
1277 4832
1277 3440
1278 2025
1278 3665
1279 4610
1280 2553
1280 4132
1281 4694
1282 3367
1282 3715
1283 3985
1283 2777
1284 4884
1285 1775
1286 4060
1287 3402
1287 2974
1288 3633
1289 1313
1290 2367
1291 1418
1292 1906
1293 1894
1294 4374
1294 2619
1294 3987
1295 1680
1295 2731
1295 1841
1296 2282
1297 1602
1298 3546
1298 4373
1298 4346
1299 4253
1300 2005
1301 3556
1301 4024
1302 3860
1303 1594
1303 2020
1304 2499
1304 4295
1305 4503
1306 2923
1306 4891
1306 1746
1307 4760
1307 3844
1308 4524
1309 4906
1309 3513
1310 4221
1310 3364
1310 2236
1311 3982
1311 3506
1312 1572
1312 1791
1313 2155
1314 2440
1314 4621
1315 3909
1315 3006
1315 2148
1316 2470
1316 1697
1317 1764
1318 4701
1319 1645
1320 3469
1320 3196
1321 1742
1323 4371
1323 1709
1324 4991
1325 3061
1326 1764
1327 3915
1327 4843
1327 2631
1328 2173
1328 4235
1329 2327
1329 4649
1330 4445
1330 2087
1331 2729
1331 3263
1331 4564
1333 1501
1333 3363
1334 1565
1335 4846
1336 4025
1337 2387
1338 1638
1339 2797
1340 1800
1340 4459
1342 3386
1342 4049
1343 4679
1344 1387
1345 1898
1345 1916
1345 2113
1345 2463
1345 2908
1346 4362
1347 1655
1347 2578
1348 2600
1349 1826
1350 3059
1351 3829
1352 4853
1352 2848
1354 2223
1354 3770
1355 3494
1357 4931
1357 2922
1358 2314
1358 1682
1358 4790
1358 3264
1360 2117
1361 2164
1362 2749
1363 2981
1363 4645
1363 3204
1363 4211
1364 1973
1365 4347
1365 1871
1366 2124
1367 1373
1368 2666
1369 2262
1369 3004
1370 3419
1371 3099
1372 3632
1373 4147
1374 2607
1374 1518
1375 4811
1377 3074
1380 4114
1380 3117
1380 3707
1381 3116
1381 1883
1381 2702
1383 3197
1383 1583
1384 4393
1384 2890
1385 1670
1386 3956
1387 4771
1388 4519
1388 2974
1390 3310
1391 3300
1391 3429
1391 1504
1391 4454
1392 2548
1392 1901
1393 3137
1393 2803
1394 2279
1394 1662
1394 3001
1395 2870
1396 2010
1397 4810
1398 2544
1398 4011
1399 1417
1399 2243
1400 4798
1400 3278
1401 4087
1402 4186
1403 3142
1403 4808
1404 4738
1405 1659
1405 2940
1406 2696
1407 1842
1408 3396
1408 4139
1408 4510
1408 3590
1409 2518
1409 2824
1410 4745
1411 1429
1411 3709
1412 4860
1413 1522
1413 4345
1413 3581
1414 3497
1415 4131
1416 4821
1416 4785
1416 1855
1417 3576
1418 4035
1418 2819
1420 3818
1420 4162
1420 4312
1420 2287
1421 1833
1422 2933
1423 3131
1423 1784
1424 1763
1425 2759
1425 2976
1426 2848
1427 2379
1427 2935
1428 2287
1428 1823
1430 3610
1431 2772
1432 3708
1433 2618
1434 3952
1434 1554
1434 4573
1434 2676
1435 2411
1436 2392
1436 2597
1436 4078
1436 4916
1436 3851
1437 1905
1437 2514
1437 4899
1438 3461
1439 1989
1440 3338
1441 4218
1442 2033
1444 3913
1444 3564
1444 4643
1444 4620
1444 4900
1445 4465
1446 2576
1447 2349
1449 2226
1449 2978
1449 4184
1452 4775
1453 4404
1453 4628
1453 4635
1454 1725
1454 2493
1454 4363
1455 3462
1456 4985
1457 4857
1457 4677
1458 3884
1459 4245
1459 2895
1461 3846
1462 3845
1462 4953
1462 4353
1463 1753
1463 1965
1463 2538
1464 4185
1465 4086
1466 4352
1467 3430
1467 3958
1468 4183
1468 3546
1469 2663
1470 1635
1470 4792
1471 4511
1471 4880
1471 3841
1472 3153
1473 1721
1474 3460
1474 4606
1475 4422
1476 2497
1477 1711
1478 1482
1481 3511
1482 2010
1482 3584
1482 3117
1483 3497
1483 3496
1486 3494
1486 3533
1487 4244
1487 2546
1487 2956
1488 1496
1489 3295
1490 2994
1491 2510
1492 2890
1493 2637
1493 1872
1494 4418
1494 3476
1495 3572
1496 3878
1496 1809
1497 2792
1497 3587
1497 3961
1497 4928
1498 2208
1498 2334
1500 2943
1500 1933
1502 3218
1505 2052
1506 3835
1506 1915
1507 1526
1507 1839
1509 2140
1510 2502
1511 3731
1512 2529
1513 4835
1514 1749
1515 2451
1515 4185
1515 2584
1516 3055
1516 3606
1516 3504
1517 4957
1518 3944
1518 3582
1519 3533
1519 4785
1521 2875
1523 1903
1525 3902
1525 2607
1528 2286
1529 1828
1530 3828
1530 2371
1530 1996
1531 3063
1532 3321
1532 2187
1532 4308
1534 4577
1535 2821
1535 3874
1536 4029
1536 1576
1536 3720
1538 2349
1538 3620
1539 2977
1539 3517
1540 4086
1540 4739
1540 4167
1540 4709
1540 3742
1542 1924
1542 4582
1543 3849
1543 3906
1545 1764
1546 3549
1547 1685
1547 2274
1547 1741
1548 3254
1549 1577
1549 1552
1549 2552
1551 2722
1552 3744
1553 4903
1553 1756
1554 3107
1554 4141
1554 4845
1555 3186
1556 2984
1556 3446
1557 4444
1557 4433
1559 3437
1560 3983
1561 1811
1562 1931
1563 2748
1564 4641
1565 3575
1566 4333
1567 3210
1567 2105
1568 4055
1568 3062
1569 1725
1570 3486
1570 4004
1571 3019
1571 2107
1572 2703
1573 4174
1574 3301
1575 4118
1575 4894
1576 2910
1576 4107
1578 2754
1578 3846
1578 4555
1578 3256
1579 4616
1579 4621
1581 2472
1582 3254
1583 4700
1583 4828
1584 2775
1585 4208
1587 3340
1589 2792
1590 2905
1591 4421
1592 2967
1592 2057
1593 2603
1595 1662
1596 4627
1597 4327
1597 4351
1597 4667
1597 3231
1598 4379
1599 2708
1600 1987
1601 4156
1601 2009
1602 2386
1603 2962
1604 1937
1605 1845
1606 2209
1606 4648
1606 4795
1606 4420
1607 4832
1608 2083
1608 2646
1609 1852
1609 2531
1610 3070
1611 4997
1612 4194
1612 1648
1613 3503
1614 3144
1614 4291
1618 4877
1619 2125
1619 2816
1619 4952
1620 3705
1620 4907
1620 3348
1621 2118
1621 2460
1622 2235
1622 2565
1622 2278
1623 4475
1623 4743
1623 4600
1624 2992
1625 4182
1625 2817
1626 4533
1628 4040
1629 4644
1629 4896
1630 4170
1631 2894
1632 4690
1633 4529
1633 4436
1634 2461
1634 4004
1634 4469
1636 3940
1636 3571
1637 2762
1637 3736
1637 3968
1638 2672
1638 4731
1639 1754
1640 3033
1640 4388
1640 2217
1642 4547
1643 3811
1643 3393
1644 2653
1645 2666
1646 4129
1646 4961
1647 4041
1647 1911
1648 4847
1649 4075
1649 1900
1650 3424
1651 4171
1651 2053
1652 1864
1653 1813
1653 1932
1654 3362
1657 3701
1657 3122
1658 2281
1658 2916
1660 4921
1660 4352
1661 4042
1662 4310
1663 3540
1663 2924
1664 2730
1665 2130
1666 2038
1668 4450
1669 1927
1669 3651
1670 3483
1670 2283
1670 2827
1672 3963
1672 4201
1673 1798
1673 3578
1673 3760
1674 2623
1674 4681
1675 2966
1676 3181
1677 4570
1678 2234
1678 4090
1678 3735
1679 3710
1679 2751
1681 3289
1682 3312
1682 3700
1683 3923
1686 3628
1687 2492
1687 2252
1687 2031
1688 2606
1691 2698
1691 3414
1692 2770
1693 2609
1694 1862
1696 3061
1697 2334
1698 3703
1698 2079
1699 4988
1699 1937
1700 3700
1701 2697
1702 3905
1702 4524
1702 4741
1703 2952
1703 2748
1704 3024
1705 4638
1705 3640
1706 4104
1707 3783
1708 4170
1708 2685
1709 3627
1710 1740
1711 2986
1711 3788
1712 3845
1713 2938
1713 3668
1713 2732
1714 4126
1715 3577
1716 2019
1716 4848
1717 3255
1718 3804
1719 2090
1719 4727
1720 3620
1720 2605
1721 3128
1722 4754
1723 2016
1723 4654
1724 2801
1726 3532
1727 4908
1729 2224
1729 4133
1730 2847
1730 2841
1732 2968
1733 4378
1733 3755
1733 2074
1735 4665
1736 3788
1736 3236
1737 2004
1738 3697
1738 4640
1739 3157
1740 2935
1742 3900
1742 2190
1743 2377
1744 3570
1744 4117
1746 2294
1746 2352
1747 4715
1748 1832
1748 3147
1748 2646
1749 4613
1749 3004
1750 2182
1751 3051
1752 2983
1752 3755
1754 4683
1755 1906
1755 4647
1755 2820
1755 3087
1756 3633
1756 2340
1757 3914
1757 1998
1758 1839
1759 4545
1760 3292
1761 3936
1762 2083
1763 2763
1764 3517
1766 2230
1766 3290
1766 3495
1766 3321
1767 3891
1767 4406
1768 4530
1769 2840
1770 2405
1771 4541
1772 4347
1773 4446
1774 4519
1775 4585
1776 3747
1777 4575
1778 1989
1778 4533
1779 1993
1779 4606
1779 2058
1780 2203
1781 4886
1782 4432
1782 3653
1783 2706
1783 4215
1784 2233
1784 2082
1784 4932
1785 3198
1785 3554
1785 2228
1787 4851
1788 3567
1789 4331
1790 4193
1790 2114
1791 4030
1792 2556
1794 2658
1795 2993
1796 2671
1796 4572
1797 2096
1798 3601
1800 3362
1800 2632
1801 4711
1802 3491
1802 4172
1803 2275
1803 2411
1804 4353
1805 2543
1805 4401
1807 2630
1807 3373
1807 2057
1808 4454
1809 2906
1810 3965
1812 3598
1814 4420
1815 2834
1815 4592
1816 2966
1816 2686
1816 4849
1817 4518
1817 4059
1818 3683
1819 2690
1820 2082
1822 1834
1822 4920
1824 2119
1824 4968
1825 4398
1825 3439
1827 4131
1827 1853
1827 3938
1828 3322
1830 3039
1831 3466
1831 2766
1833 4237
1833 4069
1835 4756
1836 4497
1839 3675
1839 2797
1839 1909
1840 3513
1840 3754
1841 4262
1842 1876
1843 4551
1844 3276
1844 4392
1845 4855
1847 2545
1847 4378
1848 3359
1849 2004
1850 2692
1851 2561
1851 3660
1851 2060
1853 4742
1854 3310
1855 4581
1855 1966
1856 2844
1858 2683
1858 3964
1858 3909
1860 3821
1861 4565
1862 2755
1863 2864
1865 2510
1865 2731
1866 2988
1866 3585
1867 1873
1868 2534
1869 2840
1870 3389
1871 2510
1873 2540
1873 2880
1873 2140
1874 4984
1875 1961
1876 3597
1877 4913
1878 2012
1879 3722
1879 2498
1880 4937
1882 4284
1883 2329
1883 4051
1884 4440
1885 3180
1885 4687
1885 3372
1886 3367
1887 3098
1888 3451
1890 3693
1891 4106
1892 3706
1892 3318
1892 4584
1893 4724
1893 2629
1894 3248
1895 2532
1895 3472
1895 2664
1897 3466
1899 3309
1899 4310
1900 4573
1901 2680
1901 3990
1903 4199
1903 2808
1904 2027
1904 2360
1904 3876
1907 3220
1907 3531
1908 4305
1909 4201
1910 2962
1910 2442
1911 3836
1913 2947
1913 2500
1914 4269
1915 3029
1915 2872
1915 3147
1917 2752
1918 3682
1918 2043
1918 4579
1918 4999
1919 2146
1919 4979
1920 4783
1921 4924
1921 3587
1922 3500
1923 1976
1925 3114
1926 4513
1927 3789
1928 2161
1928 3360
1928 2791
1929 3558
1931 2127
1932 3816
1932 3325
1933 3273
1933 4773
1934 3119
1934 3077
1935 3680
1936 3199
1937 4388
1938 4092
1938 2042
1938 2970
1938 2128
1940 4857
1941 3027
1941 4145
1941 4242
1942 2982
1942 2240
1943 2524
1944 4830
1944 2131
1945 2376
1945 2626
1947 2530
1947 3949
1948 3910
1949 3977
1950 4767
1950 4584
1952 4928
1953 3757
1954 3246
1954 3344
1955 2551
1955 2786
1956 3973
1956 4112
1957 2111
1958 2853
1958 4991
1959 2955
1959 3577
1960 3432
1961 2979
1962 1974
1962 3050
1962 4707
1967 4632
1967 2425
1968 2613
1968 3871
1968 4279
1970 4548
1971 2825
1972 4406
1975 3974
1975 3003
1975 3273
1976 3104
1977 2656
1977 3176
1977 2259
1978 2587
1979 4014
1979 4464
1980 4827
1980 2481
1980 3766
1981 2137
1981 3618
1981 2934
1982 3292
1982 4312
1983 2145
1985 4318
1986 4546
1987 3860
1988 4276
1990 4971
1991 4335
1994 3018
1994 4281
1995 3454
1996 4469
1998 2399
1998 2386
1998 3380
1999 3965
2002 3287
2002 2815
2002 3323
2003 2945
2003 2970
2006 2305
2006 4546
2007 4664
2007 3926
2008 2797
2009 2416
2009 3136
2009 3635
2010 3195
2011 4707
2012 3177
2012 4612
2013 3194
2013 4585
2013 4654
2014 2400
2014 4405
2015 3941
2015 2558
2016 2939
2016 3502
2017 4742
2020 4439
2021 2951
2022 3741
2023 3111
2023 3014
2026 4304
2028 2924
2029 3192
2030 4364
2031 2315
2032 3379
2034 2174
2034 3174
2034 4814
2034 2697
2034 3615
2036 3780
2036 4101
2037 3259
2038 2106
2039 2577
2039 2044
2040 3536
2041 3022
2042 2854
2042 3473
2043 2507
2044 2942
2044 4541
2045 3443
2046 4212
2048 4505
2049 4441
2050 4905
2051 4875
2052 4397
2053 3784
2053 4520
2053 3938
2054 4502
2054 3189
2055 2080
2056 2218
2056 3847
2057 3004
2058 4735
2058 4547
2059 4262
2060 3349
2061 4342
2061 4014
2062 4385
2062 2852
2063 3348
2064 4134
2065 3006
2066 4406
2067 2944
2067 4702
2067 4224
2068 4574
2069 3204
2070 4196
2070 3037
2071 2666
2071 4343
2072 3476
2073 3178
2073 2815
2074 4890
2075 4669
2075 4511
2076 3238
2077 2300
2077 2678
2078 2913
2078 2497
2079 2755
2083 3720
2084 3409
2084 4205
2085 3262
2087 3874
2087 4392
2088 4679
2089 3124
2089 4903
2090 2397
2091 4431
2092 3300
2093 2942
2094 3166
2094 2574
2095 2694
2097 4859
2097 4899
2097 4724
2098 4457
2099 3146
2100 4857
2101 4838
2101 4533
2103 4538
2104 2987
2104 3243
2105 2992
2107 4716
2108 4506
2109 3539
2110 3143
2110 4045
2110 2852
2111 4366
2112 2779
2114 4382
2114 2869
2115 3157
2117 4501
2120 3343
2120 2473
2120 4440
2121 3245
2122 3941
2123 3956
2126 2387
2126 2297
2127 3548
2129 4587
2132 3535
2132 3688
2133 4395
2133 3685
2134 4793
2135 2720
2135 2662
2136 3659
2137 3079
2138 4865
2138 4300
2139 4640
2140 4414
2141 2191
2142 2691
2142 4617
2142 3728
2142 4607
2143 2215
2143 2253
2143 3676
2144 2339
2144 3029
2145 3888
2145 4479
2146 2915
2146 4482
2147 4195
2148 2189
2148 2962
2149 3608
2150 2814
2151 2824
2151 2239
2153 3522
2154 3982
2155 4067
2156 4875
2156 3405
2157 2292
2158 2331
2160 4430
2162 3129
2163 3211
2164 3002
2165 2627
2165 2276
2165 3600
2165 4944
2166 3347
2167 3584
2168 4623
2168 4072
2169 2302
2171 2725
2171 4160
2172 3443
2173 4153
2175 4419
2175 2299
2176 4689
2176 3699
2177 2324
2178 4407
2179 2616
2179 2816
2180 4050
2180 4896
2182 4486
2184 2212
2184 4868
2185 2854
2186 2631
2187 3223
2188 3854
2188 4000
2190 4820
2191 4577
2191 3988
2192 4125
2192 3341
2193 4318
2193 4962
2194 2795
2194 4962
2194 4034
2195 4485
2195 2313
2196 3976
2196 4304
2197 3070
2198 3937
2199 3155
2200 2604
2200 3954
2201 3545
2201 4346
2202 2624
2202 2618
2204 2864
2206 4904
2208 2268
2210 2935
2213 3981
2213 2883
2216 3143
2217 3398
2217 4632
2219 2565
2220 3468
2222 4516
2222 2992
2222 3577
2222 4104
2223 2654
2224 4079
2224 3391
2227 2242
2231 4746
2232 2918
2232 4217
2233 3205
2236 4925
2237 2337
2238 2656
2239 2700
2239 3272
2240 3170
2241 4215
2245 2964
2245 2524
2246 2249
2246 2974
2247 4070
2248 3800
2248 4165
2250 2501
2250 4754
2250 2475
2250 4620
2251 4088
2251 2940
2252 4722
2257 4499
2258 2369
2259 3155
2259 3220
2260 2308
2260 4623
2261 4943
2262 3096
2262 4073
2262 2301
2263 2666
2264 4292
2264 4483
2264 3655
2264 3821
2266 3932
2266 3980
2266 4804
2267 4397
2269 2673
2270 3176
2271 2971
2275 2523
2276 2756
2277 4169
2277 4257
2278 3434
2278 4298
2283 4676
2283 4703
2283 2318
2285 4815
2286 4536
2287 4940
2288 2311
2288 3812
2288 4567
2289 4027
2292 4993
2292 4537
2295 2412
2295 4274
2296 3063
2297 2444
2297 4815
2298 2797
2299 4914
2300 3740
2300 3838
2301 4476
2302 3453
2303 4011
2304 3770
2306 4519
2308 4383
2309 4557
2309 3098
2310 4204
2311 3975
2315 4044
2315 3774
2317 2717
2317 3084
2317 4380
2317 4954
2318 4902
2319 4937
2320 3974
2321 2809
2322 2453
2323 3442
2323 2334
2324 3053
2325 3249
2325 3650
2326 3207
2326 3652
2328 4266
2328 3566
2329 3512
2330 2491
2331 3670
2332 3382
2333 4339
2333 2374
2334 4230
2334 3028
2336 3745
2336 2564
2337 3059
2339 2774
2340 3692
2341 2572
2342 4629
2345 4507
2346 2956
2346 2981
2347 4494
2347 2817
2347 4471
2350 4772
2350 3059
2350 2680
2351 3134
2352 3036
2353 3201
2354 2745
2354 4677
2354 4886
2356 2362
2357 3898
2359 4162
2360 3971
2361 3183
2364 3837
2366 2452
2368 3353
2369 3802
2370 3222
2370 2662
2370 2417
2371 2661
2373 2563
2374 4173
2374 3100
2375 3995
2376 4453
2377 3755
2378 4747
2378 3124
2380 4492
2381 2562
2382 4706
2382 3623
2383 2941
2383 4690
2384 4154
2384 3380
2385 3165
2386 4851
2388 3439
2389 3674
2390 3954
2390 2445
2393 2612
2393 3878
2395 3743
2396 3187
2396 3505
2398 3583
2400 2707
2402 3516
2402 2440
2403 3341
2403 2820
2405 2788
2406 4283
2407 4691
2408 2695
2411 4480
2413 3559
2413 2846
2414 4794
2414 4735
2415 2708
2417 4472
2417 4456
2418 3012
2418 4864
2418 2748
2419 2893
2419 4399
2420 2674
2420 4315
2420 4131
2422 4466
2422 2696
2423 4460
2423 3568
2425 3638
2425 3354
2426 2967
2428 3338
2429 2586
2429 4821
2430 3058
2430 4033
2431 2684
2432 3863
2433 2917
2434 4314
2437 3809
2437 4152
2441 2937
2442 3886
2443 3715
2445 2710
2445 4581
2447 4241
2448 4744
2449 3588
2451 3690
2453 2574
2454 4081
2455 3616
2456 2927
2457 4093
2457 2601
2458 2576
2458 4091
2458 4804
2458 4084
2459 4692
2460 4206
2460 3231
2461 2730
2462 3043
2463 3333
2465 4879
2466 3619
2467 2558
2468 2469
2471 2646
2471 3698
2473 4775
2473 2827
2474 3816
2475 4892
2476 3428
2476 4695
2476 3010
2477 4289
2477 3106
2478 4216
2479 4497
2480 4186
2481 4773
2484 3596
2485 3145
2485 4002
2485 2690
2486 3851
2487 4240
2487 3327
2488 4651
2488 4168
2489 3875
2490 2786
2491 3733
2494 4816
2495 4766
2496 4142
2496 4865
2497 4939
2498 3751
2500 4894
2500 4689
2501 3347
2503 4025
2504 4104
2506 2871
2507 4384
2508 4334
2509 2870
2509 3498
2511 3560
2511 3709
2512 4631
2513 2852
2514 2761
2515 4243
2515 3637
2516 3174
2517 4029
2519 4243
2520 3841
2521 2835
2522 3377
2523 2886
2524 3278
2528 4861
2529 3900
2531 2644
2533 2932
2534 4115
2538 3005
2539 4309
2541 3593
2546 4603
2549 4820
2550 3849
2555 3852
2556 4935
2558 3161
2559 4061
2559 4606
2560 4779
2560 4717
2562 4840
2562 3006
2563 3649
2564 3615
2566 4842
2567 2956
2569 4412
2570 3762
2573 4764
2573 4261
2574 4637
2575 4701
2580 4674
2580 4681
2581 3463
2582 3645
2583 3200
2584 4309
2585 2651
2587 3511
2587 4851
2589 2871
2590 3541
2591 3342
2592 3303
2592 2621
2593 4347
2594 4903
2595 3657
2595 3755
2598 4979
2599 4771
2600 3925
2600 3793
2601 3022
2601 3278
2603 3494
2606 3349
2608 4936
2608 3718
2609 3071
2610 3099
2611 4273
2611 3626
2612 2876
2614 4607
2614 3149
2615 4083
2615 4666
2615 3387
2617 4952
2619 4619
2620 3055
2621 3119
2622 3891
2623 3114
2625 3161
2625 2749
2628 4823
2628 2776
2631 3013
2631 3958
2632 3407
2633 3111
2634 4411
2634 3141
2636 4758
2637 3011
2639 3131
2640 3872
2641 3729
2647 3581
2647 4716
2648 3505
2648 2994
2649 3163
2650 3198
2652 4290
2653 4692
2653 4162
2655 4569
2657 4146
2658 3440
2660 3193
2663 3486
2665 3598
2665 4998
2665 2789
2666 3557
2666 3078
2667 4528
2667 4656
2667 3983
2670 3094
2670 3981
2673 4036
2675 3898
2676 4901
2676 3369
2677 4333
2678 4719
2678 4898
2678 4006
2679 3293
2681 3427
2682 2777
2684 3531
2685 4506
2687 4633
2688 3458
2689 3488
2689 4929
2692 4158
2692 3127
2693 4203
2694 3671
2694 2810
2695 3345
2695 3760
2699 3007
2699 4935
2699 3156
2701 4960
2701 3529
2702 2734
2702 3368
2702 3510
2705 3803
2705 3640
2708 3763
2709 3584
2710 4080
2711 4028
2711 4471
2711 4846
2712 4437
2712 3704
2713 4519
2714 4693
2715 2738
2716 4456
2716 4524
2718 3503
2719 2824
2721 4360
2722 3581
2723 4127
2724 4363
2724 4898
2725 4216
2728 3695
2728 2872
2731 4218
2732 4553
2735 3701
2736 3006
2738 3405
2739 3694
2739 4801
2739 3516
2740 3749
2741 3966
2742 3133
2743 3387
2744 3544
2744 4024
2746 4688
2747 4593
2747 2800
2748 3568
2748 3229
2749 2797
2750 3322
2750 3645
2750 3971
2752 3876
2753 4082
2753 3047
2753 2827
2755 3095
2757 3010
2764 3462
2765 3780
2768 3902
2769 2793
2773 4995
2776 4731
2776 4297
2777 4992
2777 3313
2778 3298
2782 4775
2783 4296
2784 3632
2785 4850
2785 2840
2787 4424
2789 3692
2790 4028
2792 3649
2793 2807
2793 3775
2794 4570
2795 2920
2796 4759
2797 3825
2797 4179
2798 2900
2799 3904
2800 4761
2802 4470
2802 4042
2803 3329
2804 3282
2805 3911
2806 4253
2808 4202
2810 3867
2810 3500
2812 4668
2814 4408
2816 3907
2817 3423
2818 3605
2818 3651
2819 4088
2820 2902
2821 3953
2822 3791
2823 4081
2823 4058
2825 3168
2825 4856
2825 4537
2826 3445
2828 3687
2830 3966
2830 3512
2832 4784
2832 3917
2833 3631
2835 3156
2836 2995
2837 3218
2839 3965
2839 3926
2840 2998
2840 3856
2840 4934
2840 4101
2841 3779
2842 3386
2843 3300
2845 3922
2846 4049
2849 3343
2850 4985
2857 3210
2859 4370
2860 3341
2861 3815
2863 2911
2864 4872
2864 2882
2865 3976
2866 4359
2869 4278
2870 3988
2871 3383
2871 4759
2873 4464
2874 2985
2875 4077
2875 4879
2875 4854
2877 4502
2878 4897
2879 3813
2880 4488
2881 3817
2882 3667
2883 4284
2884 4548
2885 4496
2885 4259
2886 3288
2887 4822
2887 4089
2888 3452
2888 3069
2888 3641
2889 3238
2890 4105
2892 4133
2892 3654
2893 4699
2897 3240
2897 3988
2898 4433
2898 3502
2899 4449
2900 4391
2903 4595
2904 3590
2905 3923
2906 3765
2907 3972
2907 3898
2907 4575
2908 2951
2911 4336
2911 4390
2912 3596
2913 4927
2917 4081
2921 4031
2921 3236
2923 2950
2924 4705
2924 3256
2925 3159
2926 3123
2927 3163
2927 4219
2928 4169
2929 4007
2929 4658
2930 3119
2931 4636
2931 3638
2933 3620
2934 3152
2935 3967
2936 4837
2936 4279
2937 3506
2939 4586
2946 3121
2946 4873
2948 4912
2949 3815
2951 4062
2953 4696
2954 3946
2955 3411
2957 4912
2959 4119
2959 3431
2961 3310
2962 3405
2965 4733
2968 4740
2970 4238
2971 4661
2971 4714
2972 4281
2973 3344
2974 4727
2975 3058
2979 3353
2980 3293
2980 3887
2986 4052
2986 4829
2988 3465
2988 4039
2989 4344
2989 4064
2990 4193
2993 3594
2995 4762
2996 4954
2997 4751
2998 3101
2999 3949
3003 4996
3006 3904
3009 3648
3011 4521
3014 4993
3015 4081
3017 3020
3017 3609
3018 3716
3018 4074
3018 4301
3020 3983
3021 4072
3023 3708
3023 4977
3024 4087
3025 3768
3025 3414
3026 3463
3026 4241
3029 4135
3030 3061
3031 3179
3032 4124
3033 3279
3033 3445
3033 4259
3035 4264
3035 3190
3036 3758
3037 3503
3038 3807
3039 3408
3040 4958
3041 3123
3042 4768
3042 4711
3042 4820
3043 4652
3044 4726
3044 3398
3045 3337
3046 4626
3047 4428
3047 3916
3048 3059
3049 3232
3049 4066
3051 3834
3051 3870
3051 3164
3053 4799
3056 3150
3058 3928
3059 4096
3059 4161
3060 3392
3061 4825
3062 4325
3062 4819
3064 3081
3064 4906
3065 3341
3067 4590
3067 4460
3069 4663
3069 3419
3069 4473
3071 4624
3072 3289
3073 4982
3074 3552
3075 4397
3076 4572
3077 4538
3078 3384
3078 4018
3078 4405
3080 4938
3081 3760
3082 4589
3083 4176
3083 3360
3085 3620
3086 3683
3086 4152
3086 4003
3087 3170
3089 3605
3090 4338
3091 3289
3091 4671
3092 3962
3092 4696
3099 4193
3100 4009
3102 3211
3106 3868
3109 3510
3112 4143
3113 4549
3114 4533
3117 3286
3118 3487
3119 3443
3119 3415
3120 4681
3120 3754
3122 3525
3122 3785
3123 4269
3124 4490
3125 3761
3125 4597
3126 3780
3127 4982
3129 3610
3130 3214
3130 3427
3130 3901
3130 3332
3132 4411
3133 3377
3134 3621
3135 3933
3135 4463
3139 4052
3141 4851
3142 3717
3148 4307
3149 4022
3149 4683
3150 4737
3150 3351
3151 3162
3152 3730
3153 4104
3154 4002
3155 4099
3155 3297
3158 4250
3159 4760
3160 3909
3162 3715
3162 3371
3162 4821
3164 3531
3165 3689
3167 3604
3167 3514
3167 4727
3169 4331
3169 4876
3170 4167
3172 3885
3172 3422
3173 4565
3175 4802
3177 3634
3178 4642
3184 3446
3185 4659
3185 4833
3187 4438
3188 3837
3189 3242
3190 3562
3192 3410
3192 4367
3192 3698
3192 4985
3194 4012
3196 4534
3200 4138
3201 4787
3202 4009
3203 4173
3204 4328
3204 4780
3205 3366
3206 3392
3207 4089
3208 4784
3210 4860
3211 3969
3212 4168
3212 4402
3213 4763
3215 4343
3216 3893
3217 4640
3219 3297
3222 4917
3223 4809
3226 4025
3228 4015
3228 4700
3231 3330
3234 3379
3234 4203
3234 4921
3236 3914
3237 4279
3238 3440
3239 3375
3239 4154
3240 3839
3241 4589
3242 3712
3243 3720
3244 3930
3246 3840
3247 3741
3248 4601
3248 3343
3250 4669
3251 4918
3252 3575
3253 4631
3253 3522
3254 3886
3255 4054
3255 4095
3257 3761
3259 4205
3260 4552
3261 4332
3261 4584
3264 4860
3265 3627
3266 4455
3267 3610
3268 4786
3269 3863
3270 4461
3270 4164
3271 3628
3272 4394
3272 4163
3274 3683
3276 3627
3277 4637
3280 4055
3282 4874
3283 3603
3288 4448
3289 3399
3291 4056
3295 4828
3295 3674
3297 4972
3298 4665
3299 4900
3299 4008
3302 3612
3304 3338
3307 4043
3307 3917
3308 3522
3308 4567
3314 4455
3316 4567
3318 4136
3319 4636
3320 3691
3320 3357
3324 3417
3324 3798
3325 4609
3326 4569
3328 4753
3330 4870
3331 3344
3335 3425
3336 4458
3338 4282
3343 4815
3348 3970
3349 3919
3350 3879
3351 4956
3352 3594
3354 3518
3354 4228
3354 3403
3355 4545
3357 4158
3358 3711
3358 4457
3359 3787
3361 4315
3363 3690
3364 4515
3365 4013
3367 4215
3368 3993
3369 3843
3370 4137
3371 4224
3372 4317
3373 3899
3376 3625
3376 3947
3376 3533
3379 4241
3381 4621
3385 3629
3388 4753
3391 4531
3393 4836
3395 3929
3399 3470
3401 4459
3402 3404
3403 4966
3403 4711
3404 3614
3405 4836
3405 4468
3406 3487
3408 4293
3408 4529
3409 3866
3411 4056
3412 4151
3412 4721
3413 3794
3414 4487
3414 4113
3415 4391
3417 4813
3417 4897
3418 4777
3419 4087
3424 4071
3425 4339
3426 4315
3431 4361
3431 3752
3435 4518
3436 4412
3436 4084
3438 4278
3440 3814
3444 4162
3445 4452
3448 4296
3449 3850
3450 3542
3451 3777
3451 4750
3456 4446
3457 3794
3457 4520
3460 4484
3461 4500
3461 4329
3467 4294
3471 3631
3472 4337
3473 3492
3475 4780
3476 3749
3477 4276
3477 4752
3479 4348
3479 4979
3481 3953
3482 3922
3484 4761
3485 4413
3485 3634
3488 4434
3490 4678
3490 4679
3492 4251
3493 3924
3493 4377
3499 3977
3502 4338
3504 4350
3507 4626
3509 3980
3510 4069
3514 4436
3519 3996
3520 4787
3521 4399
3523 4338
3526 3912
3526 4256
3527 3855
3528 3783
3531 3921
3533 4978
3534 4323
3536 3801
3537 4662
3538 4271
3549 4650
3549 4853
3550 4657
3552 4116
3553 4812
3555 4715
3556 4163
3558 3937
3561 4786
3561 4461
3563 4282
3564 4155
3565 4314
3565 4907
3566 4508
3570 3743
3572 4933
3573 4407
3574 3772
3575 3911
3576 4296
3577 4430
3577 3636
3577 4065
3581 4943
3583 3739
3584 4084
3585 4172
3586 4521
3589 4881
3590 3924
3591 3808
3592 4408
3592 4763
3602 4008
3603 4457
3609 4095
3611 4740
3611 4807
3613 4547
3615 4283
3616 4679
3617 3815
3621 4513
3621 4275
3623 4945
3623 4562
3624 4852
3627 3808
3629 4769
3630 4387
3632 4114
3635 4768
3636 3946
3639 3766
3640 3752
3641 3748
3644 3648
3645 4624
3646 3650
3647 3830
3650 3943
3652 4264
3653 4051
3654 4194
3655 4225
3655 4684
3657 4782
3658 3823
3658 4124
3662 4721
3663 4387
3664 4450
3666 4014
3667 4539
3668 4140
3669 4540
3670 4821
3671 4989
3673 4673
3673 4959
3676 4805
3676 4997
3677 4360
3678 4671
3679 4040
3679 4902
3680 3781
3685 3869
3685 4066
3685 4857
3688 3793
3689 4574
3692 4505
3695 4095
3696 4609
3698 3824
3699 4641
3701 4583
3704 4198
3704 4891
3712 4247
3714 4703
3715 4889
3717 4756
3719 4046
3723 4740
3727 4189
3728 4748
3731 4379
3732 3856
3734 4296
3735 3822
3736 4944
3737 4208
3738 3824
3739 4706
3741 4376
3741 3990
3744 4234
3748 4728
3749 3813
3753 4825
3754 4522
3754 4277
3755 4758
3757 4868
3759 4892
3764 4044
3765 4970
3765 4311
3766 3798
3767 3968
3770 4713
3770 3872
3774 4454
3781 4478
3785 4372
3790 4540
3793 4285
3798 4537
3804 4905
3807 3996
3810 3958
3812 4615
3814 4479
3814 4543
3817 4861
3820 4191
3824 4918
3830 4406
3833 4254
3836 4797
3837 4210
3837 4034
3841 4122
3852 4023
3853 4177
3857 4474
3858 4948
3858 4852
3859 4803
3862 4752
3864 4831
3865 4498
3868 4738
3872 4372
3877 4402
3879 4712
3879 4935
3882 4958
3883 3902
3884 4586
3886 4015
3889 4527
3890 4109
3892 4681
3894 3920
3894 4153
3896 4174
3897 4477
3898 4191
3899 4796
3899 4974
3903 4464
3919 4591
3921 4227
3927 4707
3931 4418
3935 4547
3935 4078
3937 4738
3939 4025
3944 4612
3945 4365
3945 4697
3945 3963
3946 4493
3947 4626
3947 4816
3950 4280
3951 4755
3955 4071
3957 4292
3959 4197
3968 4562
3969 4143
3975 4226
3976 4242
3978 3995
3979 4622
3987 4219
3987 4113
3989 4552
3991 4303
3999 4201
4000 4032
4000 4130
4000 4578
4001 4657
4003 4567
4016 4199
4017 4571
4020 4789
4024 4420
4025 4951
4027 4860
4028 4349
4036 4660
4037 4523
4038 4734
4042 4942
4042 4275
4047 4941
4047 4441
4048 4323
4049 4558
4050 4399
4055 4952
4057 4102
4058 4964
4064 4524
4066 4975
4068 4359
4070 4532
4076 4156
4085 4397
4086 4111
4093 4389
4097 4319
4098 4418
4099 4611
4101 4134
4106 4923
4106 4934
4107 4708
4107 4965
4109 4213
4110 4157
4113 4290
4123 4496
4124 4462
4124 4456
4126 4777
4127 4723
4128 4738
4146 4147
4149 4929
4151 4435
4157 4438
4160 4812
4160 4392
4164 4990
4172 4881
4173 4570
4173 4818
4175 4552
4175 4764
4176 4870
4177 4390
4178 4601
4182 4635
4187 4461
4188 4892
4189 4875
4191 4495
4195 4736
4195 4410
4196 4503
4200 4651
4203 4319
4215 4569
4216 4749
4220 4915
4222 4575
4232 4774
4232 4489
4234 4563
4236 4688
4239 4306
4245 4542
4246 4775
4248 4400
4252 4253
4253 4527
4254 4826
4255 4852
4258 4831
4260 4565
4263 4431
4268 4571
4272 4454
4274 4725
4276 4981
4277 4294
4278 4895
4279 4436
4280 4510
4284 4588
4286 4630
4287 4548
4291 4392
4291 4353
4295 4968
4307 4710
4313 4746
4317 4377
4324 4453
4326 4909
4329 4774
4335 4404
4338 4858
4346 4570
4350 4683
4353 4469
4357 4646
4362 4535
4366 4370
4366 4615
4367 4685
4370 4852
4378 4400
4386 4862
4394 4474
4396 4560
4407 4527
4409 4604
4409 4958
4409 4751
4410 4751
4413 4946
4414 4610
4421 4910
4423 4717
4426 4599
4429 4990
4441 4589
4442 4867
4443 4729
4450 4584
4451 4882
4467 4871
4470 4844
4474 4633
4474 4771
4481 4521
4489 4628
4496 4717
4499 4986
4504 4654
4507 4532
4520 4912
4521 4886
4522 4778
4525 4863
4534 4911
4534 4951
4541 4602
4547 4591
4549 4922
4550 4625
4551 4914
4552 4987
4553 4596
4553 4784
4560 4937
4576 4668
4594 4641
4595 4839
4607 4741
4608 4887
4618 4895
4630 4967
4655 4848
4661 4668
4670 4764
4672 4715
4702 4955
4718 4953
4723 4896
4728 4849
4734 4953
4742 4922
4763 4819
4810 4852
4824 4867
4835 4839
4844 4994
4855 4867
4866 4976
4888 4955
4921 4957
4964 4983
4967 4975
