200 199
0 131
0 35
1 11
2 22
2 114
2 182
3 157
3 6
3 76
4 38
4 112
5 154
5 34
5 190
5 179
6 184
7 15
7 167
7 47
7 106
8 52
9 188
10 100
10 126
10 28
11 124
11 175
11 51
12 159
12 65
13 113
13 186
14 181
16 144
16 65
17 153
17 176
17 198
18 36
19 158
20 68
21 177
21 197
21 117
23 177
24 112
25 82
25 70
25 192
25 180
25 104
26 181
27 55
27 194
27 190
28 102
28 162
29 42
30 63
30 81
30 79
31 93
31 83
31 37
32 183
33 97
33 123
34 54
35 95
35 36
35 114
36 65
37 138
39 71
40 105
40 96
41 101
41 48
42 112
43 91
43 120
44 117
45 196
45 105
46 59
47 116
48 98
49 53
49 195
49 134
50 140
50 183
51 130
52 135
52 78
54 109
54 132
55 72
56 162
56 160
57 107
57 122
57 67
57 117
58 86
58 175
59 165
60 121
60 160
61 173
61 188
62 165
62 187
62 182
64 143
64 142
66 161
66 165
67 106
68 76
69 180
70 92
71 179
72 138
73 99
74 137
74 166
74 187
75 89
75 164
76 159
77 89
78 181
79 88
80 166
81 141
81 156
83 115
84 118
85 111
87 124
88 148
88 188
88 105
90 183
91 129
92 142
92 163
94 188
96 164
98 124
99 125
100 183
103 145
104 126
108 140
109 171
110 172
111 166
112 193
112 113
114 155
114 130
116 185
117 173
118 166
119 120
119 149
122 172
122 174
123 191
125 148
127 176
128 160
128 187
131 147
131 149
132 146
132 152
133 169
133 139
134 168
135 150
136 175
139 173
145 182
146 189
151 172
152 191
158 194
160 186
164 199
166 178
168 180
170 188
177 179
181 198
181 188
182 198
