5000 4999
0 3514
1 2271
1 497
2 4760
2 1785
2 883
3 812
4 750
4 4022
5 3302
5 27
6 3224
7 1555
7 2461
8 123
8 2116
8 4560
8 727
8 1538
9 4243
9 883
9 589
10 3317
10 99
11 2866
11 3816
12 3983
12 3452
13 1624
13 1912
14 3038
14 2139
14 2428
15 2891
16 240
16 1471
16 4745
17 1513
17 3679
17 517
17 2653
18 2429
18 4036
19 515
20 4885
20 700
21 2522
21 1662
21 57
22 3833
23 633
23 1732
23 4876
23 995
24 1227
24 4170
25 387
25 4960
25 3173
26 2175
26 1236
27 1744
28 1357
29 4296
29 3761
30 3717
30 2240
31 1362
31 165
32 4444
32 2175
33 3913
33 4426
33 3743
34 1019
34 4530
34 113
34 1492
35 2024
35 83
36 4380
37 1140
37 3151
37 189
38 4312
38 3219
39 2693
39 827
40 3583
41 4747
41 1552
41 440
42 1879
42 586
43 4418
43 2288
44 1067
45 1817
46 1971
47 485
47 4690
48 2983
49 4004
50 3420
50 4290
50 3354
51 244
51 2908
51 4664
51 2483
52 2219
52 2468
52 436
53 1663
54 3835
54 1263
54 3283
54 3604
55 3798
55 3396
55 1087
56 4406
56 4936
57 675
58 3379
58 1715
58 2609
59 3002
60 1865
61 1318
61 1855
61 3980
61 1564
62 1997
62 3878
63 3494
63 233
64 3752
65 500
65 3847
65 3033
66 1499
67 3199
67 812
67 4287
68 2884
68 4017
68 2925
69 4715
69 4295
70 4659
70 2519
71 333
72 430
72 1829
73 2910
73 92
73 2540
73 3419
74 3993
75 3045
75 1955
76 1169
77 3781
78 4647
78 1822
79 3161
79 2899
80 4448
80 2434
81 1965
81 617
81 2343
82 577
82 2558
83 1554
83 1163
84 3596
84 1185
84 1099
85 1706
85 1538
86 788
86 2451
86 4346
87 4797
87 2150
88 4215
88 2199
89 3405
90 1245
90 4014
91 3182
91 3666
92 1711
93 1646
94 4471
94 4719
94 519
94 1191
95 2216
95 341
96 3507
96 4913
96 1145
97 182
97 4078
97 893
97 4772
98 2873
98 4127
98 2334
99 2776
99 1450
99 3797
99 2310
100 3972
100 2793
101 190
102 257
102 4891
103 4389
104 2977
104 2589
104 263
105 1535
105 2380
105 2138
106 987
106 4744
107 316
107 4336
108 3837
109 1787
110 4460
111 1443
112 891
113 3569
113 1444
113 4905
114 2065
115 4115
115 2296
116 3845
116 2911
117 1306
117 2967
118 1312
119 2342
120 760
121 4347
121 4453
121 3412
121 1726
122 1832
122 1839
122 1851
124 2572
125 135
126 4486
126 4293
127 2103
128 4403
128 4277
128 4693
129 2384
130 2460
130 2189
131 4248
132 366
132 1790
132 1779
132 2099
133 1566
133 1020
133 3854
133 3975
133 2868
134 4490
135 975
136 1621
136 2281
137 1591
138 2392
139 572
139 2443
140 1290
140 4176
141 3122
142 2616
143 1659
143 4339
144 232
144 4225
144 3607
144 4100
145 1982
145 344
145 4680
146 3530
146 2639
147 1868
148 1896
149 2926
150 3497
150 2391
150 3589
150 2434
151 1947
151 1699
152 1742
152 3421
152 4910
152 3315
153 4778
153 224
154 3699
154 989
155 3979
156 1499
156 716
156 1682
157 980
158 2406
159 3080
160 2480
160 3152
160 3735
161 3310
161 4607
161 1237
162 371
162 1945
163 3753
164 351
164 4624
164 4198
165 1508
165 4788
165 1046
165 1497
166 3644
166 2570
167 1868
167 718
167 3684
168 1462
168 2291
169 3001
170 3972
171 4883
172 2296
173 3859
174 3681
174 475
175 3747
175 4413
176 1094
176 742
176 2941
176 3722
177 2694
178 3203
178 4247
178 4443
179 1481
179 1073
180 2087
180 488
181 209
181 1531
181 4305
183 3140
183 1761
184 957
184 4426
185 237
185 2607
186 3841
186 3244
187 447
188 1170
189 3184
190 1409
190 4011
191 3684
192 2466
192 2042
193 614
194 2496
194 2928
195 3692
195 1222
196 1867
197 412
197 3630
197 4239
197 4313
197 4424
197 765
198 4090
198 2241
199 2740
199 4674
199 4777
199 3088
200 273
200 1186
200 3184
201 2392
202 206
203 3034
204 1035
205 1681
206 3663
206 4953
206 3485
206 635
207 2406
207 1065
207 880
208 3451
208 1644
209 1408
210 4146
210 1658
211 1116
212 4124
213 2710
214 1085
214 2781
215 2845
216 1951
216 4547
217 3002
217 4732
217 4831
218 1136
218 3799
219 2761
220 2395
221 3919
222 1650
223 293
223 921
224 2773
225 2573
225 4500
226 3268
227 2441
227 4921
228 1353
228 835
229 1553
229 4191
229 3755
230 603
231 1845
232 3200
233 1340
233 3926
234 2874
234 2767
235 1084
235 2080
236 1980
237 2382
238 2469
239 2456
240 1695
241 4846
241 3926
241 2796
242 3397
243 2651
245 657
245 795
245 349
245 3648
245 3569
246 4598
247 4840
248 1356
249 811
250 3855
250 1257
251 4443
251 3434
252 3982
253 2794
253 347
254 2785
254 4524
254 3000
255 2093
255 4389
256 2841
256 2531
256 3781
257 4363
257 4592
258 4079
258 1152
259 389
259 3587
259 4340
259 1470
260 658
260 1459
260 4924
260 4094
261 3677
261 4506
261 4604
262 1381
262 1978
262 4826
262 2224
263 2345
264 3342
265 3835
266 3076
267 1056
267 4477
268 1189
268 1999
268 3348
269 3249
270 650
270 1670
270 3766
270 4533
271 4253
272 4367
272 1897
274 2443
275 895
275 4706
276 4099
276 3430
277 390
278 2725
278 3169
279 359
280 1652
281 3440
281 4842
281 4535
281 1705
282 3933
282 3227
283 361
283 2684
284 2870
284 2882
285 1646
286 847
287 4740
287 4891
288 2814
289 3691
289 2699
290 4565
290 1538
290 3854
291 2251
291 2174
292 4077
292 3321
293 3023
294 1638
295 4475
295 2542
295 4883
295 2198
296 4333
296 963
297 1153
298 872
298 3083
299 806
300 3610
300 2544
301 609
302 1076
302 3374
302 4751
302 1446
303 3775
303 983
303 677
304 2997
304 419
305 1091
306 2515
306 4511
307 4496
308 2192
309 1714
310 1545
310 3243
310 2782
310 2956
311 4445
311 485
312 439
312 4465
313 2423
313 724
314 1709
314 2358
314 2602
314 3045
315 930
315 4755
316 1430
317 769
317 3521
317 1366
318 1098
318 1597
318 4140
319 2975
319 3724
320 939
320 4874
320 3878
321 4563
322 2790
323 838
324 3464
324 1415
325 1653
325 599
326 1723
327 3704
327 1383
328 1041
328 3330
329 497
329 2091
330 4409
330 3993
331 4101
331 2822
332 426
333 1469
333 3865
334 1135
334 2241
334 4544
335 1300
336 1269
337 1572
337 2297
337 1990
338 2838
338 2712
339 1969
339 2547
339 929
340 2839
340 3071
340 3802
340 552
340 4717
340 2671
341 2553
341 1463
342 4131
342 1455
343 2998
344 3619
344 1522
344 3659
345 4842
346 3821
346 4452
346 4246
347 4205
347 3122
348 4450
348 680
349 2645
350 2730
350 3126
350 4048
351 845
351 1702
351 4256
351 4590
352 2161
352 4487
352 1175
353 1380
354 699
355 4003
356 3046
356 2672
356 2968
357 4737
357 1581
358 721
358 2582
359 2289
360 1841
361 2930
362 1260
362 579
362 1237
363 2571
363 3599
364 1771
365 2223
367 3939
367 1598
368 4723
368 4914
368 4001
369 3997
369 1280
369 1389
369 3843
370 4214
370 4179
372 3470
372 1046
373 1179
374 4346
375 1106
375 381
375 781
376 3629
376 776
377 4277
378 3593
379 4768
379 544
379 1965
380 1904
381 3902
381 2393
381 4376
381 4989
382 3914
383 1374
384 2165
385 4247
386 3328
388 3053
388 4005
390 1266
390 1854
390 3434
390 2454
391 3867
391 2302
392 2260
392 4685
393 1376
393 4336
393 2158
394 3751
395 4964
396 1937
396 4807
396 506
397 508
398 3068
398 4086
398 4957
399 3181
400 1328
400 3181
400 2774
401 1202
401 3346
402 562
403 3960
404 2279
405 2676
405 4406
406 877
406 1063
407 1790
408 2972
408 805
408 2965
409 2229
409 1029
410 3198
410 2619
410 1271
411 2250
411 1481
413 2207
413 2946
414 1172
414 1176
415 3457
416 592
416 4203
417 863
418 2388
419 4032
419 3053
420 2259
420 3697
420 1445
420 4947
421 706
421 1701
422 1153
422 3057
423 1754
424 2702
425 1886
426 2172
426 3493
426 1719
427 2773
428 2004
428 2177
429 1824
431 736
431 3067
432 3032
432 3235
433 4771
434 4956
435 1143
436 1036
437 4291
437 3857
438 4397
438 4569
438 1517
438 915
440 4140
440 2037
441 4095
442 1238
442 552
443 2446
443 3097
444 3226
444 2570
444 3307
445 3878
446 1232
447 2440
447 2112
447 2350
447 4273
448 1250
449 1548
449 722
450 3099
451 2120
451 4649
452 3478
453 4536
453 3418
454 811
454 3651
454 4043
455 3288
455 3061
456 4271
456 2688
457 1606
458 4932
459 4500
459 2696
460 4937
461 2777
461 4890
461 3412
462 2288
462 2994
463 4722
463 2542
464 2861
464 4730
465 2122
465 1356
466 4790
466 1436
467 933
467 2771
468 4035
468 1164
469 1933
470 2810
471 3095
471 3524
471 4451
471 4043
471 1873
471 2615
472 2549
472 2971
472 4007
473 1754
473 4394
474 885
475 1064
476 2629
476 3741
476 4265
476 865
477 2085
478 2562
479 3294
480 1418
480 3278
480 2429
481 2631
482 3976
483 3727
483 1615
484 1416
484 1878
485 4241
486 3915
486 4412
486 4493
487 1188
487 2163
487 3819
488 651
488 1070
488 1121
488 4437
489 4152
489 812
490 3552
491 4022
491 3708
492 1758
493 1484
494 3968
494 2182
494 3899
494 1585
495 1770
495 3621
495 4514
495 4235
495 806
496 4752
496 3853
497 2920
498 2084
498 2557
499 2006
499 4782
499 2846
500 3454
501 1813
501 2732
502 1160
503 2753
503 643
504 2377
505 1591
505 4614
506 4805
506 1948
507 3469
508 2335
509 1021
510 854
510 3501
511 1778
511 2967
512 2142
513 1059
514 2534
514 4606
515 876
515 1721
516 3443
516 4110
516 1470
517 4595
518 3686
519 4806
520 3319
521 648
521 4378
521 1087
522 1389
523 3907
524 732
524 3018
525 1814
525 672
525 1400
525 1556
526 1304
526 3879
527 1852
528 2159
529 3289
529 3661
530 2132
531 3445
531 3609
532 2302
532 1176
532 4165
533 4355
534 620
535 3580
535 2247
535 4019
536 2833
537 3918
537 4936
538 4437
539 1197
539 1833
540 3009
540 3643
540 2380
541 2708
541 1828
542 4284
543 752
544 1360
545 1423
546 1392
546 1608
547 1900
547 4701
548 2192
548 4518
549 3987
549 2891
549 2490
550 2062
550 1801
550 2010
551 2791
551 1048
553 1189
554 3848
554 654
555 2281
555 2312
556 2082
556 1634
556 4620
556 3754
557 3921
558 3253
558 4919
559 3594
560 4159
561 4439
562 1253
563 1589
564 3351
564 1027
565 660
565 4436
565 4521
566 2018
566 1208
566 2688
566 3642
567 4420
567 4789
568 1027
569 2797
569 757
570 3272
570 3906
570 3189
570 4358
571 867
571 3051
571 3914
572 1001
573 3465
574 1241
574 2686
574 1713
574 4294
575 3872
575 4484
575 2571
576 3478
578 626
579 2072
579 2755
580 2700
580 796
581 628
581 3027
581 2329
582 1218
582 2458
582 714
583 722
584 4330
584 4470
585 2174
585 3381
586 2326
587 2702
587 4958
588 3251
588 2586
589 3636
589 3846
589 4643
590 4958
590 985
591 3327
592 3930
593 4226
594 3770
594 4008
595 611
595 1700
596 1674
596 1733
597 4423
598 2830
598 2911
598 1745
598 4694
598 2957
599 1890
599 1579
600 1215
600 2503
601 1753
602 4294
602 3314
602 2267
603 2611
603 3593
603 4822
604 1881
604 4873
605 3702
605 665
606 2005
606 4013
606 1138
607 3814
607 3347
608 3762
609 1736
609 2935
609 2234
610 3060
611 4395
611 1930
612 4272
612 3643
613 4334
613 1949
613 2996
614 2625
614 1349
614 1304
615 3149
616 1549
616 2712
616 2890
617 2057
617 1857
618 4234
618 3616
619 4512
620 1875
620 3510
621 687
621 2056
621 983
622 4556
622 4990
622 2328
623 1906
623 4552
623 1296
624 3433
624 1746
625 4261
626 2187
626 4937
626 2515
627 3362
628 2840
629 1921
629 1797
630 1484
630 2055
631 3777
632 809
632 3466
632 4046
634 1222
634 2907
635 2416
635 929
636 3410
636 3296
637 3663
638 2326
639 3669
640 4939
640 4341
641 4675
641 1349
642 2343
643 1333
643 1914
644 1644
644 4542
644 2027
645 986
645 2961
646 1548
647 2011
649 4741
652 1876
652 4802
652 3564
653 2166
654 2428
654 1261
655 1059
656 1800
656 3077
659 1916
660 2543
661 2338
661 1972
662 1055
662 3177
662 4676
662 4543
663 2662
663 3847
664 2344
664 3477
665 4230
665 3217
666 3765
667 3561
667 673
668 1273
668 3965
668 4557
669 1209
669 1305
670 1326
670 2134
670 3462
670 3646
671 4100
672 3565
673 3641
674 705
674 1319
675 1284
675 3171
675 4945
676 4060
676 3253
677 4354
677 4835
678 1794
679 2156
679 1314
679 1564
680 2329
681 4076
682 2132
682 1223
683 2413
684 2557
685 2310
685 839
685 2715
686 1978
688 4047
689 1317
689 1197
690 3375
690 2373
691 2365
691 3708
692 3574
693 3121
693 1601
694 2946
695 4482
695 1671
695 1378
696 1022
696 3348
696 2192
697 2037
698 2752
698 2152
699 2842
699 2647
700 4489
701 1931
701 756
701 4480
702 1030
703 1311
703 3019
703 2368
704 1795
704 4981
705 3787
705 878
705 3048
707 1656
708 3482
709 1236
709 938
710 3728
711 3404
712 4637
712 1012
713 1415
713 2477
713 2330
714 3871
714 2596
715 1869
715 3989
716 4388
716 2191
717 2065
717 2403
717 4966
717 1801
718 1512
718 3238
719 1391
719 1884
720 3077
720 3409
722 2238
722 1693
723 2246
724 1683
725 1810
726 3081
726 2040
727 3101
728 1057
728 1444
729 1104
729 1049
730 3735
730 3521
731 3827
731 4144
731 2653
731 2857
732 1049
732 4348
732 2345
733 4316
733 3029
734 2560
734 1350
734 3076
735 3817
735 2934
736 2075
737 1549
738 4219
738 1295
739 2863
740 1004
741 3937
741 4718
742 2026
742 3554
743 2967
743 1905
744 1809
744 921
745 786
745 2945
745 4619
745 2028
745 1296
746 4435
747 1142
748 3561
749 4159
751 1251
752 3377
752 2850
753 2827
753 2989
754 2988
755 957
756 1453
756 2038
757 3793
758 4673
758 1952
758 2341
759 3318
760 4570
760 1927
761 3298
761 3063
762 1115
762 3302
763 1122
763 3397
764 1910
764 2174
765 2594
766 1180
766 4010
767 1156
767 4591
768 3761
769 1262
770 2552
770 3400
770 2619
771 1698
771 2964
771 4660
772 1595
773 2854
773 2675
773 3240
773 4306
773 2488
774 1419
775 2703
775 4167
775 3843
775 4064
776 4516
776 3591
776 827
776 3744
777 2266
777 4002
777 3197
777 4572
777 3500
778 836
778 1721
778 2726
779 1994
779 2147
779 1141
780 834
780 2681
781 3927
782 1080
782 2784
783 2092
784 4063
784 2668
785 1804
785 1173
785 4644
787 1277
787 1703
787 2063
789 4237
789 4879
790 3387
790 1311
791 2193
791 2176
792 3647
793 2737
794 3995
796 2648
797 2938
797 3549
797 3330
798 4851
798 3559
799 1028
799 2762
800 3059
800 3519
801 2447
801 2057
802 2885
803 3996
804 2054
804 3625
805 3116
805 1223
806 1956
807 1609
807 3661
808 4281
808 3893
809 3163
810 2058
810 1405
810 4891
810 3839
812 3099
813 1306
814 2422
814 1955
815 3139
816 3418
817 1807
818 2914
818 3986
819 4366
819 4295
820 1527
821 2710
821 2967
822 4228
823 4416
824 1073
825 1632
825 4716
825 3085
826 1920
826 3227
828 970
829 3019
830 1664
830 2706
831 3018
832 2882
832 3496
832 4235
833 1091
833 3284
834 2473
834 3879
835 1257
835 3513
837 4702
838 3050
839 2862
840 2748
841 1905
842 2337
842 3265
843 3064
843 4048
844 2905
844 4764
844 2674
846 4532
847 919
847 3967
848 3566
849 4595
850 3732
851 2012
851 3194
852 4402
852 4648
853 3271
853 3638
853 1731
854 4009
855 3958
855 1787
856 4957
856 4380
857 3784
858 2014
858 3138
858 2337
859 4119
860 4058
860 3707
861 2980
861 2588
861 913
862 4897
863 1345
863 1897
864 2290
864 1616
864 964
864 4704
865 3341
865 3215
866 4297
866 1631
867 2819
868 3660
868 4879
868 4982
868 3593
869 2814
869 1020
870 2823
871 4615
873 891
873 3895
874 1104
875 2299
875 3349
876 3233
878 2320
879 2761
879 3389
880 3273
880 3665
880 4728
881 1021
881 4998
882 1411
882 4618
882 2487
884 2566
885 2800
885 1037
885 3458
886 4103
887 3062
887 944
887 3629
888 4701
888 3896
888 4498
889 4329
889 4149
890 2918
890 1173
891 4083
892 1475
892 1863
893 2177
894 1246
896 1113
896 1971
897 3764
897 3892
897 1425
897 2374
898 1116
898 3821
899 2900
900 3127
901 4936
901 2499
902 1278
902 4923
902 1835
903 2934
904 1758
905 4861
905 1239
906 3921
906 2607
907 1988
907 2810
908 4663
909 1753
909 4733
910 4513
910 2681
910 4919
910 2553
911 1258
911 2409
911 947
912 2284
912 4876
913 4045
913 1445
914 3073
914 3757
915 1874
916 2047
917 2862
918 3261
918 3498
919 2137
920 3155
920 4638
920 4833
921 2463
921 2288
922 1382
923 4030
923 3026
924 3909
925 3076
925 4895
926 4836
926 1909
927 4246
928 1422
928 1504
929 2335
930 3049
931 3942
931 3877
932 2313
932 3526
934 4387
934 4791
934 3850
935 1082
935 3656
935 1660
936 1693
936 4319
937 4382
937 4929
937 3869
938 4067
938 4384
938 4780
938 4170
939 4642
940 3675
940 4066
941 1771
941 3128
941 1598
941 2331
942 1491
943 4573
943 960
944 4800
945 1370
946 1823
947 1789
947 4234
948 2386
949 4439
949 1235
950 1472
951 4485
951 1952
952 2027
952 1388
953 2297
954 1818
954 2236
955 2256
955 1097
956 1880
957 995
958 3544
959 1846
960 2054
961 3859
961 2513
962 4584
963 2191
964 1087
965 1815
966 4988
967 1379
967 3066
967 1216
968 2743
968 4528
968 4231
969 2456
969 2872
970 2300
971 1412
971 2506
972 2933
973 3858
973 3427
974 2195
975 4843
976 1664
977 3680
977 2507
978 3082
979 1355
979 3272
980 2228
980 1622
981 3999
981 4403
982 4665
982 3657
983 2581
984 1767
984 2875
985 3690
985 1784
985 1118
987 1887
987 2567
987 2973
987 4505
988 3038
989 2405
989 1931
990 1186
991 4730
992 3865
992 1843
992 3489
993 2654
994 3014
995 1342
996 3447
996 1958
996 2074
996 1821
997 4878
998 4248
999 2294
999 2067
1000 1594
1001 2206
1002 1588
1002 4107
1002 1063
1003 4306
1004 1989
1004 3048
1005 2746
1005 1579
1006 2529
1007 4826
1008 1433
1009 4677
1010 4907
1011 3800
1011 3441
1011 2742
1012 4094
1012 4566
1013 1888
1013 2659
1013 1075
1014 2586
1015 3361
1016 2531
1017 4207
1018 3837
1018 4025
1019 1287
1020 3971
1020 4299
1022 3054
1022 2844
1023 3863
1023 2697
1024 3458
1024 3576
1024 3773
1025 3614
1025 2714
1025 3516
1026 2668
1026 2970
1026 1109
1026 2384
1027 1829
1029 2258
1029 1820
1030 2927
1030 1705
1031 3316
1031 4422
1031 1606
1032 4374
1032 2664
1033 1599
1034 4125
1034 3122
1034 4389
1035 2263
1035 3324
1035 4132
1035 1837
1035 2052
1036 4714
1037 3072
1037 4521
1038 4694
1039 2807
1040 1866
1041 2003
1042 4059
1043 3285
1043 3889
1043 3896
1044 1441
1045 3964
1046 4692
1047 4202
1048 1586
1048 4081
1049 3024
1049 4174
1050 4726
1051 2726
1052 1579
1053 1061
1053 1867
1054 2409
1055 1302
1056 3553
1057 2809
1057 3934
1057 1063
1058 4559
1059 3480
1059 4182
1060 4221
1061 3423
1062 3936
1062 4895
1062 3330
1064 4193
1064 2308
1064 2038
1065 2162
1066 1491
1067 4408
1067 2575
1068 3252
1068 2446
1069 1593
1070 2068
1071 2442
1072 1221
1072 3319
1073 3050
1074 3022
1074 1881
1075 2495
1075 1124
1075 3051
1076 1959
1077 1625
1078 1230
1078 3225
1078 1232
1078 4976
1078 3472
1079 3785
1079 1865
1079 3485
1081 3123
1081 3288
1083 1557
1084 3577
1085 2591
1086 1247
1087 3709
1088 3346
1088 1092
1088 3796
1088 2510
1089 4482
1090 4113
1090 1798
1092 3344
1093 2453
1095 4657
1095 3267
1096 2689
1096 4450
1097 2068
1099 2311
1099 3923
1100 3732
1100 4933
1101 3475
1102 3775
1103 4385
1105 1774
1107 3480
1108 4928
1108 4386
1109 2008
1110 1353
1111 4011
1111 4574
1112 4117
1112 2237
1113 4488
1114 3236
1114 3157
1114 3600
1117 3613
1117 1594
1117 4112
1118 1541
1119 1831
1120 3483
1121 1686
1122 3583
1122 2557
1123 4116
1124 4292
1125 2844
1126 1918
1126 4849
1127 4093
1128 1891
1129 4652
1129 3610
1130 1398
1130 3708
1131 2721
1132 3287
1132 1940
1133 4515
1134 2768
1137 1521
1137 2131
1138 3591
1139 4194
1141 1671
1142 3522
1142 1585
1142 4410
1143 1339
1143 4321
1144 3198
1145 3814
1146 3776
1146 1405
1147 2673
1147 3555
1148 3542
1148 4097
1148 3852
1149 2728
1150 3230
1150 3558
1151 2917
1151 3139
1151 4772
1152 1514
1153 4634
1154 4467
1154 1746
1155 4029
1156 3360
1157 2415
1158 4568
1158 1161
1159 2801
1159 3527
1160 3639
1160 2947
1160 3754
1161 2461
1161 4714
1162 4162
1162 3403
1163 3279
1164 1491
1165 2888
1165 3570
1166 4142
1166 3191
1167 3887
1168 1326
1169 3699
1170 1627
1171 1530
1173 2327
1174 1514
1174 4112
1174 2074
1175 4223
1175 4841
1175 4726
1176 3949
1177 4038
1177 2119
1178 4389
1179 1736
1181 2651
1181 3979
1182 4168
1182 2430
1183 1510
1183 1664
1184 3145
1184 1612
1184 3403
1184 4486
1185 1628
1185 3606
1186 4708
1186 4644
1187 1378
1189 4434
1190 2586
1190 4160
1191 2904
1191 3449
1191 2987
1192 3448
1193 3714
1193 2409
1194 1467
1194 1580
1195 3565
1196 3799
1196 2744
1196 3479
1197 1331
1198 2304
1198 3688
1199 1570
1200 3289
1201 2230
1201 4028
1201 3884
1202 1243
1203 3133
1203 2312
1204 2309
1205 2234
1206 2520
1206 3090
1206 4097
1207 1434
1208 2749
1209 2892
1209 4394
1210 1384
1211 3602
1211 2016
1212 4031
1212 1641
1213 4667
1214 1699
1215 3335
1216 2946
1217 1755
1217 1518
1217 3457
1217 2653
1219 3471
1219 4814
1220 1854
1223 1787
1224 3205
1224 4329
1225 4140
1226 2322
1227 4000
1227 4507
1228 3940
1228 4343
1228 1946
1229 2541
1231 2007
1232 1788
1232 4912
1233 4624
1234 2359
1234 4009
1235 1916
1235 4106
1237 3000
1238 3893
1239 4601
1239 2391
1240 2201
1242 3769
1243 2624
1244 3509
1244 3582
1244 4319
1244 3092
1246 4650
1246 4205
1247 3350
1247 1634
1248 2668
1249 4596
1249 2937
1250 3616
1251 1318
1252 2527
1252 4331
1252 4400
1252 2165
1253 2406
1254 3576
1255 3427
1255 1595
1255 1444
1256 3788
1257 3909
1257 1687
1259 3871
1261 3696
1261 2851
1263 4690
1264 4840
1264 3786
1265 3117
1265 3575
1265 4110
1267 4520
1268 4833
1268 1841
1269 3556
1269 3445
1270 4564
1270 1815
1271 2133
1272 4550
1272 1410
1272 3879
1274 4963
1274 2506
1275 2023
1275 4745
1276 3256
1276 1753
1279 4687
1279 4414
1280 2597
1280 2035
1280 3513
1281 2543
1282 2982
1283 1682
1285 2756
1285 3963
1286 3774
1288 2869
1289 1758
1290 4253
1291 4600
1291 4742
1292 1488
1293 2010
1293 4681
1294 3990
1295 4464
1295 3777
1296 2591
1297 2098
1297 3309
1297 3639
1298 3492
1299 2342
1300 3581
1300 1665
1301 4525
1303 2232
1305 4731
1307 2118
1307 2585
1308 2778
1309 3662
1310 3831
1310 4235
1312 1827
1312 4886
1313 2816
1314 3319
1315 2731
1315 1828
1316 2638
1316 2178
1317 3977
1317 3318
1319 1886
1319 2359
1320 3041
1320 1418
1321 4718
1322 3828
1322 1735
1323 2299
1324 4135
1324 4877
1324 4770
1324 2232
1324 3673
1325 4188
1326 3016
1326 3640
1327 2256
1329 3110
1329 4618
1330 3478
1332 2156
1333 2828
1334 2363
1335 4250
1335 2890
1335 2424
1335 2816
1336 1999
1337 3213
1338 4709
1338 4074
1340 2907
1340 4684
1340 2159
1341 1346
1341 3350
1342 2434
1343 1689
1343 2957
1343 2475
1344 4062
1344 3347
1347 3446
1347 4974
1348 2611
1350 4835
1351 2421
1352 3166
1352 4757
1354 3752
1356 3768
1357 4381
1358 3255
1358 2315
1359 2766
1360 4303
1360 3812
1361 2329
1361 3143
1363 3403
1364 4128
1364 3003
1365 3993
1366 4579
1366 3265
1367 2099
1367 2985
1368 4229
1369 3931
1370 2164
1370 3642
1371 3033
1372 4438
1373 2598
1374 4602
1374 4627
1375 1632
1376 3708
1377 2608
1378 3153
1378 3006
1380 1962
1380 4302
1380 2999
1382 2307
1382 3097
1382 4743
1383 4068
1384 1825
1385 1562
1385 2293
1386 2165
1386 2591
1387 4154
1388 2568
1388 2106
1389 3237
1390 1561
1390 2232
1391 4088
1391 4469
1392 4465
1393 3853
1393 4187
1394 2249
1394 3330
1395 4497
1396 1911
1396 3547
1396 1567
1397 2157
1397 1858
1399 2642
1399 4775
1399 1996
1400 4850
1400 4161
1401 4222
1402 4622
1403 3262
1404 3621
1405 3506
1405 1738
1406 4962
1407 1761
1407 2257
1409 3305
1409 3418
1410 3620
1410 2852
1412 2488
1413 2724
1414 2476
1414 1495
1417 1504
1418 2984
1419 4173
1420 3687
1420 2932
1421 2657
1422 3468
1423 3067
1423 1913
1424 2371
1424 4435
1424 2279
1424 3563
1425 2127
1425 2319
1425 1437
1426 3411
1426 1641
1426 2866
1427 1898
1428 4578
1429 4617
1431 4524
1432 2519
1432 4780
1433 4147
1434 2968
1434 2733
1435 3898
1435 3604
1435 3382
1436 4046
1436 4052
1436 2679
1437 2781
1438 4340
1439 1707
1439 3856
1439 3096
1440 4737
1441 4822
1441 2736
1442 4508
1443 3763
1443 1556
1443 2599
1445 3852
1446 2805
1447 1854
1448 4676
1449 1479
1449 2979
1449 4293
1450 3951
1451 2580
1451 1865
1452 2103
1454 1529
1454 4010
1455 4919
1456 1669
1456 4064
1457 3672
1458 3941
1460 1683
1460 1536
1460 4889
1460 1842
1461 2510
1462 3715
1462 3428
1463 1599
1463 2130
1464 3132
1464 2101
1465 3474
1465 4719
1466 1783
1466 4703
1467 2001
1468 4083
1470 2988
1471 4559
1471 4293
1472 2137
1473 2105
1473 2429
1474 1509
1474 3080
1476 2870
1477 4251
1477 4321
1478 1665
1478 2345
1480 1799
1482 4198
1482 1808
1483 4950
1483 1890
1485 3850
1486 1749
1486 1838
1486 2031
1487 2812
1487 2299
1488 2135
1488 3925
1488 3816
1489 2828
1490 2693
1491 3338
1492 2028
1493 1625
1493 2036
1494 2150
1494 4686
1495 3905
1495 2837
1496 4898
1497 4259
1497 1983
1497 3838
1498 2400
1498 1805
1498 3389
1499 3609
1500 2243
1501 1679
1501 2591
1502 3878
1502 2287
1503 4745
1504 4107
1505 4722
1506 4199
1507 4182
1507 4430
1508 1558
1509 4483
1510 4322
1511 2643
1515 2864
1516 4766
1517 2069
1517 4325
1517 4804
1518 2665
1519 3686
1519 3483
1520 4969
1520 2600
1521 2227
1522 4023
1522 4236
1523 2967
1524 2233
1524 4756
1525 2799
1525 3568
1525 3695
1526 2666
1527 2684
1528 2533
1530 2076
1530 2661
1530 2783
1531 2956
1531 2305
1532 3517
1533 3720
1534 3269
1534 4590
1536 4582
1537 2948
1537 2088
1537 4684
1538 1810
1539 2086
1540 3526
1541 2333
1541 3686
1542 3860
1543 2759
1543 2314
1544 1861
1544 3344
1546 3468
1547 2514
1548 3419
1549 2986
1550 4797
1551 4610
1552 4087
1552 4959
1553 4222
1555 2995
1555 3719
1556 3780
1556 2064
1557 3974
1557 1638
1557 2390
1559 2494
1560 1858
1561 4980
1563 4925
1563 3908
1564 4456
1564 2398
1565 3740
1565 1676
1565 4965
1566 3282
1567 1964
1568 3160
1568 2186
1568 2570
1569 2326
1570 4329
1571 3563
1571 1857
1573 1786
1573 4266
1573 4555
1574 4882
1574 4814
1575 3682
1575 4713
1576 2974
1577 4060
1578 3894
1578 4819
1579 2334
1579 2862
1580 4181
1581 2897
1581 1752
1582 2073
1583 1628
1584 1828
1584 4517
1584 4141
1585 2824
1585 3990
1587 3885
1587 2891
1589 2244
1589 2015
1590 1833
1591 2437
1592 1737
1592 4580
1593 2765
1594 4978
1595 4371
1596 2430
1596 4696
1597 3512
1598 4305
1600 2539
1600 3728
1600 2220
1601 2909
1602 4690
1603 2994
1603 3056
1604 2801
1605 1969
1606 3108
1606 4973
1606 4527
1607 4292
1608 2017
1608 3470
1610 2261
1611 3449
1612 2679
1613 2462
1613 1672
1613 3299
1614 3459
1615 2224
1616 3210
1617 4578
1618 3487
1618 2454
1619 2518
1620 2243
1620 4810
1620 4344
1620 2688
1622 2309
1623 4431
1624 3927
1625 2148
1626 2067
1626 4437
1626 3347
1626 4291
1627 3711
1627 3814
1628 2059
1628 3206
1629 3039
1630 2299
1631 3569
1632 4056
1633 2773
1635 2180
1635 3042
1635 4140
1636 3876
1636 4392
1637 4544
1637 3695
1637 4639
1638 4494
1638 3668
1639 2371
1640 2170
1642 1914
1643 3982
1643 4571
1644 1696
1644 2721
1645 3506
1646 4577
1647 1778
1648 2194
1648 4954
1649 1740
1649 2331
1649 4340
1650 4484
1651 3329
1651 3809
1652 2273
1652 2914
1653 4068
1653 4533
1654 4058
1655 3404
1655 2119
1655 2433
1655 3323
1656 3058
1657 2894
1657 2105
1658 2620
1658 4831
1659 2760
1660 4786
1660 3773
1660 3729
1661 2451
1662 2598
1663 3114
1663 2285
1666 4254
1666 4430
1667 3173
1667 2783
1668 3935
1668 1884
1669 2666
1672 4179
1673 3492
1674 3209
1675 3125
1675 4276
1675 2111
1676 3214
1676 4994
1677 2366
1677 4545
1678 3938
1680 3702
1681 3717
1682 2806
1682 4662
1684 4153
1684 3274
1685 4899
1685 1784
1686 2364
1686 4285
1687 2252
1688 4408
1690 1806
1690 2339
1690 1701
1691 4988
1691 2479
1692 4329
1693 4903
1694 1774
1695 4158
1697 2070
1699 4033
1699 3370
1700 1816
1700 4717
1701 3356
1701 3394
1703 3211
1703 3382
1704 2021
1704 2141
1705 2868
1706 3891
1708 3127
1709 2039
1710 3977
1711 3753
1711 4591
1712 4956
1712 3714
1713 3605
1714 1766
1714 2516
1715 4295
1716 4105
1717 3954
1717 4343
1718 2349
1718 2444
1718 4951
1719 1928
1720 4075
1720 4567
1722 4396
1723 3701
1723 1957
1723 4952
1723 1785
1724 3213
1724 3163
1725 4589
1725 2678
1725 4903
1726 3161
1727 2071
1728 3953
1728 4656
1728 3583
1729 3371
1730 3183
1731 4273
1733 2150
1734 4992
1735 3560
1735 3751
1737 3220
1737 4537
1738 2976
1739 3007
1739 4829
1741 1903
1743 4187
1744 2096
1744 4694
1745 2171
1745 4538
1746 4476
1746 4726
1747 4238
1748 4389
1750 3991
1750 1996
1751 1905
1751 1760
1751 4780
1752 4095
1752 2451
1753 4352
1755 3595
1755 4280
1756 3874
1757 3274
1758 4943
1759 3607
1760 4678
1762 3805
1763 3588
1763 3266
1764 2787
1764 3121
1765 4152
1766 2816
1766 2052
1768 3280
1769 2035
1770 3742
1772 1849
1773 3662
1774 4942
1774 3258
1775 4735
1775 2717
1776 1880
1776 1897
1776 3444
1777 3429
1777 4298
1777 4305
1779 4455
1780 2413
1781 2188
1781 4022
1782 2317
1782 3943
1782 2529
1783 2287
1784 3944
1784 4603
1785 3113
1786 4001
1787 2033
1788 3399
1788 3362
1791 2471
1791 2641
1792 4010
1792 2416
1793 3815
1793 1862
1793 4435
1794 3980
1796 3408
1796 4592
1797 4652
1798 4635
1798 2064
1799 3028
1799 2494
1800 1878
1800 2121
1801 2049
1802 3235
1802 2836
1802 2596
1802 4263
1803 4695
1803 4957
1804 4389
1805 2881
1807 4095
1808 3584
1810 2546
1811 4344
1812 3025
1812 2581
1814 2650
1815 4642
1816 3164
1817 3187
1817 3952
1817 2274
1819 2481
1819 3670
1820 2592
1820 3563
1821 3819
1821 3441
1822 2505
1822 1823
1823 4147
1823 2343
1824 2525
1824 3996
1825 4876
1826 3966
1829 1866
1830 1908
1831 4201
1833 4368
1834 4661
1835 1924
1835 4070
1835 2614
1836 1895
1836 3184
1837 2820
1837 3148
1837 4799
1838 3327
1840 3012
1840 4040
1840 1867
1841 3895
1841 4511
1842 2427
1842 4666
1842 2040
1842 4134
1843 3290
1843 4750
1844 3627
1845 3109
1845 4218
1846 2919
1846 2812
1847 2826
1848 4249
1849 2426
1850 4149
1850 3005
1851 1984
1851 4191
1852 4365
1852 2696
1853 2592
1854 3371
1856 2444
1857 3745
1858 4091
1858 4824
1859 4829
1860 3960
1860 4380
1860 3254
1861 3781
1862 4145
1862 4736
1863 3614
1864 3422
1866 3822
1867 4206
1869 3212
1870 4808
1871 3909
1872 1930
1873 4370
1874 4486
1875 3430
1876 3724
1877 1995
1879 2413
1880 3146
1882 4724
1882 4967
1883 4579
1884 3515
1884 4444
1885 4054
1885 4129
1889 2898
1890 2657
1890 3774
1891 4107
1892 2544
1892 3706
1892 4754
1893 1990
1893 2958
1893 2509
1894 3357
1894 4562
1894 4511
1894 2883
1895 3635
1896 4353
1896 4449
1896 3655
1897 2149
1897 3223
1898 3887
1899 2724
1899 2738
1899 1943
1901 3968
1902 4811
1902 3270
1902 1975
1903 2551
1903 2261
1904 4972
1907 3612
1907 3599
1907 2337
1908 3463
1909 4844
1909 3576
1912 2070
1913 4243
1914 4050
1915 2231
1916 3652
1917 3830
1919 3470
1920 3386
1922 3542
1923 4065
1925 3712
1925 2398
1925 3437
1925 3042
1926 4642
1927 3834
1927 3964
1928 3745
1929 4423
1930 4625
1932 3808
1932 4920
1932 3168
1932 2654
1933 2864
1933 4844
1934 2644
1934 4822
1935 4718
1935 2790
1936 2811
1937 3216
1938 2532
1938 2033
1939 3676
1939 4283
1939 2665
1940 3877
1941 2265
1941 2155
1941 3558
1942 2866
1943 3510
1943 4431
1944 4567
1944 2775
1945 4792
1945 2926
1946 3283
1948 4599
1949 2395
1949 3034
1950 4005
1953 4129
1953 3184
1954 3875
1955 3292
1956 3777
1956 3922
1957 4166
1958 2225
1960 4523
1960 3679
1961 2178
1962 3678
1963 2952
1963 3538
1964 3249
1964 2140
1964 3120
1964 4102
1965 4282
1966 4096
1967 3338
1968 4555
1968 3422
1970 2823
1970 3300
1971 3401
1972 3326
1973 4189
1973 4741
1973 4926
1974 3559
1974 2862
1975 3570
1976 3011
1976 4349
1976 2944
1977 3018
1977 4970
1979 2880
1979 4604
1979 4801
1980 4615
1980 2970
1981 2282
1981 4701
1983 2717
1985 3822
1986 3461
1986 4218
1987 3752
1991 3751
1992 3285
1993 3219
1993 4437
1995 3736
1995 4077
1996 3611
1996 4566
1998 3094
1998 4541
1998 2616
1999 2600
2000 2869
2000 3419
2002 3078
2002 4749
2002 2641
2002 3946
2004 4314
2005 3435
2007 2926
2007 4947
2007 2340
2008 2089
2008 2599
2009 3238
2010 3984
2011 2268
2011 3001
2013 3157
2014 2953
2015 3005
2015 3661
2016 2138
2017 3050
2019 3201
2019 2690
2020 2622
2020 2989
2020 4770
2022 4015
2022 4981
2023 4192
2024 4545
2025 4660
2029 4907
2030 3409
2031 3724
2032 2538
2034 3416
2035 3476
2035 2898
2036 4009
2037 2275
2038 3499
2040 3162
2040 4712
2041 2595
2042 4809
2043 4446
2043 4921
2043 3584
2043 2044
2043 4679
2044 3368
2045 4924
2046 3051
2047 2277
2047 3457
2048 4855
2050 4819
2050 3329
2051 3866
2051 3390
2053 2671
2055 2912
2056 4454
2057 2628
2058 3089
2060 2670
2061 2692
2061 2521
2061 4989
2063 2279
2066 4341
2067 4227
2070 2254
2070 4897
2070 4027
2071 2166
2071 3996
2071 2158
2072 2486
2073 2162
2074 2130
2077 2103
2077 2711
2078 3058
2079 4276
2080 2408
2081 3160
2083 3063
2084 4540
2084 3472
2085 2733
2086 3072
2087 3590
2088 3370
2090 2242
2090 4685
2091 4211
2092 2963
2093 4767
2094 3390
2094 3685
2094 2701
2095 4104
2096 2943
2096 3873
2096 4181
2097 2938
2100 4283
2101 4704
2102 3296
2102 2794
2104 3851
2104 3339
2105 4862
2106 2865
2106 4196
2106 4516
2107 2414
2107 4306
2108 3330
2108 4717
2109 3998
2109 3806
2110 4421
2111 2699
2112 3127
2113 2533
2114 3127
2115 2552
2116 2484
2116 3367
2117 2930
2118 2834
2122 3726
2123 2220
2123 4651
2123 2757
2124 2318
2125 2196
2125 4728
2126 3084
2128 3674
2129 4926
2129 4800
2131 3641
2131 2715
2132 2936
2133 2217
2133 2410
2133 3333
2133 3725
2134 2643
2136 3106
2137 3215
2138 3579
2138 3559
2139 3722
2140 4401
2141 3260
2142 4702
2143 2276
2144 4828
2145 2614
2146 2628
2147 3250
2151 4817
2152 4098
2153 4720
2153 4630
2154 3929
2155 4627
2158 4916
2159 4574
2160 4545
2162 2792
2162 3455
2162 4781
2162 3594
2164 2384
2165 3772
2166 3079
2167 2315
2167 4235
2168 4324
2168 4429
2168 3120
2169 4126
2169 2477
2170 3142
2170 2933
2173 4671
2173 3629
2176 4502
2176 2890
2178 3771
2178 4268
2179 2356
2179 3195
2181 3730
2182 4531
2182 4571
2182 4100
2183 3030
2183 3536
2183 4695
2184 2586
2185 3293
2186 2501
2186 3964
2189 3459
2190 4329
2191 4954
2192 4120
2194 3475
2195 3302
2197 3519
2198 3849
2199 2603
2199 2993
2199 4962
2200 4724
2201 3637
2202 3030
2203 3820
2204 4139
2204 4116
2205 3780
2208 4500
2209 2581
2210 2927
2211 2737
2211 4399
2211 3780
2212 3209
2213 3587
2214 2343
2214 3242
2215 4587
2218 3901
2218 4968
2218 3646
2218 2823
2219 3245
2219 2579
2219 4995
2221 3389
2222 3292
2222 4876
2223 4372
2224 4293
2225 3592
2226 4855
2227 3492
2230 4014
2231 2303
2231 2592
2234 2723
2234 3574
2235 3260
2236 3089
2237 2418
2239 3347
2240 4279
2242 3222
2244 3830
2245 4636
2245 3911
2246 4881
2246 3212
2247 4244
2248 4275
2249 4024
2249 2296
2249 3703
2250 2360
2250 4697
2250 2715
2252 4073
2253 3356
2254 4106
2254 2670
2255 3721
2255 4412
2257 2875
2257 3538
2260 4216
2260 3194
2261 4892
2261 3084
2262 3908
2264 2330
2267 3437
2269 2537
2269 4565
2270 3065
2272 2423
2273 3297
2274 4816
2275 2478
2276 3609
2277 2623
2277 3369
2278 4226
2278 4464
2280 2744
2283 3737
2283 4608
2285 3178
2286 3809
2286 4266
2288 4339
2289 4856
2289 3805
2291 3589
2292 2817
2293 3380
2293 2545
2295 3810
2295 2970
2296 4021
2298 2760
2300 3218
2300 2360
2301 3404
2305 3917
2305 3864
2306 2507
2306 4573
2307 2946
2308 3874
2308 4962
2309 4330
2312 4305
2314 2511
2316 3938
2316 3323
2316 2788
2318 2714
2320 3698
2321 2819
2322 4477
2323 3660
2324 2775
2325 2693
2326 4232
2326 3724
2327 3805
2328 3415
2330 4214
2332 4471
2335 2784
2336 4787
2338 2991
2340 4292
2341 4932
2341 2860
2342 2861
2343 3391
2343 4766
2345 4518
2346 2570
2347 3766
2348 3264
2350 3673
2351 4224
2352 4192
2353 3367
2354 4012
2354 4381
2355 3721
2357 3104
2357 4233
2357 4350
2357 3503
2357 4366
2360 2992
2361 4645
2362 3767
2363 3897
2363 2680
2366 2757
2367 4525
2368 3321
2369 3868
2369 2556
2369 3534
2370 3450
2370 3900
2372 3723
2372 4426
2373 2431
2373 3556
2374 2815
2374 3274
2375 3242
2376 2683
2377 2487
2378 4743
2379 2900
2380 3541
2381 4947
2382 3910
2383 4164
2383 4596
2385 4412
2386 4566
2387 3402
2388 3502
2389 4498
2390 3623
2390 3531
2392 3355
2393 4706
2394 3321
2395 2878
2396 4844
2397 4548
2397 4686
2397 3422
2397 2644
2399 3098
2399 4645
2401 2685
2402 3236
2404 3050
2406 4867
2407 4159
2407 3594
2408 3441
2411 3603
2411 4677
2412 3806
2412 2818
2415 3647
2415 3167
2417 2779
2417 2683
2417 3786
2417 4941
2417 3503
2418 2918
2419 2734
2419 4138
2420 3924
2420 2968
2421 4875
2422 2545
2423 3550
2424 3526
2424 4614
2425 4413
2425 3904
2426 3778
2426 2678
2429 3907
2431 3849
2432 2587
2433 3994
2435 4143
2436 3862
2436 4127
2438 3528
2438 4457
2439 2470
2439 3018
2441 3672
2442 3339
2443 3519
2443 2767
2443 3918
2445 3318
2448 4731
2449 2729
2449 4611
2449 3882
2450 4451
2452 3739
2452 4677
2452 4745
2453 3244
2454 4231
2454 2818
2455 3238
2456 2845
2456 4472
2457 4857
2458 4869
2459 4797
2460 4904
2461 3495
2464 4395
2465 3882
2467 2943
2468 4863
2469 4201
2469 3444
2470 2795
2471 4368
2471 3397
2472 3157
2474 4549
2474 4915
2475 4485
2476 4084
2477 3257
2478 4036
2479 3549
2481 4255
2482 3566
2483 4828
2485 2531
2487 2805
2489 4372
2490 3991
2491 4421
2491 3884
2492 3501
2493 2796
2493 3899
2494 3458
2496 4208
2497 3992
2498 3154
2498 3000
2499 3903
2499 4991
2500 4210
2500 3178
2500 3554
2502 2803
2503 2655
2503 2631
2504 4503
2504 3684
2506 4730
2506 4478
2508 3144
2508 3083
2509 3054
2510 3396
2511 3533
2511 3253
2512 3762
2512 4499
2512 3805
2513 4581
2514 4660
2514 3175
2514 4816
2515 2555
2515 4007
2516 3672
2517 4284
2517 4641
2517 4943
2517 2912
2518 2679
2521 3234
2523 2540
2524 3743
2524 4950
2525 2615
2525 4967
2526 4097
2528 4212
2529 4357
2529 4007
2530 3705
2530 4545
2531 4111
2533 4179
2535 2963
2535 3312
2536 3246
2536 3946
2536 4838
2538 3035
2540 3850
2540 2883
2541 4460
2541 4490
2541 4728
2548 4286
2548 4171
2550 2750
2550 4452
2552 3529
2553 4478
2554 2658
2554 4457
2554 4558
2554 2813
2556 4141
2557 4442
2558 4234
2559 3808
2561 3464
2562 3888
2562 4787
2562 4646
2563 4474
2563 2675
2564 3280
2565 4500
2566 4702
2566 2834
2569 4160
2569 3820
2569 3567
2569 3637
2569 3460
2572 4799
2573 3366
2573 3345
2574 3579
2575 4164
2576 2860
2577 2911
2578 3456
2579 4381
2580 2634
2581 2720
2581 3979
2582 4551
2582 2816
2583 3401
2583 3052
2584 4325
2585 2593
2585 4453
2586 2965
2587 4140
2588 4669
2588 4931
2589 3761
2589 4803
2589 3165
2590 4613
2591 3760
2594 4447
2594 4972
2594 3496
2595 4186
2596 3650
2598 4759
2598 2912
2601 3632
2601 4955
2601 3796
2604 4385
2605 3480
2606 4922
2607 4093
2607 2901
2608 3136
2608 4750
2609 4855
2609 3043
2610 3970
2611 3416
2612 2745
2612 4337
2613 4425
2613 3266
2614 3167
2616 3812
2617 3158
2618 3184
2618 4415
2620 3103
2621 4012
2622 3875
2626 3012
2627 2758
2629 3010
2630 4807
2631 4883
2632 4609
2633 3338
2634 4992
2635 3315
2635 4474
2636 4052
2637 4178
2638 4812
2639 3105
2640 3912
2640 4345
2640 3564
2640 2709
2642 3490
2643 4632
2646 4333
2647 3734
2648 4813
2649 3189
2651 2774
2652 3400
2654 3274
2654 3270
2655 3463
2655 4554
2656 3424
2658 2699
2660 4561
2660 3109
2663 4241
2664 4580
2667 3739
2669 4603
2670 4798
2671 4575
2672 4358
2672 4566
2673 4728
2674 4390
2676 3653
2676 3693
2677 3751
2678 3402
2680 3397
2682 3459
2682 4784
2682 2784
2683 2719
2683 3961
2684 3663
2685 4948
2687 3622
2687 3296
2689 3790
2690 4729
2691 3832
2693 4072
2693 4027
2694 3178
2695 4874
2696 3923
2697 3085
2698 4780
2701 2931
2701 3889
2704 3616
2704 2928
2705 4955
2706 4821
2706 4344
2707 4727
2707 4854
2708 4194
2709 2780
2711 4349
2713 4267
2713 3661
2713 4871
2714 4320
2714 4649
2715 4979
2716 3277
2716 3023
2718 4545
2720 3060
2722 4494
2726 2954
2727 3920
2727 3919
2728 4479
2728 2949
2732 4697
2733 3773
2734 4703
2735 2863
2736 3669
2736 4843
2736 4258
2739 3930
2741 3513
2742 4191
2744 3354
2747 3268
2747 2836
2748 4185
2751 4476
2754 4756
2754 3634
2755 4581
2758 4476
2761 4169
2762 3976
2762 3744
2763 3791
2763 4468
2764 3824
2764 3006
2765 4740
2766 4114
2767 4510
2767 4894
2768 4309
2768 3883
2769 4240
2770 3332
2770 4065
2771 3209
2772 2882
2773 3674
2775 3311
2778 4647
2780 3315
2782 4122
2783 4104
2784 4754
2784 3975
2786 4458
2786 3379
2788 4431
2788 3647
2789 4648
2789 2900
2790 3972
2793 4294
2794 4823
2798 3395
2802 4157
2802 3902
2803 3590
2804 4151
2805 3020
2807 4288
2808 3742
2810 3887
2810 4807
2811 3479
2813 3674
2816 3086
2817 4607
2818 4208
2821 3910
2822 3368
2825 4149
2826 3286
2827 3947
2828 3394
2829 3875
2831 4106
2832 4455
2833 4572
2834 3746
2835 3717
2836 4076
2836 4655
2837 4348
2838 3107
2840 3923
2841 3414
2842 4438
2843 4515
2843 3417
2844 3870
2845 3985
2846 4844
2847 4187
2847 4142
2848 4326
2848 4547
2849 3302
2850 4734
2850 4684
2851 4516
2852 4543
2853 3248
2853 4381
2854 4342
2854 4563
2855 3469
2856 3637
2857 2934
2857 3131
2858 4025
2858 3072
2859 3448
2859 2961
2859 4082
2860 3408
2862 3119
2863 3642
2864 3833
2867 3781
2868 4576
2871 3778
2872 3100
2872 3970
2876 4172
2877 3626
2877 4539
2879 3060
2880 4593
2883 3981
2885 4362
2885 3325
2886 3948
2886 4559
2887 4920
2889 3831
2891 3040
2891 4859
2893 3752
2893 3214
2894 4935
2895 4050
2896 4780
2897 4047
2898 3941
2899 3240
2900 3651
2901 4105
2902 4204
2903 4680
2906 3366
2909 4945
2913 4587
2913 4849
2915 3790
2916 4726
2916 3240
2921 4507
2922 3818
2923 4185
2924 4262
2924 4801
2925 3124
2926 4321
2928 3240
2929 3800
2931 3631
2932 3827
2933 4870
2933 3993
2934 4801
2937 3597
2937 3874
2939 3102
2940 3413
2941 4599
2942 4864
2944 3043
2945 4477
2947 4598
2949 4991
2950 3209
2951 3551
2951 3317
2954 3788
2955 4522
2955 4340
2959 4391
2960 4428
2961 3966
2962 4172
2962 4386
2962 4699
2966 3645
2967 3986
2969 4933
2973 3730
2974 4235
2975 4178
2975 3825
2976 4887
2976 3857
2977 4154
2977 4852
2978 3139
2979 3224
2981 3543
2982 3170
2982 3850
2983 4798
2985 3246
2987 4808
2988 3642
2988 3005
2990 3043
2990 4775
2991 3694
2991 4341
2995 3055
2996 4012
2997 4188
2998 3334
2998 3766
2999 4687
3000 3571
3000 3165
3001 3517
3001 3628
3003 4752
3004 3287
3006 4570
3007 3293
3008 3884
3013 3822
3013 4984
3014 3703
3015 3591
3017 3616
3019 4742
3020 3781
3021 3820
3026 3167
3027 3501
3029 4311
3029 3465
3031 4439
3033 4834
3033 4604
3034 4875
3035 3843
3036 3846
3037 4559
3038 4155
3039 3254
3039 3257
3044 4355
3045 3539
3045 4105
3047 4987
3048 3057
3048 4059
3052 3824
3053 4721
3053 3904
3055 3179
3056 4738
3058 4075
3061 3842
3061 4828
3063 3853
3064 3265
3065 4639
3065 3178
3068 4039
3069 3819
3070 3336
3070 3460
3072 3393
3073 4993
3074 4000
3075 3303
3077 3880
3078 4004
3080 3881
3080 3622
3082 4042
3083 3232
3083 3299
3083 3793
3084 3230
3085 4886
3085 4915
3087 4901
3087 3793
3088 4392
3088 4584
3088 4604
3089 3491
3090 4613
3091 4501
3092 4793
3093 3333
3096 3570
3097 3339
3101 4731
3101 4218
3102 3159
3104 3574
3105 4224
3105 3462
3106 4610
3106 3247
3111 4146
3112 4564
3113 3425
3115 3376
3118 4136
3122 4769
3124 4282
3129 4832
3129 4793
3129 4670
3130 3807
3130 3659
3131 4370
3132 4616
3134 4706
3135 3705
3137 3612
3138 3185
3141 4871
3142 3244
3143 3266
3143 3540
3147 3728
3149 3695
3150 4743
3150 4498
3151 4318
3154 3992
3154 3914
3156 4117
3157 3624
3158 3194
3159 4399
3167 3250
3168 4997
3169 4401
3172 3207
3172 3537
3174 4633
3174 3611
3175 4785
3176 4520
3179 3671
3180 3776
3183 4731
3186 4055
3186 3357
3188 3891
3189 4837
3190 4381
3191 4928
3192 3262
3192 3241
3192 4308
3192 4082
3193 3217
3193 4032
3194 3911
3195 4615
3196 4988
3197 4050
3197 4228
3202 4656
3204 4077
3206 4682
3208 3844
3208 4980
3210 3667
3211 3962
3211 3557
3212 3383
3221 4109
3222 3779
3223 3950
3224 4462
3227 4173
3228 3731
3229 4906
3229 4393
3231 3852
3233 4970
3237 4884
3239 3689
3239 4037
3241 3765
3242 4865
3244 4519
3246 4165
3246 3970
3247 3456
3247 4212
3248 3883
3250 4020
3250 4971
3254 4109
3254 4065
3255 4211
3256 3267
3257 4699
3258 3276
3258 4610
3259 3531
3259 3302
3260 4434
3263 4175
3264 3772
3266 3633
3266 4661
3267 3342
3270 4498
3271 3511
3273 3615
3275 4716
3278 4944
3279 3482
3279 3693
3280 4509
3280 4856
3281 4932
3282 3767
3284 4063
3286 4402
3288 3618
3289 3804
3290 4501
3291 4372
3294 4939
3295 3549
3298 3453
3300 4404
3300 4179
3301 4548
3302 3436
3303 4435
3304 4099
3305 3573
3306 4199
3306 4480
3306 3793
3307 4677
3308 4180
3310 3769
3310 3338
3311 3796
3312 4290
3313 4119
3313 3750
3313 4299
3314 3649
3317 3381
3317 4195
3318 4621
3320 3744
3321 3544
3321 4764
3322 4757
3324 3628
3325 3552
3326 4556
3328 4845
3331 4230
3332 4180
3334 4745
3336 4645
3337 4422
3338 4118
3338 4416
3340 4809
3340 4950
3343 4605
3345 4411
3349 3682
3351 4527
3352 4391
3352 3855
3353 3722
3355 3364
3357 4432
3358 4133
3358 3758
3358 3656
3359 3662
3359 3710
3359 4996
3361 4986
3361 4945
3362 4029
3363 4126
3364 3817
3365 3912
3366 4202
3372 4745
3373 4260
3373 3740
3376 4999
3378 4119
3379 3884
3382 4845
3384 3868
3385 3700
3385 4605
3385 3438
3387 3956
3388 3410
3389 4517
3392 4512
3394 4071
3395 4871
3395 3477
3397 4184
3398 3709
3400 4018
3403 3520
3403 4704
3405 3791
3406 4425
3407 3980
3408 4156
3408 4680
3409 4187
3410 3768
3413 4175
3415 4188
3417 4497
3417 4601
3418 3945
3421 4463
3424 4258
3424 4497
3425 4698
3426 3918
3428 4364
3430 3558
3431 4182
3432 4238
3432 4615
3434 4150
3434 4789
3437 3989
3438 3896
3439 4583
3440 4108
3441 3759
3442 4185
3444 4346
3452 4410
3457 3784
3460 3502
3460 3803
3460 3555
3460 4338
3461 4053
3461 4206
3461 3734
3462 4069
3464 3505
3465 4527
3467 3519
3468 3534
3469 4622
3473 4051
3473 3856
3477 3479
3477 4398
3477 3659
3478 3869
3481 4086
3483 4588
3484 3896
3486 4617
3486 4292
3488 4650
3489 4079
3490 4300
3490 4355
3490 3908
3491 4908
3493 4130
3494 4124
3498 4556
3500 4235
3504 4720
3508 4048
3513 3973
3514 4744
3514 4310
3516 4934
3518 3646
3520 3546
3523 4727
3525 4440
3527 3575
3532 4009
3533 3655
3535 3753
3536 3922
3536 4588
3537 4019
3537 3618
3538 3731
3538 4071
3540 4147
3543 3886
3545 4080
3546 3670
3548 4917
3548 4264
3549 3683
3552 4308
3557 4534
3558 4328
3561 4383
3561 4654
3562 3991
3563 3566
3564 3861
3564 4608
3565 4672
3567 4470
3568 4163
3570 4629
3570 4932
3571 4738
3572 4626
3576 4495
3576 3823
3577 4104
3578 3840
3578 3692
3579 4066
3579 4396
3584 4985
3585 4586
3585 3750
3586 4308
3589 3877
3589 4623
3591 4662
3594 4888
3598 3630
3600 3793
3601 3705
3604 3929
3606 4774
3607 4755
3608 4776
3609 4578
3617 3682
3621 4176
3622 3826
3625 4203
3627 4074
3627 3992
3634 4169
3635 4379
3637 4585
3639 3684
3645 3938
3649 4753
3654 4955
3657 4277
3658 4338
3658 4856
3664 3925
3666 4185
3666 4414
3666 3894
3667 4356
3668 4683
3670 4327
3674 4101
3678 3688
3679 3886
3683 4779
3684 3995
3685 4264
3693 3919
3694 3720
3695 4707
3696 4252
3698 4984
3699 4860
3700 4148
3702 4269
3703 4868
3706 4137
3707 4065
3708 3748
3710 3890
3710 4949
3712 3829
3713 3917
3716 4319
3718 3863
3724 4337
3724 4082
3725 3905
3728 4274
3729 4612
3730 4746
3733 4263
3733 4753
3734 3744
3738 4596
3749 4379
3751 4052
3752 4705
3753 4048
3754 4026
3754 4533
3755 4616
3756 4551
3757 4780
3758 4820
3759 4177
3760 4441
3766 4631
3770 4663
3772 4304
3773 4964
3775 3882
3776 4609
3777 4691
3778 4916
3782 4057
3782 4626
3783 4491
3783 4529
3784 4433
3785 4098
3788 4137
3789 4144
3792 4904
3793 4360
3793 3823
3794 4970
3795 4951
3795 4735
3797 4866
3801 4674
3808 4733
3811 4149
3812 4907
3813 4116
3813 4427
3813 3951
3816 4326
3818 3967
3818 3957
3819 4594
3820 4377
3825 4275
3832 4360
3835 4203
3836 3931
3838 4059
3839 4994
3841 4934
3852 4776
3852 4170
3853 4301
3854 4003
3857 4909
3859 4681
3860 4729
3860 3907
3864 4857
3868 4186
3869 4220
3877 4173
3879 4658
3887 4761
3895 4773
3898 4268
3900 4689
3900 4927
3900 4146
3903 4209
3904 4713
3906 4693
3916 4761
3918 4473
3919 4310
3928 4140
3931 4379
3932 4567
3947 3957
3955 4537
3956 3959
3963 4989
3967 4123
3969 4443
3976 4289
3978 4752
3979 4915
3980 4796
3984 4008
3988 4461
3993 4587
3994 4372
3999 4405
4001 4430
4005 4257
4006 4543
4009 4221
4009 4417
4009 4830
4010 4049
4015 4096
4016 4071
4034 4940
4034 4812
4036 4278
4037 4758
4041 4130
4042 4711
4042 4381
4043 4640
4044 4200
4044 4222
4048 4175
4054 4103
4055 4520
4056 4136
4056 4577
4057 4864
4058 4385
4061 4143
4061 4592
4064 4505
4068 4771
4080 4522
4081 4357
4085 4629
4089 4907
4091 4996
4092 4539
4097 4813
4102 4342
4113 4468
4114 4240
4121 4876
4134 4606
4137 4375
4138 4784
4140 4151
4148 4492
4155 4757
4161 4900
4162 4546
4170 4828
4171 4185
4183 4589
4190 4972
4194 4583
4197 4769
4199 4270
4204 4847
4204 4654
4205 4359
4206 4667
4206 4748
4207 4743
4212 4688
4213 4335
4213 4912
4217 4404
4218 4288
4219 4440
4219 4512
4220 4626
4224 4824
4229 4525
4229 4713
4230 4685
4230 4922
4231 4622
4237 4930
4240 4733
4242 4437
4245 4983
4245 4780
4246 4316
4248 4791
4249 4660
4257 4999
4261 4926
4265 4489
4266 4508
4270 4878
4273 4343
4275 4461
4278 4343
4279 4561
4287 4458
4291 4848
4292 4853
4301 4998
4306 4688
4307 4582
4315 4710
4315 4976
4317 4949
4318 4373
4323 4466
4323 4831
4326 4553
4332 4773
4346 4631
4351 4640
4359 4626
4361 4992
4364 4679
4366 4493
4368 4428
4368 4725
4368 4670
4369 4452
4372 4419
4376 4816
4382 4407
4384 4795
4390 4792
4393 4988
4410 4692
4415 4688
4423 4798
4425 4763
4430 4557
4444 4808
4449 4700
4459 4995
4464 4526
4468 4758
4481 4714
4482 4814
4496 4788
4497 4547
4504 4860
4508 4529
4509 4974
4528 4825
4529 4653
4532 4655
4535 4977
4539 4606
4548 4946
4549 4815
4558 4831
4559 4817
4565 4630
4565 4872
4570 4893
4574 4896
4575 4958
4576 4824
4580 4594
4581 4987
4597 4668
4597 4885
4598 4902
4603 4873
4606 4995
4612 4732
4625 4933
4628 4764
4629 4765
4633 4975
4640 4794
4643 4971
4646 4913
4653 4938
4660 4739
4668 4696
4686 4948
4699 4714
4713 4865
4723 4911
4731 4839
4735 4849
4748 4827
4750 4880
4762 4878
4772 4954
4783 4887
4784 4945
4818 4940
4819 4838
4822 4854
4829 4974
4848 4991
4858 4903
4863 4965
4896 4981
4898 4923
4918 4921
4961 4989
