10000 9999
0 7562
1 8629
2 2596
2 1318
2 9996
2 6136
3 8046
3 9507
3 4308
4 9474
5 5528
5 5561
6 1672
6 1578
7 7676
8 871
8 6010
9 4188
10 8451
10 7503
10 5226
11 6159
12 4570
12 7477
13 3487
14 1769
15 5559
16 9352
17 3401
17 6781
17 1057
18 7351
18 5804
19 7396
19 8593
19 2813
20 1496
21 296
22 8573
22 8763
23 3318
24 5412
25 3798
26 6523
27 4831
28 7333
28 9981
29 292
29 1045
29 4796
29 4231
29 913
29 5186
30 3237
30 7479
31 800
32 47
32 3504
33 4584
33 9954
33 896
34 8765
34 9378
34 5333
35 112
35 1606
36 6619
36 3080
37 791
37 5698
37 9381
38 225
38 70
39 1133
40 5326
41 7343
42 4362
42 7966
42 1697
42 1844
42 7097
42 7726
42 4136
43 2346
43 6044
44 5039
45 6132
46 608
46 6338
47 365
47 8331
47 8093
48 2191
49 7989
50 401
50 3939
51 3072
51 6667
52 1911
53 3128
54 2996
54 6613
55 6063
56 8764
57 2657
58 2767
58 2960
59 5651
59 5624
59 1003
59 2843
60 6121
61 5997
62 5499
63 7279
64 8855
64 3794
64 7626
65 2991
66 4596
66 8606
66 4409
67 1234
67 7220
67 517
68 8605
69 2110
69 7256
70 2380
71 1312
72 9931
73 312
73 1257
73 8683
74 3979
74 6460
74 2860
75 124
76 2391
77 4319
77 7915
78 7660
79 6246
79 3114
80 3135
80 5118
80 3127
80 4625
81 4555
81 1472
82 1403
82 3175
82 684
83 7839
83 8893
84 2980
84 7077
85 8141
86 4157
86 7682
87 770
87 8925
87 5190
88 2987
89 9827
90 7822
91 4739
91 6300
91 4358
92 1262
92 1241
92 754
93 3896
93 3686
93 6921
94 3571
94 8563
94 2076
94 5240
94 1125
95 4909
95 7937
96 2243
96 3976
97 7382
98 9051
99 7661
99 3576
100 6309
100 6060
100 4126
100 8469
101 1658
101 2411
102 1996
102 8781
103 4813
103 1015
104 2008
104 6007
105 8962
105 9281
106 5156
106 7671
106 2980
107 6455
108 6380
108 1677
108 7137
108 608
109 4974
109 4079
110 2887
111 3948
111 1680
111 7093
112 7012
113 3569
113 9170
114 9399
115 8237
115 1286
115 2547
115 403
116 5230
116 9939
117 3222
117 9386
118 8890
119 1540
119 5944
120 1874
120 2743
121 8975
121 1420
122 7034
122 3797
123 7412
124 4511
125 8626
126 4539
127 1898
127 331
128 9987
129 1066
129 9704
129 7770
129 2006
130 8475
130 2886
131 5642
131 4909
132 9875
133 440
133 3330
134 2030
134 6296
134 5788
135 2393
135 5188
136 5024
136 6847
136 9392
137 3113
137 9244
137 2313
137 2760
138 994
139 7774
140 2269
140 623
141 7265
141 5935
142 6116
142 2828
143 5665
144 4363
145 5539
146 5857
147 920
148 2452
148 3663
149 1780
150 5705
151 3998
151 7979
152 9119
152 5764
153 9129
154 4242
155 2061
155 7190
156 5905
156 9683
156 8364
156 5269
157 9950
158 3960
158 3314
159 3832
159 9702
160 584
160 4359
161 7604
162 5894
162 9261
162 3445
163 3003
164 2966
164 4056
164 7946
165 4366
165 3321
166 8783
167 5396
168 8125
168 1600
169 1755
169 7635
170 6092
170 7151
171 2872
171 7384
171 2477
172 1887
172 2076
173 663
173 4639
174 820
174 2058
175 6872
176 742
177 9091
177 7416
178 9476
179 5942
180 4412
181 369
182 7883
182 7063
182 3048
183 1967
183 2553
183 392
183 8403
184 601
185 2788
185 5102
186 492
187 480
188 411
189 2857
190 256
190 9442
191 6453
192 741
192 9173
193 9922
194 1195
195 1838
195 7954
196 7807
197 3870
198 3949
199 727
199 7202
199 8208
199 5838
200 5910
200 5673
201 1378
201 7192
201 2616
202 4417
203 6174
203 3329
204 564
204 8309
205 235
205 4183
206 7096
206 8991
207 9994
208 6349
209 4682
210 7776
211 6967
211 1685
211 1665
212 7410
212 705
212 6406
212 5735
213 7554
214 8490
214 6105
214 4388
215 2868
216 9492
217 6762
217 2551
218 8542
218 5423
218 4080
219 7224
219 7939
220 8399
220 3088
221 7641
221 7763
222 8070
223 9055
224 2513
224 4989
226 7264
226 232
227 1319
228 5871
228 2590
228 2004
229 8282
230 5629
230 8385
230 5216
231 6524
231 6615
231 718
231 347
232 9276
232 6894
233 8758
233 952
234 4025
234 2161
234 1407
235 2580
236 4654
236 9172
236 8425
237 9021
237 3520
238 2401
238 4807
239 5922
239 899
240 4863
240 6155
241 2211
241 3307
242 7842
243 476
243 3910
243 5334
243 3463
243 4313
244 5633
244 6016
245 1834
246 5542
247 5586
248 6801
249 4820
249 7875
250 3968
250 5103
250 8109
250 3438
251 2414
252 9890
252 8980
253 4767
254 9143
254 3178
255 6053
257 617
257 7279
257 7921
258 1560
258 3530
258 2534
259 6556
260 5584
260 9798
260 3416
261 7819
262 3554
262 1646
263 8285
263 6711
264 3139
265 1514
265 4085
265 843
266 5936
266 773
266 6663
266 1224
267 843
268 9677
268 8364
269 4792
269 9894
270 9202
271 338
271 3332
272 830
272 4076
272 2924
272 6090
272 4271
273 4797
273 5097
273 6177
273 5090
274 825
274 1809
274 705
275 522
275 3245
275 4508
275 4915
275 2995
276 7260
276 7921
277 4897
277 6481
277 6318
277 4494
278 7385
278 8255
279 572
280 9014
280 2700
281 2847
281 9309
282 2959
282 3348
283 6137
283 4589
283 1889
284 8396
285 7130
285 8260
286 840
286 8009
287 1196
287 7048
288 1875
288 3353
288 9336
288 708
289 1138
289 4827
289 9506
289 1917
289 2643
290 9218
291 8947
293 6696
293 7795
293 4246
293 952
294 8138
294 9180
295 5461
296 6468
296 3254
296 4868
297 2683
297 883
297 3217
298 5922
299 7161
299 3224
299 8230
300 7547
300 2203
301 1366
301 3338
302 5778
303 4800
304 596
304 5556
305 3306
305 4013
305 9421
306 688
306 4684
306 1205
306 2454
307 367
307 9241
308 2415
308 4373
309 6322
310 8823
310 5216
311 4984
311 9488
311 9177
313 921
314 3947
314 8959
315 8024
316 6099
316 1166
317 6974
318 5445
318 4435
319 8108
320 9174
321 1375
321 3380
322 9497
323 3007
324 3831
325 2761
325 9024
325 2434
326 5709
327 377
328 5545
328 7213
329 3373
329 7738
329 4044
330 1811
330 6819
331 5800
331 4803
332 4471
333 4359
333 3092
334 1300
335 8881
335 9465
336 1460
337 3588
337 1441
338 3971
338 4118
339 3997
339 9068
340 893
341 5909
342 5540
342 7276
342 5987
342 1554
343 7953
344 5790
344 1902
345 1008
346 5618
347 3814
347 7499
347 6921
347 1265
348 3532
349 574
349 1349
350 9412
350 2577
351 3558
352 5429
352 8306
353 6205
353 9612
353 6585
354 2757
354 8344
355 6995
355 8864
356 1133
356 1430
357 8534
358 2939
359 6340
360 729
361 4697
361 9170
362 4506
363 5713
364 5563
366 4014
367 6295
367 1260
367 9177
368 6785
368 1141
369 6939
369 2280
369 8320
370 4348
371 2811
372 1704
373 3140
373 5761
373 8747
374 3274
374 4406
374 6868
375 4617
375 2227
375 8463
376 8332
377 2453
377 2053
377 4778
378 8136
379 5538
379 8609
380 8696
380 2341
380 6927
380 4688
381 9104
382 8060
383 1929
383 6704
383 6005
384 8600
385 3210
385 1787
386 6131
386 2852
386 9799
387 2908
387 6946
388 4208
388 8645
388 1194
388 8236
389 2208
389 2819
389 457
389 4731
389 8414
390 4717
390 6683
390 9529
390 9023
390 5554
391 5458
391 4497
392 8215
393 6704
394 3940
394 9684
394 2856
395 1798
395 7228
395 6323
396 7145
396 9129
397 3379
397 1293
397 6774
398 7266
399 9792
400 3909
400 753
401 4046
402 813
403 2037
404 4997
404 4489
404 673
405 3050
405 7788
405 6501
406 9865
407 3055
407 8899
407 6830
408 7059
408 9868
408 531
409 9451
409 3374
410 6048
411 2313
412 7747
412 2617
413 1189
413 6158
413 2614
414 5213
415 2977
415 6059
415 7959
416 7126
416 8760
416 2681
417 7634
418 4703
418 4344
418 3777
419 1507
420 863
420 6598
420 7744
420 2678
421 1165
421 2380
421 6048
421 1632
422 6168
423 8123
423 7672
424 8045
424 5825
425 4668
425 2780
426 4267
427 9395
428 3326
429 3153
429 4648
429 9995
429 8092
430 8452
430 3710
431 6230
431 3227
432 7921
432 4548
433 8824
434 703
435 9828
436 6790
437 7281
437 9282
438 6070
439 7952
440 3097
441 5496
442 5955
443 5941
444 9078
444 7217
445 5698
446 2682
446 8854
447 2646
447 2793
447 7803
448 628
448 4750
448 6355
448 4092
449 2794
450 5857
451 1932
451 1567
451 7805
452 5144
452 7071
453 7680
453 8419
454 4278
454 3310
455 1208
456 6596
456 1838
457 4826
457 3847
458 1011
458 4685
458 5162
459 9424
459 2023
460 8960
460 5854
461 8976
462 8130
462 6077
463 6472
464 5482
464 7715
464 4642
465 6886
465 1198
466 9647
466 3274
467 9047
467 4060
468 2114
469 9707
470 2089
470 2535
470 2564
470 7607
470 9198
471 9795
472 4014
472 8685
472 5950
473 9659
474 7359
474 5626
474 7077
475 5324
475 1495
475 3873
477 8866
477 8272
478 9107
479 7885
480 2013
481 5125
481 4274
482 8118
483 2137
483 6568
484 1799
484 2702
484 9290
485 9607
486 2394
487 7688
487 9308
488 6736
489 6820
489 4676
490 5299
490 9939
490 9865
491 2934
491 6632
491 1139
492 3717
492 2594
492 7639
493 2490
494 9572
494 1163
495 3721
496 3077
496 5507
497 9026
497 7191
498 7427
498 2302
499 7902
499 6521
500 1514
501 4594
501 5984
501 3264
502 4662
502 9887
503 7242
503 4916
504 5068
504 730
504 3894
505 4692
505 6141
506 3912
507 7284
507 8333
508 8554
508 3835
508 7523
508 9111
509 9187
510 1858
510 6866
510 8165
511 4554
511 1518
511 6166
512 3009
512 7187
512 4698
513 6944
513 9189
514 5729
514 6374
515 8085
515 1208
515 3865
516 556
517 4890
518 9016
518 7261
518 5221
519 4713
519 4052
519 2718
520 5101
520 1361
520 1720
520 5633
521 3132
523 3533
523 6595
523 980
524 5076
524 5842
524 4424
525 6437
525 7820
526 8532
526 7517
526 706
527 3728
528 1998
528 5217
529 5017
530 2231
530 9009
531 2377
532 5825
532 885
533 8010
534 5745
534 1026
534 2469
535 9337
536 4386
536 9968
536 2238
537 6794
538 9461
538 8221
539 2462
539 8668
539 686
539 3108
540 1325
540 2539
541 8728
541 3470
542 3903
543 9880
543 3440
543 7933
544 7432
544 9719
545 8378
545 3992
546 6953
546 9154
546 5352
546 8813
547 9425
548 1145
549 4573
550 3333
550 9401
550 3975
551 856
552 5790
553 6396
553 9896
553 1117
554 3101
555 877
555 9902
555 9248
556 8034
556 3627
557 3276
557 9302
558 2726
558 2528
559 6799
560 565
560 5495
561 1505
562 689
563 2051
564 8619
566 6850
566 7350
566 5854
567 3356
567 1630
567 6225
568 7054
568 4063
569 3909
570 9472
570 4314
571 901
572 7112
572 9687
572 6486
572 2479
573 9876
575 1602
575 1037
575 5698
576 5418
577 1010
577 2748
578 5587
578 2868
579 1264
579 3683
579 3520
579 2939
580 6979
580 4322
581 8350
581 3102
581 3141
582 4487
582 1300
583 6947
583 5569
584 8066
585 8135
586 8324
587 719
587 6997
587 2200
587 1720
588 8700
589 6484
589 6124
590 4110
591 5342
592 4232
592 818
593 6353
593 8471
594 2539
594 9298
594 7812
595 2751
595 8149
595 1878
596 3974
596 9935
597 9976
598 710
599 3606
599 4900
600 5507
601 8350
602 9591
602 9964
603 1267
603 2786
603 2826
603 9308
603 5556
604 5159
605 5486
606 3015
607 8373
609 5719
609 9173
609 3148
610 8710
611 847
611 6755
611 2214
612 5589
613 9059
613 8413
614 7926
614 2577
614 6148
615 3715
615 8975
616 920
616 7272
616 2524
618 4823
618 9863
618 6761
619 5435
619 5320
619 1537
620 5639
621 7345
621 3062
622 8700
623 3702
623 4418
623 989
623 1729
623 1429
624 4826
625 7822
626 2951
626 1905
627 3909
629 1087
629 1613
629 4857
630 2087
630 1751
631 8264
631 7018
632 2875
632 6103
633 2804
633 3957
634 2262
635 4179
635 5541
635 5477
635 8745
635 1479
636 5932
637 3625
638 5225
638 3425
639 5867
640 7309
641 5960
642 8286
642 5227
643 9767
643 3069
644 8772
644 8123
645 4704
645 3133
646 8904
646 8003
647 3830
647 9638
647 1020
648 7783
649 1349
650 4910
650 2190
650 2849
650 9682
651 672
651 7504
651 3206
651 761
652 4986
652 7176
653 9006
654 7293
654 6773
655 2182
655 9342
656 2001
657 7173
657 2691
657 9950
657 2797
658 9838
658 773
659 4382
659 8261
660 1757
660 3819
660 9547
661 3330
661 7300
661 1614
661 7998
662 8621
663 2876
664 2429
665 1475
665 6066
666 4372
667 5084
667 8736
668 4452
669 1901
670 3238
670 5834
671 5145
671 3195
673 9272
673 2032
674 1705
675 7836
675 5368
676 4812
676 2727
677 2700
678 6188
678 8628
678 5212
679 1778
679 2091
680 8486
681 2077
682 2894
682 2056
683 5418
683 7245
683 7181
683 1397
684 6879
685 910
685 3759
685 5993
686 2825
687 9426
687 2736
688 3916
689 5671
689 8617
690 1839
691 5220
692 5542
693 3375
694 8372
694 2054
695 4323
696 7876
696 8774
696 5194
697 8604
698 6151
698 6431
699 6648
699 1483
700 2366
700 7536
700 6496
701 3456
702 7499
703 5942
704 8280
705 7115
705 8143
706 5985
706 2114
707 3642
708 8139
708 7331
709 7917
710 1284
710 2153
710 8373
710 6877
711 9816
711 6653
712 6199
712 2322
712 7210
713 8712
713 6593
714 8628
715 4240
716 4938
717 5403
718 6833
720 3864
720 5725
720 7639
720 2558
720 9972
721 7216
721 7335
721 6450
722 5981
722 6741
723 7392
723 3917
723 5151
724 9723
725 7952
725 1455
725 4724
725 8840
725 1541
726 6225
728 8037
728 4312
729 9098
729 6807
730 8608
731 2160
731 3607
732 4256
732 3126
733 5054
734 5146
734 7920
734 6318
735 6507
736 1970
736 6343
737 4227
737 6257
737 6237
738 7600
738 4915
739 4496
739 753
740 4738
740 1275
741 4505
742 9368
742 6550
743 4962
744 1247
744 9148
744 9165
745 1892
745 4964
746 2772
746 6451
747 4089
748 9494
749 7845
749 9539
749 2219
750 6757
751 971
751 4130
751 1747
751 2849
752 3398
752 6735
752 757
753 3927
754 4094
754 2004
754 9467
754 2846
755 886
755 3413
755 8033
756 4370
757 8130
758 5657
759 6415
760 4612
761 6741
761 9654
761 3155
762 9625
763 7864
764 2430
764 3809
765 2410
766 5347
766 4190
767 2555
768 8445
768 8157
769 5794
769 781
770 7070
771 7690
772 6644
773 4784
774 7465
775 3428
775 1989
776 3737
776 2361
776 9392
776 8398
777 8516
778 7313
779 5419
779 4455
779 6745
780 4152
780 1770
780 8449
781 2997
782 2706
783 1465
783 3603
784 4499
785 6585
785 5215
786 7422
787 7572
787 3517
788 6729
789 3505
789 6047
789 2582
790 5899
791 3966
792 5717
792 6086
793 1394
794 1604
794 3743
794 2591
795 2086
796 1291
796 3516
797 4346
797 3996
798 6080
798 2555
798 9881
799 5807
800 2960
801 8249
802 3612
803 7386
803 3610
804 4264
805 4458
805 2031
806 908
806 8626
806 9017
807 4139
807 7881
807 9757
808 1726
809 9845
810 5836
811 9577
811 1517
812 1762
812 2973
812 9832
813 1191
814 8729
815 3594
816 7161
817 4995
817 7212
818 2013
818 4780
818 6732
818 3564
819 3385
819 4211
819 3467
820 4110
820 6461
821 3290
821 5663
822 3476
822 9225
823 3261
823 3640
824 9364
825 8565
826 2751
827 3842
827 8265
827 5307
827 6690
827 5807
828 3734
829 4180
831 6502
832 1438
832 2046
832 9568
833 9146
834 6873
835 6700
836 5722
837 5374
837 4052
838 3550
838 8141
839 6908
839 1229
839 2910
840 7128
841 5956
842 892
842 3672
843 4124
843 8663
844 2039
844 3973
845 5898
845 6011
846 2177
846 3583
848 3916
849 3919
849 1595
850 4959
850 4788
851 1507
852 4542
852 8429
853 3863
854 8166
854 5362
854 5964
855 5311
856 7315
856 5484
857 1472
858 9459
858 7879
859 4215
859 9095
859 5125
860 4572
861 2719
862 8481
864 1611
865 8917
866 5963
866 2891
867 1578
868 5171
868 3451
869 7021
870 1389
870 2434
870 6543
872 4476
872 4945
872 8270
872 6393
873 2399
873 7765
873 2880
874 5739
874 6730
874 6577
875 6282
876 5048
876 7837
876 6238
877 9356
877 8315
878 6409
878 7215
878 8417
878 1536
879 1744
879 7563
880 8635
880 9729
881 6196
881 8420
881 2679
881 9908
882 8434
882 9719
883 4408
884 1837
884 2518
884 3724
885 9670
885 7133
885 3951
887 3678
887 1537
887 5502
888 4866
889 5999
889 6149
889 8253
890 7194
891 3270
891 7514
892 2072
893 951
893 2614
893 9913
893 2287
894 4100
894 3697
895 8431
896 3314
896 6292
897 2888
898 9455
898 9511
899 6641
900 5694
900 9125
900 6473
901 8367
901 9722
902 5948
902 6618
903 8279
903 8072
903 8106
904 3395
905 8889
905 4291
906 9599
906 1517
907 6176
909 5379
909 8210
911 7845
912 2129
913 1706
913 4774
913 9200
914 8941
915 2920
915 4721
915 1692
916 8117
916 955
917 5965
917 3196
918 1277
918 1488
918 2585
919 8570
921 2670
921 6873
922 5361
922 5050
922 5574
922 9328
923 1521
924 3437
925 8330
926 8679
927 9162
927 2660
928 6508
929 6241
929 4906
929 7945
929 5943
929 7236
929 5163
930 2838
930 2330
931 5576
932 9485
933 3479
933 6252
934 3318
934 4951
935 3184
935 2554
935 2758
935 5026
935 8839
936 2157
937 9692
937 3248
937 2902
937 4518
938 2820
939 9175
940 3321
940 5158
941 6426
941 1391
942 3336
942 1884
943 4289
944 1781
944 1477
945 4563
945 8695
945 7870
945 6735
946 5252
946 9618
946 1631
947 4220
947 5840
947 5702
948 6882
948 8363
948 5474
949 6617
949 8921
950 3361
950 4649
952 2035
952 6372
953 9728
953 1422
953 1442
954 1849
955 6134
955 7314
955 9656
956 9903
957 1857
958 7924
959 5285
959 7195
959 6153
960 2792
961 6111
961 7695
961 4571
961 7783
962 7286
962 2640
963 3884
963 1924
964 1648
965 5649
965 8162
966 4454
966 2086
967 8401
968 4622
968 7523
969 3783
970 6407
970 9490
972 8876
972 3129
973 6884
974 4348
974 3492
974 2767
975 5953
975 9246
975 2727
976 6837
977 2183
978 8354
978 8499
978 3137
979 2943
980 5246
980 7585
980 3978
980 8418
981 8939
982 7163
982 4416
983 3194
983 8343
983 1047
984 8714
984 9249
984 7069
985 4120
985 1401
986 7933
987 2569
987 5328
988 8182
988 9832
988 6497
989 6155
990 3544
990 4146
990 5441
991 2955
992 9792
992 1303
993 3546
993 9904
994 8757
995 8715
995 8806
995 8887
996 8969
996 5527
997 4313
998 6078
999 8782
999 1616
999 8629
1000 9041
1000 8939
1000 8454
1001 1930
1001 6100
1001 1973
1002 5550
1002 7956
1003 5736
1003 8795
1004 1282
1005 7446
1005 7479
1005 5760
1005 5041
1005 5507
1006 3341
1006 7956
1006 9984
1006 4224
1007 7188
1007 5707
1008 7716
1008 9932
1008 3175
1009 9249
1010 1075
1012 7243
1012 6568
1013 9051
1013 3197
1014 2318
1014 8199
1015 9845
1015 4296
1016 7638
1016 8515
1017 2698
1018 4779
1019 2764
1019 8812
1020 8060
1020 5322
1021 2835
1021 6565
1022 4383
1023 8131
1023 3801
1024 8308
1025 3453
1026 7249
1027 5927
1027 8718
1028 7287
1028 6536
1029 5248
1030 9982
1031 3852
1032 7110
1032 9352
1032 9836
1032 9605
1033 7464
1034 7061
1034 7739
1034 4649
1035 9792
1036 5563
1036 1850
1037 9802
1038 3718
1038 6252
1038 6576
1039 2795
1039 8554
1040 5889
1040 7689
1040 5479
1041 1398
1041 5220
1041 9700
1041 8255
1042 3202
1042 3795
1043 3720
1044 9710
1045 4135
1046 6394
1047 2635
1048 5609
1048 1368
1049 5448
1050 8260
1050 3604
1050 2514
1051 5319
1051 2975
1051 3017
1052 1054
1052 1364
1052 7841
1052 2865
1053 2234
1055 6163
1055 6789
1056 1084
1056 7489
1056 2358
1057 4272
1057 3412
1057 9765
1057 9657
1058 8920
1059 5042
1059 7120
1060 9070
1060 1092
1060 5614
1061 3540
1061 4204
1062 8210
1062 4971
1063 9146
1063 9745
1063 9703
1064 5331
1065 1450
1066 2070
1067 3410
1067 9852
1067 9215
1068 5332
1068 5817
1069 7676
1069 8163
1070 2900
1071 9796
1072 5688
1073 8979
1073 7137
1074 1328
1074 3876
1074 7493
1074 9925
1075 8484
1075 3870
1075 7936
1076 9996
1077 8659
1078 6471
1079 9512
1079 9136
1080 5793
1080 6213
1081 5979
1081 8175
1082 9048
1083 6485
1083 6740
1085 8015
1085 8930
1086 2201
1086 4932
1088 2316
1088 8039
1089 2632
1089 8982
1089 6723
1090 9436
1090 9775
1090 5406
1091 6673
1092 5617
1092 7880
1093 3253
1094 6370
1094 6400
1094 2976
1095 6555
1096 5630
1097 8803
1097 2490
1098 1249
1098 3666
1098 5221
1099 5884
1100 6475
1101 9228
1101 6913
1101 3292
1102 9722
1102 4728
1103 6251
1104 3109
1105 9151
1106 4869
1106 3552
1107 7590
1108 7941
1109 1699
1109 9881
1109 4763
1109 2530
1110 5983
1110 1877
1111 4068
1111 7215
1112 6248
1112 7404
1112 5187
1112 5365
1113 2031
1113 4832
1114 9742
1114 4672
1115 1813
1116 4015
1117 8756
1118 2043
1118 1179
1119 4956
1120 2178
1121 6766
1122 1992
1123 2015
1123 9999
1124 7033
1124 5390
1125 6215
1125 9346
1126 8918
1126 8756
1127 7833
1127 1810
1127 1895
1127 9292
1127 9873
1127 4644
1128 7979
1128 6373
1129 3142
1129 9433
1129 6934
1130 3271
1130 8763
1131 3489
1131 5582
1131 5086
1132 9950
1133 7905
1134 6012
1135 5596
1135 8313
1135 5952
1136 5384
1136 2317
1137 5682
1139 3057
1140 4753
1141 4441
1141 2556
1142 7391
1142 9181
1143 6816
1144 3769
1145 4546
1145 1606
1145 5226
1145 2210
1145 2033
1146 9218
1146 3995
1147 7693
1148 9161
1149 6918
1149 7496
1150 9479
1150 4848
1151 6666
1151 7438
1152 6643
1153 4994
1154 3175
1155 5258
1155 3948
1156 9729
1157 4944
1158 7442
1158 9780
1158 3139
1159 9961
1160 9214
1160 7953
1161 2205
1161 7911
1161 4945
1162 8291
1162 9684
1163 2245
1163 9493
1164 8790
1164 5302
1166 2820
1166 8869
1167 8152
1167 3671
1167 4560
1168 6624
1168 4083
1168 2367
1169 2456
1169 3368
1170 5444
1170 1749
1171 4507
1171 8536
1171 1883
1172 8363
1173 5086
1173 6514
1174 4479
1174 2091
1174 8715
1175 2307
1175 5260
1176 4409
1176 7419
1177 9669
1177 2699
1178 5790
1179 6398
1179 3274
1180 8005
1180 5331
1181 8508
1181 3989
1181 5565
1182 4649
1182 3080
1183 8009
1184 3776
1184 4185
1185 8134
1186 6442
1187 2578
1188 3157
1188 2198
1188 6961
1190 8435
1191 3444
1191 6240
1191 2039
1192 6572
1192 8386
1192 7840
1193 4254
1193 2263
1193 8938
1193 2993
1193 1657
1193 5993
1193 4604
1194 4034
1195 8372
1196 9542
1197 6323
1198 3982
1198 1509
1199 2353
1199 9491
1199 1748
1200 5560
1200 7809
1200 9484
1201 3211
1201 4889
1202 9186
1202 9543
1202 8792
1203 4401
1203 1318
1204 6746
1204 3221
1205 8716
1206 8673
1206 8218
1206 3100
1207 6520
1207 3156
1208 9421
1208 5424
1209 8723
1209 1697
1210 7465
1211 2440
1212 9551
1213 2548
1213 4264
1213 9032
1214 7593
1214 9236
1214 2161
1215 5250
1216 2725
1216 2069
1216 9423
1216 8564
1217 6715
1218 4545
1218 6969
1218 7582
1218 9500
1219 4637
1219 4816
1220 4374
1220 6810
1221 1644
1222 6430
1223 6062
1223 5117
1224 6287
1224 2327
1224 2468
1225 2737
1225 5218
1225 2868
1225 5839
1226 4105
1226 7472
1227 9442
1228 5994
1229 8615
1230 7497
1231 4974
1232 8537
1233 5322
1233 7158
1235 1634
1236 3163
1237 5476
1237 5072
1238 2458
1238 8921
1238 3296
1239 5177
1240 5400
1240 1851
1240 2200
1241 5744
1241 4983
1242 7088
1243 6224
1243 7840
1243 3199
1244 1787
1245 2049
1246 9574
1246 4395
1247 5700
1248 5647
1250 7958
1250 3091
1250 5196
1251 8706
1251 1300
1251 5283
1252 9735
1252 1984
1253 8438
1253 4446
1254 2396
1254 8657
1254 2121
1255 5597
1255 8358
1256 5197
1257 3691
1258 4926
1258 9146
1259 1708
1259 7369
1260 4235
1260 5277
1261 4998
1261 6576
1263 4469
1263 5161
1265 9076
1265 8590
1266 3094
1268 5330
1268 3158
1269 3930
1269 5177
1269 8711
1270 9133
1270 4742
1271 8124
1272 2306
1273 6645
1274 3140
1275 9473
1276 1496
1278 9985
1279 1589
1279 8939
1280 2259
1280 1361
1281 2251
1282 6067
1282 1615
1282 6838
1283 4744
1283 7347
1284 2052
1285 9752
1286 4468
1287 6820
1288 9115
1289 4879
1290 2918
1292 6284
1292 1861
1293 4657
1293 2446
1293 7083
1294 4829
1294 7500
1294 1589
1295 7977
1295 6949
1296 3105
1296 8804
1296 7392
1297 3929
1297 8878
1297 5116
1298 2871
1298 2449
1298 6286
1299 1445
1300 6304
1300 2045
1301 6004
1301 8085
1302 2684
1302 2688
1303 3014
1303 5518
1303 5548
1304 6503
1304 2926
1304 7290
1305 6183
1305 9902
1306 8828
1307 9527
1308 4791
1308 6036
1308 9038
1309 8096
1309 7881
1310 3879
1311 5165
1312 3130
1313 8104
1313 9761
1314 4012
1315 9149
1315 1442
1316 1632
1316 1836
1317 2423
1318 2957
1319 6699
1319 7303
1320 1788
1321 9729
1321 5039
1322 2420
1322 5133
1322 2097
1323 2348
1324 6119
1324 2843
1324 3297
1325 2150
1326 7923
1326 8776
1326 2393
1327 5390
1327 7455
1329 6243
1329 6066
1329 2199
1330 4412
1330 7154
1330 5975
1331 5129
1331 6483
1332 5209
1333 3650
1334 5806
1334 6947
1335 8708
1335 5701
1336 1817
1336 9915
1337 7201
1337 7667
1338 2505
1338 5708
1339 5102
1339 8360
1340 6541
1341 8875
1342 6145
1343 5973
1344 4138
1344 2360
1344 8225
1344 6309
1345 8477
1345 6566
1345 3712
1346 4618
1347 4167
1348 7544
1348 3266
1348 6170
1349 3482
1349 4137
1349 6470
1350 1599
1351 7461
1352 1547
1352 6644
1353 1553
1353 6932
1353 2380
1354 4960
1355 9141
1355 3026
1356 1600
1356 2882
1357 3834
1358 3653
1358 1746
1358 6545
1359 9130
1359 7771
1360 1432
1362 4535
1363 4873
1363 7641
1365 9747
1365 1450
1365 6956
1366 7612
1367 8617
1368 6797
1369 2101
1369 8473
1369 2958
1369 4175
1370 3515
1371 4859
1371 8336
1372 9639
1373 1843
1373 4926
1374 6113
1376 4318
1376 7406
1376 9739
1377 6732
1379 3347
1380 8066
1381 5318
1382 3875
1383 4547
1384 8471
1385 9683
1386 3060
1386 8252
1387 4423
1388 9661
1388 2806
1388 4969
1390 5498
1391 9165
1391 5750
1392 8780
1393 5291
1394 6450
1395 8317
1395 4641
1396 2077
1396 2453
1397 8853
1397 2747
1399 1965
1400 3342
1401 9972
1401 8769
1402 6575
1404 4102
1404 7263
1404 3124
1405 3299
1405 6358
1405 3820
1406 9003
1406 7811
1406 2610
1406 8803
1407 2460
1407 9006
1408 6681
1408 8272
1408 3590
1409 4031
1410 3320
1411 7938
1412 5211
1412 3031
1413 4854
1413 4714
1414 2343
1415 2661
1415 5776
1416 6238
1416 1599
1417 4464
1417 7432
1418 2082
1418 4950
1419 4380
1420 6043
1421 7746
1421 4644
1422 3335
1423 9915
1423 2889
1424 9152
1424 3989
1425 7827
1426 3912
1427 3655
1427 4848
1428 3180
1429 3535
1429 6195
1430 9392
1431 4747
1432 3147
1432 5127
1432 2963
1433 5907
1433 3882
1433 5343
1434 6923
1434 2578
1434 9676
1434 9991
1435 7051
1435 4428
1436 8686
1436 4347
1437 3718
1439 7213
1440 5650
1440 7153
1440 2729
1441 8335
1441 3961
1442 2833
1443 1941
1443 5503
1444 9527
1445 9494
1445 2782
1446 3926
1446 2527
1447 2402
1447 6251
1447 9080
1448 8205
1448 5708
1449 4676
1449 9522
1449 9885
1449 7840
1450 2239
1450 9861
1451 2102
1451 4399
1451 4845
1452 8922
1452 5037
1453 8365
1454 7022
1454 1952
1454 6924
1455 9061
1456 3707
1456 4571
1457 5391
1457 9392
1458 3840
1458 5359
1458 7415
1459 7810
1459 2643
1460 6613
1461 3415
1461 5233
1462 6220
1462 5025
1463 5792
1463 7851
1463 6433
1464 1665
1464 5360
1465 3801
1465 2461
1466 9013
1467 8352
1467 2262
1468 5631
1468 2781
1469 7102
1469 8228
1470 8235
1470 6239
1470 8741
1471 1554
1471 9638
1472 9516
1473 6779
1474 5275
1475 4170
1475 3643
1476 7291
1477 7200
1477 5240
1478 2739
1478 4070
1478 7600
1479 2772
1480 1983
1480 3437
1480 8055
1480 4259
1480 9472
1481 6299
1481 3515
1481 1575
1482 8725
1482 3364
1483 4372
1483 4415
1483 4170
1484 6703
1484 8970
1484 5972
1485 8700
1485 3249
1485 3441
1486 2083
1486 6152
1486 6830
1486 7627
1487 2564
1489 7549
1489 8326
1490 1674
1490 2643
1491 4945
1492 4737
1493 8336
1494 1496
1494 7489
1495 9317
1497 8089
1497 5195
1497 9558
1498 4580
1499 8615
1500 7554
1500 6139
1501 8528
1502 2438
1502 5774
1503 9905
1504 4234
1504 4963
1505 7798
1506 5938
1507 9366
1507 7383
1508 3217
1509 8561
1509 8643
1510 1971
1510 5665
1510 5961
1511 9411
1512 7634
1513 9498
1513 6286
1514 2065
1514 3253
1515 7363
1515 8559
1516 8288
1516 3862
1517 3623
1517 4355
1517 1728
1518 2365
1519 1902
1519 6712
1519 6717
1519 1794
1520 9193
1520 4319
1521 4023
1521 8400
1522 9390
1522 8516
1523 7956
1524 5589
1524 3620
1524 5408
1525 3179
1525 6373
1525 3389
1526 7524
1527 2012
1528 7537
1528 2932
1528 1718
1528 1836
1529 4437
1529 7928
1529 5578
1530 9167
1530 8072
1531 9617
1532 7289
1532 7149
1533 5143
1534 5523
1535 6805
1536 3346
1538 4365
1538 4934
1539 3431
1540 9086
1541 2166
1542 7798
1542 4416
1542 6896
1542 5607
1543 7342
1543 3763
1544 2122
1544 9546
1544 8033
1545 2440
1545 6805
1545 6577
1546 8818
1546 4084
1548 8665
1548 4199
1549 8283
1549 3972
1550 7394
1550 8737
1550 9070
1551 6978
1551 5564
1552 6721
1555 2748
1556 9138
1557 4650
1557 4293
1557 8263
1558 6067
1559 4634
1559 2616
1561 3514
1561 4830
1562 8435
1563 6316
1564 6228
1564 2115
1565 4714
1566 6876
1567 2526
1568 1696
1569 7758
1569 1673
1569 6843
1570 7282
1570 3532
1570 8966
1571 7361
1572 2136
1573 3565
1573 8766
1573 7805
1574 2801
1574 7685
1574 8921
1575 6456
1576 4558
1577 7355
1577 7803
1578 2076
1579 2035
1580 8942
1581 3807
1581 5405
1581 6515
1582 2059
1582 6525
1582 7141
1583 8777
1583 1671
1584 7759
1584 9883
1585 6527
1585 4725
1586 9404
1587 4453
1587 3327
1587 4156
1588 2457
1589 3317
1589 2131
1590 8393
1591 3853
1592 5050
1593 2024
1593 5771
1593 5683
1593 2450
1593 3406
1593 6240
1594 9208
1595 8376
1595 8748
1595 4477
1596 1666
1597 6937
1598 6171
1599 4035
1600 5021
1601 1737
1601 8912
1601 7981
1603 4989
1603 8507
1604 4772
1605 4092
1605 7385
1606 1712
1606 2783
1607 2287
1607 3908
1608 8129
1609 1910
1609 9627
1610 9838
1611 9680
1612 8091
1612 9483
1613 5350
1614 3496
1614 8028
1615 7227
1616 2108
1616 8683
1616 3792
1617 6064
1618 2641
1618 8991
1618 7570
1619 7321
1620 3106
1620 6689
1620 2512
1621 2817
1621 9219
1622 4640
1622 4799
1623 1660
1623 7551
1623 5298
1624 5761
1625 4380
1626 5681
1626 9460
1627 8397
1627 6321
1628 1855
1628 2813
1629 4008
1630 8525
1630 9266
1631 4853
1631 5800
1633 8745
1634 7117
1634 9146
1635 5091
1635 7324
1636 6244
1637 6466
1638 9507
1639 9153
1640 6519
1640 6928
1640 5145
1641 5909
1641 4539
1642 6349
1642 5931
1643 3749
1644 7324
1645 6042
1645 8227
1646 7393
1647 7209
1647 8489
1648 2301
1648 9550
1648 5875
1649 5745
1650 9344
1651 2734
1651 5895
1651 3248
1652 5674
1653 8152
1654 4226
1654 6958
1655 8275
1656 6631
1656 9109
1657 2486
1658 8148
1659 4160
1660 2906
1661 7128
1662 2227
1663 3994
1663 7053
1664 3620
1666 7565
1666 9555
1666 8254
1667 2790
1668 4783
1668 7788
1669 2054
1669 5059
1670 5140
1671 9297
1671 8289
1672 3260
1673 2128
1674 4641
1674 6321
1675 3187
1675 7772
1675 4329
1675 2839
1676 3228
1677 6905
1678 4461
1678 9267
1679 2617
1679 9611
1680 5126
1680 5710
1681 4914
1682 5846
1683 3844
1683 3968
1684 2132
1685 9919
1686 9139
1686 3587
1687 8392
1688 3457
1688 9120
1688 5395
1689 8432
1689 3667
1689 2557
1690 1823
1691 9064
1692 6926
1693 3651
1694 5201
1695 9987
1696 8479
1696 9331
1696 8034
1697 2999
1698 6502
1699 1717
1699 6339
1700 3192
1700 6826
1701 3199
1701 1928
1702 9512
1703 9671
1703 3224
1704 3647
1704 5590
1704 5286
1705 2630
1705 2965
1706 2597
1707 9510
1707 6725
1709 8763
1710 9936
1711 6123
1712 5329
1713 4314
1713 9721
1713 3459
1714 1804
1715 4291
1716 3669
1717 2720
1718 9221
1719 2006
1719 3962
1720 8742
1721 3888
1722 2938
1722 5579
1723 2532
1724 7216
1725 2142
1725 3665
1726 3822
1726 2504
1727 5223
1727 3555
1728 6705
1729 7800
1730 2011
1730 8642
1731 4250
1731 7130
1732 3502
1732 6237
1733 6356
1733 1833
1734 3227
1735 4435
1736 9918
1737 2685
1738 7280
1738 9524
1739 4663
1739 3480
1740 6020
1740 2416
1740 3279
1741 5332
1742 5669
1743 4103
1743 8400
1745 2616
1745 9930
1746 4788
1747 6011
1748 8469
1749 5006
1749 8820
1750 7086
1751 4328
1751 3821
1751 2032
1752 6940
1753 3338
1753 7634
1754 5453
1754 7499
1755 3831
1755 5377
1755 8250
1756 6402
1756 6580
1756 8589
1758 4779
1758 7900
1759 2017
1759 3433
1759 8658
1759 8802
1759 6560
1760 7090
1760 7529
1760 6130
1761 4176
1761 6389
1762 8847
1763 6245
1764 7742
1765 3422
1765 2019
1766 6001
1766 3063
1766 7143
1767 5807
1768 5434
1769 5365
1770 5197
1771 6087
1772 8084
1773 3953
1773 9592
1774 3598
1774 8268
1774 8103
1774 9748
1775 9246
1776 8616
1776 6264
1776 3485
1777 2636
1777 2633
1777 3582
1777 9294
1778 2123
1779 2274
1780 6884
1780 9012
1781 2992
1781 8733
1782 7294
1782 8090
1782 8540
1783 2878
1784 7297
1785 5658
1785 4729
1786 5395
1787 3348
1787 3047
1788 6997
1789 6449
1790 6107
1791 8395
1791 9111
1791 8768
1792 6097
1792 7124
1792 6394
1793 6589
1794 3859
1794 5053
1795 4737
1795 8665
1796 1827
1796 8496
1797 8722
1797 4601
1799 5239
1800 8222
1800 5387
1800 3075
1801 5060
1801 4264
1802 4577
1802 2248
1802 9097
1802 6647
1803 4645
1803 2144
1804 5819
1804 2107
1805 3820
1806 3011
1806 4444
1806 4452
1806 3601
1807 8421
1807 5344
1807 3330
1808 7985
1808 5634
1809 9888
1810 8863
1812 4041
1813 4306
1814 2044
1814 4749
1814 9442
1814 7158
1814 8513
1814 5565
1815 3015
1816 7696
1816 8018
1818 5688
1818 2826
1819 9665
1820 9824
1820 8087
1820 6016
1820 2585
1821 8663
1821 7352
1822 8903
1823 7008
1823 8245
1823 8308
1824 1849
1824 6535
1824 8905
1824 5107
1825 2605
1825 2970
1825 5385
1826 4590
1826 8346
1826 6999
1828 9475
1829 2286
1829 5682
1829 2298
1830 5062
1830 3217
1831 4390
1831 9183
1832 6261
1832 8041
1833 9229
1833 7013
1833 6333
1834 6463
1834 9817
1834 2569
1835 7561
1836 5237
1839 6222
1840 4778
1841 3312
1841 4785
1842 3557
1842 3170
1842 2716
1842 9210
1842 2547
1843 5271
1843 9338
1844 9360
1845 6701
1845 4966
1845 8144
1846 9823
1847 7588
1847 2101
1848 7962
1849 3981
1850 4552
1850 5058
1850 2628
1851 7764
1852 7334
1853 5796
1854 2671
1854 8999
1855 7848
1855 9719
1856 8652
1856 3908
1856 5380
1857 6488
1858 7697
1858 1879
1859 4949
1859 9966
1859 2139
1860 9659
1860 9837
1860 5701
1861 3168
1862 7995
1862 8410
1862 5070
1862 9086
1863 3838
1864 7785
1865 1899
1865 3538
1866 9049
1866 9065
1866 3072
1867 3931
1867 2255
1868 2118
1868 2408
1869 8584
1869 7779
1870 2537
1870 3778
1870 5430
1871 2625
1872 2016
1873 9445
1873 2389
1874 9822
1876 8068
1876 6054
1877 5030
1877 7017
1878 7913
1878 5893
1878 5677
1879 3852
1880 6989
1880 5754
1881 7527
1882 9381
1882 5467
1883 4735
1884 2298
1884 8720
1885 9444
1886 7802
1887 4442
1888 3165
1888 2097
1888 8965
1889 6438
1889 5452
1890 3217
1890 7990
1891 9616
1891 5208
1893 8602
1893 2956
1894 4356
1894 7677
1894 8513
1895 5404
1896 7250
1896 7145
1897 8789
1898 2384
1899 6760
1900 4431
1900 5506
1901 2372
1902 5577
1903 3023
1903 6934
1904 6597
1904 6652
1904 8157
1904 7394
1905 4595
1905 3925
1905 3159
1906 5052
1906 8843
1906 6044
1907 8672
1907 6327
1908 8250
1909 4350
1909 3142
1911 7466
1911 6834
1912 8974
1912 4921
1913 7478
1913 9310
1913 7715
1914 3006
1915 3271
1916 5250
1916 3963
1917 4729
1917 7339
1918 2234
1918 7032
1919 3244
1919 7776
1919 2655
1920 7136
1920 2391
1921 4452
1922 4244
1922 4889
1923 3594
1924 2228
1924 5860
1924 4212
1925 5143
1925 8025
1926 2700
1926 8118
1927 8157
1928 4207
1930 5411
1930 9388
1931 2918
1931 6160
1931 4604
1931 6482
1931 7489
1933 7318
1933 8170
1934 9921
1934 5931
1935 2292
1935 5952
1935 4029
1936 6446
1936 9675
1937 3232
1937 9414
1938 6542
1939 7183
1939 6140
1940 5770
1940 5448
1942 2018
1943 4199
1944 9216
1945 7812
1946 6022
1946 6375
1947 6291
1947 5860
1948 7329
1948 3339
1949 1965
1949 3812
1950 2310
1950 2910
1951 5878
1952 8688
1952 7430
1953 3716
1953 3539
1954 5290
1954 7233
1955 3164
1955 6340
1955 4929
1956 4558
1957 7352
1958 7903
1958 4957
1958 4326
1959 6050
1959 9778
1959 6669
1960 3003
1961 9349
1962 4203
1962 4912
1962 5640
1962 9878
1963 4842
1964 4945
1966 2328
1967 5015
1968 3633
1969 8902
1972 3138
1972 6549
1972 6012
1973 7046
1973 3284
1974 2865
1975 4287
1975 7611
1976 4492
1976 5007
1977 6146
1978 7731
1979 9785
1979 4932
1980 5192
1981 2954
1981 5164
1982 5664
1982 7001
1982 6179
1982 8918
1984 5083
1984 7349
1985 5970
1985 9198
1985 8293
1986 9855
1986 5740
1986 9213
1987 6270
1988 5266
1988 7814
1989 2445
1990 5662
1990 5728
1990 6125
1990 5721
1990 5221
1990 4855
1991 5519
1992 7026
1993 3626
1993 5347
1994 4992
1994 8510
1995 2593
1995 2405
1995 6880
1997 6625
1998 6053
1999 7397
2000 6780
2000 7060
2000 8028
2001 8535
2001 9024
2002 6112
2003 9500
2004 7587
2005 4902
2006 4674
2007 2979
2008 8463
2009 2143
2009 8874
2009 6663
2010 9760
2010 8398
2011 3752
2012 4999
2012 8550
2014 4645
2016 5604
2018 6783
2019 8594
2020 4955
2021 9304
2022 9490
2022 9962
2023 2421
2023 3216
2025 6738
2025 6879
2026 4709
2026 3727
2027 7922
2028 4574
2028 3405
2029 2306
2030 4934
2031 2867
2032 2126
2033 7567
2034 3885
2036 3231
2036 9065
2037 8289
2037 4173
2038 5138
2038 9689
2038 6972
2038 9561
2040 8864
2041 4217
2041 6225
2041 9784
2041 2853
2042 6588
2042 2637
2043 6093
2044 6416
2045 6348
2045 4082
2046 9018
2046 5899
2046 3504
2046 5562
2047 2184
2048 2623
2048 3598
2049 4542
2050 3464
2051 4477
2053 6229
2053 3868
2054 5238
2055 3473
2055 8192
2055 6392
2056 5291
2056 7205
2056 8276
2056 2397
2057 9472
2058 6081
2060 8614
2060 4953
2061 6742
2062 7691
2063 7320
2063 7956
2064 3881
2066 3349
2067 6654
2068 3709
2068 9804
2069 6121
2070 4133
2070 7044
2070 7496
2071 8149
2073 3676
2073 2796
2074 4386
2075 6342
2075 7606
2075 4282
2078 2664
2079 6979
2080 9814
2081 7901
2082 3225
2083 7555
2084 9877
2084 2416
2085 8755
2086 6831
2087 7982
2087 8112
2088 2785
2088 4462
2090 5627
2091 2335
2092 3190
2092 5934
2092 8575
2092 4274
2093 9123
2094 4914
2094 8901
2095 7728
2096 6146
2098 6265
2099 3645
2099 7867
2099 9729
2100 7854
2103 5708
2104 9889
2104 6340
2105 7316
2106 2554
2107 3969
2107 2433
2109 5049
2109 6532
2111 7463
2112 7024
2112 4432
2112 9592
2113 5542
2113 4011
2114 3427
2114 4383
2114 7512
2115 9787
2116 2890
2117 7417
2117 9450
2117 8832
2119 3991
2120 5110
2121 2301
2122 5219
2123 4695
2124 4822
2125 4500
2125 7333
2126 9823
2127 7190
2127 5285
2128 6798
2129 6867
2129 7391
2130 5733
2131 3278
2131 5168
2132 3927
2133 4260
2134 4345
2134 4631
2134 8836
2134 9810
2134 5442
2134 8022
2135 6064
2135 2201
2136 4472
2136 8768
2136 9804
2137 3559
2137 4002
2137 7485
2138 8044
2138 7402
2139 4660
2139 8057
2140 4122
2140 5779
2140 9483
2140 4037
2140 4207
2140 5903
2141 6256
2141 3933
2142 3589
2142 9799
2143 5687
2143 6754
2144 6101
2144 3973
2144 7300
2145 2354
2145 4096
2146 5609
2147 3027
2148 9403
2149 3943
2150 3268
2151 4448
2152 5512
2152 9267
2154 5633
2155 3363
2155 7093
2155 8339
2156 8939
2157 8750
2157 9130
2158 7577
2159 8574
2162 2655
2163 5517
2163 8897
2163 4403
2164 6854
2164 7165
2164 8180
2165 7605
2166 3506
2167 3857
2168 5495
2168 8092
2168 7528
2169 8585
2170 3129
2171 5494
2171 4628
2171 8670
2171 9343
2172 9554
2172 2730
2173 8306
2173 2707
2173 5895
2174 7684
2175 3197
2175 5041
2176 9234
2176 7466
2177 5724
2178 6372
2178 9589
2179 5389
2180 5301
2181 6378
2181 5580
2181 9508
2181 8144
2183 8997
2183 8022
2184 6836
2185 3275
2185 6436
2185 7928
2186 7954
2187 8171
2187 6955
2187 9811
2188 3964
2188 3221
2189 7163
2190 5473
2190 2880
2191 4186
2191 9776
2192 7296
2193 5093
2193 8261
2194 8504
2194 5415
2195 6479
2195 8380
2196 6989
2197 6660
2198 4088
2199 2705
2202 8220
2202 6770
2202 7067
2202 5776
2203 6725
2204 7178
2205 5161
2206 6001
2207 4746
2208 5523
2209 8336
2210 6429
2211 4144
2212 8555
2213 4166
2214 5110
2215 5005
2216 8344
2217 4907
2218 7698
2218 9308
2219 2650
2219 4324
2219 5974
2219 4957
2220 3126
2221 2501
2221 9322
2222 6145
2222 2319
2223 3289
2224 7206
2224 7678
2224 3404
2225 6259
2226 8291
2227 3507
2229 4652
2229 5818
2229 6622
2230 4161
2231 9153
2231 4263
2232 8300
2232 8830
2233 3500
2233 6947
2234 5188
2235 3861
2236 3156
2236 7501
2237 6005
2238 8707
2238 5810
2240 4798
2241 8759
2241 4587
2242 4588
2242 7524
2242 4086
2243 3779
2244 7530
2244 9629
2244 8411
2246 4947
2246 7577
2247 2380
2248 6651
2248 8233
2249 4716
2250 6191
2250 4013
2251 6148
2251 6282
2252 9526
2252 5634
2252 8218
2253 9282
2253 9615
2253 7173
2254 2481
2255 5817
2256 5286
2257 6765
2257 6470
2257 5567
2258 5426
2259 3839
2260 5885
2261 9117
2261 4872
2262 8419
2263 7346
2264 7947
2265 4314
2266 9514
2266 2958
2267 3658
2268 7011
2268 3902
2269 5964
2270 4806
2270 3434
2270 9351
2271 4000
2272 8201
2273 4879
2273 4071
2273 4937
2273 7614
2274 5746
2275 3009
2276 8331
2277 4125
2278 6577
2279 4457
2279 5285
2280 7310
2281 4410
2281 3720
2282 9895
2282 6231
2283 4375
2283 9696
2284 6556
2284 8953
2284 8730
2284 2600
2285 9115
2288 6523
2288 7659
2289 5345
2289 9898
2290 4495
2290 7944
2291 8203
2291 8169
2293 7593
2294 9755
2294 4705
2295 4728
2295 9801
2295 7701
2296 5941
2296 7349
2296 9347
2297 4066
2297 9003
2299 9434
2299 5991
2299 4341
2300 5172
2300 2700
2301 9211
2301 7290
2302 7015
2302 7507
2302 7904
2303 3617
2304 4451
2305 2475
2305 6427
2306 5893
2308 5028
2309 6766
2309 8319
2309 7889
2311 8649
2311 6933
2312 5169
2312 3961
2312 7930
2313 9725
2314 8609
2314 5227
2315 8857
2316 2845
2317 9591
2318 6614
2318 9541
2319 5663
2319 3149
2320 9543
2321 6803
2321 9253
2321 8554
2322 3362
2322 7435
2323 6857
2324 3988
2324 5955
2324 9496
2325 8364
2326 4817
2326 6673
2327 9979
2328 4880
2328 3028
2329 8543
2330 5205
2330 4682
2331 4506
2331 5311
2332 2583
2332 3420
2333 9803
2334 4413
2334 8834
2334 9444
2336 4629
2336 4384
2337 8728
2338 6081
2338 6551
2338 2483
2339 3080
2340 4022
2340 7096
2341 9323
2342 7500
2343 9287
2344 6499
2345 2955
2346 8426
2346 2995
2347 5743
2348 8040
2349 4827
2350 8039
2350 6165
2350 8957
2351 3583
2351 7594
2351 5797
2352 6525
2353 7107
2353 8701
2355 6553
2355 5412
2356 3901
2356 6494
2357 7602
2358 8949
2359 6290
2360 5702
2361 3116
2361 8038
2361 5116
2362 3381
2362 7628
2363 4484
2364 8356
2365 2470
2365 7999
2365 6858
2366 6548
2367 7515
2367 8988
2368 3215
2369 5754
2370 9346
2370 7936
2371 4503
2371 7927
2371 8987
2371 5904
2372 5318
2372 8567
2373 3677
2374 8085
2375 8474
2376 9282
2377 6802
2378 5280
2379 3775
2379 4690
2381 6443
2382 7992
2383 7786
2383 5980
2385 2488
2385 4892
2385 9203
2386 9291
2387 8553
2388 5181
2389 7972
2389 8483
2390 3713
2391 3900
2391 2799
2391 4286
2392 4273
2392 7274
2392 5709
2394 7628
2394 7459
2394 4874
2395 3671
2396 5202
2397 3738
2397 4471
2397 5162
2397 7557
2398 5903
2398 2588
2400 9300
2401 4558
2403 8851
2403 3006
2404 4515
2405 9553
2406 3928
2406 5837
2406 3772
2406 9038
2407 4901
2408 4977
2409 4565
2410 9472
2411 5678
2411 8909
2412 6808
2412 9827
2413 4767
2413 8911
2413 6958
2413 9342
2414 6881
2414 8044
2415 2587
2415 3575
2415 9933
2416 8196
2416 6491
2417 9601
2417 6515
2417 8576
2418 4707
2419 5055
2422 7477
2423 3334
2424 5081
2425 9954
2426 2772
2427 5243
2427 4549
2427 7331
2427 3712
2428 8881
2429 8897
2430 7040
2431 5946
2432 7567
2433 8957
2434 4559
2435 4611
2436 7850
2436 2585
2437 9105
2439 7311
2439 4922
2441 6284
2442 6806
2443 2765
2443 5972
2444 6223
2445 9978
2446 3701
2447 4947
2448 9358
2448 5408
2448 3068
2449 7931
2450 6999
2451 4884
2451 6944
2453 4253
2454 5002
2455 8860
2455 3972
2456 8325
2457 9297
2458 2830
2459 2909
2460 4872
2461 3851
2461 9981
2463 4655
2464 7960
2464 9187
2464 4051
2465 3070
2466 9685
2467 4566
2468 8281
2468 9991
2469 9307
2471 9856
2472 5875
2472 9833
2473 9529
2474 3454
2474 7288
2476 9811
2477 9883
2478 7352
2479 6913
2480 9694
2480 9284
2481 2612
2482 7155
2482 6912
2483 5748
2483 4721
2484 4747
2484 4945
2485 9856
2486 6687
2486 7398
2487 6949
2488 5154
2489 7111
2489 9431
2490 9301
2491 5038
2491 8642
2492 3858
2492 7461
2492 2745
2493 2916
2493 4627
2493 5010
2493 6756
2493 7014
2494 6008
2494 4538
2495 7225
2496 4330
2496 3463
2497 2892
2497 5268
2497 5094
2498 8357
2498 9355
2499 2698
2500 9643
2500 9437
2500 6128
2502 5726
2502 6747
2502 2619
2503 4456
2504 9259
2504 9325
2504 3599
2506 2984
2507 6408
2507 7105
2508 5071
2508 7341
2508 6358
2509 4304
2509 7377
2510 5080
2510 8057
2511 4480
2512 2622
2514 3029
2515 7018
2515 4079
2515 6100
2516 4605
2516 9790
2516 9637
2517 7272
2519 7048
2520 4094
2521 5751
2522 9724
2523 6244
2524 4499
2524 7682
2524 8119
2524 5748
2525 6885
2525 5785
2526 4183
2527 5785
2527 3972
2528 4473
2528 7488
2529 6072
2530 7060
2531 8630
2531 5184
2532 3975
2532 2545
2532 3170
2533 8656
2534 2552
2536 6263
2536 8646
2538 7535
2538 9848
2538 7434
2540 7558
2540 5572
2541 2887
2541 9446
2542 8069
2542 5541
2543 3021
2543 3071
2544 5675
2545 6037
2546 7669
2549 5302
2549 5264
2549 9592
2550 9770
2550 6112
2551 6727
2552 9800
2553 5407
2553 8204
2554 7514
2555 2837
2556 6925
2556 2833
2557 6343
2558 8650
2558 2738
2559 9154
2560 8091
2561 2923
2561 4844
2562 7753
2562 2895
2562 2843
2563 2846
2565 3233
2565 8780
2565 7942
2566 3345
2567 3681
2567 4933
2567 8297
2567 3575
2568 9964
2568 7283
2570 7238
2571 5475
2571 3132
2572 5551
2573 9831
2574 6843
2574 2668
2575 6588
2576 4592
2576 3945
2577 4332
2578 8155
2579 6954
2579 4113
2581 6133
2581 3758
2582 5176
2584 5496
2585 7674
2585 6126
2586 9918
2587 5632
2588 2940
2589 6512
2590 6254
2591 6869
2591 7815
2591 6972
2592 7657
2593 3967
2594 4212
2595 3423
2595 4172
2596 9199
2597 3324
2598 5741
2598 3987
2598 6078
2599 7789
2599 8617
2600 4197
2600 3273
2601 3401
2602 9625
2603 7550
2604 7102
2606 3173
2606 3853
2607 9681
2607 9477
2608 2695
2609 7277
2610 9166
2610 3590
2611 4405
2612 5576
2612 5873
2612 5000
2613 9383
2613 3517
2615 6382
2615 8173
2617 3949
2617 6537
2618 3000
2618 3549
2618 4940
2619 2691
2620 5877
2621 7694
2622 4665
2622 7344
2622 8256
2624 6325
2625 4529
2625 8465
2625 3249
2626 9484
2626 5856
2627 4026
2627 9033
2628 8963
2628 9562
2628 8545
2629 6001
2630 7597
2631 3115
2631 2993
2632 7401
2633 9088
2634 4218
2634 5031
2635 6276
2637 4274
2638 5023
2638 8179
2638 6896
2639 4879
2640 7755
2641 2676
2642 5394
2643 8586
2643 9545
2644 6017
2645 8659
2645 3862
2647 8172
2647 8376
2648 3181
2648 8947
2648 4938
2649 6594
2649 6630
2651 3490
2652 7048
2652 5187
2653 7711
2653 7721
2653 5131
2654 5439
2655 3218
2656 6495
2656 6653
2657 8436
2657 4606
2658 9304
2658 7068
2659 9029
2659 6494
2660 6422
2661 6095
2662 5209
2662 3280
2663 7089
2664 5073
2664 8993
2665 6775
2665 9565
2666 6496
2666 9113
2667 7423
2668 4993
2668 8027
2668 5293
2669 5380
2669 9558
2672 6620
2673 4784
2674 3815
2674 7793
2675 9495
2675 4491
2676 4630
2677 5733
2677 5354
2677 9281
2678 9448
2678 2956
2678 8259
2679 7821
2680 4537
2680 7319
2680 7959
2680 6481
2681 7060
2682 5376
2682 7027
2683 3242
2684 3163
2686 7838
2686 9048
2687 7741
2687 5670
2687 5357
2688 4204
2688 3781
2689 9318
2690 9150
2690 7731
2690 3192
2692 4580
2692 3601
2693 5559
2694 6334
2695 4757
2695 8817
2696 3134
2697 7969
2697 8272
2698 9493
2699 2766
2699 6857
2699 8334
2699 8740
2701 6264
2702 7193
2702 4206
2703 5647
2704 6129
2704 5437
2704 4383
2705 9907
2705 9402
2705 3241
2706 9482
2706 7135
2707 6265
2707 7305
2707 8106
2708 4030
2708 4498
2708 6840
2709 6895
2709 8107
2709 7694
2710 9627
2710 8971
2711 3813
2711 3996
2711 5670
2712 4275
2712 8971
2713 3664
2713 4172
2713 6881
2714 7090
2715 3169
2716 9849
2717 3227
2717 8416
2718 8878
2719 3935
2721 5692
2721 8598
2722 8559
2722 4230
2722 7721
2723 3072
2724 8237
2725 4899
2726 5847
2726 3228
2727 9104
2728 5916
2728 9418
2729 4671
2729 9711
2730 6940
2730 4400
2730 9473
2731 6926
2731 8160
2732 4703
2733 9603
2733 7271
2735 6838
2735 6833
2736 5328
2736 2753
2738 8049
2740 5763
2740 6206
2740 4643
2741 8978
2741 3366
2742 9639
2742 9448
2743 3527
2743 7781
2744 9357
2745 7308
2746 9066
2746 9407
2747 6357
2747 3711
2748 8721
2748 5408
2749 4661
2749 7487
2750 8927
2752 3804
2752 4378
2753 4154
2754 9419
2755 7008
2756 6627
2756 4035
2757 9431
2757 8191
2758 6319
2758 7030
2758 7701
2759 6946
2759 8015
2760 4353
2760 7726
2761 7368
2762 7458
2762 9470
2763 3427
2767 8833
2768 4448
2768 7596
2769 4579
2770 4178
2770 9874
2771 3587
2772 8577
2773 9494
2774 5109
2775 9089
2775 9335
2776 5434
2777 8554
2778 5254
2778 8963
2779 4639
2779 5569
2780 6041
2780 7760
2780 7485
2781 4895
2781 7053
2781 9626
2781 5850
2782 8270
2783 9042
2784 4775
2784 8132
2785 9693
2787 3351
2787 7947
2787 9990
2787 5764
2789 5914
2789 9769
2790 6742
2791 8399
2792 9975
2794 4608
2794 3692
2794 6224
2796 9877
2797 8202
2797 2828
2798 3723
2798 4201
2799 4958
2800 3040
2802 7950
2802 3865
2802 7485
2803 4336
2803 7472
2804 3576
2805 8708
2806 9769
2807 8909
2808 4828
2808 4027
2809 5516
2809 4195
2810 4754
2811 3638
2811 4749
2812 3300
2813 8074
2814 4801
2814 3425
2814 8660
2815 9871
2816 9867
2818 9776
2818 7200
2819 9754
2821 8470
2822 9512
2823 6710
2824 3208
2824 3443
2824 4710
2825 7740
2825 9762
2825 6078
2827 3656
2827 7318
2828 4919
2829 9753
2829 4432
2831 3761
2831 8986
2831 4733
2832 8480
2832 9943
2833 4639
2834 7091
2834 9082
2834 7926
2835 7167
2836 3313
2836 8153
2837 7026
2837 8443
2838 5401
2839 9798
2840 6972
2841 7867
2842 8190
2843 3216
2844 4354
2844 4458
2846 4011
2848 4464
2849 4242
2849 9871
2850 7143
2850 9247
2851 5414
2852 9127
2853 4519
2853 7603
2854 5140
2854 6907
2854 9404
2854 7021
2854 6008
2855 5033
2856 8954
2857 5097
2858 5638
2858 3102
2859 4098
2860 5438
2861 6509
2861 3354
2862 6715
2863 8977
2864 4252
2864 2972
2865 7710
2866 6973
2867 8732
2868 8190
2869 8691
2870 6804
2873 6271
2874 7908
2875 6065
2876 2904
2876 6516
2877 6618
2877 8113
2877 5956
2877 8714
2878 7116
2878 8129
2879 5009
2879 8681
2879 7832
2879 5940
2881 5693
2882 7701
2883 4509
2883 9874
2883 5317
2884 6775
2885 6772
2885 8518
2886 6375
2888 9314
2889 9898
2889 4245
2890 3619
2890 4823
2891 9284
2893 9265
2893 5074
2895 3158
2895 8200
2896 8195
2897 9958
2898 8355
2898 4296
2899 5425
2900 5030
2901 6619
2902 7353
2903 7633
2903 3951
2905 4189
2905 7064
2905 8846
2905 8867
2905 5737
2906 7844
2907 9365
2908 8503
2908 9944
2909 4607
2910 9826
2911 5209
2912 9531
2913 5067
2914 6040
2915 3370
2915 9875
2917 5878
2917 4370
2918 5222
2919 9719
2920 9011
2920 6178
2921 5020
2922 3124
2922 5558
2922 8613
2922 6432
2924 5699
2924 6646
2925 4824
2926 8592
2926 5926
2927 6437
2928 9685
2928 5170
2929 9060
2929 8265
2930 4821
2930 3445
2931 7392
2932 7611
2933 6066
2935 8216
2935 2983
2936 5942
2936 3758
2937 5715
2939 4996
2939 8143
2940 5768
2940 5543
2941 2947
2941 5724
2942 9098
2943 5669
2944 6048
2945 7756
2946 4424
2948 8665
2949 9269
2950 9251
2950 4745
2952 7719
2952 8678
2953 6644
2953 3730
2954 8667
2955 5644
2956 5732
2957 4163
2957 3414
2958 3524
2959 6602
2960 7042
2960 3833
2961 8446
2962 9066
2963 7666
2964 7620
2964 8043
2964 7831
2965 7561
2965 9729
2967 3243
2968 9828
2968 3168
2969 8766
2970 3359
2970 3651
2971 4451
2972 7907
2973 5117
2974 5260
2975 6235
2975 6404
2975 9432
2976 5424
2978 7825
2979 8275
2981 3327
2982 5009
2983 8204
2984 9582
2985 5539
2985 9361
2985 3666
2986 6914
2987 3668
2987 3772
2988 7336
2989 9946
2990 5834
2990 7897
2990 5317
2991 5641
2991 9509
2994 5636
2994 3190
2995 3365
2995 9380
2996 5031
2997 7527
2998 6942
3001 3096
3001 9816
3002 8502
3002 8883
3003 7632
3003 7334
3004 9050
3005 4938
3005 6815
3006 5866
3007 3553
3008 4842
3008 8507
3009 9181
3010 9288
3012 5647
3012 9438
3013 8327
3013 8825
3013 4143
3015 3345
3015 4222
3016 6190
3016 3999
3016 8802
3017 6540
3018 9771
3018 7663
3019 7804
3020 6123
3022 8879
3022 6860
3023 8351
3024 8326
3025 8572
3026 7842
3027 8759
3028 8114
3029 3845
3029 7403
3030 5015
3031 9001
3031 4366
3032 7692
3032 7050
3033 3577
3034 5712
3035 4493
3036 6571
3036 9107
3037 9801
3038 4473
3039 6102
3039 5452
3040 8837
3041 3332
3042 7487
3043 8883
3044 3590
3045 6492
3045 9077
3045 6594
3046 6566
3047 7194
3048 9149
3049 9303
3049 7808
3050 8229
3051 9992
3051 3271
3052 4112
3052 8550
3052 8750
3053 8533
3053 6570
3054 8523
3055 3393
3056 4488
3057 3119
3058 8030
3058 9215
3058 3438
3059 5535
3060 4837
3061 5998
3061 8316
3061 6751
3062 8570
3063 6708
3063 3218
3064 8290
3065 7598
3065 6790
3066 4840
3067 9698
3068 9036
3069 8493
3069 4785
3070 8087
3071 3649
3071 3205
3071 9922
3071 7269
3073 5084
3074 3957
3074 4105
3075 8162
3076 8648
3078 5448
3079 6354
3080 4033
3080 3234
3080 5861
3081 8561
3082 9502
3083 7005
3084 9259
3085 9813
3086 3355
3086 4901
3086 7625
3087 9807
3088 5618
3089 7153
3090 4109
3090 9455
3091 6574
3091 7662
3092 5539
3093 6939
3094 3198
3094 6457
3094 4802
3095 9134
3095 5083
3098 7717
3098 8107
3099 7652
3099 5869
3100 9503
3101 8651
3102 9170
3103 8977
3104 8896
3104 9711
3104 6755
3107 4706
3107 6514
3108 7516
3108 6506
3108 5938
3109 8311
3109 4567
3110 3610
3110 8950
3111 8404
3111 9935
3112 9953
3114 7420
3114 9672
3114 3431
3115 7156
3117 6110
3118 4618
3118 9034
3118 4331
3119 4395
3119 9856
3119 7340
3119 3125
3120 7184
3120 8520
3120 4380
3121 6035
3121 8436
3122 9382
3122 3212
3123 3592
3123 4035
3123 7740
3125 3887
3125 9876
3126 4265
3126 7237
3126 8852
3126 5977
3127 3838
3127 8996
3127 3374
3128 4367
3128 4314
3129 5322
3130 5920
3130 3709
3131 3712
3132 4782
3133 8360
3134 4275
3136 8860
3137 9083
3137 7297
3139 6621
3139 5315
3141 7542
3141 3736
3142 8916
3143 9808
3143 9473
3144 8415
3144 9290
3145 8777
3146 6848
3146 6980
3148 5900
3148 8515
3149 8963
3150 4706
3151 9032
3151 4056
3152 7952
3153 4623
3153 9457
3154 3378
3155 7779
3155 8948
3155 7641
3159 4937
3160 7604
3160 7182
3161 4930
3161 5034
3162 7303
3163 4301
3166 3568
3166 6933
3166 8952
3166 7709
3167 6788
3167 8587
3168 9490
3169 5757
3169 7360
3170 4875
3171 3586
3172 8677
3174 4463
3174 5642
3175 5863
3176 9405
3176 7827
3177 3654
3178 8369
3178 7914
3180 7793
3180 9814
3180 6358
3181 4107
3182 4851
3182 5511
3182 8068
3183 6219
3185 5109
3185 5946
3186 8711
3187 5490
3188 5097
3189 3764
3189 4516
3191 5567
3191 9582
3193 9403
3195 7964
3196 7965
3197 4833
3200 8761
3201 5296
3203 6239
3204 4809
3204 4443
3205 3827
3205 5217
3206 8041
3207 8273
3207 5932
3207 4086
3209 3606
3211 9733
3212 8533
3213 5929
3213 8641
3213 8563
3214 3806
3215 8576
3215 8935
3217 7805
3219 8032
3220 6778
3220 9819
3221 8679
3222 5135
3223 8305
3223 4417
3223 9066
3225 8213
3226 6214
3226 7116
3227 6768
3227 6910
3227 7512
3228 8981
3228 3452
3228 3924
3229 6695
3229 7709
3230 5938
3230 9587
3231 4389
3233 5786
3234 5111
3234 9056
3234 9038
3235 4715
3236 5406
3238 7271
3239 7463
3240 3750
3240 4800
3240 7035
3241 4515
3241 5470
3243 5095
3245 3497
3245 3511
3246 6832
3247 7858
3247 4903
3248 6425
3249 6361
3249 8337
3249 3766
3250 9490
3251 4452
3252 7751
3252 9875
3254 7941
3255 4832
3255 7301
3256 7132
3257 9531
3258 9029
3259 6794
3260 6758
3262 8329
3262 8889
3263 7917
3263 5961
3264 7862
3265 7026
3266 4380
3266 9869
3267 8151
3269 9515
3270 9151
3271 8380
3271 9202
3272 6085
3272 7919
3273 8373
3275 7424
3277 6330
3277 3798
3277 7760
3279 4520
3279 3403
3279 5820
3280 3679
3280 4364
3280 9471
3281 7975
3281 5309
3282 3399
3282 6642
3282 8465
3283 8460
3284 3938
3284 8544
3284 4170
3285 8590
3285 4825
3286 6539
3287 7445
3288 6658
3289 9489
3291 6570
3292 7273
3292 9084
3293 4702
3293 5459
3294 9324
3294 9619
3294 5115
3295 8497
3295 9248
3296 3629
3297 3974
3298 4905
3300 4556
3300 8125
3301 4367
3302 5266
3303 9690
3303 7409
3304 5331
3305 8750
3307 3817
3307 8119
3308 4049
3309 3555
3310 9083
3311 8651
3311 4730
3313 6546
3315 6727
3315 8069
3316 7752
3316 4142
3318 6144
3319 7144
3319 7896
3320 8909
3321 5967
3321 8047
3321 8827
3322 4943
3323 3372
3323 9022
3325 8565
3326 5249
3326 9823
3327 7366
3327 4175
3328 4308
3329 3595
3329 7342
3330 3430
3331 6504
3331 6870
3332 9501
3334 3657
3335 9986
3335 9073
3337 8116
3339 4965
3340 8228
3340 7033
3341 7371
3342 4482
3343 8900
3344 8802
3345 8640
3346 7337
3346 5933
3347 5720
3347 9703
3347 7520
3349 8801
3349 9366
3350 8128
3352 6217
3352 7518
3353 7312
3354 6715
3354 4031
3357 5769
3357 3371
3358 6162
3360 3726
3360 9855
3364 7005
3366 6698
3366 4548
3367 8644
3368 6625
3369 3845
3370 4467
3370 8450
3371 7541
3371 6377
3375 9533
3375 3892
3376 6697
3376 5064
3376 7384
3377 4033
3378 5663
3379 6351
3380 7511
3380 4354
3382 5323
3383 7096
3384 9112
3385 6082
3386 4358
3387 9931
3388 4417
3389 7874
3390 6413
3391 4761
3392 8418
3394 6946
3395 8676
3395 9040
3396 7357
3397 7229
3398 7730
3400 3713
3400 5414
3400 9044
3400 8978
3401 8340
3402 4523
3403 5106
3404 8279
3405 7950
3406 5685
3406 3685
3407 4132
3408 6936
3408 4994
3408 8470
3409 4116
3409 5331
3410 7980
3411 6359
3411 6645
3412 6385
3414 6039
3414 5861
3416 9220
3416 6868
3417 5428
3418 7562
3418 4900
3419 9215
3420 7802
3420 7315
3421 9473
3421 7644
3422 4726
3424 8811
3425 7930
3425 6930
3426 5876
3426 8338
3426 3590
3429 5743
3430 7268
3431 9273
3431 9995
3432 9377
3434 6202
3434 7204
3434 9009
3435 7321
3436 9140
3436 6297
3438 9738
3439 6901
3439 5658
3440 7347
3440 9222
3440 8917
3441 8544
3442 5180
3444 5972
3444 9750
3445 4517
3446 4953
3446 9313
3447 3889
3447 9559
3447 3623
3448 6368
3448 7684
3449 7564
3449 4931
3449 8392
3450 4378
3450 5233
3451 9159
3452 8032
3453 6159
3455 9907
3456 6214
3458 5222
3459 8835
3460 5723
3460 6864
3461 8553
3461 8074
3461 3759
3462 6557
3463 3897
3463 6201
3464 3939
3465 6511
3465 9836
3466 8153
3467 7749
3467 9122
3468 7025
3468 3689
3469 5960
3469 8362
3470 7532
3470 8236
3471 5060
3472 8247
3472 5597
3474 4914
3475 8899
3477 8475
3478 8170
3479 5503
3479 7971
3479 5231
3480 4849
3481 9240
3483 4421
3484 5762
3484 4358
3484 8628
3485 6212
3486 3745
3487 4323
3488 4735
3488 4105
3490 7713
3490 3563
3491 9930
3492 8671
3493 9035
3494 7994
3495 5350
3498 5867
3498 8419
3498 7662
3499 6268
3499 6608
3499 9486
3500 6135
3500 8821
3501 4219
3501 5507
3503 5954
3503 9376
3504 6335
3506 4446
3506 5789
3507 4113
3508 9418
3508 6646
3509 5703
3509 6734
3510 7982
3512 7063
3513 5077
3513 5669
3515 8160
3516 6475
3516 7820
3517 7020
3517 4800
3518 6339
3519 7505
3521 4371
3521 4472
3522 3872
3522 6471
3523 8360
3523 5264
3525 8185
3525 6812
3526 9171
3526 5196
3526 3944
3528 8292
3529 7506
3530 5417
3531 7299
3532 7049
3532 7556
3534 9832
3536 6166
3537 6079
3537 5179
3538 6286
3539 9677
3541 4119
3541 9576
3541 5276
3542 6252
3543 6887
3545 6644
3547 6478
3548 7508
3548 9254
3549 7796
3551 7074
3552 5288
3552 6821
3552 9408
3552 7701
3553 4871
3555 5676
3556 6658
3557 4523
3558 5969
3558 4153
3558 9387
3560 8829
3561 8677
3562 5419
3563 7486
3564 4550
3564 8677
3566 6107
3566 7295
3566 9892
3567 4339
3567 8164
3568 4396
3570 3950
3570 8591
3572 9216
3573 6970
3574 7487
3575 3654
3577 6719
3578 7244
3578 3587
3578 9652
3578 8126
3579 9212
3579 5965
3580 8521
3580 9064
3581 8851
3582 7785
3584 9732
3585 6173
3585 7367
3586 4125
3586 9758
3588 7473
3591 9809
3593 7794
3593 9238
3593 8840
3594 5500
3595 4856
3596 8543
3596 5424
3597 6767
3599 6469
3600 8532
3601 6708
3602 9266
3603 3696
3603 3668
3604 3802
3605 4042
3605 4801
3606 6354
3607 4370
3608 3786
3609 9737
3609 9614
3609 8304
3610 7552
3611 7296
3612 5490
3613 4352
3614 3957
3615 6873
3616 4166
3617 9792
3618 9231
3618 9021
3620 8704
3621 3722
3621 3677
3622 4327
3623 3888
3624 4040
3624 9538
3625 4482
3625 8864
3627 7616
3627 8533
3628 7044
3629 9336
3630 9273
3631 4811
3631 7268
3632 8358
3633 3734
3634 6041
3635 7700
3636 9947
3636 4222
3637 8348
3638 6413
3639 4585
3640 3770
3641 9812
3641 5307
3642 5280
3643 4485
3644 9193
3646 6797
3646 4355
3648 6678
3648 6397
3650 3685
3652 4161
3656 9509
3656 9872
3657 6532
3657 5089
3658 8730
3659 7652
3660 4538
3660 9644
3661 8761
3662 8871
3663 6534
3665 4701
3665 7031
3665 4804
3666 7437
3667 8583
3667 9074
3669 8107
3670 3747
3671 8458
3672 9942
3672 5892
3673 4961
3674 9305
3674 4748
3675 6247
3675 6551
3676 4765
3676 4874
3677 6622
3677 5912
3677 8428
3678 7568
3680 9312
3680 7240
3682 4587
3682 9564
3684 9715
3685 6985
3685 4900
3686 7894
3686 6576
3687 4274
3688 9529
3689 3766
3690 9104
3690 7442
3691 8128
3691 8809
3692 5783
3693 5475
3694 6900
3695 4607
3695 9682
3695 9542
3697 5316
3697 9800
3697 9714
3698 7099
3698 5211
3699 5820
3699 8298
3700 5618
3700 7654
3701 4836
3703 7651
3703 8324
3704 6405
3705 8560
3706 4976
3706 8958
3706 7432
3707 5295
3708 9610
3709 8309
3710 4628
3711 7892
3711 8612
3711 3941
3712 7678
3714 7539
3714 4795
3714 8971
3716 9100
3716 6231
3717 7925
3719 6112
3720 7933
3721 7651
3722 5962
3723 7196
3724 9514
3725 6605
3725 8124
3727 6674
3727 9362
3728 5200
3728 6618
3729 6405
3730 4093
3730 8064
3731 4240
3731 6692
3732 9444
3732 4358
3733 9663
3733 9639
3734 9397
3734 9410
3735 6245
3736 9376
3736 3860
3736 4070
3739 8021
3739 9254
3740 7758
3741 3966
3742 6422
3742 4383
3743 4381
3743 4855
3744 4837
3745 8212
3746 9825
3747 6528
3747 8475
3748 6813
3749 4044
3750 8486
3751 9155
3753 6427
3754 3822
3755 4190
3756 6027
3757 7354
3757 7842
3758 4622
3759 4387
3760 6709
3760 4308
3761 5351
3762 6560
3763 6222
3763 9374
3765 6731
3765 7998
3765 7941
3767 6385
3768 7593
3769 9571
3770 8698
3771 4566
3771 7177
3771 9987
3773 7745
3773 7756
3774 4494
3774 6497
3776 5336
3777 6876
3778 9280
3780 8165
3781 9918
3782 9076
3783 6143
3784 9477
3785 9058
3785 3792
3786 5652
3786 7494
3787 4612
3787 8026
3787 8829
3787 4082
3788 6966
3788 7412
3788 6952
3789 9508
3790 5142
3790 9804
3790 9642
3791 7057
3791 3839
3793 8140
3793 7236
3794 9164
3795 6888
3796 5233
3796 8527
3796 8993
3796 9008
3796 6671
3797 4971
3798 7617
3799 6715
3800 4067
3800 8628
3802 9357
3803 7079
3803 7576
3803 9178
3803 4014
3804 5367
3804 5433
3805 7497
3805 6917
3805 3996
3806 5549
3806 6849
3808 4074
3809 4514
3809 7681
3809 4527
3810 7267
3810 4913
3811 8097
3812 8634
3812 6999
3816 6786
3816 9064
3818 5158
3818 5213
3820 4599
3821 8719
3822 7531
3823 5020
3823 5109
3824 9845
3825 8579
3825 7354
3826 8765
3828 5780
3828 7409
3828 6779
3829 8411
3830 5879
3832 7373
3833 4535
3833 8483
3834 4543
3835 9188
3836 5781
3836 8541
3837 4011
3839 9914
3841 4147
3843 4127
3845 6641
3846 7813
3846 9832
3847 7411
3848 4111
3849 5745
3850 9675
3850 6991
3852 5051
3852 8740
3853 7168
3853 8391
3854 9265
3855 4097
3856 7361
3857 4560
3857 4490
3859 5599
3860 9586
3861 4522
3861 8079
3861 4363
3862 6210
3862 4733
3863 6669
3863 7474
3866 4890
3867 6034
3867 6900
3867 8764
3867 8233
3868 4335
3869 6330
3870 9900
3871 9598
3871 7531
3873 6218
3873 9886
3873 9885
3874 4172
3875 3899
3875 5088
3876 5845
3877 7212
3878 6360
3879 4741
3880 5432
3880 9731
3881 9168
3882 8547
3883 5786
3884 8967
3885 4862
3885 8060
3886 6796
3886 5234
3888 4972
3888 8184
3890 3947
3891 4144
3892 6658
3892 4539
3892 5172
3893 5820
3894 5886
3895 5825
3898 7512
3899 8362
3899 5852
3902 8109
3903 5996
3904 6448
3905 8191
3906 5927
3907 8664
3907 9823
3908 4284
3908 6154
3908 9903
3911 5191
3912 6633
3912 7629
3912 8252
3913 6818
3914 6108
3914 5674
3915 7389
3917 9022
3917 6880
3917 9667
3917 6799
3918 5431
3918 7235
3919 4714
3920 5579
3920 4698
3920 6473
3921 6403
3922 5626
3923 6269
3923 9387
3924 8871
3924 9951
3925 6276
3927 7675
3927 8807
3930 9930
3931 6216
3931 8115
3932 6449
3932 4647
3933 7252
3933 5312
3933 9133
3934 7364
3935 5381
3935 9372
3936 6831
3937 9105
3938 8633
3939 6164
3941 8956
3941 9793
3942 4449
3942 5079
3942 5837
3943 9961
3944 7840
3945 9254
3946 7433
3946 9486
3947 8211
3950 9523
3950 6682
3951 5264
3952 9913
3953 7481
3954 4225
3955 4012
3955 7230
3955 4916
3955 8672
3956 7527
3958 4104
3958 8254
3959 4730
3959 6303
3961 8151
3962 4528
3962 8606
3963 8491
3964 5371
3964 7961
3965 5699
3969 9227
3970 4169
3972 5183
3974 9043
3976 4156
3976 9974
3977 9370
3978 9772
3980 7245
3982 9590
3983 8532
3984 9818
3985 8469
3985 6355
3986 9223
3986 4520
3987 8048
3989 4020
3990 4006
3990 6051
3990 4438
3991 7879
3991 7475
3992 9430
3992 7003
3993 7801
3994 6530
3994 8485
3995 7740
3996 6707
3997 4616
3999 5561
4000 9982
4001 7632
4003 6153
4004 5756
4004 6873
4004 8444
4005 5521
4005 5186
4005 5404
4006 6759
4006 7418
4007 4580
4008 8243
4008 5460
4009 7466
4010 6916
4010 9173
4011 8134
4011 7345
4013 6096
4013 7023
4015 6007
4016 4914
4017 8895
4017 6770
4018 9784
4019 4236
4021 5822
4021 6189
4021 4113
4022 4098
4022 4830
4022 9998
4024 6620
4027 8690
4027 4302
4028 9518
4028 4994
4029 9457
4031 6206
4032 9713
4032 6502
4033 9395
4033 4636
4034 8946
4034 5342
4036 5886
4037 9439
4038 5639
4038 7857
4039 6745
4041 4347
4041 4554
4043 5619
4044 7132
4044 8317
4045 9115
4046 6290
4047 9584
4048 7104
4048 8530
4049 4300
4050 7754
4051 5003
4051 8835
4052 4320
4053 4173
4053 6663
4054 7217
4055 5182
4055 7184
4057 8577
4058 8098
4058 6987
4058 5608
4059 5824
4059 7529
4060 6930
4061 7041
4062 8008
4062 7871
4062 5272
4063 8137
4064 6328
4065 5823
4065 8287
4065 4995
4066 6809
4068 8167
4069 9606
4069 8236
4069 4687
4071 8348
4072 8924
4072 6440
4073 8551
4073 6488
4074 8150
4074 8423
4075 9395
4077 5002
4078 7500
4079 9454
4080 7317
4080 5690
4080 8623
4080 6503
4081 4582
4082 4095
4082 6628
4083 7780
4084 9213
4084 4844
4084 4653
4085 9435
4086 9725
4087 5173
4089 7578
4090 8929
4091 5180
4096 6757
4097 7426
4097 8239
4097 8326
4097 7764
4099 8472
4099 9763
4100 6412
4100 8831
4101 9991
4104 4928
4104 8332
4106 4896
4107 7647
4107 4143
4108 4804
4109 6722
4110 4248
4111 5248
4114 7790
4114 9499
4114 9632
4114 6877
4114 8385
4115 7525
4117 9605
4118 5149
4120 8164
4120 9332
4121 8053
4121 5874
4121 7875
4121 5405
4123 5007
4123 6362
4124 4672
4126 8660
4127 8097
4128 6143
4128 5982
4128 7897
4129 9028
4131 7768
4131 9949
4131 7065
4132 5391
4134 6494
4136 8647
4137 8075
4137 9069
4139 4656
4140 8146
4141 7233
4141 6429
4142 6945
4144 6899
4144 4533
4144 4969
4145 5091
4147 6812
4147 9705
4148 6853
4148 5659
4149 9443
4149 9415
4149 9016
4150 7525
4150 6363
4151 8492
4153 7262
4154 8198
4155 6548
4157 8531
4158 4194
4158 8255
4158 8353
4159 9081
4159 9536
4159 9260
4160 8834
4161 4946
4161 5964
4162 8226
4162 8973
4162 8253
4162 4894
4163 6891
4164 6089
4165 9975
4166 5990
4166 8301
4166 8144
4167 9731
4168 6902
4168 7897
4169 8457
4171 5902
4172 4985
4173 5992
4173 7849
4174 7939
4174 6574
4177 5828
4180 7984
4181 8659
4182 9897
4184 6093
4185 6285
4185 8480
4186 7847
4186 5467
4187 8456
4188 8607
4188 5489
4190 5168
4191 9821
4191 6381
4192 8613
4193 6673
4193 8350
4194 5595
4194 9247
4195 7238
4196 9007
4196 6737
4198 5507
4198 7489
4199 5278
4200 7074
4200 8914
4200 4512
4201 8437
4202 5882
4202 6538
4202 4580
4204 9797
4205 9387
4205 9756
4205 8808
4206 5630
4206 8661
4206 9565
4207 4860
4207 5314
4207 8680
4209 4529
4210 5232
4210 4635
4211 6670
4212 9138
4213 8550
4214 4994
4216 5656
4221 7265
4222 8709
4222 7771
4223 8687
4223 4829
4224 8370
4224 7677
4225 5173
4226 8617
4226 9993
4228 4861
4228 6325
4229 7140
4229 9029
4230 8798
4230 8819
4230 7909
4231 7864
4233 9955
4233 9249
4234 8101
4236 6449
4237 6396
4238 5102
4239 5174
4239 8148
4241 9565
4243 4886
4245 4295
4246 9155
4247 4330
4249 7142
4251 7213
4251 7659
4251 7083
4253 6046
4253 9025
4254 5193
4255 8168
4256 4478
4256 6421
4256 6480
4257 7994
4258 8621
4259 5951
4260 8335
4261 6074
4262 7348
4262 9518
4263 9613
4264 4885
4266 8736
4267 7906
4268 7722
4268 5115
4269 7597
4270 8343
4271 8496
4271 9745
4274 6877
4276 9809
4277 7786
4279 6360
4279 4916
4280 9807
4281 9238
4282 6431
4283 7360
4283 6456
4285 7088
4286 4544
4287 6076
4287 4428
4288 7215
4289 4495
4290 9080
4290 5939
4291 8731
4292 8853
4293 9333
4294 8255
4295 6611
4296 6320
4297 8600
4297 5199
4298 6949
4299 6679
4300 7778
4300 7652
4301 7256
4302 5852
4303 7321
4304 7686
4304 6912
4305 5256
4305 9332
4306 8589
4307 9907
4308 6547
4308 7149
4308 9608
4309 7174
4309 5565
4310 8890
4310 8885
4311 9914
4312 6695
4313 4922
4313 6447
4315 4593
4315 6347
4316 8822
4317 8446
4317 8037
4321 6272
4322 4430
4322 8174
4322 8682
4322 9373
4323 6209
4323 5064
4325 8811
4326 8817
4327 6010
4327 6872
4328 9248
4329 6013
4329 5492
4330 9945
4331 8342
4332 4907
4333 7540
4334 6073
4335 5557
4337 7714
4338 7415
4340 6068
4340 7895
4340 6747
4341 4463
4342 4388
4343 5369
4343 5826
4344 8467
4346 5245
4347 6383
4349 5526
4351 8269
4351 6639
4352 4405
4352 9067
4352 7134
4353 7506
4355 5506
4355 6625
4357 4419
4357 6420
4357 9839
4360 6740
4361 5686
4363 6366
4364 7109
4364 6630
4366 8345
4367 7522
4368 8572
4368 6819
4369 8013
4369 5638
4370 5050
4371 8294
4373 6298
4376 8607
4377 5520
4378 7527
4379 4398
4379 6828
4379 5345
4380 8025
4381 9642
4384 5676
4385 5269
4385 6360
4386 6909
4386 4669
4387 5508
4388 5585
4388 5427
4388 7586
4389 4420
4390 8767
4391 7121
4392 6932
4393 6142
4393 7012
4394 8976
4394 7987
4394 8531
4397 4733
4397 8732
4399 9327
4399 9611
4400 4573
4400 9610
4402 8625
4403 4513
4403 4841
4403 7295
4404 5708
4405 7275
4406 9730
4407 9530
4407 5607
4407 7340
4410 6938
4411 8194
4414 8736
4417 9438
4419 8642
4420 6637
4421 8778
4422 5120
4423 7248
4423 9053
4423 5958
4424 7712
4424 8653
4425 4708
4425 8448
4426 9163
4427 5592
4429 5552
4429 9322
4429 9052
4431 5727
4433 4639
4434 8818
4435 5112
4436 9099
4438 5888
4439 5532
4439 8957
4439 5304
4440 9004
4440 8722
4443 8524
4443 9873
4445 8742
4446 7301
4447 7974
4448 8086
4448 8252
4450 4794
4450 6086
4450 6160
4451 5207
4452 7992
4455 6677
4455 5057
4456 5439
4456 6791
4456 8654
4458 5034
4458 9144
4459 8987
4460 6089
4461 5533
4462 6639
4464 4982
4465 5197
4466 6611
4467 7439
4468 5016
4468 8006
4468 9283
4468 9563
4470 8734
4470 8811
4470 7633
4471 5341
4471 9552
4473 6629
4473 8161
4474 6802
4475 4561
4477 6388
4480 8240
4480 5202
4481 9106
4482 6146
4482 5504
4483 7834
4484 6033
4484 8748
4485 6343
4485 9592
4486 7423
4488 9883
4489 7580
4490 6603
4491 6569
4491 6992
4491 6007
4491 8121
4492 8500
4493 6898
4493 6770
4494 7736
4497 6124
4497 5928
4498 9093
4501 5154
4502 8390
4504 5210
4504 7809
4505 5749
4505 5386
4505 9468
4506 9344
4506 9705
4507 8537
4507 9183
4508 5472
4508 8403
4509 8710
4510 5302
4511 5027
4512 8342
4512 4556
4514 4782
4515 9206
4516 5497
4516 5142
4517 7501
4518 7679
4518 6699
4519 8382
4519 9217
4521 7897
4524 7186
4524 9602
4525 9382
4526 6293
4527 8923
4527 6292
4530 4674
4531 7669
4532 7629
4533 8646
4533 4600
4534 6723
4534 9784
4536 9535
4540 8850
4540 4634
4541 9534
4541 9906
4543 9380
4544 5752
4544 9427
4547 5214
4547 8800
4548 9554
4549 9064
4551 4672
4553 8394
4553 7818
4556 7092
4556 8141
4556 9239
4557 7720
4557 6999
4558 8713
4559 8057
4561 5339
4562 5371
4564 5863
4565 7581
4567 6642
4568 9639
4569 6694
4571 8949
4572 6069
4574 7169
4575 8838
4576 8298
4578 4677
4578 7069
4578 9327
4579 9967
4579 8011
4581 6666
4582 6541
4583 8891
4583 7830
4583 9853
4585 9351
4586 6832
4587 4670
4587 4858
4587 9749
4589 8886
4591 7210
4591 5128
4592 5248
4594 6458
4594 6706
4594 8830
4595 5791
4597 7626
4598 5829
4599 9015
4600 7954
4601 7934
4601 8545
4602 7485
4603 9565
4604 6490
4605 5520
4605 6417
4606 5604
4607 9252
4609 5950
4609 7796
4610 6711
4611 8138
4613 4977
4613 9240
4614 8538
4615 8344
4616 5795
4616 8391
4618 8589
4618 8861
4619 9347
4619 7024
4620 8419
4621 8645
4623 7462
4624 8835
4625 8299
4625 8105
4626 5224
4626 5170
4632 9561
4632 7880
4633 6217
4634 6283
4635 6822
4635 4855
4636 5130
4638 6742
4642 7321
4642 7918
4643 6418
4643 8868
4643 6845
4644 9504
4644 8730
4646 5541
4647 5934
4648 9688
4648 5614
4651 9815
4651 6000
4653 7073
4655 5244
4655 5267
4656 9910
4656 9109
4658 6946
4659 9743
4664 8767
4666 6353
4667 5196
4669 9783
4669 5112
4673 7518
4673 5710
4675 9156
4675 8358
4678 8699
4679 5313
4680 6549
4681 6325
4681 5466
4681 4986
4682 8878
4683 5606
4684 8482
4685 6541
4685 7084
4685 8478
4686 7670
4686 4855
4687 8741
4687 7865
4688 6949
4688 9937
4689 5657
4690 8109
4691 8299
4692 6314
4693 6517
4694 5519
4694 6695
4696 4804
4697 9847
4699 7114
4699 8004
4699 6767
4700 4935
4705 8726
4706 6138
4706 9710
4707 8893
4710 7543
4710 7513
4711 7180
4711 5043
4712 5704
4712 8517
4714 9846
4715 5027
4716 7939
4718 6002
4719 6560
4719 4850
4720 8822
4722 9577
4723 5513
4723 7077
4723 4725
4723 5910
4724 8817
4725 6855
4726 7569
4726 7901
4727 5009
4729 5206
4731 7824
4731 9326
4731 5928
4732 8272
4734 7471
4734 7613
4735 7718
4736 6951
4736 6251
4738 7010
4739 5325
4740 8238
4741 9362
4742 8881
4743 7744
4745 7869
4745 9776
4746 6644
4747 9267
4748 5951
4749 7944
4749 9176
4751 9295
4752 9794
4752 6237
4753 6031
4753 8632
4754 8362
4755 7471
4756 5236
4757 8595
4758 6802
4758 8708
4759 5055
4760 7367
4760 5019
4761 7387
4761 8858
4762 7610
4763 9936
4764 6332
4764 9076
4766 5546
4766 9493
4766 6389
4766 7308
4767 7299
4768 6018
4769 7881
4770 8323
4770 9209
4770 9214
4771 9757
4772 7178
4772 6639
4772 9118
4773 4862
4774 5296
4776 7935
4776 7755
4777 9301
4778 5121
4778 9353
4779 7766
4781 6321
4785 8604
4785 9416
4785 9780
4786 8831
4787 7788
4788 8193
4789 5431
4790 9296
4792 6638
4793 6439
4794 6500
4795 9411
4798 6942
4798 9602
4798 7616
4799 9061
4802 8125
4803 5301
4803 5437
4804 5452
4805 9314
4806 8116
4807 6835
4807 9215
4808 5854
4809 8869
4810 8718
4811 7546
4812 6974
4813 6258
4814 8811
4815 9348
4816 5931
4816 9702
4818 9166
4819 8679
4819 8663
4820 6688
4822 7290
4824 6794
4824 8703
4825 8208
4827 5463
4828 7463
4828 7857
4831 7201
4833 9440
4833 6156
4834 7806
4834 8909
4834 5982
4835 6634
4835 9771
4837 5573
4838 7061
4839 5870
4839 6143
4840 6888
4840 7866
4840 6231
4843 9961
4843 7888
4844 4887
4844 7755
4845 7288
4846 5868
4846 6573
4847 6410
4847 9926
4847 7411
4848 6843
4849 9241
4849 9459
4850 7400
4852 7263
4855 5201
4855 8796
4856 7375
4856 7579
4857 5521
4861 7045
4864 9022
4865 7308
4865 8375
4866 6949
4867 5235
4868 6748
4868 8719
4870 8599
4871 9442
4875 5321
4876 8788
4877 5261
4878 9460
4879 7465
4880 9757
4881 7736
4882 6799
4883 7539
4884 7451
4885 5098
4885 5877
4886 6514
4888 6980
4888 6298
4888 7962
4889 9867
4889 7992
4890 5704
4891 5076
4892 8805
4893 7601
4893 8732
4894 5305
4894 6376
4894 9892
4894 7407
4895 7704
4896 5798
4896 5623
4896 9531
4898 7511
4900 5777
4900 9427
4901 6581
4902 6075
4902 6484
4903 7488
4903 9566
4904 7207
4904 6264
4905 9879
4906 8582
4908 7306
4908 6723
4909 8040
4911 8913
4911 8832
4911 6595
4913 6465
4913 6952
4914 7365
4914 9359
4915 5123
4917 5710
4918 6105
4919 8122
4919 6200
4920 6763
4920 7664
4921 8295
4921 8368
4921 6073
4922 6686
4923 5319
4924 5403
4925 8343
4927 8937
4927 9579
4929 5568
4929 5247
4929 9969
4930 5396
4930 7241
4931 6879
4932 7067
4934 5096
4935 9297
4936 7146
4936 7327
4937 5262
4937 7743
4939 5068
4940 6226
4940 6112
4941 7052
4941 7493
4942 7904
4943 7035
4943 7021
4944 8134
4948 7790
4950 9503
4951 7736
4952 6587
4953 9646
4954 7215
4955 5850
4956 6412
4959 7801
4960 8020
4961 7727
4961 5677
4962 6371
4962 7788
4963 9766
4964 5845
4965 5913
4966 5773
4967 7211
4967 6294
4968 7614
4968 7367
4970 9532
4970 9352
4971 5237
4971 7180
4972 7086
4973 7359
4975 8779
4976 7225
4977 7416
4978 5925
4979 6040
4979 7666
4979 6282
4980 7877
4980 7342
4981 5641
4982 9062
4983 5242
4983 6132
4983 6056
4985 5499
4987 6363
4988 9706
4988 8071
4988 7333
4989 9978
4990 7367
4991 5239
4992 5712
4994 5115
4999 6960
5000 6623
5000 5044
5001 8186
5001 6758
5002 6428
5002 6433
5002 9840
5003 5025
5004 6213
5005 9753
5008 9286
5008 7417
5011 7429
5011 6754
5012 7062
5012 6443
5013 8349
5014 7584
5017 7123
5018 6286
5018 9591
5019 8238
5019 5026
5022 9953
5023 5902
5027 6424
5028 5705
5028 5939
5028 9710
5029 7495
5030 8526
5031 9285
5032 7887
5033 9060
5034 8444
5035 6222
5036 5779
5037 6596
5039 6579
5039 6684
5040 5703
5042 9645
5043 5935
5043 6386
5044 8798
5045 6700
5045 6998
5045 6821
5046 5529
5046 6387
5047 9569
5048 7425
5053 6363
5054 6929
5055 7354
5056 6411
5056 9849
5057 8209
5058 9582
5059 5355
5059 5751
5059 9185
5059 9602
5060 8384
5061 6629
5063 8261
5063 5436
5063 9371
5065 9339
5065 8499
5066 7514
5067 8416
5067 7037
5068 9113
5068 9385
5069 6665
5069 9226
5070 9628
5072 9384
5073 6559
5073 9720
5074 8893
5074 7398
5075 5807
5075 5454
5078 7547
5080 9948
5081 6502
5081 6442
5082 9755
5084 5588
5085 9621
5085 6509
5087 9749
5088 5163
5089 8879
5090 7328
5090 7163
5091 8144
5092 6818
5092 6761
5093 5397
5094 9058
5095 8177
5095 5340
5097 5525
5099 8323
5100 5216
5100 6128
5102 6950
5103 5680
5104 8633
5105 6487
5106 5866
5107 9528
5108 8559
5110 8292
5110 6233
5113 8585
5113 6596
5114 5234
5114 6608
5115 6293
5117 5961
5118 6962
5118 8065
5119 7087
5120 5534
5121 5973
5122 7138
5124 5455
5124 6406
5126 8054
5127 9666
5128 6963
5128 9447
5128 7350
5129 7476
5130 9527
5131 6856
5132 7165
5134 8504
5136 8126
5136 5509
5137 8059
5139 9017
5139 8547
5141 9636
5141 9542
5144 8941
5147 5995
5147 8545
5147 7579
5148 5276
5148 8373
5150 6819
5151 8365
5152 7850
5153 9567
5154 8356
5155 5851
5155 5508
5157 8246
5157 6715
5159 9354
5159 5265
5160 7273
5163 9339
5164 8314
5164 6587
5165 7330
5165 6507
5166 9771
5167 8666
5168 9203
5170 6123
5173 9749
5174 9006
5175 7849
5176 6994
5176 8018
5177 6419
5178 5189
5179 7323
5179 7564
5180 8211
5181 9019
5181 7475
5183 5668
5183 8740
5184 5866
5185 5964
5188 5857
5189 6710
5190 7454
5190 5392
5191 5610
5191 9456
5192 5502
5192 7406
5194 7147
5194 9942
5195 9657
5198 7028
5199 8342
5200 6023
5203 7849
5204 9503
5205 6430
5207 8532
5208 5466
5212 8989
5213 6637
5214 5742
5215 6595
5216 6021
5216 8080
5220 5547
5221 6397
5222 8951
5223 8461
5227 7782
5227 5839
5227 9393
5227 8768
5228 8677
5228 8290
5229 9704
5230 7643
5231 9980
5234 7468
5234 6483
5235 5293
5235 5572
5236 7056
5236 6907
5237 9355
5238 6744
5241 7301
5247 8515
5248 8256
5249 5470
5251 9453
5251 5631
5252 6829
5253 7257
5254 9279
5255 9529
5257 5618
5258 6776
5259 9367
5260 7974
5261 7294
5263 6110
5263 7873
5263 9426
5265 6200
5266 9269
5267 6653
5267 9862
5268 7231
5268 9271
5270 8874
5272 8605
5273 7208
5274 9060
5275 8959
5277 6266
5277 7660
5278 5707
5278 7642
5278 9377
5278 5926
5279 9826
5279 9473
5280 6067
5281 9827
5282 7474
5282 6296
5283 7868
5284 7770
5286 8031
5286 9697
5287 5850
5289 9827
5289 9449
5292 9621
5293 7978
5294 6175
5297 8035
5297 5778
5298 7592
5298 8320
5298 6514
5300 8789
5301 5583
5302 9136
5303 9821
5304 7728
5304 8063
5304 7129
5306 7179
5306 5521
5307 5612
5308 5404
5309 8398
5309 9422
5310 7960
5311 7273
5312 8423
5312 7327
5313 8406
5313 6640
5315 6400
5317 5464
5318 8703
5319 8437
5320 6736
5320 6170
5321 5750
5323 5929
5326 7353
5327 6971
5327 8014
5328 6280
5328 7075
5331 9918
5331 6986
5332 8012
5332 7951
5333 8294
5334 6303
5335 8050
5335 8987
5337 6429
5338 6103
5338 8226
5339 8629
5339 9302
5340 7497
5342 9977
5343 5416
5343 5872
5343 5689
5344 8927
5346 9812
5348 9075
5349 9644
5349 8163
5352 5481
5352 8271
5353 9195
5354 7904
5356 8525
5357 7688
5358 9736
5360 7106
5360 8555
5360 8866
5362 8778
5363 9543
5364 9462
5364 7794
5365 9408
5366 9712
5366 9337
5368 8552
5368 5858
5369 6773
5370 7076
5371 7703
5372 7750
5372 9943
5372 8090
5373 7960
5374 6734
5375 6056
5377 6552
5378 6352
5378 7214
5379 7229
5379 9124
5381 7469
5381 9087
5382 5674
5382 6091
5383 6606
5385 8405
5385 5703
5386 8318
5387 6431
5388 8632
5389 6434
5392 6513
5393 8390
5394 9538
5395 8382
5398 6136
5398 9959
5399 6959
5401 9679
5402 5535
5402 5645
5403 6539
5405 9925
5406 5946
5406 9210
5407 6435
5407 7991
5408 6320
5409 7924
5409 7818
5410 9646
5411 6439
5412 8159
5413 7006
5413 7352
5413 5826
5414 8474
5415 5897
5418 6423
5420 8440
5421 8976
5422 8262
5422 6544
5423 8689
5425 5684
5425 7068
5426 5773
5427 5621
5428 8755
5430 8723
5431 6292
5434 8440
5434 9646
5436 9878
5438 5760
5440 6840
5440 8976
5441 5814
5442 8639
5443 7303
5443 9995
5444 6676
5445 9953
5446 6242
5446 6357
5447 6070
5447 5778
5448 7080
5448 8430
5448 6823
5449 8165
5450 6023
5451 7548
5451 9702
5451 9593
5452 8712
5454 8906
5454 8036
5456 7252
5457 8764
5458 6522
5458 9270
5459 8346
5460 9296
5461 7151
5461 7361
5462 6892
5462 8885
5462 7653
5463 9182
5464 7412
5465 5725
5468 9290
5469 6631
5471 9278
5471 9734
5472 8433
5474 5669
5474 8557
5477 6672
5477 6375
5478 9549
5479 8807
5479 5780
5480 7650
5480 9884
5480 7491
5483 7928
5484 8937
5485 7888
5485 9109
5486 7494
5486 6570
5486 8478
5487 6338
5488 6977
5489 9642
5491 9734
5491 8036
5491 7270
5492 9731
5493 8873
5493 8436
5496 9299
5496 5816
5498 6557
5498 6555
5500 5957
5500 7398
5501 8599
5504 9923
5505 8491
5508 8100
5508 8509
5509 7590
5509 9013
5509 7747
5510 5921
5514 7855
5515 9269
5518 7583
5518 8447
5519 6539
5522 6078
5524 6761
5524 6476
5526 9835
5526 9477
5527 5838
5528 8321
5530 8644
5531 5814
5531 9201
5531 9715
5534 5766
5534 6655
5534 5671
5535 7212
5536 8052
5537 9537
5538 8998
5538 9460
5540 6872
5542 8223
5543 9777
5544 9519
5544 6989
5545 6026
5548 8639
5550 9893
5551 6014
5553 9174
5554 8181
5555 7452
5556 8674
5557 9471
5558 9005
5559 9817
5560 7986
5561 7645
5561 7887
5561 9337
5561 7073
5562 8162
5563 5937
5564 7818
5564 7731
5565 8289
5566 5674
5567 7973
5568 8599
5568 9174
5569 9270
5570 9394
5570 9400
5571 5779
5572 7871
5574 8625
5575 6603
5578 7700
5578 8176
5578 7443
5580 9752
5581 7267
5582 9092
5584 5976
5586 7908
5586 8835
5586 6508
5589 7502
5591 5654
5592 6184
5593 8603
5594 6867
5596 8720
5597 9882
5598 9040
5599 7477
5599 7553
5600 9316
5601 8377
5601 8143
5602 8678
5602 6980
5603 8899
5604 9748
5605 9252
5606 7524
5608 8866
5609 8178
5610 9905
5611 7127
5611 7760
5612 9637
5613 5870
5614 8988
5615 9431
5616 9827
5619 8583
5620 7218
5622 9216
5622 9232
5623 8146
5624 8232
5625 6700
5626 7395
5627 6967
5628 9527
5630 8407
5635 9207
5635 9981
5637 6743
5637 8261
5641 8307
5642 5747
5643 6681
5644 6751
5645 7999
5646 8322
5648 7513
5648 8932
5649 8523
5652 7105
5653 5978
5653 7756
5654 9110
5654 7133
5655 6470
5656 6811
5657 7218
5657 7076
5657 6237
5659 9681
5660 7302
5660 7811
5661 7159
5661 8542
5666 9674
5666 8492
5667 7100
5667 6252
5669 9257
5672 7249
5673 6221
5673 6275
5674 5759
5674 9517
5675 6861
5676 6164
5677 6935
5677 9084
5678 8787
5679 6489
5679 9735
5680 8194
5682 6122
5683 5855
5686 6288
5686 8175
5687 6575
5687 6837
5689 6165
5690 8224
5691 6181
5692 7157
5693 9916
5693 7770
5695 7596
5696 8934
5696 9362
5696 6943
5697 5896
5697 8033
5701 8839
5701 9999
5706 8419
5708 9761
5708 8680
5709 7848
5711 6292
5712 6874
5713 8815
5713 7191
5714 7443
5715 9715
5716 7324
5717 9045
5718 6984
5718 8183
5718 7325
5721 7277
5722 8259
5726 5782
5726 6645
5726 6919
5729 9727
5730 9006
5731 7538
5731 9531
5732 6603
5732 6447
5734 7090
5735 7277
5737 7307
5738 6831
5738 8519
5738 7422
5740 6112
5741 6088
5743 8618
5743 9250
5744 7316
5744 7610
5746 8427
5748 6434
5751 6277
5753 7152
5753 8907
5753 9289
5753 7874
5754 7154
5755 6898
5757 8168
5757 9515
5758 8708
5759 8726
5761 6488
5761 6456
5764 9105
5765 6647
5765 9187
5767 6658
5768 7326
5770 7007
5770 7358
5772 7162
5773 9341
5774 8731
5774 8278
5775 8014
5776 9073
5778 9466
5778 7404
5780 8328
5781 8147
5784 9528
5784 6848
5787 9350
5788 8374
5788 7230
5789 8864
5789 7606
5796 7532
5797 9321
5798 7756
5799 9027
5800 6236
5801 6271
5802 8019
5802 9762
5803 6477
5804 9114
5805 9196
5808 9957
5808 6905
5809 6051
5810 9503
5810 6170
5811 8626
5812 7078
5812 6321
5813 9805
5815 8231
5816 7683
5816 9135
5817 9209
5818 7653
5821 7221
5826 7705
5827 6809
5828 7578
5828 7777
5829 7037
5830 9858
5830 8104
5831 7658
5832 6195
5832 8535
5833 6028
5833 7455
5833 6666
5835 7245
5836 6804
5838 9219
5838 6127
5841 7460
5841 7739
5843 6446
5844 6250
5844 7657
5844 7812
5846 8886
5848 7835
5848 8560
5849 7602
5849 6964
5850 8862
5850 7430
5853 6272
5853 6718
5854 7187
5855 6600
5856 6957
5858 7390
5858 7325
5858 6000
5858 8920
5859 9291
5859 9112
5862 8828
5864 8057
5865 9637
5866 9664
5868 6184
5869 8401
5869 9520
5869 8346
5874 9403
5878 6577
5879 9169
5880 7179
5881 7020
5883 9841
5883 9090
5884 6346
5884 7074
5885 9197
5886 6590
5887 7347
5888 9894
5888 8625
5890 6232
5891 6823
5891 6415
5892 7562
5893 8944
5894 7900
5894 8902
5897 7517
5898 6072
5898 7047
5899 6871
5901 8814
5904 7974
5904 8754
5905 7029
5906 9581
5906 7637
5907 8371
5908 6390
5908 6609
5908 6509
5909 9115
5909 6192
5910 6012
5911 6456
5912 8591
5913 9060
5915 8370
5917 7672
5918 6587
5919 9567
5919 6037
5921 8051
5921 8421
5922 9904
5922 9465
5923 6831
5924 7907
5924 9603
5925 7724
5925 9206
5927 8990
5927 6692
5928 8624
5930 9734
5932 8127
5933 7462
5935 6662
5936 6118
5937 8393
5939 6334
5939 7792
5940 7872
5940 9230
5942 6442
5942 7297
5943 6661
5944 6890
5944 7942
5945 9795
5946 7635
5947 9982
5947 7776
5949 6640
5949 7322
5950 8429
5953 8003
5954 7041
5956 8541
5957 6306
5957 6801
5958 9451
5959 9359
5961 7856
5961 7141
5963 8810
5966 8880
5966 8122
5968 7014
5968 8608
5971 7193
5974 7377
5975 8049
5977 9346
5978 7563
5980 8517
5980 9204
5984 8631
5984 9072
5986 7914
5987 9371
5988 8132
5988 8473
5989 8201
5991 7490
5994 9829
5994 8615
5996 7471
5997 9600
5998 7618
5998 8159
6000 7322
6001 9028
6002 7362
6002 6497
6003 6478
6003 7050
6005 7370
6005 7181
6006 9432
6009 8882
6012 7623
6014 9428
6014 8311
6015 8137
6015 8062
6017 8330
6018 8633
6019 6702
6022 6084
6022 6374
6022 6705
6024 7659
6025 9610
6027 9736
6027 7490
6029 9806
6030 6582
6030 9691
6031 8163
6032 8562
6032 9253
6035 7742
6038 8336
6038 6672
6039 6751
6039 8771
6039 8977
6043 7013
6044 7000
6044 6193
6045 6429
6046 8129
6048 7814
6049 6915
6049 9811
6051 7058
6052 6607
6054 8869
6055 7065
6056 8985
6057 9478
6057 7418
6058 9871
6060 8296
6061 9847
6063 7594
6069 8489
6071 9260
6071 6542
6073 6943
6074 7069
6076 6586
6077 7095
6078 6792
6078 9928
6083 6966
6086 9161
6087 8198
6089 9657
6090 9084
6091 9991
6092 6311
6093 6558
6094 7754
6094 7649
6095 9349
6098 9452
6100 8693
6102 6591
6104 8136
6104 9345
6104 8871
6105 9414
6106 8744
6107 8762
6109 9819
6112 6784
6113 9398
6113 8178
6114 8908
6114 8215
6115 7531
6116 9137
6117 7693
6117 9260
6118 7389
6120 9189
6120 7981
6121 8736
6123 7832
6126 8462
6126 9070
6127 7545
6127 7818
6128 9325
6130 9509
6131 6427
6138 8156
6139 9209
6140 8336
6141 6978
6142 9538
6147 8039
6149 9102
6150 7540
6150 7138
6151 8414
6152 8950
6152 8571
6153 8522
6153 8748
6156 9680
6157 7419
6157 9948
6159 9168
6160 8882
6161 6783
6162 6650
6162 9404
6163 7595
6164 9477
6166 7219
6167 6783
6167 7032
6167 6538
6168 8481
6169 6764
6169 8511
6171 6790
6171 8285
6172 6583
6173 6208
6175 9752
6176 6834
6177 7068
6178 6862
6179 8011
6180 6900
6181 9188
6182 7067
6185 9976
6186 7808
6187 6692
6189 8775
6191 7868
6191 6253
6192 8347
6192 8392
6193 9966
6194 9895
6197 9233
6197 6496
6198 7292
6200 9774
6200 9035
6203 6728
6204 8840
6207 9695
6208 9691
6209 8199
6211 9496
6212 6288
6213 6366
6213 8999
6215 9375
6217 9363
6219 7682
6223 9391
6223 7448
6225 7949
6227 8068
6230 7381
6230 6301
6232 9372
6233 6716
6233 7449
6234 9532
6237 9032
6238 8431
6239 9365
6239 6363
6240 7148
6244 8238
6245 9117
6246 8308
6248 7827
6249 7775
6253 8099
6254 9020
6255 9469
6255 9609
6256 9604
6259 8831
6260 6663
6261 8510
6262 8820
6262 7652
6263 8234
6264 7343
6267 7833
6269 6405
6270 9306
6271 6459
6271 9788
6273 7823
6273 9606
6274 8254
6274 7472
6274 9785
6275 8932
6278 6559
6279 8718
6281 7486
6282 7815
6283 8506
6285 7009
6287 9055
6289 6868
6289 9718
6292 9862
6293 7621
6294 9050
6297 6415
6297 6719
6298 8481
6301 9296
6302 6952
6302 7574
6305 7221
6307 7990
6308 6681
6310 7518
6312 8875
6313 9613
6315 9208
6315 6506
6316 8384
6317 7398
6318 7071
6320 6643
6322 8084
6322 9238
6323 9813
6324 9554
6325 7761
6326 8978
6327 6825
6328 8770
6328 8583
6329 7094
6331 8495
6332 8468
6333 8548
6333 9834
6336 8675
6337 6649
6338 7994
6341 6912
6342 9396
6344 9656
6345 6441
6347 9761
6348 8675
6350 9622
6351 7198
6351 7637
6352 6441
6356 7160
6360 7648
6360 7235
6362 8883
6364 7983
6365 7020
6366 8284
6367 8653
6367 8346
6369 9250
6369 9915
6371 8198
6373 9648
6377 9547
6377 8982
6378 7571
6379 7152
6381 9508
6384 8100
6386 6881
6387 9290
6388 7430
6389 8042
6391 9316
6392 8182
6393 9585
6394 7584
6395 7716
6399 8676
6400 8064
6401 7234
6401 9696
6403 7808
6403 8106
6406 7443
6406 8605
6410 6450
6412 8757
6414 6455
6416 6782
6419 8058
6420 8082
6424 7963
6424 7393
6426 6466
6426 8838
6430 9623
6431 9476
6432 6649
6432 7421
6432 6749
6433 9875
6436 9293
6440 9223
6443 7200
6444 9819
6444 8115
6445 9175
6446 7767
6448 6743
6450 7240
6451 9264
6451 7133
6452 8094
6452 7117
6453 9233
6454 9484
6455 8511
6456 6499
6457 8448
6459 8258
6460 8842
6461 7989
6462 8077
6462 9002
6464 9086
6467 8153
6468 8470
6469 7743
6470 7258
6471 8565
6472 9195
6473 7233
6474 9899
6476 8464
6476 9607
6476 8854
6477 7604
6479 9180
6480 7118
6482 6593
6486 7865
6487 6675
6487 6665
6488 8201
6491 8596
6493 7359
6494 9271
6497 6667
6498 7735
6501 6956
6501 7582
6502 7269
6504 7483
6505 8150
6507 6654
6508 8953
6510 7197
6510 9679
6511 7964
6512 8713
6513 6842
6513 9780
6514 7160
6515 7729
6517 9240
6518 8902
6520 7296
6520 8538
6521 9406
6521 6841
6521 8097
6525 8854
6526 9379
6526 7551
6527 9486
6529 8184
6531 9188
6532 9641
6533 8563
6534 7774
6536 9309
6540 8078
6542 9938
6542 8042
6543 6564
6543 8238
6544 9589
6544 8721
6545 8159
6546 9697
6546 8187
6550 9555
6551 9748
6554 9934
6555 6715
6558 7997
6559 8781
6560 8564
6561 7878
6562 8442
6562 7199
6563 7797
6563 8758
6565 7098
6565 7162
6566 9840
6567 6771
6567 7095
6568 7595
6573 7625
6573 9615
6578 7526
6582 9126
6583 6846
6584 8723
6587 9353
6589 7895
6590 9008
6592 9052
6592 6661
6593 7402
6598 8389
6598 9746
6599 7513
6600 8133
6601 9707
6601 9205
6604 7993
6606 8293
6607 8333
6607 8778
6610 9265
6611 7405
6612 7452
6613 7821
6616 7553
6617 9929
6618 8102
6620 8999
6626 9649
6635 7296
6636 9991
6636 8127
6640 6894
6642 8743
6643 8024
6643 9709
6650 8961
6651 7170
6653 9204
6654 8735
6656 7522
6657 7278
6657 8191
6659 8995
6659 9516
6660 9106
6660 7614
6663 9489
6664 9122
6666 9370
6667 6735
6668 8244
6668 6865
6671 7119
6673 9481
6674 7822
6676 7694
6679 7696
6680 7050
6682 7175
6684 8975
6685 8491
6685 8589
6688 7613
6689 6876
6690 9328
6691 9380
6692 9002
6692 8097
6693 8411
6694 7654
6694 8036
6699 9254
6702 7438
6704 9335
6705 9739
6710 8189
6710 8492
6710 7006
6711 9649
6713 8610
6713 7134
6713 7383
6713 6823
6714 7388
6717 6981
6718 7639
6719 7361
6719 8057
6720 9080
6721 7338
6724 8638
6725 8315
6726 9260
6727 9101
6728 8859
6729 8791
6729 8796
6730 7448
6732 8489
6733 8399
6734 8466
6737 7234
6738 6816
6739 9872
6740 8940
6740 7547
6745 8219
6747 8999
6748 6961
6749 9251
6750 8219
6750 9074
6752 9420
6753 8898
6754 8857
6757 6861
6757 9544
6760 7238
6760 7560
6766 7737
6767 8577
6769 9796
6773 7526
6774 9777
6777 9321
6777 7459
6779 9415
6781 9319
6787 9342
6789 7871
6793 8401
6795 7088
6795 7775
6797 7440
6798 8684
6798 9307
6798 8980
6799 9656
6799 9946
6800 8864
6804 6898
6806 6846
6806 8902
6807 8844
6810 7852
6810 7859
6810 7448
6811 9501
6811 9660
6813 8138
6814 8742
6815 8724
6815 9491
6817 7781
6817 9097
6819 9278
6824 8428
6824 7243
6825 7901
6826 7226
6827 8509
6830 7374
6832 9061
6833 8476
6834 7045
6836 7638
6839 8473
6841 8992
6843 9277
6844 9882
6845 9799
6847 6970
6849 8700
6850 6893
6850 9037
6851 8167
6852 7953
6852 8546
6856 9446
6856 7405
6858 8841
6859 8582
6860 9740
6860 8860
6861 7131
6862 7119
6863 8826
6863 8446
6864 7464
6864 8676
6865 7436
6865 9425
6866 9369
6868 9820
6870 9284
6871 7120
6874 8124
6875 9406
6876 8747
6878 8884
6883 8457
6883 8638
6883 9496
6883 8093
6884 9718
6887 9135
6889 7470
6889 9554
6891 9350
6894 8580
6896 7889
6897 9505
6897 7488
6903 7623
6904 7345
6906 9334
6910 8111
6911 8446
6912 7709
6912 8529
6913 7699
6914 8922
6916 7332
6916 6943
6917 7388
6917 8984
6919 6922
6920 9277
6924 9794
6927 8062
6927 9906
6928 9764
6928 9809
6929 7570
6929 9486
6931 9731
6932 7135
6934 9277
6936 7566
6937 8707
6938 9941
6941 9209
6942 9096
6945 9160
6945 9190
6948 7914
6948 9315
6948 7386
6952 9485
6954 7584
6955 7413
6955 8654
6957 9167
6958 8257
6959 8556
6959 7546
6963 7631
6964 7703
6965 8729
6965 8849
6966 8692
6968 8500
6970 9521
6973 7182
6973 8852
6974 8081
6975 9411
6976 7839
6977 7577
6977 8433
6979 7634
6980 7567
6981 7254
6982 7474
6983 7668
6983 7265
6986 8670
6987 8884
6987 9243
6988 8487
6988 7865
6990 7790
6991 7891
6993 7573
6993 8520
6994 8390
6995 8411
6996 9785
6999 8145
6999 7217
7002 7113
7003 7670
7004 7246
7005 9557
7010 9190
7011 8655
7013 7082
7016 9115
7017 9259
7019 9240
7019 7649
7021 7176
7025 9744
7027 7162
7028 8013
7031 8637
7036 7924
7037 7071
7038 8011
7039 8433
7043 8230
7050 8172
7054 7559
7055 8465
7058 9425
7058 7226
7060 7854
7060 9568
7063 9715
7065 8468
7066 9539
7067 8935
7069 7733
7072 9168
7075 8755
7076 8505
7081 8291
7082 8339
7085 8193
7087 9555
7089 7090
7094 8428
7095 7601
7097 8844
7097 9891
7101 9805
7101 9566
7103 7456
7103 8290
7108 8716
7109 7378
7113 8353
7119 8277
7121 7219
7121 9700
7122 7955
7122 9129
7123 9947
7125 7612
7129 7957
7129 7303
7137 9717
7138 8837
7139 8668
7142 9276
7144 7910
7147 8022
7150 9136
7153 7379
7156 9195
7157 8059
7157 9558
7160 8142
7164 7429
7166 8753
7166 9973
7171 8604
7172 8001
7172 8414
7175 8567
7175 9537
7176 7826
7181 9988
7185 8418
7189 8263
7189 8728
7191 7327
7193 9063
7194 7921
7197 9196
7199 8715
7202 8514
7203 8010
7203 8917
7208 8884
7210 9634
7213 9513
7214 9231
7217 7775
7219 7981
7221 9999
7222 9971
7223 8396
7223 9611
7228 7938
7232 8896
7236 8793
7236 7586
7239 8792
7246 9097
7247 7278
7249 9470
7251 9243
7253 7932
7254 9524
7255 8227
7257 9843
7257 8211
7258 8705
7258 9046
7259 9917
7259 9342
7259 9545
7261 7403
7262 9617
7266 8848
7266 9649
7266 7873
7270 9402
7273 9548
7274 9309
7278 9275
7278 8540
7283 9350
7285 7918
7288 9782
7289 9549
7291 9797
7292 9638
7294 8266
7295 9313
7298 8302
7298 8151
7300 8800
7300 7933
7301 9159
7301 7937
7302 7983
7302 9569
7304 8969
7305 9316
7306 7968
7307 8528
7309 9116
7309 7656
7312 8000
7313 8879
7324 9194
7324 9188
7326 9579
7328 9624
7334 7778
7336 9440
7338 8560
7339 9107
7339 9540
7339 8598
7340 9374
7342 7899
7343 8622
7352 9511
7353 9274
7353 7820
7355 7829
7356 8012
7357 8759
7358 7896
7362 9353
7364 8923
7367 7763
7369 9185
7372 9977
7374 9678
7376 9511
7380 8738
7380 8924
7382 9537
7392 7673
7393 7481
7395 8549
7397 8199
7398 9314
7398 8105
7399 9644
7400 8648
7403 9348
7405 9573
7405 7578
7407 7414
7407 9214
7408 8671
7409 9340
7415 7621
7416 7622
7422 9363
7423 8124
7427 8195
7428 8865
7428 7860
7431 7658
7431 8598
7434 8032
7436 7878
7438 7883
7441 8122
7442 8754
7443 8017
7444 7588
7445 9389
7447 9693
7449 9988
7450 7780
7451 7791
7452 7736
7453 8999
7457 8810
7458 9399
7461 7828
7463 8603
7467 9547
7471 9351
7473 8471
7475 8516
7476 8530
7480 9619
7481 9865
7482 9268
7482 9382
7484 9231
7486 7689
7487 9536
7489 8933
7491 9806
7491 8581
7491 8312
7492 8065
7493 7842
7494 9422
7495 9319
7498 9912
7498 8010
7500 9419
7500 8507
7501 7800
7503 9583
7505 9580
7508 9255
7509 8815
7510 7889
7511 9531
7512 9256
7513 9851
7515 7646
7517 8751
7519 9539
7520 8581
7521 8829
7522 9232
7522 9716
7524 8227
7528 8597
7528 9023
7531 7948
7533 9449
7534 8954
7538 9557
7544 8744
7550 7887
7557 7825
7563 9833
7563 9899
7574 9846
7575 9306
7575 7961
7581 8121
7582 7886
7583 7735
7584 8769
7586 9147
7586 7922
7587 7860
7589 7731
7591 8473
7594 9969
7596 9811
7596 9157
7599 9578
7600 8945
7603 8120
7605 9214
7607 9458
7608 7958
7609 8797
7615 8422
7616 9859
7617 8828
7619 9587
7619 7765
7620 9054
7622 7769
7624 9415
7626 8903
7627 8250
7630 9190
7636 8711
7637 9475
7640 9585
7641 9782
7644 8048
7649 9033
7649 9608
7649 9728
7652 8697
7655 8672
7656 9681
7659 9818
7660 8989
7662 9830
7663 8535
7664 8025
7665 9258
7665 7849
7667 7715
7669 9990
7672 9423
7678 9294
7682 8570
7684 8078
7684 8069
7685 8954
7687 8093
7690 9287
7691 9413
7691 8496
7694 9924
7695 9834
7702 8240
7705 9118
7706 8002
7707 7807
7708 8951
7710 9768
7712 8574
7712 7942
7714 8508
7723 9638
7725 8382
7726 9595
7728 7817
7731 8518
7732 9878
7733 9311
7734 9076
7737 9384
7744 9971
7748 9629
7749 7929
7755 7777
7755 9975
7756 8322
7757 8087
7758 9030
7762 9257
7763 9994
7767 7807
7771 9449
7771 8899
7772 8135
7773 8177
7774 8634
7783 9157
7784 8477
7785 9965
7787 8811
7791 9123
7792 8859
7799 8748
7803 9542
7804 8304
7807 9973
7809 9571
7809 9777
7811 9844
7812 9245
7814 9831
7816 9442
7818 9071
7819 9726
7820 8813
7824 8558
7825 8498
7825 8178
7826 9870
7830 9318
7831 9699
7834 9047
7835 9129
7839 9535
7843 9336
7846 9250
7848 8206
7853 8618
7855 9660
7855 8711
7857 9976
7861 7984
7862 9425
7863 8388
7863 8501
7865 8061
7868 8883
7869 9962
7870 9650
7871 9594
7873 8666
7874 8073
7874 9144
7878 9864
7882 9381
7884 8688
7885 9015
7888 9934
7890 8067
7890 9234
7891 8288
7893 8408
7895 8824
7898 9583
7899 7943
7901 8845
7906 9298
7907 9609
7909 9668
7912 8750
7914 8797
7915 8773
7915 8312
7916 8831
7918 9312
7919 9388
7922 9842
7932 8540
7936 8282
7937 9901
7940 8045
7945 8994
7946 9077
7951 9158
7960 9099
7962 8685
7965 8529
7967 8969
7970 8741
7976 9225
7976 9218
7984 8898
7984 8032
7985 8118
7987 9295
7988 9599
7990 8367
7993 8679
7994 9984
7996 8989
8002 8068
8007 9724
8007 9963
8009 9406
8014 8874
8016 8370
8017 8400
8018 8589
8020 9145
8023 8207
8023 9663
8024 9492
8029 9340
8033 8966
8033 8452
8034 9997
8038 8644
8043 8298
8048 8456
8052 8409
8052 9139
8056 8974
8058 9389
8067 8588
8068 8783
8070 9033
8071 9931
8072 9974
8076 8366
8076 9585
8079 9714
8081 8214
8082 9329
8083 8564
8084 9960
8087 9456
8088 8114
8088 8271
8092 9807
8095 9909
8096 9157
8099 9407
8100 8495
8103 8929
8107 8928
8108 9508
8109 9263
8110 8758
8111 8427
8120 9948
8121 8359
8128 8439
8131 9480
8146 8511
8146 9699
8152 8856
8153 9102
8154 9821
8155 9103
8155 9575
8158 9128
8158 9660
8163 9751
8165 8662
8168 8557
8169 8312
8169 9652
8170 8692
8173 8499
8175 8523
8179 8611
8180 9318
8181 8449
8183 8303
8184 8711
8186 9372
8187 9963
8188 8378
8197 8490
8203 8968
8210 9686
8212 9405
8217 8484
8221 9283
8224 8875
8224 8435
8229 8785
8230 9331
8231 8964
8231 8346
8241 8607
8242 9554
8246 8383
8247 8381
8248 9655
8248 9159
8249 9135
8251 8814
8251 9499
8259 8640
8267 9334
8267 8623
8270 9787
8274 8525
8275 9136
8278 8367
8280 9301
8280 9319
8290 8696
8293 8538
8304 8620
8304 8729
8308 9281
8310 8726
8313 8794
8313 9708
8319 9367
8321 9545
8324 9127
8330 8413
8331 9410
8339 8341
8344 9788
8345 8877
8348 8359
8349 8854
8351 8919
8353 9790
8357 8756
8358 9496
8361 9287
8364 8788
8365 8384
8375 9425
8379 9165
8381 8717
8386 8930
8387 9180
8392 9145
8393 8455
8393 9825
8402 9393
8408 8856
8412 9574
8413 9668
8414 9983
8417 8799
8418 8961
8422 8500
8423 8424
8425 9866
8425 8962
8435 9224
8440 8942
8440 9658
8441 8929
8447 9593
8449 9369
8453 9961
8454 9580
8455 9163
8456 8699
8458 9651
8459 9788
8460 9675
8470 9000
8471 8812
8478 8972
8483 9227
8488 8936
8488 9680
8494 8992
8497 9039
8501 9502
8512 9795
8515 9596
8516 9521
8523 9132
8528 9517
8533 9564
8534 9086
8536 9879
8536 9036
8539 9839
8539 8912
8546 8867
8548 9290
8559 8735
8560 8845
8566 9756
8567 8901
8568 9509
8569 9359
8571 9909
8578 9985
8587 8647
8587 9779
8593 9075
8593 9578
8593 9985
8594 9551
8600 8837
8601 8799
8608 9813
8613 9883
8618 8746
8621 9485
8622 9551
8627 9218
8630 8789
8632 9205
8632 9660
8635 9477
8636 9050
8636 8814
8643 9694
8648 9582
8656 9789
8660 9105
8662 9135
8666 9230
8669 8959
8669 9367
8674 9625
8691 9470
8694 9545
8695 8931
8698 9834
8702 9587
8707 9057
8707 9112
8717 9853
8718 9100
8727 9000
8732 9142
8739 9465
8741 9854
8742 9956
8743 9400
8745 9068
8748 8915
8749 8900
8751 9364
8752 8832
8761 9114
8761 9402
8763 9197
8763 9437
8779 8829
8784 9924
8786 8853
8791 9464
8792 8905
8808 9012
8808 8969
8814 8965
8816 9356
8822 9455
8824 9441
8841 9640
8849 9463
8858 9212
8870 9471
8872 9987
8887 9570
8887 9499
8888 9668
8892 9776
8894 9221
8900 9596
8903 9664
8910 9963
8918 9630
8920 9653
8926 9333
8932 9068
8940 9235
8943 9369
8945 9245
8947 9085
8950 9759
8955 9064
8969 9959
8971 9712
8979 9937
8983 9514
8992 9417
9008 9320
9010 9988
9015 9618
9027 9732
9027 9243
9031 9225
9032 9386
9035 9389
9040 9579
9048 9530
9051 9502
9059 9625
9068 9409
9079 9685
9082 9373
9085 9763
9085 9970
9087 9420
9090 9860
9090 9748
9094 9357
9108 9563
9109 9525
9117 9887
9121 9852
9122 9181
9131 9321
9133 9695
9135 9366
9140 9897
9155 9779
9168 9553
9169 9284
9175 9948
9179 9396
9184 9573
9191 9964
9192 9701
9192 9979
9221 9823
9226 9626
9230 9474
9237 9775
9238 9300
9241 9927
9242 9923
9262 9738
9275 9653
9287 9638
9288 9633
9291 9768
9297 9662
9302 9618
9306 9789
9330 9399
9342 9758
9343 9989
9344 9696
9392 9585
9423 9952
9424 9795
9429 9503
9439 9556
9452 9510
9457 9665
9462 9788
9463 9649
9480 9726
9487 9631
9487 9621
9497 9725
9500 9871
9516 9876
9516 9945
9534 9987
9544 9840
9560 9789
9566 9803
9566 9755
9571 9584
9574 9633
9580 9946
9587 9773
9588 9973
9597 9721
9600 9761
9601 9786
9605 9901
9614 9738
9620 9939
9622 9741
9622 9840
9632 9857
9635 9984
9673 9685
9676 9698
9680 9958
9695 9793
9723 9997
9725 9791
9727 9920
9738 9989
9739 9911
9743 9766
9766 9974
9767 9781
9796 9878
9815 9908
9850 9966
9923 9940
