10000 9999
0 747
1 6273
1 6622
2 3333
3 2873
3 3544
3 8686
3 2503
4 7954
4 7386
4 6499
5 497
6 8158
6 4608
7 8615
7 3715
8 787
8 3221
9 2418
9 6398
10 3262
10 6248
10 4605
10 9758
10 6551
11 8421
11 9326
11 3085
12 2340
13 4112
13 8059
13 5051
13 2477
14 5471
14 8333
14 5563
15 3624
15 7426
16 5500
16 5127
17 4369
18 187
19 5216
19 9704
19 9321
20 7590
20 1434
20 5948
20 7030
21 6261
21 4293
22 6834
22 8471
22 7550
23 1723
23 840
24 1623
24 5375
24 4503
25 5741
25 116
26 7268
26 9806
27 7208
28 2739
29 5899
29 6464
29 6105
30 265
31 194
31 2299
32 5679
32 1504
33 3034
33 5455
34 4898
34 1753
35 7444
35 7524
36 7186
37 9341
37 382
38 2164
38 7589
39 5111
39 8810
39 9675
40 4556
41 5881
41 6796
42 6960
42 1158
43 5183
43 4003
43 6691
43 6110
44 7199
45 7533
46 3798
47 3159
48 8808
48 2075
49 2288
49 9658
50 2656
50 7317
51 1983
52 709
52 633
53 4915
54 6345
55 2925
55 4384
56 9466
56 210
57 6021
57 2763
57 7985
58 7994
58 2265
59 3060
59 3221
60 9958
60 5782
61 3713
61 8546
62 5749
63 7510
63 875
63 4262
64 9300
64 7407
65 1653
66 7592
67 9294
67 1783
68 7120
69 4712
69 6585
69 9763
69 3221
70 3765
71 2104
71 4340
72 7979
73 2673
73 3724
73 3749
73 3090
73 6665
74 2643
74 8340
74 9321
74 3279
75 6484
75 2085
76 9421
76 5636
77 4472
77 8066
78 8350
78 5332
78 5520
79 2263
79 7955
79 9718
80 6913
80 619
81 4823
82 3051
82 2725
82 6791
83 8374
83 3187
84 1994
85 4870
85 5514
86 4702
86 6867
87 2292
88 1367
88 3076
89 7883
89 4747
90 5820
90 2325
91 2132
92 5776
92 9358
92 9233
93 6639
93 4319
94 3394
94 6707
95 7897
96 3710
96 6287
96 3988
97 8055
98 2857
98 2141
99 7424
99 6734
100 2630
101 7416
101 603
102 9271
102 9242
103 3108
104 1593
104 7254
104 7227
105 252
105 9077
105 9148
106 5322
106 3812
107 6277
108 7988
109 1956
109 2315
110 3775
110 8320
110 9892
110 5556
111 6500
111 3800
112 4326
112 5132
112 6688
113 2954
113 5784
114 1327
114 2707
115 1030
115 2080
115 8160
116 1608
117 6329
117 7542
118 1821
119 9290
120 3149
120 209
121 2180
121 6784
121 549
122 3692
123 8964
124 260
124 5084
124 7165
124 2316
125 401
125 812
126 5337
127 4462
127 9629
128 4020
128 1991
128 3440
129 7654
129 2903
129 6061
130 8002
130 8267
131 2342
131 6880
132 5565
132 9287
133 5985
133 3401
134 3205
134 9243
134 9693
134 5775
135 1450
135 1320
135 9290
135 6232
136 2020
137 2386
138 1384
138 9710
138 6991
139 7466
139 1763
140 2329
140 5319
140 1029
141 8871
142 3891
143 3649
143 4843
144 731
144 5528
144 7770
145 751
146 7418
146 888
146 8367
147 9504
148 548
148 1307
148 7805
149 5842
150 2773
151 7697
152 7638
153 6268
153 3545
154 9429
154 8176
155 6351
155 8175
156 9583
157 8507
157 7450
158 4747
159 4617
160 2272
160 5023
161 8241
161 5687
161 2473
162 4787
162 6978
163 6486
163 7320
164 8459
164 6013
165 3538
166 9327
166 1977
167 1545
167 8690
168 1730
169 556
169 9129
170 9173
170 5643
171 4377
171 9951
171 204
172 4068
172 7006
173 5020
173 5284
174 8466
174 9044
174 6463
175 3236
176 3408
176 901
176 630
177 5195
178 4132
179 9094
180 1268
180 1865
181 6520
181 1468
182 1951
182 8142
182 8713
182 5831
183 5915
184 4525
184 9062
184 3795
184 528
184 5439
185 287
185 7035
185 3371
186 1084
187 4216
188 3137
188 6732
188 6020
189 8432
190 5653
191 9934
191 8373
192 8441
193 5555
193 7773
193 5366
195 8667
196 9335
196 3917
196 8085
197 3339
198 1071
198 6395
199 5547
199 7381
200 7451
200 8890
201 5042
202 1996
202 6165
203 1141
204 8078
204 8795
204 9258
205 321
206 7338
207 5236
208 9780
208 3388
209 4990
209 2437
210 9555
211 1929
212 5072
213 5661
214 3372
214 5148
214 6841
215 6015
215 1232
216 223
217 1796
217 2213
218 4287
219 4612
219 6854
220 5951
221 5634
221 355
222 266
222 4923
223 4513
224 1821
224 7544
225 1620
226 3993
227 4513
227 4736
227 5488
227 5570
228 507
229 8557
230 8942
231 5530
231 9859
232 7028
233 3472
234 456
234 8914
235 2863
235 6260
235 6006
236 7852
237 6687
237 2211
238 2888
238 4786
239 7846
240 3691
241 1018
241 9450
241 5782
241 6496
242 2087
242 1673
243 2313
243 6016
243 8455
244 759
245 3268
246 615
246 2100
246 4757
246 8037
247 7498
247 8194
248 8338
249 7352
250 1124
251 4776
252 2392
252 3796
253 6275
253 3973
253 2070
254 9531
254 7869
255 6431
256 3542
256 1075
257 650
258 382
258 6216
259 1105
259 7259
259 9417
259 1806
260 5505
261 3177
261 3217
261 4872
261 1630
262 409
263 3872
263 8752
263 4122
264 4718
264 4578
265 3312
265 7967
265 2208
267 7985
267 2939
268 9274
268 1138
269 5296
269 838
269 7008
270 7736
270 5332
271 812
272 1790
272 318
273 1762
273 8226
273 9715
273 3049
273 7527
274 7113
274 7627
275 3882
275 4498
276 9611
276 2350
276 4698
277 2124
277 1443
278 4167
279 8779
279 7814
280 2353
281 2936
281 1854
282 2247
283 9166
283 3013
284 9183
284 711
285 3371
285 7557
286 7321
288 8173
288 8399
288 7163
289 3540
289 3433
290 7446
291 9247
291 3387
292 384
292 660
293 1637
293 3558
293 9987
294 3060
295 485
296 6799
297 4350
298 3663
299 7530
300 3655
300 5072
301 6933
301 545
302 9381
303 8496
304 8510
304 3679
305 5290
305 8630
306 6745
306 7669
306 9581
307 6661
307 9974
308 9751
309 8498
310 8098
310 8920
311 6241
311 7821
312 563
312 9180
312 2491
313 3460
314 8838
314 9042
315 415
315 988
315 3241
315 4268
315 9918
316 2191
317 351
318 3685
318 6445
319 1575
319 8083
320 1604
321 4957
321 9882
321 4724
321 8923
322 7217
323 2804
323 6619
324 7244
325 3701
325 6057
325 3500
326 5069
326 9485
327 1319
327 8593
327 750
327 4806
328 699
328 5415
328 5593
329 7635
329 8482
330 859
331 4897
331 2394
331 9355
331 6935
332 4754
332 5099
333 543
333 8687
334 1750
335 343
336 2943
336 2973
336 7448
336 7853
336 521
337 7200
337 2171
337 3107
337 7713
338 3211
338 8020
338 5746
339 1403
340 3143
341 8831
341 6967
341 7459
342 4399
342 6454
342 9462
343 2861
343 7891
344 7345
344 6541
345 8598
346 1805
346 6658
346 8385
346 9289
347 1662
348 6692
349 2048
349 9371
350 8127
351 8325
351 4701
352 3538
352 1134
352 9894
353 3287
353 5313
354 643
355 9830
355 6980
356 1805
357 6705
357 3002
358 3642
359 493
359 9087
360 8198
361 3987
362 2937
363 6756
364 1403
365 7507
366 2364
366 9537
366 4964
366 6585
367 476
367 5887
368 3920
369 7004
369 8419
369 3045
370 2752
370 458
370 5017
370 6222
371 5640
372 4886
372 1387
373 9721
373 2460
374 7748
374 4413
375 6728
376 2590
377 4161
377 2512
377 870
377 8930
378 6191
379 4082
379 3054
380 2178
380 6695
380 7946
381 971
381 3039
381 9394
383 8399
385 693
386 8682
387 1742
387 5441
388 8827
388 9051
389 724
389 3734
389 7792
389 5872
390 7319
391 2247
391 7585
392 525
393 4005
393 8717
393 4125
394 7122
394 6419
394 9563
395 971
396 6381
396 2390
397 3080
397 3694
397 7768
397 8260
397 5338
398 3869
399 4922
399 5739
400 8032
401 7809
402 2157
403 6929
404 2292
404 5460
404 3025
404 2950
405 2216
405 1054
406 808
407 1524
407 4915
407 746
408 2654
409 2276
410 2601
410 5391
410 937
410 3284
411 6208
411 3874
412 6195
413 8692
413 9249
414 6218
416 5484
416 2317
417 6876
417 1613
418 2326
418 3928
418 7935
419 948
419 2325
419 7402
420 2538
421 4296
421 5853
422 757
422 1644
423 7169
423 7701
424 9720
425 7146
425 6175
425 7378
426 7946
427 5811
428 7834
429 1591
430 6300
430 3767
431 2675
432 7217
433 5646
433 7945
434 2436
435 7116
436 9142
436 6509
437 5851
437 6312
437 4160
437 9193
437 9799
438 1848
439 7311
439 5310
440 5744
440 7349
441 3712
441 6956
442 903
443 8653
444 6578
445 2375
446 7253
446 5285
447 6974
447 7557
447 2966
448 9551
449 7896
449 7268
450 2739
450 2737
450 6242
451 6378
452 2840
452 7586
453 5724
453 7907
454 8352
454 9224
454 8276
454 9999
455 8772
456 7850
456 9803
457 2866
458 5708
459 3643
459 3709
459 9867
460 3953
460 3033
461 669
462 8794
463 4331
463 8430
463 6774
464 7233
464 607
465 6400
466 7571
467 1129
467 7877
467 9722
467 5454
468 6865
468 6051
468 8830
469 6428
469 3802
469 2695
469 7192
470 3517
470 7742
471 2422
472 5996
473 5274
474 2647
474 6295
474 2105
475 2257
475 6521
475 5406
476 5092
477 7849
477 8959
477 3785
477 1831
478 2579
478 935
479 8834
479 6660
480 2772
480 5231
480 4529
481 6804
482 8657
483 3116
483 6831
483 9843
484 4404
484 4438
485 4775
485 7332
485 4963
485 8279
485 5286
486 3288
486 5509
486 7040
486 8745
486 3714
487 1028
487 1909
487 8731
487 2191
488 6890
488 7990
489 7703
489 2841
490 7312
490 618
491 9688
492 1347
492 6441
492 2934
493 7325
494 7677
495 2501
495 3883
496 2495
496 7145
496 2105
496 9297
496 5948
497 957
497 3704
497 7534
498 3091
498 3737
498 4628
498 6711
498 5677
499 5127
499 623
500 7346
500 6553
501 3936
502 7918
502 1242
503 8084
503 1377
504 7355
505 2069
505 7158
506 7966
507 2946
507 9689
508 4916
508 5933
509 1175
509 8935
509 9739
510 7145
511 7862
511 7056
512 7742
512 9357
512 2694
513 1943
513 7960
513 3411
513 2310
514 2685
514 7941
514 4502
514 9213
515 8717
516 5853
517 2791
518 5544
519 8528
519 5154
520 892
520 5070
520 4284
521 5859
521 8824
522 6877
523 2401
523 2866
524 727
524 8157
525 4624
525 9351
525 8502
526 5478
527 4213
527 9275
528 5307
528 2123
529 3657
530 8225
530 9166
531 2670
532 6276
533 1535
533 2841
533 9899
533 4627
534 8460
534 1632
535 7932
535 4763
536 9339
537 6437
538 2588
539 5305
539 6764
539 9981
540 1070
540 5143
541 9884
542 5065
542 6704
542 3319
543 5504
544 9262
545 9709
546 5036
546 9834
547 9605
548 4445
548 8723
548 7558
549 8081
550 8860
550 7370
551 9279
552 3677
552 3085
553 2147
553 2575
553 4081
554 6728
554 2115
555 1601
555 9104
556 1057
557 8877
557 9832
557 4213
558 2217
559 1594
560 3446
560 5329
560 1095
561 4656
561 4720
561 5911
562 1576
564 5552
564 705
564 3771
565 4541
566 4520
567 1897
567 5254
567 9398
567 8923
568 8827
569 7058
569 881
570 6252
570 1754
571 6073
571 4860
572 5937
572 3071
573 5790
574 4100
574 826
575 1520
576 7870
576 4744
576 9171
576 4767
577 7565
577 9532
577 4858
577 4141
578 9445
578 6721
578 7641
579 5969
580 4215
580 7859
580 583
581 4515
581 9473
581 9774
582 800
582 7522
582 7500
583 8392
584 9709
584 6948
585 4982
585 4214
586 6690
586 9236
587 4366
587 9087
588 2478
588 5107
589 2980
589 6382
589 8372
590 5943
590 2729
590 5668
591 6140
591 2142
592 6655
592 9419
593 1044
593 7363
594 2206
595 4505
596 8876
597 1839
597 1357
598 2140
598 9331
599 8522
600 8129
601 4546
602 6881
603 7443
603 8836
604 4716
604 614
605 3272
606 3952
606 8453
606 5478
607 1163
607 1326
608 9564
609 9935
609 5017
610 2118
610 6110
610 9870
611 6102
612 6868
612 7383
613 4042
613 6673
613 5142
613 9525
614 811
616 3671
617 8020
618 9130
618 7699
619 3421
619 8096
619 1542
619 1961
620 3818
620 5482
620 8380
620 5254
621 5306
622 5450
622 3128
622 7027
623 2070
624 710
625 2369
625 629
626 2421
627 5995
628 6286
628 8552
629 1460
629 5503
629 8830
629 7179
630 3517
631 4758
631 4775
632 9082
633 9743
633 8843
634 7975
634 2871
634 8629
635 1668
635 5976
636 9919
637 8915
638 2142
638 6469
639 5413
639 906
640 8069
640 7052
641 5437
642 3263
642 4175
643 6964
643 6589
643 2483
643 8400
644 9719
644 5990
645 8693
646 4392
647 5042
647 4540
647 7240
648 4577
648 7210
648 4582
648 9623
649 2670
649 9660
650 1755
651 1166
651 7429
651 5563
652 8340
653 9699
653 7298
653 1395
654 4033
654 2820
654 2962
654 6519
655 3296
656 5486
656 5116
656 9732
657 5297
658 7833
659 9415
659 9412
660 8361
660 4394
661 6962
661 9614
661 4092
661 8454
661 9329
662 7504
662 9561
663 9169
663 7839
663 7009
664 9256
665 2015
665 7826
666 3005
666 3640
667 1187
667 4168
667 8778
667 8830
668 3182
668 2833
669 5870
670 5413
671 9907
672 965
672 1538
672 4269
672 7524
672 5219
673 8210
673 9245
674 7156
675 8468
675 6108
676 4847
676 7321
677 8117
678 2676
679 6411
679 9609
680 2637
680 8589
681 4882
681 4838
681 7726
682 8927
683 7811
683 7108
683 773
684 5780
685 3419
686 9518
686 1831
687 2162
687 9752
688 3432
688 6291
688 5040
689 7909
689 9890
689 1216
690 7017
691 7194
691 7586
691 2206
691 5758
692 4635
692 1892
693 4970
693 1427
694 4729
694 4698
695 6778
695 5438
696 1543
696 1182
697 5604
697 2024
698 6355
698 8167
698 7970
699 1756
699 4599
700 1125
701 5106
701 7206
701 8487
702 8374
703 3071
703 2717
704 1142
705 8724
706 1350
707 9318
708 4681
709 3297
709 2188
710 3644
710 8346
711 3126
712 2299
713 5362
713 7142
714 2498
715 2281
716 3865
717 2025
717 3246
717 3275
717 2843
718 3884
718 5315
719 4418
719 966
720 9841
721 2719
722 5000
722 9330
722 5664
723 7192
725 5204
725 1249
726 4922
728 7993
728 5116
729 7871
729 6392
730 2649
732 2833
732 1206
733 4070
733 2570
734 4348
734 5733
735 6188
735 2110
735 6335
735 8585
735 5491
736 5382
736 8307
736 9725
736 9071
737 4217
737 3243
737 5399
738 3965
738 9806
738 2444
739 1561
740 4574
740 9362
740 9570
740 7799
741 3683
742 4338
742 2593
743 2164
744 6838
744 7969
744 2871
745 7755
745 9654
746 3612
747 5346
748 2027
748 8283
748 1271
749 6341
749 1907
750 4730
750 3168
750 5710
750 1179
750 8589
751 2307
752 9698
752 6468
753 6636
754 2061
755 5075
755 3279
755 6140
756 7294
758 2532
758 2390
759 1726
759 6384
759 2881
759 4671
760 8145
760 5617
760 6721
761 5950
762 4371
762 6737
762 6684
762 4582
763 2928
763 3859
764 4709
764 8518
765 5855
766 3657
767 8673
767 8140
768 2738
768 5053
768 9504
768 1565
769 2466
770 6349
770 9167
771 7519
772 4992
772 7850
773 3352
774 5571
774 4784
774 4241
775 6470
775 9515
775 8536
775 982
776 7289
776 4745
776 7842
777 8849
778 7482
778 7714
778 8036
779 7940
780 1458
781 1916
782 1509
783 2759
784 2980
785 3249
785 6201
786 8892
786 6460
787 7442
788 2308
788 7164
789 2669
789 4421
790 7490
791 5734
791 2982
792 2367
792 9987
792 1905
793 3227
794 8699
794 1707
795 2315
795 4763
795 8154
796 6614
796 4076
797 2085
797 3821
798 2609
798 5664
799 6256
799 5085
800 5185
801 6210
802 2058
802 4834
802 7540
803 4601
803 9971
803 4127
804 9973
805 2275
805 4062
806 4490
806 6668
806 6906
806 2580
807 5441
808 8696
808 6602
809 4277
810 4116
810 8362
810 4893
811 9385
812 1107
812 9308
813 2831
814 7457
814 1715
815 4269
816 4041
817 2814
818 7428
818 4885
819 8624
819 6620
819 2574
820 3342
820 7997
820 843
820 9717
821 3166
822 1862
822 2327
823 8172
824 8380
825 2862
826 6019
826 4338
827 6719
827 6949
827 2487
827 7945
828 9180
829 7153
829 7939
830 6722
830 9911
831 8378
832 8878
832 9200
832 6465
833 3195
833 9041
834 3326
834 4592
835 3487
835 4302
835 5520
835 4077
836 5377
836 4191
837 7581
837 5830
838 9267
839 8983
840 3641
841 3494
841 7164
842 5939
842 1632
842 6695
843 4007
843 9517
844 1914
845 6515
846 8652
846 9043
846 5091
846 2483
847 7477
848 5966
849 7905
849 5458
850 6083
850 3615
851 4237
851 8829
851 8140
851 6313
852 3863
852 8389
852 9056
852 6373
853 5229
854 4105
854 1661
854 2466
855 2411
856 4818
856 4550
857 1770
858 5281
859 3433
860 2168
860 6331
860 7673
860 9308
860 9623
860 4544
860 8443
861 7049
861 7149
862 5085
862 4026
863 5400
864 4948
864 3436
864 4209
865 9252
865 9738
865 4642
865 7129
865 1272
866 9641
866 1519
867 1666
867 5184
867 8790
867 4204
868 2995
869 3285
870 7826
871 7938
872 2443
872 9905
873 1086
873 4430
873 9375
873 3775
874 6144
874 1748
875 4733
876 3385
876 7397
876 2806
877 6290
877 8197
878 7124
878 9015
878 3201
879 3510
880 1857
880 6349
881 5936
882 5973
882 9259
882 1065
882 4137
883 2834
883 5115
884 6483
884 5616
885 6104
885 1109
886 2134
886 4431
887 6515
887 6694
888 5893
889 6716
889 3689
890 7405
891 5466
891 8423
891 5194
892 6253
892 3858
893 3974
893 5240
893 4349
894 2729
895 3073
895 6833
896 3478
897 4185
897 3284
897 6912
898 4995
899 2021
900 5716
900 2640
901 6699
902 7123
903 2036
903 7551
904 8779
905 2907
906 8055
907 1611
907 3017
908 8701
908 2258
909 1109
909 2462
909 3753
910 7633
910 7016
911 7506
911 1442
912 5196
912 8532
912 3861
913 5138
913 2702
913 7996
914 1274
915 7770
915 4361
916 8716
917 6590
918 1360
918 5346
919 2386
920 3806
920 1708
921 1413
921 8650
921 7995
922 3534
923 3300
924 3151
924 7523
925 6588
925 9502
925 4448
926 2770
926 4511
926 8789
926 5197
927 3596
927 2355
927 1469
928 2038
928 1857
929 8482
930 3146
931 2330
932 5024
932 8874
933 5873
933 2783
934 2975
934 1389
935 9368
935 7942
936 4372
936 4795
937 5517
938 5516
938 7455
939 1315
939 4290
940 5688
940 6525
941 1655
941 3254
942 3449
943 9850
944 7020
945 4821
945 7114
945 9086
946 7226
946 3117
947 1884
949 8013
950 7843
950 6671
951 9605
952 4545
952 9457
952 1982
953 2910
953 9441
953 4058
953 7891
954 7734
955 3449
956 4411
956 4648
956 1005
958 3124
958 9391
958 7500
959 5462
960 6771
960 9000
960 3243
961 7356
961 7309
962 9567
963 5134
963 964
963 3459
964 3578
966 1517
966 7824
966 1261
966 8002
967 7217
968 1874
968 2983
969 4954
969 9132
970 9788
972 9740
973 3575
973 4145
973 6797
973 2466
973 8009
973 6518
974 4762
975 3698
976 6204
977 5339
978 1319
979 2404
979 2607
979 5888
980 3023
981 3814
981 5658
981 3810
981 7385
982 1043
983 8898
983 8220
984 9573
984 1873
985 8207
986 5830
986 1383
987 3792
989 3918
990 3327
990 1744
991 7686
991 7461
992 6250
993 1355
993 6301
994 5378
994 5726
995 2461
996 1534
997 3509
997 7906
997 6506
998 3759
999 1569
999 5882
999 7066
1000 4554
1000 8678
1001 4890
1001 2427
1002 6940
1002 2012
1003 9703
1004 1769
1004 3474
1005 1503
1005 3800
1005 7626
1006 1264
1007 8945
1007 2093
1008 9890
1009 7344
1010 9483
1010 3566
1011 3126
1011 5696
1011 4129
1012 1955
1012 3163
1013 5659
1013 7041
1013 2516
1014 8232
1015 2506
1015 8286
1015 5677
1016 2961
1016 3733
1016 9020
1017 1642
1017 8368
1019 3433
1019 9376
1020 9815
1021 1577
1021 5224
1022 6090
1022 7438
1022 3988
1023 1636
1023 4638
1023 5415
1024 3634
1024 6457
1024 7331
1024 7596
1025 1626
1025 4032
1026 5501
1026 3410
1027 4227
1029 1527
1030 8402
1031 2353
1031 5375
1032 9337
1032 9384
1032 8873
1033 8240
1034 3950
1035 2367
1036 5174
1036 3362
1037 9285
1037 1894
1038 1239
1038 9225
1039 6787
1039 5012
1039 6344
1040 6606
1040 1761
1040 2461
1041 2320
1041 4778
1041 7726
1042 6712
1042 1654
1043 9096
1044 5334
1044 8642
1045 4980
1046 3174
1046 8107
1046 3733
1047 7592
1047 2955
1047 3436
1048 6722
1049 6270
1050 3215
1050 2532
1051 6558
1051 7875
1051 9448
1051 6196
1052 6710
1053 6323
1054 2187
1054 2431
1054 9900
1055 8700
1056 6851
1056 7059
1056 8177
1057 3763
1058 4079
1058 5243
1058 3892
1058 9335
1059 4760
1059 4683
1060 1125
1060 2562
1061 7391
1062 5828
1063 4103
1063 7213
1063 1240
1064 3949
1065 5803
1065 5525
1066 5944
1066 2448
1066 9087
1067 5662
1067 6623
1067 2887
1068 5693
1068 1825
1068 1834
1069 6643
1069 9571
1070 2679
1071 4189
1072 1191
1072 4677
1073 5891
1074 1758
1074 7140
1075 9905
1076 4589
1076 1885
1076 6394
1077 7070
1077 7348
1077 1409
1078 1471
1078 4670
1078 6080
1079 3171
1079 2106
1080 4668
1081 3258
1081 6729
1081 4311
1082 8728
1082 5434
1083 9943
1083 2250
1084 7744
1084 4834
1085 4606
1087 4977
1087 1137
1088 1621
1088 5540
1088 9551
1088 6257
1089 7554
1090 9485
1090 1960
1091 7197
1092 2989
1092 2002
1092 2743
1093 6676
1094 6736
1095 2078
1095 1817
1095 5794
1096 5358
1096 4855
1097 3136
1098 2531
1099 8819
1099 5804
1100 6081
1100 5525
1101 1437
1101 2378
1102 8932
1102 6706
1102 9970
1102 9213
1102 2839
1103 7911
1104 1682
1104 9845
1105 3314
1106 1828
1106 5562
1106 2762
1106 1342
1107 2883
1108 6167
1108 2540
1108 4597
1109 2778
1110 9525
1110 6377
1111 3086
1111 2340
1112 5686
1113 2358
1113 6578
1114 5618
1115 2536
1115 6157
1116 4585
1117 4095
1118 9582
1119 9264
1119 4592
1119 8464
1120 6467
1121 3314
1122 4994
1123 5501
1124 8351
1126 1627
1127 7699
1128 7635
1130 8237
1130 9984
1130 5573
1131 5339
1131 2403
1132 4766
1132 4153
1132 7930
1133 8361
1134 1282
1134 4984
1135 5797
1135 6485
1136 3131
1137 6703
1137 8118
1137 8270
1137 6837
1138 8569
1139 6608
1139 7039
1140 1606
1141 3745
1141 8829
1142 7152
1142 3107
1143 3606
1143 9137
1144 6430
1145 1945
1145 8140
1146 4077
1146 2641
1147 6125
1147 9815
1147 3039
1148 6528
1148 4529
1148 2555
1149 5673
1149 5568
1149 2889
1149 5357
1150 9536
1150 8026
1151 2489
1152 1794
1153 9449
1153 8946
1153 7986
1154 7872
1154 9648
1155 3574
1155 6771
1156 7317
1157 7484
1158 6397
1158 7105
1159 1608
1160 8934
1160 9945
1160 5975
1161 9774
1161 2941
1162 1274
1163 4436
1164 7116
1164 7250
1165 9881
1165 6384
1166 5096
1166 7999
1167 6661
1168 2589
1168 7600
1168 8398
1168 7685
1169 2330
1169 6017
1169 1745
1170 3403
1170 8693
1170 9477
1171 3171
1172 5623
1173 6012
1174 5135
1174 7296
1176 1211
1177 3395
1177 9685
1178 9731
1179 5441
1180 1647
1181 6285
1181 4269
1182 5009
1182 6496
1183 4457
1183 5295
1184 8223
1185 5422
1185 2734
1186 6410
1186 7854
1188 7297
1188 6360
1188 3414
1189 1941
1190 2434
1190 3702
1190 4314
1190 2815
1192 1844
1192 2638
1192 1869
1193 8755
1193 6644
1193 1847
1194 8820
1195 2678
1195 2307
1196 4059
1196 5593
1196 1341
1197 5520
1198 2212
1199 9161
1199 8201
1200 4539
1201 2157
1202 9805
1203 8635
1203 6626
1203 8573
1204 5094
1204 6480
1205 6307
1206 9305
1206 9473
1207 3455
1208 9495
1209 1229
1209 6522
1210 7026
1211 7621
1212 1934
1212 7971
1213 3253
1213 1527
1213 7664
1214 9185
1215 3337
1216 1237
1216 8197
1216 6284
1217 6041
1217 2455
1218 7681
1219 2083
1219 9256
1220 1930
1221 2653
1221 5210
1221 8465
1222 4441
1222 7889
1222 5195
1223 5337
1224 9027
1224 7143
1225 3018
1226 4593
1227 6167
1228 2537
1228 9847
1230 4819
1230 7061
1231 5266
1231 5915
1232 3362
1232 6596
1232 3199
1232 6297
1233 2437
1233 8676
1234 4564
1234 2617
1235 3311
1236 6535
1237 2654
1238 1467
1238 9484
1239 7560
1240 5538
1241 9567
1241 3942
1242 8006
1243 7026
1243 4712
1244 7189
1245 5021
1245 1515
1246 9966
1247 6555
1247 6229
1247 9715
1248 8668
1248 2559
1249 1788
1249 2280
1249 2788
1249 2102
1250 6570
1250 6574
1250 8147
1250 3252
1251 7067
1251 1432
1252 8625
1252 2725
1253 7564
1253 8192
1253 3048
1253 4282
1253 1474
1254 5243
1255 9813
1256 7712
1256 8066
1256 7691
1257 1505
1257 9862
1258 2445
1258 6168
1259 5807
1260 8842
1260 7305
1261 6586
1261 8628
1262 4430
1263 2639
1264 2963
1264 6728
1265 3995
1265 6637
1265 8268
1265 3069
1266 7833
1267 2585
1269 7407
1270 2353
1271 3528
1271 6580
1272 6981
1272 9978
1273 6027
1274 7882
1274 9051
1275 1426
1276 5828
1277 6749
1278 5781
1279 9707
1279 9407
1279 4784
1280 4608
1280 5945
1281 2780
1281 3388
1283 6084
1283 8964
1283 6051
1284 8641
1284 9465
1285 7700
1285 2084
1285 1377
1285 4123
1286 6945
1286 7922
1287 4816
1288 6922
1289 4453
1290 1860
1290 7569
1291 6134
1292 6584
1292 7574
1292 4125
1293 7677
1293 3063
1294 8132
1295 3629
1296 2442
1296 9845
1297 5448
1297 5886
1298 8222
1298 9135
1299 5496
1300 2649
1300 8079
1300 3184
1301 9133
1301 9549
1302 6745
1303 3947
1303 7013
1303 7123
1303 9472
1304 3559
1304 6774
1305 8776
1305 5527
1306 8022
1306 1529
1307 9620
1308 3821
1308 6199
1308 9997
1309 7620
1310 6997
1310 9716
1310 9895
1311 7471
1312 8285
1313 6501
1314 7645
1316 1933
1317 6559
1317 7382
1318 7068
1320 1441
1320 5671
1320 6502
1321 2787
1321 4740
1321 2155
1322 7915
1322 1691
1323 6343
1323 1361
1324 4430
1325 5393
1325 9778
1325 7118
1326 5112
1327 8213
1328 6495
1328 6537
1329 6937
1329 3842
1330 9975
1331 9084
1332 4757
1333 7222
1334 4144
1335 6446
1335 6652
1336 8181
1336 5321
1337 8707
1337 1787
1338 6462
1338 5784
1339 9883
1339 3400
1340 1558
1341 2877
1342 4188
1342 8211
1343 6011
1343 9430
1344 9092
1344 1782
1345 7495
1345 6224
1346 1678
1346 9098
1348 9359
1349 4781
1350 4509
1351 8784
1352 9102
1353 4761
1353 9143
1353 2104
1354 8705
1356 4509
1356 9106
1357 5080
1357 4989
1358 8266
1359 4370
1361 1699
1361 6180
1361 5434
1361 1550
1362 5993
1362 7644
1363 9974
1364 3668
1365 5643
1365 7304
1365 9748
1366 6177
1366 9814
1366 1603
1367 2262
1368 4211
1369 4811
1370 4969
1371 3064
1372 8561
1372 5741
1373 5147
1374 1616
1375 8146
1376 7796
1376 2627
1377 3180
1378 7618
1379 4847
1380 3325
1380 4679
1380 3387
1381 8821
1381 9737
1382 8367
1383 9925
1383 6750
1385 6092
1385 8229
1386 1675
1386 8302
1386 2203
1387 3451
1388 5014
1388 3837
1389 6551
1390 5432
1390 9852
1391 2447
1392 7329
1392 8080
1393 6869
1393 5067
1394 2481
1394 7888
1394 3560
1395 9949
1396 6705
1397 8894
1398 9930
1398 7830
1399 7986
1400 3987
1400 2652
1400 3929
1401 5614
1401 7148
1402 3515
1403 8820
1403 5071
1404 4309
1405 2044
1405 5038
1406 3532
1406 6349
1407 8933
1407 3495
1407 4046
1408 8441
1408 3990
1409 5503
1410 8576
1410 7087
1411 4048
1411 7328
1412 8344
1414 8450
1415 6766
1415 2476
1416 3775
1417 6000
1418 3113
1418 6990
1419 6552
1420 2604
1420 6294
1420 5515
1421 2541
1421 1521
1422 2832
1423 2871
1424 5479
1424 2324
1425 3507
1425 1591
1425 4830
1426 4228
1427 3316
1427 1660
1427 6935
1428 6493
1429 6607
1430 8242
1430 8332
1430 8300
1431 2428
1432 5428
1432 8349
1433 4807
1433 8067
1433 3769
1434 9070
1435 5886
1435 6629
1435 4278
1436 6523
1437 6664
1438 1734
1438 4448
1439 3771
1440 8175
1440 8737
1441 2671
1442 8509
1443 4134
1444 7218
1444 1898
1445 3952
1446 9202
1446 8497
1447 5121
1447 5607
1447 5802
1447 1725
1447 3835
1448 8118
1449 6632
1450 4111
1451 7472
1452 5229
1452 8614
1453 5697
1453 6669
1454 8752
1455 1460
1456 9438
1456 8726
1457 5782
1458 4870
1459 2280
1460 6026
1460 6160
1461 1953
1462 9768
1462 7938
1462 2934
1463 6022
1463 8306
1463 8034
1464 4022
1465 6089
1466 9769
1466 8950
1468 8984
1469 5262
1469 5676
1470 6603
1470 9804
1472 1656
1473 7391
1474 5189
1475 6272
1475 4098
1475 2279
1476 8406
1477 9543
1478 5047
1479 7402
1480 2648
1480 6192
1481 7183
1482 1927
1483 2718
1484 7648
1484 4409
1485 2876
1486 7055
1487 4524
1487 2552
1488 9229
1488 3280
1489 6181
1489 4220
1490 2142
1491 3343
1491 3793
1492 3993
1493 3991
1493 1939
1494 8978
1495 6923
1495 8806
1495 9979
1496 7931
1497 3307
1498 2623
1498 4681
1498 7621
1499 2073
1499 9331
1499 2356
1500 6315
1500 4777
1501 5226
1501 9873
1501 4709
1502 1556
1504 9234
1504 4231
1504 6932
1505 5314
1506 5529
1506 8030
1506 7244
1507 8475
1508 3353
1508 9635
1508 9755
1508 3673
1509 4108
1510 6843
1511 6062
1512 5803
1513 6483
1514 4087
1514 7105
1514 2268
1515 8845
1516 8549
1516 8076
1517 1833
1517 9820
1518 9920
1519 8656
1519 9761
1519 3999
1520 3612
1520 9974
1520 8339
1521 1746
1521 5308
1522 2138
1523 2458
1523 2361
1523 8383
1523 1837
1525 2529
1526 7777
1528 8003
1528 5817
1529 2956
1530 1580
1530 5631
1531 5916
1531 7970
1531 9191
1531 6955
1532 6915
1532 6213
1533 3482
1533 8083
1534 8458
1534 3098
1535 7580
1536 5560
1537 6805
1537 6848
1537 2093
1537 7895
1538 3427
1538 6080
1539 6245
1540 5979
1540 4227
1540 5357
1541 6577
1541 6860
1541 3032
1541 4031
1542 9007
1542 3790
1543 3202
1544 1695
1544 2335
1544 8183
1546 5260
1546 8717
1547 9103
1548 6739
1549 4911
1550 4886
1551 6063
1552 9238
1553 7962
1553 4361
1553 9399
1553 6559
1554 4437
1554 7242
1555 5878
1555 2331
1556 1600
1556 6918
1556 7129
1557 3212
1557 8758
1557 2540
1558 5886
1559 2625
1559 5979
1560 3014
1561 4983
1561 3441
1561 8135
1561 2487
1562 2689
1562 4921
1563 1975
1563 4152
1563 8562
1564 3519
1564 2425
1564 4227
1565 4431
1566 5627
1567 5357
1568 6321
1569 4811
1569 3752
1570 7564
1571 6417
1571 5188
1572 9605
1573 8100
1574 2263
1575 6480
1576 5614
1578 5737
1578 9462
1578 4934
1579 3479
1579 2813
1581 3382
1582 9880
1583 3555
1583 6501
1584 3700
1584 7429
1585 1608
1585 6354
1586 5911
1587 4526
1587 6452
1588 6677
1588 7195
1588 5090
1588 9858
1589 9917
1590 2366
1591 8451
1592 5257
1592 2163
1593 4369
1594 6148
1594 2162
1595 9035
1595 2524
1596 2853
1597 4481
1597 5032
1598 3419
1598 8972
1598 9666
1599 4933
1599 7818
1599 3082
1599 5245
1600 4281
1602 6938
1602 3528
1603 5209
1604 6550
1605 8321
1605 8811
1606 3378
1606 9660
1606 8529
1607 4125
1609 8153
1609 3524
1610 7452
1610 5881
1612 8581
1613 8345
1613 9675
1613 1889
1614 4384
1615 5235
1616 5984
1617 4667
1618 2333
1618 2484
1618 5286
1619 3502
1619 6572
1619 7344
1619 3332
1620 1718
1620 1859
1620 9284
1620 8189
1622 4843
1623 5618
1624 5712
1624 2236
1624 8381
1625 2127
1625 5988
1625 3627
1626 8191
1627 9625
1627 5263
1628 2568
1628 8762
1628 6035
1629 9262
1629 9515
1630 6593
1630 9568
1630 3918
1631 9232
1632 2407
1632 3396
1632 5005
1632 6129
1633 3506
1634 2605
1634 6106
1634 7473
1635 7278
1635 3858
1638 3142
1639 9396
1639 4429
1640 7721
1640 3846
1641 6152
1641 6217
1642 4505
1642 6050
1642 5616
1643 6187
1644 1733
1644 2090
1645 8541
1645 9087
1646 1908
1646 2737
1647 7750
1647 8403
1647 7149
1647 2453
1648 5457
1649 4637
1650 8649
1650 6864
1650 2343
1651 9575
1651 4795
1652 8492
1652 6573
1653 6236
1653 5098
1653 4909
1653 5511
1654 7256
1654 2585
1655 8618
1656 6200
1656 7933
1656 4198
1657 2200
1657 2690
1658 7509
1659 7396
1659 5602
1660 5581
1661 9145
1661 7327
1662 9825
1662 2355
1663 3466
1663 6760
1664 2205
1664 5386
1664 6836
1664 8366
1664 5588
1665 3090
1667 4028
1668 6939
1669 2420
1670 7328
1670 1977
1671 1724
1671 5045
1671 8491
1672 9110
1672 4890
1673 3717
1673 2341
1674 7380
1674 8413
1676 8185
1676 2301
1677 8429
1677 7556
1678 9887
1679 9528
1680 4609
1680 9277
1681 6512
1681 7129
1683 4973
1683 3954
1684 3328
1685 7117
1685 5245
1686 8526
1687 7965
1687 2302
1688 2586
1688 5768
1688 5298
1689 8744
1690 5660
1690 5771
1691 5941
1691 7930
1691 6557
1692 9903
1693 7713
1693 9716
1694 6736
1694 1752
1696 5364
1697 6594
1698 9838
1700 9401
1700 2424
1701 3567
1701 5567
1702 6299
1703 4760
1704 2453
1705 6806
1705 9067
1705 9101
1705 6652
1706 5270
1707 3286
1707 8617
1707 4573
1708 2405
1708 3968
1708 4494
1708 3679
1708 3695
1709 5803
1710 9804
1711 7481
1711 5329
1712 4735
1712 3534
1713 9875
1713 7421
1714 1719
1714 6334
1714 3079
1715 4823
1715 9280
1715 9922
1715 3512
1716 3742
1717 6313
1718 6928
1720 6502
1721 8665
1722 3140
1723 4521
1725 7559
1726 6028
1727 4846
1727 2297
1728 5749
1729 7866
1729 7585
1730 4957
1731 7694
1732 5335
1732 9729
1733 2692
1733 6853
1733 7526
1734 8375
1735 4802
1735 4847
1736 7113
1737 2246
1737 8670
1737 6222
1737 3584
1738 3724
1739 2040
1739 8572
1739 4375
1739 2140
1740 6071
1741 3096
1741 3501
1742 2327
1743 9452
1744 7067
1745 6332
1747 8769
1748 9292
1749 4041
1749 5775
1749 8430
1750 4006
1750 1880
1750 9013
1751 7705
1752 6759
1752 6768
1752 4131
1753 3488
1753 1797
1753 7390
1754 9486
1755 3487
1757 1841
1757 7966
1757 7382
1757 3696
1758 4294
1758 5656
1759 7832
1759 2564
1760 4244
1760 8262
1761 7527
1763 9956
1764 8683
1765 4470
1766 3934
1766 4158
1766 5199
1766 7874
1767 8884
1768 4513
1770 9472
1771 3665
1771 7903
1771 5849
1772 6749
1773 4528
1773 5675
1773 8254
1774 2363
1774 2477
1775 5292
1775 9629
1775 7714
1776 3052
1776 9157
1777 8731
1778 3617
1778 2017
1779 8698
1779 5031
1780 3064
1781 7272
1781 4934
1782 3265
1783 5437
1783 7983
1783 4521
1784 5717
1785 6370
1785 2691
1786 5433
1787 1994
1789 8624
1791 3040
1791 3454
1791 3695
1792 5244
1792 5749
1792 8390
1793 2831
1793 8641
1794 7398
1795 3359
1796 6738
1796 9828
1797 7928
1798 3610
1799 4321
1800 4579
1801 6476
1801 8449
1801 4218
1802 5007
1803 7993
1804 9374
1804 2241
1805 2229
1806 9282
1806 8769
1807 6277
1807 8928
1808 5158
1808 5265
1808 5379
1809 8086
1810 6327
1811 7222
1811 8392
1812 3181
1813 4678
1813 5070
1814 3753
1814 3393
1815 8745
1816 4385
1817 5635
1817 6304
1817 8123
1818 2756
1819 2962
1820 3538
1822 9004
1822 6841
1823 6148
1824 6564
1824 5335
1825 5605
1825 8000
1826 8613
1826 2541
1827 8463
1829 9015
1830 4605
1831 3778
1831 4499
1831 9645
1831 4901
1832 9091
1833 6894
1833 7908
1833 9636
1834 6902
1835 9688
1835 8911
1836 6097
1836 5378
1837 8122
1837 6656
1838 7791
1838 9931
1839 4796
1840 9129
1842 3223
1842 2658
1842 2664
1843 6144
1845 5613
1845 2275
1846 2081
1846 3007
1847 4110
1847 8929
1847 7218
1848 5984
1848 9916
1848 3991
1849 7204
1849 4030
1850 5564
1851 6675
1851 4973
1852 8714
1852 2181
1853 9697
1853 3321
1854 9706
1855 3535
1856 6533
1857 8533
1857 2941
1857 5684
1858 5041
1858 8314
1858 7569
1858 6791
1859 4520
1859 6744
1860 8996
1861 6146
1863 3584
1863 6679
1864 3871
1865 5345
1865 6316
1865 9553
1865 9963
1866 5672
1867 3085
1867 2783
1868 3598
1868 6267
1869 4687
1869 6038
1870 5853
1870 5959
1871 9153
1872 4531
1872 5270
1872 4432
1873 1997
1874 2709
1874 8313
1875 7409
1876 4803
1876 9452
1876 5449
1876 6691
1877 9352
1877 3741
1877 7771
1878 7300
1879 3962
1879 2384
1880 3313
1881 6777
1881 8074
1881 8336
1882 9767
1882 8659
1883 6896
1884 5163
1884 8295
1885 7656
1886 7179
1887 7758
1888 9958
1889 2479
1889 8496
1889 8823
1890 7490
1891 2779
1891 7089
1891 3566
1891 5064
1892 2588
1893 4848
1894 5688
1895 4101
1895 8341
1895 3980
1896 5215
1897 8033
1898 7579
1898 7710
1898 9079
1899 1958
1899 8744
1899 4370
1900 4228
1900 2667
1901 9521
1901 2336
1902 7543
1902 3777
1903 3715
1904 6669
1905 7355
1905 6265
1906 2177
1906 9852
1906 4297
1907 8040
1907 9843
1910 9398
1911 2676
1911 9210
1911 4708
1911 5723
1912 4752
1912 2237
1912 9023
1912 2429
1913 4715
1913 3996
1914 2126
1914 5938
1914 6187
1915 2436
1916 5910
1916 7457
1917 6990
1917 7633
1918 3492
1918 6312
1919 8328
1919 2367
1920 3767
1920 8497
1921 6145
1921 9303
1922 4256
1922 6067
1923 5843
1923 9152
1923 3261
1924 9940
1924 8248
1925 8017
1925 8682
1925 9685
1926 7152
1927 4576
1927 4138
1928 3993
1929 5398
1929 8235
1930 6224
1930 4353
1931 6121
1931 4600
1931 4868
1932 3290
1933 2548
1933 2801
1933 5823
1935 3448
1935 6950
1935 3602
1936 6473
1936 2541
1937 4091
1937 4790
1937 4856
1938 3310
1939 2950
1939 3627
1940 6231
1940 3486
1940 9760
1941 2594
1941 5677
1941 7606
1942 3019
1942 7957
1943 6414
1944 3227
1946 7267
1946 4779
1947 9574
1947 9427
1948 8600
1948 9609
1948 2845
1949 9993
1949 5788
1950 4725
1951 6456
1952 2547
1952 4387
1953 6338
1954 8840
1954 6544
1955 3053
1955 4931
1957 9190
1959 5990
1960 4688
1960 6361
1961 6454
1962 3035
1962 7263
1963 9333
1963 2314
1964 7396
1965 4894
1965 3513
1965 5422
1966 9674
1967 2961
1968 8416
1968 7226
1969 8966
1969 7535
1970 2967
1970 3666
1970 5971
1970 4363
1971 6034
1971 7299
1971 7655
1972 3868
1972 6997
1973 2633
1973 9248
1973 8492
1974 6217
1974 5912
1974 5687
1975 2184
1976 7391
1976 6263
1977 3108
1977 7983
1978 8715
1978 2773
1978 4018
1978 8073
1979 4661
1979 5324
1980 3161
1980 3244
1981 3411
1982 9417
1983 2614
1983 9455
1984 6364
1984 9296
1985 4210
1985 3254
1986 9808
1986 5774
1987 6464
1988 8212
1988 9303
1989 4932
1989 8418
1989 4562
1990 9107
1990 9204
1990 3858
1991 3780
1991 7171
1991 8309
1992 2959
1992 9182
1992 5579
1993 7136
1994 4428
1995 5147
1996 8232
1996 5560
1997 4199
1997 7074
1997 8306
1998 9364
1998 4780
1999 7208
1999 8329
2000 8195
2000 3857
2001 8535
2002 3638
2002 6561
2002 7892
2003 5274
2004 6172
2005 5962
2005 4561
2005 5159
2006 3381
2006 4325
2006 8987
2007 2793
2007 4738
2008 2515
2008 3519
2009 5313
2010 3877
2010 7145
2011 6689
2012 6012
2012 8974
2013 3140
2014 4971
2015 6625
2016 8113
2017 2480
2017 3616
2018 2259
2018 5779
2019 2469
2020 7111
2020 2785
2021 2278
2021 4517
2022 6972
2022 9164
2023 9792
2023 7593
2023 3114
2024 8994
2026 8476
2026 6490
2028 3255
2028 7580
2029 4117
2030 6827
2031 7194
2032 2613
2033 9443
2033 3203
2034 9806
2035 2760
2035 4995
2035 3718
2037 2313
2039 6367
2041 9545
2041 4305
2041 5177
2042 9581
2042 2668
2043 3179
2043 9244
2044 3380
2045 4405
2045 2701
2046 3141
2046 2733
2047 9963
2048 9003
2049 9935
2050 4905
2051 3910
2051 5846
2052 3588
2052 8634
2052 5573
2053 2508
2053 4815
2054 2115
2055 8907
2055 2409
2056 6443
2056 7728
2056 6445
2057 4324
2057 5063
2057 6963
2059 5081
2060 3207
2061 4238
2061 6353
2061 2641
2061 5925
2062 4053
2062 3893
2063 5538
2064 3441
2065 6807
2066 4352
2067 7390
2067 2868
2068 6133
2068 4804
2069 4086
2070 2145
2070 8897
2070 4627
2071 9997
2071 7348
2072 8665
2073 4669
2074 9376
2074 9783
2074 9535
2074 2295
2075 7275
2076 2795
2076 3510
2076 7820
2076 3714
2076 6092
2077 4242
2079 4753
2079 8217
2080 6179
2080 6067
2081 4311
2082 5458
2083 5956
2083 9332
2084 7484
2084 4672
2085 2768
2086 6857
2087 5960
2087 3237
2087 8464
2088 8491
2089 7337
2089 8251
2090 5286
2090 3115
2091 9895
2092 6594
2092 3274
2092 8341
2093 9503
2094 5365
2094 7858
2094 5143
2094 5749
2095 5486
2096 4346
2096 4289
2097 7575
2097 5052
2098 3827
2098 6310
2098 8292
2099 6020
2101 3638
2102 8249
2102 5793
2102 3060
2103 4623
2103 7628
2103 6332
2103 2657
2103 5680
2104 2172
2105 8485
2105 4183
2106 3761
2106 9200
2107 7914
2108 4910
2109 9701
2110 2663
2110 8442
2111 4234
2111 4617
2111 4324
2112 2877
2113 9970
2114 3877
2115 9235
2116 6462
2117 2560
2117 4594
2119 9214
2120 6389
2121 2784
2121 8627
2121 9742
2122 7407
2123 9617
2124 6568
2125 7556
2125 4955
2125 8044
2125 5236
2128 9270
2128 4942
2129 4767
2129 2559
2130 9721
2131 9039
2131 5378
2132 2274
2132 7041
2133 8655
2135 7759
2136 9772
2137 3768
2137 6339
2137 5390
2138 4686
2139 2710
2141 5762
2142 8508
2143 7735
2143 5568
2144 9229
2146 8542
2146 4747
2148 3224
2148 5256
2148 4023
2149 9909
2150 5591
2150 6258
2150 6949
2151 3252
2152 6727
2153 9711
2153 6573
2154 7131
2154 4947
2155 8323
2156 4868
2157 8649
2158 6133
2159 8691
2159 4975
2159 5477
2160 9451
2161 9963
2161 9999
2162 8601
2162 9288
2162 2295
2163 5521
2163 6141
2163 9348
2164 4359
2165 9578
2165 9886
2166 7884
2167 9949
2169 6435
2170 8315
2171 5259
2171 3556
2172 9854
2173 3921
2174 5672
2175 7620
2175 4358
2176 5013
2176 8437
2179 8219
2181 8900
2182 4354
2182 7079
2182 9075
2182 5432
2183 5499
2185 6747
2185 8907
2186 3487
2188 7283
2188 9812
2189 2552
2189 4995
2190 5066
2190 6169
2190 5468
2190 3228
2190 3996
2191 4046
2192 3055
2192 6070
2192 6926
2193 3184
2193 6833
2193 6450
2194 9979
2194 2703
2195 2589
2196 4620
2197 8763
2198 3971
2199 2874
2199 7265
2199 3617
2201 4160
2202 3838
2202 2316
2202 4571
2203 8553
2203 4260
2203 9592
2204 4852
2204 8185
2205 2610
2205 4665
2206 9533
2206 9959
2207 2394
2208 7062
2208 4100
2209 9168
2209 7479
2210 5606
2211 6672
2211 6634
2212 8419
2213 9237
2214 8445
2215 4470
2215 6604
2215 8845
2215 4601
2217 3715
2217 2921
2218 4887
2219 8538
2219 8266
2220 4188
2221 9188
2222 9360
2223 2677
2223 7937
2223 8468
2224 4426
2225 4356
2226 7247
2226 7421
2226 9001
2227 9607
2227 5825
2228 2899
2228 3656
2228 3552
2230 4258
2230 4611
2231 7268
2232 4361
2233 4284
2233 8540
2233 6506
2234 3367
2234 2862
2234 7343
2234 9122
2234 3595
2235 9416
2236 6383
2236 9539
2237 9750
2238 3418
2239 2806
2240 2329
2241 7987
2242 3443
2242 8396
2243 8290
2243 8914
2243 6062
2244 7944
2244 5302
2245 8295
2246 4468
2247 4459
2247 4707
2248 4093
2248 4049
2249 9741
2249 8204
2250 6368
2251 7672
2251 5030
2252 6579
2253 5548
2253 9878
2253 9884
2254 7274
2254 8290
2255 6712
2256 2666
2256 2922
2257 7696
2258 3581
2259 7118
2260 7524
2261 3153
2261 5499
2263 7135
2264 4917
2264 5222
2265 6306
2266 8113
2266 6055
2267 4833
2268 8548
2268 5226
2269 2848
2269 9531
2270 9311
2270 4573
2271 5976
2271 3478
2273 6238
2275 4569
2276 2803
2277 5054
2277 9647
2277 7002
2279 3257
2279 9677
2279 7651
2281 7882
2282 6644
2283 8807
2283 9755
2284 2794
2285 9523
2285 4017
2286 3458
2287 7128
2287 7452
2288 6230
2288 5224
2288 2905
2289 7026
2290 8635
2291 2917
2291 6096
2292 3930
2293 8868
2294 3683
2296 7653
2296 7492
2297 6890
2298 2505
2298 4224
2299 2551
2300 6509
2301 2802
2302 4205
2302 3044
2303 5919
2304 9226
2305 3282
2306 3747
2306 7170
2307 8607
2307 4168
2308 6875
2309 6997
2310 2851
2310 9173
2311 5357
2312 9419
2314 3400
2314 8580
2317 3003
2317 4139
2317 3549
2318 6489
2319 3412
2319 4912
2320 4345
2321 5205
2321 8567
2322 5865
2323 2354
2323 7610
2323 7474
2324 4817
2324 7562
2327 7756
2328 9761
2330 2618
2330 3317
2331 9050
2331 3486
2332 3871
2332 6487
2332 4948
2334 7561
2334 6051
2336 8100
2336 6521
2337 7150
2337 6825
2338 2790
2338 4204
2338 5749
2339 8750
2340 7804
2340 6871
2341 9033
2341 6770
2343 3936
2344 4012
2345 6983
2345 2816
2346 7273
2346 4727
2347 9311
2348 5127
2349 4967
2349 9324
2350 6659
2350 8578
2350 6665
2351 7137
2352 4130
2352 7604
2353 3276
2353 9411
2353 4692
2354 4673
2355 9789
2356 4674
2357 8931
2357 2958
2357 3366
2358 3189
2358 2982
2359 3851
2359 3835
2360 6925
2360 5208
2360 4991
2361 4163
2361 5431
2362 3328
2362 6658
2363 4341
2365 6455
2365 5406
2365 8235
2366 2473
2367 7973
2368 4464
2368 6679
2369 3402
2370 6002
2370 4107
2371 8597
2371 2477
2372 3860
2373 7565
2374 3915
2375 3825
2375 3998
2375 3961
2375 3190
2376 7175
2376 3199
2377 7943
2377 4037
2378 9917
2378 6199
2379 5901
2379 8348
2379 8738
2380 5349
2380 6549
2381 4698
2381 7383
2382 2987
2382 7695
2383 6791
2383 4432
2384 2385
2384 8117
2385 8531
2385 5674
2386 5001
2386 2533
2387 9858
2387 8541
2388 3434
2388 6494
2389 3735
2389 8489
2390 5467
2391 7439
2391 8101
2391 4039
2393 4448
2394 7310
2394 7509
2395 4794
2395 9080
2395 8036
2395 6503
2396 3457
2396 5241
2396 6039
2397 5791
2397 4954
2398 3452
2398 5734
2399 8207
2399 6313
2400 4855
2402 2812
2403 5867
2406 5162
2406 7873
2406 2664
2406 3082
2407 3338
2408 3476
2408 7585
2408 9848
2409 6927
2410 4455
2411 5369
2412 5450
2413 4669
2414 5746
2414 2523
2415 9073
2415 4031
2415 6967
2416 8684
2417 7284
2417 7815
2417 3513
2419 9151
2419 7321
2420 7978
2420 7095
2420 6644
2421 9622
2422 5078
2422 8103
2422 5023
2422 6222
2423 9402
2424 4498
2424 5492
2425 4080
2425 8937
2426 9274
2427 6189
2427 3738
2427 7814
2428 2902
2428 5434
2429 9913
2430 4402
2430 8188
2430 6804
2430 4893
2432 8364
2432 5012
2433 9897
2435 7898
2435 9542
2436 5754
2436 8932
2438 7319
2439 9025
2439 6565
2440 4286
2440 9827
2441 6861
2442 5425
2442 8088
2442 3592
2444 9306
2445 9772
2446 9682
2446 5417
2447 7475
2447 7815
2448 6191
2449 7451
2450 9662
2450 8670
2451 4115
2452 3770
2452 8817
2452 5533
2453 8052
2453 3008
2454 6609
2455 8895
2455 9319
2456 8763
2457 8120
2459 6439
2459 7189
2459 3448
2460 6611
2461 2667
2461 7353
2462 3000
2462 5124
2462 3782
2463 5460
2464 9542
2464 5573
2464 3108
2465 6156
2467 2683
2468 5912
2469 6618
2469 6880
2469 8196
2469 6804
2470 9776
2470 4614
2471 5477
2471 4745
2472 6562
2473 4541
2473 7976
2473 8435
2474 2558
2474 3529
2474 3920
2475 2527
2475 9448
2476 2923
2477 7614
2477 9695
2477 6656
2480 4501
2480 7082
2481 4935
2481 7597
2482 7794
2482 3556
2484 4918
2485 2837
2486 3597
2486 9972
2487 6442
2487 6765
2488 9245
2489 8849
2489 8904
2490 5679
2491 7871
2492 6142
2492 6863
2493 4546
2493 3711
2494 4533
2496 3034
2497 9527
2497 3265
2498 4781
2499 6103
2499 9913
2500 5388
2501 7137
2502 3361
2503 3963
2503 8669
2503 7064
2504 8140
2506 4853
2507 6412
2509 6961
2509 7601
2510 3629
2510 9134
2511 9396
2512 7229
2513 6033
2514 5346
2515 8014
2516 3721
2516 3592
2517 9953
2517 9754
2518 8418
2519 7618
2519 8994
2519 9761
2520 2883
2521 6211
2522 8306
2523 2547
2524 2799
2524 6516
2524 6656
2525 9220
2526 8005
2526 7522
2527 6792
2528 8465
2529 4683
2530 5438
2530 4926
2531 4857
2531 8662
2531 3006
2533 4559
2534 7499
2535 9214
2535 8932
2538 4036
2538 2964
2538 7911
2538 7560
2539 8241
2542 6123
2542 6147
2542 4674
2543 7702
2544 3234
2544 5068
2545 6109
2546 5234
2546 7822
2546 9796
2549 9954
2549 9892
2550 9155
2551 3533
2553 4096
2553 3627
2554 4930
2555 8482
2556 5271
2556 7913
2557 8805
2557 4891
2559 3154
2559 7991
2559 6512
2561 7962
2562 6916
2563 3852
2563 8497
2564 9212
2564 3295
2565 9162
2565 6148
2566 8470
2566 7956
2567 7205
2567 4451
2569 9225
2569 5762
2570 4614
2570 5009
2571 7974
2572 4355
2573 3158
2573 8645
2573 3760
2574 3249
2576 4250
2576 6106
2577 4947
2577 3670
2577 3136
2578 9496
2578 2622
2580 9572
2581 4939
2581 5726
2582 8116
2583 2757
2583 6624
2583 8511
2583 5090
2584 6102
2585 5207
2586 2886
2586 4746
2587 4997
2587 7440
2587 7853
2588 2737
2590 7302
2590 3824
2591 9978
2591 6051
2592 5280
2593 7977
2595 4780
2595 9091
2596 8475
2596 3725
2596 9690
2596 9430
2597 4776
2598 3603
2598 3906
2598 7420
2599 3232
2599 4230
2600 9914
2600 6478
2602 5934
2603 7668
2604 4332
2606 3331
2606 5778
2606 3699
2606 8855
2607 7091
2607 5359
2608 4063
2608 5603
2608 6135
2611 9493
2611 8996
2612 2817
2612 3144
2613 3324
2615 3717
2616 4713
2617 9239
2619 9816
2619 5031
2619 6481
2620 7718
2620 4635
2621 8462
2621 9263
2622 7239
2622 4998
2624 4706
2625 3841
2625 4045
2626 8007
2627 5464
2628 6826
2629 9714
2630 4870
2631 4049
2632 8597
2633 5104
2633 5822
2633 9590
2634 5894
2634 9298
2635 5875
2636 6373
2637 3986
2638 6652
2639 3840
2639 4776
2639 8172
2640 9040
2640 7423
2642 6577
2644 9964
2644 5057
2645 6876
2646 4850
2646 9473
2648 4409
2650 5553
2650 6017
2651 5733
2652 9189
2654 3227
2654 3891
2654 4029
2655 9292
2656 5610
2657 6874
2658 4124
2658 4328
2659 2795
2660 3266
2660 5607
2661 3245
2661 8265
2662 6465
2662 5040
2662 7222
2663 3370
2663 6149
2665 5859
2666 2701
2666 8220
2667 2842
2668 2742
2669 8240
2669 7163
2670 4246
2670 8565
2670 8955
2672 5512
2672 4138
2674 3139
2675 4306
2679 6523
2680 7130
2681 6198
2681 8927
2682 8381
2683 9593
2683 4770
2684 7436
2686 7009
2687 2895
2688 7520
2689 2745
2689 5538
2690 4360
2690 3741
2691 4782
2693 5623
2693 8119
2693 9501
2694 8201
2695 8953
2695 2922
2695 8833
2696 5455
2697 4740
2698 3364
2699 8676
2699 9988
2699 8213
2700 7295
2700 8662
2702 4027
2702 8741
2703 3774
2703 6910
2704 7682
2704 8642
2705 3708
2705 6348
2706 4475
2707 6508
2708 3697
2708 6413
2710 6799
2710 7473
2710 5243
2711 4159
2711 9995
2712 8236
2713 3101
2713 3665
2714 8340
2715 5958
2715 8408
2715 2901
2716 9561
2716 6720
2717 6968
2717 6062
2717 3800
2718 7720
2718 9860
2719 4534
2719 4956
2719 8987
2719 8239
2720 7214
2720 7993
2721 4658
2721 9863
2722 3679
2723 9790
2724 3798
2724 9912
2725 8189
2725 5189
2726 8567
2727 7518
2728 5574
2728 6124
2728 3747
2729 5946
2729 8378
2730 2872
2731 3979
2732 5922
2733 3688
2734 9383
2734 4378
2735 2947
2736 3727
2736 3913
2736 5979
2737 4485
2740 5347
2740 9262
2741 7753
2742 4383
2742 4452
2743 8431
2743 7083
2744 9107
2746 8161
2746 9604
2747 3125
2748 6138
2748 6821
2749 7399
2750 9916
2751 4323
2753 2789
2753 5890
2753 6565
2753 5142
2754 3784
2754 5673
2755 8748
2755 4526
2756 5443
2757 5028
2758 4241
2758 5177
2759 9716
2760 3271
2761 7523
2762 9851
2763 5461
2763 8315
2764 3862
2764 9296
2764 9888
2765 3497
2765 9302
2765 4058
2766 9693
2767 9682
2769 7147
2769 5597
2771 7734
2771 7442
2773 3062
2774 9905
2774 5753
2775 8620
2775 6970
2776 8125
2776 5069
2777 5632
2777 9157
2779 6686
2781 9213
2782 9208
2782 7400
2783 6846
2783 3033
2785 7651
2785 7722
2786 9479
2791 7467
2791 5545
2792 4241
2793 4998
2794 5588
2794 2892
2796 3526
2796 6472
2797 2938
2797 3114
2797 3598
2798 7365
2798 6409
2800 8617
2802 5759
2802 8238
2802 7143
2802 6042
2803 4639
2803 6054
2805 6776
2805 3212
2806 4370
2806 7495
2807 9818
2807 4604
2808 9546
2809 3690
2809 9350
2809 4047
2810 8438
2810 8523
2810 9496
2811 6781
2812 8660
2812 7800
2813 4316
2814 4330
2815 8073
2816 6098
2818 9083
2818 7683
2819 7118
2820 6543
2820 8455
2821 4507
2821 8430
2822 3720
2823 8447
2824 7706
2824 9180
2825 3604
2825 7251
2826 4893
2826 8950
2826 5593
2827 5198
2828 5550
2828 7785
2828 8480
2829 6839
2829 8626
2830 3959
2830 8914
2832 8975
2832 3931
2834 3142
2834 9361
2835 4686
2836 9492
2837 6666
2837 4783
2838 6237
2838 6898
2838 6838
2839 3375
2840 5355
2843 3387
2843 8469
2843 4692
2844 8529
2844 7599
2845 5665
2845 7738
2845 6450
2846 6685
2847 3285
2847 9522
2848 5867
2849 8542
2850 9073
2852 3772
2852 6865
2853 4806
2854 4580
2855 7100
2855 7940
2855 3199
2856 5392
2856 5280
2856 8522
2858 7589
2858 9505
2859 9839
2860 9224
2861 8564
2862 7823
2864 3660
2865 4487
2865 3545
2865 5045
2866 6947
2867 8310
2868 8364
2869 5190
2869 4353
2870 9026
2870 9966
2872 8219
2872 9821
2872 6553
2874 9009
2875 4415
2876 9676
2876 4743
2877 8937
2878 5876
2879 4676
2879 5273
2879 5289
2880 9298
2880 8378
2881 4627
2882 5633
2882 3967
2882 4075
2882 4723
2884 5173
2884 5933
2884 4290
2884 6601
2885 9381
2885 9055
2886 4694
2887 7341
2889 6075
2889 8244
2890 6219
2890 5034
2891 8277
2892 3605
2892 7805
2893 9759
2893 3864
2894 9552
2895 7462
2896 8595
2896 9760
2897 3760
2897 8076
2898 6959
2900 5636
2900 6306
2900 9902
2901 8655
2901 8235
2902 5732
2903 7075
2903 6553
2904 4178
2904 8356
2905 4883
2905 8555
2905 8295
2906 8059
2907 6458
2908 7708
2909 5419
2910 4697
2911 5333
2911 3159
2912 2990
2912 4429
2913 6889
2914 8522
2914 5616
2915 9785
2915 4703
2916 8265
2916 8354
2918 4757
2919 5904
2919 3803
2920 9807
2920 6019
2921 3102
2921 4536
2922 8982
2923 3711
2923 4155
2924 8619
2924 6961
2926 5442
2926 9371
2926 8540
2927 5858
2929 7306
2930 4996
2931 3563
2931 7387
2932 3280
2932 5375
2933 6682
2934 4013
2935 3148
2935 8927
2935 5089
2936 8521
2937 5602
2939 6547
2939 9165
2939 5239
2940 6621
2940 7934
2942 9260
2942 8301
2944 5169
2945 5838
2945 5517
2947 7450
2948 8772
2949 8214
2949 8913
2950 4800
2950 7262
2951 7781
2952 4050
2952 7798
2952 9648
2952 9427
2953 5847
2955 6526
2955 4432
2955 7814
2956 3269
2957 8366
2958 6870
2960 4847
2961 4064
2961 6390
2962 8273
2962 8520
2964 4824
2964 9550
2965 8760
2966 4271
2966 3719
2966 8934
2968 4873
2968 9162
2969 9057
2970 4681
2971 7731
2972 7587
2972 3676
2973 3391
2974 3681
2976 6379
2977 4032
2977 8653
2978 5101
2978 6254
2978 7756
2979 3030
2981 8775
2982 8681
2982 3176
2983 6754
2983 5579
2983 5291
2984 4412
2985 5761
2985 3871
2986 5229
2987 7092
2988 5784
2988 6961
2991 8882
2992 5112
2992 9265
2992 4732
2993 8356
2994 6761
2995 8260
2996 9737
2996 5253
2997 4179
2998 8165
2998 9381
2999 8818
2999 4677
3001 5708
3002 6518
3004 8125
3006 6680
3006 4304
3006 6214
3006 5725
3007 4397
3008 7933
3009 9656
3010 4122
3011 5511
3011 5852
3012 7251
3012 3185
3012 5528
3013 6952
3014 8468
3015 8453
3016 3331
3017 8795
3018 6040
3020 7810
3021 6675
3022 9159
3023 7534
3023 9342
3023 6337
3024 3671
3024 6934
3024 5617
3025 9393
3026 3672
3027 6025
3027 9287
3027 8141
3028 9998
3028 7789
3029 8096
3030 8422
3030 5308
3030 4431
3031 9220
3032 6896
3032 4849
3033 3578
3034 6313
3036 5388
3036 7793
3036 8736
3037 4423
3038 4635
3041 5213
3042 8490
3043 4151
3044 4643
3044 7671
3045 7042
3046 9422
3046 5987
3047 7758
3048 3816
3049 9222
3050 9160
3050 9683
3051 9640
3054 8031
3054 5712
3056 3354
3056 5510
3057 8310
3058 9788
3058 4965
3059 9543
3060 4214
3061 4011
3061 8135
3062 5342
3062 7753
3063 7132
3063 3623
3064 7956
3064 3109
3064 8490
3065 5691
3065 5539
3066 9522
3067 5319
3068 9307
3069 6888
3069 3607
3070 7112
3070 3961
3071 8099
3072 6693
3072 3639
3073 9084
3074 5314
3075 8502
3075 6175
3076 7893
3077 8995
3078 5751
3078 4966
3078 8469
3079 8667
3081 6134
3081 3835
3083 8858
3083 9013
3084 5598
3084 9109
3085 8525
3087 8571
3087 4433
3088 7771
3088 4264
3089 7447
3090 3478
3090 7643
3092 4305
3093 4544
3094 4015
3094 6027
3095 4128
3097 6536
3097 4164
3098 6376
3099 6959
3100 7263
3100 4958
3100 4859
3100 4293
3100 9320
3103 7951
3103 9312
3104 3949
3104 6060
3104 7591
3105 9133
3106 7510
3108 8735
3109 8825
3110 3984
3111 5373
3112 4553
3112 6124
3115 4830
3115 5122
3115 6186
3117 3855
3117 7336
3118 6420
3119 5482
3120 7680
3121 4327
3121 5087
3121 7584
3122 9839
3122 4254
3122 7506
3123 5051
3125 7826
3126 5487
3127 9867
3127 8588
3128 4229
3129 6518
3130 8521
3131 8408
3132 8396
3133 4708
3134 3811
3135 5826
3135 6663
3135 9380
3136 3245
3138 7637
3139 8871
3140 3907
3141 4953
3142 5531
3142 9129
3143 4968
3143 8977
3143 9410
3143 5556
3144 5219
3145 8717
3146 7365
3147 3332
3147 5071
3150 4469
3152 8316
3154 6628
3155 3438
3155 7270
3156 5347
3157 7723
3157 8050
3157 6679
3157 6037
3159 5044
3159 3318
3160 3601
3161 4008
3162 8839
3162 9689
3163 6519
3163 6706
3164 5513
3164 4330
3165 6531
3165 7705
3166 7781
3166 6871
3166 9399
3167 5222
3167 6159
3167 8025
3168 5192
3169 3391
3170 7144
3171 4446
3172 6162
3173 4675
3173 3722
3175 9454
3176 4497
3178 4233
3178 8543
3179 3783
3180 6597
3181 6384
3183 5780
3185 5247
3186 4562
3186 7097
3187 8935
3188 6459
3188 6644
3189 4595
3190 8155
3191 6984
3191 3851
3192 7025
3193 8432
3193 6962
3194 3669
3195 7500
3196 5363
3197 6978
3198 6912
3198 8506
3199 5252
3200 5850
3200 7917
3201 5120
3201 9106
3201 7760
3203 3869
3203 9946
3204 7629
3204 4259
3205 4336
3206 4279
3206 8454
3207 7920
3207 3270
3207 3540
3208 6793
3208 7891
3208 9109
3208 4114
3209 3334
3209 4050
3210 7716
3213 3551
3214 9407
3216 6874
3218 4902
3218 6319
3218 7330
3218 8331
3218 5165
3219 6973
3220 9011
3220 5055
3221 7062
3222 9938
3223 8562
3223 9658
3225 9705
3225 8788
3226 5740
3226 8907
3228 3970
3228 4212
3229 3631
3229 6008
3230 7468
3230 7316
3231 5755
3231 7507
3233 3786
3233 5228
3233 9907
3233 8985
3234 7507
3235 5598
3236 7198
3236 6278
3236 5030
3237 4002
3237 9514
3238 6988
3239 7799
3239 6284
3240 7836
3242 9228
3242 4083
3244 5265
3247 3765
3247 8467
3247 6870
3248 5683
3250 6949
3251 4805
3252 5212
3253 8906
3253 9277
3254 5804
3254 3652
3256 8937
3257 4128
3259 5318
3260 8739
3261 7682
3263 7435
3264 7583
3264 6538
3265 9500
3265 9113
3267 3632
3267 9251
3267 8111
3268 6590
3268 4939
3269 4156
3269 7512
3269 5221
3270 3294
3270 5664
3272 8012
3272 9345
3273 9800
3273 4079
3274 6240
3274 4891
3277 8835
3278 5285
3278 5003
3279 8643
3281 7719
3281 8060
3281 4047
3282 7778
3283 5446
3283 9404
3284 6969
3285 7293
3285 9651
3289 8762
3290 3618
3290 5237
3291 6039
3292 7958
3292 9809
3293 4455
3295 4438
3296 4547
3297 6742
3297 9014
3298 9172
3298 8635
3299 6790
3300 6111
3301 9873
3302 8438
3303 8258
3304 8916
3304 4225
3304 5513
3305 5279
3305 9263
3306 9059
3307 8969
3308 9510
3308 6662
3309 3794
3309 5606
3309 7150
3310 8462
3311 3533
3313 8061
3313 8768
3313 5758
3313 9434
3315 5992
3315 6471
3318 5132
3319 4683
3320 8671
3320 8208
3321 5586
3321 8769
3321 6919
3322 8854
3322 6450
3323 7024
3324 3357
3324 4716
3326 8630
3326 3616
3327 4644
3327 8793
3329 8001
3330 5996
3333 9207
3333 8021
3335 9751
3336 6000
3337 3669
3339 9831
3340 9735
3341 5972
3341 6064
3343 9146
3343 7012
3343 9950
3344 9808
3345 8278
3345 7456
3346 9404
3346 4921
3347 3826
3347 6204
3347 6499
3347 5645
3348 6988
3349 9100
3350 9532
3351 6689
3351 5095
3352 4243
3355 4736
3356 8617
3358 5800
3359 8058
3359 4872
3360 4940
3361 5368
3363 9837
3363 9048
3363 6182
3364 8055
3364 7032
3365 9356
3365 9605
3366 5928
3366 5108
3366 9910
3368 5770
3368 8076
3369 8517
3369 9425
3369 9991
3371 9594
3372 7948
3373 9268
3374 4451
3375 9846
3376 8197
3377 4641
3377 9853
3377 4077
3379 9624
3379 4955
3380 6995
3380 9174
3382 4095
3382 6192
3382 9620
3383 7274
3384 9329
3386 7719
3388 7914
3389 9656
3389 7912
3390 5393
3392 5797
3393 8351
3393 8135
3394 4920
3394 9678
3395 8718
3397 5133
3397 9444
3397 3885
3398 5310
3398 6981
3399 7081
3399 5000
3400 9057
3400 9524
3401 3937
3401 8463
3402 3942
3403 4044
3404 6686
3405 8886
3406 4049
3407 7426
3407 4288
3407 3695
3409 9491
3409 5275
3409 7096
3410 6255
3410 8066
3411 3908
3411 8042
3413 9650
3414 3470
3414 6000
3415 5418
3415 8674
3415 7626
3416 5034
3417 7172
3418 6907
3420 4132
3420 9431
3420 3838
3421 6929
3422 4615
3422 3821
3423 6118
3424 9325
3424 7076
3425 8065
3425 3444
3426 3914
3426 8797
3426 8632
3428 5880
3429 4620
3430 8515
3430 7986
3430 7308
3431 9164
3435 9159
3435 5048
3437 8798
3437 4006
3438 5384
3439 8756
3439 7421
3440 9357
3441 5966
3442 4307
3443 5860
3444 6517
3444 7961
3445 8548
3447 9859
3447 3579
3449 6173
3450 5837
3451 9823
3451 7713
3452 6190
3452 6965
3452 9924
3453 3635
3455 9966
3456 9465
3456 6913
3458 7739
3458 8065
3459 6678
3459 7483
3459 7427
3460 8787
3460 7514
3461 3955
3461 9444
3462 7117
3463 4057
3464 6334
3465 6587
3466 9619
3466 8201
3467 8144
3468 6010
3468 7207
3469 5218
3469 8886
3469 9578
3470 8202
3470 9718
3471 8407
3472 6905
3473 8071
3473 5710
3474 8297
3475 7529
3475 5652
3475 7237
3477 6532
3477 3797
3479 5864
3480 8245
3481 5514
3483 4797
3483 9884
3483 6870
3484 9610
3485 9501
3485 3912
3485 3842
3486 7176
3487 3523
3489 5293
3489 8461
3489 8273
3490 5990
3491 6852
3491 6884
3492 9127
3493 5326
3494 4895
3495 7619
3496 8266
3496 9143
3498 4353
3498 9598
3499 9919
3500 9137
3501 4268
3503 8149
3504 6072
3504 7663
3505 3561
3506 4207
3506 7671
3508 8545
3510 6243
3511 9089
3511 5793
3512 7617
3514 8622
3515 5079
3516 4837
3518 7031
3518 8792
3519 8062
3520 8228
3520 9727
3520 8169
3521 7442
3522 5471
3524 8427
3524 9870
3525 7387
3525 4286
3527 8567
3527 8535
3528 8299
3528 9843
3530 9017
3531 8924
3533 6195
3533 5504
3534 9460
3535 7491
3536 6987
3537 5661
3537 7519
3539 8087
3539 6789
3540 8905
3541 8236
3541 5311
3541 8679
3542 6591
3542 8675
3543 7250
3543 7403
3544 3647
3546 4689
3547 5887
3548 9861
3549 5842
3549 6119
3549 4213
3550 4865
3550 6477
3550 8900
3550 9114
3551 6947
3552 9504
3553 4201
3553 4818
3554 4437
3557 4504
3557 8284
3557 4122
3560 9948
3560 9187
3561 7782
3561 3762
3562 4069
3564 4899
3564 7763
3565 5447
3565 9919
3565 5743
3565 7839
3566 5453
3567 8182
3567 9529
3568 7550
3568 6291
3569 5408
3569 4553
3570 8554
3571 3640
3572 7486
3573 7865
3575 4378
3576 6056
3576 7634
3577 7302
3578 4240
3578 8991
3579 4859
3580 4468
3581 4606
3582 7545
3582 7922
3582 3676
3583 6375
3585 4581
3585 4358
3586 7837
3586 6409
3586 4415
3587 5149
3588 7551
3589 3982
3589 6370
3590 4108
3590 4227
3591 6714
3591 4322
3593 9846
3594 6583
3594 5378
3595 7236
3599 6428
3600 9081
3601 8989
3601 8645
3602 5955
3607 6057
3608 5205
3609 7578
3610 3696
3610 9436
3611 3880
3612 7919
3613 7765
3613 8738
3614 7727
3615 5662
3617 7797
3618 7641
3619 7690
3619 8914
3620 6186
3620 4900
3621 5783
3621 5839
3621 7238
3621 9751
3621 6963
3622 5684
3623 7405
3623 9466
3624 5777
3625 5773
3625 7456
3626 8283
3627 4421
3627 9893
3628 6610
3628 7807
3629 3792
3630 5140
3630 8594
3630 3753
3631 9649
3631 9402
3632 7133
3633 8454
3635 3889
3636 9054
3636 8396
3637 4309
3637 5279
3639 6660
3640 4861
3640 7805
3641 3748
3641 6882
3642 8154
3643 7372
3644 5263
3645 9074
3645 6685
3646 8865
3648 9375
3649 7867
3650 4123
3650 4791
3651 7981
3652 3903
3652 5757
3653 5491
3653 6886
3654 9921
3654 8366
3657 7766
3658 8460
3659 6986
3660 7127
3660 5830
3661 5987
3661 7162
3662 5055
3663 7487
3664 7189
3667 4668
3667 6239
3668 3806
3669 9148
3669 8372
3670 5223
3670 7694
3670 9309
3670 5955
3672 7052
3673 6542
3674 5237
3674 5594
3675 5124
3676 7526
3677 6054
3677 9584
3678 7469
3678 7715
3680 8480
3680 4297
3680 5321
3681 4296
3682 8023
3683 8757
3683 8463
3683 7152
3684 8679
3684 8540
3685 4645
3685 8841
3686 5147
3687 5509
3688 8576
3689 4602
3690 4221
3690 4812
3691 4851
3691 3747
3692 8931
3693 8097
3695 7416
3696 7359
3697 4049
3697 8684
3697 9689
3698 4068
3699 8444
3700 7705
3702 9126
3703 7684
3703 6189
3705 8838
3706 9486
3706 3868
3707 4235
3707 4642
3709 3839
3712 9156
3713 8761
3715 9749
3716 8596
3716 8715
3717 5625
3718 7880
3718 6523
3719 7287
3720 6802
3720 5089
3721 8848
3722 4955
3723 7578
3723 4764
3725 4001
3725 9118
3726 5709
3728 9942
3728 5682
3729 5298
3730 5835
3731 3788
3731 8986
3732 5542
3732 8309
3734 5152
3736 8851
3738 9506
3739 7447
3740 8546
3740 4471
3742 7415
3742 8034
3743 3798
3744 8925
3744 9479
3746 5951
3748 4180
3748 4315
3750 7625
3751 8758
3752 5187
3753 5182
3754 6946
3754 9331
3755 9315
3756 8899
3756 9355
3757 7647
3757 8871
3758 4039
3758 5805
3759 4564
3762 5556
3762 5110
3762 9434
3763 4750
3764 4962
3766 6207
3766 9466
3767 8435
3768 4140
3768 8081
3768 5380
3769 7757
3769 9372
3769 5563
3769 7374
3770 5326
3771 7997
3773 9408
3773 6563
3775 9548
3776 6436
3777 7298
3778 5230
3778 5534
3779 5628
3779 5084
3780 5282
3781 7485
3781 4127
3782 6936
3785 9125
3787 4765
3788 6598
3789 5056
3789 7176
3790 4839
3790 7683
3791 4675
3793 7613
3793 5387
3795 7048
3797 7053
3798 9739
3799 7414
3800 4364
3801 5855
3801 5127
3802 6163
3802 9674
3803 5573
3804 8552
3804 9081
3804 7565
3805 4224
3805 8402
3807 5118
3807 8078
3808 8732
3808 9497
3808 8583
3809 6560
3809 7961
3810 5785
3811 9902
3811 8954
3812 6343
3813 7656
3815 8412
3816 8862
3817 9110
3819 7754
3820 5760
3820 8129
3821 6146
3822 9063
3822 8664
3823 4042
3824 4115
3828 9917
3829 5184
3830 5715
3831 9538
3831 9123
3832 8694
3832 7364
3832 8990
3833 6773
3833 8009
3834 4352
3834 9538
3835 8680
3836 8594
3837 4109
3837 4735
3838 4078
3839 9824
3842 5700
3842 5245
3843 3896
3843 6399
3844 7062
3845 4272
3845 7681
3846 6684
3847 6908
3848 7383
3848 9100
3849 6246
3849 6708
3849 4979
3850 4591
3850 4171
3850 4418
3852 6078
3853 9788
3854 5411
3854 6032
3856 7034
3856 8861
3857 8114
3859 7090
3859 9708
3859 9856
3860 6201
3860 6216
3861 3928
3862 4530
3863 7086
3864 8292
3865 8255
3865 4113
3866 8474
3866 7933
3867 9616
3867 9972
3867 8058
3868 4154
3870 8345
3873 5651
3874 7605
3874 8982
3875 5967
3875 6098
3875 4350
3875 5022
3876 8434
3876 8793
3878 9366
3878 9011
3879 8776
3880 8867
3880 8143
3881 9984
3883 7732
3883 6285
3885 8371
3885 9003
3886 8733
3887 7170
3887 7665
3888 9459
3888 8640
3889 5150
3889 6760
3889 4988
3890 8051
3890 8633
3892 7816
3892 9588
3893 7052
3894 8598
3894 3909
3895 5373
3896 5093
3897 7050
3897 9147
3898 6886
3898 7720
3899 4175
3900 4933
3901 8165
3902 8351
3904 9360
3905 6425
3905 6990
3907 8025
3907 9400
3909 5473
3909 8264
3910 9939
3911 7444
3912 7244
3914 6698
3915 5350
3916 5262
3917 9631
3917 7179
3918 5453
3919 9952
3919 5014
3920 4860
3921 4330
3921 9147
3922 4569
3923 7809
3924 9609
3925 4445
3926 6091
3927 9728
3927 4266
3928 6066
3928 7553
3928 5507
3929 6170
3931 8377
3931 7649
3932 5753
3933 5362
3935 6380
3935 8790
3936 4908
3936 4169
3936 6508
3937 7005
3938 6575
3938 4229
3939 9662
3940 6178
3941 5994
3941 6598
3943 8549
3944 8194
3944 6133
3945 7049
3946 5340
3946 4291
3948 4603
3949 4636
3950 7191
3950 7639
3951 7633
3954 4543
3956 6829
3956 6805
3957 4264
3958 6756
3958 5057
3959 5995
3959 4974
3960 5918
3960 7255
3960 6112
3961 9079
3962 4384
3962 9436
3964 3996
3965 9240
3966 9688
3967 7988
3967 7606
3969 7188
3969 8239
3971 5397
3971 4985
3972 9932
3972 6199
3973 4230
3975 9616
3976 8776
3977 9996
3977 6069
3978 7139
3978 5770
3979 8221
3980 8456
3980 9473
3981 4136
3981 5701
3983 4302
3984 9969
3985 6654
3986 9869
3987 4067
3987 5961
3988 9770
3988 9535
3989 6041
3990 9566
3991 8843
3992 8231
3992 8169
3992 4934
3992 6548
3993 6309
3993 6900
3994 5629
3994 6876
3996 9665
3997 7646
3998 7054
3998 5631
3999 5752
3999 6303
3999 5113
4000 5365
4001 7537
4001 7758
4002 7277
4003 6752
4004 7810
4004 8056
4007 6108
4008 7370
4008 9633
4009 4774
4009 4674
4010 7010
4010 7476
4012 7623
4012 8577
4013 7643
4014 9964
4016 9158
4016 8111
4016 4440
4017 4368
4017 8629
4017 9786
4017 4379
4018 4972
4018 5608
4018 6506
4019 8787
4020 4711
4021 6074
4021 9751
4022 4928
4022 9720
4023 8804
4024 7808
4025 5597
4026 5363
4026 5423
4026 9536
4027 5102
4028 5495
4029 8568
4029 7874
4030 7020
4030 7646
4030 6253
4031 5934
4031 7042
4031 4618
4032 4043
4034 8868
4034 5211
4035 8211
4035 9808
4036 6842
4037 7092
4038 7549
4038 8409
4040 5462
4041 8703
4046 9301
4046 5925
4046 5273
4047 8281
4047 9344
4047 6744
4051 4959
4051 5439
4052 4749
4054 9392
4054 7620
4055 6209
4056 4914
4056 5496
4057 9416
4058 9810
4060 8701
4061 4455
4062 5878
4064 5711
4064 6389
4065 8151
4065 8841
4066 6660
4068 7631
4069 4239
4069 6763
4069 7190
4069 8588
4069 5434
4071 9059
4072 7147
4073 9672
4074 7106
4075 6154
4075 8559
4075 9795
4075 8199
4075 7225
4076 6305
4077 4789
4078 4986
4079 4337
4079 6132
4081 5233
4081 6946
4082 6854
4083 7932
4084 6251
4084 5703
4085 7007
4088 4356
4088 4686
4088 6489
4089 7846
4089 8647
4090 9060
4090 6790
4092 6197
4092 8851
4094 7942
4097 6861
4098 6866
4099 6824
4099 9857
4101 6803
4102 6527
4102 8962
4102 6182
4102 4293
4104 6149
4106 5376
4106 6337
4106 5987
4107 8864
4109 6943
4113 7219
4114 5701
4114 6281
4115 4449
4117 5149
4117 5089
4117 9877
4117 6285
4118 8531
4119 5564
4120 9314
4121 6671
4122 4570
4122 8930
4122 4565
4125 8795
4126 5727
4127 8108
4127 8092
4129 9167
4131 9880
4131 8143
4131 6902
4132 8637
4133 8029
4134 7214
4135 9586
4136 9683
4137 8271
4138 6654
4141 8263
4142 5468
4143 8154
4143 9657
4143 4343
4144 4147
4144 4360
4145 7681
4146 4898
4147 8722
4148 9353
4148 9666
4148 4252
4149 4344
4149 9724
4149 4295
4150 8844
4151 5572
4151 8032
4151 5351
4152 8506
4153 9313
4155 7033
4157 7011
4160 9549
4160 9911
4161 5403
4162 7739
4164 7563
4164 9306
4165 7582
4165 5071
4165 4699
4166 5501
4167 5832
4167 6293
4169 7680
4170 8187
4170 9200
4171 9424
4172 4813
4173 4807
4174 8178
4175 6147
4176 4895
4177 5317
4177 7685
4177 6914
4177 4910
4178 5667
4179 5844
4181 7022
4181 8338
4181 9908
4181 7473
4182 7528
4182 8872
4182 6694
4183 9105
4184 7399
4184 7538
4184 6383
4186 7275
4186 9766
4187 8433
4188 6538
4189 8938
4190 4604
4190 5810
4191 6861
4191 4324
4192 6921
4193 5665
4194 7437
4194 5968
4194 9833
4194 9023
4195 6686
4196 6999
4196 8080
4197 5448
4198 5489
4198 5782
4200 8682
4202 8772
4202 4959
4203 4509
4206 5352
4206 8598
4207 7354
4207 7501
4207 6750
4208 8804
4209 9535
4211 8483
4211 9273
4212 6156
4212 9787
4216 9347
4216 9474
4218 6982
4219 5882
4220 8926
4220 6681
4222 5274
4222 9310
4223 4571
4223 7157
4223 9381
4225 5003
4226 5984
4229 7102
4230 9340
4231 7301
4231 4677
4232 9306
4235 8357
4236 9568
4237 7221
4242 6327
4242 7497
4242 5406
4243 8884
4244 4503
4245 5355
4246 7808
4247 4726
4248 7094
4249 6739
4251 4821
4252 4273
4252 7661
4252 9232
4252 6702
4253 5590
4253 6882
4254 9299
4254 9390
4255 7836
4257 5952
4257 7630
4259 6710
4260 7341
4261 7521
4261 7300
4262 4340
4263 9834
4263 7887
4264 6072
4265 5931
4265 9474
4265 9586
4266 8488
4267 9581
4269 6757
4270 7400
4270 5384
4272 5695
4272 9960
4274 7855
4274 6170
4275 4726
4275 9170
4276 9442
4276 7945
4276 8496
4277 4928
4278 9814
4280 7577
4280 4976
4282 9898
4283 6573
4284 8599
4285 5410
4285 8359
4285 8886
4286 8814
4287 5369
4287 9370
4288 5154
4289 5841
4290 7060
4291 8700
4292 9363
4293 7576
4295 9152
4297 8622
4298 9900
4299 4397
4299 9831
4300 5763
4300 6781
4301 9155
4301 4759
4303 9242
4303 6813
4304 7290
4304 9585
4305 5030
4306 6651
4306 9056
4307 4574
4308 6525
4308 5126
4308 9320
4308 9053
4309 9826
4310 8960
4310 4446
4311 6280
4312 4434
4313 9985
4314 8064
4314 9747
4316 4347
4317 8308
4318 4842
4319 5194
4319 9320
4320 4911
4320 7083
4321 5216
4322 7585
4323 6823
4323 4484
4323 9604
4323 6133
4328 4723
4329 9309
4332 6031
4333 9564
4334 9118
4335 5859
4336 5037
4336 5996
4339 6561
4340 9199
4342 8579
4343 7265
4344 7017
4346 5318
4347 7069
4349 6667
4350 9729
4351 7317
4352 5496
4354 6904
4355 4533
4355 9241
4355 6569
4357 4526
4358 7709
4358 7238
4362 5703
4363 7786
4364 5278
4365 9095
4365 4413
4365 7778
4367 6646
4368 7455
4369 5654
4370 7350
4372 9860
4373 7832
4374 6534
4375 7693
4375 8956
4375 4671
4376 9001
4378 4868
4379 4398
4380 8466
4381 5077
4381 6210
4381 6226
4382 9020
4382 9096
4382 4427
4384 5913
4384 8856
4384 9437
4385 7776
4385 4732
4385 8869
4386 4874
4387 8326
4387 9227
4387 6207
4388 7640
4388 9280
4389 7099
4390 7059
4391 8006
4391 5269
4392 9074
4393 9032
4393 6337
4394 7953
4394 5175
4394 7186
4395 6478
4395 8651
4396 9926
4396 7543
4398 7286
4398 9864
4398 6366
4399 8871
4400 6968
4401 6891
4401 5768
4402 5299
4403 4741
4403 9644
4403 9035
4404 4765
4406 6045
4406 5919
4407 9742
4408 4594
4409 7338
4410 7701
4410 7530
4412 7976
4413 6501
4414 4483
4415 5928
4416 4680
4417 5114
4417 5147
4417 8170
4417 7280
4419 5902
4420 7099
4420 7611
4422 4499
4423 4535
4424 7893
4424 7339
4425 4634
4425 8235
4425 9384
4426 5238
4427 8571
4428 8530
4429 9266
4431 9479
4431 5722
4433 8320
4434 7092
4435 9600
4438 6705
4439 9651
4440 4777
4442 4495
4443 6338
4443 8999
4444 8775
4444 7274
4446 7156
4447 7369
4447 8617
4448 4620
4448 9111
4448 5200
4449 5684
4450 9924
4451 6958
4451 8153
4452 9713
4452 7136
4452 7240
4453 7639
4453 8053
4454 5519
4454 6466
4454 4581
4455 9865
4456 7202
4458 8414
4458 7231
4460 7311
4461 6978
4461 5906
4461 9513
4463 5405
4465 6454
4466 7891
4467 4549
4469 5298
4471 4757
4472 5524
4473 9428
4473 7948
4474 5878
4475 9876
4475 4984
4476 9266
4476 5151
4477 7069
4478 8795
4479 6677
4480 9977
4482 9885
4483 9716
4484 8857
4485 9891
4486 4844
4488 7540
4488 8420
4489 7088
4489 7565
4491 9233
4492 6043
4493 5722
4495 7182
4495 9954
4496 6216
4496 8095
4497 5396
4498 9094
4499 7573
4500 5881
4502 5790
4502 9973
4506 6692
4507 9453
4508 9892
4509 9188
4510 9995
4511 6444
4512 5525
4514 9028
4514 9781
4514 7654
4516 9586
4516 7576
4517 6498
4517 9531
4518 7611
4518 8004
4519 7659
4519 6546
4520 6184
4522 7094
4523 7217
4523 4557
4524 8902
4526 8739
4527 5551
4529 8943
4532 5337
4532 8736
4532 7760
4535 9958
4536 5062
4537 8920
4537 8202
4538 4704
4539 5745
4539 5405
4540 8089
4542 8602
4543 7377
4543 5988
4544 4903
4544 7884
4545 6447
4546 6174
4546 7772
4547 9552
4547 6753
4548 6457
4549 5264
4550 7812
4550 7002
4550 8509
4550 4592
4551 7125
4551 7144
4552 5554
4552 9773
4553 5034
4553 7670
4554 8859
4555 4748
4556 4653
4556 9763
4557 6730
4558 8349
4559 7952
4559 7372
4560 8897
4561 6445
4562 5327
4562 9805
4563 5169
4564 5360
4565 4818
4566 4785
4567 6458
4567 9673
4568 7098
4569 9273
4570 8646
4570 8666
4572 6469
4572 9987
4573 6087
4575 5984
4577 7130
4578 8376
4578 9598
4579 7308
4580 6599
4580 7693
4583 5648
4583 5319
4584 6530
4585 8577
4586 8136
4586 6215
4587 8171
4587 7434
4588 9817
4588 8083
4590 5599
4590 6319
4591 8397
4593 8387
4593 5740
4594 9178
4594 5610
4596 8878
4597 8611
4597 5999
4598 4833
4598 5475
4600 4987
4602 4988
4603 9888
4605 8544
4606 4829
4606 7884
4607 9501
4609 6398
4609 6488
4610 8070
4611 7368
4611 4914
4613 7045
4613 4869
4616 7101
4616 9074
4617 6282
4617 7731
4618 7671
4619 7192
4621 8644
4621 6052
4621 9304
4622 9651
4624 7029
4624 8129
4625 5100
4625 8650
4626 5823
4629 5647
4630 4810
4630 5058
4630 5383
4630 9397
4631 4710
4632 6808
4632 9490
4633 6508
4633 8946
4635 8614
4637 5188
4637 6802
4640 9686
4640 5565
4644 6788
4646 9364
4647 9563
4647 5574
4648 7856
4649 9038
4649 7812
4650 7103
4650 6481
4650 6717
4651 4785
4651 5698
4652 8690
4652 8473
4652 7890
4653 5663
4653 6826
4654 8499
4655 8808
4657 6120
4657 5279
4659 9597
4660 4756
4662 5608
4663 4664
4663 6970
4663 5023
4664 6931
4666 9009
4667 5889
4670 6730
4672 7115
4672 8218
4672 9379
4674 8384
4677 7011
4677 9470
4678 5022
4679 9012
4680 5249
4680 5067
4680 6901
4680 5297
4680 8398
4682 4877
4682 5334
4683 5235
4683 9574
4684 9138
4685 5132
4687 7385
4689 7192
4690 8224
4690 6316
4691 5734
4692 6233
4692 7774
4693 8687
4693 9855
4693 6067
4695 6046
4695 5861
4696 6660
4696 9157
4699 8708
4700 4814
4700 7311
4701 5914
4703 5181
4703 5507
4704 4893
4705 6112
4706 8606
4706 4963
4708 5159
4710 7196
4713 6072
4714 7682
4716 9087
4717 6541
4717 5543
4719 7890
4719 9715
4721 6820
4722 9856
4724 9937
4725 8278
4727 6563
4727 6209
4728 7290
4729 8547
4731 9035
4733 7566
4734 8321
4737 5511
4738 5871
4738 5852
4738 9908
4739 7910
4739 9501
4741 5644
4741 8337
4742 7615
4742 6194
4743 7852
4743 5922
4744 7231
4744 7039
4747 8750
4748 9978
4749 6508
4751 6747
4755 9664
4755 6952
4756 7317
4756 6988
4757 7083
4759 5349
4762 8995
4762 8378
4763 7926
4764 9797
4768 5537
4768 5354
4768 5221
4769 5133
4770 8413
4770 7245
4770 8803
4771 8161
4772 7376
4772 5518
4773 9034
4774 7634
4775 5298
4775 7838
4777 7362
4778 7477
4779 7337
4780 9386
4781 8400
4782 6791
4783 4913
4783 7773
4786 6459
4787 5301
4787 7178
4788 4898
4789 9324
4790 5936
4791 5417
4792 8367
4793 9417
4795 8818
4798 8503
4798 8774
4799 7753
4801 6758
4801 9022
4804 5258
4804 7311
4805 7056
4806 7567
4806 8641
4807 8257
4808 6939
4809 5122
4813 4831
4813 7938
4815 9630
4815 6886
4816 9475
4818 6220
4819 7184
4820 5726
4822 5602
4822 5494
4824 8406
4825 6411
4826 6837
4826 9925
4827 8250
4828 7699
4829 7241
4829 6809
4831 9906
4832 6207
4834 6079
4834 8043
4835 6291
4836 8770
4837 6969
4838 8330
4840 9047
4840 8979
4840 5682
4840 8536
4841 5533
4842 5218
4843 9264
4844 9029
4845 5961
4848 7234
4848 6497
4849 4910
4852 5395
4854 7064
4855 7220
4856 6638
4856 6752
4858 7790
4858 8497
4860 9389
4862 9025
4863 9538
4864 8729
4866 6819
4866 9437
4867 7083
4869 4996
4870 6274
4870 9283
4871 6232
4871 8974
4874 6600
4875 5240
4876 9018
4877 5242
4878 5519
4879 8954
4880 6533
4881 7924
4882 7160
4882 7902
4882 8587
4884 8711
4884 9010
4885 7375
4887 8412
4888 5176
4888 7387
4889 9606
4892 6550
4894 6094
4894 7678
4896 5374
4896 6057
4898 8590
4899 5863
4900 7156
4901 6605
4901 6822
4903 7181
4904 6920
4904 8433
4905 9941
4905 8539
4906 8506
4907 5197
4909 9874
4910 4999
4912 8746
4912 6770
4916 5407
4919 5113
4921 7992
4921 8469
4922 6244
4923 7180
4924 6360
4925 7085
4926 8041
4926 5015
4927 7862
4929 9720
4930 6537
4930 5915
4934 8648
4935 7361
4936 6977
4936 9141
4936 7398
4936 8285
4937 9075
4938 5071
4939 6375
4939 7167
4940 9484
4940 5819
4941 9565
4942 7039
4943 9859
4944 5421
4945 9236
4945 5253
4945 8673
4946 9045
4946 6860
4947 6821
4948 5419
4948 6001
4949 6595
4949 8602
4950 6924
4950 8785
4950 6189
4951 5871
4952 5493
4952 7444
4953 6556
4953 8301
4954 5920
4958 5300
4958 5394
4958 9482
4960 8393
4961 9309
4962 7802
4962 7825
4962 7061
4963 8764
4964 9598
4965 8480
4966 8616
4969 7393
4971 5775
4974 5514
4975 5626
4975 9861
4976 8109
4976 8623
4976 6283
4978 9774
4979 5444
4980 8345
4981 6466
4984 5268
4985 8010
4985 5966
4987 8001
4988 7511
4989 8447
4990 9740
4991 6551
4993 8490
4993 8350
4994 7072
4994 9069
4995 6415
4995 6238
4996 7206
5000 5086
5000 5877
5002 9446
5002 6196
5003 5047
5004 6996
5006 9588
5007 5918
5008 6653
5008 6378
5010 8478
5011 5056
5014 7621
5014 9119
5015 9583
5015 9586
5016 9307
5016 5779
5018 9395
5018 8423
5019 7084
5020 6157
5025 8146
5025 5986
5026 9530
5026 6689
5027 7112
5029 7285
5029 9907
5031 9835
5032 8354
5032 7542
5033 9488
5035 8333
5036 6257
5038 5161
5039 7499
5039 8813
5041 8388
5043 7575
5045 6392
5046 9981
5047 9650
5048 6357
5049 8147
5050 8488
5051 5717
5051 9416
5052 5815
5052 7109
5052 9518
5055 9534
5055 8131
5055 7099
5056 8159
5056 8501
5056 8586
5057 8904
5057 5280
5059 7595
5059 7144
5059 5064
5060 6316
5061 7558
5062 5488
5063 8259
5064 6702
5066 6326
5068 5336
5068 6081
5069 6438
5069 8799
5070 8365
5072 8894
5073 7308
5074 6116
5076 6149
5079 6482
5081 5397
5082 8086
5083 6963
5083 9773
5083 7295
5085 7027
5087 8969
5087 7869
5087 5137
5088 8018
5088 9726
5089 7360
5091 9507
5095 7863
5095 8315
5097 5313
5097 7799
5098 7604
5099 5744
5100 6077
5103 8831
5105 7326
5107 8556
5108 7402
5108 6782
5109 6982
5110 5836
5113 6930
5113 7638
5115 8765
5115 9110
5117 6104
5119 5433
5119 9949
5122 5787
5122 8753
5123 6813
5125 9856
5126 8053
5127 5690
5127 9983
5128 7063
5129 8272
5129 7650
5130 6716
5131 6688
5131 5850
5136 7895
5137 7008
5139 6091
5141 9406
5143 6633
5143 7379
5143 5875
5144 7704
5145 5318
5146 9591
5146 9314
5146 9187
5148 9554
5149 7530
5151 9469
5153 8872
5155 7319
5156 8460
5157 5847
5157 9562
5159 9458
5160 5544
5161 8661
5161 5653
5163 6035
5163 8141
5164 6418
5164 9051
5164 9277
5165 8739
5166 9930
5167 8200
5168 9745
5168 9476
5169 6827
5170 9360
5170 9488
5170 6939
5171 6118
5172 5511
5175 9123
5176 7094
5177 9249
5177 6971
5178 6407
5179 7471
5180 5447
5181 8308
5185 6878
5186 8208
5188 8233
5191 9214
5193 6052
5195 7652
5195 8695
5197 8602
5197 7451
5198 9404
5199 6581
5200 5495
5201 9383
5202 7125
5203 9254
5206 8538
5207 8083
5207 5228
5208 6394
5209 6271
5211 6173
5212 7162
5212 7120
5213 9303
5213 9684
5213 9695
5214 7085
5214 9861
5215 7568
5217 9619
5219 7761
5220 8243
5221 6971
5221 7749
5224 7532
5224 8828
5225 8685
5225 8952
5225 6804
5227 5326
5229 7927
5229 8008
5229 8186
5232 7939
5232 9840
5232 9749
5235 8094
5235 8447
5236 9251
5237 5806
5237 7851
5238 9780
5239 9969
5240 5833
5240 9897
5241 9315
5244 7326
5244 9149
5245 6308
5245 9577
5246 9938
5247 8488
5248 7698
5250 5811
5251 6981
5255 8087
5256 9742
5257 8082
5257 8870
5258 7403
5261 7800
5264 7562
5267 7131
5268 8227
5268 8288
5268 7769
5268 9723
5269 6430
5270 8317
5272 7299
5274 9627
5275 9736
5276 6470
5277 8247
5277 9494
5278 9946
5281 6328
5281 6011
5282 6746
5283 7264
5283 8001
5284 6945
5286 9895
5287 8184
5288 8406
5289 6889
5289 9565
5290 7609
5291 6399
5294 7164
5295 5765
5297 6357
5302 6717
5302 6264
5302 6460
5303 5837
5303 5926
5304 5424
5306 7753
5309 9137
5311 8800
5312 6888
5314 8963
5315 6656
5316 6427
5317 6546
5318 6497
5319 9250
5319 9991
5320 8271
5321 8467
5322 6209
5323 5429
5324 5660
5325 5506
5325 9703
5325 8004
5326 8156
5328 5551
5330 9927
5330 6362
5331 9734
5331 6621
5333 7998
5333 9547
5335 9134
5338 9104
5338 8440
5340 8209
5341 6966
5343 8439
5343 8000
5344 5657
5344 9726
5344 8034
5344 9857
5346 9660
5348 9804
5350 6358
5351 8701
5353 8989
5354 9836
5354 5444
5356 6426
5357 8051
5359 8106
5361 5740
5362 5426
5364 6636
5364 9339
5365 5981
5366 6153
5367 7395
5367 9586
5368 8137
5368 7149
5370 7415
5371 6368
5371 9654
5372 6277
5373 9113
5373 8880
5379 8070
5379 8370
5380 6549
5381 6107
5381 6482
5381 9840
5382 5638
5382 6554
5383 5829
5383 7931
5384 9447
5384 7353
5385 7776
5387 9010
5387 9215
5387 8328
5389 6283
5390 5398
5392 9098
5393 6135
5395 7695
5396 6227
5396 9615
5398 6259
5399 7423
5399 8378
5400 7668
5400 7751
5401 8729
5401 8528
5402 5479
5404 6973
5405 6127
5405 8100
5406 5831
5409 6640
5409 8459
5412 5924
5413 9217
5414 7056
5415 8245
5416 5689
5417 7202
5417 9985
5417 7245
5418 6269
5419 6403
5419 9476
5420 7018
5420 7185
5420 9906
5421 6932
5421 7225
5423 5982
5424 6873
5424 9343
5424 5811
5427 8579
5429 7989
5429 9886
5429 9041
5429 6471
5430 6959
5430 9038
5434 6434
5435 8263
5436 8752
5438 6266
5439 8423
5440 5841
5441 5463
5442 9255
5442 7104
5443 6115
5444 9871
5445 5894
5449 8518
5451 7738
5452 9219
5452 9192
5453 5533
5454 7032
5455 7752
5455 9145
5456 7078
5456 7790
5457 8016
5457 7164
5457 5781
5458 8063
5458 6141
5459 8167
5462 9037
5463 8570
5464 7845
5464 7481
5465 7227
5467 7855
5468 6941
5468 8965
5469 6823
5470 5543
5470 9134
5471 6424
5472 9893
5472 7990
5474 9093
5474 8108
5475 6545
5476 5675
5478 7454
5478 9588
5480 6920
5481 7997
5483 8345
5484 6529
5485 9195
5487 7828
5490 5540
5492 9153
5492 9532
5494 7566
5495 9229
5496 7596
5497 7281
5498 7282
5498 7338
5499 9150
5502 7320
5503 9226
5507 9481
5508 8719
5508 6270
5510 9968
5510 9358
5512 6228
5513 9933
5514 9577
5515 6789
5515 9119
5516 6795
5518 6674
5522 6162
5522 9748
5523 8483
5524 9019
5526 8688
5526 7648
5527 8638
5530 7783
5531 6884
5531 8990
5532 7557
5533 6114
5535 6325
5536 9687
5536 6606
5539 6692
5541 9103
5541 8029
5542 9382
5544 8019
5544 5616
5545 9735
5545 7099
5546 5707
5549 5843
5551 7924
5554 8373
5557 9387
5558 7934
5558 8567
5559 7190
5560 9508
5561 6324
5561 9944
5561 9257
5562 7638
5564 8484
5564 6242
5564 7994
5566 8776
5567 5957
5567 6092
5569 6656
5570 8663
5570 8730
5571 9632
5572 7493
5572 9618
5573 8893
5573 7300
5575 8448
5576 8803
5577 7132
5578 7939
5579 8157
5580 9367
5580 7726
5582 6010
5583 6472
5583 9789
5584 6248
5585 8162
5587 9069
5589 8334
5589 8428
5589 8127
5589 6551
5591 5897
5592 7613
5594 9897
5595 9962
5596 6412
5597 7485
5600 7674
5600 7825
5601 9756
5601 9736
5602 8539
5603 9562
5609 7441
5611 7279
5611 9256
5611 6014
5612 6947
5612 8413
5614 7541
5615 9198
5615 7353
5619 7757
5620 9432
5620 6667
5621 6938
5622 5738
5623 8425
5624 6437
5624 8910
5627 9031
5628 7154
5628 7227
5630 9652
5631 7087
5634 7066
5636 6430
5637 6317
5637 6614
5639 6775
5640 9722
5641 6755
5641 8339
5642 8433
5642 5837
5645 8668
5647 7929
5648 7294
5648 7363
5648 7106
5649 7671
5650 7617
5651 9857
5652 5765
5652 8239
5653 9895
5655 7864
5663 7844
5665 6318
5665 9423
5666 8304
5666 6991
5666 8579
5667 7180
5667 7627
5668 8610
5669 6168
5669 7053
5670 5738
5670 7564
5672 8501
5674 5866
5674 8073
5676 9022
5676 9569
5678 9002
5680 6201
5681 5940
5683 6976
5683 8340
5684 7224
5685 9701
5685 7148
5686 7987
5689 9579
5689 7060
5691 8709
5692 8581
5692 7533
5694 8475
5696 9498
5698 8097
5699 6556
5700 6513
5700 6117
5702 9984
5703 8277
5704 9475
5705 7419
5705 7584
5705 6328
5706 6260
5707 8505
5709 6575
5712 6790
5713 8106
5714 7211
5715 5898
5716 5924
5718 7698
5718 7269
5718 6128
5719 6927
5719 8106
5720 9351
5721 8690
5722 9507
5723 9794
5723 7213
5724 9071
5725 9402
5726 9231
5727 8680
5728 8360
5728 8924
5728 8592
5729 9081
5730 8041
5731 6263
5731 7818
5732 6580
5733 6287
5734 7554
5735 8997
5736 8126
5736 7760
5736 9344
5739 7409
5739 9017
5739 8738
5739 8182
5742 6450
5742 6105
5743 6881
5743 8176
5743 7352
5745 7657
5745 7868
5746 9065
5747 6553
5748 8494
5750 7222
5753 6794
5753 6480
5754 5980
5756 9526
5757 6497
5758 6475
5760 5885
5762 5794
5762 9589
5762 6400
5763 5895
5764 8243
5764 6278
5766 6115
5766 6505
5767 6047
5767 7694
5768 6619
5769 7801
5769 8469
5771 7016
5771 8976
5771 9613
5772 9243
5773 5990
5774 9029
5774 6264
5775 8394
5776 5813
5779 8056
5780 8370
5781 9170
5781 7919
5784 7401
5784 6749
5785 6131
5786 7334
5787 5824
5788 6616
5789 6667
5789 7747
5792 8287
5795 8322
5795 8034
5796 7763
5796 9214
5798 9446
5799 6492
5799 7566
5800 9431
5801 8584
5801 7124
5805 8596
5807 8215
5807 9163
5807 6661
5808 9084
5809 8097
5810 7380
5811 9543
5812 6924
5814 7142
5814 6575
5816 8388
5817 8049
5817 7778
5817 7668
5818 8231
5819 7319
5820 8784
5821 8046
5821 9136
5821 7189
5823 6613
5825 9721
5827 7876
5828 7995
5830 7220
5831 8928
5833 7514
5834 8973
5834 7060
5835 7312
5836 9918
5836 7148
5840 8445
5840 9648
5841 8264
5844 7662
5844 8216
5844 5988
5845 7556
5846 6592
5846 9868
5846 5880
5848 7321
5849 7386
5854 9738
5856 6023
5857 5936
5858 6009
5859 6247
5861 8112
5861 7539
5862 6645
5862 7139
5864 8919
5865 6395
5865 7195
5868 7340
5868 6830
5869 5923
5869 7295
5870 5927
5872 7555
5873 6697
5874 8114
5874 8487
5874 7167
5875 9068
5876 9632
5879 6278
5880 9652
5882 9505
5883 6871
5884 9261
5884 9277
5887 9451
5887 7760
5888 9128
5889 7982
5891 6921
5891 7615
5892 6895
5893 9426
5893 7134
5893 8092
5895 9412
5896 8361
5898 7373
5898 7948
5899 8400
5900 9316
5900 6022
5902 9139
5903 7262
5905 8305
5906 7762
5906 8737
5907 9843
5908 6858
5908 5991
5909 9476
5910 8221
5911 8984
5911 9442
5912 8166
5914 7687
5914 7550
5915 8792
5917 9169
5919 6622
5921 9974
5922 7523
5922 7240
5922 9644
5923 7014
5924 9962
5926 8895
5927 6412
5929 8179
5929 6173
5930 8993
5932 5965
5932 6015
5935 9572
5937 8954
5940 9114
5942 7587
5945 7096
5945 8974
5945 9160
5946 9034
5947 7570
5947 6351
5949 7357
5949 8054
5949 8712
5950 9293
5950 9086
5951 9115
5952 5975
5953 9942
5954 7374
5957 9237
5959 6136
5963 6996
5963 9706
5963 7497
5964 7183
5964 6867
5964 6819
5968 7057
5968 7107
5968 7572
5969 8002
5970 8237
5971 8184
5971 9712
5972 6293
5973 7480
5974 7612
5976 6036
5977 9230
5978 6055
5978 7724
5982 8205
5983 9480
5985 8837
5986 9606
5989 8331
5991 9070
5992 8855
5997 6907
5998 7076
5999 7749
5999 8941
6000 7195
6001 9866
6003 8651
6004 6626
6005 9767
6006 8687
6007 7921
6008 7990
6009 8487
6010 7486
6011 7270
6012 7333
6013 6686
6014 6685
6018 7947
6018 6069
6018 7490
6020 9000
6021 9230
6022 6855
6023 9305
6024 6028
6025 7172
6027 6877
6027 7659
6028 7691
6029 8484
6030 6459
6032 7458
6032 9143
6033 7554
6037 7303
6037 8819
6038 7424
6039 7772
6040 6682
6040 6771
6042 8603
6042 7486
6043 8957
6043 7602
6044 7084
6046 7904
6048 9867
6049 9793
6049 6124
6052 7071
6053 6405
6053 6299
6053 6581
6058 8635
6059 8208
6061 6284
6061 7457
6062 8791
6062 8942
6062 9642
6063 6571
6063 7961
6064 7493
6065 8004
6067 9775
6068 6079
6070 6845
6070 9117
6071 8851
6072 9439
6073 9888
6076 6270
6077 8621
6078 7110
6081 7196
6082 9431
6084 7199
6085 9647
6086 8974
6087 9275
6087 9137
6088 7874
6089 7612
6089 8229
6089 9048
6091 6603
6093 8876
6093 7641
6094 6769
6095 7253
6096 8397
6097 8550
6099 7787
6099 9602
6100 6251
6101 8351
6102 9009
6105 6168
6109 6524
6111 9799
6112 9133
6113 7639
6116 6179
6117 6514
6118 8050
6122 6305
6122 8001
6126 8160
6126 8945
6128 8446
6129 9394
6130 8329
6130 7990
6131 7912
6132 7098
6132 8853
6136 7156
6137 7495
6139 6266
6140 8968
6141 8697
6143 6817
6143 6926
6148 6727
6148 7968
6150 8748
6151 9895
6153 6607
6153 9413
6153 9314
6155 6988
6158 6371
6158 8348
6160 9268
6161 6628
6163 7598
6163 8038
6164 6433
6164 9008
6164 6764
6165 9182
6166 8999
6166 8976
6169 8654
6170 7416
6171 6725
6172 7575
6173 8616
6175 7140
6176 8834
6178 9464
6178 9656
6183 9697
6184 6922
6185 9431
6187 9912
6193 6917
6194 8363
6196 9193
6199 6393
6202 8509
6203 9478
6203 9717
6203 8247
6205 7283
6206 7056
6206 9695
6211 8204
6212 8622
6213 8131
6214 6468
6215 6617
6215 7710
6218 7915
6221 6739
6221 9036
6221 9303
6223 7187
6223 9557
6223 6631
6224 8324
6225 8207
6226 7084
6226 7021
6227 8879
6229 7959
6231 7520
6232 6954
6234 7938
6235 8651
6238 8481
6239 7135
6240 6892
6240 8705
6241 7767
6244 7716
6245 6783
6245 8405
6247 6562
6249 8497
6250 6444
6252 7351
6252 6822
6254 8379
6262 9498
6265 7636
6267 6723
6267 6586
6270 8997
6271 8489
6271 9261
6276 9746
6278 9784
6279 7521
6280 7232
6280 8339
6281 8454
6283 8342
6288 9982
6288 8303
6289 9256
6290 8121
6290 8155
6291 9053
6292 7065
6294 6694
6296 6630
6296 9633
6297 9233
6298 9430
6299 9592
6300 6330
6301 8935
6302 7416
6306 9766
6307 7071
6311 9462
6312 7436
6312 7505
6313 9681
6314 8193
6314 9745
6316 7215
6320 8911
6321 8864
6322 8150
6323 9855
6325 9103
6332 7314
6333 6806
6335 9329
6336 8353
6336 9737
6339 8293
6339 7197
6340 9530
6342 7099
6344 9415
6345 8582
6346 9493
6347 9239
6348 7459
6348 7625
6350 7387
6352 9371
6353 6503
6354 7099
6356 7741
6356 6955
6357 7747
6358 8727
6359 7694
6360 7555
6361 9480
6362 8199
6363 7449
6363 7146
6365 6388
6365 9884
6366 9575
6367 8162
6369 9258
6371 8412
6372 7623
6373 7311
6374 6810
6374 9809
6376 6968
6377 8760
6378 8310
6379 9382
6381 8316
6385 9726
6386 8569
6387 7746
6387 6899
6388 8850
6391 7007
6391 7016
6396 9137
6396 9691
6397 9671
6399 8028
6399 6600
6400 9691
6400 9891
6401 7420
6401 8778
6402 6692
6404 7026
6405 6602
6406 7200
6407 7835
6407 7282
6408 9372
6411 9796
6412 6616
6412 8967
6413 8862
6416 9486
6419 6696
6420 9215
6421 8494
6421 7003
6422 8720
6423 7044
6423 8105
6423 7328
6426 9865
6426 9885
6426 9783
6427 6609
6429 9793
6430 8465
6431 8395
6432 7594
6432 7229
6433 6544
6434 8450
6435 6713
6436 6630
6440 8939
6440 9291
6441 7562
6441 8720
6445 9655
6448 8396
6449 8368
6449 9619
6451 7126
6451 6565
6452 7312
6453 9620
6454 8823
6458 9797
6460 9144
6461 6917
6461 6660
6463 8915
6463 8766
6464 9752
6467 7399
6471 8298
6474 9194
6474 8127
6479 9999
6484 7766
6485 7151
6485 7267
6487 6895
6489 9058
6490 6715
6490 7588
6490 6973
6491 7848
6493 9512
6493 9321
6494 9924
6496 6893
6496 7071
6497 8482
6498 9526
6500 8072
6501 8747
6501 9258
6504 9290
6505 8288
6506 9520
6506 7917
6507 7934
6508 9856
6509 7136
6510 9694
6510 7352
6511 9689
6512 9100
6518 7827
6518 7736
6519 7707
6520 6957
6521 8190
6522 7037
6522 8263
6522 7547
6524 9277
6526 9612
6526 9696
6530 8831
6532 7489
6533 7130
6534 8827
6535 7881
6539 8607
6540 8236
6542 9739
6544 8420
6544 7069
6545 9311
6548 8511
6550 7132
6551 7096
6552 7283
6557 7481
6563 7984
6565 7417
6566 8452
6566 6890
6567 9568
6569 7410
6569 9321
6571 9702
6573 7675
6576 8492
6578 7410
6579 9452
6581 8861
6581 7441
6582 8681
6583 7316
6585 7848
6587 8373
6588 7488
6589 8415
6594 7296
6597 8980
6597 9455
6600 9540
6600 7507
6601 9737
6605 8168
6606 7413
6609 9176
6609 7887
6611 7427
6611 7824
6612 8143
6613 9218
6615 9962
6616 9091
6617 7819
6620 9499
6622 6795
6623 9135
6624 8505
6624 8640
6624 7914
6626 7630
6627 7211
6627 6926
6629 8298
6631 8982
6632 9393
6634 7076
6634 8499
6635 6835
6635 8400
6640 7729
6641 9829
6641 9954
6642 8810
6646 8727
6646 7935
6647 9106
6648 7794
6649 7995
6650 8712
6650 9931
6654 7878
6654 8587
6656 7599
6656 8276
6657 7704
6660 6781
6661 8139
6662 9534
6669 9975
6669 9334
6670 8989
6671 9938
6674 8463
6676 8376
6681 7865
6682 7237
6683 7418
6685 8504
6686 6748
6688 7726
6688 6753
6691 8866
6691 9049
6692 7347
6692 7951
6695 9295
6696 9543
6698 6731
6699 8767
6700 9273
6701 7030
6702 6915
6706 9380
6706 9692
6707 9603
6709 6728
6710 9982
6713 8285
6713 9868
6718 8704
6718 9933
6720 6911
6720 8120
6723 7342
6723 8847
6724 7209
6724 9321
6725 6812
6726 8910
6726 7450
6728 8545
6733 8864
6733 8144
6734 9842
6734 9995
6735 8951
6735 9144
6738 9564
6740 8166
6741 9165
6743 8116
6743 9447
6747 7460
6748 7309
6748 8183
6749 8556
6751 7078
6758 7366
6761 7277
6762 7036
6766 7404
6767 8001
6768 8310
6770 8797
6772 7817
6772 9923
6774 8473
6775 8100
6779 9343
6780 9309
6781 8390
6782 7805
6785 8223
6786 9328
6793 8206
6793 8347
6796 8863
6796 9580
6797 9965
6798 8056
6800 7365
6801 8653
6804 9628
6807 7624
6809 7306
6811 7160
6812 8913
6813 7246
6813 9530
6814 9737
6815 7524
6816 9171
6817 7025
6818 6878
6820 9233
6825 9377
6825 9956
6825 8417
6826 9872
6827 9995
6828 8097
6830 9741
6832 8337
6835 6862
6837 9903
6840 7568
6840 8503
6841 8063
6843 8223
6843 8928
6844 6956
6847 6940
6849 7161
6850 9219
6856 7632
6856 9188
6857 7727
6859 7336
6860 8011
6860 9791
6863 7301
6864 7715
6864 9373
6866 7645
6867 9901
6870 8743
6871 7743
6872 8090
6874 7745
6879 7502
6879 7698
6882 7508
6882 8332
6883 8964
6885 9483
6887 9456
6896 8882
6897 9335
6899 7660
6899 8196
6900 7692
6902 9516
6903 9313
6905 9191
6907 9140
6908 8038
6909 8942
6910 7082
6911 8500
6912 8626
6914 9976
6916 8728
6919 8436
6919 9461
6919 8149
6920 9992
6926 8329
6934 8610
6935 9431
6936 8280
6941 8716
6942 9261
6944 7614
6948 8740
6948 7624
6950 9385
6951 8907
6952 8342
6953 7052
6955 7771
6956 8878
6958 7616
6960 9596
6966 9504
6967 9397
6968 8726
6973 7996
6975 9458
6979 8553
6980 8292
6980 9109
6982 8148
6982 7007
6985 7661
6986 7049
6987 9809
6987 9085
6988 8093
6988 8931
6989 9524
6992 7656
6993 7090
6994 8579
6994 8032
6997 7093
6998 7301
7000 9582
7001 9819
7003 7790
7006 8428
7008 9196
7008 8262
7009 8833
7012 8013
7012 8880
7015 9841
7015 9119
7018 7829
7019 7778
7021 9656
7023 9095
7024 7252
7024 7501
7028 9567
7030 7585
7031 9030
7032 7433
7032 7162
7033 8047
7035 8609
7035 8796
7036 9929
7038 8903
7038 9278
7038 7162
7042 9001
7043 9422
7046 7212
7046 9887
7047 7915
7048 7717
7048 9184
7049 8881
7051 9884
7052 9228
7053 8863
7055 8953
7056 7525
7061 7269
7063 8400
7064 7727
7065 8835
7065 9661
7066 9138
7067 9923
7068 8350
7069 7946
7073 8575
7073 8443
7077 9632
7080 9417
7084 8802
7085 7193
7087 7935
7089 9175
7093 8582
7094 9894
7095 7456
7096 9822
7097 7593
7099 9757
7104 8651
7106 9838
7108 9005
7119 8990
7120 7175
7121 8181
7124 8890
7127 9811
7134 8896
7136 9659
7138 8719
7140 9124
7140 9857
7141 7829
7142 9046
7142 8535
7143 9120
7143 9238
7144 7675
7145 8477
7150 8110
7155 7830
7157 9187
7158 7166
7158 8948
7159 9640
7161 9581
7164 7445
7164 8583
7165 8760
7167 8115
7168 8071
7173 9338
7174 8337
7177 7988
7181 8811
7181 9269
7181 9246
7185 8346
7185 9414
7186 9142
7192 9389
7197 8271
7201 9984
7203 8265
7207 9294
7208 8091
7216 7986
7219 9804
7219 8166
7223 7237
7224 7664
7227 7228
7227 8885
7230 8649
7235 9475
7235 8278
7236 7364
7239 7704
7242 8437
7242 9705
7243 9877
7244 9167
7247 7779
7248 9101
7249 9362
7251 9052
7257 7321
7258 7855
7260 7640
7261 7990
7266 9944
7268 9430
7271 9268
7273 9522
7274 7897
7275 8657
7276 8635
7280 9779
7281 8780
7281 9937
7282 9653
7288 7821
7291 8943
7292 7796
7293 7813
7300 9863
7302 8264
7304 9730
7305 9646
7307 9018
7307 8091
7308 9994
7313 7781
7314 7334
7314 7447
7314 7492
7315 8802
7316 9480
7317 9928
7318 7777
7318 9666
7319 7619
7320 7779
7321 8326
7322 7471
7323 7664
7324 8254
7324 7676
7324 9259
7327 8029
7327 7761
7328 7663
7331 9879
7332 7840
7335 9419
7336 7799
7339 9552
7343 8983
7349 7694
7351 9281
7352 8085
7356 7795
7356 8090
7358 8117
7362 8867
7365 9121
7365 9086
7367 8391
7367 8742
7368 9257
7369 7924
7369 9139
7371 7538
7374 8926
7375 9718
7378 9584
7381 8975
7384 8812
7384 7803
7384 7923
7386 7865
7388 8927
7389 7631
7390 8680
7392 8860
7393 9726
7394 9685
7396 8754
7398 9511
7402 8356
7405 8495
7406 9154
7407 7775
7407 8195
7408 9235
7411 8342
7411 9672
7412 9569
7414 8900
7415 9673
7416 8472
7419 8813
7420 8208
7422 9596
7423 9002
7424 9318
7425 8360
7428 7434
7429 7995
7430 8517
7431 9729
7432 9476
7433 7913
7441 9405
7443 8037
7446 9363
7446 8809
7449 9661
7450 9560
7451 8992
7453 8483
7454 8230
7457 8200
7457 8417
7461 7910
7462 8998
7462 7901
7463 8220
7464 8079
7465 8278
7466 8407
7470 8010
7471 8554
7472 9019
7474 9371
7476 8782
7476 8417
7478 9341
7479 8131
7483 8949
7487 9729
7489 8766
7490 9446
7491 8254
7494 8031
7496 8738
7500 8537
7500 9986
7503 9778
7511 9847
7513 8741
7515 7929
7516 9035
7517 8649
7518 7704
7519 7751
7520 7894
7524 9509
7531 8863
7533 9152
7535 9548
7536 7854
7536 8289
7536 9348
7536 8471
7539 9571
7541 8075
7542 9131
7544 9732
7546 7793
7547 9161
7548 8509
7549 8891
7552 8984
7557 9433
7558 9338
7560 8794
7567 7950
7568 8653
7571 8305
7571 8344
7572 9418
7585 8665
7591 8872
7599 8478
7599 9845
7600 8120
7601 7789
7601 8585
7602 9229
7603 9677
7607 9034
7608 7821
7608 8450
7610 8967
7615 9582
7617 8647
7617 9686
7622 9546
7624 9041
7625 8382
7626 9847
7629 7961
7631 7979
7632 8134
7636 8044
7637 9678
7639 7901
7642 7970
7644 9562
7647 8940
7649 9530
7650 9601
7655 9132
7657 8411
7658 7908
7661 7806
7665 9373
7666 7724
7666 8594
7667 9206
7672 8395
7674 7759
7675 8498
7676 9128
7679 9121
7683 9253
7683 9147
7688 8468
7689 9194
7691 8252
7692 8499
7692 7786
7692 9998
7697 8279
7699 8144
7702 9725
7704 8774
7708 9776
7711 9267
7714 9744
7721 7788
7722 9373
7724 9199
7725 9174
7727 8550
7730 8500
7733 9532
7734 7876
7736 8527
7737 8162
7737 9436
7738 8573
7740 8894
7740 9877
7743 8426
7743 9990
7751 8097
7751 9968
7753 8918
7754 9310
7761 8566
7764 9102
7764 8589
7765 9471
7769 9336
7780 8280
7783 9090
7784 9541
7796 9286
7798 8513
7799 8516
7799 8781
7800 9468
7800 8467
7803 8889
7807 9567
7827 8336
7827 9419
7830 9501
7831 8516
7833 8905
7834 9112
7836 8287
7841 8985
7842 9727
7847 8907
7857 9957
7857 7990
7857 8009
7859 9900
7860 7882
7861 8771
7861 8298
7862 8267
7864 9157
7864 8486
7868 9066
7871 8258
7871 8282
7879 7901
7880 9181
7881 9125
7884 8491
7884 9323
7885 8551
7886 8605
7887 9314
7891 9597
7893 8343
7893 8788
7895 9216
7899 9219
7900 8366
7901 8792
7906 8844
7907 8851
7908 9218
7909 9463
7911 8702
7911 8580
7916 8513
7917 9850
7921 8891
7923 9949
7925 8643
7926 9469
7928 9279
7929 9233
7929 8256
7931 8410
7935 9777
7936 8853
7937 9206
7941 8327
7942 9241
7949 8578
7951 9369
7954 9813
7957 9296
7963 9820
7964 8312
7966 9304
7967 9844
7969 9116
7971 8113
7972 8356
7974 9260
7977 9895
7980 8568
7981 9586
7982 9893
7987 9352
7995 9904
7996 9369
8001 9566
8003 9403
8004 9952
8007 8845
8010 8291
8012 9621
8015 9595
8021 8361
8023 8472
8024 9593
8026 9222
8027 9183
8035 8085
8036 8592
8039 8283
8045 9648
8047 8647
8048 8944
8053 9637
8055 8971
8056 8363
8056 9899
8057 9499
8065 8296
8066 8865
8067 8887
8067 8149
8068 8846
8068 8297
8076 8582
8077 8393
8077 9632
8080 8179
8086 8978
8086 8703
8091 8632
8095 9798
8099 9108
8101 8612
8102 9138
8104 9658
8105 8504
8108 8203
8117 8311
8119 8563
8119 8985
8124 9005
8128 9828
8130 9536
8132 9026
8133 8370
8136 9995
8137 9819
8138 9431
8144 8606
8150 9011
8152 8316
8154 9420
8157 9989
8162 9679
8163 9097
8164 8300
8164 9438
8165 8908
8168 8912
8171 8678
8172 8942
8174 9934
8177 8244
8178 9574
8180 9216
8197 8261
8198 8399
8200 8700
8204 8209
8205 9319
8217 9847
8217 9414
8232 9024
8234 9997
8246 8894
8247 8816
8248 8386
8248 9588
8250 9976
8251 8409
8253 9136
8256 9008
8259 8777
8260 9306
8269 8676
8271 8734
8274 9217
8275 8434
8277 9519
8277 8848
8278 9244
8279 9185
8286 9223
8287 8701
8294 8349
8294 8447
8297 9312
8301 9848
8303 9382
8311 9415
8312 9614
8313 8319
8314 9150
8314 8446
8318 8961
8318 9324
8323 9945
8326 9221
8330 8909
8332 9203
8333 8659
8335 9291
8335 9782
8335 8930
8336 8981
8339 9610
8340 9076
8341 8519
8344 9343
8348 8457
8351 9760
8355 8739
8357 9910
8358 8914
8359 8836
8365 9164
8365 8809
8366 8424
8367 8672
8367 8889
8369 9578
8370 8722
8372 8898
8373 9031
8381 9140
8381 9648
8382 9207
8384 9387
8384 9413
8387 8936
8390 9365
8392 9484
8393 9490
8396 9360
8401 8841
8404 9982
8405 8635
8409 9448
8413 9154
8423 9388
8431 8911
8437 8948
8439 9765
8440 9199
8441 8970
8443 8898
8446 9322
8448 9071
8450 9209
8452 9456
8465 8801
8475 8560
8475 8751
8479 9240
8486 9896
8487 8869
8493 9709
8508 9754
8509 8803
8512 8710
8512 9404
8514 9549
8515 8631
8520 9667
8524 9832
8525 9201
8526 9873
8529 8638
8530 9030
8534 9105
8535 9608
8543 9222
8551 9804
8554 9497
8557 9858
8558 9027
8567 8941
8569 9039
8572 8923
8574 9749
8577 9349
8579 9144
8581 9235
8591 9673
8601 9192
8604 9358
8605 9306
8608 9658
8611 9454
8628 9799
8633 9462
8636 8832
8639 9330
8642 9211
8651 9685
8658 9793
8664 9032
8666 9292
8667 8854
8669 9477
8677 9037
8677 9300
8679 9913
8683 9331
8687 9205
8689 9572
8689 8834
8695 8776
8706 9348
8707 9042
8708 9859
8716 8750
8721 9316
8725 9922
8730 8988
8730 9290
8733 9744
8738 9555
8742 9345
8749 9885
8751 8852
8754 9186
8759 8830
8760 9487
8760 9571
8763 9283
8770 9294
8771 9427
8773 9888
8774 9849
8782 9967
8783 9449
8786 9798
8786 9693
8798 9064
8804 9248
8813 9190
8815 9357
8822 9659
8824 9195
8824 9565
8826 9264
8832 9663
8844 9061
8859 9862
8861 9559
8861 9634
8868 9317
8872 9435
8872 9665
8873 9234
8874 9046
8875 9513
8875 9514
8883 9889
8883 9661
8884 9698
8886 9599
8888 9626
8889 9909
8892 9132
8896 9733
8901 9328
8913 9927
8917 9166
8921 9730
8922 9556
8924 9606
8925 9328
8927 9245
8932 9600
8941 9714
8942 8958
8944 9224
8947 9467
8968 9639
8975 9339
8979 9276
8980 9099
8986 8999
8993 9873
8997 9415
8998 9112
9006 9394
9011 9663
9012 9495
9013 9509
9016 9494
9016 9166
9021 9307
9027 9931
9034 9558
9034 9310
9044 9088
9055 9701
9058 9841
9059 9147
9063 9801
9064 9771
9069 9804
9072 9305
9078 9748
9082 9670
9082 9276
9085 9636
9087 9955
9097 9720
9114 9732
9115 9474
9116 9179
9117 9263
9131 9553
9161 9334
9171 9467
9177 9981
9189 9345
9197 9703
9216 9634
9220 9487
9231 9405
9239 9631
9246 9359
9247 9626
9253 9370
9254 9517
9265 9912
9272 9910
9284 9613
9289 9839
9296 9560
9301 9720
9306 9603
9312 9835
9314 9831
9319 9731
9327 9915
9335 9580
9338 9595
9346 9824
9349 9704
9354 9981
9361 9920
9366 9546
9376 9587
9378 9923
9389 9784
9390 9969
9391 9409
9394 9746
9400 9672
9400 9587
9405 9638
9406 9791
9407 9565
9424 9544
9430 9846
9440 9496
9460 9973
9470 9977
9472 9907
9489 9750
9492 9965
9511 9602
9516 9848
9522 9646
9528 9825
9529 9896
9541 9756
9551 9748
9556 9916
9557 9700
9569 9851
9572 9576
9573 9966
9588 9790
9601 9952
9605 9768
9606 9961
9622 9770
9625 9981
9643 9763
9652 9739
9654 9982
9668 9930
9669 9777
9680 9692
9681 9929
9730 9949
9732 9925
9752 9827
9753 9980
9762 9866
9764 9950
9779 9835
9802 9992
9857 9870
9878 9938
9901 9936
9920 9980
9933 9994
9947 9963
