400 399
0 132
0 259
0 251
1 312
1 356
1 379
2 398
3 165
3 287
4 329
4 114
5 386
5 46
5 227
6 197
6 27
7 219
8 139
8 295
8 317
9 342
10 297
10 121
11 93
11 391
12 209
12 268
12 111
12 216
13 389
14 50
15 66
15 16
16 314
16 330
16 385
17 201
18 180
19 335
19 279
20 65
20 347
21 32
22 24
22 212
22 161
23 239
24 152
25 84
26 287
26 325
26 106
27 73
28 273
29 223
30 395
30 135
31 310
31 346
32 384
32 364
33 66
34 113
35 198
35 358
36 343
37 238
37 115
38 202
38 50
38 272
38 123
38 326
39 348
39 45
40 123
41 186
42 347
43 292
43 250
44 250
45 207
46 130
47 129
47 267
47 386
48 103
49 348
50 84
50 280
51 341
52 274
52 174
52 372
53 327
53 149
54 187
55 124
55 175
55 130
56 116
57 234
58 93
59 324
59 207
60 157
60 99
61 180
61 150
62 178
62 277
63 359
63 391
64 189
64 381
64 127
64 325
66 363
66 389
67 383
68 283
68 281
69 105
69 323
70 249
71 309
71 277
71 222
72 102
72 92
72 148
73 75
73 299
73 390
74 373
74 381
76 236
77 242
77 332
78 317
78 352
78 251
78 186
79 81
79 392
80 365
81 288
82 128
82 146
83 363
84 258
85 306
85 135
86 291
86 368
86 244
87 212
88 372
88 336
88 349
89 354
90 108
90 357
91 102
92 351
94 274
95 239
96 146
96 113
96 178
97 366
98 394
99 361
99 235
99 336
100 344
100 308
101 111
102 273
102 278
103 232
103 270
103 106
103 217
104 278
105 213
107 137
107 286
107 323
109 149
109 315
109 276
109 235
110 294
110 138
111 323
112 256
112 254
113 140
114 173
114 391
115 293
115 244
115 134
116 167
116 206
116 149
117 168
117 173
118 170
118 182
119 304
119 385
119 235
120 308
120 175
121 384
122 360
123 240
123 159
125 394
125 384
126 129
127 184
130 349
131 144
131 149
133 362
133 134
133 272
135 389
136 160
137 281
138 313
140 398
141 325
142 247
142 367
143 190
143 250
143 367
145 357
145 228
145 229
146 229
147 265
148 377
149 158
149 172
150 254
150 367
151 399
152 269
153 154
153 392
154 241
155 394
156 280
159 387
159 367
160 346
160 205
161 336
162 195
163 166
163 337
164 205
164 393
165 246
168 195
168 328
169 218
169 177
171 227
171 249
172 219
174 285
175 275
176 317
177 369
177 377
179 248
181 192
182 234
183 187
184 320
185 248
186 324
187 290
187 302
188 305
189 211
191 391
191 196
192 239
192 203
193 342
193 391
194 241
196 398
198 319
199 230
200 333
201 364
203 265
204 237
204 386
207 366
207 235
208 261
208 265
208 360
210 266
210 236
212 243
212 233
214 383
215 257
216 355
216 383
216 217
217 343
217 233
220 388
221 391
222 248
222 259
223 397
223 320
224 303
224 245
224 358
225 355
226 244
228 393
230 365
230 320
231 351
234 316
234 382
236 356
239 263
242 255
244 305
245 374
247 321
248 260
248 347
249 378
252 326
252 325
253 302
255 279
256 333
257 361
259 358
262 315
264 339
264 276
265 307
266 341
267 271
267 371
271 302
277 370
277 376
282 392
282 341
284 285
289 382
296 364
296 330
298 331
298 379
300 395
301 312
308 345
309 334
310 318
311 396
313 334
315 350
317 332
320 379
322 326
330 354
333 396
337 371
338 362
339 390
340 354
348 360
352 377
353 375
353 360
360 388
361 380
378 399
382 396
