100 99
0 23
0 77
1 18
2 58
3 21
3 85
4 58
5 98
6 33
6 89
6 77
7 96
7 12
8 22
9 90
10 34
10 94
11 50
12 38
13 93
14 27
14 68
15 28
15 78
15 23
16 49
16 79
17 44
18 22
18 50
18 99
19 55
20 48
20 72
20 24
21 24
22 58
24 60
25 64
26 53
26 56
26 52
26 51
29 42
29 39
30 84
30 32
30 90
31 77
31 91
32 97
33 40
35 71
35 48
36 58
37 94
37 88
38 83
39 98
41 84
42 54
43 75
43 87
43 69
44 62
44 47
45 82
46 69
46 61
47 80
49 81
50 80
51 61
51 97
52 66
55 83
55 91
55 98
57 85
57 81
59 68
59 71
63 65
63 74
64 93
64 91
65 98
67 95
67 87
70 86
70 96
72 82
73 83
74 99
75 88
76 81
79 92
79 99
90 91
