1000 999
0 972
0 913
1 920
1 953
2 821
2 547
3 315
4 267
4 215
5 788
5 761
6 102
6 394
7 366
7 253
7 619
7 549
8 575
9 497
9 152
10 259
11 806
12 373
12 561
13 691
13 106
13 204
14 786
14 774
15 615
15 145
15 254
16 832
17 768
17 358
18 95
19 579
20 861
20 66
20 670
20 99
20 505
20 783
21 950
21 983
22 326
22 547
23 747
23 364
23 337
24 500
25 762
25 544
26 355
26 356
26 950
27 144
27 87
27 302
27 909
28 689
28 298
28 173
29 798
30 175
30 252
30 228
30 547
31 796
32 469
33 407
33 512
34 421
35 367
35 406
36 776
36 599
37 958
38 794
39 870
40 432
41 570
41 931
41 277
42 560
43 371
43 61
44 929
44 876
45 89
45 372
45 253
46 540
46 602
46 820
46 645
46 637
47 465
47 585
47 972
48 743
48 843
49 262
50 938
50 826
51 965
52 893
52 581
53 584
53 461
53 967
54 864
55 59
55 674
56 291
57 458
58 674
58 151
59 401
60 303
60 522
60 694
61 297
62 146
62 147
62 97
63 217
64 380
64 596
64 434
65 677
66 77
66 341
66 906
67 127
67 610
68 337
68 764
68 653
69 493
69 80
70 860
70 111
70 820
71 567
71 435
72 924
73 440
74 422
74 308
75 974
76 369
76 331
76 352
77 135
77 158
77 258
77 259
78 486
78 106
79 145
80 852
80 311
80 141
81 405
81 856
82 468
82 794
82 903
83 809
84 824
85 769
85 865
86 742
87 618
87 620
88 533
88 298
90 885
91 255
92 713
92 869
93 634
94 122
94 333
95 697
95 943
95 779
96 940
96 959
96 354
97 233
98 791
99 714
100 105
100 752
100 403
101 836
103 314
104 884
104 896
104 894
105 121
106 829
107 632
108 150
108 991
109 693
109 758
109 918
110 662
110 455
111 627
112 663
112 427
113 234
114 843
114 997
114 661
115 182
115 432
116 419
117 955
118 729
118 927
119 834
120 224
123 370
123 985
123 975
124 890
125 945
126 282
126 757
128 456
128 766
128 232
128 808
129 725
129 874
129 436
129 409
130 154
130 562
131 521
131 807
132 727
133 840
133 971
134 889
136 256
136 460
137 791
138 430
139 887
140 581
141 537
141 822
141 386
141 220
141 384
141 145
142 546
143 652
148 608
148 261
148 803
149 920
150 624
151 689
152 187
152 514
153 435
153 656
155 242
155 327
155 871
156 629
156 819
157 326
159 818
159 971
159 898
160 300
160 249
160 630
161 634
162 297
163 203
163 675
163 753
164 888
164 407
165 612
165 834
166 335
167 413
168 497
169 773
169 336
170 913
171 223
171 265
171 878
172 215
172 918
173 473
173 932
174 700
174 522
176 882
177 295
177 634
178 775
178 639
178 501
179 245
180 921
181 900
181 790
183 290
184 809
184 192
185 943
186 813
186 427
187 450
188 654
188 322
188 538
189 502
189 245
190 814
190 419
191 708
192 263
192 487
192 987
193 742
193 902
194 397
194 301
194 291
195 348
195 995
195 724
196 839
196 573
197 668
197 328
198 392
199 691
200 710
200 236
200 531
201 446
201 827
202 731
203 404
204 731
205 587
205 217
206 802
206 301
207 283
208 480
208 254
208 596
209 653
210 750
211 790
211 832
212 385
212 988
213 896
214 493
215 643
216 733
216 918
216 973
217 500
217 835
218 859
219 723
219 739
220 565
220 680
221 576
221 993
222 737
224 312
225 425
225 866
226 548
227 718
227 917
228 545
229 346
230 718
231 390
231 693
232 684
233 924
234 627
235 299
236 238
237 241
238 982
238 634
239 274
239 744
240 688
240 628
241 261
243 290
244 969
244 513
245 893
246 622
246 366
247 980
247 839
248 625
249 944
249 336
250 531
250 562
251 597
251 671
251 998
253 374
253 557
255 452
255 832
256 873
257 942
260 813
261 735
261 939
262 864
262 955
262 342
264 409
264 986
265 963
265 343
266 536
266 932
267 856
268 286
269 545
270 806
270 377
270 635
271 404
272 618
273 967
274 515
274 781
275 523
276 690
276 635
276 881
277 696
278 763
279 487
280 637
280 551
281 816
281 551
283 652
283 481
284 403
285 735
286 450
287 590
287 487
288 671
289 686
290 892
290 352
291 438
292 427
292 554
293 989
294 743
295 779
295 826
296 679
297 331
298 928
298 669
299 819
300 529
301 309
301 863
302 711
303 795
304 897
305 306
305 893
306 755
307 400
307 588
308 915
308 987
308 979
309 558
310 631
310 756
311 475
312 327
313 436
314 696
315 335
315 524
315 513
316 794
317 559
318 951
318 957
319 542
319 636
319 770
320 726
321 370
322 466
323 586
324 973
324 351
325 470
328 727
328 559
329 929
330 888
332 424
332 363
333 870
333 878
333 387
334 871
336 625
337 926
338 612
339 487
340 672
340 966
340 868
341 685
342 514
342 352
342 875
343 696
343 991
344 883
345 744
345 745
346 741
347 419
347 715
348 922
348 519
349 667
350 410
351 947
352 378
353 853
353 919
354 483
357 778
358 413
358 671
359 979
360 429
360 550
360 873
361 651
361 840
362 703
362 649
362 495
363 711
364 905
365 707
365 831
365 853
368 781
373 440
375 917
375 378
376 772
377 650
378 945
379 492
380 912
381 805
382 809
383 474
383 555
384 661
386 695
386 760
386 441
387 564
387 916
388 812
389 657
389 417
391 531
392 593
393 842
393 935
393 755
394 501
395 745
396 984
396 900
398 616
398 736
398 978
399 838
402 604
403 494
403 607
403 908
404 599
406 648
408 520
409 956
410 753
410 879
411 989
411 624
412 514
413 925
414 610
415 755
416 645
417 655
417 740
418 665
418 568
418 764
420 479
421 479
422 660
423 601
426 551
426 552
427 771
428 754
428 857
430 983
430 881
431 522
432 470
432 838
433 692
434 778
434 925
436 547
437 858
438 887
438 649
439 589
439 692
441 553
442 655
443 449
443 659
443 569
444 910
445 455
446 749
447 708
447 701
447 553
448 899
448 477
451 861
453 567
454 516
454 507
454 916
454 777
455 939
457 903
458 726
459 997
460 751
461 705
462 506
462 604
463 642
463 992
464 898
466 626
467 709
467 771
469 783
470 673
471 879
471 737
472 532
472 804
472 543
474 681
475 875
476 787
477 948
478 815
479 668
480 503
481 495
482 698
483 519
484 757
484 713
485 902
488 715
489 709
490 798
491 580
492 761
492 931
495 794
496 868
498 603
498 538
499 563
500 946
501 726
504 974
504 909
505 513
506 792
507 737
507 992
508 983
509 881
509 848
510 601
510 921
511 698
511 777
512 609
512 569
512 859
512 554
512 906
513 580
513 686
513 756
516 628
517 990
517 678
518 777
518 694
520 914
520 878
523 751
524 780
525 955
526 700
527 803
528 710
530 953
530 961
531 934
534 644
534 999
535 913
536 667
538 761
539 903
539 882
541 979
543 571
544 836
545 774
546 692
548 993
549 741
549 633
550 793
552 808
553 571
555 666
555 557
556 811
559 715
559 909
559 627
560 901
561 721
561 739
562 976
563 799
563 691
564 783
565 976
566 709
568 739
570 611
571 573
572 899
574 988
575 917
576 964
577 911
578 930
578 833
579 594
579 844
579 598
581 922
582 843
583 788
585 838
586 729
587 994
588 796
588 670
591 957
592 850
592 999
593 888
595 639
596 640
598 709
600 766
601 805
601 998
603 699
604 712
604 815
604 641
605 724
605 669
606 931
610 799
612 811
613 647
614 766
617 836
619 876
621 674
623 835
623 680
624 851
626 871
626 910
630 941
630 638
632 985
633 831
638 646
638 645
639 825
641 811
645 895
647 962
647 840
648 913
649 947
650 832
653 701
654 656
658 941
664 743
669 823
672 807
675 854
676 995
677 961
677 838
678 789
679 986
679 932
682 933
683 862
683 983
684 833
687 986
692 870
694 785
700 970
701 865
702 802
703 908
704 726
704 872
706 842
712 719
714 942
714 894
715 748
716 921
716 850
717 812
717 898
717 810
720 849
720 856
722 936
722 738
728 744
729 801
729 808
730 987
731 949
731 999
732 759
732 910
734 921
736 745
738 767
738 748
740 787
740 855
740 884
746 983
750 834
751 763
751 950
753 845
758 827
763 891
763 902
764 772
764 988
765 965
765 794
768 817
770 969
771 841
773 867
773 978
774 967
776 797
779 836
780 846
782 875
783 924
784 857
784 957
784 838
785 805
789 939
791 948
796 907
798 817
800 929
802 981
803 877
810 952
811 848
819 995
824 996
824 967
825 882
826 993
828 929
830 923
830 965
831 885
834 927
837 958
844 883
847 937
848 958
858 902
865 886
865 977
866 911
866 882
868 969
869 994
872 874
877 964
880 948
880 885
887 913
889 954
889 911
890 951
896 919
897 963
898 932
901 927
901 970
904 946
909 968
930 960
933 934
937 952
943 979
952 991
975 990
