300 299
0 10
0 251
1 182
2 199
2 285
3 241
3 96
4 176
5 66
5 48
6 295
6 299
7 185
7 223
8 91
8 170
9 108
9 194
9 20
9 218
11 263
11 62
12 177
13 156
13 137
14 175
14 90
15 270
16 216
17 117
17 88
18 286
18 45
19 96
19 41
20 50
21 245
21 28
22 292
23 77
23 62
24 81
24 88
24 173
24 78
24 149
25 266
25 28
25 294
26 106
26 149
26 152
27 125
27 138
29 162
29 110
30 206
30 251
31 271
31 53
32 296
33 82
33 113
33 44
34 167
34 190
35 84
36 89
36 260
37 82
38 253
38 195
39 101
39 215
40 213
40 171
41 212
42 45
42 173
43 131
43 258
44 190
44 244
45 153
46 201
46 96
47 98
47 53
48 73
48 131
49 180
49 103
50 293
51 62
52 264
52 220
52 102
53 63
53 211
54 205
54 123
55 174
55 278
55 283
56 218
57 169
58 169
58 220
59 248
59 287
60 166
60 260
61 260
61 243
62 239
62 74
63 267
64 188
65 292
66 243
67 223
67 221
68 70
69 274
69 101
70 126
71 232
71 143
71 200
72 136
72 292
72 100
74 103
74 99
74 260
75 257
76 263
77 151
77 203
78 110
79 228
79 105
80 195
80 204
83 151
84 283
84 171
84 238
85 148
86 285
87 182
87 282
90 99
91 282
92 244
92 247
92 137
93 140
94 294
95 198
95 227
96 132
96 176
96 134
96 112
97 179
98 262
99 148
99 259
99 209
100 126
100 168
100 181
100 155
101 261
102 180
104 114
104 192
105 234
106 159
107 270
107 141
109 279
109 218
111 234
111 124
111 181
112 289
115 291
115 227
116 154
118 246
119 227
119 165
120 227
121 130
121 209
122 146
122 189
123 277
123 152
124 284
127 254
127 162
128 202
129 249
129 290
133 160
133 138
133 214
134 172
135 143
137 288
137 236
138 256
139 258
139 143
140 266
141 189
142 167
144 232
145 219
147 205
148 197
149 196
150 237
150 296
152 211
154 214
154 282
155 240
157 220
158 210
158 231
158 189
158 213
161 289
162 298
163 281
163 245
164 190
165 205
168 229
168 257
169 235
170 209
171 268
172 250
173 230
173 187
173 221
174 207
174 255
176 246
177 180
178 264
179 251
179 297
183 185
184 216
184 275
185 296
186 294
187 272
188 205
191 252
192 262
193 194
196 225
200 265
200 215
202 217
202 229
204 278
205 275
207 219
208 236
211 212
212 299
215 238
218 275
222 266
224 293
226 257
233 262
235 273
236 297
238 248
240 247
242 294
242 287
242 275
252 290
252 253
253 280
260 269
268 297
276 299
281 285
