10000 9999
0 4335
1 5636
2 8444
2 7973
2 7210
3 919
3 2289
3 4608
3 1092
4 7200
5 8732
5 9383
6 1183
6 7762
7 2462
8 3683
8 182
9 9882
10 6561
10 4616
11 2342
11 2510
11 7150
11 4246
12 1683
13 6364
13 2170
13 8560
14 8681
14 3618
15 3396
15 303
15 4040
16 6398
17 6693
17 5212
17 4581
18 1954
18 498
19 5144
19 9464
20 6602
21 485
21 1603
21 7608
21 6452
21 7786
22 6060
22 8443
22 9054
23 7269
24 7013
25 993
26 91
26 3650
26 4466
27 6268
27 8041
28 8764
28 4904
29 5120
29 358
30 4185
30 5847
30 8328
31 3934
31 1479
31 1777
31 1633
32 3367
32 2458
32 8096
33 3168
33 3096
34 487
34 7160
34 8651
35 1159
36 340
36 1052
37 9112
38 2828
38 5838
38 4529
39 8981
39 2143
40 8497
40 8155
41 2089
41 6980
41 7450
41 3336
42 168
43 82
43 3102
44 5023
44 1735
44 3790
45 6225
46 6086
47 64
47 1937
48 5410
48 4695
49 5586
50 7545
50 9126
51 3968
51 1149
52 1737
52 537
53 5058
53 9254
53 8807
54 1984
55 3293
55 4060
55 5812
56 3245
56 5397
56 9289
57 2209
57 5544
58 6103
58 3707
58 2974
59 1366
59 7822
59 9556
59 7187
60 2744
61 9729
61 4955
61 7158
62 9123
62 9609
63 3010
63 1279
63 1573
65 2653
66 894
66 9257
67 2273
68 8602
68 7536
68 1693
69 707
70 2639
70 6086
70 6646
71 3198
71 9401
71 5291
72 6395
73 4237
73 1254
74 1902
74 4578
75 6874
75 9138
75 9190
76 5798
76 2550
76 2963
77 7121
77 1872
78 4782
78 1163
79 6578
79 3890
80 8175
80 7181
81 3054
81 4633
81 6925
82 7818
83 9105
84 8338
85 4537
85 1275
86 1078
86 99
87 9839
87 2470
88 2110
89 193
89 9452
89 1381
90 7617
92 1723
92 545
93 7071
94 5390
94 6488
95 8210
96 8452
96 3057
97 5846
97 7515
97 7784
98 6693
99 2377
100 8844
101 7730
101 8636
101 9562
102 4628
103 1065
104 6282
104 7968
105 1608
105 7538
106 1344
106 2065
106 4104
107 9872
108 918
108 348
109 3781
109 9424
110 4568
110 5020
110 4168
110 2580
111 7100
111 1026
112 5292
113 2739
113 6601
113 1968
114 4183
114 3743
114 5670
114 6188
115 5687
115 3120
116 2798
116 6911
116 6912
117 4261
117 1341
117 9268
117 1046
118 1786
119 9155
120 380
121 1152
121 5245
121 8208
121 9839
122 6585
123 9576
124 8456
124 1404
125 416
126 9469
127 5126
127 6859
127 5621
127 3326
128 3848
129 7952
129 7557
130 9421
130 3226
131 7202
132 2138
133 4388
133 2294
133 7316
134 1649
135 8078
136 1712
136 9054
136 7722
137 446
137 7453
137 1522
137 6494
138 6025
139 1445
139 5455
140 6935
141 4765
141 1866
141 2490
141 5657
142 9700
143 2322
143 7936
144 926
144 9248
144 9520
145 6979
145 2705
145 846
146 2216
146 3003
146 8520
147 3015
148 200
149 1515
150 3494
151 1118
151 6120
152 5291
152 370
153 3594
153 6692
154 3996
155 7014
155 9337
156 5983
156 742
157 9010
157 4825
157 492
158 8801
159 7612
160 3853
160 1633
161 6254
161 2724
162 9608
162 8083
163 9856
163 6706
164 9007
164 902
165 7409
165 4377
166 9509
167 9080
168 9656
168 2339
169 8881
169 4499
170 8824
171 5177
171 7549
171 8331
171 4287
172 4324
172 871
172 7867
172 8420
172 2931
173 7033
173 3603
174 4751
175 6971
175 6995
176 5520
177 2798
178 5767
178 3185
179 8304
180 7252
180 8692
180 8484
181 5187
181 7364
181 7612
182 5829
183 4212
183 5543
184 4293
184 7174
185 7175
186 2494
187 7303
187 812
188 4218
188 6466
189 888
190 1900
191 2584
191 8000
192 5488
192 9673
192 3124
192 9463
193 7466
193 7703
194 1035
195 4346
195 2405
196 2693
196 3478
196 7126
196 3205
197 8829
197 4436
198 2643
198 2938
199 2389
199 9967
199 3638
200 6837
200 8578
201 970
201 4304
202 4114
202 4082
203 3587
203 807
203 8960
203 9836
204 4518
205 5233
206 9234
207 6462
207 9147
207 2599
208 2769
208 886
209 781
209 4147
210 8856
211 6711
211 6846
212 5318
212 2926
213 9503
214 7022
214 7898
214 9052
214 4579
215 9474
215 1500
216 2936
217 7507
218 9611
218 4500
218 1036
219 2483
219 8669
220 9184
221 1832
221 2998
221 7959
221 9754
221 9114
222 788
222 3315
223 4400
223 4094
223 408
224 2465
224 6678
224 9473
224 3005
225 9774
225 4065
225 3457
226 4033
226 4000
227 8670
227 9750
227 9742
228 7413
228 2170
229 1549
229 1428
230 9020
231 3847
232 990
232 2062
232 2541
233 2668
233 2329
234 2390
234 8475
235 1848
236 4988
237 8922
238 7255
238 2569
239 8875
239 9492
240 485
241 2195
241 5877
241 1994
241 1188
242 7919
242 3397
242 5240
243 8443
244 2053
245 9566
245 9239
246 6937
246 7506
247 3714
247 6702
248 8539
249 5235
249 575
249 5990
250 9598
251 4409
251 6253
251 7570
252 658
252 8031
253 505
253 4564
254 1943
255 1021
255 5737
256 1462
256 1681
257 5744
257 7310
257 7380
257 7074
258 5031
258 4923
259 1952
259 3119
260 3497
260 7995
260 5564
261 7166
262 7155
262 5272
262 1272
263 3090
264 8352
265 3331
265 2363
266 6191
266 6558
266 7671
267 724
268 7946
268 1675
269 4495
270 8541
270 6433
271 5645
271 940
271 331
272 4407
273 6672
273 5600
274 4482
275 2475
276 7232
277 2381
278 5812
278 357
279 1620
280 6363
280 429
281 5286
281 9296
281 7097
282 4479
282 1841
283 7004
283 7020
283 1315
283 1277
283 4547
284 9675
285 4214
285 5037
286 621
287 591
287 2414
288 8114
289 5915
290 7859
290 1302
291 1288
291 4707
292 684
293 7138
293 3848
294 8253
294 4759
294 9823
294 6261
295 2596
296 4479
297 4067
297 9494
297 577
297 6445
298 4651
298 1494
299 5758
299 872
299 8869
299 7400
300 7682
300 4471
300 7223
301 835
301 9853
302 9487
303 7708
304 8394
304 3726
304 7117
304 6283
305 6226
306 393
306 6824
306 8721
307 4866
307 1442
308 5058
309 5496
309 6147
309 7955
310 2500
311 6028
312 4966
313 8123
313 7700
314 1140
314 1258
314 6174
315 6199
316 9428
317 7897
317 5055
318 7453
319 3184
319 5182
320 7627
320 501
321 2527
321 4575
322 8229
323 940
324 2788
324 4778
324 6097
324 4107
325 2804
325 1518
326 4986
327 7939
328 4923
328 7103
329 6859
330 8486
331 8786
332 364
333 8889
334 1116
334 1864
334 2507
335 9211
335 5275
336 9938
336 7423
337 6337
338 3003
339 9060
339 616
340 436
340 2531
340 1276
341 6801
341 994
341 9991
341 3160
342 8392
343 2454
343 9501
344 761
344 6701
344 4325
344 9346
345 1902
346 8651
347 691
347 3902
347 3732
348 807
349 734
349 3930
350 1472
351 2078
351 6610
351 2202
352 3750
353 1814
353 1870
354 3621
355 7201
355 9135
355 6149
356 4750
356 2813
357 8370
357 3716
358 1858
358 6901
359 8984
359 9546
359 3943
359 5576
360 4164
360 1979
361 7418
362 1469
363 3300
363 4961
364 2068
365 4117
365 3658
366 8498
366 669
366 1429
367 2456
367 9068
368 1234
369 7113
370 3552
370 9358
371 9073
372 8950
372 9562
373 8540
374 1000
374 9339
374 9377
375 5227
376 4145
377 5324
377 6295
378 2213
378 821
378 7694
379 655
380 2497
380 6591
381 3361
382 9289
382 784
383 3421
383 3219
384 8502
384 2813
385 6743
386 6598
387 5856
387 9004
388 9037
388 6051
388 5884
389 8154
389 8217
390 3128
390 5131
391 7132
392 5239
392 2551
394 9730
395 4013
395 851
395 8345
396 8710
396 5586
397 9755
398 4734
398 6609
399 3580
399 7376
400 1420
400 6460
400 6353
401 6118
401 2664
401 5753
402 8326
403 7258
403 9593
404 6485
405 4590
405 9372
406 2577
406 8235
406 4993
407 6875
407 9236
407 9461
407 5476
408 4575
408 1194
409 625
409 1798
410 7179
411 7770
412 1232
413 5293
413 3063
414 9918
415 4901
415 1171
416 8781
417 7028
418 4551
419 9845
419 9960
420 2532
421 5632
421 9372
422 8741
422 3408
423 3777
423 9357
424 9621
424 1807
425 5839
426 7531
426 2972
427 4945
427 5178
427 4325
428 5712
428 645
429 3651
430 3182
430 6489
431 4662
432 6225
432 8336
432 1170
432 1188
433 3197
433 4966
434 2312
435 5388
437 5255
437 8633
437 8617
438 5946
439 3426
439 5767
440 5323
440 5478
440 9369
440 8743
441 5536
442 5975
442 4658
443 2596
444 1817
445 6616
445 9003
447 6316
447 6488
447 3425
447 781
448 9932
449 7030
450 8586
450 8088
450 9214
451 581
452 5215
452 6013
452 9557
453 5545
453 9273
453 5548
454 1512
455 1277
456 6502
456 7370
456 8333
457 2726
457 1631
458 6495
458 5427
459 2658
460 9709
461 7790
461 2345
462 3207
462 889
463 8501
463 6984
463 9940
464 2298
464 3664
464 2036
465 902
466 3146
466 5965
467 1870
468 7396
468 3628
469 9212
470 2520
470 2289
471 605
472 3713
472 4444
473 2306
474 3644
474 7698
475 7706
475 7270
476 4266
477 1297
477 6138
477 4761
477 5438
478 7121
479 8534
479 5145
480 6556
480 4600
480 9041
480 2303
481 7621
481 6317
482 4580
483 7212
483 2773
483 9370
484 1160
484 6248
485 578
486 1343
486 9851
487 5084
488 4047
489 7415
489 9245
489 6644
490 5396
491 9857
492 1799
493 559
493 2442
493 4955
494 977
494 7626
494 4081
495 2297
496 3356
497 2608
498 2027
498 4897
499 7721
499 3987
500 4665
500 7408
501 2352
501 9436
501 8193
502 8804
502 2966
503 910
503 4476
504 6685
504 959
506 8556
506 9651
507 9926
508 1356
508 3654
509 8907
509 5557
510 7278
510 1517
511 4870
512 5124
512 6761
513 6117
513 3197
514 2264
514 9446
514 677
515 8045
515 3900
515 8895
516 6603
517 1827
517 1646
517 5041
517 8125
518 2351
518 9647
519 4186
520 6185
520 5426
520 1674
521 6747
522 6283
523 7427
523 3452
523 5875
524 974
524 7217
524 8202
525 2610
525 4573
526 4865
527 8186
527 9488
528 5625
528 6357
528 693
528 529
528 1637
528 1936
529 1904
529 759
529 8279
530 3243
530 5716
530 902
531 5336
532 6080
533 8395
533 6859
534 3007
535 9670
535 9813
535 5629
535 1130
536 2855
536 9188
537 8806
537 8850
538 4020
539 6780
539 4313
539 1425
540 8250
540 9004
540 9247
540 5242
541 6955
541 6365
542 4622
542 7787
542 6636
543 8462
544 6726
545 9930
545 3011
546 6100
547 6130
547 6070
548 5761
548 1488
549 8632
550 4102
550 1740
550 6595
551 6528
552 2339
553 8028
554 5862
555 9713
556 7211
557 4529
557 9397
558 2158
558 7073
558 8795
560 4982
561 5056
562 9464
563 3059
564 5542
564 3557
564 9631
565 2324
565 5785
566 3174
566 1184
567 6157
567 7151
567 9589
568 906
568 5352
568 9236
569 3000
570 9122
570 1117
570 5009
571 3690
571 7018
571 9684
571 3758
572 8215
572 3790
572 4926
573 7327
573 3765
574 3636
574 6955
575 1427
575 7775
576 3524
577 5724
577 7472
579 8013
579 9646
579 5540
580 3302
581 9171
581 1038
581 7220
582 5733
582 8304
582 1341
583 9853
584 3344
584 8866
585 1934
586 2741
586 7514
586 8975
586 6760
586 7475
587 5995
588 6790
588 8189
588 1371
589 1812
589 7910
590 5818
590 8733
590 3206
592 6867
593 5986
594 641
594 5056
594 5230
595 9336
596 885
596 5375
597 2991
598 963
598 2912
598 8249
598 8916
599 975
599 7136
600 4457
601 8148
601 8353
602 6418
603 4663
604 2681
605 7658
605 9152
605 2769
606 2811
606 6986
606 936
606 1850
607 2189
607 3581
607 9300
608 9984
609 4282
610 6475
610 8871
610 821
611 6498
611 6966
611 3840
612 4968
612 2602
613 5260
613 863
614 7350
615 3524
616 2733
617 7847
617 8968
618 5813
618 2248
619 1020
620 6776
620 4970
621 7195
621 889
621 7743
622 1789
622 2058
622 2273
622 4983
623 9234
623 752
624 8859
624 5831
624 3882
624 5607
626 6691
627 9848
627 9732
628 5661
629 4287
629 4305
630 1474
630 3278
630 4456
631 8238
632 3498
632 3425
633 2616
634 4106
634 5172
634 5184
635 7605
635 9191
635 3044
636 7709
636 3422
637 667
637 2199
637 9081
637 9070
638 3327
639 7949
640 2587
641 4634
642 5998
642 9451
643 7222
643 8034
643 5352
644 2914
645 2633
645 6637
646 9356
646 6163
647 3462
648 4860
648 9663
648 5540
648 6890
649 5700
650 6531
651 7289
651 4484
651 1697
652 8797
653 7308
654 6998
655 7798
656 1627
656 5089
657 1898
657 6668
657 2710
657 2774
658 3554
659 9237
660 6205
660 6666
661 5882
661 9061
661 9567
662 1571
662 4985
662 6447
663 2685
664 3582
664 9547
664 3557
665 6226
665 6139
666 6448
666 4913
668 3485
668 4200
669 8739
670 4735
670 938
670 8276
671 8126
672 4009
672 7575
673 8423
673 3074
674 6631
675 7917
675 8975
676 9197
676 4757
677 2982
677 7397
678 5093
678 5895
679 4642
679 9906
680 6589
681 780
682 5653
682 1609
683 2019
683 6530
684 3328
684 7618
684 2813
684 4356
685 3173
685 4857
685 1766
686 5480
687 5960
687 6301
687 1405
688 5536
688 7825
688 7265
688 8461
689 8398
689 6894
690 5402
690 4696
692 4957
693 6523
694 8509
694 2327
694 2386
695 1547
695 2050
696 3401
697 8480
698 5004
699 7331
699 9144
699 8978
700 749
701 7251
701 5269
702 4844
702 8996
702 9647
703 3685
703 9665
704 1027
705 4276
705 5038
706 3502
706 9580
707 2728
707 775
708 2974
709 6505
709 2635
710 9569
711 3048
712 5958
713 4990
714 952
714 1918
715 8545
716 6854
717 7915
717 2785
718 1134
718 6134
718 9833
719 2743
719 5205
719 5632
720 9534
720 8468
720 2864
721 3406
722 4137
722 9688
722 2813
723 1679
723 3929
724 1020
724 2678
724 7060
724 1944
724 9227
725 9731
725 5002
726 3567
727 6493
728 2447
728 3975
728 4675
728 2316
729 5558
729 6056
730 1867
730 3074
730 1530
730 2581
730 2785
731 902
731 4666
732 6883
733 2547
733 9793
733 8212
733 5306
735 8232
736 9346
737 1770
738 4465
738 4574
739 3287
739 7283
740 7090
741 4599
741 9970
741 1770
742 9290
743 1655
743 1609
744 6420
745 1475
745 9431
745 8816
745 7265
746 7876
747 1069
748 6329
749 3765
749 4281
750 3029
750 8330
751 6691
752 6037
752 7985
753 6636
754 1964
754 7320
754 9712
755 2932
756 2749
757 6538
757 7485
757 5191
758 6629
758 9389
758 3453
759 3857
759 7498
760 1732
760 9698
762 2908
762 2526
762 4484
763 1833
763 3135
763 5555
764 6209
764 4171
765 5980
765 7196
765 9079
765 4846
766 1288
767 6072
768 2112
768 7246
768 5309
769 9708
770 6811
770 6059
771 7146
772 2133
772 7880
773 1127
774 1910
775 6934
776 8366
776 8207
776 7082
777 3808
778 7794
778 5841
779 1409
779 3742
780 7012
780 2512
781 5982
782 9290
783 5416
783 7726
783 4488
784 4837
784 2748
785 935
785 1899
785 4809
786 5713
786 5155
787 5960
789 2811
790 4713
791 7872
791 2223
792 4462
792 8474
793 8011
794 2732
794 4111
794 2567
795 1551
796 919
797 1979
797 5162
797 1152
798 1583
798 2171
798 4567
799 2158
800 8134
800 4353
801 5751
802 7667
802 3465
803 4386
803 8341
804 4662
804 6763
805 3619
805 1722
805 6681
806 8183
806 4000
806 6963
807 4909
808 9634
808 1211
808 8001
809 1345
810 3036
810 5074
810 2848
811 6098
811 8205
811 4186
812 1171
812 3541
813 7235
814 9108
815 2730
815 7819
815 8195
816 9223
817 5369
818 5069
818 6823
819 4597
819 3677
820 3370
820 6634
822 9032
822 1075
823 1827
824 6782
824 7660
825 5204
825 8201
825 8965
826 3196
826 1656
827 6787
827 5787
828 5900
828 7186
829 9966
830 1922
830 9481
831 5850
832 1552
832 4179
833 3023
834 1868
836 3825
837 4893
837 2031
838 6876
838 7828
839 5022
839 8567
839 8042
840 7768
840 3183
841 1579
841 2306
841 2291
842 7888
842 7398
843 3705
843 6860
843 8365
843 1420
844 960
845 5406
845 9878
846 9585
847 2341
848 8770
848 1334
849 6793
850 2492
851 2715
852 8516
853 6198
853 3178
854 4515
854 2346
855 5827
856 9415
857 1524
857 6807
857 1284
858 7207
858 4655
859 2453
859 4708
859 5122
860 8160
861 2610
862 3258
863 3962
864 1328
864 1277
865 3991
865 1345
866 7055
867 8423
868 9672
869 5133
869 6200
869 6978
869 8543
869 9768
870 3239
870 4129
870 5304
871 5781
872 6304
872 4342
873 1931
874 6482
874 5635
874 9715
874 9764
874 4857
875 7082
875 1777
876 7205
876 2337
877 7025
878 9873
878 3720
879 8199
879 5994
880 1659
881 4373
881 5131
881 6159
882 9259
883 2282
884 1848
884 9190
884 1703
884 7873
885 8188
885 2053
886 7079
887 8078
887 7144
887 3612
887 4537
888 5660
888 5680
888 5016
888 8377
889 4565
889 3348
890 9196
890 1936
891 7430
892 7939
892 9461
893 8499
895 3616
895 5524
896 1690
896 3122
896 8053
897 7162
897 6804
898 9957
899 5046
899 5207
899 8368
899 9204
900 5149
900 9318
901 5688
903 2300
903 8154
904 6100
904 4618
904 3543
905 6773
905 1361
907 3964
907 8674
908 7234
908 1520
909 4303
909 6569
909 5952
910 6836
910 8232
911 2676
912 1546
912 7342
913 4173
913 3325
913 9923
914 4092
914 1688
915 6832
915 7297
915 3234
915 9928
916 2417
916 1585
917 5641
918 8112
920 6934
921 5424
922 4225
922 2068
923 8964
924 4486
924 7705
924 7915
925 1532
925 7124
926 3596
927 8794
927 9491
928 5497
928 6673
929 1504
929 7621
930 4238
931 7094
931 3230
931 7354
932 5363
932 1689
933 5052
934 7889
934 5286
936 7568
937 2687
938 8139
938 4604
939 8100
939 1010
940 1011
941 3593
941 3568
942 5849
942 6120
943 8233
943 9378
943 6850
944 6081
944 9850
945 2301
945 5072
945 3006
946 6745
946 9931
947 8880
947 3281
948 4253
949 4063
950 2132
951 9770
952 7877
953 1615
954 9972
955 7523
956 5464
956 7620
956 8387
956 2907
956 8522
957 8387
958 2450
959 4833
959 5143
959 1958
960 8344
960 6899
961 3315
961 7492
962 1786
962 5624
964 7454
964 2859
965 987
965 5331
965 5716
966 4801
967 2018
967 4304
968 3026
968 5092
969 7150
970 8272
971 9158
972 7719
973 7463
973 3014
975 1360
975 2696
976 2996
976 3831
977 9414
978 7459
979 4867
979 5973
979 6992
980 3694
980 3481
981 2779
982 5485
983 9973
983 1170
984 1174
985 7075
986 3525
986 6916
987 3970
988 8119
988 6884
989 8631
989 8253
991 9524
992 6766
992 8396
993 6909
994 3617
995 1150
995 5607
995 3841
996 8367
996 1908
997 5411
998 9437
999 3559
999 6107
1001 6858
1001 4789
1002 3686
1002 2665
1003 6144
1003 8503
1004 9501
1004 3549
1005 9470
1005 3629
1006 1388
1006 6264
1006 7250
1007 4802
1007 7024
1008 9306
1009 9325
1009 1666
1009 8680
1010 6823
1011 7890
1012 6549
1012 3937
1012 5068
1013 1396
1014 2751
1014 3669
1015 7171
1016 7038
1016 1565
1016 9497
1017 5408
1017 1021
1018 1230
1019 1190
1019 4055
1019 8668
1021 1516
1021 9726
1022 1691
1023 8406
1023 2045
1024 9246
1025 8141
1025 9852
1025 5302
1026 8397
1026 8035
1027 4405
1028 6889
1028 2944
1029 6695
1030 7649
1030 2260
1031 7808
1031 4941
1032 8505
1032 8551
1033 6019
1033 1565
1034 2623
1034 7560
1035 3294
1035 9180
1036 8724
1036 6639
1037 1868
1037 9965
1037 4744
1038 1678
1038 7967
1038 8075
1038 9184
1038 9076
1039 4940
1039 4277
1039 2110
1039 2300
1040 3473
1040 3359
1041 6476
1042 4649
1042 1157
1043 6578
1044 6044
1044 1549
1045 3667
1046 2747
1046 6142
1047 1971
1048 7622
1048 5041
1049 5894
1050 7221
1050 4751
1051 6684
1051 7348
1052 3718
1052 4063
1052 8765
1052 4313
1053 3985
1053 6438
1053 8102
1054 3558
1055 6941
1056 5453
1056 2818
1056 4199
1057 1406
1057 9296
1058 2384
1059 9794
1060 4661
1060 9326
1060 3673
1061 5033
1061 6102
1062 6640
1063 2017
1063 6649
1064 9298
1064 8144
1065 1978
1066 2955
1066 9882
1066 2432
1067 2607
1068 9350
1069 2600
1069 4695
1070 2868
1070 6771
1070 7137
1070 9439
1071 8512
1071 3905
1072 9234
1073 1496
1073 2391
1073 5359
1073 2049
1074 4318
1074 8774
1074 3314
1075 4504
1075 9920
1075 6046
1076 1787
1077 3132
1077 9062
1077 4667
1077 8598
1079 3597
1079 9073
1079 4604
1080 8603
1080 1146
1081 5355
1081 8826
1081 4128
1082 9606
1082 9749
1082 7460
1082 5869
1083 6942
1083 9401
1084 5401
1084 7601
1084 3141
1084 6589
1085 4126
1085 7721
1086 6500
1087 8228
1088 7099
1088 2956
1088 8927
1088 3882
1089 2921
1090 9297
1090 3556
1091 8374
1092 8807
1092 9890
1093 4790
1093 6213
1093 7230
1094 4815
1094 7444
1095 6488
1096 1601
1097 7070
1097 2331
1098 1774
1099 9370
1099 3334
1100 5201
1100 8717
1101 7421
1101 5149
1102 9162
1103 6253
1104 5531
1104 9647
1104 2144
1105 8838
1106 4123
1106 7082
1107 3548
1107 5325
1107 6924
1108 4813
1108 2212
1109 3786
1109 1792
1110 5748
1111 9106
1112 2926
1112 6820
1112 7905
1113 3896
1114 9339
1115 8550
1115 5163
1116 1331
1116 5457
1117 9857
1118 4028
1118 3489
1119 9790
1119 7405
1120 5035
1120 5442
1120 7478
1121 5075
1122 8203
1123 6853
1124 6265
1125 6936
1126 4524
1126 2254
1127 6458
1127 4476
1128 1700
1129 4085
1130 5244
1131 5776
1131 5343
1132 3268
1132 1354
1133 2784
1135 2067
1135 4915
1135 5082
1135 6123
1135 5444
1136 7237
1136 9272
1136 5550
1136 5813
1137 3158
1138 8803
1138 8049
1138 4122
1139 7699
1139 7954
1139 5432
1139 1750
1140 6865
1141 3414
1141 3202
1142 6596
1142 7982
1142 6858
1143 1174
1144 5225
1145 7324
1145 7187
1145 5194
1146 3070
1147 2635
1147 5541
1147 2281
1147 6824
1148 4491
1149 8785
1149 2106
1149 9559
1149 4876
1151 9462
1151 1638
1152 5139
1153 3278
1154 6406
1154 7532
1155 9781
1156 1370
1157 1378
1157 6476
1158 6701
1159 4687
1161 3572
1161 7620
1162 4656
1162 8716
1163 4359
1164 5821
1164 7176
1165 4035
1165 5546
1165 8845
1166 4410
1166 5319
1167 4581
1167 2847
1168 2293
1168 5511
1168 9260
1168 1235
1169 8918
1169 6966
1171 3330
1172 6169
1172 7602
1173 2124
1173 9335
1173 3646
1174 9695
1174 4109
1175 3768
1175 5994
1175 6524
1176 1724
1176 7165
1177 7096
1177 5618
1178 6641
1178 2219
1179 5781
1180 8755
1181 3836
1181 6293
1182 9283
1183 7696
1184 6407
1185 7070
1186 2228
1186 3922
1187 7363
1188 2754
1189 4978
1189 9595
1189 7687
1191 5200
1191 6467
1191 1741
1192 2953
1192 4210
1193 4538
1194 1430
1194 2073
1194 1429
1195 2274
1195 8259
1195 3800
1196 2910
1196 9117
1196 7355
1197 2585
1198 2001
1198 9901
1198 4540
1199 3976
1199 4820
1200 4425
1201 6508
1202 5854
1202 5899
1203 4657
1204 6655
1204 4107
1205 1384
1205 1278
1206 1397
1206 5183
1207 8746
1208 6950
1208 3465
1208 5785
1209 5825
1209 7154
1209 7319
1209 7181
1210 8847
1211 6516
1212 8959
1212 7363
1213 8539
1214 3783
1215 9130
1215 3394
1216 7346
1216 6489
1216 9378
1217 8521
1217 1933
1217 5131
1218 4887
1219 1338
1220 8976
1220 9709
1221 6414
1221 8121
1221 2497
1222 1509
1222 5685
1223 1981
1223 9983
1224 5663
1224 1450
1224 9103
1225 3388
1226 3699
1226 1578
1227 2850
1228 6041
1228 6513
1228 8463
1229 1525
1229 5299
1230 6214
1230 9990
1230 3007
1231 9306
1231 6938
1232 7022
1233 5320
1233 5686
1233 9725
1234 6228
1234 7246
1235 4099
1236 5809
1236 3208
1236 1931
1236 5745
1237 3741
1237 8299
1238 3013
1238 6917
1239 9695
1240 7184
1240 8185
1240 2095
1241 7541
1241 9096
1242 6345
1242 1585
1243 9509
1244 1907
1244 1587
1244 2023
1245 7681
1245 8865
1246 2702
1246 5377
1247 9395
1247 5004
1248 5354
1249 5053
1249 4242
1250 8129
1250 4094
1251 2495
1251 7419
1252 5545
1253 9338
1253 7899
1254 9338
1255 7359
1255 2136
1256 9573
1257 6815
1257 4992
1257 9531
1258 6347
1258 4438
1259 7176
1260 8362
1261 1415
1261 7174
1261 5493
1261 3259
1262 5967
1262 8170
1263 2827
1263 6074
1263 9600
1263 7661
1264 9524
1264 9180
1265 5303
1265 7244
1265 8815
1266 3613
1266 7003
1267 6094
1267 4655
1268 1492
1269 5192
1269 8671
1269 8903
1270 7755
1270 6582
1271 7404
1272 7118
1273 3999
1274 2808
1275 4573
1275 1490
1276 5057
1278 4806
1278 9108
1279 7464
1279 4774
1280 5858
1280 5239
1281 7963
1282 5787
1282 3991
1283 3305
1283 2694
1284 2380
1284 6456
1284 9567
1284 2044
1285 9968
1285 3411
1286 9207
1286 4235
1287 1453
1287 9020
1287 7875
1288 3774
1289 6871
1290 5193
1290 8220
1290 3829
1291 9212
1292 2406
1292 8748
1292 1903
1293 1491
1293 6927
1293 8204
1293 8187
1294 9221
1294 4473
1294 4146
1295 5552
1296 6646
1296 5876
1297 1503
1298 5990
1298 5667
1299 8744
1300 9274
1301 5576
1301 8816
1302 5181
1303 3215
1304 1374
1305 5369
1305 9960
1305 8641
1306 9278
1307 2594
1307 7374
1307 9208
1308 7413
1309 3044
1309 5662
1309 2281
1310 5811
1310 6180
1310 3534
1311 3563
1311 5218
1311 5349
1311 1562
1311 4757
1312 1418
1312 2542
1313 8122
1314 1964
1315 8467
1316 4230
1316 5525
1317 2805
1318 2541
1319 6684
1320 6972
1320 9429
1321 9569
1321 4319
1321 8154
1322 6604
1322 3974
1322 1992
1323 9402
1324 4611
1325 5608
1326 1876
1327 4627
1327 3937
1328 8354
1329 8384
1330 7408
1332 9193
1333 2840
1334 3266
1334 4635
1335 8610
1335 5001
1335 5130
1336 8257
1337 1738
1337 2549
1338 2080
1338 3560
1339 4780
1339 1697
1339 9674
1339 7581
1339 5391
1340 3393
1340 6214
1341 6067
1342 8526
1342 6789
1343 2763
1343 2003
1345 6692
1345 6040
1346 2893
1346 8459
1347 9534
1348 3908
1349 3068
1349 6401
1350 7298
1351 9339
1352 6543
1352 5174
1352 5947
1353 8891
1353 7420
1354 9896
1355 4329
1356 1918
1357 9658
1357 8235
1358 5710
1358 9192
1359 2661
1359 7764
1361 3953
1362 9445
1363 3828
1363 3311
1364 2763
1365 3578
1365 5993
1365 6237
1367 1518
1367 3969
1368 3112
1369 7202
1370 2731
1370 5256
1371 6740
1372 9379
1373 7588
1373 4819
1374 6466
1374 3264
1375 9153
1375 7280
1376 5360
1376 1815
1377 7960
1379 2897
1379 8462
1380 2060
1381 2263
1381 4376
1382 4462
1383 3292
1384 5929
1384 9929
1385 4405
1385 8111
1386 2894
1387 4733
1387 9157
1387 9545
1387 4257
1387 2735
1389 8047
1389 9293
1390 5218
1391 1531
1392 3928
1392 4175
1392 8722
1393 9342
1393 6828
1393 5862
1394 9017
1395 6706
1395 6788
1396 6306
1396 3344
1397 2948
1397 3561
1398 2992
1398 5231
1398 5475
1398 5751
1399 9143
1400 2178
1400 7652
1400 8695
1401 5073
1401 6612
1401 6983
1402 2793
1402 2400
1403 4783
1403 6862
1404 4796
1404 2130
1405 4999
1405 5884
1405 4892
1406 5003
1407 2206
1407 5837
1408 2707
1408 3190
1408 7842
1408 2264
1409 5911
1409 5145
1410 7685
1410 7442
1411 7387
1412 5594
1413 4115
1413 4485
1414 8686
1414 3140
1415 5512
1416 4070
1416 4871
1417 4706
1417 9390
1419 7003
1420 4335
1421 6981
1422 3022
1423 9262
1423 3500
1424 5351
1424 7996
1424 1842
1425 8766
1425 8729
1426 3613
1427 6014
1428 9961
1428 9714
1429 7615
1429 5068
1429 9271
1430 8421
1430 9650
1431 3735
1432 8808
1432 9315
1433 1487
1433 2450
1433 6658
1434 6873
1434 2098
1435 1502
1435 3093
1436 8084
1436 2621
1437 5768
1438 5444
1438 9071
1438 3756
1438 8297
1439 6701
1440 3458
1440 3344
1441 9624
1442 1959
1443 9992
1444 9692
1445 8479
1445 4705
1446 8977
1446 8408
1447 4093
1447 5344
1447 4012
1448 5583
1448 2364
1449 6653
1449 6566
1450 5243
1450 2580
1450 2622
1451 1526
1452 6493
1453 1533
1454 4553
1455 8126
1455 7248
1456 2942
1456 5189
1456 7077
1456 7181
1456 6717
1457 4625
1458 3460
1458 9114
1459 8813
1460 9902
1461 4869
1461 6854
1463 1547
1464 3929
1465 7052
1465 8472
1465 3862
1465 8647
1465 8192
1466 5208
1466 3021
1467 4470
1467 9962
1468 4972
1469 3538
1470 2783
1470 9005
1470 7110
1471 4225
1472 7938
1472 2126
1473 1611
1473 6386
1475 3881
1475 3984
1475 4536
1476 8428
1476 3927
1477 7542
1477 2840
1478 3509
1478 4034
1479 2574
1479 8801
1480 6105
1480 5602
1481 6706
1482 5700
1483 8313
1483 6397
1484 6783
1484 5660
1485 9072
1486 4648
1486 5589
1486 9445
1487 2116
1488 8612
1488 3472
1489 6472
1489 8009
1489 7307
1490 8123
1492 7206
1492 9665
1493 4283
1494 7308
1495 6642
1497 5366
1498 1916
1498 8665
1499 6153
1499 5240
1500 8228
1500 8398
1501 7612
1502 3493
1502 5378
1504 2876
1505 8840
1506 5400
1506 2677
1507 2714
1508 6356
1508 3704
1508 3562
1509 4079
1509 4238
1509 4913
1510 8412
1510 4781
1510 7511
1510 8026
1511 8898
1511 5244
1511 6064
1512 4077
1513 4770
1514 3677
1515 8388
1515 1826
1517 2546
1517 8626
1519 2916
1519 2694
1520 8962
1520 6438
1521 2682
1522 2371
1522 5907
1523 7563
1524 7076
1525 6676
1526 2505
1526 5547
1527 3932
1527 2145
1528 2119
1529 2094
1530 8623
1531 5337
1531 5726
1531 7974
1532 1985
1532 6649
1532 3814
1534 6503
1534 5658
1535 3623
1535 2234
1536 6361
1536 4506
1537 9024
1537 5410
1538 9227
1539 1655
1540 4450
1541 5841
1541 2994
1542 6814
1543 5546
1544 3736
1544 6422
1544 7311
1544 3868
1544 5971
1545 2931
1548 8343
1548 6072
1549 1707
1550 3516
1550 5113
1551 3860
1552 3527
1553 4529
1554 5407
1555 1835
1556 3368
1556 4017
1556 2473
1557 3917
1558 2819
1558 9518
1559 4136
1559 2842
1560 9830
1560 2196
1561 8659
1562 5283
1562 9581
1563 7082
1564 5927
1565 7921
1566 7516
1566 8401
1566 7947
1567 4820
1567 5591
1568 4459
1568 9783
1569 2000
1569 7199
1570 8705
1570 5321
1572 1886
1573 9395
1574 1780
1574 4644
1574 2690
1575 3045
1575 4310
1576 5705
1576 5822
1577 5171
1577 8986
1577 4619
1578 4352
1578 6198
1580 9204
1580 2416
1581 3371
1581 4134
1581 9139
1582 3508
1582 8867
1584 3022
1584 5493
1585 4172
1586 8357
1587 9477
1587 6547
1588 5356
1589 7591
1590 1944
1591 5078
1591 5624
1592 3035
1592 4005
1592 5420
1593 2297
1594 3155
1594 3419
1594 5805
1594 9152
1595 2387
1596 5460
1596 3274
1597 5381
1597 9026
1597 6579
1597 6624
1598 6762
1598 7562
1598 8091
1598 6378
1599 8429
1600 9110
1600 3111
1601 2452
1601 7797
1601 7753
1602 8847
1602 4114
1603 5389
1604 4381
1604 9646
1605 7757
1605 4918
1605 8871
1606 2091
1607 9967
1609 4037
1610 7216
1612 4661
1613 2329
1613 9098
1614 2419
1614 3698
1614 7917
1615 8245
1615 4240
1616 7993
1616 4454
1616 5067
1617 2040
1618 8554
1618 7485
1619 3691
1619 3179
1620 5115
1620 5061
1621 7882
1621 9504
1622 6724
1623 6965
1623 8486
1623 5029
1624 1742
1624 5000
1625 9151
1625 9687
1626 7116
1627 4535
1628 2076
1629 3107
1629 3556
1629 4697
1630 7050
1631 9903
1631 6660
1632 1678
1633 7360
1634 8284
1634 6666
1635 9033
1636 6817
1636 5624
1636 2826
1637 5679
1637 9088
1638 8571
1639 9746
1639 4673
1640 2749
1640 4503
1641 6985
1642 9750
1643 4186
1644 7358
1644 3678
1645 8613
1645 5943
1645 7640
1646 2353
1647 6413
1648 2086
1648 2046
1649 7594
1650 8323
1650 8190
1651 8375
1651 7905
1651 3225
1652 3649
1653 6337
1653 8302
1653 6405
1653 4808
1654 8382
1655 7858
1655 1846
1656 2500
1656 4345
1656 7604
1657 2950
1657 3377
1658 8943
1658 9539
1659 5417
1660 2988
1660 4720
1661 2789
1661 8656
1661 2378
1662 8417
1662 9361
1663 6334
1663 5165
1664 4496
1664 7211
1664 9238
1664 2911
1665 2020
1665 9011
1666 3012
1666 7120
1667 6173
1667 4879
1668 5398
1668 6310
1669 6038
1669 9168
1669 5759
1670 7037
1671 2097
1671 8547
1671 8848
1672 3944
1673 6823
1673 9830
1674 6730
1674 2622
1675 4959
1675 3125
1675 9212
1676 4319
1677 7225
1677 3872
1678 5835
1680 7583
1681 4824
1681 4677
1681 3116
1681 8883
1682 8003
1682 7497
1683 9228
1684 7387
1684 7900
1685 8565
1686 5134
1686 9929
1687 7024
1687 4704
1688 7131
1689 6702
1689 5141
1690 4154
1690 6220
1690 8889
1691 2163
1691 3301
1691 2469
1691 1694
1692 3729
1692 9022
1692 3279
1693 5404
1694 6877
1694 9433
1695 3254
1695 2805
1696 9765
1696 5412
1697 5034
1698 2618
1699 4703
1699 7428
1700 3383
1700 3402
1700 4132
1700 3943
1701 7502
1701 8849
1702 4331
1702 8314
1702 1846
1703 8002
1703 9772
1704 9354
1704 6794
1705 9303
1705 2254
1705 3019
1706 6182
1707 6519
1708 3354
1709 6194
1709 2123
1710 9385
1711 9233
1711 8055
1713 9887
1713 4932
1713 2616
1714 4260
1715 4961
1715 5434
1715 9745
1716 5760
1716 7884
1716 4045
1717 6004
1718 7215
1718 4449
1719 5271
1719 9139
1719 5418
1720 2038
1720 5145
1721 7105
1722 8540
1723 6278
1725 4131
1725 2724
1725 7777
1725 5693
1726 2467
1727 4827
1727 5999
1728 7468
1728 5509
1729 8697
1729 1950
1730 2967
1730 8663
1730 9792
1731 4465
1732 4170
1732 7524
1733 6281
1733 6820
1734 1977
1735 6407
1735 2719
1736 5066
1736 5010
1739 4641
1740 5206
1740 7166
1740 9040
1741 1881
1741 3308
1741 2895
1742 3189
1742 5659
1742 9985
1743 8900
1743 8829
1744 3364
1744 4873
1745 8159
1746 5901
1746 3487
1746 4376
1747 9336
1747 9194
1748 4998
1748 3727
1748 3421
1749 3392
1749 7513
1750 3050
1751 2290
1751 3333
1751 9580
1752 2840
1752 2248
1753 9406
1754 2354
1755 2451
1755 4581
1756 6656
1757 9252
1758 2345
1758 2218
1758 5650
1759 9974
1759 3201
1760 7689
1760 3918
1760 7758
1761 7245
1761 9292
1762 1771
1763 8359
1763 8884
1764 4898
1764 3521
1765 7950
1765 3323
1765 7304
1766 1916
1767 3576
1768 3186
1768 5716
1769 7540
1770 1792
1770 8051
1771 2379
1771 8774
1772 2144
1773 4091
1774 6518
1775 7304
1775 8574
1776 4357
1778 7728
1778 3188
1779 7812
1780 1869
1780 6588
1781 7357
1781 6457
1782 8551
1783 9478
1784 2270
1785 6759
1785 4707
1785 7860
1785 4316
1786 5731
1787 3621
1788 9396
1788 7862
1790 9404
1791 5813
1793 7965
1793 6060
1794 4729
1795 5454
1796 2491
1796 6637
1797 4578
1798 9035
1798 2832
1799 9343
1800 3391
1800 3749
1801 6987
1801 2489
1802 3041
1802 6734
1802 7574
1803 6099
1804 5184
1805 2903
1805 3166
1805 3234
1806 3994
1806 6029
1806 7548
1806 7871
1807 2801
1807 7528
1807 6852
1808 8617
1809 8384
1809 8258
1810 7479
1810 2269
1811 6887
1811 9924
1813 8571
1815 3861
1816 8734
1817 9364
1817 8062
1818 6112
1818 3270
1819 4445
1820 3876
1821 7382
1821 4528
1822 8317
1823 9266
1824 5209
1824 4620
1824 3688
1825 9944
1826 7255
1828 1934
1828 6391
1828 4973
1829 9081
1830 3202
1830 3410
1831 4155
1831 3801
1834 5466
1834 3173
1835 6150
1836 8281
1836 8018
1837 3141
1838 9411
1838 2286
1839 1953
1839 4831
1839 6862
1839 4565
1840 8073
1840 4593
1841 8553
1842 9220
1843 2291
1843 8302
1844 9546
1845 2050
1845 5602
1846 9613
1847 4051
1848 5043
1849 4472
1849 9550
1849 6496
1850 2115
1851 1954
1852 2863
1852 8687
1852 9678
1852 7499
1853 7045
1854 1943
1854 6735
1855 3910
1855 5188
1856 3469
1857 4892
1857 4141
1858 8480
1859 6759
1860 5288
1861 7141
1862 3818
1862 5525
1863 9609
1864 4846
1865 8427
1865 7735
1866 9109
1867 8120
1870 4597
1871 8430
1871 2238
1872 3965
1873 7916
1874 8919
1875 9591
1876 6119
1876 3567
1876 3860
1877 6091
1877 8157
1878 2054
1878 7286
1878 7329
1879 2740
1880 2835
1880 8557
1882 3250
1883 2545
1884 1983
1885 9701
1885 2469
1886 8588
1886 1948
1886 6731
1887 6227
1887 3887
1888 3129
1888 6751
1888 5992
1889 8481
1889 7226
1890 4564
1891 5474
1891 4732
1891 3324
1891 5449
1891 7126
1892 6385
1893 3106
1893 7233
1893 5404
1894 4074
1895 3917
1895 2920
1896 9147
1897 2940
1897 8308
1897 5747
1897 4143
1900 8236
1900 5924
1901 6554
1901 3525
1902 8830
1902 8892
1902 5587
1903 4104
1905 2244
1905 7738
1905 2735
1905 4050
1905 8397
1906 7956
1906 6358
1906 5682
1907 4929
1908 6923
1909 2548
1909 9741
1909 3643
1910 8703
1910 7464
1911 4596
1911 9195
1911 5167
1912 7665
1913 4476
1913 2892
1914 6779
1915 2684
1915 4416
1915 9063
1917 8598
1918 4799
1918 8414
1919 8965
1920 9295
1920 4081
1921 8817
1921 8815
1922 4475
1922 7962
1923 7576
1924 8622
1925 2860
1925 8016
1925 8720
1925 4689
1926 7159
1926 5319
1926 5651
1927 3510
1928 9455
1928 5183
1929 8646
1930 2609
1930 4803
1930 8548
1931 6088
1932 5569
1932 9143
1933 7934
1933 8288
1934 4701
1935 2924
1935 8029
1935 8050
1936 2925
1937 5146
1937 2111
1937 2985
1937 7459
1937 8700
1938 2362
1939 5345
1940 5220
1940 6800
1940 4149
1940 6496
1940 7428
1941 6026
1941 6522
1942 7326
1942 6693
1944 4652
1944 6385
1944 8920
1945 8160
1946 9545
1947 9713
1947 3427
1948 4378
1948 9947
1949 7238
1950 8828
1950 9434
1951 4718
1951 5512
1952 3058
1955 2384
1955 6167
1955 6163
1955 8924
1956 5188
1957 2605
1957 5762
1958 6795
1958 3601
1959 2154
1960 3966
1961 4788
1962 3766
1962 4292
1962 6039
1963 9928
1965 7269
1965 6369
1965 8517
1966 2171
1967 6898
1967 9745
1967 8342
1967 9297
1968 4108
1968 7347
1968 7813
1968 6993
1968 4383
1969 3655
1970 4415
1970 5650
1971 9159
1971 9786
1971 3522
1972 5395
1972 2488
1972 4809
1972 6329
1973 8145
1973 8786
1974 4782
1975 9765
1976 4099
1977 7098
1977 7105
1978 4751
1978 4161
1980 9959
1981 2137
1981 7774
1982 6935
1982 5375
1982 5208
1983 6240
1984 9629
1984 7567
1986 4174
1986 6336
1987 3614
1987 4236
1988 3204
1989 3795
1989 6163
1990 7814
1991 8684
1991 2919
1991 2889
1992 6182
1992 5095
1992 8569
1993 2196
1994 3117
1995 5777
1995 8247
1995 7178
1996 2172
1996 6905
1997 3350
1997 4633
1998 8265
1998 2262
1999 6521
1999 9788
1999 4623
2000 8834
2002 5853
2003 7596
2004 4055
2005 4025
2006 7282
2007 5507
2008 5282
2009 8285
2010 6084
2010 7563
2011 3764
2011 5250
2012 8144
2013 5788
2013 7997
2014 6512
2015 2457
2015 5797
2015 9813
2016 8303
2016 7171
2017 5148
2020 2626
2021 3958
2021 8862
2022 3723
2023 7066
2023 3338
2023 5272
2024 6405
2025 4779
2025 5365
2025 9782
2025 5166
2026 7795
2028 6199
2029 4220
2030 3866
2030 3826
2030 7664
2031 3696
2031 3333
2032 7645
2033 4898
2034 8923
2035 9325
2036 4683
2036 6870
2036 3868
2037 3864
2038 3505
2039 6419
2040 3651
2040 7336
2041 6097
2042 9564
2043 7532
2043 7586
2043 7625
2043 8096
2044 5262
2044 5768
2045 3171
2045 3935
2045 5824
2046 7400
2047 9843
2047 8062
2048 7300
2049 8021
2049 5579
2051 4095
2051 3677
2052 8608
2052 6150
2053 4260
2055 5782
2056 5136
2057 2292
2057 3942
2059 9822
2059 4697
2059 7903
2060 8099
2060 3236
2061 3127
2062 8483
2063 4314
2063 9249
2064 9770
2065 9667
2066 9668
2068 9020
2069 2435
2070 2528
2070 5847
2071 6145
2071 5668
2072 4220
2072 5386
2073 5764
2074 4424
2075 2714
2076 9277
2076 5795
2077 2214
2078 7933
2079 4541
2079 8968
2081 7886
2082 8463
2082 2864
2083 8584
2083 4294
2084 6950
2085 2475
2087 7537
2088 2807
2090 7704
2090 5273
2090 6965
2091 4337
2091 6315
2091 4281
2092 8971
2092 9553
2093 5346
2094 3887
2094 9171
2095 8558
2095 9038
2095 4497
2096 2214
2097 4332
2097 6786
2098 3519
2098 4588
2099 4423
2100 4316
2101 7708
2102 5883
2102 9100
2102 6435
2103 4333
2103 2208
2103 4442
2104 5837
2105 2292
2106 3014
2107 4948
2108 4464
2109 2676
2110 6959
2111 4258
2113 4299
2113 4457
2113 4812
2114 4310
2115 9467
2115 3659
2116 8651
2117 8811
2118 5136
2119 9262
2120 8158
2120 3948
2121 2185
2121 3531
2122 6018
2123 5522
2123 4443
2123 2550
2124 9119
2125 7105
2125 6645
2125 9779
2125 4319
2126 6960
2126 7110
2127 9814
2127 9831
2128 8355
2129 7519
2129 5069
2130 9335
2131 4896
2132 4429
2132 7693
2132 5163
2132 3695
2133 2838
2133 4307
2134 4561
2134 3254
2135 5534
2136 8264
2138 3599
2138 8491
2139 3596
2140 9967
2141 8604
2141 4409
2142 5150
2142 3111
2143 3095
2143 9508
2143 7116
2144 8429
2145 7861
2146 6484
2146 3104
2147 2877
2147 8165
2147 3659
2148 6121
2149 5528
2149 8082
2149 7881
2149 6032
2150 3646
2151 7940
2152 5011
2152 5454
2153 5185
2153 9461
2154 2939
2155 4514
2155 2363
2156 2635
2157 2570
2157 5153
2157 2578
2159 6941
2160 3362
2160 2605
2161 6723
2161 9002
2161 3126
2162 7589
2162 9659
2164 2421
2164 7367
2165 3671
2165 4320
2165 5552
2166 8184
2166 6058
2167 9330
2168 3286
2168 8805
2169 6464
2169 3544
2172 9131
2172 9443
2173 7730
2174 7550
2174 6948
2175 8576
2175 6403
2176 7399
2177 8937
2179 9068
2179 5021
2180 8924
2181 2301
2182 3625
2183 3848
2183 9153
2184 2960
2184 3147
2186 9432
2186 4050
2187 2850
2188 5436
2188 8022
2188 2599
2188 9682
2188 9247
2189 6840
2190 6390
2191 7456
2191 5796
2192 3461
2193 5471
2194 8522
2196 9626
2196 3571
2196 9570
2196 3910
2197 9003
2198 3894
2200 8316
2200 8570
2201 8627
2201 6709
2202 9850
2202 5795
2203 7525
2203 6671
2204 3377
2204 4843
2204 9518
2205 5281
2206 8409
2207 9812
2207 4856
2208 4953
2209 2822
2210 7754
2210 6752
2211 8778
2212 5621
2213 5790
2213 8449
2214 2463
2215 9458
2217 7371
2218 9959
2219 4408
2220 5672
2221 5278
2221 3859
2221 2602
2222 3431
2222 8258
2223 6476
2223 7891
2223 5636
2223 2255
2223 7600
2223 4364
2224 2566
2224 6590
2225 2614
2226 7007
2226 7851
2226 9529
2227 8887
2227 6943
2228 2325
2229 6925
2229 2691
2230 3761
2231 5487
2231 8425
2231 4528
2231 3176
2232 8396
2233 9870
2234 6496
2235 7046
2235 3629
2235 7903
2235 4181
2236 5065
2236 5382
2236 2296
2237 2825
2237 9728
2238 4624
2238 7739
2238 4383
2239 8159
2240 2973
2240 7263
2241 5282
2242 6508
2243 8717
2245 3972
2246 8381
2246 9848
2247 8839
2247 2458
2248 3250
2249 3200
2249 7866
2249 8638
2250 8889
2251 6689
2251 5641
2252 3424
2252 3167
2253 9312
2253 4126
2254 4082
2255 6897
2255 4663
2255 3610
2256 3152
2256 8725
2256 4113
2257 6974
2257 7050
2258 6182
2259 5250
2260 5424
2260 6803
2260 7129
2260 7318
2260 8315
2261 4754
2261 6015
2262 9515
2265 2718
2266 4516
2266 9460
2266 4464
2266 8091
2267 3576
2267 8608
2268 3802
2268 3886
2268 7563
2269 3341
2270 4124
2270 7316
2271 5348
2272 9616
2275 3309
2276 4794
2276 9511
2276 6878
2277 7536
2278 4113
2278 9435
2279 8002
2280 5799
2280 9563
2281 6425
2282 6109
2283 6140
2284 7331
2285 9632
2286 5889
2286 2736
2287 2585
2288 9069
2288 9835
2288 3783
2289 9827
2292 8066
2292 2440
2294 9516
2295 2586
2295 2477
2296 6625
2296 7453
2297 8106
2299 8709
2299 2399
2300 5182
2301 2764
2301 8372
2302 3415
2302 8471
2302 7818
2303 9187
2303 8408
2304 9986
2304 3112
2305 2676
2305 8559
2305 6570
2307 4519
2307 2405
2308 5925
2309 3464
2309 8300
2310 9089
2311 6028
2312 4292
2313 7811
2313 6132
2314 7580
2314 2622
2315 5724
2316 7343
2316 9488
2317 2598
2318 5928
2319 4192
2320 2612
2320 6155
2321 4862
2323 6750
2323 5646
2325 9598
2326 2410
2327 5839
2327 7425
2328 6457
2328 6810
2330 6510
2330 4277
2331 2665
2331 2922
2331 6648
2332 3233
2332 7815
2332 5040
2333 2587
2333 2424
2334 3518
2334 2713
2335 3652
2336 4559
2337 3363
2337 5820
2338 4156
2339 3047
2339 8138
2340 6931
2340 8161
2340 9346
2340 8654
2341 6697
2341 7795
2341 6586
2341 4608
2343 4762
2343 4947
2344 9390
2344 4973
2346 5670
2347 2463
2348 2892
2349 3528
2349 7145
2350 7739
2351 6791
2352 2815
2354 9662
2355 8922
2355 9301
2356 4529
2357 6027
2357 6898
2358 8408
2359 6156
2359 7556
2359 3344
2360 7941
2361 7107
2361 9469
2361 4870
2361 5965
2362 8736
2362 5694
2363 2853
2363 4541
2364 3161
2364 4081
2365 7173
2365 6208
2366 4780
2367 6864
2368 4514
2369 8299
2369 3487
2370 4728
2370 6754
2370 4294
2372 6529
2373 9632
2374 4305
2375 8478
2375 5101
2376 5600
2376 2393
2376 5101
2376 6642
2377 3039
2377 7646
2378 6059
2378 7876
2379 5180
2381 3535
2381 3568
2381 7729
2381 6189
2381 2392
2382 4139
2383 8415
2384 6721
2385 3796
2386 8356
2387 3390
2387 5700
2388 6188
2388 5456
2389 2455
2391 2995
2392 3147
2393 8711
2394 4367
2395 7209
2395 9917
2395 9036
2395 3654
2396 4929
2397 6463
2397 4097
2398 6480
2398 4689
2398 9283
2399 6121
2400 4268
2401 9257
2401 9987
2402 2403
2402 3468
2402 2756
2402 8915
2404 3954
2404 4764
2405 6009
2406 6195
2407 5892
2408 9756
2409 2743
2410 4211
2410 8371
2411 6276
2412 5163
2413 3801
2414 9651
2415 7647
2415 6630
2416 3271
2417 4552
2418 6028
2418 6923
2419 3260
2420 6704
2420 3267
2421 5937
2422 2438
2422 9940
2422 3738
2423 4156
2423 6625
2424 8161
2425 6280
2426 7974
2426 6531
2427 7380
2428 2512
2428 7121
2429 4197
2430 5347
2430 8396
2430 3961
2431 2940
2432 7575
2432 6257
2433 9904
2434 3423
2434 2514
2434 8424
2435 3307
2435 6099
2436 3958
2437 5077
2438 3960
2438 6121
2439 5170
2439 4400
2440 6631
2440 8569
2441 9228
2441 6293
2442 9540
2442 3706
2442 6915
2443 5681
2444 7039
2444 6839
2445 5601
2445 5342
2446 8650
2448 3681
2449 5414
2450 8461
2454 7823
2458 9424
2459 3449
2459 7136
2460 4328
2460 9265
2461 4527
2462 8778
2462 8496
2463 4219
2464 7597
2466 2934
2467 3108
2467 9910
2468 9003
2468 6589
2468 2512
2470 7765
2470 5451
2471 2849
2472 3476
2472 9299
2472 9133
2472 6816
2473 9063
2474 8257
2474 3351
2475 4297
2475 4622
2476 5998
2477 5111
2477 8023
2478 3298
2479 9552
2479 9730
2479 6549
2480 8672
2481 2951
2481 8376
2482 5950
2482 6744
2482 6687
2483 9099
2484 3395
2484 6530
2484 7353
2485 3214
2485 5246
2485 5626
2485 6768
2486 7322
2487 8151
2488 5725
2489 8675
2490 9983
2491 9412
2492 2535
2492 5875
2493 7629
2494 8639
2495 3170
2496 9721
2496 4560
2498 4420
2499 3529
2501 3158
2502 5142
2503 8528
2504 8607
2506 7884
2507 4091
2507 4608
2508 6987
2509 5700
2511 7850
2511 9862
2513 2640
2514 6311
2515 2991
2516 6450
2517 6079
2518 4022
2518 7841
2518 3744
2518 4309
2519 7003
2520 3838
2521 5849
2522 6265
2522 6574
2522 8144
2522 9083
2522 5244
2523 8044
2524 7660
2525 4800
2526 2831
2527 8007
2529 6311
2530 4189
2532 4876
2533 2992
2534 4720
2536 8722
2536 3433
2537 9425
2538 4148
2538 9267
2538 5473
2538 6785
2539 5458
2539 7423
2540 8340
2540 2856
2540 3539
2541 5113
2542 5481
2542 5631
2543 9538
2543 8624
2544 3549
2544 6303
2545 2848
2549 8147
2549 9121
2551 5613
2551 9577
2552 8106
2552 4065
2553 7061
2554 5301
2554 7084
2555 9666
2555 7553
2556 3492
2556 7286
2557 3926
2557 5914
2558 4777
2558 4179
2558 5301
2559 5949
2560 4287
2561 7123
2561 8642
2561 9639
2562 4631
2563 7540
2564 3285
2564 8276
2565 4468
2565 8614
2566 5786
2567 2663
2567 9410
2568 5928
2568 6048
2569 6473
2570 4247
2571 4841
2572 5275
2573 4106
2575 2648
2575 4478
2576 4815
2578 5771
2578 7372
2579 4260
2581 5864
2582 5141
2583 8560
2583 9394
2584 6945
2585 7903
2587 3936
2588 5430
2588 2677
2589 5852
2590 3246
2590 4361
2590 6792
2590 8945
2590 4593
2591 9377
2591 5772
2592 3830
2592 4974
2592 5712
2593 7802
2595 7487
2595 8377
2595 4686
2596 7066
2597 6389
2598 5549
2598 6742
2600 8113
2601 9462
2602 4449
2603 4990
2603 7011
2603 4870
2604 5262
2606 3595
2607 4002
2607 8493
2608 8270
2610 9388
2611 8031
2611 5690
2613 5229
2613 9134
2614 3520
2614 5248
2614 6914
2615 6146
2615 9928
2616 2753
2616 6826
2616 3598
2616 5404
2617 7287
2618 3043
2619 4084
2619 5507
2619 4836
2620 6712
2620 5566
2621 5194
2621 9798
2622 3796
2623 5582
2624 5735
2625 6242
2625 4048
2625 8395
2626 5106
2626 9497
2626 4217
2627 6033
2628 2873
2628 8912
2629 7073
2630 4387
2630 6318
2631 4236
2631 4670
2632 2827
2634 8471
2636 5332
2636 2870
2637 4747
2637 7837
2638 7595
2640 5588
2641 3529
2642 8042
2642 8856
2644 6973
2644 3861
2644 3348
2645 6057
2645 5072
2646 8063
2647 4385
2647 6763
2647 7973
2648 5723
2648 8895
2649 7829
2650 4452
2651 3733
2652 7418
2652 3174
2653 2763
2654 9670
2655 5911
2656 2744
2656 4175
2657 7448
2658 7961
2658 8647
2659 7974
2660 4509
2661 8768
2661 2669
2662 3633
2662 6105
2663 9302
2664 2921
2666 5088
2667 9578
2669 6725
2669 4499
2670 4322
2671 2695
2671 6570
2672 7465
2672 4785
2672 9377
2673 9838
2674 5322
2674 7253
2674 4407
2675 6739
2676 5454
2677 5174
2679 6244
2679 3954
2680 4249
2680 5880
2681 3317
2681 9208
2681 5707
2682 9719
2682 3220
2683 3270
2685 7228
2686 3212
2687 9918
2687 5552
2687 5621
2688 9191
2689 4348
2689 9446
2690 6104
2690 9986
2691 4532
2691 7202
2692 3894
2694 9114
2695 6673
2695 9982
2696 7895
2697 5856
2698 4782
2699 7724
2700 7145
2700 3208
2701 7546
2703 7139
2703 8095
2704 9635
2705 4896
2706 3228
2706 8079
2706 7382
2708 3732
2708 8146
2708 6856
2708 3812
2709 3780
2709 9352
2709 9838
2710 8862
2711 5412
2712 8045
2713 3639
2713 9181
2713 9993
2714 4768
2715 5912
2715 9201
2716 7534
2717 3053
2718 3003
2719 9831
2720 6514
2721 9268
2722 8605
2723 5693
2723 9393
2723 5568
2725 9425
2725 7202
2727 9428
2727 6971
2729 8789
2729 6152
2731 3115
2733 8611
2733 9239
2733 4588
2734 9675
2736 7683
2736 3939
2737 3413
2738 3237
2738 2807
2739 6869
2740 6834
2742 4254
2744 4554
2744 4821
2745 9137
2745 6845
2746 8637
2746 6057
2748 6981
2750 5484
2751 7547
2751 8553
2752 5945
2753 6222
2754 9444
2755 3017
2755 7052
2756 3757
2757 8484
2757 9096
2757 3971
2758 9050
2759 8897
2759 9922
2760 8861
2760 4657
2761 8991
2761 5211
2762 8939
2762 5560
2762 6605
2764 7322
2765 5186
2765 6947
2766 6868
2766 2805
2766 3676
2767 7554
2768 4221
2768 4572
2768 9892
2769 4295
2769 8459
2770 7429
2770 3608
2770 8894
2771 9281
2771 4278
2772 7044
2772 4573
2773 5166
2774 7078
2774 7775
2775 7779
2775 7318
2776 8194
2776 4473
2777 5515
2777 9097
2777 4711
2778 8215
2779 6666
2779 6286
2780 9975
2781 3215
2781 5236
2782 8349
2783 5606
2783 7561
2784 5826
2784 9719
2785 4061
2785 3112
2785 4197
2786 7077
2787 6569
2788 4330
2790 3562
2790 6681
2790 4160
2790 7735
2791 4763
2791 8562
2791 3227
2792 2855
2794 8183
2795 6884
2795 8462
2795 8813
2796 5169
2796 9987
2796 6754
2797 5091
2799 4944
2800 5860
2800 4794
2801 6432
2802 4878
2803 9263
2803 5263
2804 9531
2806 6512
2807 6418
2807 5692
2807 3959
2808 6581
2809 4340
2809 5350
2810 9278
2812 8190
2812 6043
2814 7104
2814 4854
2814 6600
2814 7243
2814 6712
2815 7361
2816 5469
2816 8506
2816 8368
2817 3471
2817 9466
2817 7301
2817 9686
2818 3792
2818 6377
2819 9592
2820 7000
2820 8986
2821 5711
2822 7170
2823 7350
2824 3302
2824 5828
2825 4355
2825 3236
2826 8901
2828 3031
2828 5314
2829 4453
2830 9219
2831 8716
2832 3435
2832 4243
2833 3268
2834 3850
2834 8759
2834 3750
2834 9794
2836 4466
2836 3173
2837 7396
2838 7672
2839 6086
2841 7763
2842 6380
2842 9077
2842 9420
2843 4772
2844 8787
2844 7728
2845 8317
2846 5107
2846 7538
2846 8066
2847 6012
2848 6574
2849 7419
2849 7991
2849 8342
2850 5566
2851 8511
2851 9712
2851 8604
2852 3443
2852 4106
2853 5553
2854 3480
2854 6011
2854 4359
2855 5671
2856 9696
2857 9152
2858 8628
2859 7198
2859 9305
2859 3854
2861 3946
2862 3033
2864 5864
2865 9570
2866 5835
2867 5748
2867 6460
2869 9575
2870 3731
2871 3746
2872 5795
2872 8857
2873 5489
2873 4666
2874 7328
2874 4285
2875 5374
2878 8591
2878 3416
2879 9322
2880 7606
2880 4916
2881 8537
2881 7582
2882 3072
2882 9559
2883 4196
2883 7551
2883 4723
2884 6699
2884 9282
2884 7419
2885 6162
2886 4133
2886 9723
2886 8331
2887 4415
2888 6530
2889 4498
2890 4767
2890 5832
2890 5913
2890 5674
2890 4862
2891 9217
2891 5959
2892 4557
2892 4797
2892 4635
2894 4411
2895 6166
2895 7153
2895 7459
2896 8248
2898 8397
2899 3365
2899 8155
2899 8603
2900 8592
2901 6961
2901 8416
2901 9782
2902 8426
2904 6601
2905 4172
2905 5295
2905 3125
2906 7005
2906 8053
2906 8681
2907 5577
2908 4567
2908 6879
2909 7399
2911 5060
2911 7504
2912 6207
2913 7598
2914 4818
2914 9354
2915 5940
2915 9383
2916 4252
2916 5534
2917 7517
2918 9005
2919 3327
2920 5507
2921 6857
2921 8138
2922 9928
2923 8500
2924 6491
2925 7651
2925 8548
2926 7612
2927 3867
2928 5941
2928 8763
2928 3523
2929 5832
2930 5490
2931 7143
2931 9893
2931 3153
2932 9350
2933 9366
2933 4878
2934 5133
2935 8833
2936 9164
2937 8526
2938 7930
2938 5196
2939 4640
2941 7623
2941 8665
2941 7759
2941 7793
2943 5428
2944 6192
2944 3007
2944 8259
2945 7790
2946 3574
2947 3386
2948 8169
2949 8174
2951 8614
2952 4493
2954 9731
2956 9256
2956 3734
2957 7941
2957 6415
2958 9423
2959 3403
2959 3977
2960 5440
2961 4230
2962 3155
2963 5327
2963 9399
2964 8448
2964 9376
2965 7227
2965 4050
2966 7910
2967 4614
2968 8008
2968 5844
2969 6717
2969 5862
2969 8822
2970 7745
2970 9699
2970 7811
2971 8196
2971 5207
2972 3504
2972 4971
2974 5958
2974 5029
2974 4642
2975 8484
2976 3397
2977 3752
2978 6267
2979 9066
2979 5023
2980 4911
2981 7555
2981 9780
2982 9681
2983 6151
2984 8824
2985 7750
2986 3803
2986 4881
2987 8382
2988 6149
2989 8408
2990 7792
2990 5680
2991 4020
2991 7971
2991 9928
2993 3165
2993 3752
2993 7870
2993 3556
2994 4517
2996 6210
2996 3176
2997 4437
2997 3249
2997 4009
2998 6023
2999 5667
2999 9225
3000 8393
3000 8982
3001 7571
3002 7626
3004 6580
3004 8351
3004 5964
3004 3067
3004 4217
3005 6062
3006 5155
3006 3957
3007 6246
3008 7426
3009 4010
3009 3811
3011 7015
3011 5797
3014 9127
3015 7607
3015 7932
3015 5953
3016 9466
3018 7182
3019 9161
3020 5999
3021 4539
3021 5136
3022 3880
3022 8721
3023 6917
3023 4344
3023 4167
3023 4798
3024 9175
3025 8034
3026 5851
3026 9188
3027 6366
3027 7648
3028 3285
3029 4534
3030 3498
3032 8941
3032 4553
3033 8805
3033 7398
3034 7884
3037 7902
3037 8775
3037 7732
3037 9324
3037 6397
3037 6947
3038 6850
3039 8980
3039 4887
3040 4587
3040 5345
3040 7758
3041 5925
3042 3589
3042 6863
3043 5792
3043 6270
3043 3052
3043 9055
3044 7417
3044 7896
3045 9009
3046 5677
3046 5048
3048 7829
3048 7077
3049 6758
3049 5904
3050 5447
3050 3296
3050 7771
3050 4829
3051 4178
3052 4143
3052 8970
3053 8382
3054 3080
3055 7183
3056 7824
3057 6040
3057 8893
3059 5225
3059 8427
3060 9253
3060 7311
3061 5336
3062 3401
3063 3772
3063 7412
3063 7731
3063 9604
3064 7866
3065 3583
3065 8856
3065 3489
3066 4372
3067 3841
3068 4838
3069 5483
3070 4306
3071 8634
3072 6447
3072 8493
3073 4414
3073 8264
3073 9199
3075 8829
3076 7590
3076 3453
3076 7329
3077 4228
3077 5391
3077 8060
3078 5557
3078 9652
3078 5808
3079 5572
3079 5673
3079 9932
3081 4128
3081 3116
3082 7156
3082 6932
3082 4256
3083 7045
3083 7329
3084 5089
3084 7827
3084 6066
3085 5259
3086 5844
3087 5824
3087 9067
3088 5311
3089 6007
3089 6547
3090 4049
3091 3210
3092 6590
3092 9274
3093 3381
3093 9092
3094 7021
3094 5111
3095 7112
3095 7975
3096 4764
3096 7832
3096 5028
3096 7580
3097 8629
3097 7064
3097 7307
3098 9435
3099 9012
3099 9023
3100 9786
3101 4980
3101 6710
3101 9711
3102 4152
3103 3648
3103 9854
3104 9399
3105 7002
3106 6663
3107 8767
3108 8635
3109 5340
3109 7074
3110 4605
3110 9224
3110 7432
3111 6999
3112 3488
3113 3574
3114 7146
3114 9057
3114 3589
3117 6240
3117 7490
3118 5251
3119 7493
3120 6885
3120 8873
3120 4845
3121 4027
3121 6250
3121 3693
3121 5518
3122 3291
3122 8742
3122 5196
3123 7767
3124 5517
3125 8973
3126 5156
3127 9278
3127 6873
3130 8107
3130 5057
3131 6626
3132 4989
3133 8539
3133 5785
3134 5234
3135 6998
3136 5264
3137 5300
3137 9243
3137 9676
3138 5191
3138 4174
3139 4678
3140 6825
3140 9430
3140 8356
3141 4197
3141 5814
3142 5618
3142 3600
3142 3783
3143 6219
3143 3612
3144 3634
3144 8095
3144 7515
3145 4273
3147 7663
3148 9420
3149 8985
3149 7819
3150 4456
3150 9406
3151 8473
3151 4865
3152 4301
3153 4192
3153 3454
3154 4474
3154 3978
3156 3864
3156 3998
3156 5521
3156 6737
3157 4483
3158 4427
3158 4593
3158 5841
3159 7006
3160 7809
3160 9241
3160 6804
3162 8843
3163 4727
3164 6437
3166 4682
3166 8283
3167 4713
3168 4654
3168 4150
3169 8667
3169 8115
3170 7467
3171 6248
3172 6087
3172 4094
3173 3356
3174 4691
3175 3226
3176 7849
3177 9369
3178 3967
3178 5357
3178 3688
3178 8583
3179 5492
3179 9303
3180 9022
3181 6204
3181 9687
3181 7405
3182 3280
3183 6471
3184 9385
3185 8251
3185 6752
3185 9834
3186 9642
3187 8852
3188 4392
3188 5326
3188 4758
3188 7754
3191 5026
3191 3733
3191 9041
3192 8705
3193 4013
3194 7955
3195 5315
3199 8855
3201 4942
3201 9283
3202 3762
3203 3611
3203 5665
3204 5590
3204 6385
3205 4089
3205 6750
3206 5270
3206 6077
3206 5951
3206 9489
3208 4585
3209 4480
3209 9541
3210 5678
3211 5971
3212 3226
3212 5092
3212 4517
3212 6686
3213 7744
3213 7814
3213 8077
3213 4976
3213 7798
3214 7165
3215 6698
3215 8676
3216 6149
3217 9525
3217 9774
3218 3697
3218 5734
3219 3730
3219 4723
3220 4962
3221 5052
3222 7425
3223 8551
3223 6087
3224 9781
3224 5017
3225 5526
3225 5317
3227 6500
3227 8420
3229 7989
3230 9475
3230 6331
3231 6733
3232 5780
3234 5685
3235 9014
3235 9735
3236 6393
3238 5578
3240 4153
3240 4050
3241 4686
3241 9486
3242 7266
3244 5250
3244 9591
3247 6999
3248 8129
3249 5592
3249 5931
3250 3366
3250 5595
3250 6358
3251 7567
3251 6673
3252 7194
3252 7496
3252 3958
3253 6539
3253 7966
3253 5227
3255 4008
3256 4307
3257 8171
3257 6815
3258 3658
3259 5317
3259 9697
3259 6828
3261 5373
3261 5943
3262 9392
3263 6261
3263 8434
3264 3291
3265 6460
3267 5109
3267 9855
3268 9213
3269 8292
3270 6185
3271 8726
3271 9240
3271 9445
3271 8429
3272 8501
3273 7098
3274 7774
3275 6693
3276 8597
3276 3540
3277 5358
3277 7241
3277 6770
3278 3684
3278 8437
3279 4396
3280 9223
3281 8755
3282 8106
3283 5759
3283 8576
3284 4337
3285 4602
3286 6444
3288 3490
3289 8227
3289 6691
3289 4160
3290 9528
3292 7638
3294 8802
3294 7178
3295 3703
3295 7780
3296 6627
3296 6571
3297 7386
3297 8339
3298 9876
3299 5317
3301 5870
3302 5579
3303 6283
3304 8758
3306 9855
3306 4024
3307 5962
3309 7157
3310 5992
3311 5737
3311 4354
3311 8852
3312 9319
3313 4670
3313 5383
3314 7610
3314 8944
3315 6318
3316 7375
3316 8537
3318 4431
3318 7414
3319 7906
3319 7496
3320 6035
3321 4800
3321 7383
3321 8933
3321 8865
3321 9307
3322 7111
3323 9029
3323 7260
3324 7713
3325 6709
3326 4248
3326 4112
3327 8843
3329 7345
3331 3799
3331 3672
3332 7769
3333 3773
3333 4966
3334 5449
3335 4021
3336 9914
3336 8217
3337 7633
3337 4611
3338 9829
3338 9860
3339 6033
3340 8120
3341 6479
3342 5306
3342 6853
3343 8809
3343 6049
3343 4109
3343 4132
3344 4358
3345 6577
3346 6214
3347 7109
3347 4785
3349 7766
3349 6579
3351 6814
3352 4191
3353 4613
3353 5523
3353 7837
3354 5774
3355 6108
3355 7319
3356 6827
3357 3703
3358 8248
3359 4320
3360 3538
3360 7086
3361 9235
3362 7334
3362 3546
3364 4548
3369 5944
3369 5913
3370 3687
3370 4743
3371 5749
3372 4531
3373 7506
3374 4007
3374 6216
3375 3502
3376 6862
3377 4343
3378 9933
3378 4612
3379 6164
3380 6572
3380 9068
3381 7047
3382 3536
3382 8220
3384 6298
3385 4502
3385 7838
3385 9423
3386 9262
3387 4181
3388 9265
3388 5198
3389 3783
3391 8255
3391 8447
3392 5405
3392 4259
3394 7554
3395 6255
3396 7810
3397 9846
3398 4897
3399 8257
3400 5232
3400 7562
3401 8883
3404 8167
3405 8626
3406 9354
3407 5954
3407 9303
3408 5048
3408 8251
3409 8155
3410 5432
3411 6070
3411 5009
3411 9719
3412 6193
3412 7002
3412 7612
3413 6306
3414 5935
3416 4532
3417 6644
3417 6344
3418 4195
3418 9486
3418 4463
3419 5296
3420 8056
3420 5170
3421 6382
3421 6474
3422 9530
3422 3663
3422 8203
3425 3469
3425 8206
3426 7724
3427 4298
3428 4138
3429 6467
3430 5801
3430 7219
3430 7537
3432 6928
3433 9951
3434 7507
3435 7582
3436 6355
3436 9158
3437 6407
3438 5599
3438 5386
3439 5167
3440 7663
3440 8581
3441 9384
3442 4912
3442 6022
3442 3961
3442 9544
3444 8970
3445 4939
3446 6068
3446 5495
3446 6344
3447 9797
3447 4500
3448 3759
3448 7455
3450 8621
3450 7409
3451 9609
3452 8818
3454 8833
3454 8820
3455 5056
3456 9106
3456 9542
3456 5639
3456 4040
3457 4378
3459 5804
3461 9177
3462 5942
3463 8341
3464 9018
3466 8738
3466 5509
3467 9654
3467 4600
3469 7650
3470 6607
3470 9002
3472 5715
3473 6916
3474 9349
3475 3889
3475 3722
3477 8062
3477 8150
3479 4193
3481 7753
3482 4640
3482 7823
3483 5912
3484 7875
3486 7183
3487 9175
3489 3979
3490 7715
3491 5407
3494 4417
3495 9634
3496 4391
3496 7192
3498 5353
3498 7806
3499 5112
3499 9417
3500 5045
3501 8254
3502 5062
3503 8004
3503 6468
3506 8194
3507 5612
3507 9415
3508 7192
3510 5321
3510 9910
3510 4695
3511 7149
3512 4469
3512 3664
3513 8438
3513 9007
3514 9709
3514 7500
3515 7493
3516 6853
3517 8745
3519 8747
3519 4310
3521 4897
3521 4613
3522 6492
3523 9456
3523 7335
3524 8225
3524 6667
3525 7363
3526 9374
3527 7553
3528 4450
3529 9262
3530 5735
3530 6351
3531 9399
3532 4631
3532 8508
3533 7881
3534 6814
3536 7572
3537 5556
3537 8061
3538 5574
3539 3815
3540 3620
3540 4972
3541 5127
3542 3834
3542 9991
3543 9089
3543 8170
3543 7214
3544 4627
3545 4906
3546 9246
3547 7309
3547 7698
3547 6164
3548 6079
3548 6593
3548 9415
3550 4161
3550 6650
3551 9543
3551 5201
3552 5450
3552 3854
3553 8065
3553 4737
3555 9993
3555 3655
3556 8634
3556 5087
3558 4950
3558 9872
3560 6143
3561 8176
3564 9400
3564 4329
3565 4853
3566 7442
3566 5271
3567 6289
3567 9437
3567 9506
3569 7305
3570 5080
3570 7484
3571 6729
3571 7789
3572 4910
3572 4956
3573 4243
3573 8381
3574 8903
3574 6164
3575 6094
3576 6202
3577 8538
3579 9676
3581 4612
3583 3909
3584 6076
3584 7381
3585 6861
3585 6108
3586 3825
3586 8898
3588 9772
3589 4509
3590 9697
3591 8375
3592 9676
3592 9815
3595 5407
3595 4882
3595 9806
3598 8039
3600 8363
3600 5242
3601 5503
3601 6460
3602 9568
3603 5598
3603 6369
3604 9093
3604 3708
3605 9458
3605 9346
3606 5778
3606 9646
3607 4449
3607 9693
3608 9777
3609 5507
3610 8407
3611 9156
3612 6891
3612 6613
3614 9883
3615 8457
3617 9294
3618 5535
3618 8865
3619 6299
3621 4863
3622 8516
3623 7394
3623 7560
3623 8504
3623 6324
3624 9311
3624 9654
3625 5922
3626 9532
3627 4731
3627 6161
3628 3804
3630 6233
3630 5349
3631 8607
3631 4684
3632 7145
3635 8915
3635 6760
3636 7360
3637 6286
3637 9898
3638 8931
3640 4895
3641 7707
3641 8116
3642 9529
3642 7785
3643 8630
3643 4801
3644 5808
3645 7756
3646 9854
3646 8628
3647 3940
3649 9156
3650 7935
3652 3848
3653 7806
3654 8788
3655 4621
3656 6212
3656 7326
3657 6190
3657 9639
3657 8738
3658 7778
3658 6303
3658 8840
3659 5330
3659 7869
3659 5102
3659 4988
3659 8417
3660 9825
3661 7359
3662 7759
3663 4037
3665 7558
3665 9203
3666 7933
3667 8812
3668 4483
3668 5227
3668 8422
3668 8020
3669 8959
3670 4037
3672 7307
3673 7474
3674 6862
3675 7535
3676 7484
3677 8357
3677 5665
3678 6165
3678 4618
3679 7592
3679 6680
3679 5675
3679 9423
3680 5773
3681 5228
3681 4701
3682 6114
3682 7925
3683 8378
3689 3944
3689 9319
3691 8209
3692 5664
3692 7462
3692 8750
3692 5882
3693 6552
3694 5879
3695 8763
3700 9944
3701 5804
3702 4676
3702 7307
3703 9392
3704 7323
3706 8348
3706 6309
3707 5491
3707 7901
3708 7399
3709 8778
3710 9544
3711 5515
3712 9292
3712 5931
3714 6540
3715 4323
3715 9876
3715 9905
3715 4281
3716 8444
3717 6394
3717 6586
3719 9274
3719 9366
3720 8322
3720 8928
3721 8009
3722 8058
3723 9670
3724 6969
3725 4100
3726 5494
3726 6039
3727 8289
3728 5505
3728 3769
3731 6634
3733 9810
3734 9735
3735 4327
3735 8553
3737 7284
3737 6753
3738 6945
3739 5819
3740 8218
3740 7599
3741 5649
3742 9638
3742 8474
3742 6560
3743 6135
3743 8916
3744 8755
3744 8669
3745 6307
3745 6785
3746 8497
3747 3751
3747 3912
3747 4369
3747 6336
3748 6505
3749 8014
3749 8335
3750 6348
3752 4914
3753 8400
3753 5075
3754 7710
3754 5712
3755 9793
3756 6595
3756 8117
3757 5158
3757 3971
3758 6148
3760 6621
3760 8271
3760 4125
3761 9375
3761 6055
3763 9906
3763 8543
3765 4389
3767 6716
3767 6519
3768 8837
3769 9664
3769 9210
3769 6635
3770 7567
3771 4116
3771 5060
3772 4494
3775 6529
3776 6718
3778 8825
3778 6611
3779 7400
3779 7435
3780 7095
3780 5785
3781 6690
3781 9742
3782 4176
3782 6939
3782 4605
3783 3805
3783 8407
3784 7081
3784 4726
3785 6334
3787 6900
3787 3934
3788 9145
3788 9763
3789 7041
3791 9064
3791 8560
3792 6235
3792 8238
3793 8426
3793 6680
3794 4410
3797 3967
3798 9104
3798 8321
3799 6262
3800 7870
3801 9553
3801 8083
3803 7629
3804 7439
3804 7373
3805 3916
3805 8650
3806 6649
3807 9634
3808 7458
3809 9028
3809 9014
3810 7071
3810 9115
3810 4589
3811 4705
3812 5438
3813 7409
3814 5518
3814 7378
3814 8301
3815 4188
3816 4655
3816 7371
3817 5917
3817 8256
3818 5722
3819 3901
3820 7870
3821 4832
3821 8047
3822 8460
3822 7628
3823 7777
3824 9686
3825 5816
3826 6532
3826 5197
3826 9055
3827 8569
3829 8831
3829 7180
3830 8876
3831 6231
3831 4169
3832 5816
3833 9204
3835 8849
3835 6473
3835 7621
3836 8788
3837 5522
3838 4935
3838 9465
3839 8940
3839 6360
3840 5906
3840 7232
3840 9673
3842 8878
3842 7618
3843 5730
3844 7502
3845 4534
3846 6101
3847 9537
3847 8213
3848 4399
3848 5002
3849 7287
3849 7457
3849 3894
3851 7422
3851 4615
3852 9698
3852 4369
3855 8726
3856 8488
3856 4450
3858 9625
3859 9468
3860 7512
3861 5164
3861 6581
3862 5118
3862 8020
3862 9136
3862 7411
3863 6901
3865 8847
3867 5126
3868 6216
3869 9806
3870 6137
3870 9671
3870 4820
3871 8695
3872 8519
3872 8123
3873 9907
3874 8855
3874 9898
3875 9740
3875 6704
3876 5342
3876 4090
3877 6186
3878 8737
3878 6479
3879 5943
3882 9121
3883 4558
3884 4168
3885 9581
3887 5658
3888 4424
3888 4894
3889 5952
3889 4660
3890 8657
3891 8610
3892 8595
3892 8643
3892 6995
3892 4611
3893 4091
3894 4165
3894 6985
3895 9468
3896 7149
3897 4847
3897 9406
3897 9414
3898 8061
3899 6623
3899 6509
3899 8505
3900 8746
3901 9574
3903 5454
3904 7527
3904 4278
3904 8561
3904 9554
3905 8018
3906 6849
3906 6723
3907 7184
3908 9868
3909 4900
3911 6398
3912 4074
3912 8579
3913 7686
3913 9740
3914 8091
3915 9610
3916 6340
3918 8495
3919 5142
3919 4540
3919 5914
3920 8686
3921 8575
3921 8323
3922 4606
3923 9750
3924 7051
3924 4073
3925 9892
3927 6969
3927 8569
3928 4681
3929 8041
3930 8245
3931 9360
3932 6918
3933 7868
3933 7603
3935 8799
3937 5683
3938 8976
3939 9785
3939 4308
3939 6009
3940 6923
3940 6900
3941 9108
3942 9820
3945 5383
3945 4950
3946 7951
3946 6360
3946 4264
3946 7625
3947 8593
3948 4824
3949 4451
3950 6297
3951 8375
3952 9965
3953 6413
3953 8882
3955 9341
3955 7705
3956 5723
3957 6912
3959 9957
3959 4660
3960 6292
3961 4338
3961 7543
3962 8041
3963 8618
3963 9962
3963 4904
3964 5223
3965 5933
3966 4234
3966 4304
3966 9945
3966 4470
3968 8221
3968 8821
3969 9498
3971 7690
3972 6761
3973 8306
3973 4524
3974 7644
3974 7354
3977 5905
3977 5616
3978 6346
3980 4742
3980 9315
3980 5359
3981 4793
3982 9312
3983 8518
3983 9600
3985 5696
3986 4191
3986 5213
3987 7642
3988 9762
3988 7164
3989 8023
3989 7020
3990 8388
3992 5154
3993 8164
3995 5755
3995 7158
3995 9313
3996 8824
3996 7844
3997 8125
3997 8821
3999 9288
4000 6520
4000 6352
4001 8893
4001 8013
4003 6663
4004 7171
4006 4045
4007 4629
4007 5976
4008 9732
4010 7376
4011 7250
4011 6437
4012 5389
4013 8115
4014 4584
4015 8487
4016 7092
4016 9827
4018 8389
4019 8002
4021 5951
4023 5494
4024 4477
4024 8832
4025 9368
4025 6381
4026 5688
4026 6605
4026 4941
4028 4710
4029 5386
4030 7833
4030 8184
4031 6335
4031 4569
4032 9165
4033 9767
4034 7329
4034 7395
4036 7918
4036 4621
4037 8570
4038 6322
4039 5400
4040 9669
4041 8463
4042 5984
4043 5578
4044 5987
4044 7100
4045 4213
4045 6935
4046 4485
4046 5848
4046 9661
4047 7507
4047 6347
4048 8782
4049 5262
4051 8074
4052 7135
4053 4967
4054 6926
4055 8038
4055 5707
4056 6158
4056 6365
4056 4109
4057 9140
4057 4351
4058 9907
4058 4974
4059 5462
4060 7953
4060 6982
4062 8598
4062 9198
4063 9620
4064 4461
4064 7435
4065 5617
4066 5913
4067 7172
4068 6139
4068 5772
4068 6579
4069 6966
4070 4653
4071 8224
4072 6128
4072 8008
4073 7685
4074 7296
4075 7648
4076 9417
4076 8329
4077 4698
4077 8592
4077 9461
4078 7239
4078 7600
4080 5046
4081 5703
4081 8639
4082 4776
4082 8566
4083 8761
4083 7355
4083 6668
4085 8074
4086 6306
4087 8601
4088 5223
4090 6921
4090 8114
4093 4439
4094 4506
4096 5183
4096 5473
4097 7511
4098 4922
4098 5604
4099 6226
4100 9799
4100 6542
4101 8542
4101 7244
4103 4791
4103 9966
4103 5087
4104 7948
4105 4959
4106 7267
4106 7480
4107 4614
4108 4582
4109 5413
4110 7929
4110 6557
4111 9747
4112 6461
4113 4187
4114 6994
4116 4855
4116 9441
4116 4810
4118 5576
4119 9588
4119 6536
4119 9730
4120 8992
4120 4992
4121 6293
4122 5001
4125 4183
4127 9256
4129 5181
4130 7852
4130 4199
4134 8017
4135 6664
4138 7095
4139 9582
4140 5336
4140 8648
4140 7881
4141 8092
4141 9511
4142 5616
4142 4743
4144 5765
4145 6089
4145 9521
4146 6090
4146 9245
4147 9883
4148 6258
4149 4926
4150 8917
4150 9423
4151 9317
4152 8290
4153 5032
4156 5443
4156 8936
4157 8998
4157 5103
4158 9932
4158 9364
4159 4233
4159 6953
4159 9098
4159 5769
4160 9686
4161 7482
4161 8969
4162 5991
4163 7871
4165 5438
4165 8993
4166 4845
4166 9804
4167 4317
4167 9192
4168 4316
4169 7763
4169 5570
4171 8572
4171 8166
4175 9557
4177 5402
4178 7358
4180 8404
4180 5232
4181 8001
4182 6821
4182 6577
4184 7933
4186 4640
4188 7027
4189 5295
4190 6860
4193 4753
4194 8039
4198 9689
4199 5285
4199 5636
4200 7048
4201 9473
4202 4821
4203 7833
4204 4569
4204 7971
4205 8186
4206 7826
4206 9086
4207 8114
4207 7646
4208 8655
4208 4504
4209 7596
4210 8681
4211 8386
4215 5741
4215 6346
4215 4505
4215 9571
4216 7271
4216 9709
4217 6845
4219 6280
4219 5703
4220 8731
4222 8252
4222 5772
4223 7441
4224 9085
4224 7014
4226 5376
4226 9893
4227 4550
4229 8519
4231 6694
4231 9800
4232 6694
4234 6628
4235 6056
4235 9171
4236 6408
4236 7210
4237 6768
4239 5445
4239 6619
4240 9927
4240 4569
4241 9964
4241 5341
4242 9811
4244 9793
4245 7384
4246 8260
4247 4894
4249 7492
4250 6012
4251 7458
4253 9301
4253 4376
4253 6807
4254 8529
4254 8168
4255 6583
4256 8680
4257 4380
4257 8582
4258 5614
4259 9615
4260 8076
4260 4525
4262 7279
4262 4714
4263 7691
4263 5659
4264 9030
4265 9404
4265 9653
4265 7008
4266 4975
4267 6043
4267 9742
4268 5076
4268 6250
4269 7102
4270 9911
4271 7598
4272 4870
4273 6405
4274 8950
4275 6489
4276 5367
4279 5758
4280 9050
4281 8070
4281 9932
4282 5150
4283 9923
4283 6464
4284 6859
4285 6951
4286 6232
4286 6173
4287 8964
4288 6833
4289 7979
4289 8328
4290 6796
4291 4895
4291 8334
4294 5042
4296 7521
4298 8234
4300 8675
4302 4749
4305 4601
4306 9425
4307 6777
4308 6567
4308 9518
4308 9142
4309 8474
4310 9434
4311 9975
4312 8569
4315 5627
4315 6241
4320 9169
4320 9816
4321 7452
4321 8475
4321 6058
4322 6101
4322 8918
4325 9862
4326 8433
4326 6711
4328 6034
4328 9359
4329 8615
4329 4829
4334 9836
4336 4688
4336 8303
4339 5899
4340 4647
4341 9085
4342 6683
4344 8707
4346 4678
4346 7817
4347 9832
4349 9232
4349 9595
4350 6786
4351 9014
4353 8931
4353 4962
4353 5258
4353 7901
4354 8040
4354 7177
4355 5823
4356 7017
4357 9555
4357 8672
4359 6451
4360 8455
4360 4472
4362 9692
4362 7474
4363 9765
4364 6938
4364 7983
4365 6230
4365 7149
4365 5514
4366 4909
4367 9200
4368 6107
4368 8605
4370 9048
4371 5237
4372 7382
4373 6221
4374 6186
4374 9255
4374 5707
4375 8094
4375 7570
4375 6570
4377 9036
4378 4526
4379 7709
4381 4801
4382 7252
4383 5814
4384 7242
4385 9114
4390 5852
4390 6940
4393 6641
4394 7444
4395 6788
4396 8010
4396 6923
4397 9062
4398 8855
4399 7913
4400 8098
4400 7587
4401 8553
4402 4426
4403 8609
4403 4944
4403 9210
4404 6381
4404 6273
4406 7152
4407 6158
4408 6541
4408 4832
4410 4798
4411 5957
4411 8328
4412 4587
4413 9253
4415 9734
4417 5280
4418 4715
4419 9176
4420 7238
4421 7781
4422 8243
4423 7946
4425 7312
4425 5070
4426 5428
4426 6952
4428 7149
4429 6847
4430 6825
4432 5611
4433 6550
4433 7179
4433 7909
4433 8774
4434 5490
4435 7698
4436 5740
4438 8133
4438 9044
4440 4973
4441 5386
4442 7592
4443 4722
4444 6247
4445 9465
4446 8827
4446 9715
4447 8615
4448 4943
4448 8360
4448 8045
4449 6559
4449 9017
4451 8324
4451 6984
4452 4883
4453 7237
4454 9328
4455 6064
4455 7305
4456 5091
4456 7074
4457 6181
4458 7875
4458 5532
4460 5922
4460 7239
4462 5581
4463 8300
4464 8823
4465 7752
4465 7295
4467 8245
4470 5857
4470 8371
4471 8714
4473 9105
4473 9418
4478 4986
4479 7495
4480 7657
4481 5273
4482 8747
4485 4830
4487 7222
4488 7839
4488 9471
4489 5220
4490 7678
4490 4804
4491 8590
4491 9673
4492 9271
4493 5346
4493 8486
4495 5476
4496 5903
4497 6844
4498 5602
4501 9725
4501 4891
4503 8781
4503 7305
4505 5978
4505 7760
4505 9219
4505 6816
4506 6511
4507 5067
4508 9778
4509 8673
4510 7134
4511 9502
4512 4620
4513 4996
4517 8698
4518 6824
4519 9821
4520 8005
4520 8956
4520 5260
4521 6825
4522 6805
4522 9144
4523 7137
4524 6080
4524 5417
4525 9853
4527 6016
4527 8964
4528 6582
4528 8717
4530 6933
4530 8701
4531 8333
4531 7100
4532 9803
4533 8712
4538 5845
4538 4724
4542 8167
4542 8921
4542 7348
4543 5298
4544 7583
4544 6728
4545 6399
4545 4883
4546 5124
4547 7594
4549 8983
4550 7400
4551 9940
4553 6684
4555 5774
4556 5896
4556 4620
4557 7379
4558 7013
4559 8427
4560 4699
4560 5670
4561 7970
4562 5665
4563 8607
4564 6716
4565 8063
4565 8953
4566 7595
4566 5079
4569 5933
4570 5147
4570 7042
4570 9957
4571 6201
4571 7302
4571 7263
4574 7331
4576 9760
4577 5731
4578 6452
4579 4907
4580 9628
4580 5943
4581 7473
4581 9361
4583 6245
4584 6875
4586 7115
4588 8994
4589 9641
4591 4607
4591 9463
4592 8312
4593 6465
4594 7283
4594 9604
4595 9034
4595 9365
4595 5101
4596 4674
4597 6507
4598 8018
4598 5972
4599 7142
4601 4888
4603 4648
4606 7610
4609 8341
4609 6314
4610 5096
4611 7800
4611 8222
4612 9632
4615 4875
4615 4730
4616 7524
4617 5676
4618 5085
4619 9649
4619 4838
4620 5827
4621 6327
4623 6746
4625 8329
4625 8454
4626 6178
4626 9578
4626 8942
4627 6036
4628 5833
4629 6236
4629 8596
4630 6305
4632 8355
4635 4689
4636 7521
4636 4896
4637 5706
4637 7579
4637 6957
4638 8797
4638 4906
4638 6037
4639 7171
4640 8523
4641 7653
4643 7832
4644 6638
4644 9798
4644 6174
4645 9901
4646 9868
4646 5596
4650 8327
4651 4983
4653 8872
4654 6764
4655 9784
4657 7291
4657 8353
4657 6921
4658 5738
4658 8734
4658 7243
4659 8713
4661 6504
4663 8728
4663 8810
4664 9239
4666 4970
4667 8525
4667 4755
4668 8268
4669 7257
4671 8197
4671 7423
4671 5327
4672 8512
4673 8342
4677 7377
4677 9984
4678 8713
4679 4788
4679 8230
4679 8976
4680 6855
4684 7023
4684 4839
4684 8801
4685 5903
4686 7591
4687 4880
4687 7704
4690 6667
4690 5691
4692 8225
4693 7028
4693 7483
4694 8042
4695 9775
4695 8574
4695 5493
4696 8998
4699 5423
4700 7164
4700 5104
4701 6085
4702 7671
4704 5490
4707 7552
4708 6314
4708 8361
4708 8312
4709 9702
4710 5063
4711 5026
4712 9127
4713 6201
4714 6619
4715 9350
4715 9515
4716 9545
4717 7418
4718 4861
4718 8178
4719 6399
4720 8662
4720 9570
4721 5519
4721 9558
4722 6907
4723 8369
4724 8198
4725 7892
4726 5247
4727 7340
4729 8884
4730 9908
4732 6402
4734 9161
4736 6614
4736 9146
4736 8315
4737 5793
4737 7667
4738 9710
4738 9442
4739 5594
4739 9269
4739 9372
4740 9360
4741 8027
4741 5615
4744 5597
4745 9013
4745 4825
4746 9837
4748 8658
4748 5875
4748 5533
4749 6412
4749 9573
4750 7989
4752 8711
4753 7043
4753 9743
4754 8760
4754 8096
4755 9590
4756 9228
4757 6256
4758 8025
4759 8783
4760 5448
4761 7964
4764 6546
4766 8283
4768 6534
4769 9736
4769 9797
4770 8051
4771 6039
4772 5222
4772 7069
4773 7944
4773 7661
4774 7483
4775 6033
4777 9078
4781 6062
4784 6461
4784 6757
4785 7655
4786 8972
4786 5007
4787 5121
4789 7477
4792 7878
4792 8789
4793 9296
4794 9178
4795 9703
4795 6570
4797 6948
4802 7597
4804 6658
4804 5637
4805 6238
4805 9457
4805 8181
4806 9519
4807 5984
4807 5427
4808 5509
4809 5281
4810 8967
4811 8286
4811 5779
4812 6131
4813 5500
4813 9619
4814 6172
4814 9345
4816 7254
4817 7656
4819 5455
4819 6784
4820 7321
4822 6528
4822 7733
4823 6447
4825 8654
4826 5903
4828 8087
4829 5593
4829 7489
4829 7719
4829 7138
4830 9472
4832 6367
4832 8179
4832 8135
4834 7807
4835 9426
4836 8664
4836 9807
4837 5108
4837 8182
4839 9818
4840 6390
4840 8740
4841 8263
4842 9212
4847 8485
4848 5452
4848 8045
4849 6800
4850 8012
4850 9876
4851 5172
4852 6065
4853 9045
4853 9798
4854 9332
4856 5281
4858 9450
4858 5645
4859 8448
4862 6149
4863 6414
4864 8785
4865 7111
4868 6912
4868 7375
4869 6794
4870 8116
4871 9950
4872 8769
4872 8038
4873 6597
4874 7537
4874 9635
4875 4941
4876 9711
4876 7351
4877 4947
4877 7923
4877 9801
4878 6772
4879 7873
4879 7065
4880 7062
4881 7505
4882 5486
4882 8011
4883 5061
4883 8699
4883 6831
4884 8420
4885 7510
4886 8752
4886 9869
4887 8836
4888 7208
4888 8313
4889 5784
4890 7483
4891 6253
4892 5822
4893 6492
4899 5114
4899 5285
4902 8473
4903 5007
4904 5879
4905 4911
4905 8354
4906 9971
4907 8995
4907 7840
4908 9589
4908 9234
4911 8640
4916 6159
4916 6359
4916 8125
4917 5344
4918 7214
4919 6525
4919 6683
4920 6205
4921 7966
4924 5427
4924 7565
4924 6839
4924 7279
4925 7949
4925 7684
4925 5936
4927 6167
4928 8913
4928 8154
4930 6964
4930 7215
4931 7927
4932 9878
4932 9748
4933 6983
4934 6301
4935 6537
4936 5100
4936 9095
4937 6277
4938 6983
4939 9332
4942 4975
4944 9700
4944 9916
4946 7733
4946 8708
4946 5341
4946 7684
4948 8844
4948 9488
4949 9643
4949 7940
4951 6478
4951 5400
4952 9433
4952 7295
4954 9235
4954 6404
4954 6777
4957 8222
4957 5413
4958 7378
4959 5837
4960 5362
4962 5981
4963 9039
4963 6615
4964 9070
4965 9464
4967 9449
4969 6808
4971 6051
4972 9400
4973 7402
4973 6829
4974 7571
4976 9413
4977 6813
4977 7228
4979 8196
4981 5132
4981 9198
4981 5476
4982 7293
4982 7945
4983 8557
4984 7392
4984 8081
4986 9627
4987 5520
4987 6453
4987 8085
4987 7417
4988 9826
4990 5603
4991 9451
4993 7652
4994 7546
4995 8814
4996 6020
4997 8496
4999 8906
5000 8109
5002 6339
5004 8032
5004 9043
5005 6244
5006 9362
5007 8240
5007 5689
5007 5676
5008 6595
5009 6738
5010 9222
5011 7628
5012 9773
5012 7945
5013 7891
5014 9025
5015 9072
5016 9997
5017 6426
5017 7356
5017 5884
5018 5445
5019 5392
5019 5891
5020 7523
5021 7367
5024 7923
5025 8922
5027 7620
5028 7443
5030 5121
5030 6918
5032 6609
5033 9891
5034 9074
5036 5249
5037 8241
5037 8908
5038 6845
5039 7316
5039 9441
5040 5882
5042 5140
5044 7570
5045 6903
5046 6436
5046 8180
5047 5549
5049 8814
5050 7441
5051 5057
5052 6555
5054 5635
5055 8424
5055 7541
5059 7166
5064 6931
5066 9761
5067 9568
5067 5555
5068 7603
5068 8666
5070 5916
5070 5842
5071 7130
5071 9955
5071 7210
5072 9183
5074 5504
5074 9209
5075 8319
5075 5843
5075 5689
5077 6956
5078 7820
5079 9815
5081 7436
5081 5716
5083 5596
5083 6400
5086 7837
5086 6547
5088 6631
5089 6211
5090 9778
5090 5499
5094 7494
5095 5597
5096 9692
5097 7223
5098 5713
5099 7339
5100 7945
5102 5119
5103 8109
5103 9428
5104 7890
5105 7697
5105 6088
5108 8470
5110 6688
5112 6078
5113 9808
5113 9609
5116 6375
5116 9579
5116 9908
5117 6958
5117 5408
5119 9604
5120 5159
5120 9386
5121 6737
5122 7203
5122 8899
5122 9812
5123 5682
5125 6862
5127 5502
5127 6234
5128 9113
5129 9839
5130 9363
5135 6238
5136 6581
5137 7855
5137 6058
5138 7666
5140 6610
5141 9469
5143 8904
5145 5711
5150 6829
5151 9504
5152 6379
5152 6493
5152 8876
5154 7643
5154 6571
5156 5674
5157 9094
5160 9060
5161 7224
5161 7759
5165 9880
5165 6223
5165 5967
5166 7609
5167 9283
5168 7080
5168 7115
5168 7439
5171 8795
5172 8058
5173 6622
5175 9618
5175 9857
5176 6102
5179 5739
5180 6661
5181 5668
5184 9675
5184 9974
5188 8660
5188 6993
5190 8651
5193 7994
5195 8882
5195 9552
5196 7886
5197 9162
5198 6940
5198 7691
5199 5524
5199 7435
5199 9685
5201 6450
5202 8948
5203 6224
5205 7236
5205 6597
5207 7268
5209 5361
5210 8283
5211 6131
5211 9457
5212 5651
5213 6001
5213 9419
5213 8567
5214 5244
5216 7576
5216 6833
5217 7713
5218 5371
5219 5537
5219 7331
5221 9994
5222 7313
5223 7762
5224 9063
5226 9844
5230 8081
5230 6205
5232 5532
5233 6863
5234 9711
5236 7850
5237 7865
5238 8528
5238 7438
5239 6797
5239 7694
5240 8725
5241 7337
5241 9852
5242 5247
5246 8153
5249 8285
5251 5641
5251 7861
5252 9440
5252 9244
5253 6738
5254 5575
5254 7472
5255 7676
5256 6320
5257 6415
5258 9992
5259 7831
5260 6032
5261 6744
5263 5385
5264 6447
5265 8893
5266 7321
5267 8310
5268 7358
5269 8693
5273 8392
5274 9834
5275 9364
5276 5466
5277 5425
5277 6213
5279 5763
5279 6722
5279 9251
5279 6595
5280 9554
5282 6620
5284 8124
5284 8126
5285 5377
5285 7801
5286 8137
5287 5625
5288 8494
5289 9990
5290 6867
5290 5599
5292 9546
5293 7900
5294 5314
5295 6640
5297 5482
5297 9404
5298 8655
5299 9276
5300 8910
5302 7111
5302 9791
5304 7820
5305 9363
5305 8410
5307 9601
5308 8799
5309 7424
5309 8926
5310 9497
5311 7225
5312 9732
5313 8617
5313 7977
5314 7574
5315 7186
5315 7257
5315 9335
5316 9665
5318 7270
5320 5999
5322 6229
5325 6564
5325 9925
5328 7437
5328 6018
5328 6013
5329 9458
5333 6317
5334 5447
5335 6476
5338 8883
5338 9038
5339 6485
5342 8064
5343 5605
5344 6603
5345 5934
5346 8297
5348 5691
5349 6626
5350 9361
5354 8014
5355 6251
5356 7697
5358 6275
5362 7786
5362 7024
5363 9340
5363 8036
5364 5648
5364 9640
5364 6833
5366 5529
5368 6663
5370 7228
5370 8320
5370 9238
5372 6849
5373 7352
5374 6925
5375 9691
5376 7761
5378 6291
5379 5897
5380 8536
5384 7619
5385 7136
5385 9757
5386 8157
5387 8196
5388 7102
5389 8840
5392 6806
5392 9439
5393 7408
5393 9553
5394 9342
5396 5555
5399 7577
5399 9316
5399 6975
5400 8465
5402 9249
5403 7246
5404 5849
5407 8577
5409 5948
5409 7694
5410 8776
5411 8468
5412 7538
5414 7737
5414 7961
5415 7850
5416 5727
5416 8494
5417 7213
5418 7306
5419 6442
5419 9730
5420 6526
5420 5965
5421 6374
5421 9577
5421 7531
5422 6241
5422 6784
5423 8947
5426 6905
5427 8311
5428 5766
5429 8880
5431 7207
5433 5539
5434 9802
5435 9162
5437 9279
5438 6920
5439 8451
5439 8318
5441 6309
5442 6718
5443 5468
5445 7880
5446 8770
5448 5871
5448 7797
5451 5568
5451 9328
5453 6630
5453 9091
5456 5589
5459 8254
5461 7599
5461 6219
5462 9438
5463 6709
5465 9120
5465 6338
5466 6287
5466 8583
5467 5642
5470 5794
5470 5929
5471 7432
5472 7372
5475 8874
5476 8528
5477 7783
5477 9884
5477 7625
5478 7796
5478 5750
5479 8600
5479 5488
5480 8759
5482 6455
5483 6048
5483 9269
5484 7673
5484 7859
5485 9987
5487 5830
5487 7659
5488 8948
5489 6908
5490 8364
5490 8212
5492 8214
5495 8702
5498 8428
5499 7718
5499 7702
5500 7079
5501 6204
5502 7040
5504 7617
5506 8021
5508 9411
5509 9824
5509 5571
5510 8394
5512 7641
5513 9651
5513 7117
5514 8128
5514 8193
5516 8105
5516 7580
5517 7664
5521 5655
5523 9892
5524 7113
5525 5638
5527 7566
5527 5753
5529 8632
5529 9342
5530 5566
5533 7470
5538 9694
5539 5815
5540 7171
5540 9126
5541 8514
5543 7397
5543 9138
5544 6382
5545 6583
5546 9237
5547 8832
5548 8019
5548 7565
5550 9381
5551 8546
5551 9837
5554 9504
5554 5873
5554 6202
5555 6487
5556 6833
5559 9228
5560 9300
5561 7863
5561 8374
5561 7531
5562 6055
5562 6452
5563 7277
5563 8472
5564 6262
5565 8085
5566 8440
5567 8673
5568 6970
5568 6769
5568 6660
5570 9017
5571 8135
5573 9070
5573 7545
5575 6619
5576 8879
5577 6485
5577 7416
5577 6245
5578 9321
5578 5940
5579 8909
5579 9924
5580 5966
5580 6155
5581 6376
5584 6871
5585 7026
5586 6632
5587 9011
5588 7106
5588 6071
5588 8995
5591 6133
5591 7114
5591 9205
5591 7510
5592 8431
5593 7001
5594 7273
5595 8104
5601 5623
5601 7264
5602 6789
5602 5661
5603 7338
5604 6048
5605 8175
5608 9522
5609 9558
5609 6009
5610 8814
5611 7716
5611 6218
5612 9792
5614 6005
5615 6419
5615 7964
5619 9935
5619 8039
5620 8365
5622 8649
5622 6545
5624 5717
5626 7434
5628 6765
5629 9407
5629 8793
5630 8388
5631 9225
5633 6992
5633 7785
5633 8502
5634 8818
5635 7193
5636 8376
5637 6269
5637 8058
5638 8548
5638 6004
5638 8764
5639 7753
5640 7985
5642 9648
5642 9133
5643 6929
5643 8494
5644 9277
5645 9103
5646 8822
5647 7826
5648 6647
5649 7911
5650 9216
5650 6111
5651 8429
5652 9154
5652 9322
5652 7349
5653 8638
5654 5763
5655 7157
5656 8298
5656 7003
5657 9926
5658 7585
5659 8678
5660 6124
5661 9331
5662 9841
5663 7828
5664 7637
5665 6772
5666 7984
5666 8388
5669 6260
5669 7924
5669 8468
5670 9015
5671 9333
5671 9809
5672 5709
5674 9027
5674 6065
5675 8974
5676 6095
5678 9807
5681 5938
5681 7456
5682 7067
5682 8806
5683 9086
5684 8830
5686 8749
5687 6799
5690 9487
5690 9314
5691 7013
5691 7885
5691 9971
5692 8254
5692 9865
5694 6321
5694 7597
5695 9248
5696 6383
5697 8942
5697 7468
5698 6185
5699 9671
5700 9934
5701 6445
5701 8413
5702 7462
5704 8273
5707 8277
5708 6886
5709 6227
5710 9158
5710 9329
5711 7748
5714 9073
5715 9056
5717 7535
5718 6998
5719 9992
5720 7168
5720 9936
5720 6120
5721 6208
5722 8706
5724 5773
5724 7793
5725 7314
5726 9720
5728 7848
5729 8986
5730 9496
5730 5964
5732 6308
5732 7451
5734 6753
5734 9004
5736 8476
5737 7259
5738 6132
5739 8111
5740 7350
5742 7325
5742 7497
5742 7441
5743 8309
5745 6792
5746 7862
5746 8841
5747 9420
5747 7216
5748 5833
5749 6514
5750 6140
5750 7892
5751 7324
5752 9528
5753 9173
5753 9826
5754 9142
5756 7856
5756 9953
5757 8622
5757 8457
5759 7677
5762 6693
5764 7747
5764 9358
5765 7390
5765 5997
5768 9701
5769 7303
5770 7805
5773 9515
5774 9607
5774 7101
5775 8869
5779 8958
5780 9215
5780 9063
5782 8906
5783 6479
5783 6665
5783 6763
5784 6007
5785 6934
5786 5855
5786 8352
5789 8008
5791 6666
5794 7741
5795 7922
5796 9690
5799 8735
5800 9290
5800 9263
5802 9227
5802 8346
5803 9563
5804 7975
5805 7461
5806 8691
5807 6810
5807 7369
5807 9027
5810 8228
5813 7063
5814 7101
5815 7727
5817 8219
5819 9896
5820 9224
5824 6410
5826 8296
5828 8937
5829 9578
5831 8668
5833 5853
5834 8613
5836 6326
5836 9593
5838 7050
5840 6646
5841 7254
5842 8445
5842 9300
5843 9603
5844 6387
5848 6652
5848 7805
5849 7845
5850 7057
5854 6322
5855 7955
5859 8458
5859 8540
5861 9939
5863 8382
5864 6471
5865 5868
5866 8089
5866 6607
5867 6949
5867 7618
5868 9951
5869 7011
5870 7594
5872 6620
5873 7420
5873 9476
5874 9635
5876 6154
5878 8133
5880 6506
5881 6745
5882 5908
5884 8191
5885 8929
5886 6470
5887 6703
5887 6967
5888 7161
5888 9576
5888 7774
5890 9082
5890 8965
5891 5990
5892 9690
5893 7968
5894 7685
5895 8679
5897 7854
5898 8747
5899 8408
5902 6688
5904 8444
5907 9941
5909 8827
5910 6636
5910 8729
5910 6224
5914 9581
5915 7831
5916 7899
5917 9789
5918 8524
5918 7703
5919 9828
5919 9669
5920 9860
5921 9688
5923 9640
5924 7639
5924 7809
5926 6271
5927 9806
5927 8473
5928 7714
5930 9718
5931 7131
5932 6069
5935 8102
5936 6512
5936 8955
5936 7581
5938 6161
5939 8756
5939 5981
5941 9679
5942 6997
5942 9143
5942 6167
5943 7075
5943 8937
5945 9739
5945 8565
5946 9714
5946 6601
5947 8476
5949 9458
5951 6657
5953 8354
5954 6443
5954 7894
5955 7037
5955 9231
5955 9883
5956 7889
5959 6575
5961 7674
5961 9739
5963 7917
5965 9554
5966 7128
5966 6770
5968 7265
5969 8550
5970 6963
5971 7086
5972 6760
5974 8560
5975 6914
5976 7438
5977 9012
5978 6919
5979 9074
5985 6989
5986 6229
5988 8280
5989 6548
5991 6011
5992 7200
5993 6606
5993 7455
5994 8346
5995 7171
5996 8605
5996 7226
5997 6860
6000 7554
6000 8691
6001 6424
6002 9758
6003 8030
6004 8130
6006 6797
6008 9274
6009 7887
6009 7351
6010 9800
6010 7604
6011 8578
6012 8071
6015 7281
6015 7757
6016 6946
6017 8723
6017 8818
6018 7720
6018 8958
6020 6563
6021 8469
6021 6155
6022 9471
6024 7138
6025 7619
6025 8340
6030 9963
6030 8885
6031 9356
6033 9489
6033 8395
6035 6972
6037 8041
6039 9174
6041 7372
6042 6179
6042 7375
6044 8149
6045 8861
6046 7991
6047 9912
6048 7522
6049 8258
6050 7010
6050 6665
6052 7446
6052 8325
6053 9756
6053 8582
6054 8070
6058 7791
6060 8219
6061 8192
6063 9453
6065 7756
6065 7840
6066 6479
6069 6947
6069 8677
6071 7798
6072 6715
6072 8266
6073 9550
6075 9532
6075 6717
6076 7026
6080 8492
6082 8847
6083 9373
6084 8744
6084 7029
6087 7391
6092 7989
6093 9657
6093 6733
6094 9913
6095 8035
6095 8465
6096 7909
6099 6416
6099 7912
6099 9867
6099 8530
6102 9899
6102 7224
6103 8580
6104 8601
6106 9351
6106 9108
6108 8349
6109 8376
6110 9255
6111 9187
6113 6787
6115 6622
6115 8652
6116 9849
6116 6395
6120 6991
6120 6237
6120 7123
6122 7835
6122 7773
6125 8796
6126 8386
6127 8068
6129 7230
6130 7687
6131 9894
6136 9528
6136 7069
6139 9836
6140 6956
6141 8482
6141 8261
6142 9925
6143 9312
6144 9275
6146 7290
6148 9176
6149 7449
6150 8593
6150 9357
6151 8792
6152 9794
6152 7497
6154 6909
6154 9610
6155 8847
6159 8391
6159 8777
6159 7642
6160 9317
6162 8938
6164 6802
6164 9923
6168 8389
6170 7921
6171 8257
6173 8242
6174 8193
6175 9309
6176 7315
6176 6770
6177 6950
6180 7624
6182 8335
6183 8390
6184 7410
6187 8502
6189 7926
6194 8181
6196 8786
6196 7213
6197 7531
6199 7125
6199 7384
6199 9379
6199 9900
6203 7696
6205 9801
6206 6808
6208 6487
6212 6618
6215 9049
6215 8977
6217 8789
6218 8437
6221 7068
6223 8852
6224 8688
6227 6508
6233 7401
6234 9884
6237 6522
6239 9832
6239 6575
6243 6767
6243 7243
6245 6878
6246 6283
6247 8825
6249 7517
6249 7428
6249 9046
6252 6354
6252 7917
6256 6807
6257 7439
6259 9260
6261 7506
6263 7087
6263 9773
6264 6669
6266 6893
6266 6545
6266 7964
6267 6914
6268 9348
6269 8704
6269 9046
6271 9510
6272 9124
6272 8273
6273 7936
6274 7065
6274 8823
6276 8132
6277 8545
6277 9704
6278 8905
6279 9451
6279 7029
6281 8499
6281 7636
6283 9523
6284 9021
6284 7002
6285 6415
6288 7035
6290 9573
6290 8173
6293 7436
6294 7044
6295 6779
6296 6671
6297 8382
6298 8454
6300 8976
6301 6398
6302 7920
6302 9348
6305 8911
6305 6693
6309 7405
6310 6671
6310 9981
6312 8090
6313 9023
6313 8497
6315 7916
6317 7669
6318 6726
6319 7395
6319 8843
6320 7188
6320 9805
6320 7836
6323 7298
6323 7339
6324 9842
6325 8720
6327 9736
6328 9725
6329 7354
6330 9483
6330 8451
6331 6983
6332 6429
6333 9090
6333 8682
6333 8816
6334 9574
6334 7183
6336 6594
6336 7798
6338 9401
6341 6609
6342 9395
6343 7187
6344 8223
6344 7225
6348 8278
6348 8300
6349 9716
6350 9498
6350 7878
6351 9514
6351 7107
6352 7700
6353 7781
6353 6889
6359 6954
6359 9837
6362 7185
6362 9277
6368 9221
6370 6886
6370 9734
6371 9918
6372 9084
6372 8066
6373 6883
6374 8599
6376 7960
6377 8624
6378 9547
6381 7593
6384 6728
6384 9307
6386 8268
6386 7596
6387 9938
6388 9509
6388 7419
6389 8338
6389 8798
6391 9575
6392 9478
6392 8382
6394 9989
6395 7299
6395 6478
6396 8499
6399 6417
6399 9128
6400 9405
6400 9885
6401 6755
6401 8894
6401 8959
6403 7034
6403 6645
6404 6926
6405 9252
6408 6670
6408 9833
6409 6642
6409 6521
6410 8691
6411 6937
6412 6551
6415 7716
6418 9319
6419 8997
6420 8475
6421 9228
6423 9174
6425 8815
6427 6956
6428 7362
6429 8719
6429 9685
6430 9384
6431 6549
6433 9968
6434 9555
6435 6882
6437 7957
6437 8608
6439 6577
6439 8620
6440 8606
6440 6681
6441 6990
6441 7772
6446 8496
6446 7448
6446 8071
6448 9704
6449 9163
6451 8901
6451 6534
6454 9807
6454 7993
6455 9565
6459 6553
6459 7263
6460 8619
6461 9931
6462 7539
6464 9840
6468 9561
6468 9319
6469 8419
6469 9840
6470 8896
6474 7308
6477 7202
6481 8402
6482 6843
6483 9844
6483 8682
6486 8992
6487 9348
6490 8679
6494 8269
6494 6516
6495 8310
6497 9866
6497 8643
6499 8106
6501 6968
6501 9616
6503 9125
6504 8093
6506 7707
6507 7274
6507 9270
6507 6648
6509 9732
6513 7976
6515 6772
6516 9521
6517 7734
6518 8138
6520 7200
6521 8520
6524 7045
6525 8356
6526 6963
6527 8307
6528 7368
6528 8057
6529 7753
6530 9956
6531 7362
6531 9183
6532 8274
6533 7864
6533 9081
6534 8924
6535 9045
6536 9753
6542 8107
6543 7365
6544 7162
6548 9756
6552 7546
6554 7604
6555 7003
6557 8728
6560 8101
6562 8626
6563 8740
6563 9707
6565 6818
6566 7746
6567 7529
6568 8056
6569 9050
6569 7169
6570 9808
6573 6683
6575 8446
6576 9513
6576 7176
6584 9564
6584 7369
6585 9692
6586 7367
6586 9977
6587 8303
6589 9718
6589 6659
6591 7073
6592 8273
6597 9661
6598 8772
6599 8463
6600 9218
6600 9374
6602 7829
6607 9572
6608 7051
6609 9488
6611 7297
6612 9896
6613 7816
6615 7220
6615 9419
6617 6746
6617 9819
6620 7411
6624 9625
6624 6673
6632 6811
6633 8876
6634 8861
6635 9842
6637 9888
6637 8235
6638 9318
6639 8927
6643 9538
6645 6662
6645 9408
6646 8309
6648 8315
6650 8727
6651 7772
6654 8315
6656 6756
6659 8413
6664 7984
6669 9594
6670 7772
6674 9076
6675 7182
6677 8457
6679 8722
6682 8599
6686 8352
6687 8398
6688 8620
6689 7834
6691 9904
6694 6930
6695 9059
6696 7879
6700 7100
6702 9693
6705 8455
6706 8226
6706 9194
6707 7225
6708 6901
6709 7263
6709 9601
6709 9811
6710 8270
6713 9041
6714 9872
6718 8850
6719 8562
6720 7199
6720 9167
6724 6834
6727 9403
6728 8530
6729 8908
6731 8130
6732 8132
6733 7524
6735 9189
6735 9487
6736 8469
6738 7240
6739 6959
6740 7113
6741 9707
6742 9694
6743 9096
6747 9583
6748 6981
6749 9927
6756 8163
6756 7101
6757 7668
6757 9304
6758 8103
6761 8626
6761 9721
6763 8275
6765 7023
6768 9373
6769 8260
6772 6822
6774 9314
6774 7389
6775 7140
6775 7791
6775 8117
6777 9177
6778 8445
6779 7124
6779 9479
6781 8817
6784 8216
6785 9019
6785 6886
6788 7519
6793 9729
6795 7366
6796 7158
6798 9751
6802 9815
6804 8332
6807 8946
6808 9823
6809 6909
6810 7093
6811 9915
6811 9738
6812 8636
6814 7419
6818 9417
6819 9467
6821 7764
6822 9094
6823 8435
6827 7854
6830 7051
6831 9840
6833 9250
6834 7448
6835 7490
6837 8589
6838 8105
6841 9716
6842 7987
6844 9985
6845 6996
6846 9727
6846 9081
6848 9197
6850 9861
6851 7131
6852 8466
6853 9226
6853 9584
6854 9582
6855 8948
6856 7238
6863 7294
6863 7657
6864 9759
6864 7511
6865 9376
6866 9890
6871 9624
6871 9163
6872 9761
6874 6928
6875 7914
6880 8676
6881 9055
6882 6905
6883 9167
6883 9157
6885 7937
6888 7288
6890 8197
6892 8743
6894 6928
6895 7048
6896 7457
6897 7152
6899 7791
6900 7148
6901 8090
6901 9876
6902 8695
6903 9703
6904 8718
6904 8002
6905 9758
6906 8050
6910 8192
6913 8692
6915 9343
6916 8217
6922 7945
6924 9380
6924 7454
6925 7235
6926 9362
6926 9382
6932 7504
6932 9429
6933 8203
6936 9808
6938 8405
6941 7532
6942 8246
6942 9585
6943 8850
6944 8979
6944 7147
6948 7861
6948 9541
6951 9507
6952 7989
6953 7653
6957 9513
6959 9743
6961 8037
6962 7524
6963 8587
6964 8239
6966 7848
6967 8437
6974 8935
6975 8535
6975 7369
6976 8382
6976 7235
6977 7284
6981 7303
6982 8369
6985 9780
6985 9073
6988 8167
6989 8533
6989 8131
6996 9683
6999 8024
7003 7595
7006 9974
7007 7656
7008 8303
7009 9004
7010 9752
7010 9225
7016 9433
7017 8087
7017 7789
7019 9175
7025 7434
7027 9946
7029 9942
7030 7138
7031 8265
7032 7078
7033 8457
7035 8411
7035 7896
7036 9262
7039 9427
7041 7294
7048 9222
7048 9746
7049 7215
7053 7978
7054 8880
7055 9440
7056 8227
7057 8419
7058 9158
7059 7596
7061 8772
7064 9304
7069 8052
7069 9674
7070 9383
7072 7229
7081 8450
7081 9360
7082 8060
7083 9895
7084 8900
7085 9499
7086 8053
7088 8258
7089 8365
7090 7986
7090 8613
7091 9279
7091 9777
7097 8573
7097 7282
7100 8536
7102 7303
7103 8279
7108 9220
7108 8029
7110 7614
7114 9170
7116 9210
7118 8015
7118 7426
7119 8578
7120 9627
7120 8263
7122 7837
7123 8983
7124 8347
7127 8998
7130 8373
7132 7841
7133 7346
7134 8472
7135 9251
7137 8108
7137 9706
7141 8923
7144 8172
7147 7614
7147 9318
7149 8466
7151 9394
7152 8211
7152 8317
7159 7871
7163 7382
7167 8448
7169 9087
7171 9459
7174 8350
7175 8154
7176 9533
7177 9952
7178 9943
7180 7906
7182 8389
7182 8698
7183 9596
7189 9059
7189 9885
7189 8829
7190 9492
7190 8134
7191 9299
7192 8290
7193 8745
7193 9694
7197 9708
7202 9994
7204 9327
7207 7874
7207 8408
7213 9616
7213 9875
7216 9760
7218 9154
7223 8952
7223 9149
7226 8210
7229 9796
7230 9930
7231 9042
7231 9399
7232 9320
7238 8695
7239 9118
7239 8454
7242 8134
7244 9337
7246 8000
7247 8128
7248 7620
7249 8822
7249 7495
7256 9100
7258 7725
7260 9101
7260 7441
7261 9939
7261 7301
7262 8609
7266 7928
7266 9076
7268 7602
7272 8173
7275 8592
7276 9701
7278 8571
7279 7381
7280 8434
7280 8276
7280 7895
7281 7865
7282 7559
7283 7332
7284 7447
7285 9264
7285 7913
7288 9992
7292 9137
7299 8926
7300 8960
7302 9367
7304 8616
7304 7505
7305 8765
7306 7330
7317 8631
7321 9442
7323 8330
7325 8923
7325 7584
7325 9505
7326 9266
7327 9926
7328 9479
7328 8994
7330 9688
7333 7509
7335 8506
7336 8982
7339 8374
7340 7850
7341 8860
7342 8455
7344 8828
7345 7762
7348 7969
7349 9977
7350 7374
7351 9781
7353 8369
7358 7963
7362 8846
7367 7722
7371 9044
7373 8930
7375 7440
7376 8866
7378 8415
7382 7559
7385 8890
7385 7418
7386 9330
7388 8874
7389 7536
7393 7751
7398 9156
7399 8652
7403 7656
7404 9184
7406 7542
7407 9930
7409 8978
7410 8352
7411 8914
7411 9536
7414 8872
7421 7484
7425 9591
7426 8793
7430 9207
7431 9989
7432 8884
7432 8927
7433 9518
7434 8688
7443 8086
7444 7623
7445 9457
7448 9344
7450 7662
7451 9444
7458 9521
7459 9280
7460 9912
7462 8564
7469 9669
7469 9347
7470 8248
7470 9732
7471 7908
7471 8784
7471 9969
7473 8131
7474 7581
7475 9210
7476 8110
7477 8734
7478 9478
7479 8110
7481 8863
7483 8620
7484 8694
7486 8748
7488 9189
7491 8354
7493 8493
7494 9121
7497 8532
7499 9343
7500 8432
7501 8782
7503 9192
7505 9716
7505 9895
7508 8415
7509 8954
7510 9605
7510 9423
7512 9086
7513 8292
7513 9348
7515 9148
7518 9904
7520 8456
7524 8080
7526 8818
7527 8513
7529 9371
7530 8866
7531 8585
7533 8401
7534 8050
7534 8136
7536 7958
7540 9460
7543 8173
7543 9817
7544 8117
7555 8949
7555 8195
7557 8519
7563 8439
7563 9610
7564 9924
7569 9313
7570 8332
7573 8511
7574 8568
7578 8559
7582 8951
7584 9422
7585 9630
7587 8864
7587 9261
7587 9702
7598 9814
7602 8006
7602 7702
7604 8779
7606 8757
7608 9771
7609 9186
7611 9547
7613 8168
7613 9004
7614 9334
7615 9134
7616 8653
7616 9766
7624 9499
7626 8885
7628 7999
7630 7879
7630 9483
7631 8984
7632 9533
7632 9798
7634 8229
7635 8380
7636 9402
7638 8539
7640 9944
7645 7935
7646 8800
7648 8655
7649 9259
7654 9351
7660 8729
7661 9717
7663 8261
7665 8639
7665 8793
7666 9448
7666 8033
7668 8715
7669 8677
7670 9647
7671 9490
7671 9354
7672 8328
7675 7952
7679 8157
7679 9142
7680 7977
7680 8011
7681 9444
7686 8924
7688 9578
7692 8335
7695 8152
7695 8840
7696 8754
7697 8043
7697 8675
7698 9728
7701 9285
7702 8044
7704 8287
7705 9287
7707 8961
7708 8030
7709 9426
7711 8954
7712 9156
7715 8458
7717 7967
7719 8645
7722 8934
7723 9141
7726 9072
7726 9587
7727 8939
7732 8963
7734 9881
7735 9416
7736 9516
7740 9434
7742 9435
7742 8386
7743 8570
7746 8485
7748 7751
7749 9422
7752 9047
7758 9874
7767 9481
7767 9572
7769 7780
7769 9061
7770 9247
7773 8335
7775 9979
7776 9351
7782 8031
7783 8280
7784 9181
7787 7969
7787 9922
7788 8170
7790 9819
7791 8751
7793 8294
7797 9271
7798 8780
7799 8860
7799 9155
7799 7930
7801 9025
7802 8064
7803 9832
7804 8594
7804 9056
7804 8725
7805 8234
7806 9881
7807 8486
7812 8303
7817 9116
7821 9662
7821 9929
7824 9346
7827 8244
7827 8877
7830 7885
7831 8690
7833 8231
7836 8288
7842 9048
7843 9950
7843 8263
7844 9766
7844 7944
7846 7910
7846 9863
7846 8039
7850 8273
7853 8594
7856 9384
7857 9413
7860 8812
7865 9544
7869 8819
7872 9539
7873 8693
7876 9755
7878 9112
7880 9949
7883 9625
7887 8841
7893 9425
7895 8051
7904 8586
7907 8965
7914 9006
7917 8988
7921 9526
7922 9067
7924 8644
7925 8534
7927 8845
7928 9230
7928 9571
7928 9357
7931 8370
7933 9229
7936 8507
7937 8531
7940 9707
7940 8978
7942 9316
7943 9124
7947 8469
7948 9951
7948 9357
7950 8888
7961 9909
7968 8569
7971 8159
7972 9521
7973 8968
7974 8490
7977 9980
7978 8251
7980 9129
7980 9371
7981 8320
7983 8831
7984 9141
7985 8355
7986 8938
7986 9886
7987 8613
7988 8166
7990 8858
7992 8712
7992 8967
7997 8860
7998 9464
8000 8446
8001 8854
8001 9142
8004 8727
8004 9861
8011 9107
8024 9791
8024 9245
8025 8965
8026 9529
8028 9434
8030 9563
8033 9904
8036 9641
8038 8700
8046 9837
8048 8602
8049 9851
8053 9522
8053 8928
8053 9757
8054 9571
8055 9677
8055 8857
8055 8100
8058 9879
8059 8714
8061 9501
8067 8973
8068 8494
8069 8769
8070 8982
8071 9801
8072 8685
8074 8252
8083 9302
8088 9593
8090 8307
8097 8989
8097 8909
8101 8807
8105 8440
8106 8832
8108 9560
8111 9893
8114 8625
8118 9186
8122 9745
8127 8138
8128 9051
8132 9410
8132 8734
8134 8790
8136 8717
8140 8475
8141 8870
8142 9307
8143 9889
8150 9704
8151 8368
8156 9719
8160 8745
8162 8858
8162 9088
8163 9308
8163 8641
8164 9624
8166 9399
8174 9029
8177 8849
8181 8674
8182 9214
8184 9043
8184 9994
8186 9554
8187 8811
8187 8342
8192 9929
8195 9449
8198 9501
8199 8932
8200 8703
8202 9568
8207 9975
8210 8672
8213 9990
8216 9795
8217 9500
8223 9387
8224 9172
8229 9233
8237 8563
8237 9606
8242 9796
8243 9255
8245 8944
8252 9958
8256 9150
8258 9690
8262 9296
8266 9996
8267 8662
8275 8689
8275 9033
8282 9110
8284 9206
8285 9203
8285 9911
8285 9625
8291 9295
8293 9009
8295 8756
8301 9397
8301 9484
8305 9346
8312 9016
8314 9623
8318 8753
8319 9464
8320 8771
8321 8863
8321 9011
8324 9622
8324 9659
8325 8418
8325 9770
8325 8620
8326 8883
8327 9757
8329 9391
8332 8337
8334 9507
8339 9348
8343 9454
8345 8596
8346 9485
8349 9403
8355 9063
8358 9785
8362 8400
8366 8652
8366 9172
8370 9307
8376 9660
8378 8842
8379 9140
8380 9204
8383 9195
8385 9441
8388 9323
8390 8472
8399 9408
8400 8791
8402 9766
8403 9279
8410 9647
8414 9180
8424 9902
8432 9426
8434 8516
8434 8552
8434 9583
8436 8966
8441 9379
8442 9203
8453 9591
8464 9997
8466 8772
8471 9453
8473 9737
8476 8869
8477 9638
8487 9841
8489 8695
8491 8501
8495 9102
8500 8658
8503 9199
8507 9787
8508 8759
8510 9151
8515 8995
8517 9587
8518 9200
8518 8677
8522 9739
8527 9995
8538 8567
8543 8902
8544 8567
8545 9503
8545 9548
8549 9526
8550 9834
8553 9284
8555 9413
8561 9776
8565 8789
8572 8999
8575 9733
8581 9741
8595 8672
8599 9631
8622 9482
8627 9787
8628 9288
8633 9637
8639 8792
8642 9680
8644 9665
8646 9897
8652 8690
8657 8695
8659 9168
8661 8982
8662 9597
8669 9864
8679 8912
8679 9242
8680 9797
8681 9954
8683 9901
8685 9153
8696 9577
8698 9998
8701 8801
8729 9293
8730 9610
8733 9463
8735 9614
8738 9372
8739 9919
8743 8929
8743 9687
8746 9313
8747 9132
8748 9633
8752 9668
8753 8800
8753 9161
8754 9890
8758 9848
8762 9766
8763 9535
8771 9317
8773 9689
8773 9187
8779 9705
8791 9108
8796 9405
8798 9563
8806 9871
8813 9328
8814 9783
8814 9242
8815 9874
8820 9645
8820 9728
8826 9937
8835 9637
8836 9165
8838 9513
8845 9058
8845 9352
8846 9193
8848 9963
8851 9422
8853 9076
8867 9447
8867 9182
8868 9613
8871 9847
8881 9438
8882 9635
8886 8909
8894 9527
8896 9426
8897 9416
8919 9330
8924 9510
8925 9027
8930 9631
8932 9889
8953 9580
8954 9681
8957 9352
8966 9440
8967 9804
8970 9934
8987 9230
8989 9599
8990 9245
8991 9063
8992 9347
8993 9976
8997 9065
9000 9874
9001 9327
9008 9773
9010 9708
9016 9972
9018 9176
9024 9744
9031 9256
9037 9897
9053 9152
9056 9244
9060 9551
9064 9349
9075 9389
9080 9838
9080 9595
9083 9768
9085 9921
9092 9936
9094 9355
9094 9417
9095 9166
9101 9617
9105 9164
9111 9903
9112 9331
9113 9829
9138 9345
9144 9953
9146 9163
9148 9309
9149 9974
9150 9260
9160 9649
9166 9841
9178 9820
9179 9900
9182 9808
9185 9665
9199 9517
9199 9220
9202 9397
9206 9409
9212 9454
9227 9609
9242 9661
9258 9491
9258 9413
9276 9705
9279 9310
9283 9316
9285 9378
9286 9760
9288 9496
9291 9507
9291 9539
9306 9795
9322 9480
9323 9586
9326 9969
9327 9760
9330 9520
9330 9872
9350 9602
9352 9644
9353 9655
9353 9739
9375 9769
9380 9978
9398 9996
9398 9429
9399 9999
9407 9672
9416 9870
9416 9685
9421 9751
9423 9549
9476 9900
9485 9512
9488 9493
9495 9502
9495 9849
9508 9724
9562 9915
9571 9898
9582 9636
9594 9755
9610 9772
9612 9972
9636 9849
9642 9717
9644 9722
9656 9877
9680 9988
9698 9995
9709 9763
9720 9944
9738 9946
9744 9948
9748 9981
9798 9825
9819 9858
9859 9937
9869 9961
9908 9937
