400 399
0 157
1 287
2 370
2 380
3 73
3 183
3 126
3 170
4 326
4 76
5 129
6 186
6 280
7 357
7 199
7 387
8 47
9 289
10 250
11 238
11 24
11 223
12 193
12 272
13 114
13 205
13 254
13 43
13 390
13 113
14 227
14 138
15 136
15 188
15 38
16 399
17 262
17 203
18 388
18 299
19 398
20 285
20 323
21 61
21 30
22 68
22 176
22 126
23 315
23 70
23 352
23 201
24 96
25 234
26 347
26 230
26 182
27 288
27 337
28 210
29 287
29 216
29 75
30 151
30 388
31 117
31 118
31 48
32 397
33 92
33 190
33 170
33 256
34 290
34 40
35 342
35 217
36 216
37 211
37 154
38 101
38 128
38 189
38 263
38 165
38 176
39 321
39 53
40 292
40 201
41 316
41 391
42 369
42 382
43 359
43 360
44 236
44 149
45 280
46 356
46 366
47 90
47 384
47 255
48 116
49 131
50 52
50 100
50 201
51 145
52 88
53 357
54 138
54 193
55 154
55 227
56 377
56 213
57 140
57 216
58 229
59 108
60 338
61 264
62 220
63 207
63 378
64 283
64 394
64 272
64 369
65 116
65 332
65 375
66 72
67 371
69 127
70 149
71 317
72 395
74 353
74 256
75 344
76 93
76 343
76 328
77 184
77 244
77 157
78 168
78 155
79 197
80 336
80 236
81 157
82 316
83 117
84 209
85 169
85 156
86 317
86 393
87 112
89 382
89 217
91 166
93 311
94 281
94 327
94 194
95 305
96 192
96 243
96 274
97 286
97 153
98 133
98 164
99 363
100 386
100 223
102 395
103 215
104 331
104 171
105 290
106 246
106 115
107 365
107 267
108 396
108 130
109 393
109 369
110 273
111 326
112 305
112 180
113 356
115 346
119 137
119 372
120 178
120 383
120 314
121 281
122 139
122 330
122 240
123 337
123 183
124 163
125 351
125 383
126 270
126 278
127 312
127 283
129 317
130 179
130 284
131 148
132 167
133 268
134 206
135 248
137 171
137 217
141 158
141 367
141 240
142 145
143 195
143 346
143 243
144 354
145 187
145 312
146 196
147 345
148 266
148 165
149 177
150 335
150 341
150 354
151 389
151 180
152 365
153 294
154 340
155 378
156 274
157 306
159 338
159 363
159 385
160 326
161 375
162 246
163 226
163 218
164 395
164 279
166 300
166 181
167 368
168 362
172 398
172 372
173 174
173 359
175 313
180 319
180 275
181 355
182 223
185 233
185 293
186 307
191 237
191 277
193 366
194 208
196 272
197 202
198 309
199 358
199 368
200 261
201 210
201 214
202 299
202 399
203 390
204 381
205 252
206 243
208 247
208 370
209 371
209 284
209 382
211 376
212 367
213 371
214 256
215 225
216 235
218 348
219 349
219 346
220 335
221 310
221 374
221 284
222 343
224 371
225 339
227 309
227 258
228 397
229 279
230 269
231 298
231 253
231 302
232 363
234 235
235 381
237 344
239 303
239 304
239 300
240 247
241 273
242 256
242 356
243 245
246 273
248 370
249 301
249 269
250 282
250 372
251 333
253 380
255 388
256 328
256 375
257 260
257 329
257 281
258 314
259 389
260 294
261 306
261 346
265 276
265 296
267 319
268 379
271 386
274 397
275 302
277 378
277 278
279 372
280 392
280 369
285 355
289 350
289 319
290 325
291 302
293 324
295 305
296 377
297 322
298 364
301 385
302 391
308 327
313 363
318 334
320 349
322 354
323 383
324 399
327 373
333 350
334 355
337 361
339 346
345 394
348 364
354 399
368 372
370 387
