300 299
0 74
1 236
1 81
1 6
2 92
2 202
3 235
4 206
4 40
5 237
5 58
6 181
6 163
7 17
7 115
8 227
8 104
9 232
10 213
10 289
11 152
11 42
11 180
12 89
13 85
13 19
13 285
14 201
15 131
15 268
16 179
17 253
17 117
18 214
18 276
19 193
19 207
19 155
20 94
20 296
21 221
22 107
22 199
23 35
23 226
24 47
24 200
24 233
24 273
24 252
24 259
25 171
25 198
25 242
26 132
26 240
26 244
27 84
27 140
28 259
29 168
29 299
30 56
31 147
31 51
32 272
33 62
34 212
34 205
35 276
36 41
37 138
37 234
38 233
39 211
39 137
40 112
41 216
41 44
42 255
43 134
44 245
44 275
44 161
45 278
45 280
45 166
45 80
46 210
46 62
48 204
48 133
48 150
48 284
49 104
50 171
51 153
52 117
53 189
53 194
53 153
53 156
54 246
54 268
54 94
55 158
56 258
56 270
56 78
56 227
57 289
57 280
58 182
58 114
59 165
59 241
60 188
60 107
61 140
61 164
61 153
62 128
63 102
63 92
64 124
64 154
64 290
64 240
65 104
66 91
67 72
68 96
69 264
69 223
70 177
71 208
71 284
71 283
72 189
73 256
73 81
74 230
74 106
75 103
75 130
75 282
75 285
75 87
76 209
77 191
77 244
78 175
78 137
79 277
79 246
80 127
80 175
82 96
82 197
82 108
82 295
83 109
83 265
83 241
84 167
85 113
86 107
87 183
88 206
89 202
89 194
90 236
91 284
93 141
94 254
95 192
97 232
97 116
98 111
98 185
98 224
98 297
98 216
99 225
99 296
100 228
100 108
101 203
101 127
104 244
104 161
104 265
105 289
106 211
108 209
110 174
110 290
112 172
112 152
114 272
114 187
115 259
116 144
116 178
117 178
118 243
118 206
119 294
119 237
120 121
121 229
122 129
122 223
123 198
125 283
126 134
126 259
128 229
128 213
129 149
130 162
131 259
133 205
135 148
136 173
137 160
138 199
138 238
138 263
139 270
141 175
142 277
143 185
144 288
145 247
146 205
148 222
150 242
150 279
151 262
154 269
155 239
156 295
156 224
157 252
158 173
158 268
159 298
160 298
163 259
164 187
165 250
165 248
166 296
167 169
170 177
170 233
175 219
176 182
179 220
179 291
179 261
180 249
180 283
183 289
184 243
186 268
190 205
192 279
194 286
195 260
195 228
196 227
199 235
201 274
201 234
202 257
205 231
213 226
215 218
217 242
218 230
220 234
221 232
222 268
223 299
227 251
241 299
244 261
247 299
248 287
252 292
258 267
262 281
266 299
268 293
271 296
281 290
283 299
