400 399
0 124
0 325
1 85
1 264
1 218
2 218
2 384
3 255
3 395
3 157
4 305
4 377
5 343
6 254
7 188
7 351
8 302
9 223
9 208
9 385
9 191
10 72
10 264
11 24
12 242
13 231
14 182
14 382
15 397
16 26
16 252
17 261
18 147
18 262
19 203
19 150
19 312
19 293
19 315
19 214
20 282
20 286
21 213
21 32
22 67
22 117
22 362
22 222
22 294
23 160
24 360
25 235
25 289
27 108
28 364
28 373
28 82
29 48
29 275
30 253
30 153
31 225
31 150
32 65
32 232
32 396
33 40
33 251
34 256
34 271
35 77
35 279
36 314
37 172
37 263
38 109
39 212
39 175
40 318
41 192
41 371
42 342
42 166
43 219
43 241
43 189
44 302
44 363
45 272
45 326
46 157
46 231
47 347
47 325
49 334
49 144
50 83
50 364
51 359
51 110
52 73
53 282
54 78
54 192
55 132
55 94
56 349
56 335
57 176
58 141
58 313
58 94
59 126
59 391
60 221
61 89
62 177
63 154
64 163
65 266
65 233
66 177
68 87
69 207
69 372
70 85
71 233
72 145
73 92
73 340
74 288
75 99
75 311
76 320
76 383
76 218
77 100
78 287
79 112
80 335
80 118
81 377
82 326
84 224
84 221
86 89
86 105
87 352
87 387
88 352
89 230
90 95
90 367
91 277
91 141
92 304
92 376
93 262
94 171
96 116
97 323
97 345
98 246
98 361
101 329
102 310
102 265
103 266
104 143
104 311
105 202
105 258
106 356
106 367
107 127
108 175
108 299
109 304
110 265
110 319
110 357
111 226
111 298
111 367
112 137
113 220
114 308
115 396
116 350
117 273
117 328
118 243
118 306
119 338
120 314
120 386
120 394
121 167
122 144
123 133
125 296
126 238
127 246
128 351
128 363
128 143
129 383
130 346
130 324
131 313
132 397
133 214
134 369
135 222
136 257
136 162
137 312
138 212
139 309
140 294
140 199
142 178
142 183
142 368
143 240
144 357
144 274
146 174
146 184
148 160
148 340
149 153
151 340
151 333
152 202
153 307
153 335
154 170
155 343
156 206
156 228
156 348
157 325
157 390
158 223
159 250
159 301
160 252
161 340
162 295
163 291
164 285
165 229
166 373
167 200
168 348
168 276
169 249
169 355
170 369
170 370
171 346
173 285
173 321
173 305
174 190
175 303
176 260
177 354
177 347
178 379
179 184
179 392
179 196
180 244
181 248
181 295
181 242
181 207
183 245
184 391
185 190
186 317
186 227
187 323
188 338
189 326
191 309
193 361
193 274
194 215
194 216
194 341
195 273
196 355
197 381
197 287
198 259
199 278
199 302
200 231
200 318
201 253
204 255
205 322
205 212
208 244
209 229
210 282
211 292
211 273
214 261
214 372
214 249
216 301
217 290
217 229
220 311
220 274
221 254
222 374
226 388
227 247
228 387
229 284
229 392
230 274
232 286
232 366
233 267
234 355
234 377
235 259
235 345
236 249
237 377
239 310
242 353
245 341
246 275
246 324
246 279
247 291
251 397
252 389
253 289
254 395
258 399
260 357
262 394
262 332
263 396
265 375
265 306
267 360
268 357
269 384
269 368
269 287
270 321
271 308
272 327
276 374
279 398
280 309
281 286
283 331
283 346
286 336
288 355
291 295
293 316
296 394
297 332
298 308
299 363
300 369
303 339
307 367
308 371
309 346
315 326
319 396
321 378
329 337
329 382
329 395
330 343
330 380
332 378
333 388
334 365
341 377
344 358
344 374
350 352
363 370
378 393
380 396
