1000 999
0 593
0 104
1 170
2 256
2 562
3 174
3 743
3 569
3 754
4 332
4 301
4 845
5 28
5 621
6 435
6 921
7 485
7 381
7 457
7 71
8 679
8 950
9 924
10 196
11 612
11 217
11 131
12 458
13 304
13 749
14 285
14 987
15 716
16 220
17 385
17 248
18 854
19 543
20 331
20 830
21 253
21 657
21 124
22 629
23 810
24 331
25 870
26 792
26 522
27 401
27 266
29 832
29 181
30 861
31 564
32 575
32 337
33 519
33 991
33 44
34 129
34 584
34 738
34 109
35 90
36 341
36 441
37 600
38 162
39 844
40 673
40 263
40 107
41 246
42 859
43 91
43 942
43 787
43 598
44 768
44 465
45 352
45 665
46 342
47 651
48 55
48 652
49 173
49 959
49 699
50 149
50 721
51 849
52 924
53 962
53 946
54 987
54 94
55 347
56 709
56 680
56 814
56 525
57 836
57 180
58 259
58 973
59 805
59 380
60 216
60 646
61 137
61 481
62 114
62 372
63 704
63 437
64 909
64 382
65 295
66 182
67 636
68 481
68 610
68 656
69 822
69 901
69 562
70 356
70 968
71 355
71 762
72 958
73 415
73 693
73 731
74 698
74 724
75 775
75 675
76 305
76 777
77 535
77 107
77 611
77 166
78 980
78 906
79 627
80 300
81 152
81 169
81 932
82 332
83 743
84 339
85 558
85 380
86 721
87 406
87 545
87 900
88 406
89 556
89 290
90 697
90 932
91 95
91 583
92 953
92 94
93 244
94 105
94 151
96 949
97 303
97 729
98 838
98 903
99 518
99 542
99 416
99 628
100 729
100 955
101 538
102 721
102 220
102 679
103 636
103 340
104 840
106 433
106 508
107 699
108 171
108 388
109 828
109 180
110 998
110 755
111 187
111 466
112 627
112 340
113 861
113 972
113 468
115 565
116 826
116 920
117 408
118 430
118 136
118 746
118 475
119 348
119 649
120 387
120 960
120 873
120 972
121 856
122 760
123 902
124 860
125 686
126 741
126 755
127 580
128 681
128 280
130 441
131 752
132 534
132 300
133 561
133 433
134 393
134 761
134 172
135 606
135 507
136 716
138 411
138 771
138 296
139 459
139 951
139 855
140 820
140 916
141 486
141 769
141 767
142 667
143 613
144 645
144 676
145 904
145 174
146 786
146 905
146 447
146 854
147 306
147 879
147 919
147 547
148 327
148 707
149 772
150 762
150 759
150 778
151 293
151 616
153 246
153 970
153 196
154 663
154 957
155 844
156 937
157 493
157 343
158 167
158 736
158 528
159 499
159 572
159 629
160 469
160 257
161 170
162 537
163 936
163 686
164 893
165 441
166 219
166 948
166 993
167 228
168 896
169 605
169 522
169 265
169 362
170 365
170 457
172 317
172 188
172 950
172 611
174 801
175 523
175 643
176 809
176 489
177 378
177 530
177 988
178 695
179 236
179 829
180 335
180 808
181 883
182 257
182 737
182 426
183 340
183 479
183 560
184 620
184 624
184 566
185 776
185 432
185 724
186 244
186 526
186 864
186 810
187 591
188 834
188 420
189 809
190 431
191 417
192 473
192 927
192 266
193 717
194 995
194 432
195 724
195 407
196 552
197 666
197 989
197 687
198 956
199 278
199 706
199 915
200 408
200 631
200 562
201 861
202 494
202 615
203 388
203 303
204 315
204 516
204 952
205 223
206 319
207 908
207 644
208 788
208 737
209 589
210 360
211 766
211 978
212 379
213 586
214 286
214 907
214 982
214 313
215 750
215 602
217 659
218 229
218 597
218 488
219 806
220 881
221 976
221 264
222 308
223 670
224 525
224 390
225 882
225 507
225 766
226 503
227 500
229 418
230 232
230 817
230 897
231 548
231 485
232 722
233 310
233 295
234 604
235 720
235 764
235 915
235 995
236 992
237 624
238 981
238 357
239 808
239 887
240 665
241 491
241 935
242 458
242 417
242 351
243 406
245 566
247 497
247 495
247 536
248 415
249 427
250 987
251 443
252 844
254 460
255 398
258 398
258 339
260 835
261 446
262 917
263 844
264 326
265 674
266 474
266 716
267 659
268 968
268 739
268 853
269 283
269 306
270 464
270 505
270 335
271 811
271 508
272 938
272 281
273 276
273 946
274 696
274 654
275 934
275 767
275 804
277 714
279 603
280 753
280 714
281 414
281 396
281 290
282 300
282 571
283 856
284 403
284 811
285 785
287 863
287 306
288 547
289 651
290 780
290 714
290 817
291 890
291 729
292 997
294 676
295 531
295 783
296 705
297 941
298 842
298 846
298 871
298 949
299 668
301 939
301 902
302 514
302 712
306 870
307 653
307 510
307 755
307 487
308 390
308 396
309 408
311 388
312 552
312 452
313 630
314 393
316 626
316 363
316 428
316 656
318 860
318 596
319 455
319 360
319 994
319 569
320 956
321 493
322 503
322 430
323 555
323 556
324 802
325 637
325 810
325 823
326 723
327 988
328 635
328 357
328 714
329 353
330 654
331 338
333 947
333 623
334 364
334 667
334 919
335 841
335 922
335 821
336 533
336 981
337 957
337 950
338 397
338 847
339 632
342 833
343 850
343 370
344 686
344 809
345 627
346 429
347 790
349 993
349 739
350 689
350 895
351 632
351 733
353 728
354 405
354 816
354 691
358 777
358 422
359 743
360 668
361 385
362 562
363 937
363 943
366 551
366 658
367 371
367 962
368 441
368 893
369 782
369 498
370 412
372 848
372 387
373 417
374 483
375 833
375 617
376 779
376 943
377 886
377 390
379 478
379 506
379 599
380 876
380 855
381 727
382 903
383 575
384 932
384 798
386 717
386 984
386 496
387 819
388 476
389 423
391 701
391 981
392 695
394 893
395 923
395 473
397 690
398 492
398 594
399 587
399 745
400 910
402 862
403 670
404 699
407 595
408 475
409 687
410 434
412 661
413 683
415 658
416 958
417 622
417 687
418 604
419 429
419 725
419 852
419 515
420 529
420 751
421 857
421 839
422 644
422 814
423 969
424 791
424 979
425 971
425 847
426 787
427 554
427 893
427 733
428 793
428 468
431 961
434 732
436 851
436 749
437 756
438 461
438 888
439 884
439 969
440 868
442 837
443 798
443 669
444 480
444 634
445 564
446 551
447 735
447 452
447 774
448 513
448 815
449 618
450 997
451 504
452 800
453 555
454 855
456 478
457 623
460 776
462 783
462 813
462 845
462 574
463 649
464 888
465 621
465 671
465 906
466 677
467 881
470 551
471 490
472 501
472 992
473 484
477 518
479 675
480 660
482 853
482 607
483 562
487 917
487 752
488 758
488 795
488 817
489 641
489 981
490 933
490 634
493 748
494 866
495 945
496 665
496 647
498 581
500 974
502 590
502 605
503 651
504 869
505 616
507 840
508 678
508 648
509 763
510 865
511 719
511 756
512 752
515 541
515 663
516 815
517 835
517 928
517 852
520 932
521 734
521 961
522 802
523 695
524 572
527 642
528 979
529 642
530 692
530 580
532 691
533 600
534 985
536 537
536 751
538 774
539 757
540 712
540 695
542 812
543 840
544 710
545 839
546 911
546 647
546 999
547 917
549 825
549 821
550 981
553 975
555 789
557 975
559 918
560 607
562 618
563 909
564 744
564 680
565 900
566 749
566 642
567 634
567 861
568 794
569 596
570 929
571 994
573 688
574 913
576 579
576 685
576 831
576 868
576 938
577 607
577 631
578 674
580 977
581 928
582 651
585 746
586 998
588 995
589 810
591 639
592 807
592 844
595 700
596 710
597 796
597 862
598 613
599 830
600 705
601 661
601 907
602 740
602 607
603 713
603 902
605 731
608 893
609 929
609 630
610 742
611 638
613 937
614 634
615 646
615 903
617 630
617 780
618 887
619 689
623 883
625 918
626 757
627 730
628 959
629 854
629 760
632 633
633 944
634 803
634 910
638 711
640 902
641 920
643 918
643 809
644 990
648 892
648 739
649 941
649 824
650 903
650 935
650 973
652 830
654 773
654 952
655 807
656 797
656 912
662 830
663 906
664 950
667 966
667 829
669 769
670 898
672 869
674 986
675 963
676 708
677 701
678 830
680 823
681 894
681 973
682 962
683 893
684 864
686 967
688 991
691 960
692 954
693 726
694 991
696 899
697 926
700 880
702 875
703 778
703 737
705 925
705 913
707 892
708 784
708 857
710 896
715 955
718 897
718 736
722 869
723 914
723 805
724 975
728 808
732 754
733 779
734 804
742 858
743 955
745 930
746 997
747 978
747 774
749 872
752 874
754 892
755 849
756 778
759 818
760 820
763 900
763 983
763 902
765 949
765 788
770 787
781 837
790 974
792 837
794 995
799 978
803 843
807 827
812 891
815 855
817 874
818 956
821 916
824 879
827 895
830 867
838 930
840 889
854 880
859 915
863 877
873 952
875 967
878 920
883 931
885 992
888 940
912 969
912 945
921 970
924 976
928 979
929 946
936 964
951 996
961 999
965 982
