500 499
0 107
0 15
0 462
1 76
1 60
2 481
3 135
4 438
4 310
5 53
5 350
6 94
6 47
7 456
7 421
8 478
8 75
9 397
9 304
10 430
10 171
10 215
10 389
11 138
11 337
11 277
12 31
12 56
13 151
13 295
14 176
15 271
15 225
15 476
16 323
17 225
18 219
18 287
18 72
19 301
19 315
19 253
20 129
20 487
21 316
21 81
22 88
22 286
22 371
23 156
23 464
24 205
24 171
25 76
26 490
27 237
27 335
28 452
28 391
29 332
29 155
30 308
31 44
31 446
32 240
32 458
32 403
33 128
33 246
33 197
34 476
35 52
36 49
36 284
37 199
38 364
38 411
38 309
39 444
39 362
40 206
41 227
42 219
43 467
45 231
45 461
46 270
46 392
47 343
47 425
48 354
50 74
50 302
51 169
51 252
52 337
54 389
55 134
55 292
55 221
56 384
56 419
57 259
57 155
58 393
58 355
59 239
59 262
59 270
60 284
60 307
60 187
61 194
62 69
62 85
63 320
64 275
64 363
64 368
65 101
65 238
66 165
66 325
67 190
68 174
70 496
71 86
71 308
71 456
72 423
72 133
73 468
73 250
74 226
75 376
77 236
77 300
77 226
78 326
78 338
79 416
79 182
80 248
80 428
81 173
81 104
81 491
81 103
82 84
82 369
83 448
83 487
83 288
83 315
85 379
85 499
87 220
87 396
89 199
90 284
91 252
91 428
91 207
91 379
92 361
92 368
93 342
93 465
93 474
93 291
93 139
94 189
95 295
95 299
95 451
96 223
96 261
97 357
98 404
99 416
100 260
102 480
103 462
103 248
104 455
105 390
105 210
106 154
106 214
106 111
108 362
108 427
109 191
109 464
110 475
110 229
110 380
111 202
112 220
113 117
113 478
114 256
115 352
116 209
117 359
118 276
119 420
120 162
120 256
120 412
121 419
122 470
122 257
123 349
124 195
124 275
125 467
125 409
126 415
126 398
127 144
129 387
130 459
130 480
131 308
132 165
133 312
133 229
135 286
136 327
137 298
137 140
139 319
139 483
140 289
140 436
141 244
141 163
142 414
142 421
142 354
143 222
143 415
144 205
145 417
145 432
145 490
146 399
147 335
148 212
148 406
149 484
150 299
152 310
152 196
152 166
153 416
154 429
155 188
155 471
155 344
155 267
156 265
157 459
158 324
158 472
158 432
159 462
160 492
161 353
163 266
163 398
164 225
166 422
167 498
168 426
168 398
168 308
170 395
172 213
172 342
173 185
174 404
175 188
176 489
176 257
177 216
178 490
178 204
179 303
180 463
181 454
182 465
183 469
183 377
184 314
184 351
185 431
186 451
186 325
187 480
187 379
188 327
190 422
190 210
190 269
192 320
193 329
193 336
194 323
194 477
196 345
197 209
198 339
198 447
199 237
200 348
200 221
200 325
201 436
202 260
202 215
203 297
204 269
204 402
205 494
206 392
206 457
206 445
207 485
207 209
208 283
209 346
210 460
210 264
211 275
214 334
214 418
214 318
216 375
217 404
218 228
218 401
219 412
219 439
222 366
222 395
222 454
223 285
224 233
224 374
224 242
225 303
227 315
228 481
230 259
231 360
232 331
232 257
234 254
234 287
235 400
238 477
241 454
242 495
243 401
243 372
245 288
246 325
247 359
248 333
249 276
250 394
251 296
253 311
253 485
255 281
257 292
258 344
260 405
261 392
262 352
263 273
263 329
264 409
265 336
265 496
266 276
266 381
267 338
268 278
272 408
274 309
274 402
274 481
277 474
278 488
279 476
280 299
281 429
282 494
283 358
283 474
287 413
288 373
290 379
291 482
293 356
294 330
294 378
295 473
296 321
296 315
297 365
299 436
302 417
303 450
303 396
304 404
304 391
305 362
306 399
307 477
310 354
312 488
313 375
317 440
317 425
317 413
318 400
318 338
320 493
322 481
325 497
328 381
335 407
335 475
340 412
341 422
343 375
344 435
345 463
346 419
347 370
347 421
348 484
349 446
350 392
351 402
353 357
353 364
355 413
356 415
358 367
361 445
362 493
365 449
365 380
365 446
368 371
368 436
369 386
369 460
372 382
372 492
373 483
374 388
374 408
375 443
376 420
377 396
378 444
379 466
383 481
384 437
385 463
389 470
391 393
394 427
399 430
403 441
403 445
406 480
410 425
418 420
419 434
419 479
424 469
427 490
429 495
432 486
433 462
435 498
436 447
442 494
453 475
458 464
461 482
483 492
