1000 999
0 817
0 904
1 161
1 321
2 712
2 758
3 506
3 345
3 805
4 524
4 800
4 634
5 796
6 375
6 574
7 352
7 589
8 439
9 557
9 228
10 705
10 93
10 455
11 983
11 671
12 265
12 55
13 39
13 542
14 279
14 370
15 685
16 168
16 454
16 635
17 778
18 101
19 403
20 456
20 805
20 931
21 361
22 306
22 26
22 110
23 115
23 783
24 223
24 432
25 283
25 402
25 305
26 798
27 962
27 474
28 302
28 966
29 64
30 765
30 756
30 360
31 479
32 516
32 766
32 707
32 980
32 313
33 760
33 61
34 880
34 588
35 169
36 547
37 869
37 385
38 447
39 579
39 947
39 96
39 872
40 133
41 79
41 346
41 510
41 483
42 227
43 238
43 779
44 406
44 801
44 322
45 973
45 96
46 221
46 643
47 687
48 405
48 969
48 565
49 246
50 871
50 670
50 434
51 191
51 147
52 790
52 212
53 430
53 162
54 372
55 146
56 830
56 933
57 695
58 530
58 346
59 500
60 172
60 340
60 234
61 881
62 207
63 526
63 910
64 697
65 754
65 729
66 682
67 375
68 233
69 817
70 397
70 717
71 738
71 687
72 661
72 231
73 469
74 187
75 344
75 888
76 272
76 100
76 136
77 544
77 247
77 652
78 696
78 224
78 256
80 385
80 725
81 694
82 821
82 279
83 990
83 98
84 210
84 471
85 997
86 767
87 442
87 500
88 499
89 146
90 718
90 415
91 701
91 131
92 472
93 261
94 665
94 262
94 459
95 160
95 169
95 643
95 965
97 847
97 942
97 348
98 112
99 743
99 649
100 144
101 388
101 497
102 731
103 727
104 426
104 560
104 888
104 704
105 205
105 351
106 425
107 432
107 819
107 237
108 708
109 909
110 351
110 921
110 340
111 152
111 776
111 867
112 957
112 317
113 473
113 775
114 205
116 348
116 851
117 853
118 548
119 825
119 414
120 326
120 707
121 189
121 841
121 734
122 242
122 469
122 409
123 479
124 733
125 809
125 554
126 830
127 291
127 710
127 800
128 694
128 254
128 651
129 294
129 210
130 789
131 992
131 885
132 628
132 763
132 875
132 320
133 968
134 685
134 977
134 981
134 250
135 223
136 562
137 557
138 870
138 927
139 303
139 647
140 180
141 562
141 672
142 575
142 812
142 401
142 540
143 920
144 421
145 185
145 297
146 460
147 464
147 548
148 674
148 900
148 755
149 434
149 269
150 715
151 721
153 258
154 484
154 895
155 512
155 194
155 697
156 596
156 688
156 823
156 873
157 164
158 162
158 784
159 292
163 833
163 683
164 986
164 695
165 748
165 462
166 833
167 993
167 975
169 386
169 955
170 651
171 486
171 891
171 227
172 441
172 357
172 967
173 632
173 954
173 583
174 874
175 262
176 298
177 669
177 673
177 699
178 531
179 603
179 750
179 954
180 507
180 495
181 358
181 224
182 798
183 788
184 892
184 287
185 618
186 890
186 937
186 219
186 879
187 561
188 234
188 521
190 225
190 528
191 706
192 198
193 746
193 808
193 357
194 793
195 929
196 445
196 843
197 930
197 942
198 692
198 823
199 470
199 905
199 852
199 638
199 938
200 602
200 616
201 299
202 390
203 836
203 462
203 706
204 417
204 324
204 792
205 206
206 330
206 413
207 791
207 435
208 605
208 633
209 327
210 372
211 674
212 583
212 735
213 233
214 423
214 570
215 429
215 646
216 237
217 650
217 643
218 365
219 550
219 617
219 721
219 881
219 641
220 634
221 451
221 952
222 497
223 541
224 773
225 427
226 280
226 573
226 623
227 298
228 556
228 477
228 995
228 519
229 916
230 349
230 450
230 443
230 573
231 644
231 811
231 584
232 649
232 903
233 273
233 929
233 785
235 553
235 832
235 443
236 960
236 340
237 906
237 636
238 480
238 343
239 771
239 470
240 890
241 607
241 351
243 461
243 769
244 300
245 385
246 469
247 361
247 319
248 375
249 768
249 984
250 578
251 751
251 886
252 496
253 610
254 368
255 582
255 660
256 481
257 287
258 482
259 336
260 608
260 320
261 699
262 970
263 971
264 976
266 657
266 544
267 626
267 483
267 835
268 667
269 646
269 295
270 489
270 761
270 897
271 729
274 422
274 366
274 799
275 578
275 738
276 299
277 453
277 626
278 836
279 288
280 802
281 812
282 523
282 770
284 537
284 735
285 933
286 448
286 735
287 623
287 589
287 523
288 709
289 880
290 744
290 517
290 698
291 622
292 458
292 777
292 565
293 379
295 768
296 901
297 754
298 549
298 749
299 318
299 776
300 695
300 447
301 509
301 932
301 503
301 485
302 994
304 766
305 876
305 779
306 944
307 364
307 784
308 363
308 913
309 515
310 879
311 338
312 924
313 510
314 355
315 345
316 912
316 420
316 860
317 839
317 372
319 714
319 787
320 512
321 783
322 673
323 873
323 420
324 554
325 711
326 907
326 792
327 489
328 614
328 963
329 702
331 371
331 591
331 376
332 521
332 906
333 755
333 774
334 923
335 892
336 353
336 612
337 551
337 840
338 408
339 773
340 590
341 399
341 503
342 455
342 499
343 381
345 925
345 862
346 555
346 730
347 804
347 457
348 424
350 586
350 806
352 865
352 457
353 481
354 659
354 755
355 514
355 511
356 954
357 642
358 634
358 903
359 844
360 499
362 588
362 390
365 951
366 390
366 877
367 424
368 789
369 820
370 725
370 693
373 824
373 648
374 439
374 605
376 609
377 658
377 845
377 654
378 901
379 899
379 911
379 554
380 605
381 853
382 723
382 393
383 723
384 396
384 406
385 633
387 600
387 782
389 417
391 971
392 834
392 427
393 797
394 631
395 479
397 534
398 531
399 963
400 940
401 984
403 961
404 917
407 897
407 882
408 881
409 902
410 711
410 639
411 610
411 747
411 709
412 956
412 749
414 630
414 978
414 517
415 678
416 496
416 720
418 975
418 907
419 903
420 532
425 796
425 931
425 803
428 744
431 971
431 445
433 621
433 703
433 434
434 601
434 948
435 953
435 959
435 749
436 498
436 936
437 764
438 946
440 878
444 497
444 631
445 814
445 857
446 788
446 640
447 473
449 479
449 677
449 716
452 774
452 997
452 620
457 733
458 745
459 895
460 629
460 641
463 672
463 639
465 781
466 795
466 764
466 473
467 790
468 520
468 765
469 704
470 722
470 827
471 918
471 687
471 710
472 728
472 712
474 524
475 625
476 543
477 958
478 534
482 489
483 734
484 585
485 748
487 802
488 635
488 889
488 530
490 676
490 989
491 528
491 911
492 895
492 980
493 856
494 530
495 536
495 525
497 616
498 879
499 803
499 698
500 792
501 653
501 671
501 645
502 820
502 929
504 954
505 652
505 651
507 785
508 668
509 780
511 558
511 927
512 666
513 897
514 794
514 749
515 869
518 735
518 542
519 679
519 816
519 562
522 620
525 920
525 590
527 818
527 639
527 577
528 719
528 698
529 945
531 609
531 813
532 682
533 692
535 664
535 877
538 637
538 671
539 653
540 927
542 592
543 887
545 903
546 813
547 901
547 862
548 950
548 650
552 720
552 837
552 732
554 662
554 684
558 580
559 956
560 697
561 782
563 592
563 849
564 724
564 961
564 730
565 998
565 735
566 856
566 835
567 596
568 804
569 933
569 818
570 759
571 619
572 848
572 577
574 859
574 764
576 866
576 743
577 872
581 945
582 886
584 915
584 970
586 928
587 850
587 704
591 726
592 729
593 995
594 664
595 635
597 742
598 725
599 708
603 913
604 617
605 799
606 876
611 931
612 863
612 999
613 919
613 873
615 787
619 661
620 798
624 922
624 805
625 783
627 844
631 944
636 848
637 909
638 940
639 874
640 826
640 807
641 731
641 991
642 647
645 755
647 887
648 929
649 867
651 898
653 739
654 782
655 845
656 879
658 700
660 758
660 922
661 976
663 824
666 772
667 773
668 884
668 737
670 770
673 828
675 762
678 819
680 706
681 721
682 727
683 985
683 693
683 935
685 840
686 704
689 722
690 850
691 967
696 717
700 842
701 951
702 792
708 853
711 943
713 968
713 770
715 989
716 721
726 904
732 913
734 987
735 786
736 841
737 810
737 838
739 964
740 864
740 784
741 868
741 926
742 921
743 924
747 860
747 972
750 974
752 886
753 768
755 807
756 829
757 821
759 836
762 778
767 770
769 923
769 922
775 987
776 835
777 936
778 997
779 908
779 806
781 957
782 982
782 969
783 988
784 803
793 838
794 854
794 861
797 973
804 935
806 836
810 851
811 849
813 986
815 909
819 927
821 885
822 979
826 898
831 866
832 894
835 934
835 882
839 979
843 914
843 895
844 965
846 910
846 903
852 926
855 988
858 955
864 893
876 941
877 896
878 900
883 939
883 888
897 996
901 902
915 916
917 924
918 949
938 988
938 973
939 966
945 996
946 964
965 997
982 989
