100 99
0 72
0 18
1 59
2 11
2 34
2 99
3 67
4 74
5 53
5 74
6 37
6 96
7 93
7 98
7 13
8 48
8 41
9 59
10 66
10 77
11 32
12 32
13 27
13 44
14 54
14 24
15 81
16 96
17 52
17 62
18 98
19 89
20 58
20 47
21 48
22 50
22 82
23 56
23 80
23 59
23 68
24 47
25 36
25 42
26 27
28 43
29 38
29 50
30 73
31 94
33 71
33 77
34 95
34 46
35 88
35 92
35 82
37 40
39 51
39 47
41 57
42 62
42 68
42 89
43 97
43 45
44 60
44 90
45 90
46 47
46 74
49 79
50 70
53 89
55 68
56 64
57 84
57 69
57 96
59 75
59 77
60 94
61 76
61 84
63 79
63 92
65 67
67 91
67 94
69 73
70 85
71 90
73 87
76 83
77 78
78 86
81 98
82 86
96 99
