1000 999
0 186
0 932
0 789
1 308
1 810
2 133
2 395
2 905
2 437
3 462
3 433
4 687
5 670
5 733
5 696
6 368
6 781
6 931
7 82
7 699
8 610
8 834
9 508
10 972
11 605
12 48
13 484
14 546
14 948
14 982
14 83
15 463
16 795
17 523
18 304
18 538
18 382
19 354
19 362
20 938
21 217
21 865
21 902
21 418
22 468
22 886
23 321
24 254
24 812
24 925
24 166
25 736
25 878
25 47
26 27
26 917
26 929
26 964
27 270
28 721
29 255
29 764
30 33
31 504
32 217
33 628
34 115
34 140
35 748
35 514
35 607
36 219
36 313
36 711
37 218
38 211
38 301
38 482
38 624
38 429
39 489
39 854
39 179
39 907
40 644
40 971
40 666
41 438
41 473
41 758
42 298
42 977
43 876
43 492
44 235
44 444
44 588
45 113
45 594
45 57
46 171
46 655
46 686
47 977
48 985
49 963
50 72
50 466
51 564
51 579
52 339
52 146
53 58
54 551
55 692
55 524
56 611
56 164
57 327
57 359
58 147
59 654
59 993
60 608
60 440
61 566
61 967
61 90
62 317
62 799
62 509
62 877
63 850
64 130
64 224
64 607
65 299
65 464
65 793
66 565
67 790
67 502
68 370
68 922
69 352
70 149
70 189
70 252
71 443
72 100
73 280
73 440
74 249
74 526
75 178
76 326
76 185
77 890
77 796
78 355
79 424
79 351
80 788
80 717
80 461
81 835
81 663
82 769
82 935
83 96
84 557
84 332
85 663
85 859
85 318
86 302
86 804
87 345
87 379
88 941
88 251
89 605
89 727
90 986
91 528
91 328
91 766
92 308
93 314
93 966
94 583
94 650
95 470
95 942
96 499
97 984
97 677
97 458
98 596
98 289
99 701
99 634
100 128
100 678
101 856
101 486
102 329
102 729
103 590
103 516
103 585
104 486
104 934
104 263
105 326
106 998
107 832
107 870
107 472
107 913
108 355
109 156
109 384
110 849
110 941
111 265
111 949
111 602
112 569
112 671
114 175
115 810
116 483
116 189
117 282
117 398
118 416
118 408
119 338
119 783
120 757
120 400
120 704
121 171
122 466
123 577
124 225
125 754
126 914
127 978
127 833
129 729
130 592
131 397
131 409
131 400
132 550
132 500
134 705
135 525
136 181
137 734
138 414
138 744
139 907
140 733
141 904
141 779
142 806
142 675
143 233
144 215
144 454
144 303
145 150
146 630
146 214
146 323
147 623
148 155
150 941
151 559
152 362
152 410
153 665
153 975
154 658
155 533
156 765
157 255
158 608
159 710
159 376
160 275
161 778
161 236
162 789
162 609
163 940
163 986
164 986
165 441
166 593
167 868
167 184
167 748
168 309
168 947
168 385
168 828
169 616
170 914
170 359
171 439
172 818
172 210
173 206
173 451
173 890
174 572
174 774
175 793
176 700
177 676
178 334
179 816
179 492
180 869
180 780
180 977
180 840
181 289
182 421
182 877
182 228
182 693
183 266
184 437
185 480
185 629
185 974
185 405
187 640
187 660
188 651
189 801
189 843
190 593
191 986
192 493
193 969
193 422
194 351
194 690
195 767
196 833
196 843
197 809
197 908
197 519
198 626
199 429
200 878
201 738
202 445
203 963
203 768
204 481
204 531
205 624
206 726
207 425
208 707
208 622
209 618
210 516
211 278
212 872
212 585
213 315
213 735
214 930
216 350
216 847
216 394
218 528
220 530
220 638
220 714
221 591
221 534
222 731
222 857
222 703
223 597
223 453
223 388
224 356
224 716
225 524
226 307
227 404
228 834
228 406
229 340
230 686
231 971
232 446
233 681
234 463
234 789
235 531
236 613
237 348
237 839
238 404
238 889
239 583
240 485
240 676
240 758
240 289
241 879
241 254
242 511
242 752
243 571
244 994
245 458
246 400
247 699
247 360
248 944
248 412
250 520
251 911
251 366
252 334
252 380
253 489
256 262
256 321
257 571
257 702
257 286
258 724
258 952
258 989
258 593
259 381
260 803
260 852
260 841
261 838
261 446
262 461
263 848
264 333
264 507
265 798
266 646
267 348
268 937
269 293
270 823
271 369
272 547
273 373
273 582
273 321
274 518
275 631
275 504
276 506
277 899
279 388
279 898
280 526
281 698
281 398
282 425
283 511
284 646
284 760
284 736
285 955
285 550
286 913
286 925
287 344
287 408
287 930
288 714
288 897
288 981
289 721
290 993
291 313
292 520
292 800
293 956
293 422
293 846
294 458
295 565
296 621
296 494
297 715
297 600
297 513
300 389
301 322
303 680
303 543
303 713
305 685
305 900
306 980
306 593
306 878
307 568
307 776
307 671
308 965
310 855
310 884
310 364
311 442
312 457
312 743
312 645
312 988
313 418
313 828
314 734
314 782
315 584
316 509
318 361
318 982
319 906
319 631
320 505
320 810
321 677
323 886
323 399
323 658
324 499
325 374
325 590
326 840
327 649
328 623
329 864
330 755
331 575
331 423
332 747
333 960
333 975
335 512
335 830
336 927
337 687
337 553
339 498
339 968
340 599
340 864
341 822
342 802
342 693
343 621
346 653
347 443
347 754
347 610
349 912
349 579
350 554
352 416
353 960
355 580
355 695
356 641
356 394
357 387
357 932
358 658
358 406
359 369
359 740
359 881
359 859
360 871
360 405
360 516
362 523
363 576
363 833
364 600
365 602
366 491
366 800
367 790
369 738
371 543
372 490
372 927
372 623
375 727
375 465
376 853
377 545
377 513
377 423
377 820
378 470
379 714
380 651
381 429
382 619
383 793
384 890
385 499
386 722
386 909
387 873
388 432
389 829
389 403
390 883
390 795
391 986
392 741
392 710
393 813
394 656
396 437
398 605
399 962
400 894
401 785
401 667
401 632
402 715
403 695
404 650
407 719
407 690
409 759
410 424
411 826
412 875
413 643
414 578
415 949
416 938
417 970
417 471
419 616
420 492
422 452
426 618
427 871
428 854
429 606
429 498
430 996
431 969
432 476
433 706
434 573
435 448
435 458
436 668
436 901
436 543
439 979
440 622
440 998
441 573
442 458
444 689
445 711
446 602
447 669
447 987
449 958
450 784
451 991
453 730
453 875
454 496
454 795
455 547
456 625
456 932
457 681
458 894
459 909
459 877
460 814
460 978
462 783
462 522
464 598
465 542
465 593
466 534
466 999
467 828
468 744
468 713
469 665
470 910
471 563
471 992
471 919
472 998
473 706
474 739
475 986
477 927
478 683
479 819
484 573
484 877
487 915
487 609
488 586
491 683
492 648
492 996
493 807
493 777
493 520
494 831
494 701
495 503
495 583
497 981
500 981
500 742
501 800
501 575
502 808
502 777
504 574
505 712
506 635
506 883
507 565
507 666
508 591
509 951
510 997
510 582
511 891
512 928
514 704
515 847
517 820
517 532
518 940
519 625
521 958
522 867
524 747
524 828
525 545
526 889
527 944
529 653
530 628
530 613
532 559
532 971
533 566
535 923
536 693
537 572
538 673
539 763
539 574
540 817
541 821
544 658
547 703
548 813
548 893
548 614
549 709
549 797
549 959
551 880
551 962
552 607
553 682
553 810
555 598
556 726
558 805
558 828
559 895
560 660
561 801
562 761
567 899
567 923
570 705
574 602
575 657
577 836
577 642
579 906
581 857
585 710
586 689
587 748
588 814
589 994
589 898
589 682
595 668
597 772
600 752
601 952
602 907
602 922
603 740
604 727
607 609
607 918
608 986
609 753
612 653
614 774
614 888
614 780
615 877
616 959
616 639
617 771
617 818
618 857
619 902
620 630
621 796
623 972
623 742
625 920
626 877
627 710
632 775
633 931
633 726
634 800
635 950
636 786
636 960
637 680
638 794
639 716
640 882
642 751
642 743
643 924
644 933
645 721
647 953
647 972
648 804
649 767
650 896
651 892
651 937
652 793
653 903
654 874
655 694
658 661
659 895
660 666
660 757
662 790
664 750
664 757
666 723
667 922
669 841
671 994
672 769
674 693
675 700
677 860
678 918
679 789
680 720
683 755
684 696
685 825
686 812
688 749
690 767
691 904
692 885
693 735
694 703
694 695
695 711
696 918
697 898
700 957
700 880
705 878
708 939
710 943
717 863
718 874
719 942
719 973
722 811
724 844
725 879
727 837
728 777
729 779
732 865
735 773
735 815
736 936
737 803
739 980
743 770
745 754
746 757
749 900
749 759
752 764
753 937
755 756
759 842
761 926
761 924
762 809
764 887
766 819
766 775
766 977
768 915
779 974
780 848
784 952
787 964
791 795
792 918
793 979
799 945
806 916
808 990
815 875
817 962
821 866
822 969
824 903
824 958
826 932
827 957
830 954
830 897
838 923
839 957
845 944
846 864
850 895
851 970
853 930
854 964
858 988
858 957
861 890
862 908
866 991
882 921
906 987
918 995
919 990
924 942
939 987
941 993
946 957
952 983
958 973
960 961
966 997
976 977
977 985
