300 299
0 218
0 170
1 181
1 236
1 125
2 182
2 197
2 28
3 80
3 74
4 236
5 205
5 295
6 194
6 157
7 66
7 284
8 97
8 174
8 176
9 38
9 103
10 28
10 42
11 137
11 229
11 139
12 15
12 89
13 269
14 122
14 70
15 151
15 152
16 296
17 213
17 279
17 286
17 171
18 149
18 168
18 194
19 239
20 59
20 53
21 259
21 47
21 64
22 198
22 166
22 172
23 143
23 296
24 130
25 48
25 227
25 189
26 98
26 142
26 180
27 45
27 184
28 117
28 288
29 192
30 108
31 106
31 231
31 175
32 55
33 173
34 292
35 49
35 285
35 142
36 46
37 158
37 270
37 280
39 169
40 230
40 45
41 79
41 188
41 258
42 243
42 281
43 118
44 203
46 150
47 238
47 276
47 212
50 166
51 229
52 157
53 239
53 84
54 191
55 118
55 178
56 68
57 191
57 64
57 163
58 249
59 60
59 139
61 97
62 246
62 281
62 269
63 189
64 265
65 273
66 202
67 83
68 191
69 187
70 185
71 171
72 255
72 162
73 227
74 187
74 253
74 210
75 199
75 295
75 245
75 299
76 93
77 210
77 116
78 268
81 239
82 254
83 93
84 265
85 244
86 230
87 237
87 178
87 183
88 282
89 167
89 296
90 95
90 293
91 232
91 198
92 201
93 130
93 226
93 119
94 171
94 261
96 180
96 212
97 280
98 207
99 277
100 231
101 140
102 269
103 257
103 275
104 141
105 173
105 135
107 242
108 268
108 234
109 177
110 175
110 111
111 266
112 136
113 293
113 258
113 247
114 173
115 183
116 282
116 156
119 178
120 160
120 123
121 284
121 294
122 277
122 287
122 244
123 138
124 285
125 135
126 132
127 155
127 296
128 291
128 166
129 237
131 274
132 269
132 154
133 192
133 293
134 168
135 268
136 297
136 211
136 176
137 147
138 198
139 298
140 233
140 178
141 214
144 200
144 245
145 185
146 164
146 243
148 201
148 189
150 220
150 271
150 244
153 201
154 168
155 203
156 250
157 203
159 243
161 260
161 171
162 238
163 173
165 236
169 289
169 254
170 185
171 248
172 260
173 193
173 235
174 195
174 272
176 200
177 252
178 267
179 282
180 219
183 294
183 228
184 248
185 266
185 234
185 258
186 264
186 228
186 243
189 263
189 248
190 245
192 256
196 212
197 221
202 273
204 206
204 244
208 287
209 252
209 227
211 296
212 262
212 283
214 262
215 288
216 279
217 223
217 253
222 250
224 286
225 296
240 260
241 254
242 284
246 274
247 269
249 251
250 291
251 268
253 275
254 260
261 272
271 290
271 292
278 287
