500 499
0 279
0 402
1 282
1 409
1 334
2 304
2 197
2 487
3 114
3 74
4 408
5 331
5 295
6 456
6 421
7 450
7 284
8 336
8 340
8 430
9 46
9 103
10 477
10 448
11 137
11 381
11 139
12 15
12 89
13 236
14 431
14 70
15 273
15 274
16 486
17 344
17 462
17 471
17 325
18 270
18 168
18 303
19 269
20 320
20 393
21 275
21 47
21 64
22 382
22 311
22 172
23 214
23 296
24 296
25 63
25 425
25 308
26 337
26 376
26 180
27 388
27 184
28 226
28 355
28 475
28 406
29 239
30 130
31 206
31 396
31 491
32 325
33 387
34 357
35 69
35 294
35 142
36 192
37 278
37 443
37 280
38 108
39 410
40 384
40 425
41 109
41 312
41 318
42 389
42 379
42 281
43 55
44 173
45 386
45 369
46 52
47 238
47 455
47 212
48 408
49 292
50 377
51 405
53 413
53 420
53 84
54 169
55 229
55 461
56 118
57 316
57 64
57 163
58 203
59 82
59 139
59 456
60 411
61 150
62 246
62 281
62 269
64 265
65 470
66 202
66 303
67 387
68 81
68 249
70 317
71 166
72 429
72 448
73 229
74 309
74 454
74 414
75 329
75 494
75 245
75 79
76 319
77 210
77 116
78 157
79 240
80 191
83 100
83 191
84 341
85 432
86 455
87 411
87 178
87 183
88 97
89 236
89 296
90 160
90 331
91 402
91 446
92 189
93 106
93 131
93 237
93 318
93 343
94 171
94 261
95 273
96 418
96 444
97 465
97 336
98 333
98 355
99 471
101 187
102 171
103 293
103 275
104 227
105 430
105 135
107 268
108 391
108 415
110 400
110 111
111 325
112 310
113 491
113 258
113 247
115 392
116 466
116 156
117 432
118 455
119 373
119 178
120 289
120 123
121 380
121 421
122 457
122 474
122 244
122 392
123 358
124 239
125 334
125 135
126 482
127 448
127 296
128 484
128 479
129 254
130 369
132 235
132 399
132 460
133 192
133 442
134 451
135 268
136 177
136 375
136 211
136 445
137 267
138 290
138 312
139 496
140 182
140 407
140 178
141 193
141 331
142 376
143 395
144 349
144 383
145 307
146 298
146 243
147 461
148 330
148 189
149 244
150 353
150 325
150 244
151 339
152 484
153 230
154 473
154 168
155 324
155 448
156 250
157 421
157 203
158 282
159 201
161 486
161 171
162 432
162 238
163 391
164 293
165 277
166 479
166 311
167 447
168 255
169 482
169 254
170 347
170 371
171 248
171 472
172 260
173 223
173 319
173 408
173 498
173 485
174 321
174 488
174 340
175 398
175 468
176 489
176 445
176 461
177 220
178 230
178 441
179 231
180 352
180 418
181 386
183 224
183 492
183 228
184 408
185 264
185 351
185 440
185 317
185 343
185 258
186 438
186 493
186 464
187 269
188 443
189 350
189 437
189 248
190 376
191 485
192 433
194 303
194 456
195 346
196 429
197 354
198 292
198 404
198 478
199 312
200 461
200 349
201 277
201 310
202 326
203 481
204 332
204 244
205 308
207 240
207 233
208 431
209 424
209 227
210 414
211 365
212 322
212 436
212 291
212 444
213 483
214 263
215 242
216 431
217 364
217 388
218 453
219 401
221 485
222 398
225 360
227 306
228 266
228 385
231 362
232 285
233 368
234 415
234 449
236 299
237 241
239 310
242 274
243 285
243 464
243 379
245 315
245 300
246 359
247 269
248 390
249 454
250 363
250 291
251 422
251 349
252 302
252 282
253 370
253 451
253 300
254 417
254 260
256 461
257 432
258 313
259 357
260 416
260 456
261 377
262 346
262 288
265 412
266 401
266 368
268 423
268 391
269 399
271 483
271 490
271 325
272 487
272 374
276 332
279 288
280 426
283 358
284 387
284 359
286 371
286 296
287 338
287 459
287 397
293 434
294 470
295 328
296 478
297 463
300 356
301 306
301 475
305 468
306 447
307 435
307 450
308 342
308 375
310 333
314 386
318 360
318 367
318 372
320 497
323 361
324 374
324 481
326 446
327 403
327 365
328 429
335 366
339 380
340 469
341 458
342 476
343 449
345 385
345 499
348 453
348 389
350 427
356 383
357 395
357 392
358 367
361 482
362 480
366 419
369 394
369 487
375 495
377 391
378 393
378 439
380 467
382 405
385 463
387 419
389 480
392 431
397 410
403 478
406 463
410 474
412 458
420 439
426 494
428 462
430 485
442 491
451 452
460 473
468 469
