1000 999
0 438
0 375
1 446
1 805
2 365
2 347
2 668
3 816
4 376
4 458
4 976
4 102
5 324
5 410
5 251
6 472
7 138
7 149
8 972
9 539
10 592
11 414
11 590
12 820
12 996
12 983
13 479
14 261
15 633
15 569
16 751
16 687
16 527
17 665
17 261
17 863
18 60
18 863
18 737
19 650
20 382
20 211
21 711
21 896
22 774
23 275
23 484
23 279
24 714
25 30
25 761
25 756
26 530
26 622
26 522
27 384
28 763
28 919
28 937
29 217
30 307
30 311
31 820
32 110
33 347
34 657
34 195
35 441
35 696
35 650
36 337
36 666
36 891
37 306
37 193
37 827
38 883
38 535
38 95
39 66
39 417
40 790
40 787
41 817
42 50
42 490
43 586
43 694
43 128
44 727
44 344
45 528
45 281
46 299
46 812
46 430
47 392
47 703
48 584
49 857
49 219
50 77
50 560
50 903
51 755
52 437
52 232
52 450
53 682
53 361
54 276
54 772
55 493
55 268
55 115
56 701
56 812
57 258
57 461
57 942
57 789
57 932
58 810
59 93
61 207
62 230
62 862
63 509
63 983
64 338
65 139
65 836
65 403
65 695
66 565
67 989
67 825
68 352
68 324
69 237
70 83
70 332
71 589
71 285
72 407
73 822
74 318
74 364
74 966
75 616
75 561
76 301
78 941
79 774
80 918
80 578
81 279
81 851
82 135
82 381
82 637
84 717
84 774
84 660
84 420
84 171
85 458
86 638
87 368
87 765
88 314
89 239
89 742
90 721
90 662
90 551
91 485
91 738
92 678
92 285
93 196
93 521
93 907
94 577
94 647
94 424
94 886
94 241
95 214
96 383
97 136
98 894
98 438
99 260
99 731
100 892
100 557
101 499
102 419
102 197
103 174
103 525
104 119
105 865
106 175
106 793
106 735
106 460
107 865
107 670
108 911
109 195
110 378
111 259
111 443
111 151
111 146
112 547
113 947
113 250
114 391
114 129
114 326
115 618
116 618
116 495
117 943
118 278
118 912
119 166
120 382
121 374
122 695
122 208
123 343
124 422
124 664
125 492
125 562
125 470
125 601
126 454
127 186
128 977
128 352
129 798
130 765
130 704
131 537
132 630
132 606
133 490
133 460
133 839
134 908
134 771
136 656
136 952
136 759
137 620
139 340
140 624
140 609
141 767
141 634
142 785
143 865
144 568
144 507
144 415
145 911
146 496
146 273
147 478
148 380
148 667
149 645
149 828
150 407
150 491
150 159
151 778
151 250
152 969
152 891
153 964
154 508
155 421
155 232
156 738
157 186
158 903
159 480
160 455
160 855
161 847
161 932
161 309
162 791
163 614
164 923
165 488
166 678
167 969
168 794
168 921
168 733
169 853
169 755
169 899
170 461
171 873
171 571
172 565
173 403
174 356
174 816
175 271
176 909
176 573
177 180
178 314
178 665
179 359
179 593
180 720
180 212
181 939
181 612
182 814
182 857
183 514
183 914
183 558
184 808
184 547
185 362
185 515
186 662
187 280
187 481
187 687
188 342
188 523
189 587
190 555
191 894
192 463
193 688
193 891
194 390
194 869
195 988
195 250
196 433
196 979
197 781
198 959
198 870
198 851
199 772
200 281
201 371
201 588
202 539
203 417
203 409
204 887
205 753
206 971
207 582
207 251
207 496
208 714
209 983
209 635
210 802
210 270
211 420
212 866
213 283
214 425
214 660
215 924
215 934
216 783
216 831
217 662
218 693
219 994
219 602
220 512
220 222
221 858
222 651
223 624
224 653
224 753
225 804
225 660
226 370
226 366
227 517
227 494
228 948
228 408
229 617
231 967
232 929
232 997
233 667
233 875
233 261
234 485
235 935
235 480
236 525
236 812
237 863
238 906
239 482
239 310
240 623
240 718
241 327
241 954
242 985
242 332
242 284
243 675
243 843
244 649
244 698
244 488
244 885
244 489
244 870
245 802
246 334
246 716
247 354
248 272
249 970
250 536
252 797
253 346
254 366
255 831
255 593
256 724
256 959
257 721
260 288
262 923
263 356
264 725
265 272
265 799
265 920
266 385
266 862
266 703
267 570
268 573
269 680
269 739
270 537
271 540
273 750
273 834
273 298
273 489
274 621
275 305
276 335
276 605
277 475
278 785
281 854
281 463
282 548
283 819
283 836
284 529
285 946
286 468
286 538
287 908
288 699
288 373
289 337
290 922
291 865
292 354
292 486
293 715
294 394
294 429
295 429
296 851
296 309
296 521
297 411
297 737
297 426
298 733
300 453
300 395
301 650
301 488
302 592
303 371
304 897
304 569
304 867
308 817
308 337
309 950
309 608
310 648
310 659
310 466
312 956
312 976
313 668
313 500
315 824
315 406
316 403
317 620
319 717
320 487
321 601
321 951
322 730
322 987
322 991
323 781
323 893
325 575
325 829
325 986
326 783
328 805
328 596
328 419
329 949
329 933
330 548
330 403
331 669
331 678
332 990
333 725
333 557
333 721
336 624
338 719
338 508
339 396
340 399
341 448
341 743
342 736
343 599
343 697
343 772
343 548
344 521
345 951
345 425
346 393
346 800
346 971
347 534
348 406
348 592
349 397
349 747
349 680
350 927
351 510
351 409
351 775
352 754
353 838
353 923
355 612
355 954
355 863
356 483
356 611
357 531
357 418
357 372
358 472
360 504
361 452
361 960
361 691
362 860
363 565
364 615
366 613
366 456
367 775
367 404
368 858
369 498
369 817
370 451
370 634
371 610
371 686
371 709
372 604
372 456
372 937
373 384
374 590
374 468
375 621
375 855
377 936
378 412
378 567
378 924
379 597
379 739
379 571
379 852
382 602
383 517
384 992
385 579
386 866
386 781
387 773
388 490
389 607
389 913
390 404
392 895
394 527
395 746
395 937
396 518
396 957
398 425
399 936
400 840
400 699
401 972
401 891
402 508
402 689
404 628
404 704
405 723
406 876
406 542
408 638
409 431
410 714
413 522
413 563
415 845
415 784
415 998
415 420
416 656
418 880
419 556
420 856
421 646
422 833
422 911
423 563
423 958
424 594
424 583
424 693
426 871
426 569
427 430
427 965
428 859
429 879
429 692
432 488
434 711
435 471
435 776
436 733
439 575
440 760
442 524
443 663
444 576
445 559
447 823
447 585
449 749
449 976
450 595
454 559
454 612
455 934
457 532
457 771
459 974
462 734
463 900
464 637
465 965
466 846
466 927
466 968
466 731
467 960
468 803
468 907
469 501
470 497
472 839
473 637
474 768
474 496
475 506
476 573
477 576
477 743
477 779
478 593
479 637
480 943
486 770
486 759
487 619
487 709
491 844
492 637
494 539
495 558
495 870
497 499
497 598
497 779
500 835
500 508
501 739
502 975
503 553
503 699
504 635
504 627
505 715
506 784
507 642
507 827
508 549
511 936
513 533
515 804
516 892
517 813
519 713
519 732
520 546
520 722
520 809
520 542
522 595
523 764
523 900
524 765
526 902
526 720
527 671
529 766
530 797
530 889
532 849
533 782
533 538
533 922
535 905
537 555
537 783
538 777
538 881
539 799
541 941
541 704
543 723
543 757
543 650
544 741
544 748
545 872
545 653
547 952
550 775
551 584
551 658
552 569
554 930
554 709
557 938
558 762
561 852
562 776
564 616
565 945
566 701
570 897
571 878
571 869
572 943
572 784
574 651
574 794
578 950
580 884
581 587
583 672
585 936
587 614
588 743
589 679
590 973
591 900
592 784
593 957
595 658
596 971
600 643
600 697
601 843
603 632
603 950
605 766
606 931
606 714
607 818
608 961
609 871
612 631
612 928
614 982
615 707
617 684
617 750
619 715
620 989
621 744
622 962
623 726
623 926
624 940
624 981
625 888
625 755
626 652
627 673
629 975
629 702
636 719
638 930
639 887
639 669
640 786
640 978
640 666
641 903
644 778
648 745
648 828
652 821
654 948
655 806
655 731
656 898
656 912
658 864
659 884
660 689
661 673
662 748
662 984
663 957
664 744
670 734
671 966
673 990
674 760
676 939
677 680
680 915
680 861
681 752
683 795
683 917
684 710
685 836
686 811
687 852
690 889
691 850
691 835
692 771
692 708
700 773
700 744
702 782
703 720
705 926
706 770
707 734
708 982
712 779
713 842
713 923
715 896
716 732
716 976
718 982
718 735
728 912
729 958
729 949
737 848
738 754
740 783
742 788
746 900
748 901
749 899
750 780
752 861
753 823
756 787
756 814
758 785
759 773
760 863
761 965
762 904
764 967
766 841
768 946
769 928
771 944
788 819
789 920
789 855
791 878
792 841
796 825
801 860
805 925
806 832
807 898
808 916
809 906
810 839
810 999
814 867
815 947
816 910
821 842
822 890
822 957
825 829
826 963
830 896
837 891
839 970
847 964
859 991
859 948
861 917
868 993
874 898
877 942
881 993
882 972
884 974
890 893
896 922
911 953
913 966
933 934
935 955
937 990
942 980
960 963
986 992
995 996
