400 399
0 74
1 318
1 350
1 349
2 92
2 308
3 235
4 206
4 334
5 355
5 58
6 233
6 351
6 360
7 17
7 115
8 232
9 394
10 213
10 289
11 332
11 42
11 354
12 89
13 85
13 19
13 285
14 361
15 131
15 309
16 201
17 227
17 117
18 298
18 276
19 271
19 286
19 155
20 94
20 296
21 374
22 107
22 199
23 35
23 226
24 52
24 278
24 313
24 370
24 252
24 343
25 222
25 275
25 242
26 159
26 323
26 377
27 84
27 385
28 179
29 210
29 346
30 221
31 192
31 51
32 259
33 56
34 293
34 352
35 375
36 272
37 138
37 320
38 62
39 211
39 306
40 326
40 112
41 43
41 216
41 44
42 345
44 334
44 374
44 161
45 380
45 280
45 166
45 80
46 292
46 62
47 377
48 282
48 311
48 382
48 284
49 233
50 134
51 153
53 260
53 373
53 153
53 156
54 246
54 396
54 352
55 337
56 258
56 368
56 296
57 389
57 280
58 250
58 114
59 165
59 344
60 254
60 368
61 219
61 164
61 321
62 128
63 125
63 92
64 147
64 154
64 390
64 240
65 331
66 104
67 171
68 117
69 361
69 223
70 158
71 287
71 383
71 388
72 90
72 96
73 348
73 81
74 310
74 106
75 134
75 130
75 290
75 299
75 87
76 393
77 265
77 316
78 316
78 98
79 376
79 246
80 127
80 175
81 356
82 120
82 274
82 108
82 307
83 139
83 98
84 167
85 141
86 104
87 183
88 91
89 202
89 194
91 177
93 189
94 342
94 352
95 320
96 209
97 312
97 116
98 243
98 317
98 364
99 303
99 310
100 228
100 108
101 279
101 127
102 107
103 206
104 244
104 309
104 160
105 236
106 211
107 256
108 288
109 284
110 236
110 333
111 141
112 229
112 152
113 192
114 315
114 187
115 259
116 144
116 378
117 178
118 325
118 206
119 362
119 237
121 143
121 229
122 129
122 361
123 332
124 326
126 168
126 367
128 308
128 213
129 197
130 209
131 301
132 202
133 205
133 363
135 396
136 289
137 306
137 205
138 199
138 319
138 281
140 215
140 361
142 340
144 241
145 326
146 198
148 176
148 353
149 319
150 285
150 381
150 320
151 283
152 329
153 321
154 333
155 322
156 397
156 356
157 387
158 231
158 268
160 399
161 309
162 311
163 353
163 259
164 187
165 337
165 248
166 398
167 214
169 316
170 182
170 233
171 396
172 259
173 181
173 270
174 365
175 186
175 230
175 305
177 302
178 388
179 372
179 391
179 261
180 336
180 347
180 283
182 247
183 377
184 349
185 189
185 247
188 277
190 205
191 389
193 333
194 289
194 366
195 357
195 372
196 222
198 365
199 314
200 223
201 371
201 234
202 354
203 392
204 262
205 262
205 297
207 252
208 298
212 299
213 226
216 364
217 356
218 276
218 242
220 234
220 362
221 367
223 299
224 356
224 317
225 304
227 273
227 339
228 358
230 242
232 302
232 268
234 359
235 318
237 355
238 383
239 372
240 323
241 344
243 251
244 269
244 377
244 261
245 290
248 330
249 353
252 393
253 268
255 304
257 371
258 365
259 343
259 301
263 347
264 365
266 337
267 329
268 394
268 395
268 392
270 279
272 358
277 386
281 295
283 384
283 299
284 290
289 385
291 328
294 375
295 307
296 304
296 362
299 335
299 363
300 356
305 392
315 369
316 346
316 331
320 329
320 344
324 360
324 382
327 329
328 371
330 386
331 392
333 367
338 344
340 372
341 394
349 376
352 379
366 373
378 393
387 399
