400 399
0 90
0 15
0 103
1 67
1 60
2 135
3 176
4 335
4 310
5 48
5 350
6 94
6 47
7 356
7 142
8 381
8 75
9 316
9 304
10 331
10 171
10 215
10 390
10 386
11 121
11 284
11 277
12 31
12 56
13 132
13 295
14 323
15 217
15 225
15 377
16 225
17 76
18 219
18 287
18 72
19 247
19 315
19 253
20 129
20 374
21 256
21 81
22 76
22 238
22 371
23 156
23 32
24 205
24 171
25 308
26 52
27 177
27 335
28 349
28 391
29 279
29 155
30 199
31 41
31 365
32 180
32 361
33 112
33 246
33 197
34 206
35 227
36 43
36 284
37 219
38 294
38 242
38 309
39 317
39 362
40 386
40 189
42 354
44 337
45 231
45 64
46 270
46 392
47 341
47 317
49 389
50 74
50 302
51 144
51 252
52 194
53 320
54 190
55 116
55 292
55 221
56 334
56 346
57 213
57 155
58 351
58 355
59 179
59 262
59 270
60 235
60 307
60 187
61 174
62 63
62 85
64 230
64 368
65 89
65 238
66 138
66 325
68 82
69 369
70 71
71 308
71 104
72 329
72 133
73 364
73 250
74 226
75 376
77 175
77 140
77 226
78 268
78 338
79 328
79 182
80 248
80 91
81 173
81 104
81 388
81 103
82 199
83 342
83 145
83 288
83 315
84 284
85 379
85 390
86 357
87 169
87 396
88 260
91 201
91 207
91 379
92 361
92 368
93 198
93 359
93 374
93 291
93 139
94 151
95 295
95 299
95 186
96 223
96 261
97 220
98 256
99 352
100 209
101 276
102 349
103 248
105 311
105 210
106 154
106 214
106 111
107 144
108 362
108 178
109 153
109 320
110 375
110 229
110 380
111 202
113 117
113 231
114 308
115 165
117 293
118 286
119 327
120 135
120 212
120 344
122 389
122 257
123 205
124 157
124 275
125 363
125 264
126 143
126 398
127 399
128 335
129 306
130 206
130 210
131 299
133 312
133 229
134 353
136 225
137 245
137 140
139 258
139 348
140 239
141 181
141 163
142 327
142 354
143 222
145 182
145 384
146 395
147 188
148 164
148 172
149 216
150 303
152 310
152 196
152 166
154 393
155 188
155 370
155 344
155 267
156 265
158 194
158 371
158 295
159 237
160 297
161 283
162 275
163 266
163 398
165 342
166 190
167 375
168 330
168 355
168 308
170 315
172 259
173 185
174 224
176 387
176 257
178 204
183 366
183 377
184 255
184 351
185 332
186 325
187 382
187 379
188 271
189 318
190 210
190 269
191 288
192 359
193 273
193 336
194 263
195 276
196 345
197 209
198 277
199 296
200 348
200 221
200 325
202 260
202 215
203 234
204 269
204 274
205 392
206 313
206 357
207 253
207 209
208 287
209 346
210 264
211 281
214 281
214 376
214 397
216 278
218 228
218 243
219 326
219 336
220 263
222 296
222 314
222 353
223 236
224 324
224 242
225 303
227 329
228 274
232 278
232 257
233 266
234 299
237 392
240 379
241 356
243 372
244 365
246 325
248 280
249 362
250 394
251 399
252 253
254 375
257 292
259 296
260 321
261 315
262 286
265 282
265 394
266 301
267 338
272 381
274 309
275 294
276 378
283 298
283 347
285 392
287 352
288 373
289 353
290 364
291 383
297 358
299 368
300 368
302 372
303 347
303 369
304 320
304 391
305 369
307 378
310 354
312 385
317 337
318 319
318 338
318 399
322 335
323 374
325 395
333 384
339 375
340 343
343 365
344 396
345 358
350 393
360 379
362 391
365 380
367 396
372 373
389 398
