300 299
0 100
0 296
1 50
1 208
1 218
2 218
2 269
3 159
3 295
3 157
4 173
4 245
5 254
6 24
7 188
7 175
8 242
9 167
9 190
9 288
9 191
10 72
10 264
11 231
12 261
13 135
13 298
13 152
14 133
14 190
15 160
16 17
16 252
18 113
18 262
19 149
19 150
19 240
19 248
19 82
19 214
20 221
20 286
21 163
21 32
22 63
22 117
22 278
22 222
22 294
23 108
24 109
25 235
25 289
26 29
27 275
28 280
28 283
28 82
29 73
30 253
30 153
31 176
31 150
32 65
32 232
32 170
33 40
33 251
34 202
34 271
35 77
35 279
36 282
37 127
37 263
38 176
39 212
39 175
40 200
41 192
41 298
42 270
42 166
43 165
43 185
43 189
44 199
44 128
45 261
45 117
46 157
46 231
47 177
47 157
48 221
49 281
49 144
50 71
51 106
51 110
52 89
53 247
53 114
54 78
54 192
55 132
55 94
56 272
56 128
57 177
58 141
58 241
58 94
59 126
59 143
60 154
61 163
62 177
64 87
65 209
65 233
66 85
67 233
68 288
69 207
69 177
70 112
72 112
73 92
73 178
74 262
75 83
75 77
76 257
76 286
76 218
78 287
79 90
80 153
80 118
81 116
84 172
84 221
85 266
86 89
86 105
87 273
87 242
88 127
89 230
90 137
91 213
91 141
92 238
92 284
93 220
94 171
95 167
96 144
97 260
97 272
98 246
98 193
99 133
101 246
102 239
102 265
103 214
104 143
104 220
105 147
105 258
106 275
107 222
108 175
108 299
109 212
110 265
110 251
110 144
111 226
111 294
111 153
114 299
115 153
116 202
117 236
118 187
118 265
119 170
120 243
120 191
120 228
121 223
122 291
123 285
124 229
125 200
126 182
128 143
129 260
130 171
130 246
131 244
132 296
134 174
135 258
136 203
136 162
137 146
138 184
139 273
140 289
140 199
142 178
142 183
142 269
144 274
145 259
146 253
148 160
148 151
151 226
152 194
154 255
155 156
156 228
156 168
157 291
158 229
159 198
160 252
161 282
162 295
164 194
166 235
168 276
169 249
169 265
170 214
173 224
173 262
174 254
179 184
179 293
179 196
180 249
181 195
181 256
181 242
181 207
183 245
184 292
186 250
186 227
188 268
189 208
193 274
194 216
194 201
196 234
197 285
197 287
199 215
200 231
201 247
204 235
205 259
205 212
206 214
210 246
211 229
211 273
214 249
216 237
217 225
217 229
219 286
220 274
222 276
223 229
227 247
230 274
232 266
232 282
233 267
234 262
244 293
246 279
252 290
253 271
254 291
255 295
263 283
264 286
267 277
269 287
279 297
