80 577
0 8
0 11
0 27
0 28
0 38
0 40
0 48
0 49
0 54
0 57
1 5
1 9
1 13
1 17
1 20
1 22
1 23
1 24
1 25
1 30
1 31
1 33
1 37
1 43
1 46
1 51
1 53
1 55
1 58
1 60
1 62
1 63
1 68
1 69
1 72
1 79
2 3
2 4
2 7
2 10
2 12
2 14
2 16
2 29
2 32
2 34
2 50
2 56
2 61
2 65
2 66
2 70
2 71
2 74
2 77
2 78
3 4
3 6
3 7
3 12
3 14
3 16
3 26
3 29
3 32
3 34
3 47
3 56
3 61
3 65
3 66
3 70
3 71
3 77
3 78
4 6
4 7
4 10
4 12
4 14
4 16
4 29
4 50
4 56
4 65
4 70
4 78
5 19
5 22
5 25
5 30
5 46
5 51
5 53
5 55
5 58
5 60
5 61
5 62
5 68
5 69
5 72
5 76
6 15
6 18
6 29
6 52
6 56
6 64
6 65
6 70
6 78
7 10
7 12
7 14
7 16
7 29
7 32
7 34
7 50
7 56
7 61
7 65
7 66
7 70
7 71
7 74
7 77
7 78
8 11
8 21
8 26
8 28
8 36
8 38
8 44
8 45
8 47
8 48
8 49
8 54
9 13
9 17
9 20
9 22
9 23
9 24
9 31
9 33
9 37
9 41
9 43
9 55
9 63
9 75
9 79
10 12
10 14
10 16
10 29
10 50
10 65
10 70
10 74
10 78
11 24
11 27
11 36
11 38
11 41
11 44
11 45
11 54
11 57
11 79
12 14
12 16
12 29
12 32
12 34
12 50
12 56
12 61
12 65
12 66
12 70
12 74
12 76
12 77
12 78
13 17
13 20
13 22
13 23
13 24
13 31
13 33
13 37
13 41
13 43
13 55
13 58
13 63
13 75
13 79
14 16
14 29
14 32
14 34
14 50
14 56
14 61
14 65
14 66
14 70
14 71
14 74
14 77
14 78
15 18
15 21
15 26
15 49
15 52
15 59
15 64
15 73
16 29
16 32
16 50
16 56
16 65
16 70
16 74
16 78
17 20
17 22
17 23
17 25
17 30
17 31
17 33
17 37
17 43
17 51
17 55
17 58
17 63
17 69
17 75
18 52
18 59
18 64
18 70
18 73
19 32
19 46
19 53
19 60
19 68
19 76
20 22
20 23
20 24
20 31
20 33
20 37
20 41
20 43
20 46
20 51
20 53
20 55
20 58
20 62
20 63
20 68
20 72
20 75
20 79
21 28
21 48
21 49
21 54
21 59
21 64
22 23
22 24
22 30
22 31
22 33
22 37
22 43
22 46
22 51
22 53
22 55
22 58
22 62
22 63
22 68
22 69
22 72
22 79
23 24
23 31
23 33
23 37
23 41
23 43
23 55
23 63
23 75
23 79
24 33
24 36
24 37
24 38
24 41
24 44
24 45
24 55
24 62
24 72
24 79
25 30
25 39
25 43
25 46
25 51
25 58
25 63
25 69
26 36
26 44
26 45
26 47
26 56
26 64
26 65
26 66
26 71
26 77
26 78
27 28
27 35
27 38
27 40
27 41
27 57
28 38
28 48
28 49
28 54
29 47
29 56
29 65
29 66
29 70
29 71
29 77
29 78
30 39
30 43
30 46
30 51
30 55
30 58
30 63
30 68
30 69
31 33
31 37
31 43
31 55
31 63
31 75
32 34
32 50
32 53
32 56
32 60
32 61
32 62
32 66
32 68
32 72
32 74
32 76
32 77
32 78
33 37
33 41
33 55
33 63
33 75
33 79
34 45
34 47
34 53
34 56
34 61
34 62
34 65
34 66
34 68
34 71
34 72
34 76
34 77
34 78
35 40
35 41
35 42
35 57
35 67
36 38
36 44
36 45
36 47
36 71
36 77
36 79
37 41
37 43
37 55
37 58
37 63
37 75
37 79
38 44
38 45
38 48
38 54
38 57
38 79
39 43
39 51
39 69
40 41
40 42
40 57
40 67
41 57
41 67
41 75
41 79
42 57
42 67
43 46
43 51
43 55
43 58
43 63
43 69
44 45
44 47
44 71
44 72
44 77
44 79
45 47
45 66
45 71
45 72
45 77
45 79
46 51
46 53
46 55
46 58
46 60
46 62
46 68
46 69
46 72
47 56
47 61
47 65
47 66
47 71
47 72
47 77
47 78
48 49
48 54
49 54
49 59
49 64
50 61
50 74
50 76
50 78
51 53
51 55
51 58
51 60
51 62
51 63
51 68
51 69
52 59
52 64
52 73
53 55
53 58
53 60
53 61
53 62
53 68
53 72
53 76
55 58
55 62
55 63
55 68
55 69
55 72
55 79
56 61
56 65
56 66
56 70
56 71
56 77
56 78
57 67
58 60
58 62
58 63
58 68
58 69
58 72
59 64
59 73
60 61
60 62
60 68
60 72
60 76
61 62
61 66
61 68
61 71
61 72
61 76
61 77
61 78
62 66
62 68
62 72
62 76
63 69
63 75
64 73
65 66
65 70
65 71
65 77
65 78
66 71
66 72
66 76
66 77
66 78
67 75
68 72
68 76
70 78
71 72
71 77
71 78
72 76
72 77
72 79
74 76
77 78
