300 2775
0 10
0 23
0 61
0 63
0 69
0 74
0 95
0 113
0 131
0 169
0 180
0 185
0 212
0 248
0 250
0 251
0 260
0 265
0 298
1 17
1 31
1 42
1 48
1 58
1 64
1 73
1 81
1 116
1 132
1 136
1 143
1 152
1 153
1 158
1 162
1 170
1 191
1 192
1 204
1 205
1 206
1 213
1 230
1 238
1 253
1 276
1 278
1 282
2 13
2 20
2 24
2 29
2 38
2 62
2 96
2 115
2 139
2 167
2 177
2 189
2 200
2 214
2 275
2 279
2 286
3 22
3 34
3 54
3 57
3 106
3 128
3 137
3 183
3 190
3 193
3 207
3 208
3 228
3 232
3 240
3 243
3 257
3 266
3 268
3 285
3 299
4 8
4 39
4 43
4 47
4 97
4 102
4 117
4 122
4 124
4 130
4 154
4 156
4 164
4 182
4 203
4 220
4 229
4 239
4 242
4 269
5 17
5 129
5 136
5 159
5 192
5 199
5 206
5 241
5 244
5 252
5 272
5 293
5 296
6 11
6 14
6 18
6 27
6 45
6 49
6 69
6 75
6 79
6 80
6 95
6 99
6 103
6 109
6 166
6 248
6 251
6 260
6 262
6 294
6 298
7 59
7 87
7 90
7 110
7 179
7 186
7 246
7 254
7 292
8 47
8 84
8 97
8 102
8 117
8 122
8 124
8 154
8 155
8 156
8 164
8 182
8 203
8 220
8 227
8 229
8 242
9 22
9 42
9 58
9 129
9 136
9 152
9 190
9 195
9 204
9 205
9 244
9 257
9 272
9 276
9 282
10 23
10 28
10 32
10 61
10 65
10 69
10 74
10 95
10 113
10 131
10 138
10 161
10 169
10 180
10 185
10 188
10 212
10 248
10 260
10 265
10 271
10 298
11 14
11 18
11 45
11 49
11 75
11 79
11 80
11 99
11 109
11 166
11 221
11 251
11 262
11 294
12 20
12 32
12 51
12 65
12 78
12 87
12 90
12 161
12 177
12 186
12 194
12 246
12 247
12 254
12 264
12 270
12 271
12 292
13 20
13 24
13 38
13 51
13 115
13 139
13 167
13 177
13 194
13 200
13 214
13 275
14 18
14 27
14 45
14 49
14 75
14 79
14 80
14 99
14 103
14 109
14 166
14 221
14 248
14 251
14 260
14 262
14 294
15 25
15 52
15 60
15 72
15 105
15 147
15 157
15 172
15 175
15 181
15 187
15 261
15 267
15 287
15 288
16 37
16 56
16 84
16 88
16 97
16 148
16 173
16 203
16 216
16 221
16 227
16 236
16 237
16 256
17 48
17 58
17 64
17 73
17 116
17 129
17 136
17 143
17 152
17 158
17 162
17 170
17 192
17 199
17 204
17 205
17 206
17 238
17 244
17 252
17 272
17 282
17 293
17 296
18 27
18 28
18 45
18 49
18 69
18 75
18 79
18 80
18 99
18 103
18 109
18 121
18 166
18 248
18 251
18 260
18 262
18 273
18 291
18 294
18 298
19 73
19 100
19 111
19 116
19 118
19 135
19 144
19 151
19 153
19 158
19 170
19 198
19 209
19 219
19 230
19 233
19 238
19 283
19 289
20 51
20 78
20 115
20 177
20 194
20 200
20 246
20 247
21 33
21 62
21 98
21 107
21 125
21 126
21 157
21 165
21 196
21 224
21 231
21 235
21 264
21 270
21 277
21 280
21 290
22 42
22 54
22 106
22 190
22 195
22 208
22 228
22 257
22 276
23 32
23 61
23 63
23 65
23 69
23 74
23 113
23 131
23 161
23 169
23 180
23 185
23 188
23 197
23 212
23 250
23 254
23 265
23 271
23 298
24 29
24 38
24 55
24 62
24 93
24 96
24 139
24 140
24 167
24 168
24 189
24 214
24 217
24 275
24 279
24 286
25 72
25 76
25 89
25 126
25 127
25 133
25 134
25 142
25 145
25 147
25 157
25 226
25 267
25 295
26 40
26 100
26 108
26 146
26 154
26 156
26 211
26 220
26 229
26 263
26 283
27 28
27 46
27 69
27 75
27 79
27 80
27 103
27 109
27 121
27 138
27 178
27 180
27 226
27 248
27 249
27 251
27 260
27 262
27 273
27 291
27 294
27 295
27 298
28 46
28 69
28 103
28 131
28 138
28 180
28 185
28 188
28 248
28 249
28 251
28 260
28 295
28 298
29 38
29 55
29 62
29 93
29 96
29 115
29 125
29 139
29 140
29 163
29 167
29 168
29 189
29 214
29 217
29 255
29 275
29 279
29 286
30 41
30 44
30 71
30 82
30 91
30 92
30 120
30 140
30 141
30 171
30 176
30 184
30 201
30 210
30 215
30 217
30 218
30 234
30 258
30 281
30 297
31 48
31 52
31 53
31 60
31 81
31 85
31 114
31 132
31 143
31 158
31 162
31 175
31 187
31 191
31 209
31 213
31 219
31 230
31 253
31 278
31 287
31 288
32 63
32 65
32 74
32 78
32 87
32 113
32 119
32 131
32 161
32 169
32 185
32 188
32 197
32 212
32 250
32 254
32 264
32 265
32 270
32 271
33 46
33 65
33 126
33 131
33 138
33 157
33 161
33 165
33 188
33 196
33 224
33 231
33 235
33 249
33 264
33 270
33 280
33 290
34 53
34 54
34 106
34 114
34 128
34 137
34 183
34 190
34 208
34 228
34 232
34 257
34 268
34 285
34 299
35 39
35 43
35 47
35 101
35 111
35 127
35 145
35 209
35 211
35 239
35 263
35 269
36 41
36 66
36 68
36 77
36 86
36 94
36 112
36 123
36 149
36 171
36 174
36 210
36 222
36 223
36 225
36 259
36 274
37 45
37 49
37 56
37 75
37 80
37 88
37 109
37 121
37 148
37 173
37 202
37 203
37 216
37 221
37 227
37 236
37 237
37 245
37 256
37 262
37 273
37 291
37 294
38 55
38 62
38 93
38 96
38 115
38 125
38 139
38 140
38 163
38 167
38 168
38 189
38 214
38 217
38 255
38 275
38 279
38 286
39 43
39 47
39 101
39 102
39 111
39 127
39 130
39 145
39 154
39 156
39 164
39 229
39 239
39 263
39 269
40 100
40 108
40 135
40 144
40 146
40 151
40 198
40 211
40 263
40 283
40 289
41 66
41 68
41 77
41 171
41 174
41 176
41 201
41 210
41 222
41 223
41 225
41 234
41 243
41 259
41 266
41 274
41 284
42 48
42 58
42 64
42 106
42 114
42 132
42 136
42 143
42 152
42 162
42 190
42 195
42 204
42 205
42 228
42 253
42 257
42 276
42 278
42 282
43 47
43 101
43 102
43 108
43 111
43 127
43 154
43 156
43 209
43 211
43 239
43 263
43 269
44 55
44 71
44 82
44 93
44 96
44 112
44 140
44 141
44 149
44 150
44 168
44 176
44 189
44 217
44 297
45 49
45 56
45 75
45 79
45 80
45 99
45 109
45 121
45 166
45 173
45 202
45 216
45 221
45 237
45 245
45 256
45 262
45 273
45 291
45 294
46 76
46 89
46 103
46 126
46 131
46 138
46 142
46 180
46 185
46 188
46 224
46 226
46 231
46 248
46 249
46 260
46 290
46 295
46 298
47 102
47 117
47 122
47 130
47 154
47 156
47 164
47 220
47 229
47 239
47 242
47 263
47 269
48 58
48 64
48 73
48 81
48 116
48 132
48 136
48 143
48 152
48 153
48 158
48 162
48 170
48 191
48 192
48 204
48 205
48 206
48 213
48 230
48 238
48 253
48 278
48 282
49 56
49 75
49 79
49 80
49 99
49 109
49 121
49 166
49 173
49 202
49 216
49 221
49 237
49 245
49 262
49 273
49 291
49 294
50 67
50 70
50 91
50 92
50 98
50 104
50 107
50 125
50 160
50 163
50 172
50 181
50 184
50 196
50 255
50 258
50 277
50 281
50 297
51 62
51 65
51 78
51 115
51 165
51 177
51 186
51 194
51 200
51 246
51 247
51 264
51 270
51 271
52 53
52 105
52 114
52 175
52 181
52 183
52 187
52 253
52 261
52 287
52 288
53 54
53 105
53 114
53 132
53 175
53 183
53 187
53 191
53 253
53 261
53 278
53 287
53 288
54 106
54 114
54 128
54 137
54 183
54 190
54 208
54 228
54 232
54 257
54 268
54 276
54 285
54 299
55 71
55 82
55 93
55 96
55 112
55 140
55 141
55 150
55 167
55 168
55 176
55 189
55 214
55 217
56 88
56 148
56 173
56 203
56 216
56 221
56 227
56 236
56 237
56 256
57 68
57 120
57 128
57 137
57 171
57 174
57 193
57 201
57 207
57 210
57 215
57 222
57 232
57 234
57 240
57 243
57 259
57 266
57 268
57 274
57 284
57 285
57 299
58 64
58 81
58 114
58 132
58 136
58 143
58 152
58 158
58 162
58 190
58 191
58 195
58 204
58 205
58 206
58 213
58 253
58 257
58 276
58 278
58 282
59 87
59 90
59 110
59 119
59 179
59 186
59 254
59 292
60 72
60 85
60 111
60 175
60 187
60 191
60 209
60 213
60 219
60 267
60 278
60 287
60 288
61 63
61 69
61 74
61 95
61 113
61 169
61 180
61 185
61 197
61 212
61 248
61 250
61 265
61 298
62 107
62 115
62 125
62 163
62 165
62 167
62 177
62 196
62 200
62 235
62 255
62 264
62 279
62 280
62 286
63 74
63 87
63 113
63 119
63 169
63 179
63 197
63 212
63 250
63 254
63 265
64 73
64 81
64 116
64 129
64 132
64 136
64 143
64 152
64 153
64 158
64 162
64 170
64 191
64 192
64 204
64 205
64 206
64 213
64 230
64 238
64 244
64 272
64 278
64 282
64 293
65 113
65 131
65 161
65 165
65 185
65 188
65 200
65 224
65 235
65 264
65 270
65 271
65 290
66 68
66 77
66 86
66 94
66 123
66 149
66 171
66 174
66 176
66 201
66 210
66 222
66 223
66 225
66 234
66 259
66 266
66 274
67 70
67 91
67 92
67 98
67 104
67 105
67 107
67 160
67 163
67 172
67 181
67 258
67 261
67 277
67 281
68 77
68 171
68 174
68 193
68 201
68 207
68 210
68 222
68 232
68 234
68 240
68 243
68 259
68 266
68 268
68 274
68 284
69 79
69 95
69 99
69 103
69 113
69 131
69 138
69 169
69 180
69 185
69 188
69 212
69 248
69 251
69 260
69 265
69 298
70 91
70 92
70 98
70 104
70 107
70 160
70 163
70 172
70 181
70 184
70 218
70 255
70 258
70 261
70 277
70 281
70 297
71 82
71 93
71 96
71 112
71 140
71 141
71 149
71 150
71 168
71 176
71 189
71 217
71 297
72 76
72 85
72 101
72 105
72 133
72 142
72 147
72 157
72 172
72 175
72 181
72 267
72 287
72 288
73 81
73 116
73 118
73 143
73 144
73 152
73 153
73 158
73 162
73 170
73 191
73 192
73 206
73 213
73 219
73 230
73 238
73 252
73 278
73 289
73 293
73 296
74 87
74 95
74 113
74 119
74 131
74 161
74 169
74 180
74 197
74 212
74 250
74 254
74 265
75 79
75 80
75 99
75 103
75 109
75 121
75 166
75 221
75 251
75 262
75 294
76 89
76 126
76 133
76 134
76 142
76 147
76 157
76 226
76 231
76 249
76 295
77 86
77 94
77 112
77 123
77 149
77 210
77 222
77 223
77 225
77 259
78 90
78 177
78 186
78 194
78 246
78 247
78 254
78 271
78 292
79 80
79 99
79 103
79 109
79 166
79 248
79 251
79 260
79 262
79 294
80 99
80 109
80 121
80 166
80 173
80 178
80 202
80 216
80 221
80 245
80 251
80 262
80 273
80 291
80 294
81 116
81 132
81 143
81 152
81 153
81 158
81 162
81 170
81 191
81 205
81 206
81 213
81 219
81 230
81 238
81 253
81 278
82 91
82 92
82 93
82 96
82 140
82 141
82 150
82 168
82 176
82 184
82 189
82 217
82 218
82 255
82 281
82 297
83 89
83 121
83 127
83 130
83 133
83 134
83 145
83 178
83 202
83 226
83 245
83 273
83 291
83 295
84 88
84 97
84 102
84 117
84 122
84 124
84 148
84 155
84 164
84 173
84 182
84 203
84 227
84 242
85 111
85 175
85 187
85 191
85 209
85 213
85 219
85 267
85 278
85 287
85 288
86 94
86 112
86 123
86 149
86 223
86 225
87 90
87 110
87 113
87 119
87 179
87 186
87 197
87 246
87 250
87 254
88 97
88 124
88 148
88 155
88 173
88 203
88 216
88 227
88 236
88 237
88 256
89 126
89 127
89 133
89 134
89 142
89 145
89 157
89 178
89 226
89 249
89 295
90 110
90 119
90 179
90 186
90 246
90 247
90 254
90 292
91 92
91 104
91 107
91 120
91 160
91 163
91 176
91 184
91 215
91 218
91 255
91 258
91 281
91 297
92 93
92 98
92 104
92 107
92 120
92 140
92 160
92 163
92 176
92 184
92 215
92 218
92 255
92 258
92 281
92 297
93 96
93 107
93 140
93 141
93 163
93 167
93 168
93 184
93 189
93 214
93 217
93 218
93 255
93 275
93 279
93 286
93 297
94 112
94 123
94 149
94 150
94 223
94 225
95 99
95 113
95 169
95 180
95 212
95 248
95 251
95 265
95 298
96 139
96 140
96 141
96 167
96 168
96 189
96 214
96 217
96 255
96 275
96 279
96 286
97 102
97 117
97 122
97 124
97 130
97 148
97 155
97 164
97 173
97 182
97 203
97 216
97 227
97 229
97 242
97 245
98 104
98 107
98 125
98 160
98 163
98 172
98 181
98 196
98 255
98 258
98 261
98 277
98 281
99 109
99 166
99 248
99 251
99 260
99 262
99 294
100 108
100 111
100 118
100 135
100 144
100 146
100 151
100 198
100 211
100 233
100 263
100 283
100 289
101 111
101 127
101 133
101 134
101 145
101 209
101 239
101 263
101 267
101 269
102 117
102 122
102 124
102 130
102 154
102 156
102 164
102 182
102 203
102 220
102 229
102 239
102 242
102 269
103 131
103 138
103 180
103 185
103 188
103 248
103 249
103 251
103 260
103 294
103 295
103 298
104 107
104 160
104 163
104 172
104 181
104 196
104 255
104 258
104 261
104 277
104 281
105 147
105 172
105 175
105 181
105 187
105 261
105 267
105 287
105 288
106 114
106 128
106 137
106 183
106 190
106 208
106 228
106 257
106 276
106 285
106 299
107 125
107 160
107 163
107 196
107 255
107 277
107 279
107 280
107 286
107 297
108 111
108 135
108 144
108 146
108 151
108 211
108 263
108 283
108 289
109 121
109 166
109 202
109 216
109 221
109 245
109 251
109 262
109 273
109 291
109 294
110 119
110 179
110 186
110 246
110 247
110 254
110 292
111 135
111 144
111 209
111 211
111 219
111 239
111 263
111 269
112 141
112 149
112 150
112 223
113 119
113 131
113 161
113 169
113 180
113 185
113 197
113 212
113 250
113 254
113 265
113 271
113 298
114 132
114 137
114 152
114 162
114 183
114 187
114 190
114 191
114 205
114 228
114 253
114 257
114 276
114 278
114 287
114 288
114 299
115 125
115 165
115 167
115 177
115 196
115 200
115 235
115 264
115 270
115 279
115 280
115 286
116 118
116 143
116 152
116 153
116 158
116 162
116 170
116 191
116 192
116 206
116 213
116 219
116 230
116 238
116 278
116 289
116 296
117 122
117 124
117 130
117 148
117 154
117 156
117 164
117 173
117 182
117 202
117 203
117 227
117 229
117 242
117 245
118 135
118 144
118 151
118 153
118 158
118 170
118 198
118 219
118 230
118 233
118 238
118 283
118 289
118 296
119 179
119 186
119 197
119 250
119 254
120 128
120 160
120 171
120 184
120 201
120 215
120 218
120 232
120 234
120 243
120 258
120 266
120 268
120 281
120 297
120 299
121 173
121 178
121 202
121 203
121 216
121 245
121 262
121 273
121 291
121 294
122 124
122 154
122 156
122 164
122 182
122 220
122 229
122 242
123 149
123 223
123 225
124 148
124 155
124 164
124 182
124 203
124 220
124 227
124 229
124 242
125 163
125 165
125 196
125 200
125 235
125 255
125 277
125 279
125 280
125 286
126 133
126 138
126 142
126 157
126 224
126 226
126 231
126 249
126 295
127 130
127 133
127 134
127 145
127 239
127 269
128 137
128 171
128 183
128 193
128 201
128 207
128 215
128 228
128 232
128 234
128 240
128 243
128 266
128 268
128 284
128 285
128 299
129 136
129 192
129 195
129 204
129 206
129 244
129 272
129 282
129 293
130 145
130 154
130 156
130 164
130 202
130 203
130 229
130 239
130 242
130 245
130 269
131 138
131 161
131 169
131 180
131 185
131 188
131 212
131 224
131 248
131 260
131 264
131 265
131 270
131 271
131 290
131 298
132 143
132 152
132 158
132 162
132 187
132 190
132 191
132 205
132 213
132 253
132 257
132 276
132 278
132 282
133 134
133 142
133 145
133 147
133 157
133 226
133 267
133 295
134 142
134 145
134 178
134 226
134 249
134 295
135 144
135 146
135 151
135 198
135 209
135 211
135 233
135 263
135 283
135 289
136 152
136 162
136 192
136 195
136 204
136 205
136 206
136 244
136 272
136 282
136 293
137 183
137 190
137 208
137 215
137 228
137 232
137 243
137 257
137 268
137 285
137 299
138 161
138 180
138 185
138 188
138 224
138 231
138 248
138 249
138 260
138 290
138 298
139 167
139 168
139 189
139 214
139 275
139 279
139 286
140 141
140 150
140 167
140 168
140 176
140 184
140 189
140 214
140 217
140 218
140 255
140 275
140 279
140 286
140 297
141 149
141 150
141 168
141 176
141 184
141 189
141 217
141 218
141 297
142 147
142 157
142 226
142 231
142 249
142 295
143 152
143 153
143 158
143 162
143 170
143 191
143 205
143 206
143 213
143 219
143 230
143 238
143 253
143 278
143 282
144 151
144 153
144 198
144 209
144 211
144 219
144 230
144 233
144 238
144 283
144 289
145 178
145 239
145 269
146 154
146 211
146 220
146 263
146 283
147 157
147 172
147 175
147 181
147 261
147 267
147 287
147 288
148 155
148 173
148 203
148 216
148 221
148 227
148 236
148 237
148 245
148 256
149 150
149 176
149 223
149 225
150 168
150 176
150 189
150 217
151 198
151 211
151 233
151 283
151 289
152 158
152 162
152 170
152 191
152 195
152 204
152 205
152 206
152 213
152 253
152 257
152 272
152 276
152 278
152 282
153 158
153 162
153 170
153 191
153 192
153 198
153 209
153 213
153 219
153 230
153 233
153 238
153 278
153 289
153 296
154 156
154 164
154 182
154 211
154 220
154 229
154 239
154 242
154 263
154 269
155 182
155 227
156 164
156 182
156 220
156 229
156 239
156 242
156 263
156 269
157 172
157 181
157 226
157 231
157 249
157 277
158 162
158 170
158 191
158 192
158 205
158 206
158 213
158 219
158 230
158 238
158 253
158 278
159 192
159 199
159 233
159 238
159 241
159 252
159 293
159 296
160 163
160 172
160 181
160 184
160 218
160 255
160 258
160 261
160 277
160 281
160 297
161 169
161 180
161 185
161 188
161 212
161 224
161 235
161 264
161 270
161 271
161 290
161 298
162 170
162 191
162 204
162 205
162 206
162 213
162 230
162 238
162 253
162 276
162 278
162 282
163 196
163 255
163 277
163 279
163 280
163 286
163 297
164 182
164 203
164 220
164 229
164 239
164 242
164 245
164 269
165 196
165 200
165 224
165 231
165 235
165 264
165 270
165 271
165 280
165 290
166 221
166 251
166 262
166 294
167 168
167 189
167 214
167 217
167 275
167 279
167 286
168 189
168 214
168 217
168 275
168 279
168 286
169 180
169 185
169 197
169 212
169 248
169 250
169 260
169 265
169 298
170 191
170 192
170 206
170 213
170 230
170 238
170 252
170 278
170 289
170 293
170 296
171 174
171 176
171 193
171 201
171 207
171 210
171 215
171 222
171 232
171 234
171 240
171 243
171 259
171 266
171 268
171 274
171 284
172 181
172 261
172 277
173 202
173 203
173 216
173 221
173 227
173 236
173 237
173 245
173 256
173 262
174 193
174 201
174 207
174 210
174 222
174 234
174 240
174 243
174 259
174 266
174 268
174 274
174 284
174 285
175 181
175 187
175 261
175 267
175 287
175 288
176 184
176 210
176 217
176 218
176 234
176 297
177 194
177 200
177 246
177 247
177 264
178 202
178 226
178 245
178 249
178 262
178 273
178 291
178 294
178 295
179 186
179 197
179 250
179 254
180 185
180 188
180 212
180 248
180 251
180 260
180 265
180 298
181 261
181 267
181 277
181 287
181 288
182 220
182 229
182 242
183 187
183 190
183 228
183 232
183 258
183 261
183 299
184 215
184 218
184 255
184 258
184 281
184 297
185 188
185 212
185 248
185 249
185 251
185 260
185 265
185 271
185 290
185 298
186 194
186 246
186 247
186 254
186 292
187 191
187 213
187 253
187 261
187 267
187 278
187 287
187 288
188 224
188 231
188 248
188 249
188 260
188 264
188 270
188 271
188 290
188 298
189 214
189 217
189 275
189 279
189 286
190 205
190 208
190 228
190 257
190 276
190 299
191 205
191 209
191 213
191 219
191 230
191 253
191 278
191 287
192 199
192 204
192 206
192 238
192 241
192 252
192 272
192 293
192 296
193 201
193 207
193 210
193 215
193 222
193 232
193 234
193 240
193 243
193 259
193 266
193 268
193 274
193 284
193 285
194 246
194 247
194 292
195 204
195 205
195 244
195 257
195 272
195 276
195 282
196 200
196 224
196 231
196 235
196 255
196 277
196 279
196 280
196 286
197 212
197 250
197 254
197 265
198 233
198 238
198 283
198 289
198 296
199 238
199 241
199 252
199 293
199 296
200 235
200 264
200 270
200 279
200 280
200 286
200 290
201 207
201 210
201 215
201 222
201 232
201 234
201 240
201 243
201 259
201 266
201 268
201 274
201 284
201 285
202 203
202 216
202 245
202 262
202 273
202 291
202 294
203 216
203 227
203 242
203 245
203 256
203 273
203 291
204 205
204 206
204 244
204 272
204 276
204 282
205 206
205 244
205 253
205 257
205 272
205 276
205 278
205 282
206 238
206 244
206 252
206 272
206 282
206 293
206 296
207 210
207 215
207 222
207 232
207 234
207 240
207 243
207 259
207 266
207 268
207 274
207 284
207 285
208 228
208 257
208 276
208 285
208 299
209 211
209 213
209 219
209 230
209 263
209 289
210 215
210 222
210 225
210 232
210 234
210 240
210 243
210 259
210 266
210 274
210 284
211 239
211 263
211 269
211 283
211 289
212 248
212 250
212 260
212 265
212 298
213 219
213 230
213 253
213 278
213 287
214 217
214 275
214 279
214 286
215 218
215 232
215 234
215 240
215 243
215 258
215 266
215 268
215 281
215 299
216 221
216 227
216 236
216 237
216 245
216 256
216 262
216 273
216 291
217 255
217 275
217 279
217 286
217 297
218 255
218 258
218 281
218 297
219 230
219 278
219 289
220 229
220 242
221 236
221 237
221 256
221 262
222 232
222 234
222 240
222 243
222 259
222 266
222 268
222 274
222 284
223 225
223 259
224 231
224 235
224 264
224 270
224 280
224 290
225 259
226 249
226 295
227 236
227 237
227 256
228 257
228 268
228 276
228 285
228 299
229 239
229 242
229 269
230 238
230 278
230 289
231 235
231 249
231 270
231 277
231 290
232 234
232 240
232 243
232 266
232 268
232 274
232 284
232 285
232 299
233 238
233 289
233 296
234 240
234 243
234 259
234 266
234 268
234 274
234 284
235 264
235 270
235 271
235 280
235 290
236 237
236 256
237 256
237 262
238 252
238 289
238 293
238 296
239 263
239 269
240 243
240 259
240 266
240 268
240 274
240 284
240 285
241 252
241 293
241 296
243 259
243 266
243 268
243 274
243 284
243 285
243 299
244 272
244 282
245 262
245 273
245 291
246 247
246 254
246 292
247 292
248 249
248 251
248 260
248 294
248 298
249 260
249 295
250 254
250 265
251 260
251 294
251 298
252 293
252 296
253 257
253 276
253 278
253 287
253 288
254 271
254 292
255 277
255 279
255 280
255 281
255 286
255 297
257 276
257 282
258 261
258 281
258 297
259 266
259 274
259 284
260 294
260 298
261 287
261 288
262 273
262 291
262 294
263 269
263 283
264 270
264 271
264 280
264 290
265 298
266 268
266 274
266 284
266 285
267 287
267 288
268 274
268 284
268 285
268 299
270 271
270 280
270 290
271 290
272 282
272 293
273 291
273 294
273 295
274 284
274 285
275 279
275 286
276 282
277 280
278 287
278 288
279 280
279 286
280 286
280 290
281 297
283 289
284 285
285 299
287 288
291 294
291 295
293 296
