300 2946
0 5
0 6
0 10
0 20
0 21
0 37
0 70
0 85
0 90
0 112
0 130
0 165
0 201
0 288
0 293
1 59
1 61
1 102
1 111
1 131
1 150
1 153
1 169
1 175
1 195
1 222
1 240
1 261
1 280
1 285
2 16
2 31
2 40
2 49
2 51
2 58
2 71
2 93
2 109
2 122
2 145
2 151
2 167
2 177
2 183
2 210
2 223
2 235
2 236
2 255
2 282
3 8
3 28
3 39
3 56
3 62
3 72
3 77
3 80
3 117
3 120
3 121
3 126
3 146
3 164
3 172
3 179
3 193
3 204
3 211
3 218
3 219
3 227
3 241
3 250
3 251
3 272
3 284
3 290
3 298
4 36
4 47
4 60
4 74
4 78
4 94
4 113
4 134
4 141
4 152
4 155
4 163
4 180
4 186
4 205
4 216
4 226
4 237
4 275
4 292
5 21
5 36
5 37
5 50
5 57
5 60
5 90
5 94
5 130
5 133
5 134
5 141
5 154
5 165
5 180
5 186
5 192
5 201
5 216
5 226
5 255
5 275
5 288
5 293
6 10
6 11
6 18
6 20
6 21
6 24
6 45
6 70
6 90
6 112
6 133
6 148
6 162
6 173
6 201
6 217
6 242
6 244
6 258
6 263
6 264
6 276
6 293
6 299
7 30
7 41
7 69
7 88
7 89
7 115
7 127
7 144
7 161
7 170
7 178
7 191
7 196
7 271
7 283
8 56
8 62
8 77
8 117
8 139
8 164
8 172
8 211
8 218
8 219
8 220
8 227
8 265
8 272
8 284
8 290
9 22
9 44
9 64
9 73
9 110
9 120
9 136
9 179
9 187
9 204
9 208
9 229
9 250
9 253
9 279
9 298
10 13
10 20
10 21
10 37
10 45
10 46
10 70
10 85
10 90
10 112
10 130
10 148
10 173
10 206
10 242
10 244
10 258
10 262
10 263
10 293
10 299
11 18
11 20
11 21
11 24
11 26
11 45
11 63
11 86
11 96
11 103
11 112
11 133
11 148
11 162
11 200
11 212
11 213
11 217
11 225
11 242
11 244
11 245
11 258
11 264
11 276
12 65
12 110
12 119
12 137
12 140
12 269
12 270
12 277
12 279
12 281
12 294
13 19
13 23
13 28
13 46
13 70
13 72
13 85
13 91
13 97
13 101
13 146
13 173
13 185
13 206
13 207
13 209
13 232
13 256
13 262
13 263
13 286
13 291
13 299
14 38
14 52
14 68
14 69
14 81
14 87
14 89
14 92
14 98
14 99
14 105
14 127
14 160
14 161
14 178
14 197
14 238
14 271
14 296
15 25
15 44
15 48
15 140
15 142
15 158
15 233
15 274
15 278
15 289
16 17
16 21
16 31
16 40
16 50
16 57
16 67
16 122
16 133
16 151
16 154
16 162
16 165
16 177
16 183
16 192
16 201
16 210
16 217
16 223
16 255
16 288
16 293
16 297
17 31
17 40
17 59
17 71
17 103
17 150
17 151
17 153
17 169
17 195
17 210
17 213
17 261
17 280
17 285
17 297
18 24
18 26
18 43
18 45
18 63
18 86
18 96
18 103
18 148
18 162
18 200
18 212
18 213
18 225
18 242
18 243
18 244
18 245
18 258
18 264
18 276
19 23
19 28
19 72
19 85
19 97
19 101
19 117
19 146
19 168
19 171
19 172
19 185
19 193
19 194
19 198
19 207
19 209
19 221
19 232
19 251
19 256
19 262
19 286
19 290
19 291
20 21
20 37
20 45
20 67
20 70
20 90
20 112
20 130
20 133
20 148
20 162
20 201
20 217
20 242
20 244
20 258
20 264
20 288
20 293
21 45
21 57
21 63
21 67
21 70
21 90
21 112
21 133
21 162
21 165
21 192
21 201
21 217
21 242
21 244
21 258
21 264
21 288
21 293
22 37
22 64
22 130
22 136
22 186
22 187
22 253
22 275
23 28
23 70
23 72
23 80
23 85
23 97
23 101
23 130
23 146
23 185
23 193
23 209
23 232
23 251
23 256
23 262
23 286
23 290
23 291
24 26
24 27
24 43
24 45
24 54
24 66
24 86
24 112
24 148
24 173
24 184
24 200
24 225
24 239
24 242
24 244
24 245
24 258
24 264
24 276
24 299
25 44
25 48
25 126
25 129
25 140
25 142
25 158
25 229
25 233
25 274
25 278
25 289
26 27
26 32
26 34
26 43
26 54
26 66
26 86
26 114
26 148
26 182
26 190
26 200
26 239
26 243
26 276
27 32
27 33
27 34
27 43
27 54
27 66
27 86
27 95
27 100
27 114
27 118
27 138
27 143
27 166
27 174
27 182
27 189
27 190
27 199
27 200
27 215
27 239
27 257
27 268
27 287
28 62
28 72
28 80
28 85
28 97
28 101
28 117
28 146
28 164
28 168
28 172
28 185
28 193
28 198
28 207
28 209
28 211
28 221
28 232
28 251
28 256
28 262
28 286
28 290
28 291
29 35
29 75
29 79
29 84
29 116
29 149
29 249
29 259
29 295
30 89
30 91
30 105
30 108
30 115
30 125
30 127
30 144
30 160
30 170
30 171
30 191
30 194
30 196
30 197
30 207
30 214
30 271
31 40
31 59
31 63
31 67
31 71
31 103
31 150
31 151
31 153
31 162
31 195
31 210
31 213
31 280
31 285
31 297
32 34
32 42
32 43
32 66
32 100
32 107
32 123
32 138
32 156
32 166
32 176
32 190
32 230
32 234
32 243
32 246
32 257
32 266
32 287
33 54
33 66
33 86
33 91
33 95
33 100
33 114
33 115
33 118
33 128
33 143
33 144
33 170
33 174
33 182
33 184
33 189
33 191
33 199
33 214
33 215
33 224
33 239
33 268
33 273
33 283
33 287
34 43
34 66
34 86
34 100
34 118
34 128
34 138
34 166
34 174
34 176
34 182
34 189
34 190
34 199
34 215
34 234
34 257
34 266
34 273
34 287
35 75
35 79
35 84
35 116
35 132
35 147
35 149
35 235
35 248
35 249
35 254
35 259
35 295
36 47
36 50
36 60
36 74
36 94
36 113
36 134
36 136
36 141
36 165
36 180
36 186
36 205
36 216
36 226
36 237
36 275
36 292
37 50
37 60
37 70
37 90
37 130
37 136
37 165
37 186
37 253
37 275
37 288
37 293
38 52
38 81
38 89
38 92
38 98
38 99
38 105
38 127
38 161
38 178
38 238
38 271
38 296
39 44
39 48
39 56
39 77
39 80
39 120
39 121
39 126
39 129
39 164
39 172
39 179
39 204
39 208
39 219
39 229
39 233
39 241
39 250
39 272
39 284
39 298
40 49
40 51
40 58
40 71
40 109
40 145
40 151
40 153
40 167
40 177
40 183
40 210
40 223
40 260
40 280
40 285
40 297
41 69
41 88
41 89
41 115
41 144
41 170
41 178
41 191
41 224
41 271
41 283
42 83
42 107
42 123
42 124
42 138
42 156
42 159
42 176
42 190
42 228
42 230
42 243
42 246
42 252
43 66
43 86
43 138
43 190
43 200
43 243
43 252
44 48
44 64
44 73
44 77
44 120
44 121
44 126
44 140
44 158
44 179
44 204
44 208
44 219
44 229
44 233
44 241
44 250
44 278
44 284
44 289
44 298
45 63
45 67
45 90
45 96
45 103
45 112
45 133
45 148
45 162
45 201
45 213
45 217
45 225
45 242
45 244
45 245
45 258
45 264
45 276
45 293
46 54
46 85
46 91
46 101
46 108
46 112
46 171
46 173
46 184
46 194
46 206
46 207
46 214
46 232
46 239
46 262
46 263
46 268
46 276
46 286
46 291
46 299
47 65
47 94
47 119
47 141
47 152
47 155
47 180
47 186
47 205
47 216
47 237
47 275
47 279
47 292
48 73
48 120
48 126
48 129
48 140
48 142
48 158
48 204
48 208
48 229
48 233
48 250
48 274
48 278
48 289
49 51
49 58
49 71
49 132
49 145
49 147
49 235
49 236
49 248
49 259
49 260
50 57
50 60
50 67
50 90
50 93
50 94
50 113
50 122
50 134
50 141
50 154
50 165
50 180
50 186
50 192
50 201
50 205
50 216
50 226
50 255
50 275
50 288
50 293
51 58
51 71
51 132
51 145
51 147
51 235
51 236
51 248
51 249
51 254
51 259
51 260
52 68
52 81
52 87
52 92
52 98
52 99
52 105
52 127
52 139
52 160
52 161
52 197
52 198
52 220
52 238
53 59
53 76
53 96
53 103
53 175
53 195
53 212
53 213
53 222
53 225
53 228
53 231
53 240
53 243
53 245
53 247
53 252
54 66
54 86
54 91
54 95
54 114
54 148
54 173
54 182
54 184
54 200
54 206
54 214
54 215
54 239
54 263
54 268
54 276
54 299
55 61
55 76
55 82
55 111
55 124
55 135
55 159
55 175
55 228
55 267
56 62
56 77
56 80
56 120
56 121
56 126
56 129
56 164
56 172
56 179
56 204
56 218
56 219
56 229
56 241
56 250
56 272
56 284
56 290
57 60
57 67
57 90
57 122
57 133
57 134
57 154
57 165
57 177
57 192
57 201
57 217
57 226
57 255
57 288
57 293
58 71
58 131
58 132
58 145
58 147
58 151
58 169
58 248
58 259
58 260
58 280
58 285
59 61
59 63
59 96
59 102
59 103
59 150
59 153
59 195
59 212
59 213
59 222
59 225
59 231
59 240
59 245
59 247
59 252
59 261
59 297
60 94
60 113
60 134
60 136
60 141
60 154
60 165
60 180
60 186
60 205
60 216
60 226
60 255
60 275
60 288
61 76
61 102
61 111
61 150
61 175
61 195
61 222
61 240
61 261
62 77
62 80
62 117
62 139
62 146
62 164
62 172
62 211
62 218
62 227
62 241
62 265
62 272
62 284
62 290
63 67
63 96
63 103
63 133
63 148
63 162
63 195
63 201
63 210
63 212
63 213
63 217
63 225
63 242
63 244
63 245
63 258
63 264
63 297
64 73
64 110
64 120
64 136
64 179
64 187
64 204
64 208
64 229
64 253
64 279
64 298
65 73
65 110
65 119
65 137
65 269
65 270
65 277
65 279
65 281
65 294
66 86
66 95
66 100
66 114
66 118
66 138
66 166
66 174
66 182
66 189
66 190
66 200
66 215
66 239
66 243
66 276
66 287
67 103
67 133
67 151
67 154
67 162
67 165
67 192
67 201
67 210
67 217
67 242
67 244
67 255
67 288
67 293
67 297
68 81
68 87
68 92
68 99
68 105
68 139
68 160
68 197
68 198
68 220
68 238
69 88
69 89
69 98
69 127
69 144
69 161
69 178
69 271
70 85
70 90
70 112
70 130
70 209
70 256
70 262
70 293
71 131
71 145
71 147
71 151
71 169
71 260
71 280
71 285
72 80
72 85
72 97
72 101
72 146
72 172
72 179
72 187
72 193
72 209
72 232
72 241
72 251
72 253
72 256
72 262
72 284
72 286
72 290
72 291
72 298
73 110
73 119
73 137
73 140
73 158
73 204
73 208
73 229
73 269
73 270
73 277
73 279
73 289
73 294
74 78
74 93
74 94
74 104
74 106
74 113
74 122
74 134
74 141
74 154
74 155
74 163
74 167
74 180
74 181
74 202
74 203
74 205
74 216
74 226
74 237
74 255
74 282
74 292
75 79
75 84
75 116
75 149
75 249
75 254
75 295
76 82
76 83
76 107
76 111
76 124
76 135
76 159
76 175
76 222
76 228
76 231
76 240
76 247
76 252
76 267
77 80
77 120
77 121
77 126
77 129
77 164
77 172
77 179
77 193
77 204
77 208
77 218
77 219
77 229
77 241
77 250
77 272
77 284
77 290
77 298
78 94
78 104
78 106
78 113
78 141
78 155
78 157
78 163
78 181
78 202
78 203
78 205
78 216
78 226
78 237
78 292
79 84
79 104
79 116
79 132
79 145
79 147
79 149
79 181
79 235
79 236
79 248
79 249
79 254
79 259
79 282
79 295
80 97
80 120
80 146
80 164
80 172
80 179
80 187
80 193
80 204
80 208
80 209
80 229
80 241
80 250
80 251
80 253
80 256
80 272
80 284
80 290
80 291
80 298
81 87
81 89
81 92
81 98
81 99
81 105
81 127
81 160
81 161
81 197
81 238
81 296
82 83
82 107
82 111
82 124
82 135
82 159
82 175
82 228
82 267
83 107
83 123
83 124
83 135
83 156
83 159
83 188
83 228
83 230
83 246
84 116
84 149
84 249
84 295
85 97
85 101
85 130
85 185
85 193
85 206
85 209
85 232
85 251
85 256
85 262
85 263
85 286
85 291
85 299
86 95
86 114
86 148
86 173
86 182
86 184
86 189
86 190
86 200
86 215
86 239
86 268
86 276
87 92
87 99
87 105
87 139
87 160
87 168
87 197
87 198
87 220
87 221
87 227
87 238
87 265
88 115
88 144
88 170
88 178
88 191
88 224
88 283
89 98
89 105
89 127
89 160
89 161
89 178
89 196
89 238
89 271
89 296
90 112
90 130
90 133
90 165
90 192
90 201
90 217
90 244
90 258
90 288
90 293
91 95
91 108
91 114
91 125
91 171
91 173
91 182
91 184
91 194
91 196
91 206
91 207
91 214
91 232
91 239
91 262
91 263
91 268
91 299
92 98
92 99
92 105
92 127
92 139
92 160
92 161
92 197
92 198
92 220
92 238
93 104
93 106
93 109
93 113
93 122
93 134
93 154
93 163
93 167
93 177
93 181
93 183
93 203
93 205
93 223
93 226
93 235
93 236
93 237
93 254
93 255
93 282
94 113
94 134
94 141
94 154
94 155
94 163
94 165
94 180
94 186
94 205
94 216
94 226
94 237
94 275
94 292
95 108
95 114
95 115
95 118
95 143
95 170
95 173
95 174
95 182
95 184
95 189
95 191
95 200
95 214
95 215
95 224
95 239
95 268
95 283
96 103
96 162
96 195
96 212
96 213
96 225
96 231
96 240
96 242
96 243
96 245
96 247
96 252
96 264
96 297
97 101
97 146
97 172
97 185
97 187
97 193
97 209
97 232
97 251
97 256
97 262
97 286
97 290
97 291
97 298
98 99
98 105
98 127
98 161
98 178
98 238
98 271
98 296
99 105
99 160
99 161
99 238
99 296
100 118
100 128
100 138
100 143
100 166
100 174
100 176
100 182
100 189
100 190
100 199
100 215
100 224
100 234
100 257
100 266
100 273
100 283
100 287
101 108
101 146
101 168
101 171
101 185
101 194
101 206
101 207
101 209
101 221
101 232
101 256
101 262
101 263
101 286
101 290
101 291
102 111
102 131
102 150
102 153
102 169
102 175
102 195
102 222
102 240
102 261
102 280
102 285
103 133
103 153
103 162
103 195
103 210
103 212
103 213
103 217
103 225
103 242
103 244
103 245
103 247
103 264
103 297
104 106
104 109
104 113
104 122
104 163
104 167
104 177
104 181
104 183
104 203
104 223
104 235
104 236
104 254
104 282
105 125
105 127
105 160
105 161
105 196
105 197
105 238
105 271
106 109
106 113
106 122
106 134
106 154
106 163
106 167
106 177
106 181
106 183
106 203
106 205
106 223
106 226
106 235
106 236
106 237
106 254
106 255
106 282
107 123
107 124
107 135
107 156
107 159
107 228
107 230
107 231
107 243
107 246
107 252
108 125
108 171
108 184
108 185
108 191
108 194
108 196
108 206
108 207
108 214
108 232
108 263
108 268
109 122
109 145
109 154
109 163
109 167
109 177
109 181
109 183
109 203
109 223
109 235
109 236
109 254
109 255
109 259
109 282
110 119
110 137
110 140
110 158
110 269
110 270
110 277
110 279
110 281
110 289
110 294
111 135
111 175
111 222
111 228
111 240
111 267
112 130
112 133
112 148
112 162
112 173
112 201
112 206
112 217
112 242
112 244
112 258
112 263
112 264
112 276
112 293
112 299
113 122
113 134
113 141
113 154
113 155
113 163
113 167
113 180
113 181
113 202
113 203
113 205
113 216
113 226
113 237
113 255
113 282
113 292
114 115
114 118
114 143
114 170
114 173
114 174
114 182
114 184
114 189
114 191
114 200
114 214
114 215
114 224
114 239
114 268
114 283
115 118
115 128
115 143
115 144
115 170
115 182
115 191
115 196
115 214
115 215
115 224
115 268
115 283
116 149
116 249
116 254
116 295
117 139
117 146
117 164
117 168
117 172
117 185
117 193
117 198
117 211
117 218
117 220
117 221
117 227
117 265
117 272
117 290
118 128
118 143
118 144
118 166
118 170
118 174
118 182
118 189
118 191
118 199
118 215
118 224
118 234
118 239
118 257
118 268
118 273
118 283
118 287
119 137
119 269
119 270
119 277
119 279
119 281
119 294
120 121
120 126
120 129
120 158
120 179
120 187
120 204
120 208
120 219
120 229
120 233
120 241
120 250
120 272
120 284
120 289
120 298
121 126
121 129
121 204
121 219
121 229
121 233
121 241
121 250
121 272
121 284
122 134
122 154
122 163
122 167
122 177
122 181
122 183
122 192
122 203
122 223
122 226
122 236
122 254
122 255
122 282
122 288
123 124
123 138
123 156
123 159
123 176
123 190
123 230
123 246
124 135
124 156
124 159
124 188
124 228
124 230
124 231
124 246
124 252
124 267
125 160
125 168
125 171
125 185
125 194
125 196
125 197
125 198
125 207
125 214
125 221
126 129
126 158
126 179
126 204
126 208
126 219
126 229
126 233
126 241
126 250
126 272
126 278
126 284
126 289
126 298
127 160
127 161
127 178
127 196
127 197
127 238
127 271
127 296
128 143
128 166
128 174
128 189
128 199
128 215
128 224
128 234
128 257
128 266
128 273
128 283
128 287
129 219
129 233
129 250
129 278
130 136
130 209
130 253
130 293
131 150
131 169
131 260
131 261
131 280
131 285
132 145
132 147
132 235
132 236
132 248
132 249
132 254
132 259
132 295
133 162
133 165
133 192
133 201
133 210
133 217
133 242
133 244
133 258
133 264
133 288
133 293
134 141
134 154
134 163
134 165
134 167
134 177
134 180
134 186
134 192
134 205
134 216
134 226
134 237
134 255
134 275
134 288
135 159
135 188
135 228
135 230
135 246
135 267
136 180
136 186
136 187
136 253
136 275
137 140
137 158
137 269
137 270
137 277
137 279
137 281
137 289
137 294
138 156
138 166
138 174
138 176
138 189
138 190
138 230
138 234
138 246
138 257
138 266
138 287
139 168
139 197
139 198
139 211
139 218
139 220
139 221
139 227
139 265
140 142
140 158
140 233
140 269
140 270
140 274
140 277
140 278
140 281
140 289
141 154
141 155
141 163
141 165
141 180
141 186
141 205
141 216
141 226
141 237
141 275
141 292
142 158
142 233
142 269
142 270
142 274
142 278
142 289
143 144
143 166
143 170
143 174
143 182
143 189
143 191
143 199
143 214
143 215
143 224
143 239
143 257
143 268
143 273
143 283
143 287
144 170
144 178
144 191
144 196
144 224
144 271
144 283
145 147
145 167
145 177
145 183
145 223
145 235
145 236
145 248
145 249
145 254
145 259
145 260
145 282
146 164
146 168
146 172
146 185
146 193
146 198
146 207
146 209
146 211
146 221
146 227
146 232
146 251
146 256
146 262
146 286
146 290
146 291
147 235
147 236
147 248
147 249
147 254
147 259
147 260
147 295
148 173
148 184
148 200
148 225
148 239
148 242
148 244
148 245
148 258
148 263
148 264
148 276
148 299
149 249
149 295
150 153
150 169
150 175
150 195
150 222
150 240
150 261
150 280
150 285
150 297
151 153
151 177
151 183
151 192
151 210
151 223
151 280
151 285
151 297
152 155
152 157
152 202
152 292
153 169
153 195
153 210
153 213
153 222
153 240
153 261
153 280
153 285
153 297
154 163
154 165
154 167
154 177
154 183
154 192
154 201
154 203
154 205
154 216
154 223
154 226
154 255
154 288
155 157
155 163
155 180
155 202
155 205
155 216
155 237
155 292
156 159
156 176
156 190
156 230
156 243
156 246
157 202
157 237
157 292
158 204
158 208
158 229
158 233
158 250
158 269
158 270
158 274
158 278
158 289
159 188
159 228
159 230
159 246
159 267
160 161
160 168
160 171
160 196
160 197
160 198
160 221
160 238
160 271
161 178
161 238
161 271
161 296
162 192
162 201
162 210
162 213
162 217
162 225
162 242
162 244
162 245
162 258
162 264
162 293
162 297
163 167
163 181
163 202
163 203
163 205
163 216
163 226
163 237
163 255
163 282
163 292
164 172
164 193
164 211
164 218
164 219
164 227
164 241
164 265
164 272
164 284
164 290
165 192
165 201
165 216
165 217
165 226
165 255
165 288
165 293
166 174
166 176
166 189
166 190
166 199
166 215
166 224
166 234
166 257
166 266
166 273
166 287
167 177
167 181
167 183
167 203
167 223
167 226
167 235
167 236
167 254
167 255
167 282
168 171
168 185
168 194
168 197
168 198
168 207
168 211
168 221
168 227
168 290
169 260
169 261
169 280
169 285
170 182
170 191
170 196
170 214
170 215
170 224
170 268
170 283
171 185
171 194
171 196
171 197
171 198
171 206
171 207
171 214
171 221
171 232
172 179
172 193
172 211
172 218
172 227
172 241
172 251
172 272
172 284
172 290
172 298
173 182
173 184
173 200
173 206
173 214
173 239
173 258
173 262
173 263
173 264
173 268
173 276
173 299
174 176
174 182
174 189
174 190
174 199
174 215
174 224
174 234
174 257
174 266
174 273
174 283
174 287
175 222
175 228
175 231
175 240
175 247
175 261
175 267
176 189
176 190
176 199
176 234
176 246
176 257
176 266
176 273
176 287
177 181
177 183
177 192
177 203
177 223
177 226
177 235
177 236
177 254
177 255
177 282
178 238
178 271
178 296
179 187
179 193
179 204
179 208
179 229
179 233
179 241
179 250
179 251
179 253
179 272
179 284
179 298
180 186
180 205
180 216
180 226
180 237
180 275
180 292
181 203
181 226
181 235
181 236
181 237
181 254
181 282
182 184
182 189
182 199
182 200
182 214
182 215
182 224
182 239
182 268
182 283
182 287
183 192
183 203
183 223
183 235
183 236
183 254
183 255
183 282
184 200
184 206
184 207
184 214
184 239
184 263
184 268
184 276
184 299
185 194
185 197
185 198
185 207
185 209
185 221
185 232
185 256
185 262
185 286
185 290
185 291
186 205
186 216
186 226
186 237
186 275
186 292
187 193
187 204
187 208
187 209
187 229
187 241
187 250
187 251
187 253
187 284
187 298
189 190
189 199
189 215
189 224
189 234
189 239
189 257
189 266
189 273
189 283
189 287
190 234
190 243
190 257
190 266
190 287
191 196
191 214
191 215
191 224
191 268
191 283
192 201
192 210
192 217
192 223
192 255
192 288
192 293
193 209
193 241
193 251
193 253
193 256
193 272
193 284
193 286
193 290
193 291
193 298
194 196
194 197
194 198
194 206
194 207
194 214
194 221
194 232
194 262
195 210
195 212
195 213
195 222
195 231
195 240
195 247
195 261
195 280
195 285
195 297
196 197
196 207
196 214
196 271
197 198
197 221
197 238
198 211
198 220
198 221
198 227
198 265
198 290
199 215
199 224
199 234
199 257
199 266
199 273
199 283
199 287
200 239
200 258
200 264
200 268
200 276
200 299
201 217
201 242
201 244
201 258
201 264
201 288
201 293
202 203
202 205
202 237
202 292
203 205
203 223
203 226
203 235
203 236
203 237
203 254
203 255
203 282
204 208
204 219
204 229
204 233
204 241
204 250
204 272
204 284
204 289
204 298
205 216
205 226
205 237
205 275
205 292
206 207
206 214
206 232
206 239
206 262
206 263
206 268
206 276
206 286
206 299
207 214
207 221
207 232
207 262
207 263
207 286
207 291
207 299
208 229
208 233
208 241
208 250
208 253
208 272
208 284
208 289
208 298
209 232
209 251
209 253
209 256
209 262
209 286
209 290
209 291
209 298
210 213
210 217
210 285
210 297
211 218
211 220
211 221
211 227
211 265
211 290
212 213
212 222
212 225
212 231
212 240
212 243
212 245
212 247
212 252
212 297
213 225
213 231
213 240
213 242
213 243
213 245
213 247
213 252
213 264
213 297
214 239
214 263
214 268
214 299
215 224
215 234
215 239
215 257
215 268
215 273
215 283
215 287
216 226
216 237
216 275
216 292
217 225
217 242
217 244
217 245
217 258
217 264
217 288
217 293
218 219
218 220
218 227
218 265
218 272
218 290
219 229
219 233
219 241
219 250
219 272
219 284
220 227
220 265
221 227
221 290
222 228
222 231
222 240
222 247
222 252
222 261
223 235
223 236
223 254
223 255
223 282
224 257
224 268
224 273
224 283
224 287
225 242
225 243
225 244
225 245
225 247
225 252
225 258
225 264
226 237
226 255
226 275
226 288
227 265
227 290
228 230
228 231
228 240
228 247
228 252
228 267
229 233
229 241
229 250
229 272
229 278
229 284
229 289
229 298
230 246
231 240
231 243
231 245
231 247
231 252
232 256
232 262
232 263
232 286
232 291
232 299
233 241
233 250
233 274
233 278
233 289
234 257
234 266
234 273
234 287
235 236
235 248
235 249
235 254
235 259
235 282
235 295
236 248
236 249
236 254
236 259
236 282
236 295
237 292
238 271
238 296
239 263
239 268
239 276
239 299
240 247
240 252
240 261
241 250
241 251
241 272
241 284
241 290
241 298
242 244
242 245
242 258
242 264
242 276
242 293
243 245
243 247
243 252
244 245
244 258
244 264
244 276
244 293
245 247
245 252
245 258
245 264
247 252
248 249
248 254
248 259
248 295
249 254
249 259
249 295
250 272
250 284
250 289
250 298
251 253
251 256
251 272
251 284
251 286
251 290
251 291
251 298
253 298
254 259
254 282
254 295
255 282
255 288
256 262
256 286
256 290
256 291
257 266
257 273
257 287
258 263
258 264
258 276
258 293
258 299
259 282
259 295
260 280
260 285
261 280
261 285
261 297
262 263
262 286
262 291
262 299
263 276
263 286
263 299
264 276
264 293
266 273
266 287
268 299
269 270
269 274
269 277
269 279
269 281
269 289
269 294
270 274
270 277
270 281
270 289
270 294
271 296
272 284
272 290
272 298
273 283
273 287
274 278
274 289
276 299
277 279
277 281
277 294
278 289
279 281
279 294
280 285
280 297
281 294
283 287
284 290
284 298
285 297
286 290
286 291
288 293
290 291
290 298
