30 152
0 2
0 3
0 8
0 11
0 12
0 21
0 27
0 29
1 2
1 3
1 6
1 7
1 8
1 10
1 12
1 14
1 16
1 19
1 20
1 22
1 23
1 25
2 3
2 6
2 8
2 10
2 12
2 14
2 16
2 17
2 19
2 20
2 22
2 23
2 25
2 27
2 29
3 6
3 7
3 8
3 10
3 12
3 14
3 16
3 19
3 20
3 23
3 25
4 5
4 6
4 13
4 14
4 17
4 22
5 13
5 14
5 17
5 22
6 8
6 10
6 12
6 14
6 16
6 17
6 19
6 20
6 22
6 23
6 25
7 12
7 19
7 20
7 23
7 25
8 10
8 12
8 14
8 16
8 17
8 19
8 20
8 22
8 23
8 25
8 27
8 29
9 11
9 21
9 24
9 26
9 28
10 12
10 14
10 16
10 17
10 19
10 20
10 22
10 23
10 25
11 12
11 21
11 24
11 26
11 29
12 16
12 19
12 20
12 23
12 25
12 29
13 14
13 15
13 17
13 22
14 16
14 17
14 19
14 20
14 22
14 23
14 25
15 17
15 18
15 27
16 17
16 19
16 20
16 22
16 23
16 25
17 22
17 27
18 27
18 28
18 29
19 20
19 22
19 23
19 25
20 22
20 23
20 25
21 24
21 26
21 28
21 29
23 25
24 26
27 28
27 29
28 29
