500 5530
0 13
0 22
0 33
0 58
0 74
0 87
0 98
0 114
0 116
0 172
0 208
0 214
0 221
0 223
0 242
0 290
0 295
0 307
0 311
0 333
0 421
0 476
1 53
1 82
1 118
1 121
1 138
1 146
1 174
1 187
1 227
1 245
1 264
1 309
1 397
1 401
1 409
1 415
1 447
1 464
2 7
2 15
2 37
2 48
2 83
2 92
2 99
2 110
2 125
2 170
2 207
2 216
2 255
2 262
2 293
2 315
2 328
2 348
2 359
2 360
2 392
2 411
2 422
2 441
2 449
2 457
2 475
2 499
3 6
3 31
3 65
3 75
3 93
3 111
3 120
3 137
3 149
3 179
3 233
3 235
3 321
3 440
3 472
3 483
3 494
4 8
4 17
4 19
4 52
4 68
4 73
4 100
4 113
4 136
4 157
4 175
4 197
4 212
4 257
4 297
4 312
4 374
4 387
4 391
4 404
4 419
4 424
4 425
4 443
4 496
4 498
5 69
5 85
5 89
5 91
5 123
5 236
5 266
5 269
5 275
5 288
5 318
5 355
5 373
5 394
6 45
6 111
6 120
6 194
6 199
6 235
6 238
6 249
6 353
6 426
6 445
6 471
6 472
6 483
6 494
7 54
7 85
7 92
7 99
7 102
7 125
7 135
7 160
7 166
7 170
7 193
7 207
7 216
7 224
7 262
7 280
7 293
7 315
7 371
7 373
7 377
7 422
7 441
7 446
7 449
7 454
7 499
8 17
8 19
8 52
8 68
8 73
8 100
8 113
8 136
8 157
8 175
8 197
8 212
8 239
8 284
8 308
8 374
8 391
8 419
8 423
8 425
8 478
8 496
8 498
9 29
9 35
9 36
9 64
9 88
9 106
9 152
9 156
9 161
9 176
9 181
9 186
9 189
9 203
9 215
9 219
9 267
9 271
9 273
9 291
9 298
9 340
9 365
9 459
9 468
9 492
10 59
10 67
10 86
10 140
10 150
10 152
10 159
10 171
10 180
10 250
10 251
10 274
10 277
10 337
10 341
10 378
10 390
10 406
10 432
10 465
10 480
10 495
11 28
11 40
11 46
11 148
11 268
11 344
11 356
11 363
11 436
11 455
11 458
11 488
11 491
12 28
12 97
12 107
12 151
12 174
12 182
12 261
12 286
12 344
12 356
12 357
12 363
12 401
12 436
12 447
12 450
12 453
12 484
13 22
13 47
13 57
13 63
13 74
13 76
13 87
13 98
13 116
13 128
13 169
13 172
13 177
13 221
13 223
13 226
13 290
13 307
13 333
13 335
13 408
13 410
13 421
13 476
14 35
14 39
14 43
14 60
14 61
14 95
14 112
14 145
14 154
14 161
14 176
14 202
14 205
14 210
14 211
14 215
14 243
14 267
14 271
14 273
14 306
14 322
14 365
14 405
14 456
14 477
14 489
14 492
14 493
15 37
15 38
15 48
15 81
15 83
15 99
15 110
15 111
15 125
15 137
15 194
15 207
15 235
15 249
15 255
15 328
15 359
15 360
15 367
15 411
15 440
15 445
15 457
15 471
15 475
16 55
16 62
16 101
16 240
16 241
16 317
16 320
16 384
16 388
16 435
16 438
17 19
17 50
17 68
17 100
17 113
17 136
17 153
17 157
17 175
17 191
17 192
17 212
17 257
17 287
17 297
17 368
17 387
17 391
17 404
17 416
17 419
17 425
17 470
17 496
18 34
18 54
18 72
18 96
18 105
18 122
18 124
18 130
18 189
18 190
18 201
18 219
18 222
18 247
18 259
18 263
18 279
18 301
18 302
18 324
18 343
18 376
18 400
18 413
18 448
18 466
18 467
18 487
19 52
19 56
19 68
19 73
19 100
19 113
19 136
19 157
19 175
19 197
19 212
19 257
19 297
19 312
19 374
19 387
19 391
19 404
19 419
19 424
19 425
19 443
19 478
19 496
19 498
20 27
20 51
20 89
20 91
20 123
20 185
20 231
20 232
20 265
20 266
20 269
20 275
20 288
20 341
20 355
20 358
20 364
20 399
20 429
20 463
21 23
21 26
21 71
21 101
21 200
21 246
21 284
21 308
21 388
21 395
21 423
21 430
21 442
21 451
22 24
22 33
22 47
22 57
22 63
22 70
22 74
22 87
22 98
22 114
22 116
22 128
22 133
22 169
22 172
22 177
22 183
22 208
22 221
22 223
22 226
22 242
22 244
22 290
22 307
22 310
22 311
22 333
22 335
22 342
22 345
22 408
22 410
22 421
22 476
23 26
23 71
23 101
23 200
23 220
23 246
23 254
23 284
23 289
23 384
23 388
23 395
23 430
23 438
23 442
23 451
24 33
24 47
24 57
24 70
24 87
24 114
24 116
24 151
24 183
24 208
24 221
24 223
24 242
24 286
24 310
24 311
24 333
24 334
24 342
24 346
24 357
24 408
24 436
24 484
25 49
25 78
25 94
25 142
25 159
25 171
25 198
25 230
25 283
25 319
25 323
25 372
25 385
25 417
25 461
25 462
25 469
26 71
26 101
26 200
26 220
26 246
26 284
26 320
26 384
26 388
26 395
26 430
26 438
26 442
26 451
27 51
27 123
27 185
27 231
27 269
27 358
27 364
27 428
27 429
27 463
28 40
28 46
28 80
28 82
28 118
28 121
28 148
28 182
28 227
28 248
28 268
28 309
28 344
28 356
28 363
28 397
28 418
28 447
28 455
28 474
28 488
29 66
29 134
29 152
29 156
29 163
29 165
29 176
29 203
29 250
29 274
29 277
29 340
29 365
29 366
29 431
29 432
29 437
29 459
29 489
30 84
30 141
30 167
30 218
30 252
30 295
30 303
30 330
30 380
30 490
31 32
31 65
31 75
31 77
31 81
31 93
31 109
31 131
31 137
31 149
31 179
31 204
31 229
31 233
31 282
31 313
31 321
31 339
31 348
31 350
31 359
31 381
31 440
32 77
32 81
32 93
32 109
32 131
32 137
32 149
32 179
32 204
32 206
32 225
32 229
32 233
32 253
32 282
32 313
32 339
32 348
32 350
32 359
32 381
32 440
33 97
33 107
33 114
33 151
33 182
33 183
33 208
33 223
33 242
33 286
33 311
33 334
33 342
33 357
33 436
33 450
33 453
33 484
34 79
34 96
34 104
34 105
34 122
34 152
34 186
34 189
34 190
34 201
34 203
34 219
34 222
34 272
34 276
34 285
34 302
34 369
34 390
34 396
34 400
34 413
34 448
34 465
34 466
34 487
35 36
35 39
35 60
35 64
35 88
35 95
35 112
35 127
35 156
35 161
35 176
35 181
35 205
35 210
35 215
35 243
35 267
35 271
35 273
35 298
35 365
35 456
35 489
35 492
35 493
36 41
36 60
36 64
36 88
36 106
36 112
36 127
36 156
36 161
36 176
36 181
36 186
36 189
36 203
36 215
36 243
36 267
36 271
36 273
36 285
36 291
36 298
36 365
36 459
36 468
36 485
36 487
36 492
37 48
37 81
37 83
37 92
37 99
37 110
37 111
37 131
37 137
37 170
37 207
37 255
37 262
37 348
37 359
37 360
37 367
37 392
37 411
37 440
37 445
37 457
37 471
37 475
38 48
38 82
38 83
38 99
38 121
38 125
38 138
38 146
38 166
38 187
38 193
38 194
38 207
38 227
38 248
38 264
38 309
38 328
38 353
38 360
38 367
38 409
38 411
38 412
38 415
38 422
38 445
38 457
38 471
38 475
39 43
39 60
39 61
39 95
39 145
39 154
39 202
39 205
39 210
39 211
39 271
39 273
39 322
39 365
39 375
39 405
39 477
39 489
39 493
40 46
40 80
40 82
40 118
40 148
40 268
40 344
40 356
40 363
40 393
40 418
40 455
40 474
40 488
41 64
41 88
41 96
41 105
41 106
41 115
41 122
41 132
41 181
41 186
41 189
41 195
41 201
41 215
41 219
41 228
41 247
41 279
41 285
41 291
41 294
41 298
41 301
41 305
41 332
41 386
41 413
41 414
41 434
41 468
41 485
41 487
42 62
42 143
42 154
42 240
42 296
42 316
42 317
42 361
42 433
42 482
43 60
43 61
43 95
43 145
43 202
43 205
43 210
43 211
43 270
43 271
43 322
43 365
43 375
43 405
43 477
43 489
43 493
44 69
44 77
44 85
44 92
44 110
44 206
44 225
44 229
44 236
44 253
44 255
44 262
44 304
44 313
44 318
44 348
44 392
44 449
45 120
45 194
45 199
45 235
45 238
45 249
45 353
45 393
45 426
45 472
45 474
45 483
46 80
46 82
46 118
46 121
46 148
46 227
46 248
46 268
46 309
46 344
46 356
46 363
46 393
46 397
46 418
46 447
46 455
46 474
46 488
47 57
47 63
47 70
47 87
47 90
47 116
47 133
47 155
47 169
47 172
47 177
47 221
47 223
47 226
47 244
47 292
47 310
47 333
47 335
47 342
47 345
47 408
47 410
48 83
48 99
48 111
48 125
48 146
48 187
48 194
48 207
48 249
48 264
48 328
48 360
48 367
48 411
48 412
48 422
48 445
48 457
48 471
48 475
49 78
49 94
49 142
49 159
49 171
49 180
49 188
49 209
49 260
49 319
49 336
49 372
49 417
49 461
49 462
49 473
49 480
50 113
50 153
50 157
50 164
50 175
50 191
50 195
50 196
50 254
50 278
50 281
50 287
50 289
50 306
50 325
50 351
50 368
50 387
50 404
50 416
50 425
50 427
50 433
50 452
50 456
50 460
50 470
51 231
51 354
51 358
51 364
51 370
51 428
51 429
51 463
51 495
52 73
52 103
52 136
52 139
52 141
52 168
52 197
52 237
52 257
52 300
52 312
52 329
52 374
52 380
52 391
52 419
52 420
52 424
52 443
52 478
52 486
52 496
52 498
53 107
53 126
53 174
53 178
53 213
53 234
53 245
53 256
53 261
53 331
53 379
53 401
53 403
53 450
53 464
53 479
54 102
54 130
54 135
54 158
54 160
54 166
54 184
54 193
54 222
54 259
54 263
54 280
54 293
54 302
54 324
54 343
54 369
54 400
54 439
54 446
54 454
54 467
54 481
54 499
55 62
55 101
55 241
55 320
55 384
55 388
55 435
55 438
56 103
56 119
56 132
56 136
56 147
56 168
56 175
56 257
56 258
56 297
56 299
56 305
56 312
56 314
56 326
56 349
56 383
56 386
56 402
56 419
56 443
56 444
56 497
57 63
57 70
57 87
57 90
57 114
57 116
57 133
57 169
57 172
57 177
57 183
57 221
57 223
57 226
57 244
57 292
57 310
57 333
57 334
57 335
57 342
57 345
57 357
57 408
57 410
58 74
58 167
58 173
58 208
58 214
58 217
58 218
58 252
58 290
58 295
58 303
58 307
58 329
58 407
58 421
58 476
59 67
59 78
59 86
59 94
59 159
59 171
59 180
59 198
59 250
59 274
59 277
59 323
59 354
59 372
59 378
59 406
59 432
59 473
59 480
59 495
60 61
60 95
60 112
60 145
60 156
60 161
60 176
60 181
60 202
60 205
60 210
60 215
60 243
60 267
60 271
60 273
60 322
60 365
60 405
60 477
60 489
60 492
60 493
61 95
61 145
61 154
61 202
61 205
61 210
61 211
61 322
61 375
61 405
61 477
61 493
62 101
62 196
62 220
62 240
62 241
62 254
62 289
62 296
62 316
62 317
62 320
62 361
62 384
62 388
62 430
62 438
62 442
62 451
62 460
62 482
63 87
63 90
63 116
63 128
63 133
63 155
63 169
63 172
63 177
63 221
63 223
63 226
63 244
63 327
63 333
63 335
63 345
63 389
63 408
63 410
64 88
64 106
64 112
64 152
64 156
64 161
64 176
64 181
64 186
64 189
64 203
64 215
64 219
64 243
64 267
64 271
64 273
64 285
64 291
64 298
64 340
64 459
64 468
64 485
64 487
64 492
65 75
65 93
65 109
65 137
65 149
65 179
65 233
65 282
65 321
65 440
65 483
65 494
66 117
66 134
66 144
66 163
66 165
66 188
66 209
66 260
66 270
66 274
66 362
66 366
66 375
66 431
66 437
66 473
66 489
67 86
67 140
67 150
67 250
67 251
67 265
67 337
67 341
67 354
67 358
67 364
67 378
67 406
67 463
67 495
68 100
68 113
68 136
68 153
68 157
68 175
68 191
68 200
68 212
68 284
68 287
68 308
68 368
68 387
68 391
68 404
68 416
68 419
68 423
68 425
68 430
68 496
69 77
69 89
69 206
69 225
69 236
69 253
69 304
69 313
69 318
69 392
69 449
70 87
70 90
70 114
70 116
70 133
70 169
70 177
70 183
70 221
70 223
70 242
70 244
70 292
70 310
70 333
70 334
70 335
70 342
70 345
70 346
70 357
70 408
70 436
70 458
71 101
71 200
71 246
71 284
71 308
71 388
71 395
71 423
71 430
71 442
71 451
72 96
72 105
72 119
72 122
72 124
72 130
72 132
72 147
72 178
72 190
72 201
72 228
72 247
72 263
72 279
72 294
72 301
72 324
72 326
72 332
72 343
72 349
72 352
72 376
72 379
72 383
72 386
72 400
72 402
72 434
72 444
72 487
73 103
73 136
73 139
73 141
73 162
73 168
73 197
73 217
73 237
73 257
73 300
73 312
73 329
73 374
73 380
73 391
73 398
73 419
73 420
73 424
73 443
73 478
73 486
73 496
73 498
74 76
74 87
74 98
74 114
74 116
74 128
74 172
74 208
74 214
74 221
74 223
74 242
74 290
74 307
74 311
74 333
74 408
74 421
74 476
75 93
75 109
75 137
75 149
75 179
75 233
75 282
75 321
75 381
75 440
75 494
76 98
76 128
76 172
76 290
76 307
76 410
76 421
76 476
77 81
77 92
77 93
77 110
77 131
77 137
77 179
77 204
77 206
77 225
77 229
77 253
77 255
77 262
77 304
77 313
77 339
77 348
77 350
77 359
77 392
77 449
78 94
78 142
78 159
78 171
78 180
78 188
78 198
78 283
78 319
78 323
78 354
78 372
78 378
78 417
78 461
78 462
78 480
79 104
79 140
79 150
79 152
79 203
79 219
79 251
79 272
79 276
79 302
79 341
79 369
79 390
79 396
79 448
79 465
79 466
80 82
80 118
80 121
80 138
80 148
80 227
80 248
80 264
80 268
80 309
80 344
80 356
80 363
80 393
80 397
80 412
80 418
80 447
80 455
80 474
80 488
81 92
81 93
81 110
81 131
81 137
81 149
81 179
81 204
81 206
81 225
81 229
81 233
81 255
81 313
81 321
81 339
81 348
81 350
81 359
81 392
81 440
82 118
82 121
82 138
82 146
82 187
82 227
82 248
82 264
82 268
82 309
82 344
82 353
82 393
82 397
82 401
82 409
82 412
82 418
82 447
82 488
83 92
83 99
83 111
83 125
83 194
83 207
83 235
83 255
83 328
83 360
83 367
83 411
83 422
83 445
83 457
83 471
83 475
84 141
84 167
84 218
84 252
84 295
84 303
84 330
84 380
84 490
85 92
85 108
85 129
85 170
85 216
85 224
85 236
85 255
85 262
85 280
85 304
85 315
85 318
85 371
85 373
85 377
85 382
85 392
85 394
85 441
85 449
85 454
85 499
86 140
86 150
86 159
86 171
86 180
86 250
86 251
86 274
86 277
86 337
86 341
86 378
86 390
86 406
86 432
86 463
86 465
86 495
87 98
87 114
87 116
87 128
87 133
87 169
87 172
87 177
87 208
87 221
87 223
87 226
87 242
87 244
87 290
87 307
87 311
87 333
87 335
87 342
87 408
87 410
87 421
87 476
88 106
88 112
88 115
88 127
88 156
88 161
88 181
88 189
88 192
88 195
88 215
88 243
88 267
88 278
88 281
88 285
88 291
88 294
88 298
88 305
88 332
88 414
88 434
88 468
88 470
88 485
88 487
88 492
89 91
89 123
89 236
89 266
89 269
89 275
89 288
89 318
89 355
89 373
89 394
90 116
90 133
90 155
90 169
90 177
90 221
90 223
90 226
90 244
90 292
90 310
90 335
90 345
90 408
91 123
91 236
91 266
91 269
91 275
91 288
91 355
91 394
92 110
92 170
92 207
92 216
92 255
92 262
92 304
92 315
92 318
92 348
92 359
92 377
92 392
92 441
92 449
92 499
93 109
93 131
93 137
93 149
93 179
93 204
93 229
93 233
93 282
93 313
93 321
93 339
93 348
93 350
93 359
93 381
93 440
94 142
94 159
94 171
94 180
94 188
94 198
94 319
94 323
94 336
94 372
94 378
94 417
94 461
94 462
94 473
94 480
95 112
95 127
95 145
95 154
95 161
95 164
95 205
95 210
95 211
95 243
95 267
95 271
95 273
95 306
95 365
95 405
95 427
95 456
95 477
95 492
95 493
96 105
96 122
96 124
96 130
96 132
96 186
96 189
96 190
96 201
96 219
96 222
96 228
96 247
96 259
96 263
96 279
96 285
96 294
96 301
96 324
96 332
96 343
96 352
96 376
96 400
96 413
96 448
96 466
96 467
96 487
97 107
97 151
97 174
97 182
97 183
97 242
97 261
97 286
97 311
97 331
97 334
97 357
97 363
97 401
97 403
97 436
97 450
97 453
97 484
98 128
98 172
98 214
98 290
98 307
98 333
98 410
98 421
98 476
99 102
99 125
99 146
99 158
99 160
99 166
99 170
99 187
99 193
99 207
99 216
99 264
99 293
99 328
99 360
99 367
99 411
99 415
99 422
99 441
99 446
99 457
99 471
99 475
99 499
100 113
100 136
100 153
100 157
100 175
100 197
100 200
100 212
100 239
100 284
100 308
100 391
100 404
100 419
100 423
100 425
100 430
100 496
100 498
101 220
101 240
101 241
101 254
101 316
101 317
101 320
101 384
101 388
101 395
101 435
101 438
101 442
101 451
101 482
102 125
102 130
102 135
102 158
102 160
102 166
102 193
102 216
102 222
102 259
102 263
102 280
102 293
102 324
102 328
102 371
102 422
102 446
102 454
102 467
102 481
102 499
103 119
103 136
103 139
103 147
103 168
103 173
103 234
103 237
103 257
103 258
103 297
103 299
103 312
103 314
103 329
103 349
103 374
103 383
103 419
103 424
103 443
103 497
104 122
104 140
104 150
104 152
104 186
104 189
104 190
104 201
104 203
104 219
104 272
104 302
104 390
104 396
104 413
104 448
104 465
104 466
104 487
105 122
105 124
105 130
105 132
105 178
105 189
105 190
105 201
105 219
105 228
105 247
105 259
105 263
105 279
105 285
105 294
105 301
105 324
105 326
105 332
105 343
105 352
105 376
105 386
105 400
105 413
105 434
105 448
105 466
105 467
105 485
105 487
106 112
106 127
106 156
106 161
106 176
106 181
106 186
106 189
106 195
106 203
106 215
106 219
106 243
106 267
106 285
106 291
106 294
106 298
106 413
106 414
106 459
106 468
106 485
106 487
106 492
107 151
107 174
107 182
107 261
107 286
107 331
107 357
107 363
107 401
107 403
107 447
107 450
107 453
107 484
108 129
108 135
108 184
108 224
108 232
108 236
108 265
108 276
108 280
108 302
108 315
108 338
108 369
108 371
108 373
108 377
108 382
108 394
108 396
108 399
108 439
108 454
109 149
109 179
109 233
109 282
109 381
110 131
110 137
110 170
110 204
110 216
110 225
110 229
110 253
110 255
110 262
110 304
110 313
110 339
110 348
110 350
110 359
110 392
110 441
110 449
111 120
111 137
111 194
111 199
111 235
111 249
111 321
111 353
111 360
111 367
111 411
111 426
111 440
111 445
111 457
111 471
111 472
111 475
111 483
111 494
112 127
112 161
112 164
112 176
112 181
112 195
112 215
112 243
112 267
112 271
112 273
112 278
112 281
112 291
112 298
112 306
112 325
112 456
112 468
112 470
112 492
113 153
113 157
113 164
113 175
113 191
113 196
113 212
113 254
113 284
113 287
113 289
113 325
113 351
113 368
113 387
113 404
113 416
113 425
113 427
113 430
113 452
113 460
114 116
114 183
114 208
114 221
114 223
114 242
114 286
114 290
114 311
114 333
114 334
114 342
114 357
114 408
114 436
114 484
115 119
115 127
115 132
115 192
115 195
115 228
115 247
115 278
115 281
115 285
115 291
115 294
115 297
115 301
115 305
115 332
115 386
115 402
115 414
115 434
115 468
115 470
115 485
115 487
116 133
116 169
116 172
116 177
116 183
116 208
116 221
116 223
116 226
116 242
116 244
116 290
116 292
116 310
116 311
116 333
116 334
116 335
116 342
116 345
116 357
116 408
116 410
116 421
117 134
117 144
117 163
117 165
117 188
117 209
117 260
117 270
117 362
117 366
117 375
117 431
117 437
117 473
117 489
118 121
118 138
118 146
118 148
118 187
118 227
118 248
118 264
118 268
118 309
118 344
118 353
118 363
118 393
118 397
118 409
118 412
118 418
118 447
118 455
118 474
118 488
119 132
119 147
119 168
119 228
119 257
119 258
119 294
119 297
119 299
119 305
119 312
119 314
119 326
119 332
119 349
119 352
119 383
119 386
119 402
119 414
119 434
119 444
119 497
120 199
120 235
120 238
120 249
120 353
120 426
120 472
120 483
120 494
121 138
121 146
121 187
121 227
121 245
121 248
121 264
121 309
121 397
121 401
121 409
121 412
121 415
121 418
121 447
122 124
122 186
122 189
122 190
122 201
122 219
122 228
122 247
122 259
122 272
122 279
122 285
122 291
122 294
122 301
122 302
122 400
122 413
122 448
122 466
122 468
122 485
122 487
123 185
123 231
123 232
123 265
123 266
123 269
123 275
123 288
123 355
123 429
124 130
124 132
124 178
124 190
124 201
124 222
124 228
124 247
124 259
124 263
124 279
124 294
124 301
124 324
124 326
124 332
124 343
124 352
124 376
124 400
124 413
124 448
124 466
124 467
124 481
124 487
125 146
125 158
125 160
125 166
125 170
125 187
125 193
125 207
125 264
125 293
125 328
125 360
125 367
125 411
125 415
125 422
125 441
125 446
125 457
125 475
125 499
126 147
126 168
126 213
126 234
126 256
126 258
126 261
126 314
126 331
126 383
126 403
126 407
126 444
126 450
126 464
126 479
126 497
127 161
127 181
127 192
127 195
127 215
127 243
127 267
127 273
127 278
127 281
127 287
127 291
127 298
127 306
127 325
127 387
127 414
127 416
127 456
127 468
127 470
127 485
127 492
128 169
128 172
128 177
128 221
128 226
128 290
128 307
128 333
128 389
128 408
128 410
128 421
128 476
129 135
129 184
129 216
129 224
129 236
129 276
129 280
129 315
129 318
129 338
129 369
129 371
129 373
129 377
129 382
129 394
129 399
129 439
129 449
129 454
130 158
130 160
130 166
130 178
130 190
130 193
130 222
130 256
130 259
130 263
130 279
130 324
130 343
130 376
130 379
130 400
130 446
130 467
130 481
131 137
131 149
131 179
131 204
131 206
131 225
131 229
131 233
131 253
131 255
131 313
131 321
131 339
131 348
131 350
131 359
131 381
131 392
131 440
132 147
132 228
132 247
132 258
132 279
132 294
132 299
132 301
132 305
132 326
132 332
132 349
132 352
132 376
132 383
132 386
132 402
132 414
132 434
132 444
132 485
133 155
133 169
133 177
133 221
133 223
133 226
133 244
133 292
133 310
133 327
133 333
133 335
133 345
133 389
133 408
133 410
134 144
134 163
134 165
134 176
134 250
134 270
134 274
134 277
134 340
134 362
134 365
134 366
134 375
134 431
134 432
134 437
134 473
134 489
135 184
135 222
135 224
135 276
135 280
135 302
135 315
135 338
135 369
135 371
135 373
135 377
135 382
135 396
135 399
135 439
135 454
135 467
135 499
136 168
136 175
136 197
136 212
136 257
136 297
136 299
136 312
136 374
136 391
136 419
136 424
136 443
136 478
136 496
136 498
137 149
137 179
137 204
137 229
137 233
137 321
137 339
137 348
137 350
137 359
137 440
137 494
138 146
138 187
138 227
138 245
138 248
138 264
138 309
138 328
138 397
138 401
138 409
138 412
138 415
138 418
138 447
139 141
139 167
139 168
139 173
139 217
139 218
139 237
139 303
139 329
139 374
139 380
139 407
139 420
139 424
139 443
139 478
139 497
140 150
140 152
140 203
140 250
140 251
140 272
140 274
140 277
140 337
140 341
140 390
140 406
140 432
140 465
141 162
141 167
141 217
141 218
141 252
141 295
141 300
141 303
141 329
141 347
141 374
141 380
141 398
141 420
141 424
141 443
141 478
141 486
141 498
142 188
142 209
142 260
142 319
142 336
142 372
142 417
142 461
142 462
142 473
142 480
143 154
143 240
143 296
143 316
143 361
143 433
143 482
144 163
144 165
144 188
144 209
144 260
144 270
144 274
144 362
144 366
144 375
144 431
144 437
144 473
144 489
145 154
145 202
145 205
145 210
145 211
145 322
145 405
145 477
145 493
146 158
146 187
146 194
146 207
146 227
146 245
146 248
146 264
146 309
146 328
146 360
146 367
146 397
146 409
146 412
146 415
146 418
146 445
146 457
146 471
146 475
147 168
147 178
147 213
147 228
147 256
147 258
147 299
147 314
147 326
147 349
147 352
147 376
147 383
147 386
147 402
147 444
147 479
147 497
148 268
148 344
148 356
148 363
148 393
148 455
148 474
148 488
148 491
149 179
149 204
149 233
149 282
149 321
149 339
149 350
149 359
149 381
149 440
149 494
150 152
150 203
150 250
150 251
150 272
150 274
150 277
150 337
150 341
150 390
150 406
150 432
150 465
151 174
151 182
151 183
151 242
151 261
151 286
151 311
151 334
151 342
151 356
151 357
151 363
151 436
151 450
151 453
151 484
152 156
152 186
152 189
152 203
152 219
152 250
152 272
152 277
152 340
152 390
152 432
152 459
152 465
153 157
153 164
153 191
153 196
153 200
153 220
153 254
153 284
153 287
153 289
153 317
153 325
153 351
153 368
153 384
153 387
153 404
153 416
153 425
153 427
153 430
153 442
153 451
153 452
153 460
154 164
154 210
154 211
154 306
154 361
154 405
154 427
154 433
154 452
154 456
154 477
154 493
155 169
155 177
155 226
155 244
155 327
155 335
155 345
155 389
155 408
155 410
156 161
156 176
156 181
156 186
156 189
156 203
156 215
156 267
156 271
156 273
156 291
156 298
156 340
156 365
156 459
156 468
156 489
156 492
157 164
157 175
157 191
157 196
157 200
157 212
157 254
157 284
157 287
157 289
157 325
157 351
157 368
157 387
157 404
157 416
157 425
157 427
157 430
157 452
157 460
158 160
158 166
158 187
158 193
158 245
158 264
158 293
158 324
158 328
158 343
158 379
158 409
158 415
158 422
158 446
158 481
159 171
159 180
159 188
159 198
159 250
159 274
159 277
159 319
159 323
159 372
159 378
159 406
159 417
159 462
159 473
159 480
159 495
160 166
160 193
160 293
160 324
160 328
160 415
160 422
160 446
160 454
160 481
160 499
161 176
161 181
161 205
161 215
161 243
161 267
161 271
161 273
161 291
161 298
161 365
161 459
161 468
161 489
161 492
161 493
162 197
162 239
162 300
162 347
162 380
162 391
162 398
162 420
162 478
162 486
162 498
163 165
163 176
163 209
163 250
163 260
163 270
163 274
163 277
163 340
163 362
163 365
163 366
163 375
163 431
163 432
163 437
163 473
163 489
164 191
164 196
164 211
164 278
164 287
164 306
164 325
164 351
164 368
164 387
164 404
164 405
164 416
164 427
164 433
164 452
164 456
164 460
165 188
165 209
165 250
165 260
165 270
165 274
165 277
165 340
165 362
165 366
165 372
165 431
165 432
165 437
165 473
165 480
165 489
166 187
166 193
166 207
166 293
166 328
166 415
166 422
166 446
166 454
166 481
166 499
167 173
167 214
167 217
167 218
167 252
167 295
167 303
167 329
167 330
167 380
167 490
168 173
168 234
168 237
168 257
168 258
168 297
168 299
168 312
168 314
168 329
168 349
168 374
168 383
168 419
168 424
168 443
168 497
169 172
169 177
169 221
169 223
169 226
169 244
169 292
169 310
169 327
169 333
169 335
169 345
169 389
169 408
169 410
170 207
170 216
170 224
170 255
170 262
170 280
170 293
170 304
170 315
170 318
170 371
170 373
170 377
170 392
170 422
170 441
170 449
170 454
170 499
171 180
171 188
171 198
171 250
171 274
171 277
171 319
171 323
171 354
171 372
171 378
171 406
171 417
171 462
171 473
171 480
171 495
172 177
172 221
172 223
172 226
172 290
172 307
172 333
172 335
172 408
172 410
172 421
172 476
173 213
173 217
173 218
173 234
173 237
173 295
173 303
173 329
173 331
173 407
173 497
174 182
174 261
174 331
174 363
174 401
174 403
174 447
174 450
174 453
174 464
174 484
175 191
175 192
175 212
175 257
175 281
175 287
175 297
175 312
175 387
175 404
175 416
175 419
175 425
175 470
175 496
176 181
176 205
176 215
176 267
176 271
176 273
176 298
176 340
176 365
176 459
176 489
176 492
177 221
177 223
177 226
177 244
177 292
177 310
177 327
177 333
177 335
177 345
177 389
177 408
177 410
177 421
178 256
178 263
178 279
178 324
178 326
178 343
178 352
178 376
178 379
178 444
178 464
178 479
178 481
179 204
179 229
179 233
179 282
179 313
179 321
179 339
179 348
179 350
179 359
179 381
179 440
180 188
180 198
180 250
180 274
180 277
180 323
180 372
180 378
180 406
180 462
180 473
180 480
180 495
181 186
181 189
181 195
181 215
181 243
181 267
181 271
181 273
181 278
181 281
181 285
181 291
181 298
181 414
181 459
181 468
181 485
181 487
181 492
182 183
182 261
182 286
182 334
182 344
182 356
182 357
182 363
182 436
182 447
182 450
182 453
182 484
183 208
183 221
183 223
183 242
183 286
183 310
183 311
183 334
183 342
183 346
183 357
183 436
183 453
183 484
184 222
184 224
184 259
184 276
184 280
184 302
184 338
184 369
184 371
184 382
184 396
184 399
184 439
184 454
184 466
184 467
185 231
185 232
185 251
185 265
185 269
185 275
185 337
185 341
185 355
185 358
185 364
185 399
185 429
185 463
186 189
186 190
186 201
186 203
186 219
186 247
186 272
186 285
186 291
186 298
186 390
186 413
186 448
186 459
186 465
186 466
186 468
186 485
186 487
187 194
187 227
187 245
187 248
187 264
187 309
187 328
187 360
187 367
187 397
187 409
187 412
187 415
187 418
187 445
187 457
187 475
188 209
188 260
188 274
188 319
188 336
188 362
188 372
188 417
188 431
188 437
188 462
188 473
188 480
189 190
189 201
189 203
189 215
189 219
189 247
189 272
189 285
189 291
189 294
189 298
189 301
189 413
189 448
189 459
189 466
189 468
189 485
189 487
190 201
190 219
190 222
190 228
190 247
190 259
190 263
190 279
190 285
190 301
190 302
190 324
190 343
190 376
190 400
190 413
190 448
190 466
190 467
190 487
191 192
191 196
191 254
191 278
191 281
191 287
191 289
191 306
191 325
191 351
191 368
191 387
191 404
191 416
191 425
191 427
191 452
191 456
191 460
191 470
192 195
192 243
192 278
192 281
192 287
192 297
192 305
192 332
192 387
192 404
192 414
192 416
192 434
192 470
193 207
193 293
193 324
193 328
193 415
193 422
193 446
193 481
193 499
194 199
194 235
194 238
194 248
194 249
194 309
194 353
194 360
194 367
194 393
194 411
194 412
194 418
194 426
194 445
194 457
194 471
194 472
194 475
194 483
195 243
195 267
195 278
195 281
195 287
195 291
195 298
195 305
195 306
195 325
195 387
195 414
195 416
195 434
195 456
195 468
195 470
195 485
195 492
196 220
196 240
196 254
196 287
196 289
196 306
196 316
196 317
196 325
196 351
196 368
196 384
196 404
196 416
196 425
196 427
196 430
196 433
196 451
196 452
196 460
197 212
197 239
197 300
197 308
197 347
197 374
197 391
197 398
197 420
197 423
197 424
197 443
197 478
197 486
197 496
197 498
198 283
198 323
198 354
198 370
198 372
198 378
198 406
198 417
198 461
198 480
198 495
199 235
199 238
199 249
199 353
199 360
199 367
199 393
199 426
199 445
199 471
199 472
199 474
199 475
199 483
200 220
200 246
200 254
200 284
200 289
200 308
200 368
200 384
200 388
200 395
200 423
200 425
200 430
200 442
200 451
200 460
201 219
201 222
201 247
201 259
201 263
201 272
201 279
201 285
201 301
201 302
201 400
201 413
201 448
201 466
201 467
201 485
201 487
202 205
202 210
202 270
202 322
202 365
202 375
202 477
202 489
202 493
203 215
203 219
203 272
203 340
203 390
203 432
203 459
203 465
204 206
204 225
204 229
204 233
204 253
204 313
204 339
204 348
204 350
204 359
204 381
204 440
205 210
205 211
205 270
205 271
205 273
205 322
205 365
205 375
205 405
205 477
205 489
205 492
205 493
206 225
206 229
206 253
206 313
206 339
206 348
206 350
206 359
206 381
207 216
207 255
207 293
207 328
207 360
207 367
207 411
207 422
207 441
207 445
207 457
207 471
207 475
207 499
208 214
208 221
208 223
208 242
208 286
208 290
208 311
208 333
208 334
208 342
208 357
208 484
209 260
209 336
209 362
209 366
209 372
209 431
209 437
209 462
209 473
209 480
210 211
210 271
210 273
210 306
210 322
210 365
210 405
210 456
210 477
210 493
211 306
211 405
211 433
211 456
211 477
211 493
212 257
212 297
212 387
212 391
212 404
212 416
212 419
212 423
212 425
212 496
212 498
213 234
213 256
213 261
213 314
213 331
213 403
213 407
213 450
213 464
213 479
213 497
214 217
214 218
214 252
214 290
214 295
214 303
214 307
214 311
214 407
214 421
214 476
215 243
215 267
215 271
215 273
215 291
215 298
215 365
215 459
215 468
215 485
215 492
216 224
216 255
216 262
216 280
216 293
216 304
216 315
216 318
216 371
216 373
216 377
216 392
216 422
216 441
216 449
216 454
216 499
217 218
217 237
217 252
217 295
217 303
217 329
217 380
217 407
217 424
217 443
218 252
218 295
218 303
218 329
218 330
218 380
218 490
219 247
219 272
219 285
219 291
219 298
219 301
219 390
219 413
219 448
219 459
219 465
219 466
219 468
219 485
219 487
220 240
220 241
220 254
220 284
220 289
220 316
220 317
220 320
220 368
220 384
220 388
220 430
220 438
220 442
220 451
220 460
220 482
221 223
221 226
221 242
221 244
221 290
221 292
221 310
221 311
221 333
221 335
221 342
221 345
221 408
221 410
221 421
222 259
222 263
222 276
222 280
222 302
222 324
222 343
222 369
222 400
222 439
222 446
222 448
222 454
222 466
222 467
222 481
223 226
223 242
223 244
223 290
223 310
223 311
223 333
223 334
223 335
223 342
223 345
223 357
223 408
223 410
223 421
224 236
224 262
224 280
224 304
224 315
224 318
224 338
224 371
224 373
224 377
224 382
224 392
224 394
224 399
224 439
224 441
224 449
224 454
224 499
225 229
225 253
225 304
225 313
225 339
225 348
225 350
225 359
225 392
226 244
226 327
226 333
226 335
226 345
226 389
226 408
226 410
227 245
227 248
227 264
227 309
227 393
227 397
227 401
227 409
227 412
227 415
227 418
227 447
228 247
228 279
228 285
228 294
228 301
228 305
228 326
228 332
228 349
228 352
228 376
228 383
228 386
228 402
228 413
228 414
228 434
228 444
228 485
228 487
229 233
229 253
229 313
229 339
229 348
229 350
229 359
229 381
230 283
230 323
230 385
230 417
230 461
230 469
231 232
231 265
231 269
231 275
231 337
231 341
231 355
231 358
231 364
231 428
231 429
231 463
232 251
232 265
232 269
232 275
232 338
232 341
232 355
232 382
232 399
232 429
232 463
233 282
233 321
233 339
233 350
233 381
233 440
234 237
234 258
234 314
234 329
234 331
234 403
234 407
234 479
234 497
235 249
235 321
235 353
235 360
235 367
235 411
235 426
235 440
235 445
235 471
235 472
235 475
235 483
235 494
236 266
236 269
236 275
236 288
236 304
236 315
236 318
236 355
236 371
236 373
236 377
236 382
236 394
236 449
237 257
237 258
237 299
237 303
237 312
237 314
237 329
237 374
237 407
237 424
237 443
237 478
237 497
238 249
238 268
238 353
238 393
238 418
238 426
238 445
238 472
238 474
239 300
239 308
239 347
239 391
239 398
239 420
239 423
239 478
239 486
239 496
239 498
240 241
240 296
240 316
240 317
240 320
240 361
240 384
240 433
240 438
240 451
240 482
241 296
241 316
241 317
241 320
241 361
241 384
241 388
241 435
241 438
241 482
242 286
242 290
242 311
242 333
242 334
242 342
242 357
242 436
242 484
243 267
243 273
243 278
243 281
243 287
243 291
243 298
243 306
243 325
243 414
243 456
243 468
243 470
243 485
243 492
244 292
244 310
244 333
244 335
244 345
244 408
244 410
245 256
245 264
245 309
245 379
245 397
245 401
245 409
245 415
245 447
245 464
245 481
246 284
246 308
246 388
246 395
246 423
246 430
246 442
247 279
247 285
247 291
247 294
247 301
247 326
247 332
247 352
247 376
247 386
247 400
247 402
247 413
247 414
247 434
247 448
247 468
247 485
247 487
248 249
248 264
248 268
248 309
248 353
248 393
248 397
248 409
248 412
248 418
248 445
248 447
248 474
248 475
249 353
249 360
249 367
249 393
249 411
249 412
249 418
249 426
249 445
249 471
249 472
249 474
249 475
249 483
250 274
250 277
250 340
250 366
250 372
250 378
250 406
250 432
250 465
250 473
250 480
251 265
251 272
251 337
251 341
251 390
251 396
251 399
251 406
251 463
251 465
252 295
252 303
252 329
252 330
252 380
252 476
252 490
253 262
253 304
253 313
253 348
253 350
253 359
253 392
253 449
254 284
254 289
254 316
254 317
254 351
254 368
254 384
254 388
254 404
254 425
254 430
254 438
254 442
254 451
254 452
254 460
255 262
255 304
255 313
255 315
255 318
255 348
255 350
255 359
255 377
255 392
255 441
255 449
256 324
256 326
256 343
256 352
256 376
256 379
256 444
256 464
256 479
256 481
257 258
257 297
257 299
257 312
257 314
257 349
257 374
257 383
257 419
257 424
257 443
257 496
257 497
258 297
258 299
258 312
258 314
258 326
258 349
258 383
258 386
258 402
258 444
258 497
259 263
259 276
259 279
259 302
259 324
259 343
259 369
259 400
259 439
259 446
259 448
259 466
259 467
259 481
260 336
260 362
260 366
260 372
260 431
260 437
260 462
260 473
260 480
261 331
261 401
261 403
261 450
261 453
261 464
261 484
262 304
262 315
262 318
262 348
262 359
262 371
262 373
262 377
262 392
262 441
262 449
262 454
262 499
263 279
263 302
263 324
263 343
263 376
263 400
263 446
263 448
263 466
263 467
263 481
264 309
264 328
264 397
264 401
264 409
264 412
264 415
264 418
264 447
264 475
265 337
265 338
265 341
265 382
265 399
265 429
265 463
266 269
266 275
266 288
266 355
266 394
267 271
267 273
267 278
267 281
267 291
267 298
267 365
267 456
267 459
267 468
267 492
268 344
268 356
268 363
268 393
268 397
268 418
268 455
268 474
268 488
269 275
269 288
269 355
269 429
270 322
270 362
270 365
270 366
270 375
270 431
270 437
270 489
271 273
271 322
271 340
271 365
271 375
271 459
271 489
271 492
271 493
272 302
272 390
272 396
272 413
272 448
272 465
272 466
273 298
273 365
273 405
273 489
273 492
273 493
274 277
274 340
274 366
274 372
274 431
274 432
274 437
274 473
274 480
275 288
275 355
275 394
275 429
276 280
276 302
276 338
276 369
276 371
276 382
276 396
276 399
276 439
276 448
276 454
276 466
276 467
277 340
277 366
277 372
277 431
277 432
277 437
277 473
277 480
278 281
278 287
278 298
278 306
278 325
278 351
278 387
278 414
278 416
278 427
278 456
278 470
278 492
279 285
279 294
279 301
279 324
279 326
279 332
279 343
279 352
279 376
279 386
279 400
279 413
279 434
279 448
279 466
279 467
279 487
280 293
280 315
280 338
280 369
280 371
280 373
280 377
280 382
280 422
280 439
280 441
280 454
280 467
280 499
281 287
281 305
281 306
281 325
281 387
281 404
281 414
281 416
281 434
281 456
281 470
282 381
283 323
283 354
283 370
283 378
283 428
283 461
283 495
284 289
284 308
284 368
284 384
284 388
284 395
284 423
284 425
284 430
284 442
284 451
284 460
285 291
285 294
285 298
285 301
285 332
285 386
285 413
285 414
285 434
285 448
285 468
285 485
285 487
286 311
286 334
286 342
286 357
286 436
286 450
286 453
286 484
287 306
287 325
287 351
287 368
287 387
287 404
287 416
287 425
287 427
287 452
287 456
287 460
287 470
288 355
288 394
289 316
289 317
289 351
289 368
289 384
289 388
289 404
289 425
289 427
289 430
289 438
289 442
289 451
289 452
289 460
290 295
290 307
290 311
290 333
290 408
290 421
290 476
291 294
291 298
291 301
291 332
291 413
291 414
291 434
291 459
291 468
291 485
291 487
291 492
292 310
292 335
292 345
292 346
292 408
293 315
293 328
293 371
293 377
293 422
293 441
293 446
293 454
293 499
294 301
294 305
294 326
294 332
294 352
294 376
294 386
294 402
294 413
294 414
294 434
294 468
294 485
294 487
295 303
295 329
295 330
295 407
295 476
295 490
296 316
296 317
296 361
296 433
296 438
296 482
297 299
297 305
297 312
297 349
297 386
297 387
297 402
297 414
297 419
297 434
297 470
298 414
298 459
298 468
298 485
298 487
298 492
299 305
299 312
299 314
299 326
299 349
299 383
299 386
299 402
299 419
299 443
299 444
299 497
300 347
300 374
300 380
300 391
300 398
300 420
300 424
300 443
300 478
300 486
300 496
300 498
301 305
301 326
301 332
301 352
301 376
301 386
301 402
301 413
301 414
301 434
301 448
301 468
301 485
301 487
302 338
302 369
302 396
302 400
302 439
302 448
302 466
302 467
303 329
303 380
303 407
303 490
304 313
304 315
304 318
304 348
304 373
304 377
304 392
304 394
304 441
304 449
305 312
305 326
305 332
305 349
305 352
305 383
305 386
305 402
305 414
305 434
305 470
305 485
306 325
306 351
306 387
306 405
306 416
306 427
306 433
306 452
306 456
307 330
307 333
307 410
307 421
307 476
308 391
308 423
308 496
308 498
309 353
309 393
309 397
309 401
309 409
309 412
309 415
309 418
309 447
310 333
310 334
310 335
310 342
310 345
310 346
310 408
310 458
311 333
311 334
311 342
311 357
311 436
311 484
312 314
312 349
312 374
312 383
312 402
312 419
312 424
312 443
312 496
312 497
313 339
313 348
313 350
313 359
313 392
314 326
314 349
314 352
314 383
314 402
314 444
314 479
314 497
315 318
315 371
315 373
315 377
315 382
315 392
315 394
315 422
315 441
315 449
315 454
315 499
316 317
316 320
316 361
316 384
316 433
316 438
316 451
316 460
316 482
317 320
317 361
317 368
317 384
317 388
317 430
317 438
317 442
317 451
317 460
317 482
318 371
318 373
318 377
318 392
318 394
318 441
318 449
318 454
319 323
319 336
319 372
319 385
319 417
319 461
319 462
319 480
320 384
320 388
320 435
320 438
320 442
320 451
320 482
321 339
321 350
321 440
321 483
321 494
322 365
322 375
322 405
322 477
322 489
322 493
323 354
323 370
323 372
323 378
323 385
323 417
323 461
323 462
323 480
323 495
324 343
324 376
324 379
324 400
324 446
324 467
324 481
325 351
325 368
325 387
325 404
325 416
325 425
325 427
325 433
325 452
325 456
325 460
325 470
326 332
326 349
326 352
326 376
326 383
326 386
326 402
326 434
326 444
326 479
327 335
327 389
327 410
328 360
328 367
328 411
328 412
328 415
328 422
328 445
328 457
328 471
328 475
328 499
329 374
329 407
329 424
329 443
329 497
330 476
330 490
331 403
331 407
331 450
331 479
331 497
332 349
332 352
332 376
332 386
332 402
332 414
332 434
332 444
332 468
332 485
332 487
333 335
333 342
333 345
333 408
333 410
333 421
333 476
334 342
334 346
334 357
334 436
334 453
334 458
334 484
335 345
335 389
335 408
335 410
336 362
336 372
336 417
336 462
336 473
336 480
337 341
337 354
337 358
337 364
337 378
337 390
337 406
337 463
337 495
338 369
338 371
338 373
338 382
338 394
338 396
338 399
338 439
339 348
339 350
339 359
339 381
339 440
340 365
340 366
340 432
340 437
340 459
340 489
341 358
341 390
341 396
341 399
341 406
341 429
341 463
341 495
342 346
342 357
342 408
342 436
342 484
343 352
343 376
343 379
343 400
343 446
343 467
343 481
344 356
344 363
344 397
344 418
344 447
344 455
344 488
344 491
345 408
346 357
346 436
346 458
346 491
347 380
347 398
347 420
347 486
347 498
348 350
348 359
348 392
348 440
348 449
349 352
349 376
349 383
349 386
349 402
349 434
349 444
349 479
349 497
350 359
350 381
350 440
351 368
351 387
351 404
351 416
351 425
351 427
351 433
351 452
351 456
351 460
352 376
352 383
352 386
352 402
352 434
352 444
352 479
353 360
353 367
353 393
353 412
353 418
353 426
353 445
353 471
353 472
353 474
353 475
353 483
354 358
354 364
354 370
354 378
354 406
354 428
354 463
354 495
355 394
355 429
356 363
356 436
356 447
356 453
356 455
356 458
356 488
356 491
357 436
357 453
357 484
358 364
358 370
358 378
358 406
358 428
358 429
358 463
358 495
359 392
359 440
360 367
360 411
360 412
360 445
360 457
360 471
360 475
361 433
361 482
362 366
362 375
362 431
362 437
362 473
363 397
363 436
363 447
363 453
363 484
363 488
363 491
364 370
364 406
364 428
364 429
364 463
364 495
365 375
365 459
365 489
365 492
365 493
366 375
366 431
366 432
366 437
366 473
366 489
367 411
367 412
367 426
367 445
367 457
367 471
367 472
367 475
367 483
368 384
368 387
368 404
368 416
368 425
368 427
368 430
368 433
368 451
368 452
368 460
369 371
369 382
369 396
369 399
369 400
369 439
369 448
369 454
369 466
369 467
370 428
370 495
371 373
371 377
371 382
371 394
371 439
371 441
371 449
371 454
371 499
372 378
372 417
372 431
372 462
372 473
372 480
373 377
373 382
373 394
373 399
373 441
373 449
373 454
374 380
374 391
374 419
374 420
374 424
374 443
374 478
374 486
374 496
374 498
375 431
375 437
375 489
376 379
376 383
376 386
376 400
376 402
376 444
376 479
376 481
377 382
377 392
377 394
377 441
377 449
377 454
377 499
378 406
378 480
378 495
379 444
379 464
379 479
379 481
380 398
380 420
380 424
380 478
380 486
380 490
380 498
382 394
382 399
382 439
382 454
383 386
383 402
383 444
383 479
383 497
384 388
384 430
384 438
384 442
384 451
384 460
384 482
385 417
385 461
385 469
386 402
386 414
386 434
386 444
386 485
387 404
387 416
387 425
387 427
387 452
387 456
387 460
387 470
388 395
388 430
388 438
388 442
388 451
389 410
390 396
390 465
391 398
391 419
391 420
391 423
391 424
391 443
391 478
391 486
391 496
391 498
392 441
392 449
393 412
393 418
393 426
393 445
393 455
393 472
393 474
393 488
394 399
394 449
395 442
396 399
396 439
396 448
396 465
396 466
397 401
397 409
397 412
397 418
397 447
398 420
398 478
398 486
398 498
399 439
400 413
400 448
400 466
400 467
400 481
401 409
401 415
401 447
401 450
401 453
401 464
402 414
402 434
402 444
403 407
403 450
403 479
403 497
404 416
404 425
404 427
404 430
404 452
404 460
404 470
405 427
405 433
405 456
405 477
405 493
406 428
406 463
406 495
407 497
408 410
408 421
409 412
409 415
409 447
409 464
410 421
411 445
411 457
411 471
411 475
412 415
412 418
412 445
412 457
412 471
412 475
413 448
413 466
413 468
413 485
413 487
414 434
414 468
414 470
414 485
414 487
415 422
415 446
415 481
416 425
416 427
416 452
416 456
416 460
416 470
417 461
417 462
417 469
417 480
418 447
418 474
418 488
419 424
419 443
419 478
419 496
419 498
420 424
420 443
420 478
420 486
420 496
420 498
421 476
422 441
422 446
422 454
422 457
422 499
423 496
423 498
424 443
424 478
424 486
424 496
424 498
425 430
425 460
426 445
426 471
426 472
426 474
426 483
427 433
427 452
427 456
427 460
428 463
428 495
429 463
430 438
430 442
430 451
430 460
431 432
431 437
431 473
431 480
431 489
432 437
432 459
432 465
432 473
433 452
433 456
433 460
433 482
434 468
434 470
434 485
434 487
435 438
436 453
436 458
436 484
436 491
437 473
437 489
438 442
438 451
438 482
439 454
439 466
439 467
440 483
440 494
441 449
441 454
441 499
442 451
443 478
443 496
443 498
444 479
444 497
445 457
445 471
445 472
445 475
445 483
446 454
446 467
446 481
446 499
447 453
448 466
448 467
448 487
449 454
449 499
450 453
450 464
450 484
451 460
451 482
452 456
452 460
453 484
454 499
455 474
455 488
457 471
457 475
458 491
459 468
459 492
461 462
461 469
462 473
462 480
463 495
464 479
466 467
467 481
468 485
468 487
468 492
471 472
471 475
471 483
472 483
473 480
474 488
477 493
478 486
478 496
478 498
479 497
483 494
485 487
486 498
488 491
492 493
496 498
