200 1805
0 8
0 33
0 35
0 43
0 52
0 63
0 64
0 65
0 82
0 88
0 92
0 115
0 123
0 160
0 174
0 175
0 180
0 181
0 186
1 9
1 13
1 17
1 18
1 23
1 27
1 42
1 45
1 49
1 57
1 81
1 90
1 97
1 117
1 122
1 137
1 176
1 189
2 4
2 5
2 41
2 68
2 99
2 109
2 124
2 131
2 136
2 141
2 143
2 145
2 154
2 170
2 178
2 179
2 193
2 194
3 7
3 21
3 27
3 42
3 45
3 49
3 69
3 81
3 92
3 97
3 103
3 105
3 110
3 118
3 139
3 148
3 164
3 182
4 5
4 19
4 40
4 50
4 109
4 111
4 114
4 116
4 120
4 124
4 131
4 136
4 143
4 145
4 173
4 179
5 41
5 54
5 68
5 79
5 99
5 109
5 124
5 128
5 131
5 136
5 141
5 143
5 145
5 154
5 170
5 178
5 194
6 13
6 26
6 56
6 57
6 61
6 91
6 95
6 106
6 127
6 135
6 147
6 149
6 158
6 159
6 163
6 167
6 176
6 195
7 21
7 27
7 33
7 42
7 45
7 66
7 69
7 81
7 84
7 88
7 92
7 97
7 103
7 105
7 110
7 118
7 139
7 148
7 164
7 182
8 32
8 35
8 37
8 38
8 43
8 46
8 52
8 62
8 63
8 64
8 65
8 82
8 85
8 87
8 101
8 115
8 119
8 123
8 125
8 160
8 174
8 175
8 180
8 186
9 17
9 18
9 23
9 27
9 42
9 45
9 49
9 90
9 117
9 122
9 137
9 189
10 11
10 14
10 16
10 20
10 24
10 36
10 59
10 67
10 72
10 73
10 74
10 76
10 83
10 96
10 102
10 112
10 113
10 121
10 140
10 157
10 166
10 168
10 171
11 14
11 16
11 20
11 24
11 36
11 41
11 44
11 53
11 59
11 60
11 67
11 83
11 96
11 102
11 112
11 113
11 121
11 140
11 157
11 177
12 15
12 21
12 33
12 37
12 44
12 53
12 60
12 62
12 63
12 66
12 82
12 84
12 86
12 88
12 89
12 92
12 98
12 108
12 110
12 129
12 177
12 185
13 17
13 45
13 49
13 56
13 57
13 61
13 81
13 90
13 106
13 122
13 147
13 164
13 176
13 187
13 189
13 199
14 24
14 36
14 41
14 44
14 53
14 59
14 60
14 67
14 68
14 74
14 83
14 86
14 96
14 108
14 112
14 113
14 121
14 129
14 140
14 141
14 157
14 177
14 193
15 32
15 33
15 37
15 44
15 53
15 60
15 62
15 63
15 66
15 68
15 82
15 84
15 86
15 88
15 98
15 108
15 129
15 141
15 177
15 179
15 185
15 193
16 36
16 41
16 54
16 59
16 70
16 72
16 74
16 96
16 99
16 100
16 113
16 138
16 140
16 150
16 151
16 156
16 178
16 190
16 192
17 23
17 49
17 57
17 90
17 122
17 137
17 158
17 176
17 189
18 23
18 27
18 42
18 45
18 49
18 81
18 90
18 97
18 117
18 122
18 137
18 162
18 189
19 31
19 32
19 37
19 38
19 40
19 50
19 101
19 109
19 111
19 114
19 116
19 120
19 131
19 136
19 161
19 172
19 173
19 179
19 188
20 24
20 39
20 58
20 67
20 73
20 76
20 96
20 102
20 112
20 113
20 121
20 133
20 157
20 166
20 168
20 171
21 33
21 45
21 53
21 66
21 69
21 81
21 84
21 88
21 89
21 92
21 97
21 98
21 110
21 118
21 148
21 164
21 199
22 47
22 51
22 75
22 94
22 103
22 146
22 152
22 165
22 181
22 184
23 27
23 45
23 49
23 57
23 81
23 90
23 117
23 122
23 137
23 176
23 189
24 39
24 44
24 53
24 59
24 60
24 66
24 67
24 83
24 84
24 86
24 89
24 96
24 98
24 102
24 108
24 112
24 121
24 129
24 157
24 168
24 177
25 31
25 78
25 116
25 144
25 172
25 173
26 56
26 61
26 91
26 95
26 106
26 130
26 134
26 147
26 149
26 163
26 195
27 42
27 45
27 49
27 69
27 81
27 90
27 97
27 117
27 118
27 122
27 137
27 148
27 164
27 189
27 199
28 30
28 58
28 71
28 72
28 73
28 76
28 77
28 104
28 130
28 133
28 166
28 171
28 191
28 196
29 34
29 55
29 80
29 93
29 132
29 142
29 150
29 155
29 183
29 190
29 198
30 58
30 71
30 72
30 73
30 76
30 77
30 104
30 130
30 133
30 166
30 171
30 191
30 196
31 40
31 78
31 107
31 111
31 114
31 116
31 120
31 144
31 161
31 172
31 173
31 188
32 37
32 38
32 50
32 62
32 63
32 64
32 82
32 85
32 86
32 101
32 108
32 114
32 115
32 120
32 123
32 136
32 141
32 161
32 173
32 174
32 179
32 185
32 186
32 188
32 193
33 52
33 53
33 63
33 66
33 82
33 84
33 86
33 88
33 92
33 98
33 110
33 115
33 129
33 148
33 175
33 180
33 185
34 48
34 55
34 80
34 93
34 126
34 132
34 138
34 155
34 197
34 198
35 43
35 46
35 52
35 63
35 64
35 65
35 82
35 85
35 87
35 94
35 101
35 115
35 119
35 123
35 125
35 160
35 174
35 175
35 180
35 181
35 186
36 41
36 54
36 59
36 67
36 70
36 74
36 96
36 113
36 140
36 156
36 157
36 178
36 190
37 38
37 44
37 50
37 62
37 63
37 64
37 68
37 82
37 86
37 101
37 108
37 114
37 115
37 120
37 129
37 136
37 141
37 161
37 173
37 174
37 179
37 185
37 186
37 193
38 40
38 50
38 62
38 63
38 64
38 85
38 101
38 111
38 114
38 115
38 120
38 136
38 161
38 173
38 174
38 179
38 186
38 188
39 58
39 67
39 76
39 89
39 102
39 106
39 112
39 121
39 147
39 157
39 166
39 168
39 187
39 199
40 50
40 78
40 109
40 111
40 114
40 116
40 120
40 131
40 136
40 143
40 172
40 173
41 54
41 59
41 68
41 70
41 74
41 79
41 99
41 140
41 141
41 143
41 145
41 154
41 156
41 170
41 178
41 193
41 194
42 45
42 49
42 69
42 81
42 90
42 97
42 110
42 117
42 118
42 122
42 137
42 148
42 164
42 182
42 189
43 51
43 52
43 64
43 65
43 75
43 82
43 87
43 94
43 115
43 123
43 152
43 160
43 175
43 180
43 181
44 53
44 60
44 62
44 63
44 66
44 68
44 83
44 84
44 86
44 98
44 108
44 129
44 141
44 177
44 179
44 185
44 193
45 49
45 69
45 81
45 90
45 97
45 110
45 117
45 118
45 122
45 137
45 148
45 164
45 189
45 199
46 64
46 65
46 85
46 87
46 101
46 107
46 119
46 123
46 125
46 160
46 161
46 174
46 186
46 188
47 75
47 146
47 152
47 165
47 184
48 54
48 70
48 79
48 80
48 99
48 100
48 126
48 128
48 138
48 150
48 151
48 153
48 155
48 156
48 169
48 192
48 197
49 57
49 81
49 90
49 97
49 117
49 122
49 137
49 164
49 189
50 62
50 63
50 68
50 86
50 101
50 108
50 111
50 114
50 120
50 136
50 141
50 143
50 161
50 173
50 179
50 186
50 188
50 193
51 65
51 75
51 94
51 152
51 165
51 175
51 181
52 62
52 63
52 64
52 65
52 82
52 85
52 87
52 88
52 92
52 101
52 115
52 123
52 160
52 174
52 175
52 180
52 181
52 186
53 60
53 63
53 66
53 83
53 84
53 86
53 89
53 98
53 108
53 129
53 177
53 185
53 193
54 59
54 70
54 74
54 79
54 99
54 100
54 126
54 128
54 138
54 140
54 151
54 153
54 154
54 156
54 169
54 170
54 178
54 192
54 194
55 80
55 93
55 132
55 142
55 150
55 155
55 183
55 198
56 57
56 61
56 91
56 95
56 106
56 147
56 149
56 158
56 159
56 163
56 167
56 176
56 187
56 195
57 61
57 81
57 90
57 106
57 122
57 147
57 158
57 176
57 187
57 189
58 71
58 72
58 73
58 76
58 77
58 96
58 102
58 104
58 112
58 113
58 121
58 130
58 133
58 157
58 166
58 168
58 171
58 191
59 60
59 67
59 68
59 70
59 74
59 83
59 96
59 99
59 113
59 140
59 141
59 156
59 170
59 177
59 178
59 193
60 66
60 67
60 68
60 83
60 84
60 86
60 89
60 98
60 108
60 112
60 121
60 129
60 177
60 185
60 193
61 91
61 95
61 106
61 127
61 135
61 147
61 149
61 158
61 159
61 163
61 167
61 176
61 195
62 63
62 64
62 82
62 86
62 101
62 108
62 115
62 123
62 129
62 141
62 174
62 179
62 185
62 186
62 193
63 64
63 66
63 82
63 84
63 86
63 88
63 108
63 115
63 123
63 129
63 174
63 179
63 185
63 186
64 65
64 82
64 85
64 87
64 101
64 115
64 119
64 123
64 125
64 160
64 161
64 174
64 180
64 186
64 188
65 82
65 85
65 87
65 94
65 115
65 119
65 123
65 125
65 160
65 174
65 175
65 180
65 181
65 186
66 69
66 84
66 86
66 88
66 89
66 92
66 98
66 108
66 110
66 118
66 129
66 148
66 177
66 185
66 199
67 76
67 83
67 89
67 96
67 102
67 112
67 113
67 121
67 140
67 157
67 166
67 168
67 171
67 177
68 83
68 86
68 108
68 129
68 136
68 141
68 143
68 145
68 170
68 177
68 178
68 179
68 185
68 193
69 81
69 84
69 89
69 92
69 97
69 98
69 110
69 118
69 148
69 164
69 199
70 74
70 79
70 80
70 99
70 100
70 126
70 128
70 138
70 140
70 150
70 151
70 153
70 155
70 156
70 169
70 178
70 190
70 192
70 197
71 72
71 73
71 76
71 77
71 104
71 130
71 133
71 166
71 171
71 191
71 196
72 73
72 76
72 77
72 96
72 104
72 113
72 133
72 150
72 166
72 171
72 183
72 190
72 191
72 196
73 76
73 77
73 96
73 104
73 113
73 133
73 157
73 166
73 171
73 183
73 190
73 191
73 196
74 79
74 99
74 100
74 138
74 140
74 151
74 156
74 169
74 170
74 178
74 192
75 94
75 103
75 146
75 152
75 165
75 175
75 180
75 181
76 96
76 102
76 112
76 113
76 121
76 130
76 133
76 157
76 166
76 168
76 171
77 104
77 130
77 133
77 191
77 196
78 116
78 144
78 172
79 99
79 100
79 126
79 128
79 138
79 151
79 153
79 154
79 156
79 169
79 170
79 178
79 192
79 194
79 197
80 93
80 100
80 126
80 132
80 138
80 142
80 150
80 151
80 155
80 156
80 169
80 190
80 192
80 197
80 198
81 90
81 97
81 117
81 118
81 122
81 148
81 164
81 187
81 189
81 199
82 84
82 86
82 88
82 92
82 115
82 123
82 129
82 160
82 174
82 175
82 180
82 185
82 186
83 86
83 89
83 96
83 98
83 102
83 108
83 112
83 121
83 129
83 157
83 177
83 193
84 86
84 88
84 89
84 92
84 98
84 108
84 110
84 118
84 129
84 148
84 177
84 185
85 87
85 101
85 107
85 115
85 119
85 123
85 125
85 160
85 161
85 174
85 186
85 188
86 98
86 108
86 129
86 141
86 177
86 179
86 185
86 193
87 101
87 107
87 115
87 119
87 123
87 125
87 160
87 161
87 174
87 186
87 188
88 92
88 98
88 105
88 110
88 115
88 118
88 148
88 175
88 180
88 181
88 182
88 185
89 98
89 110
89 112
89 121
89 129
89 148
89 164
89 168
89 177
89 199
90 97
90 117
90 122
90 137
90 176
90 189
91 95
91 127
91 135
91 149
91 158
91 159
91 163
91 167
91 176
91 195
92 98
92 103
92 105
92 110
92 118
92 148
92 175
92 180
92 181
92 182
93 132
93 138
93 142
93 150
93 151
93 155
93 183
93 190
93 198
94 146
94 152
94 165
94 175
94 180
94 181
95 134
95 135
95 149
95 158
95 159
95 163
95 167
95 195
96 102
96 112
96 113
96 121
96 140
96 157
96 166
96 168
96 171
97 110
97 117
97 118
97 122
97 148
97 164
97 189
97 199
98 108
98 110
98 129
98 148
98 177
98 185
98 199
99 100
99 124
99 126
99 128
99 138
99 140
99 145
99 151
99 153
99 154
99 156
99 169
99 170
99 178
99 192
99 194
100 126
100 128
100 138
100 150
100 151
100 153
100 155
100 156
100 169
100 178
100 192
100 197
101 107
101 114
101 115
101 119
101 120
101 123
101 125
101 160
101 161
101 173
101 174
101 186
101 188
102 112
102 113
102 121
102 157
102 166
102 168
102 171
102 187
103 105
103 118
103 139
103 146
103 152
103 181
103 182
103 184
104 130
104 133
104 166
104 171
104 191
104 196
105 110
105 118
105 139
105 146
105 148
105 152
105 182
106 147
106 149
106 168
106 176
106 187
107 119
107 125
107 144
107 160
107 161
107 174
107 186
107 188
108 129
108 141
108 177
108 179
108 185
108 193
109 111
109 116
109 124
109 131
109 136
109 143
109 145
109 154
109 170
109 194
110 118
110 148
110 164
110 182
110 199
111 114
111 116
111 120
111 131
111 136
111 161
111 172
111 173
111 188
112 113
112 121
112 157
112 166
112 168
112 171
112 187
113 121
113 140
113 156
113 157
113 166
113 171
113 190
114 116
114 120
114 136
114 161
114 172
114 173
114 188
115 123
115 160
115 174
115 175
115 180
115 186
116 120
116 131
116 136
116 172
116 173
117 122
117 137
117 162
117 189
118 139
118 148
118 164
118 182
119 123
119 125
119 160
119 161
119 174
119 186
119 188
120 136
120 161
120 172
120 173
120 179
120 188
121 157
121 166
121 168
121 171
121 177
122 137
122 164
122 176
122 187
122 189
122 199
123 125
123 160
123 174
123 175
123 180
123 186
124 128
124 131
124 136
124 143
124 145
124 154
124 170
124 178
124 194
125 160
125 161
125 174
125 186
125 188
126 128
126 138
126 151
126 153
126 155
126 156
126 169
126 192
126 197
127 135
127 149
127 158
127 159
127 167
128 151
128 153
128 154
128 169
128 178
128 192
128 194
128 197
129 141
129 177
129 179
129 185
129 193
130 133
130 134
130 147
130 163
130 166
131 136
131 143
131 145
131 154
131 170
131 194
132 142
132 150
132 155
132 183
132 198
133 166
133 171
133 191
133 196
134 163
134 195
135 149
135 158
135 159
135 163
135 167
135 195
136 141
136 143
136 145
136 170
136 173
136 179
136 193
137 189
138 150
138 151
138 153
138 155
138 156
138 169
138 190
138 192
138 197
138 198
139 146
139 162
139 182
139 184
140 151
140 156
140 178
140 190
141 143
141 145
141 170
141 177
141 179
141 185
141 193
142 150
142 183
142 190
142 196
142 198
143 145
143 154
143 170
143 178
143 179
143 193
143 194
144 161
144 172
144 173
144 188
145 154
145 170
145 178
145 194
146 152
146 165
146 181
146 182
146 184
147 168
147 176
147 187
148 164
148 182
148 199
149 158
149 159
149 163
149 167
149 176
149 195
150 151
150 155
150 156
150 183
150 190
150 198
151 153
151 155
151 156
151 169
151 178
151 190
151 192
151 197
152 165
152 175
152 180
152 181
152 182
153 154
153 155
153 169
153 178
153 192
153 194
153 197
154 169
154 170
154 178
154 194
155 156
155 169
155 192
155 197
155 198
156 169
156 178
156 190
156 192
157 166
157 168
157 171
158 159
158 167
158 176
158 195
159 163
159 167
159 195
160 174
160 175
160 180
160 186
161 172
161 173
161 174
161 186
161 188
163 167
163 195
164 187
164 199
165 184
166 168
166 171
167 195
168 171
168 187
168 199
169 178
169 192
169 194
169 197
170 178
170 179
170 193
170 194
171 190
171 191
172 173
172 188
173 188
174 186
174 188
175 180
175 181
176 187
176 189
177 185
177 193
178 192
178 194
179 185
179 193
180 181
183 190
183 191
183 196
185 193
186 188
187 199
190 191
191 196
192 197
