400 4188
0 7
0 24
0 54
0 63
0 80
0 118
0 128
0 151
0 174
0 193
0 197
0 199
0 203
0 212
0 228
0 235
0 248
0 286
0 300
0 330
0 339
1 3
1 20
1 23
1 47
1 80
1 86
1 93
1 108
1 122
1 125
1 139
1 161
1 170
1 189
1 194
1 205
1 228
1 229
1 243
1 290
1 342
2 82
2 83
2 215
2 251
2 255
2 346
3 20
3 23
3 26
3 47
3 48
3 86
3 93
3 108
3 122
3 139
3 170
3 194
3 202
3 205
3 223
3 243
3 290
3 342
3 344
3 368
4 10
4 13
4 45
4 55
4 91
4 113
4 114
4 132
4 150
4 152
4 162
4 210
4 272
4 277
4 279
4 294
4 307
4 314
4 317
4 327
4 328
4 362
4 385
4 398
5 15
5 26
5 30
5 32
5 48
5 77
5 115
5 119
5 129
5 185
5 202
5 211
5 223
5 231
5 241
5 259
5 274
5 281
5 282
5 298
5 308
5 312
5 320
5 344
5 350
5 372
5 397
6 9
6 27
6 42
6 60
6 71
6 82
6 112
6 135
6 138
6 146
6 159
6 163
6 166
6 215
6 216
6 217
6 275
6 295
6 304
6 311
6 389
6 394
7 53
7 66
7 90
7 118
7 128
7 133
7 151
7 160
7 181
7 193
7 196
7 198
7 203
7 224
7 244
7 257
7 286
7 300
7 305
7 330
7 359
7 367
7 384
7 393
8 16
8 17
8 25
8 79
8 84
8 88
8 101
8 111
8 148
8 156
8 165
8 171
8 173
8 179
8 218
8 232
8 236
8 238
8 252
8 254
8 261
8 266
8 283
8 309
8 313
8 329
8 335
8 345
8 354
8 371
8 380
9 27
9 42
9 61
9 82
9 110
9 112
9 138
9 159
9 166
9 217
9 256
9 265
9 278
9 295
9 304
9 311
9 324
9 389
9 394
10 45
10 55
10 73
10 91
10 113
10 114
10 132
10 150
10 152
10 164
10 176
10 210
10 277
10 284
10 314
10 317
10 327
10 328
10 352
10 356
10 362
10 398
11 13
11 55
11 57
11 65
11 75
11 98
11 102
11 123
11 172
11 177
11 182
11 192
11 285
11 294
11 297
11 307
11 314
11 318
11 325
11 332
11 347
11 361
11 365
11 369
12 21
12 22
12 31
12 34
12 41
12 43
12 51
12 59
12 183
12 207
12 220
12 296
12 303
12 348
13 55
13 57
13 65
13 75
13 98
13 102
13 114
13 123
13 132
13 172
13 182
13 192
13 277
13 285
13 294
13 297
13 307
13 314
13 318
13 325
13 332
13 347
13 361
13 362
13 365
13 369
14 33
14 38
14 64
14 68
14 85
14 99
14 126
14 137
14 178
14 195
14 206
14 211
14 214
14 219
14 234
14 250
14 258
14 288
14 293
14 302
14 306
14 337
14 358
14 366
14 373
15 30
15 32
15 33
15 38
15 64
15 77
15 85
15 99
15 129
15 185
15 195
15 211
15 214
15 219
15 231
15 234
15 241
15 250
15 258
15 281
15 282
15 298
15 308
15 320
15 350
15 372
15 397
16 17
16 25
16 79
16 84
16 88
16 98
16 133
16 156
16 171
16 173
16 175
16 179
16 192
16 209
16 260
16 266
16 310
16 329
16 365
16 380
16 386
16 396
17 25
17 65
17 79
17 84
17 88
17 101
17 102
17 156
17 171
17 173
17 179
17 192
17 218
17 238
17 252
17 254
17 266
17 283
17 285
17 309
17 338
17 345
17 354
17 361
17 371
17 380
18 58
18 92
18 103
18 116
18 137
18 145
18 155
18 178
18 206
18 264
18 267
18 271
18 287
18 288
18 292
18 302
18 337
18 340
18 358
18 366
18 377
19 27
19 37
19 42
19 52
19 60
19 104
19 110
19 121
19 159
19 166
19 167
19 256
19 265
19 304
19 323
20 23
20 47
20 86
20 93
20 108
20 122
20 139
20 170
20 184
20 191
20 194
20 200
20 202
20 205
20 223
20 290
20 342
20 344
21 31
21 34
21 41
21 46
21 87
21 105
21 161
21 207
21 229
21 243
21 296
21 303
21 343
21 378
21 383
22 43
22 143
22 147
22 154
22 220
22 230
22 239
22 253
22 280
22 289
22 321
22 334
22 336
22 348
23 47
23 86
23 93
23 108
23 122
23 139
23 161
23 170
23 194
23 205
23 243
23 290
23 342
23 344
23 368
24 61
24 63
24 109
24 151
24 174
24 186
24 190
24 193
24 196
24 197
24 203
24 245
24 278
24 286
24 330
24 384
24 391
25 40
25 79
25 84
25 88
25 97
25 111
25 117
25 148
25 168
25 171
25 173
25 179
25 201
25 236
25 238
25 260
25 261
25 266
25 309
25 310
25 313
25 319
25 329
25 335
25 345
25 354
25 380
25 386
25 396
26 48
26 56
26 78
26 115
26 119
26 194
26 202
26 231
26 259
26 274
26 290
26 308
26 312
26 320
26 342
26 344
26 368
27 42
27 52
27 60
27 71
27 104
27 110
27 112
27 121
27 138
27 146
27 159
27 166
27 167
27 217
27 256
27 265
27 275
27 295
27 304
27 394
28 70
28 72
28 81
28 97
28 120
28 130
28 131
28 141
28 149
28 157
28 158
28 184
28 187
28 191
28 200
28 213
28 222
28 240
28 269
28 301
28 319
28 349
28 370
28 379
28 387
28 392
29 35
29 140
29 144
29 180
29 188
29 249
29 276
29 315
29 322
29 360
29 364
29 375
30 32
30 38
30 64
30 129
30 185
30 211
30 219
30 231
30 258
30 281
30 308
30 320
30 350
30 372
30 397
31 34
31 41
31 46
31 51
31 67
31 69
31 76
31 87
31 105
31 169
31 207
31 233
31 262
31 296
31 303
31 343
31 348
31 383
32 38
32 64
32 85
32 99
32 129
32 185
32 211
32 214
32 219
32 231
32 234
32 250
32 258
32 281
32 308
32 320
32 350
32 372
33 64
33 68
33 77
33 85
33 120
33 129
33 185
33 187
33 195
33 211
33 214
33 234
33 241
33 258
33 281
33 282
33 298
33 302
33 306
33 350
33 358
33 370
33 372
33 397
34 41
34 46
34 51
34 67
34 69
34 76
34 87
34 105
34 169
34 207
34 233
34 262
34 296
34 303
34 343
34 348
34 383
35 140
35 180
35 188
35 247
35 249
35 276
35 287
35 315
35 322
35 360
35 364
35 375
36 44
36 58
36 92
36 137
36 145
36 178
36 206
36 267
36 337
36 366
36 373
36 377
36 388
37 96
37 104
37 110
37 121
37 147
37 167
37 239
37 256
37 280
37 321
37 323
37 334
38 64
38 85
38 99
38 126
38 129
38 195
38 211
38 214
38 219
38 234
38 250
38 258
38 288
38 293
38 302
38 350
38 358
38 372
38 373
39 49
39 62
39 74
39 94
39 95
39 100
39 101
39 142
39 204
39 226
39 227
39 252
39 263
39 270
39 291
39 338
39 351
39 371
39 376
39 381
39 390
39 395
40 50
40 72
40 88
40 97
40 111
40 117
40 131
40 140
40 148
40 158
40 165
40 168
40 180
40 188
40 201
40 225
40 232
40 236
40 242
40 247
40 260
40 261
40 276
40 309
40 313
40 315
40 319
40 329
40 335
40 349
40 363
40 364
40 374
40 375
40 380
40 382
41 43
41 46
41 51
41 69
41 76
41 87
41 105
41 207
41 220
41 262
41 296
41 303
41 343
41 348
42 52
42 60
42 71
42 104
42 110
42 121
42 138
42 146
42 159
42 166
42 167
42 217
42 256
42 265
42 275
42 295
42 304
43 51
43 59
43 143
43 154
43 183
43 230
43 253
43 280
43 289
43 296
43 348
43 353
44 58
44 92
44 137
44 145
44 178
44 206
44 267
44 337
44 366
44 373
44 377
44 388
45 66
45 90
45 91
45 113
45 114
45 132
45 152
45 198
45 210
45 224
45 272
45 277
45 279
45 305
45 307
45 317
45 327
45 331
45 352
45 356
45 357
45 362
45 385
46 67
46 69
46 87
46 105
46 153
46 161
46 169
46 207
46 208
46 229
46 233
46 246
46 303
46 341
46 343
46 378
46 383
47 80
47 86
47 93
47 108
47 122
47 139
47 170
47 184
47 200
47 205
47 228
47 243
47 290
47 339
47 342
47 344
48 77
48 78
48 115
48 119
48 185
48 194
48 202
48 223
48 231
48 259
48 274
48 282
48 290
48 298
48 308
48 312
48 320
48 342
48 344
48 368
49 62
49 74
49 94
49 107
49 134
49 177
49 204
49 226
49 263
49 268
49 291
49 333
49 351
49 390
49 395
50 72
50 89
50 103
50 120
50 131
50 141
50 158
50 168
50 201
50 225
50 242
50 247
50 292
50 315
50 349
50 360
50 363
50 364
50 374
50 375
50 382
50 392
51 69
51 76
51 87
51 207
51 220
51 262
51 296
51 303
51 348
52 60
52 71
52 104
52 110
52 121
52 159
52 166
52 167
52 256
52 265
52 275
52 295
52 304
53 70
53 106
53 118
53 128
53 133
53 160
53 181
53 203
53 209
53 213
53 224
53 240
53 244
53 257
53 300
53 305
53 310
53 316
53 359
53 367
53 387
53 393
53 396
54 59
54 63
54 80
54 109
54 125
54 143
54 154
54 183
54 189
54 197
54 199
54 212
54 228
54 230
54 235
54 248
54 289
54 353
55 113
55 114
55 123
55 124
55 132
55 150
55 162
55 172
55 182
55 210
55 273
55 277
55 284
55 294
55 297
55 307
55 314
55 318
55 325
55 327
55 328
55 332
55 347
55 362
55 369
55 398
56 78
56 115
56 246
56 259
56 341
56 368
56 378
57 65
57 75
57 98
57 102
57 123
57 156
57 172
57 177
57 182
57 192
57 285
57 297
57 307
57 314
57 318
57 325
57 332
57 338
57 347
57 361
57 365
57 369
57 371
57 390
57 395
58 92
58 103
58 116
58 137
58 145
58 155
58 178
58 206
58 264
58 267
58 271
58 288
58 302
58 337
58 340
58 366
58 373
58 377
58 388
59 80
59 125
59 143
59 154
59 183
59 189
59 230
59 235
59 248
59 289
59 296
59 353
60 71
60 104
60 110
60 135
60 138
60 146
60 159
60 163
60 166
60 215
60 217
60 265
60 275
60 295
60 304
61 112
61 136
61 151
61 174
61 186
61 196
61 245
61 278
61 311
61 356
61 357
61 384
61 391
61 399
62 65
62 74
62 94
62 95
62 100
62 101
62 102
62 142
62 156
62 204
62 226
62 227
62 252
62 263
62 285
62 338
62 351
62 361
62 371
62 381
62 390
62 395
63 109
63 151
63 174
63 186
63 190
63 193
63 196
63 197
63 199
63 203
63 212
63 228
63 235
63 248
63 286
63 300
63 330
63 391
64 85
64 99
64 126
64 129
64 185
64 195
64 211
64 214
64 219
64 234
64 250
64 258
64 281
64 288
64 293
64 302
64 306
64 350
64 358
64 372
64 397
65 75
65 98
65 101
65 102
65 123
65 156
65 172
65 173
65 177
65 192
65 226
65 285
65 325
65 332
65 338
65 347
65 351
65 361
65 365
65 371
65 390
65 395
66 90
66 91
66 151
66 152
66 160
66 181
66 196
66 198
66 203
66 224
66 244
66 257
66 279
66 286
66 305
66 317
66 331
66 352
66 357
66 367
66 384
66 385
66 393
67 69
67 76
67 87
67 105
67 127
67 153
67 169
67 207
67 208
67 233
67 262
67 303
67 343
67 383
68 85
68 89
68 120
68 130
68 157
68 185
68 187
68 195
68 211
68 241
68 298
68 302
68 306
68 358
68 370
68 392
68 397
69 76
69 87
69 105
69 127
69 153
69 169
69 207
69 208
69 233
69 262
69 303
69 343
69 348
69 383
70 81
70 106
70 118
70 128
70 133
70 149
70 200
70 213
70 222
70 240
70 269
70 300
70 301
70 310
70 316
70 319
70 359
70 379
70 387
70 393
70 396
71 82
71 135
71 138
71 146
71 163
71 166
71 215
71 216
71 217
71 275
71 295
71 355
72 97
72 117
72 131
72 141
72 148
72 158
72 168
72 201
72 225
72 236
72 242
72 247
72 260
72 261
72 269
72 313
72 315
72 319
72 329
72 335
72 349
72 363
72 364
72 374
72 375
72 382
73 91
73 136
73 152
73 164
73 176
73 210
73 245
73 255
73 299
73 311
73 324
73 352
73 356
73 357
73 389
73 399
74 94
74 95
74 100
74 107
74 134
74 142
74 204
74 221
74 226
74 227
74 263
74 291
74 333
74 376
74 381
75 102
75 123
75 172
75 177
75 182
75 268
75 273
75 285
75 294
75 297
75 314
75 318
75 325
75 332
75 338
75 347
75 361
75 369
75 390
75 395
76 87
76 207
76 220
76 262
76 303
76 348
77 129
77 130
77 157
77 184
77 185
77 187
77 202
77 223
77 231
77 241
77 281
77 282
77 298
77 308
77 342
77 344
77 350
77 372
77 397
78 115
78 119
78 194
78 202
78 231
78 246
78 259
78 274
78 290
78 308
78 312
78 320
78 344
78 368
79 84
79 88
79 101
79 111
79 148
79 156
79 171
79 173
79 179
79 192
79 218
79 232
79 238
79 260
79 261
79 266
79 283
79 309
79 313
79 329
79 335
79 345
79 354
79 371
79 380
79 386
80 86
80 93
80 108
80 122
80 125
80 183
80 189
80 199
80 212
80 228
80 235
80 243
80 248
80 339
80 353
81 97
81 106
81 131
81 149
81 157
81 191
81 200
81 213
81 222
81 240
81 269
81 301
81 310
81 316
81 319
81 379
81 387
82 135
82 138
82 146
82 215
82 217
82 251
82 255
82 295
82 299
82 311
82 324
82 389
82 394
83 251
83 255
83 299
83 346
84 88
84 101
84 111
84 148
84 156
84 165
84 171
84 173
84 179
84 192
84 218
84 232
84 238
84 252
84 260
84 261
84 266
84 283
84 309
84 313
84 329
84 335
84 345
84 354
84 371
84 380
84 386
85 99
85 126
85 137
85 195
85 206
85 211
85 214
85 219
85 234
85 250
85 258
85 288
85 293
85 302
85 306
85 337
85 350
85 358
85 373
86 93
86 108
86 122
86 125
86 139
86 161
86 170
86 189
86 194
86 205
86 228
86 229
86 243
86 290
86 342
87 105
87 127
87 153
87 169
87 207
87 208
87 233
87 262
87 303
87 343
87 383
88 101
88 111
88 117
88 148
88 156
88 165
88 171
88 173
88 179
88 218
88 232
88 236
88 238
88 260
88 261
88 266
88 283
88 309
88 313
88 329
88 335
88 345
88 354
88 380
88 386
89 103
89 116
89 120
89 141
89 187
89 247
89 292
89 306
89 370
89 374
89 392
90 91
90 118
90 151
90 152
90 160
90 181
90 196
90 198
90 203
90 224
90 244
90 257
90 279
90 286
90 305
90 317
90 331
90 352
90 357
90 367
90 384
90 385
90 393
91 114
91 136
91 152
91 160
91 176
91 196
91 198
91 224
91 245
91 257
91 272
91 279
91 305
91 317
91 331
91 352
91 356
91 357
91 362
91 384
91 385
91 399
92 103
92 116
92 137
92 145
92 155
92 178
92 206
92 264
92 267
92 271
92 288
92 337
92 340
92 366
92 377
92 388
93 108
93 122
93 125
93 139
93 170
93 189
93 205
93 228
93 243
93 248
93 290
93 339
93 342
94 100
94 107
94 134
94 177
94 204
94 221
94 226
94 263
94 268
94 291
94 333
94 338
94 351
94 376
94 390
94 395
95 100
95 101
95 142
95 204
95 218
95 226
95 227
95 252
95 254
95 263
95 270
95 338
95 351
95 371
95 376
95 381
96 109
96 121
96 143
96 147
96 154
96 167
96 186
96 190
96 197
96 230
96 237
96 239
96 256
96 278
96 280
96 289
96 323
96 326
96 334
97 117
97 131
97 148
97 158
97 168
97 201
97 225
97 236
97 240
97 242
97 260
97 261
97 269
97 301
97 310
97 313
97 319
97 329
97 335
97 349
97 363
97 374
97 380
97 382
97 386
97 387
97 396
98 102
98 156
98 172
98 175
98 179
98 192
98 209
98 272
98 285
98 307
98 361
98 362
98 365
98 385
99 126
99 195
99 206
99 211
99 214
99 219
99 234
99 250
99 258
99 288
99 293
99 302
99 358
99 373
100 107
100 134
100 142
100 204
100 221
100 226
100 227
100 263
100 270
100 291
100 333
100 376
100 381
101 102
101 156
101 173
101 192
101 218
101 226
101 238
101 252
101 254
101 266
101 283
101 285
101 309
101 338
101 345
101 351
101 354
101 361
101 371
101 381
102 123
102 156
102 172
102 173
102 192
102 226
102 285
102 325
102 332
102 338
102 347
102 351
102 361
102 365
102 371
102 390
103 116
103 141
103 155
103 247
103 264
103 267
103 271
103 287
103 292
103 322
103 340
103 364
104 110
104 121
104 159
104 166
104 167
104 256
104 265
104 304
104 323
105 127
105 153
105 169
105 207
105 208
105 233
105 262
105 303
105 341
105 343
105 383
106 118
106 128
106 149
106 191
106 200
106 213
106 222
106 240
106 269
106 300
106 301
106 316
106 339
106 359
106 379
106 387
106 393
107 134
107 204
107 221
107 291
107 333
107 376
108 122
108 125
108 139
108 170
108 189
108 205
108 228
108 243
108 248
108 290
108 339
108 342
109 143
109 154
109 174
109 186
109 190
109 193
109 197
109 199
109 212
109 230
109 235
109 237
109 289
109 326
109 334
109 391
110 112
110 121
110 159
110 166
110 167
110 217
110 256
110 265
110 278
110 295
110 304
110 323
111 140
111 144
111 148
111 165
111 168
111 180
111 188
111 201
111 225
111 232
111 236
111 238
111 242
111 261
111 266
111 283
111 309
111 313
111 315
111 329
111 335
111 345
111 354
111 363
111 375
111 380
112 138
112 159
112 217
112 245
112 256
112 265
112 278
112 304
112 311
112 324
112 389
112 394
112 399
113 114
113 124
113 132
113 150
113 152
113 162
113 176
113 210
113 277
113 284
113 294
113 307
113 314
113 317
113 327
113 328
113 362
113 398
114 132
114 152
114 198
114 210
114 272
114 277
114 279
114 307
114 314
114 317
114 327
114 362
114 365
114 385
114 398
115 119
115 194
115 202
115 231
115 259
115 274
115 290
115 308
115 312
115 320
115 344
115 368
116 137
116 155
116 178
116 264
116 267
116 271
116 287
116 288
116 292
116 302
116 337
116 340
116 366
116 377
117 131
117 148
117 158
117 168
117 171
117 201
117 225
117 236
117 240
117 242
117 260
117 261
117 269
117 301
117 310
117 313
117 319
117 329
117 335
117 349
117 363
117 380
117 382
117 386
117 387
117 396
118 128
118 133
118 151
118 160
118 181
118 193
118 203
118 213
118 224
118 244
118 257
118 300
118 305
118 316
118 330
118 339
118 359
118 367
118 393
119 202
119 231
119 259
119 274
119 308
119 312
119 320
119 344
119 368
120 130
120 141
120 157
120 187
120 241
120 306
120 370
120 392
121 159
121 166
121 167
121 239
121 256
121 265
121 278
121 304
121 323
122 125
122 139
122 161
122 170
122 194
122 205
122 229
122 243
122 290
122 342
122 344
122 368
123 172
123 177
123 182
123 268
123 285
123 294
123 297
123 314
123 318
123 325
123 332
123 338
123 347
123 361
123 365
123 369
123 390
123 395
124 132
124 150
124 162
124 210
124 273
124 277
124 284
124 294
124 327
124 328
124 369
124 398
125 161
125 183
125 189
125 199
125 212
125 228
125 229
125 235
125 243
125 248
125 353
126 137
126 178
126 195
126 206
126 214
126 219
126 234
126 250
126 258
126 288
126 293
126 302
126 337
126 358
126 366
126 373
126 388
127 153
127 169
127 208
127 233
127 383
128 200
128 213
128 222
128 240
128 300
128 316
128 330
128 339
128 359
128 379
128 393
129 185
129 211
129 231
129 241
129 258
129 281
129 282
129 298
129 308
129 320
129 350
129 372
129 397
130 149
130 157
130 170
130 184
130 185
130 187
130 191
130 200
130 205
130 222
130 223
130 241
130 282
130 298
130 370
130 392
130 397
131 141
131 158
131 168
131 201
131 225
131 240
131 260
131 269
131 301
131 310
131 319
131 349
131 363
131 374
131 379
131 382
131 387
132 150
132 162
132 182
132 210
132 277
132 284
132 294
132 307
132 314
132 317
132 327
132 328
132 362
132 369
132 398
133 160
133 175
133 181
133 209
133 213
133 224
133 244
133 257
133 279
133 305
133 310
133 316
133 359
133 367
133 385
133 386
133 387
133 393
133 396
134 204
134 221
134 268
134 291
134 333
134 376
135 138
135 146
135 163
135 215
135 216
135 275
135 295
135 355
135 394
136 152
136 164
136 176
136 245
136 299
136 311
136 324
136 331
136 352
136 356
136 357
136 384
136 389
136 399
137 145
137 178
137 195
137 206
137 267
137 288
137 293
137 302
137 337
137 340
137 358
137 366
137 373
137 377
137 388
138 146
138 159
138 163
138 215
138 217
138 255
138 275
138 295
138 304
138 311
138 324
138 389
138 394
139 161
139 194
139 229
139 243
139 290
139 342
139 344
139 368
139 378
140 165
140 180
140 188
140 225
140 232
140 236
140 242
140 247
140 249
140 261
140 276
140 313
140 315
140 322
140 360
140 363
140 364
140 374
140 375
140 382
141 158
141 168
141 201
141 225
141 242
141 247
141 292
141 315
141 349
141 363
141 364
141 370
141 374
141 375
141 382
141 392
142 226
142 227
142 252
142 254
142 263
142 270
142 351
142 376
142 381
143 154
143 183
143 190
143 230
143 235
143 237
143 239
143 253
143 280
143 289
143 321
143 326
143 334
143 336
143 353
144 165
144 180
144 188
144 232
144 236
144 238
144 254
144 261
144 283
144 309
144 313
144 345
144 354
145 178
145 206
145 267
145 337
145 366
145 373
145 377
145 388
146 163
146 215
146 216
146 217
146 275
146 295
146 355
146 394
147 239
147 253
147 280
147 321
147 323
147 334
147 336
148 158
148 165
148 168
148 180
148 188
148 201
148 225
148 232
148 236
148 238
148 242
148 260
148 261
148 266
148 283
148 309
148 313
148 315
148 329
148 335
148 345
148 349
148 354
148 363
148 375
148 380
148 382
149 157
149 170
149 184
149 187
149 191
149 200
149 205
149 222
149 240
149 269
149 301
149 379
150 162
150 182
150 210
150 273
150 277
150 284
150 294
150 314
150 327
150 328
150 369
150 398
151 160
151 174
151 186
151 193
151 196
151 203
151 244
151 245
151 257
151 286
151 300
151 305
151 330
151 331
151 352
151 367
151 384
151 391
151 393
152 160
152 196
152 198
152 224
152 245
152 257
152 272
152 279
152 305
152 317
152 331
152 352
152 356
152 357
152 362
152 384
152 385
152 399
153 169
153 208
153 233
153 341
153 343
153 383
154 183
154 190
154 230
154 235
154 237
154 239
154 253
154 280
154 289
154 321
154 326
154 334
154 336
154 353
155 249
155 264
155 267
155 271
155 287
155 292
155 322
155 340
155 360
155 377
156 173
156 179
156 192
156 218
156 226
156 238
156 252
156 266
156 285
156 338
156 351
156 354
156 361
156 365
156 371
156 381
157 170
157 184
157 187
157 191
157 200
157 205
157 222
157 223
157 241
157 282
157 298
157 370
157 392
157 397
158 168
158 201
158 225
158 236
158 242
158 247
158 260
158 269
158 313
158 315
158 319
158 329
158 335
158 349
158 363
158 364
158 374
158 375
158 382
159 166
159 167
159 217
159 256
159 265
159 278
159 295
159 304
159 311
159 389
159 394
160 181
160 196
160 198
160 203
160 209
160 224
160 244
160 257
160 272
160 279
160 300
160 305
160 331
160 359
160 367
160 384
160 385
160 393
161 194
161 229
161 243
161 290
161 296
161 343
161 378
162 182
162 210
162 273
162 277
162 284
162 294
162 297
162 314
162 318
162 325
162 327
162 328
162 347
162 369
162 398
163 215
163 216
163 275
163 295
163 355
164 176
164 210
164 255
164 299
164 311
164 324
164 356
164 357
164 389
164 399
165 180
165 188
165 218
165 232
165 236
165 238
165 254
165 261
165 266
165 283
165 309
165 313
165 335
165 345
165 354
166 167
166 217
166 256
166 265
166 275
166 295
166 304
167 237
167 239
167 256
167 265
167 278
167 304
167 323
167 326
167 334
168 201
168 225
168 236
168 242
168 247
168 260
168 261
168 269
168 310
168 313
168 315
168 319
168 329
168 335
168 349
168 363
168 364
168 374
168 375
168 380
168 382
168 387
169 207
169 208
169 233
169 262
169 303
169 341
169 343
169 383
170 184
170 191
170 200
170 205
170 222
170 223
170 282
170 342
170 344
171 173
171 175
171 179
171 192
171 260
171 266
171 310
171 319
171 329
171 335
171 380
171 386
171 396
172 177
172 182
172 192
172 285
172 294
172 297
172 307
172 314
172 318
172 325
172 332
172 338
172 347
172 361
172 365
172 369
172 390
172 395
173 179
173 192
173 218
173 238
173 252
173 254
173 266
173 283
173 285
173 309
173 338
173 345
173 351
173 354
173 361
173 371
173 381
174 186
174 190
174 193
174 196
174 197
174 199
174 203
174 245
174 286
174 330
174 384
174 391
175 179
175 181
175 192
175 209
175 272
175 279
175 307
175 361
175 365
175 385
175 386
176 210
176 255
176 299
176 324
176 352
176 356
176 357
176 399
177 182
177 204
177 268
177 297
177 318
177 325
177 332
177 338
177 347
177 369
177 390
177 395
178 206
178 267
178 288
178 293
178 302
178 337
178 340
178 358
178 366
178 373
178 377
178 388
179 192
179 238
179 260
179 266
179 309
179 310
179 329
179 354
179 371
179 380
179 386
179 396
180 188
180 201
180 225
180 232
180 236
180 242
180 261
180 276
180 283
180 309
180 313
180 315
180 335
180 345
180 360
180 363
180 375
181 198
181 203
181 209
181 224
181 244
181 257
181 272
181 279
181 305
181 316
181 359
181 367
181 385
181 393
181 396
182 273
182 277
182 284
182 294
182 297
182 314
182 318
182 325
182 327
182 328
182 332
182 347
182 369
182 398
183 189
183 229
183 230
183 235
183 243
183 248
183 289
183 296
183 353
184 187
184 191
184 200
184 205
184 222
184 223
184 241
184 282
184 298
184 370
184 397
185 187
185 202
185 211
185 223
185 231
185 241
185 258
185 281
185 282
185 298
185 308
185 320
185 344
185 350
185 372
185 397
186 190
186 193
186 196
186 197
186 237
186 245
186 278
186 286
186 326
186 330
186 384
186 391
187 191
187 241
187 282
187 298
187 306
187 370
187 392
187 397
188 201
188 225
188 232
188 236
188 242
188 247
188 249
188 261
188 276
188 313
188 315
188 322
188 335
188 360
188 363
188 364
188 374
188 375
188 382
189 199
189 212
189 228
189 229
189 235
189 243
189 248
189 296
189 353
190 197
190 230
190 235
190 237
190 256
190 278
190 289
190 323
190 326
190 334
190 391
191 200
191 205
191 222
191 223
191 240
191 269
191 301
191 370
191 379
192 285
192 307
192 338
192 361
192 365
192 371
193 196
193 197
193 199
193 203
193 212
193 244
193 286
193 300
193 330
193 391
194 202
194 229
194 243
194 259
194 290
194 342
194 344
194 368
194 378
195 206
195 211
195 214
195 219
195 234
195 250
195 258
195 288
195 293
195 302
195 306
195 337
195 358
195 373
196 203
196 244
196 245
196 257
196 286
196 330
196 331
196 352
196 357
196 367
196 384
196 391
196 399
197 199
197 212
197 235
197 237
197 278
197 286
197 289
197 326
197 330
197 391
198 203
198 209
198 224
198 244
198 257
198 272
198 279
198 305
198 317
198 331
198 352
198 362
198 367
198 384
198 385
199 212
199 228
199 235
199 248
199 286
199 300
199 330
199 339
199 353
200 205
200 213
200 222
200 240
200 269
200 301
200 339
200 379
201 225
201 236
201 242
201 247
201 260
201 261
201 313
201 315
201 319
201 329
201 335
201 349
201 363
201 364
201 374
201 375
201 382
202 223
202 231
202 241
202 259
202 274
202 281
202 282
202 290
202 298
202 308
202 312
202 320
202 342
202 344
202 368
202 397
203 224
203 244
203 257
203 286
203 300
203 305
203 330
203 331
203 359
203 367
203 384
203 393
204 226
204 263
204 268
204 291
204 333
204 338
204 351
204 376
204 381
204 390
204 395
205 222
205 223
205 339
205 342
206 214
206 234
206 250
206 267
206 288
206 293
206 302
206 337
206 358
206 366
206 373
206 377
206 388
207 233
207 262
207 296
207 303
207 343
207 348
207 383
208 233
208 341
208 343
208 383
209 224
209 257
209 272
209 279
209 305
209 307
209 362
209 365
209 367
209 385
209 386
210 277
210 284
210 317
210 327
210 328
210 398
211 214
211 219
211 234
211 241
211 250
211 258
211 281
211 298
211 302
211 306
211 350
211 358
211 372
211 397
212 228
212 235
212 248
212 286
212 300
212 330
212 339
212 353
213 222
213 240
213 269
213 300
213 301
213 310
213 316
213 319
213 359
213 379
213 387
213 393
213 396
214 219
214 234
214 250
214 258
214 288
214 293
214 302
214 306
214 350
214 358
214 373
215 216
215 217
215 251
215 255
215 275
215 295
215 324
215 355
215 389
215 394
216 275
216 295
216 355
217 265
217 275
217 278
217 295
217 304
217 311
217 324
217 389
217 394
218 232
218 238
218 252
218 254
218 266
218 270
218 283
218 309
218 345
218 354
218 371
218 381
219 234
219 250
219 258
219 288
219 293
219 302
219 350
219 358
219 372
219 373
220 262
220 348
221 291
221 333
221 376
222 240
222 269
222 301
222 339
222 379
222 387
223 231
223 241
223 281
223 282
223 298
223 308
223 342
223 344
223 397
224 244
224 257
224 272
224 279
224 305
224 317
224 331
224 359
224 362
224 367
224 385
224 393
225 236
225 242
225 247
225 261
225 276
225 313
225 315
225 335
225 349
225 360
225 363
225 364
225 374
225 375
225 382
226 227
226 252
226 263
226 285
226 338
226 351
226 361
226 371
226 381
226 390
226 395
227 252
227 254
227 263
227 270
227 351
227 376
227 381
228 235
228 248
228 330
228 339
228 353
229 243
229 290
229 296
229 303
229 343
229 353
229 378
230 235
230 237
230 239
230 253
230 280
230 289
230 321
230 326
230 334
230 336
231 241
231 259
231 274
231 281
231 282
231 298
231 308
231 312
231 320
231 344
231 350
231 372
231 397
232 236
232 238
232 242
232 261
232 266
232 283
232 309
232 313
232 335
232 345
232 354
232 363
233 262
233 303
233 343
233 383
234 250
234 258
234 288
234 293
234 302
234 306
234 350
234 358
234 373
235 237
235 248
235 289
235 326
235 353
236 242
236 247
236 260
236 261
236 276
236 283
236 309
236 313
236 315
236 329
236 335
236 345
236 349
236 363
236 364
236 374
236 375
236 380
236 382
237 239
237 256
237 278
237 289
237 323
237 326
237 334
237 391
238 252
238 254
238 261
238 266
238 283
238 309
238 345
238 354
238 371
239 253
239 256
239 280
239 289
239 321
239 323
239 326
239 334
239 336
240 269
240 301
240 310
240 316
240 319
240 379
240 387
240 396
241 281
241 282
241 298
241 306
241 350
241 370
241 372
241 397
242 247
242 261
242 276
242 313
242 315
242 335
242 349
242 360
242 363
242 364
242 374
242 375
242 382
243 290
243 296
243 353
244 257
244 279
244 286
244 300
244 305
244 316
244 330
244 359
244 367
244 384
244 393
245 278
245 311
245 331
245 352
245 356
245 357
245 384
245 389
245 391
245 399
246 341
246 343
246 378
246 383
247 276
247 287
247 292
247 315
247 322
247 349
247 360
247 363
247 364
247 374
247 375
247 382
248 353
249 264
249 276
249 287
249 292
249 315
249 322
249 360
249 364
249 375
250 258
250 288
250 293
250 302
250 358
250 373
251 255
251 299
251 346
252 254
252 263
252 266
252 270
252 283
252 338
252 345
252 351
252 354
252 371
252 381
253 280
253 289
253 321
253 334
253 336
254 270
254 283
254 309
254 345
254 354
254 381
255 299
255 311
255 324
255 346
255 389
255 394
256 265
256 278
256 304
256 323
256 326
257 279
257 286
257 300
257 305
257 331
257 359
257 367
257 384
257 385
257 393
258 281
258 293
258 350
258 358
258 372
259 274
259 290
259 308
259 312
259 320
259 344
259 368
260 261
260 266
260 310
260 313
260 319
260 329
260 335
260 349
260 380
260 386
260 387
260 396
261 266
261 283
261 309
261 313
261 315
261 329
261 335
261 345
261 349
261 354
261 363
261 375
261 380
262 303
262 348
263 270
263 291
263 333
263 338
263 351
263 376
263 381
263 390
264 267
264 271
264 287
264 292
264 322
264 340
264 377
265 278
265 295
265 304
265 323
266 283
266 309
266 313
266 329
266 335
266 345
266 354
266 371
266 380
266 386
267 271
267 337
267 340
267 366
267 377
268 291
268 318
268 332
268 390
268 395
269 301
269 310
269 316
269 319
269 349
269 379
269 387
269 396
270 376
270 381
271 287
271 292
271 322
271 340
271 377
272 279
272 305
272 307
272 317
272 331
272 362
272 365
272 385
273 284
273 294
273 297
273 314
273 318
273 325
273 328
273 347
273 369
274 308
274 312
274 320
274 344
274 368
275 295
275 304
276 287
276 315
276 322
276 360
276 363
276 364
276 374
276 375
276 382
277 284
277 294
277 307
277 314
277 317
277 327
277 328
277 347
277 362
277 369
277 398
278 304
278 311
278 323
278 326
278 391
279 305
279 307
279 317
279 331
279 352
279 362
279 367
279 385
280 289
280 321
280 334
280 336
281 282
281 298
281 308
281 320
281 350
281 372
281 397
282 298
282 308
282 342
282 344
282 350
282 372
282 397
283 309
283 313
283 335
283 345
283 354
284 294
284 314
284 327
284 328
284 369
284 398
285 332
285 338
285 351
285 361
285 365
285 371
285 390
286 300
286 330
286 384
286 391
287 292
287 322
287 340
287 360
287 364
288 293
288 302
288 306
288 337
288 358
288 366
288 373
289 321
289 326
289 334
289 336
289 353
290 342
290 344
290 368
290 378
291 333
291 376
291 390
291 395
292 315
292 322
292 340
292 360
292 364
292 374
292 375
292 382
293 302
293 337
293 358
293 366
293 373
293 388
294 297
294 314
294 318
294 325
294 327
294 328
294 332
294 347
294 369
294 398
295 304
295 394
296 303
296 353
297 314
297 318
297 325
297 332
297 347
297 369
298 308
298 344
298 350
298 372
298 397
299 311
299 324
299 346
299 389
299 394
300 316
300 330
300 339
300 359
300 367
300 393
301 310
301 316
301 319
301 379
301 387
301 396
302 306
302 337
302 340
302 358
302 366
302 373
303 343
303 348
303 383
304 311
304 323
305 317
305 331
305 359
305 362
305 367
305 384
305 385
305 393
306 358
306 370
306 392
306 397
307 314
307 317
307 347
307 362
307 365
307 385
308 312
308 320
308 344
308 350
308 372
308 397
309 313
309 329
309 335
309 345
309 354
309 380
310 316
310 319
310 329
310 349
310 379
310 380
310 386
310 387
310 396
311 324
311 356
311 357
311 389
311 394
311 399
312 320
312 344
312 368
313 315
313 329
313 335
313 345
313 349
313 354
313 363
313 375
313 380
313 382
314 318
314 325
314 327
314 328
314 332
314 347
314 362
314 365
314 369
314 398
315 322
315 335
315 349
315 360
315 363
315 364
315 374
315 375
315 382
316 319
316 359
316 367
316 379
316 386
316 387
316 393
316 396
317 327
317 331
317 352
317 362
317 385
318 325
318 332
318 347
318 369
318 395
319 329
319 335
319 349
319 379
319 380
319 386
319 387
319 396
320 350
320 372
321 334
321 336
322 360
322 364
322 374
322 375
323 326
323 334
324 356
324 389
324 394
324 399
325 332
325 347
325 369
325 395
326 334
326 391
327 328
327 369
327 398
328 369
328 398
329 335
329 349
329 380
329 386
329 396
330 339
330 359
330 391
330 393
331 352
331 356
331 357
331 362
331 367
331 384
331 385
331 399
332 338
332 347
332 361
332 365
332 369
332 390
332 395
333 376
334 336
335 345
335 349
335 363
335 375
335 380
335 382
337 340
337 358
337 366
337 373
337 377
337 388
338 351
338 361
338 371
338 381
338 390
338 395
339 359
340 366
340 377
341 343
341 378
341 383
342 344
342 368
343 378
343 383
344 368
345 354
347 369
347 395
349 363
349 364
349 374
349 375
349 382
349 387
350 372
350 397
351 361
351 371
351 381
351 390
351 395
352 356
352 357
352 362
352 384
352 399
354 371
354 380
356 357
356 384
356 389
356 399
357 384
357 399
358 366
358 373
359 367
359 393
360 363
360 364
360 374
360 375
360 382
361 365
361 371
361 390
362 365
362 385
363 364
363 374
363 375
363 382
364 374
364 375
364 382
365 385
366 373
366 377
366 388
367 384
367 385
367 393
368 378
369 398
370 392
370 397
371 381
371 390
372 397
373 388
374 375
374 382
375 382
376 381
377 388
378 383
379 387
379 396
380 386
380 396
381 390
384 391
384 399
386 387
386 396
387 396
389 394
389 399
390 395
