200 1773
0 15
0 17
0 33
0 38
0 50
0 84
0 89
0 129
0 146
0 179
1 13
1 49
1 114
1 145
1 152
1 156
1 165
1 169
1 171
2 13
2 18
2 26
2 29
2 63
2 76
2 78
2 80
2 102
2 107
2 126
2 145
2 152
2 156
2 169
2 171
2 187
3 24
3 41
3 47
3 103
3 118
3 131
3 135
3 140
3 150
3 163
3 166
3 167
3 183
4 5
4 9
4 14
4 27
4 42
4 51
4 54
4 65
4 70
4 75
4 83
4 88
4 97
4 99
4 116
4 123
4 125
4 127
4 136
4 143
4 144
4 146
4 155
4 176
4 177
4 180
4 184
4 195
4 199
5 34
5 48
5 51
5 55
5 61
5 65
5 69
5 74
5 75
5 82
5 90
5 94
5 97
5 98
5 125
5 127
5 130
5 132
5 134
5 137
5 143
5 144
5 160
5 177
5 184
6 8
6 10
6 37
6 43
6 59
6 81
6 93
6 95
6 99
6 100
6 108
6 111
6 113
6 141
6 175
6 180
6 196
7 20
7 23
7 25
7 45
7 77
7 79
7 86
7 91
7 92
7 101
7 110
7 119
7 120
7 122
7 154
7 173
7 186
7 190
7 192
7 193
7 198
8 10
8 56
8 81
8 95
8 100
8 111
8 148
8 175
8 194
8 196
9 14
9 22
9 27
9 33
9 42
9 51
9 54
9 70
9 75
9 88
9 97
9 99
9 116
9 123
9 125
9 136
9 143
9 146
9 155
9 180
9 195
9 199
10 37
10 43
10 81
10 93
10 95
10 99
10 100
10 108
10 111
10 148
10 175
10 180
10 196
11 22
11 34
11 40
11 41
11 51
11 52
11 62
11 66
11 73
11 85
11 88
11 104
11 105
11 137
11 138
11 157
11 158
11 179
11 182
11 183
12 28
12 32
12 39
12 64
12 109
12 128
12 139
12 191
13 26
13 29
13 36
13 49
13 63
13 76
13 102
13 114
13 126
13 145
13 152
13 156
13 165
13 168
13 169
13 171
14 27
14 42
14 54
14 83
14 97
14 99
14 116
14 123
14 125
14 136
14 143
14 155
14 176
14 177
14 180
14 195
14 199
15 17
15 33
15 38
15 50
15 70
15 84
15 89
15 104
15 123
15 129
15 136
15 146
15 179
15 199
16 21
16 29
16 30
16 37
16 43
16 53
16 58
16 63
16 78
16 80
16 83
16 108
16 126
16 149
16 176
16 178
16 187
17 31
17 38
17 50
17 56
17 106
17 117
17 129
17 148
17 164
17 194
18 45
18 53
18 77
18 78
18 107
18 119
18 172
18 187
18 193
19 25
19 44
19 46
19 71
19 72
19 82
19 92
19 96
19 101
19 128
19 147
19 151
19 153
19 154
19 159
19 181
19 185
19 186
19 192
19 197
19 198
20 23
20 25
20 28
20 39
20 64
20 79
20 86
20 91
20 101
20 110
20 128
20 170
20 173
20 190
20 191
20 192
21 29
21 30
21 45
21 53
21 58
21 78
21 80
21 107
21 120
21 122
21 133
21 149
21 154
21 177
21 178
21 187
21 198
22 33
22 34
22 40
22 51
22 62
22 66
22 70
22 75
22 85
22 88
22 89
22 104
22 123
22 136
22 137
22 138
22 146
22 157
22 179
22 199
23 25
23 28
23 77
23 79
23 86
23 91
23 101
23 110
23 119
23 122
23 170
23 173
23 186
23 190
23 192
23 193
24 47
24 60
24 115
24 118
24 124
24 131
24 161
24 162
24 163
24 166
24 167
25 39
25 44
25 64
25 71
25 72
25 86
25 91
25 92
25 101
25 110
25 122
25 128
25 147
25 154
25 170
25 173
25 181
25 185
25 186
25 190
25 192
26 29
26 36
26 37
26 49
26 59
26 63
26 76
26 80
26 93
26 102
26 108
26 113
26 114
26 126
26 141
26 145
26 152
26 165
26 168
26 169
26 171
26 187
27 42
27 54
27 70
27 97
27 99
27 116
27 123
27 125
27 136
27 143
27 146
27 148
27 155
27 176
27 180
27 195
27 199
28 39
28 64
28 86
28 91
28 128
28 170
28 173
28 190
28 191
29 30
29 37
29 43
29 53
29 63
29 76
29 78
29 80
29 93
29 102
29 107
29 108
29 126
29 145
29 171
29 187
30 43
30 53
30 58
30 78
30 80
30 83
30 108
30 126
30 133
30 149
30 176
30 177
30 178
30 187
31 56
31 95
31 100
31 106
31 116
31 117
31 148
31 164
31 175
31 194
32 35
32 39
32 64
32 71
32 109
32 128
32 139
32 181
32 185
32 191
33 38
33 42
33 50
33 51
33 70
33 75
33 88
33 89
33 104
33 123
33 136
33 137
33 138
33 146
33 179
33 199
34 40
34 41
34 51
34 55
34 65
34 66
34 73
34 75
34 88
34 90
34 94
34 104
34 105
34 127
34 134
34 137
34 138
34 144
34 157
34 183
34 188
35 57
35 67
35 68
35 71
35 72
35 87
35 96
35 121
35 142
35 153
35 181
35 185
35 189
36 37
36 49
36 59
36 63
36 76
36 81
36 93
36 102
36 111
36 113
36 114
36 141
36 165
36 168
36 171
37 43
37 59
37 63
37 76
37 80
37 81
37 93
37 102
37 108
37 111
37 113
37 126
37 141
37 168
37 175
37 196
38 50
38 70
38 84
38 89
38 104
38 112
38 129
38 136
38 146
38 179
39 64
39 71
39 91
39 109
39 128
39 139
39 170
39 173
39 181
39 185
39 190
39 191
40 41
40 52
40 62
40 66
40 73
40 85
40 105
40 135
40 138
40 157
40 158
40 182
40 183
41 52
41 66
41 73
41 105
41 131
41 135
41 138
41 157
41 158
41 166
41 167
41 183
41 188
42 54
42 70
42 75
42 88
42 97
42 99
42 116
42 123
42 125
42 136
42 143
42 146
42 148
42 155
42 180
42 195
42 199
43 63
43 80
43 93
43 108
43 126
43 141
43 176
43 180
43 195
44 46
44 71
44 72
44 82
44 92
44 101
44 128
44 147
44 153
44 181
44 185
44 186
44 192
44 197
45 53
45 77
45 78
45 107
45 110
45 119
45 120
45 122
45 149
45 172
45 186
45 187
45 193
46 48
46 61
46 69
46 72
46 74
46 82
46 92
46 96
46 98
46 130
46 132
46 147
46 151
46 153
46 154
46 159
46 160
46 197
46 198
47 103
47 115
47 118
47 140
47 150
47 162
47 163
47 166
47 167
48 55
48 61
48 65
48 69
48 74
48 75
48 82
48 90
48 94
48 97
48 98
48 127
48 130
48 132
48 134
48 143
48 144
48 151
48 159
48 160
48 177
48 184
48 197
49 76
49 102
49 113
49 114
49 145
49 152
49 156
49 165
49 168
49 169
49 171
50 70
50 84
50 89
50 129
50 136
50 146
50 199
51 65
51 66
51 70
51 73
51 75
51 88
51 90
51 94
51 104
51 105
51 123
51 127
51 136
51 137
51 138
51 143
51 144
51 146
51 157
51 188
51 199
52 62
52 66
52 73
52 85
52 131
52 135
52 138
52 157
52 158
52 182
52 183
53 58
53 78
53 80
53 107
53 120
53 122
53 133
53 149
53 154
53 178
53 187
53 198
54 70
54 95
54 97
54 99
54 100
54 116
54 123
54 125
54 136
54 143
54 146
54 148
54 155
54 176
54 180
54 195
54 199
55 61
55 65
55 69
55 90
55 94
55 98
55 105
55 124
55 127
55 130
55 132
55 134
55 144
55 151
55 159
55 160
55 161
55 184
55 188
56 95
56 100
56 106
56 117
56 148
56 164
56 175
56 194
57 60
57 67
57 68
57 87
57 96
57 121
57 142
57 153
57 161
57 174
57 189
58 61
58 74
58 80
58 83
58 97
58 98
58 120
58 125
58 130
58 132
58 133
58 149
58 154
58 176
58 177
58 178
58 180
58 184
58 195
58 197
58 198
59 63
59 76
59 81
59 93
59 102
59 108
59 111
59 113
59 114
59 126
59 141
59 165
59 168
59 171
59 196
60 67
60 68
60 87
60 96
60 115
60 124
60 142
60 151
60 161
60 162
60 174
61 69
61 74
61 82
61 83
61 90
61 94
61 98
61 127
61 130
61 132
61 133
61 144
61 147
61 151
61 154
61 159
61 160
61 177
61 184
61 197
61 198
62 66
62 73
62 85
62 104
62 112
62 138
62 157
62 158
62 179
62 182
63 76
63 80
63 93
63 102
63 108
63 111
63 113
63 114
63 126
63 141
63 145
63 165
63 168
63 171
64 71
64 109
64 128
64 139
64 170
64 173
64 181
64 185
64 191
65 69
65 75
65 88
65 90
65 94
65 97
65 105
65 127
65 130
65 134
65 137
65 143
65 144
65 160
65 184
65 188
66 73
66 75
66 85
66 88
66 104
66 105
66 137
66 138
66 157
66 158
66 179
66 182
66 183
67 68
67 72
67 87
67 96
67 121
67 124
67 142
67 151
67 153
67 159
67 161
67 174
67 189
68 72
68 87
68 96
68 121
68 124
68 142
68 151
68 153
68 159
68 161
68 174
68 189
69 74
69 82
69 90
69 94
69 98
69 124
69 127
69 130
69 132
69 134
69 144
69 151
69 159
69 160
69 184
69 197
70 75
70 88
70 104
70 116
70 123
70 136
70 137
70 143
70 146
70 155
70 179
70 199
71 72
71 109
71 128
71 153
71 181
71 185
71 189
72 92
72 96
72 121
72 128
72 147
72 151
72 153
72 159
72 181
72 185
72 189
73 85
73 105
73 131
73 135
73 137
73 138
73 157
73 158
73 183
73 188
74 82
74 83
74 94
74 97
74 98
74 120
74 125
74 127
74 130
74 132
74 133
74 144
74 149
74 154
74 177
74 178
74 184
74 197
74 198
75 88
75 90
75 94
75 97
75 104
75 105
75 123
75 125
75 127
75 130
75 136
75 137
75 138
75 143
75 144
75 146
75 155
75 184
75 199
76 80
76 93
76 102
76 113
76 114
76 126
76 141
76 145
76 152
76 156
76 165
76 168
76 169
76 171
76 187
77 79
77 86
77 91
77 101
77 110
77 119
77 172
77 173
77 190
77 193
78 80
78 107
78 126
78 149
78 172
78 187
79 86
79 91
79 101
79 110
79 119
79 170
79 172
79 173
79 190
79 193
80 93
80 108
80 126
80 149
80 176
80 178
80 187
81 93
81 100
81 111
81 113
81 141
81 168
81 175
81 196
82 92
82 94
82 98
82 130
82 132
82 133
82 147
82 151
82 153
82 154
82 159
82 160
82 184
82 197
82 198
83 97
83 98
83 125
83 127
83 130
83 132
83 133
83 143
83 144
83 149
83 155
83 176
83 177
83 178
83 180
83 184
83 195
84 89
84 112
84 129
84 179
85 104
85 112
85 138
85 157
85 158
85 179
85 182
85 183
86 91
86 101
86 110
86 119
86 170
86 173
86 186
86 190
86 192
86 193
87 96
87 121
87 142
87 153
87 161
87 174
87 189
88 104
88 123
88 136
88 137
88 138
88 143
88 146
88 157
88 179
88 199
89 104
89 112
89 129
89 146
89 179
90 94
90 98
90 105
90 124
90 127
90 130
90 132
90 134
90 137
90 144
90 160
90 184
90 188
91 101
91 110
91 119
91 170
91 173
91 190
91 191
91 193
92 98
92 101
92 120
92 122
92 133
92 147
92 154
92 185
92 186
92 192
92 197
92 198
93 102
93 108
93 111
93 113
93 126
93 141
93 145
93 165
93 168
93 171
93 196
94 97
94 98
94 105
94 127
94 130
94 132
94 134
94 137
94 143
94 144
94 160
94 184
94 188
95 99
95 100
95 111
95 116
95 148
95 164
95 175
95 180
95 194
95 196
96 121
96 124
96 142
96 151
96 153
96 159
96 160
96 161
96 174
96 189
97 99
97 116
97 123
97 125
97 127
97 130
97 143
97 144
97 155
97 176
97 177
97 180
97 184
97 195
98 127
98 130
98 132
98 133
98 144
98 147
98 151
98 154
98 159
98 160
98 177
98 184
98 197
98 198
99 100
99 116
99 125
99 143
99 148
99 155
99 175
99 176
99 180
99 195
100 111
100 116
100 148
100 175
100 180
100 196
101 110
101 119
101 120
101 122
101 128
101 147
101 154
101 173
101 185
101 186
101 190
101 192
101 193
101 198
102 108
102 113
102 114
102 126
102 141
102 145
102 152
102 165
102 168
102 171
103 118
103 140
103 150
103 163
103 166
103 167
104 112
104 123
104 136
104 137
104 138
104 146
104 157
104 179
104 182
104 199
105 124
105 131
105 134
105 137
105 157
105 183
105 188
106 117
106 148
106 164
106 194
107 119
107 172
107 187
108 111
108 113
108 126
108 141
108 176
108 180
108 196
109 128
109 139
109 181
109 191
110 119
110 122
110 172
110 173
110 186
110 190
110 192
110 193
111 113
111 141
111 168
111 175
111 196
112 138
112 179
112 182
113 114
113 126
113 141
113 165
113 168
113 171
113 196
114 141
114 145
114 152
114 156
114 165
114 168
114 169
114 171
115 118
115 162
115 163
115 174
116 123
116 125
116 136
116 143
116 146
116 148
116 155
116 176
116 180
116 195
116 199
117 129
117 148
117 164
117 194
118 131
118 135
118 140
118 150
118 162
118 163
118 166
118 167
119 122
119 172
119 173
119 186
119 190
119 193
120 122
120 133
120 147
120 149
120 154
120 178
120 186
120 192
120 197
120 198
121 142
121 153
121 161
121 174
121 189
122 133
122 147
122 149
122 154
122 178
122 186
122 192
122 193
122 197
122 198
123 136
123 137
123 143
123 146
123 155
123 199
124 134
124 142
124 151
124 159
124 160
124 161
124 174
124 188
125 127
125 130
125 143
125 144
125 155
125 176
125 177
125 180
125 184
125 195
126 141
126 145
126 152
126 165
126 168
126 169
126 171
126 187
127 130
127 132
127 134
127 137
127 143
127 144
127 160
127 177
127 184
128 173
128 181
128 185
128 191
128 192
129 164
130 132
130 134
130 143
130 144
130 159
130 160
130 177
130 184
130 197
131 135
131 166
131 167
131 183
131 188
132 133
132 144
132 147
132 154
132 159
132 160
132 177
132 184
132 197
132 198
133 147
133 149
133 154
133 177
133 178
133 186
133 197
133 198
134 144
134 151
134 159
134 160
134 161
134 184
134 188
135 140
135 150
135 158
135 166
135 167
135 183
136 143
136 146
136 155
136 199
137 138
137 143
137 144
137 157
137 188
137 199
138 157
138 158
138 179
138 182
138 183
139 191
140 150
140 163
140 166
140 167
141 145
141 165
141 168
141 171
141 196
142 151
142 153
142 161
142 174
142 189
143 144
143 155
143 176
143 177
143 180
143 184
143 195
143 199
144 155
144 160
144 177
144 184
145 152
145 156
145 165
145 169
145 171
145 187
146 155
146 199
147 153
147 154
147 159
147 185
147 186
147 192
147 197
147 198
148 164
148 175
148 194
149 154
149 177
149 178
149 187
149 197
149 198
150 163
150 166
150 167
151 153
151 159
151 160
151 161
152 156
152 165
152 169
152 171
153 159
153 160
153 161
153 181
153 185
153 189
154 178
154 186
154 192
154 197
154 198
155 176
155 180
155 195
155 199
156 169
156 171
157 158
157 179
157 182
157 183
157 188
158 182
158 183
159 160
159 161
159 197
160 184
160 197
161 162
161 174
162 163
162 174
163 166
163 167
164 194
165 168
165 171
166 167
166 183
167 183
168 171
169 171
170 173
170 190
170 191
172 193
173 186
173 190
173 191
173 192
173 193
175 196
176 177
176 180
176 195
177 178
177 180
177 184
177 195
177 197
177 198
178 197
178 198
179 182
180 195
181 185
181 189
183 188
184 197
185 192
186 192
186 193
186 197
186 198
190 191
190 193
192 197
192 198
197 198
