100 753
0 2
0 7
0 9
0 11
0 15
0 19
0 27
0 33
0 40
0 42
0 46
0 56
0 58
0 64
0 65
0 71
0 72
0 73
0 75
0 76
0 79
0 82
0 83
0 84
0 90
0 94
1 3
1 10
1 17
1 18
1 23
1 25
1 29
1 34
1 45
1 49
1 51
1 61
1 77
1 87
1 89
1 93
1 96
1 98
2 4
2 7
2 11
2 20
2 27
2 33
2 40
2 41
2 42
2 46
2 56
2 62
2 64
2 65
2 72
2 75
2 79
2 82
2 83
2 84
2 90
3 10
3 17
3 18
3 25
3 29
3 34
3 45
3 49
3 51
3 61
3 77
3 87
3 89
3 93
3 96
3 98
4 7
4 20
4 33
4 40
4 41
4 42
4 46
4 55
4 62
4 72
4 75
4 79
4 90
5 11
5 27
5 35
5 42
5 44
5 53
5 56
5 57
5 58
5 64
5 65
5 66
5 73
5 81
5 83
5 86
6 21
6 47
6 48
6 67
6 68
6 69
6 78
6 80
6 85
7 9
7 15
7 19
7 20
7 27
7 33
7 37
7 40
7 42
7 46
7 52
7 56
7 62
7 64
7 72
7 75
7 76
7 79
7 82
7 84
7 90
7 94
7 99
8 16
8 22
8 39
8 50
8 59
8 70
8 91
8 95
9 14
9 15
9 19
9 27
9 29
9 30
9 32
9 39
9 40
9 50
9 60
9 71
9 76
9 82
9 84
9 90
9 94
9 95
9 99
10 13
10 17
10 23
10 25
10 31
10 34
10 38
10 43
10 45
10 77
10 89
10 96
10 98
11 27
11 33
11 40
11 41
11 42
11 46
11 53
11 56
11 58
11 64
11 65
11 66
11 72
11 73
11 79
11 81
11 83
11 90
12 26
12 28
12 35
12 36
12 44
12 53
12 68
12 71
12 73
12 74
12 86
12 88
12 92
13 23
13 26
13 28
13 36
13 38
13 43
13 88
13 92
14 15
14 19
14 29
14 32
14 39
14 49
14 50
14 51
14 59
14 63
14 84
14 87
14 94
14 95
14 99
15 19
15 29
15 32
15 37
15 39
15 40
15 46
15 50
15 59
15 60
15 76
15 82
15 84
15 94
15 95
15 99
16 22
16 39
16 50
16 59
16 70
16 91
16 95
17 18
17 23
17 25
17 31
17 34
17 38
17 43
17 45
17 49
17 61
17 77
17 87
17 89
17 93
17 96
17 98
18 25
18 29
18 34
18 45
18 49
18 51
18 61
18 77
18 87
18 89
18 93
18 96
18 98
19 27
19 29
19 30
19 40
19 46
19 60
19 64
19 71
19 76
19 82
19 84
19 90
19 94
19 95
19 99
20 33
20 37
20 40
20 41
20 46
20 52
20 62
20 72
20 75
20 79
20 97
21 35
21 44
21 47
21 48
21 57
21 68
21 80
21 85
22 37
22 39
22 50
22 52
22 59
22 70
22 91
22 95
22 97
22 99
23 26
23 28
23 31
23 36
23 38
23 43
23 45
23 92
23 96
24 55
24 81
25 34
25 45
25 61
25 77
25 87
25 89
25 93
25 96
25 98
26 28
26 30
26 36
26 71
26 74
26 88
26 92
27 40
27 42
27 44
27 46
27 53
27 56
27 58
27 60
27 64
27 65
27 66
27 71
27 72
27 73
27 76
27 82
27 83
27 84
27 86
27 90
27 94
28 30
28 36
28 71
28 74
28 88
28 92
29 30
29 32
29 34
29 45
29 49
29 51
29 60
29 71
29 76
29 87
29 93
29 94
30 34
30 36
30 60
30 71
30 76
30 82
30 86
30 94
31 38
31 43
31 77
31 96
32 39
32 49
32 50
32 51
32 59
32 63
32 87
32 95
32 99
33 40
33 41
33 42
33 46
33 55
33 56
33 62
33 64
33 72
33 75
33 79
33 90
34 45
34 49
34 51
34 60
34 61
34 77
34 87
34 89
34 93
34 96
34 98
35 44
35 53
35 58
35 65
35 66
35 68
35 73
35 74
35 80
35 83
35 85
35 86
36 74
36 88
36 92
37 39
37 40
37 46
37 50
37 52
37 62
37 75
37 84
37 91
37 94
37 95
37 97
37 99
38 43
38 77
38 96
39 50
39 52
39 59
39 63
39 70
39 84
39 91
39 94
39 95
39 97
39 99
40 42
40 46
40 56
40 62
40 64
40 72
40 75
40 76
40 79
40 82
40 84
40 90
40 94
40 99
41 42
41 46
41 55
41 56
41 62
41 64
41 72
41 75
41 79
41 90
42 46
42 55
42 56
42 58
42 64
42 65
42 66
42 72
42 73
42 75
42 79
42 81
42 82
42 83
42 90
43 96
44 53
44 58
44 65
44 66
44 68
44 71
44 73
44 74
44 83
44 85
44 86
45 49
45 61
45 77
45 87
45 89
45 93
45 96
45 98
46 52
46 56
46 62
46 64
46 72
46 75
46 76
46 79
46 82
46 84
46 90
46 94
47 48
47 57
47 68
47 80
47 85
48 57
48 68
48 80
48 85
49 51
49 61
49 77
49 87
49 89
49 93
49 96
50 59
50 63
50 70
50 84
50 91
50 94
50 95
50 99
51 61
51 63
51 87
51 89
51 93
52 62
52 75
52 84
52 91
52 97
53 56
53 58
53 64
53 65
53 66
53 68
53 71
53 73
53 83
53 85
53 86
54 67
54 69
54 74
54 78
54 88
55 79
55 81
56 58
56 64
56 65
56 66
56 72
56 73
56 79
56 81
56 82
56 83
56 90
57 58
57 65
57 66
57 81
57 85
58 64
58 65
58 66
58 71
58 73
58 83
58 86
59 63
59 70
59 91
59 95
59 99
60 71
60 76
60 82
60 86
60 94
61 77
61 87
61 89
61 93
61 96
61 98
62 72
62 75
62 79
62 84
62 90
62 97
63 87
63 95
64 65
64 66
64 72
64 73
64 75
64 76
64 79
64 82
64 83
64 84
64 86
64 90
64 94
65 66
65 73
65 83
65 86
65 90
66 73
66 81
66 83
67 68
67 69
67 74
67 78
67 88
68 74
68 80
68 85
69 74
69 78
69 88
70 91
71 73
71 76
71 82
71 83
71 86
71 94
72 75
72 79
72 82
72 84
72 90
73 76
73 82
73 83
73 86
73 90
74 86
74 88
74 92
75 79
75 84
75 90
75 97
76 82
76 84
76 86
76 90
76 94
76 99
77 87
77 89
77 93
77 96
77 98
79 90
80 85
82 83
82 84
82 86
82 90
82 94
82 99
83 86
83 90
84 90
84 94
84 95
84 97
84 99
87 89
87 93
87 98
88 92
89 93
89 96
89 98
90 94
91 95
91 97
91 99
93 96
93 98
94 95
94 99
95 99
96 98
