50 319
0 4
0 8
0 12
0 16
0 36
0 38
0 49
1 2
1 7
1 9
1 11
1 13
1 17
1 21
1 23
1 24
1 27
1 28
1 31
1 35
1 39
1 46
2 13
2 17
2 18
2 28
2 31
2 33
2 42
2 43
2 46
3 10
3 15
3 20
3 22
3 25
3 32
3 37
3 43
3 44
3 45
3 47
4 8
4 12
4 16
4 36
4 38
4 48
4 49
5 7
5 13
5 14
5 15
5 18
5 21
5 22
5 28
5 32
5 34
5 36
5 37
5 41
5 42
5 43
5 47
5 49
6 7
6 8
6 9
6 11
6 16
6 19
6 23
6 24
6 26
6 27
6 29
6 30
6 38
6 39
6 40
6 48
7 9
7 11
7 13
7 14
7 16
7 17
7 21
7 23
7 24
7 27
7 31
7 39
7 41
7 48
8 12
8 16
8 19
8 30
8 38
8 39
8 48
9 11
9 13
9 14
9 17
9 21
9 23
9 24
9 27
9 31
9 35
9 39
9 41
9 48
10 15
10 18
10 20
10 22
10 25
10 32
10 34
10 37
10 43
10 44
10 45
10 47
11 13
11 17
11 21
11 23
11 24
11 27
11 29
11 31
11 35
11 39
11 40
11 48
12 16
12 36
12 38
12 48
12 49
13 14
13 17
13 18
13 21
13 23
13 28
13 31
13 34
13 41
13 42
13 46
14 16
14 18
14 21
14 23
14 34
14 36
14 39
14 41
14 48
14 49
15 18
15 20
15 22
15 25
15 32
15 34
15 37
15 43
15 44
15 45
15 47
16 19
16 30
16 38
16 39
16 41
16 48
17 21
17 23
17 28
17 31
17 33
17 35
17 46
18 20
18 21
18 22
18 28
18 32
18 34
18 37
18 41
18 42
18 43
18 47
18 49
19 26
19 29
19 30
19 38
19 39
19 40
19 48
20 22
20 25
20 32
20 34
20 37
20 42
20 43
20 44
20 45
20 47
21 23
21 28
21 31
21 34
21 36
21 39
21 41
21 48
21 49
22 25
22 32
22 34
22 37
22 42
22 43
22 44
22 45
22 47
23 24
23 27
23 29
23 30
23 31
23 35
23 39
23 40
23 41
23 48
24 26
24 27
24 29
24 30
24 35
24 39
24 40
25 37
25 43
25 44
25 45
25 47
26 27
26 29
26 30
26 40
27 29
27 30
27 35
27 39
27 40
28 31
28 33
28 34
28 42
28 43
28 46
29 30
29 39
29 40
30 38
30 39
30 40
30 48
31 35
31 46
32 34
32 37
32 42
32 43
32 45
32 47
32 49
33 46
34 36
34 37
34 41
34 42
34 43
34 45
34 47
34 49
35 46
36 41
36 48
36 49
37 42
37 43
37 44
37 45
37 47
38 39
38 48
39 40
39 41
39 48
41 48
41 49
42 43
43 47
44 45
45 47
