50 275
0 4
0 9
0 10
0 12
0 22
0 23
0 26
0 29
0 35
0 38
0 47
1 5
1 10
1 15
1 16
1 22
1 26
1 29
1 31
1 39
1 41
1 42
2 13
2 18
2 19
2 24
2 25
2 36
2 43
2 44
3 18
3 20
3 24
3 28
3 30
3 40
3 43
3 45
4 9
4 22
4 23
4 27
4 29
4 30
4 34
4 35
4 40
4 47
5 10
5 22
5 26
5 31
5 42
6 7
6 8
6 11
6 14
6 15
6 17
6 32
6 33
6 37
6 46
6 48
6 49
7 11
7 14
7 33
8 13
8 17
8 19
8 20
8 25
8 27
8 32
8 34
8 36
8 37
8 45
8 48
9 23
9 30
9 35
9 40
9 47
10 12
10 22
10 26
10 29
10 38
11 14
11 17
11 33
12 22
12 26
12 29
12 38
13 18
13 19
13 20
13 24
13 25
13 36
13 43
13 44
13 45
14 17
14 32
14 33
14 46
14 48
14 49
15 16
15 21
15 31
15 32
15 37
15 39
15 41
15 42
15 46
15 49
16 21
16 26
16 29
16 31
16 37
16 39
16 41
16 42
16 46
16 49
17 19
17 25
17 32
17 33
17 36
17 48
18 20
18 24
18 27
18 28
18 34
18 43
18 44
18 45
19 25
19 32
19 36
19 45
19 48
20 23
20 24
20 27
20 28
20 34
20 35
20 43
20 44
20 45
21 22
21 23
21 26
21 27
21 29
21 31
21 32
21 34
21 37
21 39
21 46
21 47
21 48
21 49
22 23
22 26
22 29
22 38
22 39
22 47
23 26
23 27
23 29
23 32
23 34
23 35
23 37
23 39
23 47
24 28
24 36
24 43
24 44
24 45
25 36
25 44
26 29
26 31
26 38
26 39
26 47
27 29
27 32
27 34
27 35
27 37
27 39
27 45
27 46
27 47
27 48
28 30
28 40
28 43
28 45
29 31
29 34
29 35
29 37
29 38
29 39
29 46
29 47
30 35
30 40
31 32
31 37
31 39
31 41
31 42
31 46
31 49
32 33
32 34
32 37
32 39
32 46
32 48
32 49
33 46
33 48
33 49
34 35
34 37
34 39
34 45
34 47
34 48
35 40
35 47
36 44
36 45
37 39
37 46
37 47
37 48
37 49
38 47
39 41
39 42
39 46
39 47
39 48
39 49
41 42
41 46
41 49
42 46
42 49
43 44
43 45
44 45
46 48
46 49
48 49
