80 571
0 1
0 2
0 7
0 10
0 15
0 16
0 22
0 30
0 36
0 40
0 51
0 56
0 59
0 71
0 74
0 76
1 2
1 7
1 10
1 15
1 16
1 22
1 30
1 36
1 40
1 49
1 51
1 56
1 61
1 63
1 74
1 76
2 7
2 10
2 15
2 16
2 22
2 26
2 30
2 36
2 40
2 56
2 61
2 63
2 65
2 74
2 76
3 11
3 12
3 25
3 28
3 31
3 37
3 39
3 58
3 64
3 67
3 72
3 73
3 78
4 10
4 24
4 43
4 54
4 57
4 60
4 65
4 71
4 74
5 9
5 18
5 37
5 44
5 50
5 66
5 78
5 79
6 8
6 13
6 14
6 20
6 21
6 24
6 32
6 35
6 41
6 45
6 48
6 53
6 54
6 55
6 57
6 60
6 62
6 68
6 69
6 75
6 77
7 10
7 15
7 16
7 22
7 26
7 30
7 36
7 40
7 56
7 61
7 63
7 65
7 74
7 76
8 13
8 14
8 19
8 20
8 21
8 24
8 34
8 35
8 38
8 41
8 45
8 48
8 54
8 55
8 60
8 62
8 69
8 77
9 11
9 12
9 31
9 37
9 44
9 66
9 73
9 78
9 79
10 14
10 16
10 22
10 24
10 52
10 56
10 60
10 61
10 63
10 65
10 74
11 12
11 17
11 25
11 26
11 28
11 31
11 33
11 37
11 44
11 58
11 64
11 67
11 72
11 73
11 78
11 79
12 17
12 25
12 28
12 31
12 37
12 39
12 44
12 58
12 64
12 67
12 72
12 73
12 78
12 79
13 20
13 21
13 24
13 32
13 35
13 41
13 45
13 48
13 53
13 54
13 55
13 57
13 60
13 62
13 68
13 69
13 75
13 77
14 24
14 29
14 33
14 34
14 35
14 38
14 41
14 45
14 52
14 54
14 60
14 63
14 65
14 69
14 70
15 16
15 22
15 25
15 26
15 30
15 46
15 49
15 56
15 61
15 63
15 76
16 17
16 22
16 25
16 26
16 46
16 49
16 56
16 61
16 63
16 72
16 74
16 76
17 22
17 25
17 26
17 28
17 31
17 33
17 39
17 44
17 46
17 52
17 58
17 61
17 63
17 72
17 73
17 79
18 50
18 66
19 27
19 29
19 34
19 35
19 38
19 42
19 45
19 66
19 69
19 70
20 21
20 24
20 32
20 35
20 41
20 45
20 48
20 53
20 54
20 55
20 57
20 60
20 62
20 68
20 69
20 75
20 77
21 24
21 32
21 41
21 48
21 53
21 54
21 55
21 57
21 60
21 62
21 68
21 75
21 77
22 25
22 26
22 30
22 46
22 49
22 56
22 61
22 63
22 74
22 76
23 39
23 46
23 49
24 32
24 41
24 45
24 48
24 54
24 57
24 60
24 62
24 65
24 69
24 75
24 77
25 26
25 28
25 31
25 39
25 44
25 46
25 58
25 61
25 64
25 67
25 72
25 73
25 79
26 33
26 39
26 46
26 52
26 56
26 58
26 61
26 63
26 72
26 73
26 79
27 29
27 34
27 35
27 38
27 42
27 66
28 31
28 37
28 39
28 58
28 64
28 67
28 72
28 73
28 78
28 79
29 33
29 34
29 35
29 38
29 42
29 44
29 45
29 52
29 66
29 69
29 70
29 79
30 36
30 40
30 51
30 56
30 59
30 71
30 74
30 76
31 37
31 39
31 44
31 58
31 64
31 67
31 72
31 73
31 78
31 79
32 41
32 48
32 53
32 54
32 55
32 57
32 60
32 62
32 68
32 75
32 77
33 34
33 44
33 52
33 61
33 63
33 70
33 79
34 35
34 38
34 42
34 45
34 52
34 66
34 69
34 70
35 38
35 41
35 42
35 45
35 48
35 55
35 69
35 77
36 40
36 47
36 51
36 59
36 71
36 74
36 76
37 44
37 67
37 73
37 78
37 79
38 41
38 42
38 45
38 69
39 46
39 58
39 64
39 67
39 72
39 73
40 47
40 51
40 56
40 59
40 71
40 74
40 76
41 45
41 48
41 54
41 55
41 60
41 62
41 69
41 75
41 77
42 66
43 57
43 71
44 52
44 66
44 70
44 73
44 78
44 79
45 48
45 54
45 55
45 60
45 69
45 70
45 77
46 49
46 58
46 64
46 72
47 51
47 59
47 71
48 53
48 54
48 55
48 60
48 62
48 68
48 69
48 75
48 77
49 76
50 66
51 59
51 71
51 74
51 76
52 61
52 63
52 65
52 70
52 79
53 55
53 62
53 68
53 75
53 77
54 57
54 60
54 62
54 65
54 69
54 75
54 77
55 62
55 68
55 75
55 77
56 61
56 63
56 65
56 74
56 76
57 60
57 65
57 75
58 64
58 67
58 72
58 73
58 79
59 71
60 62
60 65
60 69
60 75
60 77
61 63
61 65
61 70
62 68
62 75
62 77
63 65
63 70
63 74
63 76
64 67
64 72
64 73
65 74
66 70
66 79
67 72
67 73
67 78
68 75
68 77
69 70
69 77
70 79
71 74
72 73
72 79
73 78
73 79
74 76
75 77
78 79
