300 2904
0 14
0 15
0 19
0 38
0 51
0 54
0 60
0 76
0 95
0 112
0 138
0 158
0 162
0 164
0 177
0 186
0 193
0 202
0 210
0 214
0 219
0 259
0 277
0 294
1 6
1 11
1 14
1 23
1 27
1 55
1 91
1 104
1 108
1 116
1 158
1 182
1 183
1 204
1 205
1 227
1 236
1 256
1 261
1 274
1 282
2 4
2 20
2 37
2 41
2 70
2 88
2 107
2 131
2 142
2 203
2 209
2 223
2 235
2 241
2 250
2 252
2 270
2 290
2 295
2 296
3 7
3 12
3 13
3 57
3 125
3 137
3 163
3 176
3 180
3 216
3 228
3 230
3 279
3 286
4 20
4 37
4 41
4 50
4 55
4 81
4 88
4 96
4 104
4 107
4 151
4 223
4 236
4 250
4 252
4 275
4 296
5 9
5 21
5 27
5 29
5 44
5 48
5 81
5 126
5 183
5 191
5 242
5 249
5 262
5 266
5 283
5 288
6 11
6 14
6 27
6 79
6 91
6 95
6 108
6 116
6 143
6 158
6 177
6 186
6 189
6 204
6 205
6 227
6 256
6 261
6 274
6 282
6 294
7 13
7 21
7 29
7 48
7 57
7 137
7 176
7 180
7 213
7 216
7 242
7 262
7 266
7 279
7 283
7 286
7 288
8 22
8 24
8 25
8 40
8 53
8 63
8 64
8 71
8 77
8 98
8 105
8 110
8 121
8 128
8 135
8 136
8 197
8 198
8 208
8 245
8 264
9 21
9 23
9 27
9 29
9 48
9 61
9 102
9 124
9 126
9 183
9 191
9 195
9 213
9 227
9 242
9 262
9 266
9 274
9 283
9 287
9 288
10 34
10 52
10 75
10 83
10 99
10 114
10 117
10 122
10 145
10 147
10 148
10 159
10 167
10 181
10 187
10 226
10 234
10 237
10 243
10 254
10 260
10 271
10 272
10 291
10 298
11 47
11 55
11 81
11 88
11 91
11 96
11 104
11 151
11 182
11 183
11 191
11 205
11 223
11 236
11 275
11 282
12 13
12 33
12 39
12 56
12 57
12 73
12 125
12 137
12 163
12 180
12 195
12 201
12 213
12 216
12 221
12 230
12 279
13 29
13 48
13 57
13 125
13 137
13 176
13 180
13 195
13 213
13 216
13 230
13 242
13 262
13 266
13 279
13 283
13 286
13 288
14 54
14 79
14 95
14 102
14 116
14 124
14 158
14 177
14 186
14 204
14 205
14 219
14 227
14 256
14 259
14 274
14 294
15 19
15 54
15 66
15 75
15 84
15 95
15 112
15 140
15 147
15 179
15 202
15 220
15 238
15 271
15 272
15 277
15 278
16 17
16 78
16 100
16 127
16 131
16 142
16 152
16 165
16 203
16 229
16 235
16 247
16 284
16 290
16 295
17 78
17 89
17 100
17 127
17 152
17 165
17 174
17 229
17 235
17 247
17 265
17 284
17 290
17 295
17 299
18 62
18 68
18 82
18 119
18 130
18 132
18 149
18 160
18 170
18 178
18 222
18 233
18 240
18 257
18 258
18 263
18 268
18 269
18 293
19 54
19 76
19 95
19 97
19 112
19 140
19 179
19 193
19 202
19 220
19 238
19 271
19 272
19 277
20 37
20 41
20 50
20 107
20 203
20 223
20 250
20 252
20 296
21 29
21 44
21 48
21 126
21 183
21 191
21 213
21 242
21 249
21 262
21 266
21 283
21 286
21 288
22 24
22 40
22 63
22 64
22 71
22 98
22 110
22 121
22 128
22 133
22 136
22 206
22 208
22 264
23 27
23 29
23 48
23 60
23 61
23 102
23 116
23 124
23 183
23 186
23 195
23 227
23 242
23 256
23 262
23 266
23 274
23 287
23 294
24 25
24 40
24 53
24 63
24 64
24 71
24 77
24 98
24 105
24 110
24 121
24 128
24 135
24 136
24 188
24 197
24 198
24 206
24 208
24 245
24 264
24 276
25 53
25 64
25 77
25 93
25 110
25 145
25 187
25 188
25 197
25 198
25 212
25 234
25 237
25 243
25 245
25 260
25 276
25 297
26 30
26 34
26 36
26 69
26 77
26 114
26 134
26 148
26 156
26 161
26 167
26 171
26 175
26 184
26 187
26 188
26 194
26 212
26 215
26 237
26 255
26 273
26 280
26 289
26 292
26 297
27 29
27 48
27 61
27 102
27 116
27 124
27 183
27 186
27 191
27 195
27 227
27 242
27 256
27 262
27 266
27 274
27 287
27 294
28 45
28 65
28 80
28 90
28 92
28 113
28 118
28 123
28 141
28 154
28 169
28 190
28 218
28 239
28 246
28 251
28 267
28 281
29 48
29 61
29 124
29 126
29 183
29 195
29 213
29 216
29 242
29 262
29 266
29 274
29 283
29 286
29 287
29 288
30 32
30 58
30 69
30 72
30 111
30 114
30 115
30 129
30 155
30 161
30 167
30 171
30 173
30 181
30 192
30 194
30 200
30 215
30 253
30 255
30 273
30 289
30 292
31 38
31 42
31 49
31 51
31 68
31 76
31 82
31 87
31 109
31 160
31 162
31 166
31 178
31 193
31 210
31 214
31 222
31 225
31 240
31 248
31 269
31 293
32 69
32 72
32 115
32 129
32 155
32 156
32 161
32 171
32 174
32 192
32 194
32 196
32 215
32 217
32 253
32 273
32 292
32 299
33 39
33 42
33 56
33 73
33 86
33 125
33 153
33 164
33 201
33 221
33 225
33 232
34 52
34 114
34 117
34 148
34 159
34 167
34 175
34 181
34 187
34 188
34 200
34 212
34 234
34 237
34 254
34 255
34 260
34 273
34 276
34 289
34 291
34 292
34 297
34 298
35 59
35 62
35 130
35 149
35 150
35 157
35 168
35 170
35 199
35 244
35 257
35 258
35 285
36 77
36 103
36 134
36 155
36 156
36 161
36 167
36 171
36 175
36 184
36 187
36 188
36 194
36 211
36 212
36 215
36 255
36 273
36 280
36 297
37 41
37 50
37 88
37 96
37 104
37 107
37 151
37 223
37 250
37 252
37 296
38 51
38 54
38 76
38 109
38 112
38 138
38 162
38 177
38 193
38 202
38 210
38 214
38 219
38 222
38 240
38 259
38 269
38 277
39 56
39 73
39 86
39 125
39 153
39 163
39 201
39 221
39 232
40 63
40 64
40 71
40 77
40 98
40 103
40 110
40 121
40 128
40 133
40 136
40 184
40 206
40 208
40 211
40 264
40 280
41 55
41 70
41 88
41 96
41 104
41 107
41 151
41 203
41 209
41 223
41 235
41 236
41 241
41 250
41 252
41 270
41 275
41 290
41 296
42 49
42 51
42 56
42 60
42 73
42 86
42 109
42 153
42 162
42 164
42 166
42 201
42 210
42 219
42 221
42 225
42 232
42 248
43 62
43 67
43 150
43 199
43 244
43 258
43 285
44 50
44 55
44 81
44 104
44 126
44 151
44 183
44 191
44 249
44 252
45 65
45 80
45 90
45 92
45 106
45 113
45 123
45 141
45 154
45 172
45 185
45 190
45 207
45 218
45 226
45 238
45 239
45 246
45 251
45 267
46 58
46 66
46 79
46 84
46 94
46 95
46 99
46 101
46 108
46 117
46 139
46 143
46 179
46 181
46 189
46 200
46 204
46 224
46 261
46 278
47 55
47 85
47 88
47 91
47 96
47 101
47 108
47 120
47 139
47 143
47 146
47 173
47 182
47 205
47 209
47 224
47 236
47 261
47 270
47 275
47 282
48 126
48 183
48 191
48 195
48 213
48 216
48 242
48 262
48 266
48 283
48 286
48 288
49 51
49 68
49 76
49 82
49 86
49 109
49 153
49 160
49 162
49 166
49 178
49 210
49 214
49 222
49 225
49 240
49 248
49 269
49 293
50 55
50 81
50 104
50 126
50 151
50 191
50 223
50 249
50 250
50 252
51 76
51 86
51 87
51 109
51 138
51 162
51 166
51 178
51 193
51 210
51 214
51 222
51 225
51 240
51 248
51 269
52 75
52 83
52 90
52 99
52 117
52 122
52 140
52 145
52 147
52 148
52 159
52 226
52 234
52 237
52 239
52 254
52 260
52 271
52 272
52 278
52 291
52 298
53 64
53 93
53 122
53 145
53 187
53 188
53 197
53 198
53 234
53 237
53 243
53 245
53 260
53 276
53 281
54 76
54 95
54 112
54 138
54 158
54 162
54 177
54 179
54 193
54 202
54 214
54 219
54 259
54 277
54 294
55 81
55 88
55 91
55 96
55 104
55 151
55 182
55 183
55 191
55 223
55 236
55 250
55 252
55 275
55 282
56 60
56 73
56 86
56 125
56 153
56 164
56 201
56 221
56 225
56 232
57 125
57 137
57 163
57 176
57 180
57 216
57 228
57 230
57 279
58 72
58 84
58 94
58 101
58 108
58 111
58 114
58 129
58 139
58 143
58 173
58 181
58 189
58 200
58 224
58 261
58 289
58 292
59 65
59 97
59 106
59 144
59 149
59 157
59 168
59 170
59 172
59 185
59 207
59 231
59 257
60 61
60 86
60 102
60 116
60 124
60 138
60 162
60 164
60 177
60 186
60 195
60 201
60 210
60 219
60 221
60 227
60 256
60 259
60 274
60 287
60 294
61 102
61 116
61 124
61 164
61 177
61 186
61 195
61 201
61 219
61 227
61 256
61 266
61 274
61 287
61 294
62 67
62 68
62 119
62 130
62 132
62 149
62 150
62 160
62 168
62 170
62 199
62 233
62 244
62 257
62 258
62 263
62 268
62 285
62 293
63 64
63 71
63 98
63 105
63 110
63 121
63 128
63 135
63 136
63 197
63 206
63 208
63 264
64 71
64 77
64 98
64 105
64 110
64 121
64 128
64 135
64 136
64 188
64 197
64 198
64 206
64 245
64 264
64 276
64 297
65 80
65 106
65 113
65 141
65 144
65 154
65 157
65 168
65 172
65 185
65 207
65 218
65 231
65 246
65 267
66 79
66 84
66 94
66 95
66 99
66 108
66 117
66 139
66 147
66 179
66 181
66 189
66 200
66 271
66 278
67 150
67 199
67 233
67 244
67 258
67 285
68 82
68 109
68 119
68 130
68 132
68 149
68 160
68 166
68 178
68 222
68 233
68 240
68 248
68 263
68 268
68 269
68 293
69 72
69 111
69 114
69 115
69 129
69 134
69 155
69 161
69 167
69 171
69 192
69 194
69 215
69 217
69 253
69 273
69 289
69 292
70 85
70 88
70 96
70 100
70 107
70 120
70 131
70 146
70 203
70 209
70 223
70 235
70 241
70 247
70 250
70 265
70 270
70 275
70 290
70 295
70 296
71 98
71 105
71 110
71 121
71 128
71 136
71 197
71 206
71 208
71 264
72 74
72 89
72 111
72 115
72 120
72 129
72 146
72 173
72 174
72 192
72 196
72 217
72 253
72 265
72 273
72 292
72 299
73 86
73 125
73 153
73 201
73 221
73 225
73 232
74 85
74 89
74 101
74 111
74 120
74 129
74 146
74 173
74 174
74 192
74 196
74 209
74 217
74 265
74 270
75 80
75 83
75 90
75 99
75 117
75 122
75 140
75 147
75 159
75 179
75 226
75 234
75 238
75 254
75 271
75 272
75 278
75 291
75 298
76 87
76 97
76 109
76 112
76 138
76 162
76 178
76 193
76 202
76 210
76 214
76 220
76 222
76 240
76 269
76 277
77 98
77 103
77 110
77 128
77 133
77 134
77 136
77 175
77 184
77 187
77 188
77 197
77 206
77 211
77 212
77 255
77 264
77 276
77 280
77 297
78 89
78 100
78 127
78 152
78 165
78 174
78 196
78 217
78 229
78 247
78 265
78 284
78 299
79 84
79 94
79 95
79 108
79 116
79 139
79 143
79 158
79 179
79 189
79 204
79 205
79 224
79 256
79 261
79 278
80 83
80 90
80 92
80 106
80 113
80 122
80 123
80 140
80 172
80 185
80 190
80 207
80 220
80 226
80 238
80 239
80 246
80 251
80 267
80 272
81 91
81 96
81 104
81 126
81 151
81 183
81 191
81 223
81 236
81 249
81 250
81 252
82 109
82 119
82 130
82 132
82 149
82 160
82 166
82 178
82 222
82 240
82 248
82 263
82 268
82 269
82 293
83 90
83 99
83 117
83 122
83 123
83 145
83 147
83 148
83 159
83 226
83 234
83 237
83 239
83 243
83 254
83 260
83 271
83 272
83 291
83 298
84 94
84 95
84 99
84 108
84 117
84 139
84 143
84 147
84 179
84 181
84 189
84 200
84 204
84 224
84 261
84 271
84 278
85 88
85 91
85 96
85 101
85 108
85 120
85 139
85 143
85 146
85 173
85 182
85 209
85 224
85 241
85 261
85 270
85 275
85 282
86 153
86 162
86 164
86 201
86 210
86 219
86 221
86 225
86 232
87 97
87 109
87 112
87 149
87 160
87 170
87 172
87 178
87 193
87 202
87 207
87 214
87 220
87 222
87 231
87 240
87 257
87 263
87 269
87 277
87 293
88 91
88 96
88 104
88 107
88 120
88 146
88 151
88 182
88 209
88 223
88 236
88 241
88 250
88 252
88 270
88 275
88 282
88 290
88 295
88 296
89 100
89 120
89 127
89 146
89 152
89 165
89 174
89 196
89 209
89 217
89 229
89 241
89 247
89 265
89 284
89 290
89 295
89 299
90 113
90 122
90 123
90 140
90 145
90 147
90 159
90 172
90 185
90 190
90 220
90 226
90 238
90 239
90 246
90 251
90 267
90 272
91 96
91 104
91 108
91 143
91 151
91 182
91 183
91 204
91 205
91 236
91 261
91 275
91 282
92 93
92 113
92 118
92 123
92 141
92 145
92 154
92 169
92 190
92 218
92 239
92 246
92 251
92 267
92 281
93 118
93 122
93 123
93 135
93 145
93 169
93 190
93 197
93 198
93 239
93 243
93 245
93 251
93 260
93 276
93 281
94 95
94 99
94 101
94 108
94 117
94 139
94 143
94 179
94 181
94 189
94 200
94 204
94 205
94 224
94 261
94 278
95 116
95 158
95 177
95 179
95 186
95 189
95 204
95 256
95 259
95 278
95 294
96 104
96 151
96 182
96 209
96 223
96 236
96 241
96 250
96 252
96 270
96 275
96 282
96 296
97 106
97 112
97 140
97 168
97 170
97 172
97 178
97 185
97 193
97 202
97 207
97 220
97 231
97 238
97 269
97 277
98 103
98 110
98 121
98 128
98 133
98 136
98 184
98 206
98 208
98 211
98 264
99 114
99 117
99 147
99 148
99 159
99 179
99 181
99 200
99 254
99 271
99 272
99 278
99 289
99 291
99 298
100 127
100 131
100 146
100 152
100 165
100 174
100 209
100 229
100 235
100 241
100 247
100 265
100 284
100 290
100 295
101 108
101 111
101 139
101 143
101 173
101 182
101 189
101 200
101 224
101 261
101 282
102 116
102 124
102 158
102 164
102 177
102 186
102 195
102 219
102 227
102 256
102 259
102 274
102 287
102 294
103 128
103 133
103 134
103 136
103 156
103 175
103 184
103 206
103 211
103 212
103 255
103 264
103 280
103 297
104 126
104 151
104 182
104 183
104 191
104 223
104 236
104 249
104 250
104 252
104 275
104 282
105 110
105 121
105 135
105 197
105 245
106 113
106 141
106 144
106 154
106 157
106 168
106 170
106 172
106 185
106 207
106 218
106 231
106 246
106 267
107 131
107 142
107 203
107 223
107 235
107 241
107 250
107 252
107 296
108 139
108 143
108 173
108 182
108 189
108 204
108 205
108 224
108 261
108 282
109 138
109 160
109 162
109 166
109 178
109 193
109 210
109 214
109 222
109 225
109 240
109 248
109 269
109 293
110 121
110 128
110 133
110 136
110 197
110 206
110 208
110 211
110 245
110 264
110 276
111 114
111 129
111 139
111 167
111 173
111 181
111 192
111 200
111 224
111 273
111 289
111 292
112 138
112 140
112 179
112 193
112 202
112 214
112 220
112 277
113 118
113 123
113 141
113 154
113 169
113 190
113 218
113 239
113 246
113 251
113 267
113 281
114 117
114 148
114 167
114 181
114 187
114 200
114 237
114 254
114 255
114 273
114 289
114 291
114 292
115 129
115 155
115 156
115 161
115 171
115 174
115 192
115 194
115 196
115 215
115 217
115 253
115 273
115 292
115 299
116 124
116 158
116 177
116 186
116 204
116 205
116 219
116 227
116 256
116 259
116 274
116 287
116 294
117 147
117 148
117 159
117 179
117 181
117 200
117 226
117 234
117 254
117 271
117 272
117 278
117 289
117 291
117 298
118 123
118 169
118 190
118 239
118 245
118 251
118 281
119 130
119 132
119 149
119 160
119 170
119 178
119 222
119 233
119 240
119 257
119 258
119 263
119 268
119 269
119 293
120 146
120 173
120 196
120 209
120 241
120 265
120 270
120 275
120 290
120 295
121 128
121 135
121 136
121 197
121 208
121 264
122 123
122 145
122 147
122 159
122 190
122 198
122 226
122 234
122 237
122 239
122 243
122 251
122 254
122 260
122 272
122 281
122 291
122 298
123 145
123 169
123 190
123 218
123 226
123 239
123 243
123 246
123 251
123 267
123 281
124 158
124 164
124 177
124 186
124 195
124 201
124 219
124 227
124 256
124 259
124 274
124 287
124 294
125 137
125 163
125 176
125 180
125 201
125 216
125 221
125 228
125 230
125 279
126 183
126 191
126 242
126 249
126 262
126 266
126 283
126 288
127 146
127 152
127 165
127 174
127 196
127 217
127 229
127 247
127 265
127 284
127 290
127 295
127 299
128 133
128 136
128 184
128 197
128 206
128 208
128 211
128 264
128 280
128 297
129 155
129 161
129 171
129 173
129 192
129 194
129 196
129 215
129 217
129 253
129 273
129 289
129 292
130 132
130 149
130 150
130 160
130 168
130 170
130 178
130 233
130 240
130 257
130 258
130 263
130 268
130 269
130 293
131 142
131 165
131 203
131 235
131 241
131 247
131 290
131 295
131 296
132 149
132 160
132 233
132 258
132 263
132 268
132 293
133 136
133 184
133 206
133 208
133 211
133 264
133 280
134 155
134 156
134 161
134 167
134 171
134 175
134 184
134 194
134 211
134 212
134 215
134 255
134 273
134 280
134 297
135 197
135 198
135 245
136 184
136 197
136 206
136 208
136 211
136 264
136 280
136 297
137 163
137 176
137 180
137 213
137 216
137 228
137 230
137 262
137 279
137 283
137 286
137 288
138 162
138 164
138 177
138 186
138 193
138 202
138 210
138 214
138 219
138 259
138 294
139 143
139 173
139 181
139 189
139 200
139 205
139 224
139 261
139 282
140 147
140 172
140 179
140 202
140 220
140 226
140 238
140 271
140 272
140 277
141 144
141 154
141 218
141 246
141 251
141 267
142 203
142 235
142 290
142 295
142 296
143 173
143 182
143 189
143 204
143 205
143 224
143 261
143 282
144 154
144 157
144 218
145 159
145 190
145 198
145 226
145 234
145 237
145 239
145 243
145 251
145 260
145 276
145 281
145 298
146 196
146 209
146 229
146 235
146 241
146 247
146 265
146 270
146 290
146 295
147 159
147 179
147 181
147 226
147 234
147 254
147 271
147 272
147 278
147 291
147 298
148 159
148 167
148 181
148 187
148 188
148 200
148 212
148 234
148 237
148 254
148 255
148 260
148 276
148 289
148 291
148 297
148 298
149 160
149 168
149 170
149 178
149 222
149 231
149 233
149 240
149 257
149 263
149 268
149 269
149 293
150 157
150 168
150 199
150 233
150 244
150 257
150 258
150 268
150 285
151 182
151 183
151 191
151 223
151 236
151 249
151 250
151 252
151 275
151 282
152 165
152 174
152 229
152 235
152 247
152 265
152 284
152 290
152 295
152 299
153 166
153 201
153 210
153 221
153 225
153 232
153 248
154 218
154 246
154 267
155 156
155 161
155 171
155 192
155 194
155 215
155 253
155 273
156 161
156 171
156 175
156 184
156 194
156 211
156 212
156 215
156 255
156 273
156 280
156 297
157 168
157 170
157 185
157 257
158 177
158 186
158 204
158 205
158 219
158 227
158 256
158 259
158 274
158 294
159 226
159 234
159 237
159 239
159 243
159 254
159 260
159 271
159 272
159 291
159 298
160 166
160 178
160 222
160 233
160 240
160 248
160 257
160 263
160 268
160 269
160 293
161 171
161 175
161 192
161 194
161 215
161 253
161 273
161 292
162 164
162 177
162 193
162 210
162 214
162 219
162 222
162 225
162 259
163 176
163 180
163 216
163 228
163 230
163 279
164 177
164 186
164 195
164 201
164 210
164 219
164 221
164 259
164 274
164 287
164 294
165 229
165 235
165 247
165 265
165 284
165 290
165 295
166 210
166 222
166 225
166 240
166 248
166 269
166 293
167 175
167 181
167 187
167 188
167 194
167 200
167 212
167 215
167 234
167 237
167 254
167 255
167 273
167 289
167 291
167 292
167 297
168 170
168 172
168 185
168 207
168 231
168 257
169 190
169 239
169 251
169 281
170 172
170 178
170 185
170 207
170 231
170 257
170 263
170 269
171 175
171 192
171 194
171 215
171 253
171 255
171 273
171 292
172 185
172 207
172 220
172 231
172 238
172 246
172 267
172 277
173 189
173 200
173 224
173 261
173 292
174 196
174 217
174 229
174 253
174 265
174 284
174 299
175 184
175 187
175 188
175 194
175 206
175 211
175 212
175 215
175 255
175 273
175 280
175 297
176 180
176 216
176 228
176 230
176 279
177 186
177 219
177 227
177 256
177 259
177 274
177 287
177 294
178 193
178 214
178 222
178 231
178 240
178 257
178 263
178 269
178 277
178 293
179 202
179 271
179 272
179 278
180 216
180 228
180 230
180 279
181 200
181 254
181 271
181 278
181 289
181 291
181 292
182 204
182 205
182 224
182 236
182 261
182 270
182 275
182 282
183 191
183 227
183 236
183 242
183 249
183 266
183 274
183 287
184 188
184 206
184 211
184 212
184 255
184 264
184 280
184 297
185 207
185 220
185 231
185 238
185 246
185 267
186 204
186 219
186 227
186 256
186 259
186 274
186 287
186 294
187 188
187 212
187 234
187 237
187 254
187 255
187 260
187 276
187 280
187 289
187 291
187 297
187 298
188 197
188 198
188 211
188 212
188 234
188 237
188 243
188 255
188 260
188 276
188 280
188 297
189 200
189 204
189 205
189 224
189 261
189 278
189 282
190 218
190 239
190 243
190 246
190 251
190 267
190 281
191 236
191 249
192 194
192 196
192 215
192 217
192 253
192 273
192 292
193 202
193 210
193 214
193 220
193 222
193 240
193 269
193 277
194 212
194 215
194 253
194 255
194 273
194 280
194 289
194 292
195 201
195 213
195 216
195 227
195 242
195 262
195 266
195 274
195 283
195 287
196 217
196 229
196 253
196 265
196 299
197 198
197 243
197 245
197 264
197 276
197 297
198 234
198 237
198 239
198 243
198 245
198 260
198 276
198 281
199 233
199 244
199 258
199 285
200 224
200 254
200 278
200 289
200 291
200 292
201 221
201 225
201 232
202 214
202 220
202 231
202 238
202 277
203 235
203 290
203 295
203 296
204 205
204 224
204 227
204 256
204 261
204 274
204 282
205 224
205 227
205 256
205 261
205 282
206 208
206 211
206 264
206 280
206 297
207 220
207 231
207 238
207 246
207 267
207 277
208 264
209 229
209 235
209 241
209 247
209 265
209 270
209 275
209 290
209 295
209 296
210 214
210 219
210 222
210 225
210 240
210 248
211 212
211 255
211 264
211 280
211 297
212 215
212 234
212 237
212 255
212 273
212 276
212 280
212 297
213 216
213 242
213 262
213 266
213 279
213 283
213 286
213 288
214 219
214 222
214 240
214 259
214 269
214 277
215 253
215 255
215 273
215 292
216 230
216 242
216 262
216 266
216 279
216 283
216 286
216 288
217 229
217 253
217 265
217 299
218 246
218 251
218 267
219 227
219 256
219 259
219 274
219 294
220 231
220 238
220 272
220 277
221 225
221 232
222 240
222 248
222 263
222 269
222 293
223 236
223 250
223 252
223 270
223 275
223 296
224 261
224 282
225 232
225 248
226 234
226 238
226 239
226 246
226 254
226 260
226 267
226 271
226 272
226 298
227 256
227 274
227 287
227 294
228 230
228 279
229 235
229 241
229 247
229 265
229 284
229 290
229 295
229 299
230 279
231 238
231 257
231 277
233 257
233 258
233 263
233 268
233 293
234 237
234 243
234 254
234 260
234 276
234 291
234 298
235 241
235 247
235 265
235 270
235 284
235 290
235 295
235 296
236 250
236 252
236 270
236 275
236 282
237 243
237 254
237 255
237 260
237 276
237 291
237 297
237 298
238 246
238 267
238 272
238 277
239 243
239 246
239 251
239 260
239 267
239 281
239 298
240 248
240 263
240 269
240 293
241 247
241 250
241 265
241 270
241 275
241 290
241 295
241 296
242 262
242 266
242 283
242 286
242 287
242 288
243 245
243 260
243 276
243 281
243 298
244 258
244 285
246 251
246 267
246 281
247 265
247 284
247 290
247 295
248 269
248 293
250 252
250 270
250 275
250 296
251 267
251 281
252 275
252 296
253 273
253 292
253 299
254 260
254 271
254 278
254 289
254 291
254 298
255 273
255 280
255 289
255 292
255 297
256 259
256 274
256 287
256 294
257 258
257 263
257 268
258 263
258 268
258 285
259 294
260 276
260 281
260 291
260 298
261 282
262 266
262 279
262 283
262 286
262 287
262 288
263 268
263 269
263 293
264 280
264 297
265 270
265 284
265 290
265 295
265 299
266 283
266 286
266 287
266 288
268 293
269 293
270 275
270 282
270 290
270 295
270 296
271 272
271 278
271 291
271 298
272 278
272 298
273 289
273 292
274 287
274 294
275 282
275 296
276 297
279 283
279 286
279 288
280 297
283 286
283 288
284 290
284 295
284 299
286 288
287 294
289 291
289 292
290 295
290 296
291 298
295 296
