80 502
0 8
0 13
0 23
0 37
0 39
0 41
0 44
0 72
0 74
1 10
1 14
1 17
1 20
1 28
1 35
1 36
1 38
1 54
1 60
1 65
2 6
2 7
2 24
2 26
2 27
2 31
2 43
2 48
2 49
2 51
2 52
2 59
2 77
2 78
3 9
3 11
3 12
3 16
3 29
3 46
3 64
3 71
3 76
3 79
4 7
4 30
4 31
4 32
4 48
4 50
4 55
4 58
4 61
4 67
4 69
4 75
5 6
5 18
5 19
5 21
5 22
5 26
5 43
5 51
5 52
5 56
5 57
5 59
5 66
5 72
5 77
6 19
6 22
6 24
6 26
6 31
6 43
6 51
6 52
6 56
6 59
6 77
6 78
6 79
7 31
7 33
7 40
7 42
7 43
7 48
7 50
7 52
7 53
7 57
7 58
7 67
7 69
7 77
8 13
8 23
8 35
8 37
8 39
8 40
8 41
8 44
8 53
8 57
8 63
8 66
8 72
8 74
9 11
9 12
9 16
9 29
9 46
9 64
9 76
9 79
10 14
10 17
10 20
10 35
10 36
10 38
10 54
10 60
10 63
10 65
11 12
11 16
11 24
11 29
11 45
11 46
11 51
11 56
11 59
11 64
11 76
11 78
11 79
12 16
12 29
12 46
12 64
12 76
12 78
12 79
13 35
13 36
13 37
13 39
13 41
13 44
13 60
13 63
13 65
13 72
14 17
14 20
14 36
14 38
14 54
14 60
14 65
15 30
15 32
15 47
15 49
15 55
15 58
15 61
15 70
15 75
16 18
16 46
16 64
16 71
16 76
16 79
17 20
17 28
17 38
17 54
17 65
17 68
18 22
18 24
18 26
18 46
18 51
18 56
18 59
18 71
18 79
19 21
19 22
19 26
19 43
19 51
19 52
19 53
19 56
19 57
19 59
19 66
19 72
19 77
20 28
20 38
20 54
20 65
20 68
21 22
21 26
21 51
21 52
21 56
21 57
21 63
21 65
21 66
21 72
21 77
22 26
22 51
22 52
22 56
22 59
22 71
22 79
23 25
23 33
23 37
23 40
23 41
23 42
23 44
23 52
23 53
23 57
23 66
23 69
23 72
23 74
23 77
24 29
24 43
24 45
24 46
24 51
24 56
24 59
24 78
24 79
25 33
25 34
25 40
25 42
25 62
25 69
25 73
25 74
26 43
26 51
26 52
26 56
26 57
26 59
26 66
26 72
26 77
27 30
27 45
27 49
27 78
28 38
28 54
28 65
28 68
29 45
29 46
29 64
29 76
29 78
30 32
30 47
30 48
30 49
30 55
30 58
30 61
30 67
30 70
30 75
31 32
31 33
31 43
31 48
31 50
31 52
31 57
31 59
31 67
31 77
32 47
32 48
32 49
32 55
32 58
32 61
32 67
32 70
32 75
33 34
33 40
33 42
33 50
33 53
33 57
33 62
33 66
33 67
33 69
33 73
33 74
33 77
34 42
34 62
34 69
34 73
34 74
35 36
35 39
35 41
35 44
35 60
35 63
35 65
35 72
36 38
36 39
36 41
36 44
36 60
36 63
36 65
37 39
37 40
37 41
37 44
37 53
37 57
37 63
37 66
37 72
37 74
38 54
38 60
38 65
38 68
39 41
39 44
39 60
39 63
39 72
40 42
40 50
40 52
40 53
40 57
40 62
40 66
40 69
40 72
40 73
40 74
40 77
41 44
41 60
41 63
41 65
41 66
41 72
42 50
42 53
42 57
42 62
42 69
42 73
42 74
43 51
43 52
43 56
43 57
43 59
43 66
43 77
44 60
44 63
44 72
45 46
45 49
45 64
45 76
45 78
46 51
46 56
46 59
46 64
46 71
46 76
46 78
46 79
47 55
47 61
47 70
47 75
48 49
48 50
48 55
48 58
48 61
48 67
48 70
48 75
49 70
50 53
50 57
50 58
50 62
50 67
50 69
50 77
51 52
51 56
51 59
51 71
51 78
51 79
52 53
52 56
52 57
52 59
52 66
52 72
52 77
53 57
53 66
53 69
53 72
53 74
53 77
54 65
54 68
55 58
55 61
55 67
55 70
55 75
56 59
56 71
56 78
56 79
57 66
57 69
57 72
57 74
57 77
58 61
58 67
58 70
58 75
59 77
59 78
59 79
60 63
60 65
61 67
61 70
61 75
62 69
62 73
63 65
63 66
63 72
64 76
64 78
66 72
66 77
67 69
69 73
69 74
70 75
71 79
72 74
72 77
73 74
76 78
78 79
