100 763
0 3
0 8
0 11
0 16
0 18
0 21
0 32
0 42
0 53
0 60
0 62
0 78
0 93
1 9
1 13
1 25
1 27
1 37
1 39
1 45
1 46
2 5
2 14
2 24
2 31
2 35
2 38
2 51
2 55
2 59
2 63
2 67
2 72
2 83
2 89
2 92
3 11
3 15
3 16
3 21
3 29
3 32
3 41
3 42
3 53
3 58
3 75
3 84
3 93
3 96
4 5
4 7
4 10
4 19
4 20
4 22
4 23
4 33
4 50
4 54
4 57
4 61
4 66
4 68
4 73
4 76
4 88
4 94
4 97
4 99
5 14
5 20
5 22
5 23
5 31
5 33
5 35
5 50
5 51
5 55
5 59
5 61
5 63
5 66
5 68
5 76
5 83
5 88
5 89
5 92
5 94
5 97
5 99
6 9
6 13
6 25
6 26
6 30
6 34
6 44
6 47
6 64
6 69
6 71
6 77
6 79
6 80
6 82
6 85
6 90
6 91
6 95
7 10
7 12
7 19
7 22
7 23
7 33
7 40
7 43
7 50
7 54
7 57
7 61
7 66
7 68
7 73
7 88
7 98
7 99
8 11
8 16
8 18
8 21
8 32
8 42
8 48
8 53
8 60
8 62
8 78
8 93
9 13
9 25
9 27
9 37
9 39
9 45
9 46
9 47
9 64
9 69
9 77
9 79
9 82
9 90
9 91
9 95
10 19
10 20
10 22
10 23
10 33
10 54
10 57
10 61
10 66
10 68
10 73
10 76
10 88
10 94
10 99
11 16
11 18
11 21
11 28
11 32
11 42
11 53
11 60
11 78
11 93
12 19
12 23
12 33
12 34
12 40
12 43
12 44
12 54
12 57
12 66
12 68
12 88
12 98
12 99
13 25
13 27
13 37
13 39
13 45
13 46
13 69
13 77
13 79
13 91
13 95
14 31
14 35
14 38
14 51
14 55
14 63
14 67
14 72
14 83
14 89
15 16
15 21
15 29
15 32
15 36
15 41
15 42
15 56
15 58
15 62
15 75
15 84
15 93
16 18
16 21
16 28
16 32
16 42
16 53
16 58
16 60
16 62
16 75
16 78
16 84
16 93
17 21
17 32
17 62
17 74
17 93
18 21
18 24
18 28
18 42
18 48
18 53
18 60
18 78
19 23
19 33
19 40
19 43
19 54
19 57
19 61
19 66
19 68
19 73
19 88
19 99
20 22
20 23
20 33
20 35
20 50
20 51
20 55
20 59
20 61
20 63
20 66
20 68
20 73
20 76
20 83
20 88
20 89
20 94
20 97
20 99
21 32
21 42
21 53
21 58
21 60
21 62
21 75
21 84
21 93
22 23
22 33
22 57
22 61
22 66
22 68
22 73
22 76
22 88
22 89
22 94
22 99
23 33
23 40
23 43
23 50
23 54
23 57
23 61
23 66
23 68
23 73
23 76
23 88
23 94
23 97
23 98
23 99
24 38
24 48
24 49
24 52
24 67
24 87
25 27
25 29
25 36
25 37
25 39
25 45
25 46
25 47
25 69
25 77
25 79
25 90
25 91
25 95
26 34
26 40
26 43
26 44
26 64
26 77
26 82
26 91
26 95
27 36
27 37
27 39
27 45
27 46
28 31
28 53
28 78
28 80
28 85
28 92
28 96
29 36
29 37
29 41
29 47
29 58
29 69
29 75
29 79
29 84
29 90
29 96
30 34
30 47
30 64
30 69
30 71
30 79
30 80
30 82
30 85
30 90
30 95
30 96
30 98
31 35
31 38
31 51
31 55
31 59
31 63
31 67
31 76
31 83
31 89
31 92
31 94
31 97
32 42
32 58
32 60
32 62
32 75
32 84
32 93
33 40
33 43
33 50
33 54
33 57
33 61
33 66
33 68
33 73
33 76
33 88
33 94
33 97
33 98
33 99
34 40
34 43
34 44
34 47
34 50
34 54
34 64
34 66
34 71
34 80
34 82
34 85
34 90
34 95
34 97
34 98
34 99
35 38
35 50
35 51
35 55
35 59
35 61
35 63
35 67
35 72
35 76
35 83
35 89
35 92
35 94
35 97
36 37
36 41
36 46
36 56
36 58
36 69
36 75
36 79
36 84
37 39
37 41
37 45
37 46
37 47
37 69
37 79
37 90
38 51
38 55
38 59
38 63
38 67
38 72
38 83
38 89
38 92
39 45
39 46
39 77
39 91
40 43
40 44
40 50
40 54
40 61
40 66
40 68
40 82
40 88
40 98
40 99
41 56
41 58
41 69
41 75
41 79
41 84
42 53
42 58
42 60
42 62
42 75
42 78
42 84
42 93
43 44
43 50
43 54
43 61
43 66
43 68
43 88
43 98
43 99
44 54
44 64
44 66
44 82
44 91
44 95
44 98
45 46
45 77
46 69
47 64
47 69
47 71
47 79
47 80
47 82
47 85
47 90
47 91
47 95
47 96
48 78
49 52
49 65
49 67
49 70
49 72
49 81
49 86
49 87
50 54
50 59
50 61
50 63
50 66
50 68
50 71
50 76
50 88
50 92
50 94
50 97
50 98
50 99
51 55
51 59
51 63
51 67
51 72
51 76
51 83
51 89
51 92
51 94
52 65
52 67
52 70
52 72
52 81
52 86
52 87
53 60
53 78
53 93
54 57
54 61
54 66
54 68
54 73
54 88
54 98
54 99
55 59
55 63
55 67
55 72
55 76
55 83
55 89
55 92
55 94
55 97
56 58
56 62
56 75
56 84
57 68
57 73
57 88
58 62
58 75
58 84
58 93
59 61
59 63
59 76
59 83
59 89
59 92
59 94
59 97
60 62
60 78
60 93
61 63
61 66
61 68
61 73
61 76
61 88
61 94
61 97
61 98
61 99
62 74
62 75
62 84
62 93
63 76
63 83
63 89
63 92
63 94
63 97
64 69
64 71
64 79
64 80
64 82
64 85
64 90
64 91
64 95
64 96
64 98
65 67
65 70
65 72
65 81
65 86
65 87
66 68
66 73
66 76
66 88
66 94
66 97
66 98
66 99
67 72
67 83
67 87
67 89
68 73
68 76
68 88
68 94
68 98
68 99
69 79
69 80
69 82
69 85
69 90
69 91
69 95
69 96
70 81
70 86
70 87
71 79
71 80
71 82
71 85
71 90
71 95
71 96
71 97
71 98
72 83
72 87
72 89
73 76
73 88
73 94
73 99
75 84
75 93
76 83
76 88
76 89
76 92
76 94
76 97
76 99
77 91
77 95
79 80
79 82
79 85
79 90
79 91
79 95
79 96
80 82
80 85
80 90
80 96
80 98
81 86
81 87
82 85
82 90
82 91
82 95
82 96
82 98
83 89
83 92
83 94
84 93
85 90
85 95
85 96
85 97
85 98
86 87
88 94
88 99
89 94
90 91
90 95
90 96
91 95
92 94
92 97
94 97
94 99
97 98
97 99
98 99
