200 1811
0 7
0 13
0 45
0 67
0 75
0 78
0 81
0 82
0 103
0 105
0 107
0 125
0 135
0 149
0 151
0 161
0 164
0 192
0 193
0 199
1 17
1 32
1 42
1 48
1 79
1 93
1 95
1 100
1 109
1 142
1 162
1 166
1 177
1 197
2 35
2 53
2 67
2 78
2 81
2 92
2 114
2 120
2 125
2 141
2 147
2 149
2 151
2 158
2 164
2 165
2 168
2 169
2 170
2 172
2 174
2 178
2 188
2 191
2 193
2 195
2 196
2 198
2 199
3 5
3 22
3 32
3 55
3 58
3 60
3 66
3 69
3 72
3 76
3 91
3 106
3 117
3 127
3 145
3 162
3 177
3 187
3 197
4 15
4 25
4 59
4 70
4 83
4 110
4 119
4 139
4 152
4 173
4 184
4 185
4 194
5 21
5 22
5 33
5 55
5 60
5 66
5 73
5 76
5 87
5 89
5 104
5 106
5 117
5 127
5 134
5 155
6 14
6 15
6 31
6 44
6 71
6 83
6 85
6 88
6 123
6 128
6 131
6 133
6 144
6 152
6 157
6 179
6 184
6 185
7 13
7 24
7 35
7 38
7 45
7 56
7 67
7 78
7 82
7 103
7 105
7 107
7 122
7 135
7 147
7 149
7 151
7 158
7 159
7 161
7 164
7 174
7 192
7 193
7 196
7 199
8 10
8 18
8 23
8 46
8 61
8 62
8 64
8 110
8 119
8 124
8 129
8 139
8 143
8 173
9 10
9 16
9 43
9 49
9 54
9 64
9 102
9 112
9 126
9 129
9 137
9 176
9 190
10 16
10 18
10 33
10 34
10 46
10 49
10 61
10 64
10 68
10 74
10 102
10 115
10 124
10 126
10 129
10 132
10 136
10 137
10 143
10 160
10 176
10 190
11 20
11 27
11 40
11 41
11 57
11 77
11 84
11 94
11 111
11 113
11 118
11 121
11 138
11 145
11 156
11 163
11 165
11 175
11 182
11 186
12 42
12 65
12 72
12 79
12 84
12 93
12 94
12 121
12 163
12 166
12 175
12 187
12 197
13 45
13 67
13 75
13 78
13 81
13 82
13 103
13 105
13 107
13 122
13 135
13 147
13 149
13 151
13 158
13 161
13 164
13 174
13 192
13 193
13 199
14 30
14 31
14 36
14 44
14 47
14 50
14 52
14 71
14 80
14 83
14 85
14 97
14 128
14 133
14 144
14 146
14 148
14 150
14 152
14 153
14 157
14 167
14 179
14 185
15 25
15 59
15 70
15 83
15 110
15 119
15 131
15 139
15 152
15 173
15 184
15 185
15 194
16 49
16 68
16 74
16 102
16 129
16 132
16 136
16 137
16 160
16 176
16 190
17 32
17 39
17 48
17 69
17 91
17 93
17 95
17 98
17 100
17 109
17 142
17 162
17 180
18 23
18 46
18 61
18 62
18 64
18 124
18 126
18 129
18 136
18 137
18 139
18 143
18 160
18 173
18 190
19 25
19 29
19 47
19 52
19 63
19 83
19 97
19 99
19 144
19 146
19 150
19 153
19 167
19 181
19 184
19 185
20 27
20 35
20 40
20 41
20 57
20 77
20 84
20 92
20 94
20 111
20 113
20 118
20 138
20 141
20 156
20 158
20 159
20 165
20 168
20 169
20 175
20 182
20 186
20 195
20 196
21 22
21 55
21 60
21 66
21 73
21 76
21 87
21 89
21 101
21 104
21 106
21 117
21 123
21 127
21 130
21 134
21 171
21 183
22 55
22 58
22 60
22 66
22 72
22 73
22 76
22 94
22 106
22 113
22 117
22 127
22 145
22 187
23 59
23 61
23 62
23 64
23 110
23 139
23 143
23 173
24 28
24 38
24 45
24 56
24 87
24 89
24 101
24 105
24 108
24 111
24 122
24 130
24 147
24 158
24 159
24 161
24 171
24 183
25 47
25 59
25 70
25 83
25 99
25 144
25 150
25 152
25 167
25 184
25 185
25 194
26 33
26 34
26 39
26 68
26 69
26 74
26 98
26 104
26 115
26 132
26 136
26 155
26 160
26 180
26 190
27 35
27 40
27 41
27 57
27 77
27 92
27 111
27 118
27 138
27 141
27 156
27 158
27 159
27 165
27 168
27 169
27 175
27 182
27 186
27 195
27 196
28 31
28 44
28 71
28 87
28 88
28 89
28 101
28 105
28 108
28 123
28 128
28 130
28 133
28 171
28 183
29 30
29 37
29 47
29 52
29 63
29 80
29 97
29 99
29 140
29 144
29 146
29 148
29 150
29 153
29 167
29 181
29 189
30 36
30 37
30 50
30 52
30 63
30 80
30 90
30 97
30 140
30 146
30 148
30 150
30 153
30 157
30 167
30 179
30 189
31 36
31 44
31 50
31 71
31 85
31 88
31 108
31 128
31 133
31 148
31 157
31 179
32 42
32 48
32 58
32 72
32 79
32 91
32 93
32 95
32 100
32 109
32 142
32 162
32 166
32 177
32 187
32 197
33 34
33 46
33 68
33 69
33 74
33 104
33 115
33 124
33 129
33 132
33 136
33 155
33 160
33 190
34 46
34 68
34 69
34 74
34 104
34 115
34 124
34 129
34 132
34 136
34 137
34 155
34 160
34 190
35 38
35 41
35 56
35 57
35 92
35 111
35 118
35 122
35 138
35 141
35 147
35 158
35 159
35 165
35 168
35 169
35 172
35 174
35 182
35 186
35 195
35 196
36 37
36 44
36 50
36 51
36 71
36 80
36 90
36 116
36 128
36 133
36 148
36 157
36 179
37 50
37 51
37 63
37 80
37 90
37 116
37 140
37 148
37 189
38 55
38 56
38 66
38 89
38 101
38 108
38 111
38 122
38 130
38 147
38 158
38 159
38 171
38 183
38 196
39 48
39 69
39 91
39 95
39 98
39 100
39 142
39 162
39 180
40 41
40 57
40 65
40 77
40 84
40 94
40 113
40 118
40 121
40 138
40 156
40 163
40 175
40 182
41 57
41 77
41 84
41 113
41 118
41 138
41 141
41 156
41 163
41 165
41 168
41 169
41 175
41 182
41 186
41 195
42 72
42 79
42 86
42 93
42 95
42 109
42 142
42 162
42 166
42 177
42 187
42 197
43 49
43 54
43 62
43 64
43 102
43 112
43 126
44 50
44 71
44 83
44 85
44 88
44 108
44 123
44 128
44 131
44 133
44 148
44 152
44 157
44 179
45 75
45 78
45 82
45 103
45 105
45 107
45 122
45 130
45 135
45 161
45 192
45 193
46 61
46 68
46 74
46 104
46 115
46 119
46 124
46 129
46 136
46 137
46 139
46 143
46 154
46 155
46 160
46 173
46 190
47 52
47 63
47 80
47 83
47 97
47 99
47 144
47 146
47 148
47 150
47 153
47 167
47 179
47 181
47 185
48 69
48 91
48 93
48 95
48 98
48 100
48 109
48 142
48 162
48 177
48 180
49 54
49 64
49 102
49 112
49 126
49 129
49 132
49 137
49 176
49 190
50 71
50 80
50 85
50 90
50 116
50 128
50 133
50 146
50 148
50 157
50 179
51 90
51 96
51 116
52 63
52 80
52 97
52 99
52 140
52 144
52 146
52 148
52 150
52 153
52 157
52 167
52 179
52 181
52 185
52 189
53 67
53 92
53 114
53 120
53 125
53 141
53 149
53 168
53 169
53 170
53 172
53 174
53 178
53 188
53 191
53 195
53 198
53 199
54 64
54 102
54 112
54 126
55 60
55 66
55 73
55 76
55 89
55 94
55 101
55 106
55 111
55 113
55 117
55 127
55 145
56 89
56 101
56 108
56 111
56 122
56 130
56 147
56 158
56 159
56 171
56 183
56 196
57 77
57 92
57 118
57 138
57 141
57 156
57 165
57 168
57 169
57 175
57 182
57 186
57 195
57 196
58 72
58 76
58 84
58 91
58 93
58 94
58 113
58 117
58 121
58 127
58 145
58 162
58 166
58 177
58 187
58 197
59 70
59 110
59 173
59 184
59 194
60 66
60 73
60 76
60 87
60 89
60 101
60 104
60 106
60 117
60 127
60 134
60 155
61 62
61 64
61 124
61 126
61 129
61 136
61 137
61 139
61 143
61 160
61 173
61 190
62 64
62 124
62 126
62 139
62 143
63 80
63 97
63 99
63 140
63 146
63 148
63 150
63 153
63 167
63 181
63 189
64 102
64 112
64 124
64 126
64 129
64 137
64 143
64 160
64 176
64 190
65 84
65 94
65 121
65 156
65 163
65 166
65 175
65 187
65 197
66 73
66 76
66 89
66 94
66 101
66 106
66 111
66 113
66 117
66 127
66 145
67 78
67 81
67 82
67 92
67 103
67 114
67 120
67 125
67 135
67 147
67 149
67 151
67 158
67 161
67 164
67 169
67 170
67 172
67 174
67 178
67 188
67 191
67 193
67 196
67 198
67 199
68 74
68 104
68 115
68 124
68 129
68 132
68 136
68 137
68 155
68 160
68 176
68 190
69 76
69 91
69 95
69 98
69 100
69 117
69 155
69 162
69 177
69 180
70 83
70 110
70 144
70 152
70 173
70 184
70 185
70 194
71 85
71 87
71 88
71 105
71 108
71 123
71 128
71 130
71 133
71 157
71 171
71 179
71 183
72 76
72 84
72 91
72 93
72 94
72 117
72 121
72 127
72 145
72 162
72 166
72 177
72 187
72 197
73 76
73 87
73 89
73 101
73 104
73 106
73 117
73 123
73 127
73 134
73 171
73 183
74 104
74 115
74 124
74 129
74 132
74 136
74 137
74 155
74 160
74 190
75 78
75 81
75 82
75 96
75 103
75 105
75 107
75 135
75 151
75 161
75 164
75 192
75 193
75 199
76 91
76 106
76 117
76 127
76 145
76 177
77 84
77 94
77 111
77 113
77 118
77 121
77 138
77 141
77 156
77 163
77 165
77 175
77 182
77 186
78 81
78 82
78 103
78 107
78 120
78 125
78 135
78 149
78 151
78 161
78 164
78 170
78 174
78 191
78 193
78 199
79 86
79 93
79 166
80 97
80 99
80 140
80 144
80 146
80 148
80 150
80 153
80 157
80 167
80 179
80 181
80 185
80 189
81 82
81 103
81 120
81 125
81 135
81 149
81 151
81 164
81 170
81 178
81 188
81 191
81 193
81 198
81 199
82 103
82 105
82 107
82 122
82 135
82 149
82 151
82 161
82 164
82 174
82 192
82 193
82 199
83 85
83 97
83 99
83 144
83 146
83 148
83 150
83 152
83 157
83 167
83 179
83 184
83 185
83 194
84 94
84 113
84 118
84 121
84 138
84 145
84 156
84 163
84 175
84 187
85 88
85 128
85 131
85 133
85 144
85 146
85 148
85 150
85 152
85 157
85 167
85 179
85 184
85 185
87 88
87 89
87 101
87 106
87 108
87 123
87 130
87 131
87 134
87 171
87 183
88 89
88 101
88 108
88 123
88 128
88 130
88 131
88 133
88 134
88 154
88 171
88 183
89 101
89 106
89 108
89 123
89 130
89 134
89 171
89 183
90 96
90 116
90 140
90 189
91 93
91 95
91 98
91 100
91 109
91 117
91 142
91 162
91 177
91 180
91 197
92 114
92 138
92 141
92 147
92 149
92 158
92 159
92 165
92 168
92 169
92 172
92 174
92 182
92 186
92 191
92 195
92 196
93 95
93 100
93 109
93 142
93 162
93 166
93 177
93 187
93 197
94 113
94 118
94 121
94 127
94 145
94 156
94 163
94 175
94 187
94 197
95 98
95 100
95 109
95 142
95 162
95 166
95 177
95 180
95 197
96 116
97 99
97 140
97 144
97 146
97 148
97 150
97 153
97 157
97 167
97 179
97 181
97 185
97 189
98 100
98 109
98 142
98 180
99 144
99 146
99 148
99 150
99 153
99 167
99 181
99 185
100 109
100 142
100 162
100 177
100 180
101 106
101 108
101 123
101 130
101 134
101 171
101 183
102 112
102 126
102 129
102 137
102 176
102 190
103 107
103 120
103 125
103 135
103 149
103 151
103 161
103 164
103 170
103 193
103 199
104 106
104 115
104 117
104 134
104 154
104 155
105 107
105 108
105 122
105 130
105 135
105 161
105 192
105 193
106 117
106 127
106 134
106 145
107 122
107 135
107 161
107 192
107 193
108 122
108 123
108 128
108 130
108 133
108 171
108 183
109 142
109 162
109 177
110 119
110 131
110 139
110 152
110 154
110 173
110 184
110 194
111 113
111 118
111 122
111 138
111 147
111 158
111 159
111 165
111 169
111 182
111 186
111 196
112 126
113 118
113 121
113 127
113 138
113 145
113 156
113 175
113 187
114 120
114 125
114 141
114 149
114 151
114 168
114 169
114 170
114 172
114 174
114 178
114 188
114 191
114 195
114 198
114 199
115 124
115 129
115 132
115 136
115 137
115 155
115 160
115 190
116 192
117 127
117 145
117 155
118 121
118 138
118 141
118 156
118 163
118 165
118 175
118 182
118 186
119 124
119 131
119 139
119 152
119 154
119 173
120 125
120 149
120 151
120 164
120 170
120 178
120 188
120 191
120 198
120 199
121 145
121 156
121 163
121 166
121 175
121 187
121 197
122 130
122 135
122 147
122 158
122 159
122 161
122 174
122 183
122 192
122 193
122 196
123 130
123 131
123 133
123 134
123 154
123 171
123 183
124 129
124 136
124 137
124 139
124 143
124 160
124 173
124 190
125 149
125 151
125 164
125 170
125 172
125 174
125 178
125 188
125 191
125 193
125 198
125 199
126 129
126 137
126 143
127 145
128 130
128 133
128 148
128 157
128 179
129 132
129 136
129 137
129 143
129 160
129 176
129 190
130 133
130 171
130 183
131 134
131 139
131 152
131 154
131 173
132 136
132 137
132 155
132 160
132 176
132 190
133 148
133 157
133 171
133 179
133 183
134 154
134 155
134 171
134 183
135 147
135 149
135 151
135 161
135 164
135 174
135 192
135 193
135 199
136 137
136 155
136 160
136 176
136 190
137 143
137 160
137 176
137 190
138 141
138 156
138 163
138 165
138 168
138 169
138 175
138 182
138 186
138 195
138 196
139 143
139 154
139 173
140 146
140 148
140 150
140 153
140 157
140 167
140 179
140 181
140 189
141 165
141 168
141 169
141 172
141 182
141 186
141 195
141 196
142 162
142 166
142 177
142 180
143 160
143 173
143 190
144 146
144 148
144 150
144 152
144 153
144 157
144 167
144 179
144 184
144 185
145 175
145 177
145 187
145 197
146 148
146 150
146 153
146 157
146 167
146 179
146 181
146 185
146 189
147 149
147 158
147 159
147 165
147 168
147 169
147 172
147 174
147 182
147 186
147 193
147 196
147 199
148 150
148 153
148 157
148 167
148 179
148 185
149 151
149 158
149 164
149 168
149 169
149 170
149 172
149 174
149 178
149 188
149 191
149 193
149 196
149 198
149 199
150 153
150 157
150 167
150 179
150 181
150 184
150 185
151 164
151 170
151 174
151 178
151 188
151 191
151 193
151 198
151 199
152 173
152 184
152 185
152 194
153 167
153 181
153 189
154 173
155 160
156 163
156 175
156 182
157 167
157 179
157 185
158 159
158 165
158 168
158 169
158 172
158 174
158 182
158 186
158 193
158 196
158 199
159 165
159 168
159 169
159 174
159 182
159 186
159 196
160 176
160 190
161 164
161 192
161 193
161 199
162 166
162 177
162 180
162 187
162 197
163 175
163 187
164 170
164 174
164 178
164 188
164 191
164 193
164 199
165 168
165 169
165 172
165 174
165 182
165 186
165 195
165 196
166 177
166 187
166 197
167 179
167 181
167 185
168 169
168 172
168 174
168 182
168 186
168 191
168 195
168 196
169 172
169 174
169 182
169 186
169 191
169 195
169 196
170 172
170 178
170 188
170 191
170 198
170 199
171 183
172 174
172 178
172 182
172 186
172 188
172 191
172 195
172 196
172 198
172 199
173 194
174 186
174 191
174 193
174 196
174 199
175 187
176 190
177 187
177 197
178 188
178 191
178 198
178 199
179 185
181 189
182 186
182 195
182 196
184 185
184 194
185 194
186 195
186 196
187 197
188 191
188 198
188 199
191 193
191 195
191 198
191 199
192 193
193 199
195 196
198 199
