30 123
0 2
0 5
0 6
0 7
0 12
0 17
0 21
0 23
1 3
1 10
1 13
1 14
1 16
1 17
1 20
1 24
1 25
1 26
1 28
2 5
2 6
2 7
2 9
2 11
2 12
2 15
2 21
2 22
2 23
3 7
3 10
3 13
3 14
3 16
3 17
3 20
3 24
3 25
3 26
3 28
4 18
4 24
4 27
4 29
5 6
5 11
5 12
5 15
5 21
5 22
5 23
6 7
6 9
6 11
6 12
6 15
6 21
6 22
6 23
7 9
7 13
7 14
7 17
7 21
7 28
8 9
8 19
8 20
8 28
9 14
9 17
9 19
9 28
10 13
10 16
10 24
10 25
10 26
11 12
11 15
11 22
11 23
12 15
12 21
12 22
12 23
13 14
13 16
13 17
13 24
13 25
13 28
14 16
14 17
14 20
14 25
14 26
14 28
15 21
15 22
15 23
16 17
16 20
16 24
16 25
16 26
16 28
17 21
17 28
18 24
18 27
18 29
19 28
20 25
20 26
20 28
21 22
21 23
22 23
24 25
25 26
26 28
27 29
