100 710
0 5
0 11
0 24
0 33
0 59
0 73
0 76
0 77
0 91
0 92
1 2
1 4
1 14
1 15
1 19
1 31
1 35
1 37
1 44
1 48
1 56
1 57
1 69
1 78
1 81
1 83
1 86
2 31
2 35
2 48
2 53
2 61
2 65
2 68
2 74
3 7
3 9
3 10
3 13
3 21
3 27
3 29
3 40
3 41
3 46
3 60
3 62
3 75
3 80
3 87
3 98
3 99
4 19
4 22
4 28
4 37
4 42
4 44
4 56
4 57
4 63
4 69
4 78
4 81
4 83
4 86
5 11
5 18
5 20
5 24
5 26
5 28
5 32
5 36
5 43
5 45
5 52
5 58
5 59
5 66
5 71
5 73
5 76
5 77
5 82
5 91
5 92
5 97
6 16
6 17
6 25
6 38
6 47
6 55
6 65
6 70
6 74
6 85
6 89
6 93
6 95
6 96
7 9
7 10
7 13
7 17
7 21
7 27
7 29
7 40
7 55
7 60
7 62
7 80
7 87
7 89
7 93
7 95
7 98
7 99
8 18
8 26
8 28
8 35
8 52
8 53
8 58
8 61
8 66
8 68
8 81
9 10
9 13
9 21
9 27
9 29
9 40
9 41
9 46
9 60
9 62
9 75
9 80
9 87
9 98
9 99
10 13
10 21
10 27
10 29
10 40
10 62
10 75
10 80
10 87
10 98
10 99
11 24
11 26
11 28
11 32
11 33
11 43
11 45
11 58
11 59
11 66
11 71
11 73
11 76
11 77
11 82
11 91
11 92
11 97
12 14
12 15
12 37
12 69
12 78
12 88
13 17
13 21
13 27
13 29
13 40
13 41
13 60
13 62
13 75
13 80
13 87
13 89
13 93
13 98
13 99
14 15
14 31
14 37
14 48
14 57
14 69
14 78
14 88
15 37
15 57
15 69
15 78
15 88
16 17
16 25
16 47
16 50
16 55
16 65
16 70
16 74
16 85
16 89
16 93
16 95
16 96
17 25
17 27
17 47
17 55
17 70
17 89
17 93
17 95
18 20
18 26
18 28
18 30
18 32
18 36
18 43
18 51
18 52
18 58
18 59
18 61
18 66
18 68
18 76
18 81
18 91
18 97
19 22
19 28
19 42
19 44
19 45
19 56
19 57
19 63
19 66
19 69
19 71
19 78
19 81
19 83
19 86
20 26
20 30
20 32
20 36
20 43
20 51
20 52
20 58
20 59
20 66
20 73
20 76
20 91
20 97
21 27
21 29
21 40
21 62
21 75
21 80
21 87
21 98
21 99
22 42
22 44
22 56
22 57
22 63
22 69
22 78
22 83
22 86
23 31
23 39
23 48
23 49
23 54
23 64
23 67
23 72
23 84
23 88
23 90
23 94
24 32
24 33
24 59
24 73
24 76
24 77
24 82
24 91
24 92
24 97
25 47
25 55
25 65
25 70
25 74
25 85
25 89
25 93
25 95
25 96
26 28
26 30
26 32
26 36
26 43
26 52
26 58
26 59
26 61
26 66
26 68
26 71
26 73
26 76
26 81
26 91
26 97
27 29
27 40
27 41
27 46
27 60
27 62
27 80
27 87
27 89
27 93
27 95
27 98
27 99
28 42
28 45
28 52
28 56
28 58
28 59
28 63
28 66
28 71
28 81
28 82
28 86
28 91
29 40
29 41
29 46
29 51
29 60
29 87
29 89
29 93
29 98
30 32
30 36
30 43
30 46
30 51
30 52
30 58
30 59
30 68
30 97
31 37
31 48
31 49
31 53
31 64
31 67
31 72
31 88
31 90
31 94
32 33
32 36
32 43
32 58
32 59
32 73
32 76
32 77
32 91
32 92
32 97
33 59
33 73
33 76
33 77
33 91
33 92
34 38
34 79
35 52
35 53
35 61
35 68
35 81
36 43
36 51
36 52
36 58
36 59
36 73
36 76
36 91
36 97
37 44
37 48
37 57
37 69
37 78
37 88
38 50
38 79
38 96
39 49
39 50
39 54
39 64
39 67
39 72
39 79
39 84
39 90
39 94
40 41
40 46
40 51
40 60
40 75
40 80
40 87
40 98
40 99
41 46
41 51
41 60
41 87
41 98
42 44
42 45
42 56
42 63
42 66
42 71
42 81
42 82
42 83
42 86
43 52
43 58
43 59
43 66
43 73
43 76
43 77
43 91
43 92
43 97
44 56
44 57
44 63
44 69
44 78
44 81
44 83
44 86
45 56
45 63
45 66
45 71
45 82
45 83
45 86
46 51
46 60
46 68
46 87
46 98
47 55
47 70
47 89
47 93
47 95
48 49
48 53
48 64
48 67
48 72
48 88
48 90
48 94
49 50
49 54
49 64
49 65
49 67
49 72
49 79
49 84
49 85
49 90
49 94
49 96
50 54
50 64
50 65
50 67
50 70
50 72
50 74
50 79
50 84
50 85
50 96
51 87
52 58
52 59
52 61
52 66
52 68
52 81
52 97
53 61
53 65
53 68
53 74
53 85
54 64
54 67
54 72
54 79
54 84
54 90
54 94
55 70
55 89
55 93
55 95
56 57
56 63
56 69
56 78
56 81
56 83
56 86
57 63
57 69
57 78
57 81
57 83
57 86
58 59
58 66
58 73
58 76
58 77
58 91
58 92
58 97
59 66
59 71
59 73
59 76
59 77
59 82
59 91
59 92
59 97
60 87
60 89
60 93
60 98
61 68
61 81
62 75
62 80
62 98
62 99
63 69
63 71
63 78
63 81
63 83
63 86
64 65
64 67
64 72
64 74
64 79
64 84
64 85
64 90
64 94
64 96
65 67
65 70
65 72
65 74
65 85
65 96
66 71
66 73
66 76
66 81
66 82
66 91
67 72
67 79
67 84
67 85
67 90
67 94
67 96
69 78
69 83
69 86
70 74
70 85
70 89
70 93
70 95
70 96
71 73
71 76
71 81
71 82
71 86
71 91
72 79
72 84
72 85
72 90
72 94
72 96
73 76
73 77
73 82
73 91
73 92
73 97
74 85
74 89
74 93
74 96
75 80
75 98
75 99
76 77
76 82
76 91
76 92
76 97
77 91
77 92
77 97
78 83
78 86
79 84
79 96
80 87
80 98
80 99
81 83
81 86
82 91
83 86
84 88
84 90
84 94
85 89
85 96
87 98
87 99
88 90
88 94
89 93
89 95
90 94
91 92
91 97
92 97
93 95
98 99
