400 4178
0 14
0 32
0 40
0 45
0 50
0 58
0 68
0 101
0 108
0 119
0 130
0 148
0 161
0 169
0 197
0 212
0 226
0 240
0 247
0 304
0 328
0 329
0 356
0 358
0 359
0 364
0 379
0 391
1 54
1 85
1 128
1 144
1 182
1 228
1 235
1 244
1 284
1 316
1 357
1 360
1 382
2 3
2 6
2 18
2 33
2 44
2 66
2 87
2 91
2 94
2 133
2 140
2 166
2 176
2 190
2 196
2 198
2 237
2 241
2 275
2 279
2 361
2 369
2 372
2 374
2 399
3 6
3 18
3 44
3 66
3 87
3 91
3 94
3 117
3 129
3 133
3 140
3 167
3 176
3 180
3 206
3 223
3 237
3 257
3 275
3 308
3 350
3 361
3 362
3 365
3 369
3 372
3 381
3 399
4 49
4 75
4 124
4 165
4 207
4 229
4 231
4 287
4 349
4 375
5 47
5 56
5 78
5 143
5 149
5 191
5 193
5 234
5 243
5 253
5 319
5 344
5 378
6 33
6 47
6 66
6 73
6 87
6 91
6 133
6 140
6 166
6 176
6 190
6 196
6 237
6 279
6 369
6 372
6 374
7 26
7 36
7 51
7 60
7 74
7 116
7 120
7 134
7 203
7 217
7 218
7 246
7 260
7 264
7 266
7 269
7 276
7 285
7 327
7 331
7 338
7 343
7 383
7 394
8 20
8 23
8 62
8 70
8 77
8 109
8 110
8 145
8 162
8 178
8 205
8 286
8 303
8 305
8 314
8 322
8 388
8 390
9 36
9 55
9 71
9 74
9 82
9 86
9 118
9 125
9 131
9 153
9 157
9 172
9 202
9 221
9 225
9 250
9 255
9 260
9 262
9 264
9 299
9 330
9 342
9 392
10 61
10 79
10 95
10 97
10 104
10 154
10 161
10 181
10 197
10 200
10 245
10 256
10 259
10 267
10 268
10 292
10 293
10 364
10 368
10 377
10 384
10 397
11 30
11 69
11 76
11 100
11 153
11 157
11 187
11 225
11 243
11 262
11 283
11 297
11 310
11 318
11 319
11 348
11 355
11 375
11 393
12 20
12 27
12 38
12 64
12 65
12 84
12 88
12 99
12 126
12 137
12 138
12 152
12 175
12 177
12 183
12 192
12 233
12 239
12 249
12 251
12 252
12 325
12 336
12 352
12 367
13 15
13 21
13 32
13 41
13 48
13 50
13 83
13 102
13 112
13 130
13 132
13 136
13 141
13 142
13 208
13 211
13 224
13 227
13 263
13 271
13 272
13 274
13 291
13 304
13 307
13 332
13 337
13 341
13 347
13 359
13 370
13 387
14 22
14 32
14 40
14 41
14 58
14 68
14 93
14 101
14 112
14 120
14 130
14 169
14 185
14 217
14 224
14 226
14 227
14 247
14 263
14 272
14 276
14 289
14 306
14 313
14 328
14 337
14 354
14 359
14 385
14 391
15 21
15 41
15 83
15 93
15 112
15 115
15 142
15 199
15 211
15 224
15 227
15 263
15 272
15 274
15 288
15 332
15 337
15 341
15 387
16 22
16 29
16 39
16 82
16 103
16 115
16 125
16 127
16 151
16 164
16 172
16 185
16 209
16 210
16 248
16 261
16 298
16 306
16 339
16 346
16 354
16 373
17 19
17 52
17 56
17 72
17 73
17 106
17 149
17 156
17 166
17 190
17 196
17 198
17 237
17 241
17 301
17 323
17 324
17 344
17 374
18 19
18 44
18 57
18 66
18 72
18 94
18 106
18 147
18 156
18 173
18 176
18 198
18 237
18 241
18 275
18 301
18 323
18 324
18 345
18 361
18 362
18 369
18 372
19 72
19 105
19 106
19 147
19 156
19 168
19 173
19 198
19 241
19 301
19 323
19 324
20 23
20 27
20 64
20 70
20 99
20 138
20 145
20 162
20 171
20 177
20 192
20 233
20 239
20 249
20 252
20 309
20 325
21 32
21 41
21 50
21 83
21 93
21 112
21 115
21 130
21 132
21 136
21 141
21 142
21 199
21 211
21 224
21 226
21 227
21 263
21 271
21 272
21 274
21 291
21 304
21 313
21 328
21 332
21 337
21 341
21 347
21 359
21 387
22 29
22 41
22 93
22 103
22 112
22 115
22 127
22 151
22 169
22 185
22 199
22 209
22 211
22 224
22 226
22 227
22 248
22 261
22 272
22 288
22 289
22 298
22 306
22 313
22 328
22 337
22 339
22 346
22 354
22 359
22 373
22 385
23 27
23 34
23 70
23 96
23 129
23 138
23 139
23 162
23 174
23 188
23 192
23 195
23 308
23 381
23 388
23 390
24 43
24 54
24 59
24 85
24 92
24 128
24 228
24 235
24 258
24 292
24 316
24 371
24 377
25 28
25 46
25 48
25 67
25 89
25 102
25 113
25 132
25 136
25 141
25 159
25 213
25 242
25 271
25 291
25 300
25 307
25 311
25 315
25 326
25 335
25 347
25 370
26 51
26 60
26 116
26 120
26 134
26 135
26 203
26 217
26 218
26 246
26 264
26 266
26 268
26 269
26 276
26 285
26 293
26 295
26 327
26 331
26 338
26 343
26 383
26 384
26 394
27 64
27 84
27 96
27 126
27 129
27 138
27 139
27 162
27 174
27 188
27 192
27 195
27 223
27 233
27 308
27 336
27 365
27 381
28 46
28 48
28 67
28 89
28 102
28 113
28 136
28 141
28 159
28 170
28 208
28 213
28 216
28 242
28 254
28 271
28 291
28 300
28 311
28 326
28 335
28 347
28 370
29 36
29 39
29 82
29 103
29 125
29 127
29 164
29 172
29 210
29 219
29 248
29 298
29 339
29 342
29 346
29 354
29 373
30 69
30 76
30 100
30 143
30 187
30 243
30 283
30 297
30 310
30 318
30 319
30 348
30 355
30 393
31 57
31 65
31 81
31 90
31 107
31 137
31 152
31 183
31 186
31 215
31 273
31 278
31 280
31 345
31 351
31 380
32 40
32 41
32 50
32 58
32 68
32 93
32 101
32 112
32 130
32 132
32 142
32 169
32 211
32 224
32 226
32 227
32 247
32 263
32 272
32 304
32 313
32 328
32 332
32 337
32 341
32 359
32 385
32 387
32 391
33 42
33 47
33 52
33 56
33 73
33 78
33 87
33 91
33 123
33 133
33 140
33 149
33 155
33 166
33 190
33 193
33 196
33 237
33 279
33 294
33 344
33 372
33 374
34 61
34 70
34 79
34 96
34 97
34 138
34 139
34 162
34 174
34 181
34 188
34 195
34 204
34 214
34 317
34 388
34 390
35 80
35 98
35 122
35 160
35 220
35 232
35 296
35 302
35 334
35 395
35 398
36 74
36 82
36 118
36 120
36 125
36 172
36 217
36 250
36 260
36 264
36 266
36 289
36 299
36 306
36 342
36 354
36 385
36 394
37 98
37 109
37 160
37 163
37 178
37 179
37 189
37 194
37 222
37 238
37 265
37 270
37 303
37 305
37 314
37 363
37 366
37 386
37 389
37 398
38 64
38 65
38 84
38 88
38 90
38 126
38 137
38 152
38 175
38 183
38 233
38 239
38 249
38 251
38 252
38 336
38 351
38 352
38 380
39 82
39 103
39 127
39 164
39 210
39 219
39 236
39 248
39 290
39 298
39 333
39 346
39 373
40 45
40 50
40 58
40 68
40 101
40 108
40 119
40 130
40 148
40 161
40 169
40 197
40 212
40 226
40 240
40 247
40 304
40 328
40 356
40 358
40 359
40 379
40 391
41 68
41 93
41 112
41 115
41 130
41 142
41 169
41 185
41 199
41 209
41 211
41 224
41 226
41 227
41 263
41 272
41 288
41 306
41 313
41 328
41 332
41 337
41 339
41 341
41 354
41 359
41 385
41 387
42 47
42 78
42 123
42 155
42 191
42 193
42 230
42 279
42 282
42 294
42 348
43 53
43 59
43 92
43 163
43 189
43 194
43 222
43 245
43 265
43 270
43 292
43 363
43 371
43 377
43 386
43 389
44 57
44 65
44 66
44 84
44 94
44 117
44 126
44 167
44 176
44 180
44 223
44 275
44 278
44 336
44 345
44 361
44 362
44 365
44 367
44 369
44 381
44 399
45 50
45 68
45 101
45 108
45 119
45 128
45 146
45 148
45 161
45 182
45 197
45 212
45 235
45 240
45 258
45 284
45 329
45 356
45 358
45 379
45 382
45 391
46 48
46 67
46 89
46 102
46 113
46 136
46 141
46 159
46 170
46 208
46 216
46 242
46 254
46 271
46 291
46 311
46 326
46 335
46 347
46 370
47 52
47 56
47 73
47 78
47 91
47 123
47 133
47 140
47 149
47 155
47 166
47 190
47 191
47 193
47 196
47 237
47 279
47 294
47 344
47 372
47 374
47 378
48 67
48 102
48 113
48 132
48 136
48 141
48 142
48 159
48 208
48 213
48 242
48 271
48 291
48 300
48 307
48 311
48 326
48 332
48 335
48 347
48 370
49 69
49 75
49 76
49 124
49 165
49 207
49 231
49 310
49 318
49 349
49 355
49 375
50 68
50 101
50 112
50 119
50 130
50 132
50 136
50 141
50 142
50 146
50 212
50 213
50 224
50 226
50 240
50 263
50 300
50 304
50 307
50 328
50 332
50 356
50 359
50 387
50 391
51 60
51 116
51 134
51 135
51 150
51 203
51 204
51 218
51 246
51 266
51 268
51 269
51 285
51 293
51 295
51 327
51 331
51 338
51 343
51 368
51 383
51 384
51 394
51 397
52 56
52 72
52 73
52 106
52 149
52 156
52 166
52 190
52 196
52 237
52 241
52 323
52 344
52 374
52 378
53 61
53 70
53 79
53 95
53 97
53 104
53 109
53 110
53 178
53 181
53 189
53 194
53 200
53 245
53 256
53 259
53 265
53 322
53 363
53 388
53 389
53 390
54 59
54 85
54 228
54 244
54 316
55 71
55 74
55 76
55 82
55 86
55 100
55 118
55 125
55 131
55 153
55 157
55 172
55 187
55 202
55 225
55 230
55 250
55 255
55 260
55 262
55 264
55 299
55 310
55 330
55 342
55 392
56 73
56 78
56 106
56 149
56 166
56 190
56 193
56 196
56 237
56 279
56 323
56 344
56 374
56 378
57 65
57 90
57 107
57 117
57 126
57 137
57 167
57 173
57 176
57 180
57 183
57 186
57 215
57 273
57 275
57 278
57 280
57 336
57 345
57 351
57 361
57 362
57 367
58 68
58 93
58 101
58 120
58 130
58 148
58 169
58 217
58 226
58 247
58 276
58 289
58 306
58 313
58 328
58 354
58 359
58 379
58 385
58 391
59 63
59 92
59 163
59 270
59 292
59 316
59 321
59 371
59 386
59 389
60 74
60 116
60 123
60 134
60 135
60 218
60 230
60 255
60 266
60 282
60 285
60 294
60 295
60 299
60 327
60 338
60 383
60 394
61 79
61 95
61 97
61 104
61 154
61 181
61 188
61 200
61 204
61 214
61 245
61 256
61 259
61 267
61 268
61 317
61 363
61 368
61 384
61 388
61 390
61 397
62 77
62 110
62 114
62 145
62 178
62 205
62 238
62 281
62 286
62 303
62 305
62 314
62 322
62 376
63 111
63 121
63 201
63 312
63 320
63 321
63 340
63 396
64 84
64 88
64 99
64 138
64 145
64 162
64 171
64 175
64 177
64 192
64 233
64 239
64 249
64 252
64 309
64 325
64 352
65 84
65 90
65 117
65 126
65 137
65 152
65 167
65 175
65 180
65 183
65 186
65 251
65 278
65 280
65 336
65 345
65 351
65 352
65 362
65 367
65 380
66 87
66 91
66 94
66 133
66 140
66 167
66 176
66 190
66 196
66 206
66 223
66 237
66 275
66 350
66 361
66 362
66 365
66 369
66 372
66 381
66 399
67 89
67 102
67 132
67 136
67 141
67 144
67 146
67 159
67 213
67 242
67 300
67 307
67 311
67 315
67 326
67 335
67 347
67 357
68 93
68 101
68 112
68 119
68 130
68 132
68 142
68 212
68 224
68 226
68 240
68 247
68 263
68 304
68 307
68 313
68 328
68 356
68 359
68 379
68 391
69 71
69 76
69 100
69 131
69 153
69 157
69 187
69 202
69 225
69 262
69 283
69 297
69 310
69 318
69 330
69 348
69 355
69 375
69 392
69 393
70 79
70 109
70 110
70 162
70 174
70 178
70 188
70 195
70 305
70 322
70 388
70 390
71 74
71 76
71 86
71 100
71 118
71 131
71 153
71 157
71 187
71 202
71 225
71 230
71 250
71 255
71 260
71 262
71 297
71 299
71 310
71 330
71 342
71 375
71 392
72 105
72 106
72 147
72 156
72 173
72 198
72 241
72 301
72 323
72 324
72 369
73 78
73 91
73 106
73 149
73 156
73 166
73 190
73 193
73 196
73 237
73 279
73 323
73 344
73 372
73 374
73 378
74 82
74 118
74 125
74 131
74 134
74 153
74 157
74 172
74 202
74 217
74 230
74 250
74 255
74 260
74 264
74 266
74 299
74 327
74 330
74 342
74 383
74 392
74 394
75 124
75 207
75 229
75 231
75 287
75 290
75 375
76 100
76 131
76 153
76 157
76 187
76 202
76 225
76 262
76 283
76 297
76 310
76 318
76 330
76 348
76 355
76 375
76 392
76 393
77 110
77 114
77 145
77 171
77 205
77 232
77 238
77 281
77 286
77 303
77 305
77 309
77 314
77 322
77 376
78 123
78 149
78 155
78 166
78 190
78 191
78 193
78 196
78 234
78 279
78 294
78 344
78 374
78 378
79 95
79 96
79 97
79 104
79 139
79 150
79 154
79 181
79 188
79 195
79 200
79 204
79 214
79 245
79 256
79 259
79 268
79 277
79 293
79 317
79 368
79 384
79 388
79 390
79 397
80 98
80 160
80 232
80 238
80 281
80 286
80 302
80 334
80 366
80 398
81 90
81 107
81 184
81 186
81 215
81 273
81 280
81 351
81 380
82 86
82 118
82 125
82 172
82 202
82 210
82 219
82 221
82 236
82 250
82 260
82 264
82 298
82 330
82 333
82 342
82 373
83 112
83 142
83 199
83 208
83 211
83 263
83 271
83 272
83 274
83 332
83 337
83 341
83 387
84 117
84 126
84 129
84 137
84 138
84 152
84 167
84 175
84 180
84 183
84 192
84 251
84 275
84 278
84 336
84 352
84 362
84 365
84 367
84 381
85 128
85 182
85 228
85 235
85 244
85 284
85 316
85 357
85 360
85 382
86 118
86 125
86 131
86 153
86 157
86 172
86 202
86 219
86 221
86 225
86 229
86 236
86 250
86 255
86 260
86 262
86 287
86 290
86 330
86 333
86 342
86 375
86 392
87 91
87 94
87 133
87 140
87 158
87 166
87 176
87 190
87 196
87 206
87 223
87 237
87 275
87 279
87 361
87 369
87 372
87 374
87 399
88 99
88 137
88 152
88 175
88 177
88 183
88 233
88 239
88 249
88 251
88 252
88 309
88 325
88 352
89 144
89 159
89 213
89 242
89 300
89 311
89 315
89 326
89 335
89 357
90 107
90 126
90 137
90 152
90 175
90 183
90 186
90 251
90 273
90 278
90 280
90 336
90 351
90 352
90 367
90 380
91 133
91 140
91 166
91 176
91 190
91 196
91 237
91 279
91 369
91 372
91 374
92 163
92 189
92 194
92 222
92 245
92 258
92 265
92 270
92 292
92 363
92 371
92 377
92 386
92 389
93 112
93 115
93 130
93 142
93 169
93 185
93 199
93 209
93 211
93 224
93 226
93 227
93 263
93 272
93 306
93 313
93 328
93 332
93 337
93 339
93 341
93 354
93 359
93 385
93 387
94 117
94 126
94 129
94 140
94 167
94 176
94 180
94 206
94 223
94 257
94 275
94 308
94 336
94 350
94 361
94 362
94 365
94 367
94 369
94 372
94 381
94 399
95 97
95 104
95 154
95 181
95 200
95 214
95 245
95 256
95 259
95 267
95 268
95 293
95 364
95 368
95 377
95 384
95 397
96 129
96 138
96 139
96 150
96 158
96 174
96 188
96 192
96 195
96 204
96 206
96 214
96 223
96 257
96 277
96 308
96 317
96 350
96 365
96 381
96 388
96 390
96 399
97 104
97 154
97 181
97 200
97 204
97 214
97 245
97 256
97 259
97 267
97 268
97 293
97 317
97 363
97 368
97 384
97 388
97 390
97 397
98 121
98 160
98 179
98 201
98 220
98 222
98 238
98 296
98 302
98 312
98 334
98 340
98 366
98 395
98 396
98 398
99 145
99 171
99 177
99 233
99 239
99 249
99 252
99 309
99 325
99 376
100 131
100 153
100 157
100 187
100 202
100 225
100 243
100 255
100 262
100 283
100 297
100 310
100 318
100 319
100 330
100 348
100 375
100 392
100 393
101 108
101 119
101 130
101 132
101 142
101 146
101 212
101 224
101 226
101 240
101 247
101 263
101 304
101 307
101 328
101 356
101 359
101 379
101 391
102 113
102 132
102 136
102 141
102 142
102 159
102 170
102 208
102 213
102 216
102 242
102 254
102 271
102 291
102 300
102 311
102 326
102 332
102 335
102 347
102 370
103 115
103 127
103 151
103 185
103 199
103 209
103 248
103 261
103 288
103 298
103 339
103 346
103 354
103 373
104 154
104 181
104 200
104 214
104 245
104 256
104 259
104 267
104 268
104 293
104 363
104 368
104 377
104 397
105 147
105 156
105 168
105 173
105 184
105 198
105 215
105 241
105 301
105 324
106 149
106 156
106 166
106 190
106 196
106 198
106 237
106 241
106 301
106 323
106 324
106 344
106 374
107 168
107 184
107 186
107 215
107 273
107 278
107 280
107 345
107 351
107 380
108 119
108 128
108 146
108 148
108 161
108 182
108 197
108 212
108 235
108 240
108 247
108 258
108 284
108 329
108 356
108 358
108 364
108 379
108 391
109 110
109 178
109 179
109 189
109 194
109 245
109 259
109 265
109 303
109 305
109 314
109 322
109 363
109 388
109 389
109 390
110 145
110 178
110 179
110 189
110 205
110 238
110 265
110 286
110 303
110 305
110 314
110 322
110 388
110 390
111 121
111 201
111 220
111 312
111 320
111 321
111 340
111 353
111 395
111 396
111 398
112 115
112 130
112 142
112 185
112 199
112 211
112 224
112 226
112 227
112 263
112 272
112 274
112 304
112 313
112 328
112 332
112 337
112 341
112 359
112 387
113 136
113 141
113 159
113 170
113 208
113 216
113 242
113 254
113 271
113 291
113 311
113 326
113 335
113 347
113 370
114 145
114 171
114 205
114 232
114 281
114 286
114 309
114 376
115 151
115 185
115 199
115 209
115 211
115 224
115 226
115 227
115 248
115 261
115 263
115 272
115 274
115 288
115 313
115 328
115 337
115 339
115 341
115 346
115 354
115 359
115 387
116 134
116 135
116 150
116 158
116 203
116 204
116 218
116 246
116 268
116 269
116 277
116 282
116 285
116 293
116 295
116 317
116 327
116 331
116 338
116 343
116 383
116 384
116 394
117 126
117 137
117 167
117 176
117 180
117 183
117 186
117 215
117 223
117 275
117 278
117 280
117 336
117 345
117 351
117 361
117 362
117 365
117 367
117 381
117 399
118 125
118 131
118 153
118 157
118 172
118 202
118 225
118 230
118 250
118 255
118 260
118 262
118 264
118 266
118 299
118 330
118 342
118 392
119 128
119 132
119 146
119 148
119 161
119 182
119 197
119 212
119 235
119 240
119 247
119 284
119 304
119 307
119 329
119 356
119 358
119 379
119 391
120 169
120 217
120 246
120 247
120 264
120 266
120 276
120 285
120 289
120 306
120 331
120 354
120 383
120 385
120 391
120 394
121 201
121 220
121 302
121 312
121 320
121 321
121 340
121 353
121 395
121 396
121 398
122 220
122 296
122 302
122 334
122 395
123 133
123 155
123 191
123 193
123 230
123 279
123 282
123 294
124 165
124 207
124 229
124 231
124 287
124 290
124 318
124 349
124 375
125 172
125 217
125 250
125 255
125 260
125 264
125 266
125 289
125 298
125 299
125 330
125 342
125 373
126 137
126 152
126 167
126 175
126 180
126 183
126 186
126 192
126 251
126 275
126 278
126 280
126 336
126 351
126 352
126 361
126 362
126 365
126 367
126 380
126 381
126 399
127 151
127 164
127 185
127 209
127 210
127 248
127 261
127 288
127 298
127 339
127 346
127 373
128 146
128 182
128 212
128 228
128 235
128 240
128 244
128 258
128 284
128 329
128 356
128 357
128 358
128 360
128 382
129 138
129 139
129 162
129 174
129 188
129 192
129 195
129 206
129 223
129 257
129 275
129 308
129 350
129 361
129 365
129 381
129 399
130 142
130 169
130 211
130 224
130 226
130 227
130 247
130 263
130 272
130 304
130 306
130 313
130 328
130 332
130 337
130 341
130 354
130 359
130 385
130 387
130 391
131 153
131 157
131 187
131 202
131 225
131 230
131 250
131 255
131 260
131 262
131 297
131 299
131 310
131 330
131 342
131 348
131 392
132 136
132 141
132 142
132 146
132 213
132 263
132 291
132 300
132 304
132 307
132 326
132 332
132 347
132 356
133 140
133 155
133 158
133 190
133 196
133 237
133 279
133 282
133 294
133 372
133 374
134 135
134 203
134 218
134 230
134 246
134 255
134 260
134 264
134 266
134 269
134 282
134 285
134 295
134 299
134 327
134 338
134 383
134 394
135 150
135 158
135 203
135 204
135 218
135 246
135 268
135 269
135 277
135 282
135 285
135 293
135 295
135 317
135 327
135 331
135 338
135 343
135 383
135 384
135 394
136 141
136 142
136 146
136 159
136 213
136 242
136 271
136 291
136 300
136 304
136 307
136 311
136 326
136 332
136 335
136 347
136 370
137 152
137 167
137 175
137 180
137 183
137 186
137 251
137 278
137 280
137 336
137 351
137 352
137 362
137 367
137 380
138 139
138 162
138 174
138 188
138 192
138 195
138 206
138 223
138 308
138 336
138 350
138 365
138 381
139 150
139 158
139 162
139 174
139 188
139 192
139 195
139 204
139 206
139 214
139 223
139 257
139 277
139 308
139 317
139 350
139 365
139 381
139 388
139 390
140 166
140 176
140 190
140 196
140 237
140 279
140 369
140 372
140 374
141 142
141 159
141 213
141 242
141 271
141 291
141 300
141 304
141 307
141 311
141 326
141 332
141 335
141 347
141 370
142 211
142 224
142 226
142 227
142 263
142 271
142 272
142 274
142 291
142 304
142 307
142 328
142 332
142 337
142 341
142 347
142 359
142 387
143 191
143 193
143 234
143 243
143 253
143 283
143 319
143 378
143 393
144 159
144 244
144 315
144 326
144 357
144 360
145 171
145 177
145 205
145 233
145 239
145 252
145 286
145 303
145 305
145 309
145 322
145 325
145 376
146 182
146 212
146 213
146 235
146 240
146 284
146 300
146 304
146 307
146 315
146 326
146 356
146 357
146 360
146 382
147 156
147 168
147 173
147 198
147 215
147 241
147 301
147 324
147 345
148 161
148 197
148 203
148 212
148 240
148 247
148 267
148 276
148 329
148 331
148 343
148 358
148 364
148 368
148 379
148 391
149 166
149 193
149 323
149 344
149 374
149 378
150 158
150 204
150 206
150 214
150 257
150 268
150 277
150 293
150 295
150 317
150 338
150 350
150 384
150 397
151 185
151 199
151 209
151 211
151 248
151 261
151 288
151 298
151 339
151 346
152 175
152 183
152 186
152 251
152 280
152 336
152 351
152 352
152 367
152 380
153 157
153 187
153 202
153 225
153 230
153 250
153 255
153 262
153 297
153 299
153 310
153 330
153 348
153 375
153 392
154 161
154 181
154 197
154 200
154 245
154 256
154 259
154 267
154 268
154 293
154 364
154 368
154 377
154 384
154 397
155 190
155 191
155 193
155 230
155 279
155 282
155 294
155 374
156 173
156 198
156 241
156 301
156 323
156 324
156 369
157 187
157 202
157 225
157 230
157 250
157 255
157 262
157 297
157 299
157 310
157 330
157 342
157 348
157 375
157 392
158 204
158 206
158 214
158 257
158 277
158 295
158 308
158 317
158 350
159 213
159 242
159 291
159 300
159 311
159 315
159 326
159 335
160 179
160 194
160 222
160 232
160 238
160 286
160 302
160 303
160 305
160 314
160 334
160 340
160 366
160 398
161 197
161 212
161 240
161 247
161 258
161 267
161 329
161 358
161 364
161 368
161 379
161 391
162 174
162 188
162 192
162 195
162 322
162 388
162 390
163 178
163 179
163 189
163 194
163 222
163 265
163 270
163 312
163 340
163 363
163 366
163 371
163 386
163 389
164 210
164 219
164 221
164 236
164 248
164 290
164 298
164 333
164 373
165 207
165 231
165 318
165 349
165 355
165 375
166 190
166 193
166 196
166 237
166 279
166 323
166 344
166 369
166 372
166 374
166 378
167 176
167 180
167 183
167 223
167 275
167 278
167 336
167 345
167 361
167 362
167 365
167 367
167 381
167 399
168 173
168 184
168 215
168 273
168 324
169 217
169 224
169 226
169 247
169 276
169 289
169 306
169 313
169 328
169 354
169 359
169 385
169 391
170 208
170 216
170 254
170 271
170 291
170 311
170 370
171 177
171 233
171 239
171 249
171 252
171 309
171 325
171 376
172 221
172 250
172 260
172 264
172 298
172 299
172 330
172 342
172 373
173 198
173 215
173 241
173 301
173 323
173 324
173 345
173 369
174 188
174 192
174 195
174 206
174 214
174 223
174 257
174 308
174 317
174 350
174 365
174 381
174 388
174 390
175 183
175 233
175 239
175 249
175 251
175 252
175 336
175 351
175 352
175 367
175 380
176 180
176 190
176 196
176 198
176 223
176 237
176 241
176 275
176 361
176 362
176 365
176 369
176 372
176 399
177 233
177 239
177 249
177 252
177 309
177 325
177 376
178 179
178 189
178 194
178 222
178 238
178 245
178 265
178 270
178 303
178 305
178 314
178 322
178 363
178 366
178 386
178 389
179 189
179 194
179 222
179 238
179 265
179 270
179 303
179 305
179 314
179 363
179 366
179 386
179 389
179 398
180 183
180 186
180 223
180 275
180 278
180 336
180 345
180 361
180 362
180 365
180 367
180 381
180 399
181 188
181 200
181 204
181 214
181 245
181 256
181 259
181 267
181 268
181 293
181 317
181 368
181 384
181 388
181 390
181 397
182 212
182 228
182 235
182 240
182 244
182 284
182 300
182 315
182 356
182 357
182 360
182 382
183 186
183 251
183 278
183 280
183 336
183 351
183 352
183 367
183 380
184 215
184 273
185 199
185 209
185 211
185 224
185 226
185 227
185 248
185 261
185 272
185 288
185 306
185 313
185 328
185 337
185 339
185 341
185 346
185 354
185 359
185 387
186 215
186 251
186 273
186 278
186 280
186 336
186 345
186 351
186 367
186 380
187 202
187 225
187 255
187 262
187 283
187 297
187 310
187 318
187 330
187 348
187 375
187 392
187 393
188 195
188 204
188 214
188 257
188 277
188 308
188 317
188 388
188 390
189 194
189 222
189 245
189 259
189 265
189 270
189 322
189 363
189 371
189 386
189 389
190 196
190 237
190 279
190 323
190 344
190 369
190 372
190 374
191 193
191 234
191 243
191 253
191 319
191 344
191 348
191 378
192 195
192 223
192 308
192 336
192 365
192 381
193 234
193 253
193 279
193 344
193 374
193 378
194 222
194 238
194 265
194 270
194 303
194 305
194 314
194 363
194 366
194 371
194 386
194 389
195 206
195 214
195 257
195 308
195 317
195 350
195 381
195 388
195 390
196 237
196 279
196 323
196 369
196 372
196 374
197 200
197 212
197 240
197 247
197 258
197 267
197 329
197 356
197 358
197 364
197 368
197 379
197 391
198 215
198 241
198 301
198 323
198 324
198 345
198 369
199 209
199 211
199 224
199 227
199 248
199 261
199 263
199 272
199 274
199 288
199 313
199 332
199 337
199 339
199 341
199 346
199 359
199 387
200 245
200 256
200 259
200 267
200 268
200 292
200 293
200 364
200 368
200 377
200 397
201 220
201 302
201 312
201 320
201 321
201 340
201 353
201 395
201 396
201 398
202 221
202 225
202 250
202 255
202 262
202 297
202 299
202 310
202 330
202 342
202 375
202 392
203 218
203 246
203 266
203 267
203 268
203 269
203 276
203 285
203 293
203 295
203 327
203 331
203 338
203 343
203 364
203 368
203 383
203 384
203 394
203 397
204 214
204 256
204 257
204 268
204 277
204 293
204 295
204 317
204 338
204 350
204 384
204 388
204 397
205 232
205 238
205 281
205 286
205 303
205 305
205 314
205 322
205 366
205 376
206 223
206 257
206 275
206 277
206 308
206 317
206 350
206 361
206 365
206 381
206 399
207 229
207 231
207 287
207 349
207 375
208 216
208 254
208 271
208 274
208 291
208 332
208 347
208 370
209 211
209 227
209 248
209 261
209 272
209 288
209 313
209 337
209 339
209 346
210 219
210 221
210 229
210 236
210 290
210 298
210 333
210 373
211 224
211 226
211 227
211 261
211 263
211 272
211 274
211 288
211 313
211 328
211 332
211 337
211 339
211 341
211 359
211 387
212 235
212 240
212 247
212 284
212 304
212 307
212 329
212 356
212 358
212 379
212 391
213 242
213 284
213 291
213 300
213 304
213 307
213 311
213 315
213 326
213 335
213 347
213 356
214 256
214 257
214 268
214 277
214 293
214 317
214 384
214 388
214 390
214 397
215 273
215 278
215 280
215 345
215 351
215 367
216 254
216 271
216 291
216 311
216 347
216 370
217 246
217 247
217 260
217 264
217 266
217 276
217 285
217 289
217 306
217 354
217 383
217 385
217 394
218 246
218 266
218 268
218 269
218 285
218 293
218 295
218 327
218 331
218 338
218 343
218 368
218 383
218 384
218 394
219 221
219 229
219 236
219 287
219 290
219 298
219 333
219 373
220 296
220 302
220 320
220 334
220 340
220 353
220 395
220 396
220 398
221 225
221 229
221 236
221 250
221 262
221 287
221 290
221 333
222 265
222 270
222 312
222 340
222 363
222 366
222 371
222 386
222 389
222 398
223 257
223 275
223 308
223 336
223 350
223 361
223 362
223 365
223 381
223 399
224 226
224 227
224 263
224 272
224 304
224 306
224 313
224 328
224 332
224 337
224 341
224 354
224 359
224 387
225 229
225 250
225 255
225 262
225 287
225 297
225 310
225 318
225 330
225 375
225 392
226 227
226 247
226 263
226 272
226 289
226 304
226 306
226 313
226 328
226 337
226 341
226 354
226 359
226 385
226 387
226 391
227 263
227 272
227 274
227 288
227 313
227 328
227 332
227 337
227 339
227 341
227 354
227 359
227 387
228 235
228 244
228 284
228 316
228 357
228 360
228 382
229 236
229 287
229 290
229 333
229 375
230 255
230 282
230 294
230 299
230 327
230 330
230 392
231 349
232 238
232 281
232 286
232 334
232 366
232 376
233 239
233 249
233 252
233 309
233 325
233 352
234 243
234 253
234 319
234 378
235 240
235 244
235 258
235 284
235 329
235 356
235 357
235 358
235 360
235 382
236 287
236 290
236 298
236 333
236 373
237 241
237 279
237 323
237 369
237 372
237 374
238 281
238 286
238 303
238 305
238 314
238 334
238 366
239 249
239 252
239 309
239 325
239 352
240 247
240 284
240 304
240 307
240 329
240 356
240 358
240 379
240 391
241 301
241 323
241 324
241 369
242 291
242 300
242 311
242 315
242 326
242 335
242 347
243 253
243 283
243 297
243 319
243 348
243 355
243 393
244 284
244 315
244 316
244 357
244 360
244 382
245 256
245 259
245 265
245 267
245 292
245 363
245 371
245 377
245 389
246 266
246 268
246 269
246 276
246 285
246 293
246 327
246 331
246 338
246 343
246 364
246 368
246 383
246 384
246 394
247 276
247 289
247 306
247 328
247 364
247 379
247 385
247 391
248 261
248 288
248 298
248 339
248 346
248 373
249 251
249 252
249 309
249 325
249 352
250 255
250 260
250 262
250 264
250 299
250 330
250 342
250 392
251 280
251 336
251 351
251 352
251 367
251 380
252 309
252 325
252 352
253 319
253 378
254 271
254 370
255 260
255 262
255 264
255 299
255 327
255 330
255 342
255 392
256 259
256 267
256 268
256 293
256 368
256 377
256 384
256 390
256 397
257 277
257 308
257 317
257 350
257 365
257 381
257 399
258 292
258 329
258 358
258 377
258 382
259 265
259 267
259 292
259 363
259 368
259 377
259 389
259 397
260 264
260 266
260 289
260 299
260 330
260 342
260 383
260 392
260 394
261 288
261 339
261 346
262 297
262 299
262 310
262 318
262 330
262 348
262 375
262 392
263 272
263 274
263 304
263 313
263 328
263 332
263 337
263 341
263 359
263 387
264 266
264 285
264 289
264 299
264 327
264 330
264 342
264 383
264 394
265 270
265 305
265 314
265 322
265 363
265 371
265 386
265 389
266 269
266 276
266 285
266 289
266 299
266 327
266 331
266 338
266 342
266 343
266 383
266 394
267 268
267 293
267 329
267 331
267 343
267 358
267 364
267 368
267 377
267 379
267 384
267 397
268 269
268 285
268 293
268 295
268 317
268 331
268 338
268 343
268 364
268 368
268 384
268 397
269 276
269 285
269 293
269 295
269 327
269 331
269 338
269 343
269 364
269 368
269 383
269 384
269 394
269 397
270 312
270 340
270 363
270 366
270 371
270 386
270 389
271 274
271 291
271 311
271 332
271 347
271 370
272 274
272 288
272 313
272 328
272 332
272 337
272 339
272 341
272 354
272 359
272 387
273 278
273 280
273 345
273 351
273 380
274 332
274 337
274 341
274 387
275 278
275 308
275 336
275 350
275 361
275 362
275 365
275 367
275 369
275 381
275 399
276 285
276 289
276 306
276 331
276 343
276 379
276 383
276 385
276 391
276 394
277 295
277 308
277 317
277 350
277 384
278 280
278 336
278 345
278 351
278 361
278 362
278 367
278 380
279 294
279 372
279 374
280 345
280 351
280 367
280 380
281 286
281 303
281 334
281 376
282 294
282 295
282 327
283 297
283 310
283 318
283 319
283 348
283 355
283 393
284 300
284 307
284 329
284 356
284 357
284 358
284 360
284 382
285 293
285 295
285 327
285 331
285 338
285 343
285 383
285 384
285 394
286 303
286 305
286 314
286 322
286 366
286 376
287 290
287 333
287 375
288 337
288 339
288 346
289 306
289 313
289 354
289 385
290 333
291 311
291 326
291 332
291 335
291 347
291 370
292 329
292 358
292 371
292 377
292 389
293 295
293 317
293 331
293 338
293 343
293 364
293 368
293 383
293 384
293 397
295 317
295 327
295 338
295 343
295 383
295 384
295 394
296 302
296 334
296 353
296 395
296 396
296 398
297 310
297 318
297 319
297 348
297 355
297 375
297 392
297 393
298 339
298 346
298 373
299 327
299 330
299 342
299 383
299 392
299 394
300 304
300 307
300 311
300 315
300 326
300 335
300 347
300 356
300 357
301 323
301 324
302 334
302 340
302 353
302 366
302 395
302 396
302 398
303 305
303 314
303 322
303 366
304 307
304 328
304 332
304 347
304 356
304 359
304 387
305 314
305 322
305 366
306 313
306 328
306 354
306 359
306 385
307 326
307 347
307 356
308 350
308 361
308 365
308 381
308 399
309 325
309 376
310 318
310 330
310 348
310 355
310 375
310 392
310 393
311 326
311 335
311 347
311 370
312 320
312 321
312 340
312 353
312 386
312 396
312 398
313 328
313 337
313 339
313 341
313 354
313 359
313 385
313 387
314 322
314 366
315 326
315 357
315 360
317 350
317 384
317 388
317 390
317 397
318 348
318 349
318 355
318 375
318 393
319 348
319 355
319 393
320 321
320 340
320 353
320 395
320 396
321 340
321 396
322 388
322 390
323 324
323 344
323 369
323 374
325 376
326 335
326 347
327 338
327 383
327 394
328 337
328 341
328 354
328 359
328 385
328 387
328 391
329 356
329 358
329 364
329 377
329 379
329 391
330 342
330 392
331 338
331 343
331 364
331 368
331 379
331 383
331 384
331 394
331 397
332 337
332 341
332 347
332 359
332 387
333 373
334 366
334 395
334 398
335 347
335 370
336 345
336 351
336 352
336 361
336 362
336 365
336 367
336 380
336 381
336 399
337 341
337 359
337 387
338 343
338 368
338 383
338 384
338 394
338 397
339 346
339 354
339 373
340 353
340 386
340 395
340 396
340 398
341 359
341 387
342 392
343 364
343 368
343 383
343 384
343 394
343 397
344 374
344 378
345 351
345 362
345 367
346 373
347 370
348 392
348 393
349 355
349 375
350 361
350 365
350 381
350 399
351 352
351 367
351 380
352 367
352 380
353 395
353 396
353 398
354 359
354 385
355 375
355 393
356 358
356 382
356 391
357 360
357 382
358 364
358 377
358 379
358 391
359 385
359 387
360 382
361 362
361 365
361 367
361 369
361 372
361 381
361 399
362 365
362 367
362 369
362 381
362 399
363 371
363 377
363 386
363 389
364 368
364 379
364 391
364 397
365 367
365 381
365 399
366 386
366 398
367 380
367 399
368 379
368 384
368 397
369 372
369 399
371 377
371 386
371 389
372 374
374 378
377 389
379 391
381 399
383 394
384 397
385 391
386 389
388 390
395 396
395 398
396 398
