500 5417
0 20
0 49
0 212
0 226
0 264
0 269
0 292
0 357
0 362
0 369
0 415
0 449
0 451
0 462
0 472
0 476
0 486
0 493
1 4
1 27
1 28
1 32
1 36
1 46
1 51
1 61
1 107
1 137
1 139
1 152
1 160
1 207
1 210
1 243
1 260
1 268
1 274
1 302
1 305
1 318
1 324
1 354
1 365
1 367
1 374
1 402
1 471
2 3
2 14
2 22
2 76
2 134
2 140
2 216
2 224
2 258
2 290
2 291
2 312
2 326
2 330
2 340
2 361
2 389
2 452
2 496
3 14
3 22
3 76
3 134
3 140
3 216
3 224
3 258
3 290
3 291
3 326
3 330
3 340
3 361
3 389
3 452
3 496
4 27
4 28
4 32
4 36
4 46
4 51
4 61
4 112
4 139
4 152
4 160
4 173
4 184
4 205
4 207
4 210
4 243
4 260
4 268
4 302
4 318
4 365
4 367
4 380
4 402
4 416
4 489
5 29
5 43
5 77
5 86
5 100
5 103
5 129
5 142
5 145
5 172
5 175
5 191
5 204
5 211
5 215
5 218
5 263
5 267
5 277
5 288
5 319
5 323
5 345
5 362
5 381
5 403
5 407
5 411
5 446
5 450
5 463
5 482
6 50
6 52
6 72
6 73
6 74
6 82
6 84
6 86
6 166
6 201
6 206
6 254
6 284
6 319
6 368
6 377
6 428
6 450
6 454
6 459
6 466
6 468
6 498
6 499
7 10
7 41
7 42
7 60
7 62
7 66
7 67
7 79
7 110
7 119
7 171
7 174
7 199
7 238
7 274
7 280
7 299
7 311
7 324
7 352
7 378
7 383
7 424
7 441
7 453
7 457
7 491
8 48
8 237
8 248
8 249
8 310
8 425
8 464
9 19
9 83
9 92
9 94
9 144
9 156
9 170
9 187
9 261
9 262
9 273
9 293
9 304
9 363
9 375
9 384
9 422
9 488
10 38
10 41
10 62
10 63
10 66
10 79
10 171
10 238
10 245
10 282
10 299
10 336
10 352
10 378
10 383
10 453
10 481
10 491
11 39
11 78
11 135
11 155
11 221
11 239
11 247
11 321
11 353
11 379
11 394
11 395
11 462
12 31
12 34
12 59
12 80
12 97
12 112
12 164
12 184
12 192
12 200
12 208
12 219
12 229
12 235
12 251
12 256
12 283
12 303
12 320
12 327
12 342
12 380
12 386
12 396
12 426
12 427
12 435
12 456
12 489
13 26
13 69
13 91
13 113
13 118
13 149
13 151
13 163
13 220
13 228
13 278
13 360
13 420
13 430
13 434
13 439
13 448
14 76
14 140
14 176
14 197
14 224
14 258
14 290
14 291
14 312
14 326
14 330
14 340
14 361
14 385
14 389
14 405
14 442
14 467
14 478
14 487
14 496
15 23
15 89
15 106
15 123
15 150
15 153
15 154
15 167
15 231
15 242
15 276
15 281
15 285
15 313
15 315
15 344
15 359
15 433
15 470
15 485
16 17
16 23
16 88
16 96
16 114
16 123
16 198
16 217
16 242
16 244
16 272
16 276
16 281
16 285
16 359
16 423
16 470
17 23
17 47
17 55
17 88
17 96
17 108
17 114
17 120
17 159
17 190
17 198
17 214
17 217
17 222
17 236
17 244
17 270
17 272
17 275
17 285
17 307
17 308
17 337
17 355
17 359
17 388
17 398
17 423
17 470
17 474
18 21
18 65
18 75
18 95
18 130
18 143
18 177
18 179
18 232
18 233
18 294
18 295
18 314
18 322
18 358
18 364
18 413
18 419
18 429
18 469
18 483
18 490
19 44
19 82
19 83
19 92
19 94
19 144
19 156
19 170
19 185
19 187
19 206
19 252
19 254
19 261
19 262
19 273
19 293
19 363
19 370
19 375
19 384
19 422
19 428
19 488
19 498
20 31
20 34
20 49
20 59
20 80
20 97
20 164
20 200
20 212
20 219
20 226
20 229
20 264
20 292
20 342
20 369
20 382
20 390
20 396
20 426
20 451
20 472
20 476
20 486
21 45
21 75
21 130
21 143
21 147
21 158
21 161
21 177
21 179
21 227
21 232
21 295
21 329
21 333
21 358
21 364
21 399
21 413
21 419
21 445
21 483
22 53
22 69
22 134
22 140
22 181
22 216
22 224
22 326
22 330
22 340
22 361
22 389
22 452
22 496
23 88
23 96
23 106
23 108
23 114
23 123
23 150
23 153
23 198
23 217
23 242
23 244
23 272
23 276
23 281
23 285
23 344
23 359
23 423
23 433
23 470
24 26
24 35
24 58
24 64
24 71
24 115
24 138
24 149
24 163
24 182
24 196
24 265
24 297
24 298
24 377
24 404
24 410
24 421
24 443
24 458
24 461
25 41
25 42
25 62
25 66
25 79
25 104
25 117
25 171
25 178
25 188
25 245
25 280
25 299
25 346
25 352
25 406
25 424
25 436
25 453
25 477
25 491
26 35
26 71
26 146
26 148
26 149
26 163
26 182
26 223
26 228
26 265
26 278
26 297
26 360
26 410
26 430
26 431
26 439
26 448
27 28
27 32
27 36
27 51
27 61
27 67
27 107
27 119
27 152
27 210
27 237
27 260
27 268
27 274
27 302
27 305
27 311
27 318
27 324
27 354
27 367
27 374
27 402
27 441
27 457
28 32
28 36
28 51
28 61
28 152
28 160
28 173
28 205
28 207
28 210
28 237
28 243
28 260
28 268
28 302
28 318
28 351
28 367
28 402
28 425
28 464
29 43
29 74
29 77
29 86
29 100
29 103
29 142
29 145
29 172
29 175
29 191
29 204
29 211
29 215
29 218
29 263
29 267
29 277
29 288
29 296
29 319
29 323
29 345
29 381
29 403
29 407
29 411
29 450
29 454
29 463
29 482
30 102
30 104
30 117
30 159
30 178
30 188
30 236
30 271
30 308
30 406
30 436
30 477
31 34
31 80
31 131
31 164
31 168
31 200
31 212
31 219
31 226
31 229
31 251
31 306
31 342
31 369
31 396
31 426
31 427
31 438
31 451
31 472
31 475
31 476
31 486
32 36
32 46
32 51
32 61
32 107
32 137
32 139
32 152
32 160
32 207
32 210
32 260
32 268
32 302
32 318
32 354
32 365
32 367
32 380
32 402
32 416
32 435
32 471
32 484
32 489
33 39
33 49
33 57
33 90
33 95
33 122
33 135
33 253
33 264
33 292
33 294
33 322
33 382
33 390
33 391
33 394
33 429
33 469
33 472
33 473
33 490
34 59
34 80
34 97
34 112
34 164
34 184
34 192
34 200
34 208
34 219
34 227
34 229
34 235
34 251
34 256
34 283
34 303
34 320
34 327
34 342
34 380
34 386
34 396
34 401
34 426
34 427
34 435
34 451
34 456
35 64
35 71
35 115
35 128
35 149
35 163
35 182
35 223
35 265
35 297
35 404
35 409
35 410
35 421
35 443
35 458
36 46
36 51
36 107
36 119
36 137
36 139
36 152
36 169
36 210
36 260
36 274
36 302
36 305
36 311
36 318
36 324
36 354
36 365
36 367
36 374
36 402
36 457
36 471
37 125
37 158
37 177
37 202
37 208
37 227
37 230
37 256
37 259
37 289
37 301
37 309
37 320
37 335
37 356
37 371
37 376
37 386
37 418
37 445
37 479
37 480
38 41
38 63
38 66
38 79
38 109
38 171
38 180
38 245
38 282
38 336
38 352
38 378
38 383
38 447
38 453
38 481
39 57
39 78
39 122
39 135
39 221
39 253
39 269
39 292
39 321
39 353
39 379
39 390
39 391
39 394
39 395
39 415
39 449
39 462
39 473
40 54
40 82
40 84
40 93
40 94
40 101
40 136
40 141
40 193
40 194
40 209
40 213
40 234
40 279
40 293
40 296
40 304
40 370
40 384
40 400
40 465
41 42
41 62
41 63
41 66
41 79
41 109
41 171
41 238
41 245
41 280
41 299
41 336
41 346
41 352
41 378
41 383
41 406
41 424
41 453
41 477
41 481
41 491
42 60
42 62
42 66
42 67
42 99
42 102
42 104
42 110
42 119
42 174
42 178
42 190
42 199
42 225
42 238
42 274
42 280
42 299
42 352
42 424
42 436
42 441
42 453
42 457
42 477
42 491
43 54
43 56
43 81
43 132
43 142
43 145
43 191
43 204
43 215
43 218
43 263
43 267
43 277
43 288
43 323
43 343
43 345
43 348
43 393
43 397
43 407
43 411
43 446
43 455
43 460
43 494
44 83
44 92
44 118
44 121
44 144
44 156
44 170
44 185
44 187
44 189
44 196
44 252
44 261
44 262
44 273
44 363
44 375
44 422
44 428
44 488
44 492
44 498
45 125
45 158
45 161
45 179
45 232
45 329
45 333
45 339
45 399
45 414
46 51
46 68
46 137
46 139
46 152
46 160
46 207
46 302
46 306
46 318
46 354
46 365
46 380
46 416
46 435
46 471
46 484
46 489
47 55
47 88
47 96
47 106
47 108
47 120
47 150
47 153
47 165
47 198
47 214
47 222
47 240
47 270
47 275
47 285
47 307
47 316
47 332
47 355
47 359
47 388
47 398
47 423
47 437
47 474
48 124
48 237
48 243
48 248
48 249
48 260
48 268
48 310
48 351
48 425
48 464
49 59
49 97
49 219
49 226
49 264
49 292
49 294
49 369
49 382
49 390
49 391
49 401
49 415
49 451
49 469
49 472
49 473
49 476
49 486
49 490
50 73
50 74
50 86
50 103
50 105
50 133
50 166
50 201
50 266
50 284
50 319
50 350
50 357
50 403
50 450
50 454
50 459
50 466
50 468
50 493
50 499
51 68
51 107
51 137
51 139
51 152
51 160
51 207
51 210
51 260
51 302
51 305
51 318
51 354
51 365
51 367
51 402
51 416
51 471
51 484
51 489
52 73
52 74
52 82
52 84
52 86
52 166
52 187
52 206
52 254
52 296
52 319
52 368
52 370
52 450
52 454
52 463
52 482
52 498
53 69
53 91
53 113
53 134
53 151
53 181
53 216
53 220
53 387
53 420
53 434
53 452
54 81
54 93
54 101
54 132
54 136
54 141
54 193
54 194
54 204
54 209
54 213
54 215
54 234
54 250
54 267
54 277
54 279
54 287
54 288
54 296
54 343
54 348
54 393
54 407
54 446
54 460
54 497
55 88
55 96
55 106
55 108
55 120
55 128
55 150
55 153
55 165
55 198
55 214
55 222
55 240
55 270
55 281
55 285
55 307
55 316
55 332
55 344
55 388
55 392
55 409
55 437
55 474
56 81
56 132
56 203
56 257
56 263
56 267
56 277
56 286
56 287
56 343
56 393
56 397
56 407
56 446
56 455
56 460
56 494
57 90
57 122
57 135
57 253
57 321
57 322
57 379
57 391
57 394
57 395
57 473
57 490
58 64
58 72
58 87
58 115
58 116
58 138
58 157
58 182
58 186
58 246
58 298
58 341
58 347
58 349
58 366
58 377
58 404
58 410
58 440
58 443
58 444
58 458
58 461
58 466
59 80
59 97
59 130
59 143
59 177
59 192
59 219
59 227
59 256
59 264
59 295
59 320
59 342
59 382
59 386
59 390
59 401
59 451
59 456
59 469
59 483
60 62
60 67
60 99
60 107
60 110
60 119
60 169
60 174
60 199
60 238
60 274
60 280
60 305
60 311
60 324
60 352
60 374
60 441
60 453
60 457
61 152
61 160
61 173
61 205
61 207
61 210
61 237
61 243
61 260
61 268
61 302
61 318
61 351
61 367
61 402
61 425
61 464
62 66
62 67
62 79
62 102
62 104
62 110
62 171
62 178
62 199
62 238
62 280
62 299
62 346
62 352
62 383
62 406
62 424
62 436
62 441
62 453
62 477
62 491
63 79
63 109
63 171
63 180
63 245
63 336
63 346
63 378
63 383
63 447
63 481
64 72
64 73
64 87
64 115
64 138
64 182
64 196
64 298
64 377
64 404
64 410
64 421
64 443
64 444
64 458
64 461
64 466
65 90
65 95
65 233
65 253
65 294
65 314
65 322
65 358
65 429
65 490
66 67
66 79
66 110
66 171
66 238
66 245
66 280
66 299
66 336
66 346
66 352
66 378
66 383
66 424
66 453
66 491
67 107
67 110
67 119
67 171
67 174
67 199
67 238
67 274
67 280
67 311
67 324
67 352
67 374
67 378
67 441
67 453
67 457
68 85
68 111
68 126
68 137
68 139
68 183
68 186
68 300
68 317
68 354
68 365
68 412
68 417
68 438
68 471
68 484
69 91
69 134
69 151
69 181
69 216
69 224
69 228
69 278
69 360
69 361
69 389
69 420
69 430
69 434
69 439
69 448
69 452
70 124
70 173
70 202
70 230
70 289
70 335
70 351
70 356
70 371
70 376
70 425
70 479
71 128
71 146
71 148
71 149
71 163
71 182
71 223
71 265
71 297
71 332
71 360
71 392
71 409
71 410
71 430
71 431
72 73
72 87
72 133
72 138
72 166
72 196
72 284
72 298
72 368
72 377
72 404
72 421
72 458
72 459
72 461
72 466
72 468
72 498
72 499
73 74
73 133
73 138
73 166
73 196
73 206
73 284
73 298
73 368
73 377
73 428
73 458
73 459
73 461
73 466
73 468
73 498
73 499
74 82
74 84
74 86
74 100
74 103
74 166
74 201
74 206
74 211
74 266
74 284
74 319
74 350
74 403
74 411
74 450
74 454
74 463
74 468
74 482
75 95
75 130
75 143
75 147
75 161
75 177
75 179
75 232
75 233
75 294
75 295
75 314
75 322
75 358
75 364
75 373
75 413
75 419
75 429
75 483
76 140
76 176
76 258
76 290
76 291
76 312
76 326
76 330
76 340
76 385
76 389
76 405
76 467
76 487
76 496
77 86
77 100
77 103
77 129
77 142
77 145
77 172
77 175
77 191
77 211
77 218
77 263
77 288
77 323
77 345
77 353
77 357
77 362
77 381
77 403
77 411
77 449
77 462
77 463
77 482
78 129
78 135
78 155
78 175
78 221
78 239
78 247
78 269
78 321
78 353
78 379
78 394
78 395
78 415
78 449
78 462
79 109
79 171
79 238
79 245
79 280
79 282
79 299
79 336
79 346
79 352
79 378
79 383
79 424
79 453
79 481
79 491
80 97
80 164
80 177
80 192
80 200
80 208
80 219
80 227
80 229
80 235
80 251
80 256
80 283
80 295
80 303
80 320
80 327
80 342
80 386
80 401
80 451
80 456
80 483
81 132
81 142
81 191
81 203
81 215
81 257
81 263
81 267
81 277
81 286
81 287
81 343
81 348
81 393
81 397
81 407
81 446
81 455
81 460
81 494
81 497
82 84
82 92
82 94
82 136
82 156
82 187
82 206
82 209
82 254
82 273
82 293
82 296
82 319
82 368
82 370
82 384
82 450
82 498
83 92
83 94
83 144
83 156
83 170
83 187
83 254
83 261
83 262
83 273
83 293
83 304
83 363
83 375
83 384
83 422
83 488
84 94
84 136
84 156
84 187
84 204
84 206
84 209
84 254
84 293
84 296
84 319
84 370
84 450
84 463
84 482
84 498
85 111
85 126
85 137
85 169
85 186
85 241
85 255
85 300
85 328
85 366
85 372
85 412
85 417
85 471
85 484
85 495
86 100
86 103
86 145
86 166
86 172
86 201
86 211
86 218
86 266
86 284
86 319
86 350
86 357
86 362
86 381
86 403
86 411
86 450
86 454
86 463
86 468
86 482
87 105
87 116
87 133
87 138
87 157
87 186
87 246
87 298
87 341
87 347
87 349
87 377
87 432
87 440
87 444
87 459
87 461
87 466
87 499
88 96
88 108
88 114
88 120
88 123
88 159
88 190
88 198
88 217
88 222
88 236
88 244
88 270
88 272
88 285
88 308
88 337
88 355
88 359
88 388
88 398
88 423
88 470
89 98
89 127
89 154
89 167
89 195
89 231
89 242
89 313
89 315
89 325
89 385
89 433
89 442
89 485
89 487
90 95
90 122
90 135
90 233
90 253
90 294
90 314
90 322
90 391
90 394
90 429
90 469
90 473
90 490
91 113
91 134
91 151
91 181
91 189
91 216
91 220
91 387
91 420
91 434
91 448
91 452
92 94
92 144
92 156
92 170
92 187
92 254
92 261
92 262
92 273
92 293
92 304
92 363
92 370
92 375
92 384
92 422
92 488
93 101
93 136
93 141
93 193
93 194
93 209
93 213
93 234
93 250
93 279
93 348
93 400
93 465
94 136
94 156
94 187
94 206
94 209
94 254
94 273
94 293
94 304
94 363
94 370
94 384
94 400
94 422
94 488
95 130
95 143
95 233
95 253
95 294
95 295
95 314
95 322
95 358
95 382
95 390
95 391
95 429
95 469
95 473
95 490
96 106
96 108
96 114
96 120
96 123
96 150
96 153
96 198
96 217
96 222
96 242
96 244
96 270
96 272
96 276
96 281
96 285
96 316
96 337
96 344
96 355
96 359
96 388
96 398
96 423
96 470
96 474
97 130
97 143
97 177
97 192
97 219
97 227
97 264
97 292
97 294
97 295
97 320
97 342
97 382
97 390
97 401
97 429
97 451
97 469
97 472
97 483
97 486
97 490
98 146
98 148
98 154
98 176
98 195
98 197
98 223
98 231
98 312
98 313
98 315
98 325
98 338
98 385
98 405
98 431
98 442
98 467
98 478
98 485
98 487
99 102
99 104
99 110
99 159
99 169
99 174
99 178
99 190
99 199
99 225
99 236
99 270
99 271
99 275
99 280
99 308
99 355
99 372
99 398
99 436
99 495
100 103
100 142
100 145
100 172
100 175
100 201
100 204
100 211
100 218
100 288
100 319
100 323
100 345
100 350
100 357
100 362
100 381
100 403
100 411
100 449
100 450
100 454
100 463
100 482
101 136
101 141
101 193
101 194
101 209
101 213
101 215
101 234
101 250
101 279
101 331
101 343
101 348
101 393
101 400
101 408
101 465
101 497
102 104
102 110
102 117
102 159
102 174
102 178
102 188
102 190
102 199
102 225
102 236
102 271
102 280
102 308
102 337
102 355
102 398
102 424
102 436
102 477
103 145
103 172
103 175
103 201
103 211
103 218
103 266
103 269
103 350
103 357
103 362
103 381
103 403
103 411
103 449
103 454
103 463
103 482
104 117
104 159
104 178
104 188
104 190
104 225
104 236
104 271
104 280
104 299
104 308
104 337
104 398
104 406
104 424
104 436
104 477
104 491
105 116
105 131
105 133
105 157
105 168
105 183
105 186
105 266
105 284
105 317
105 341
105 347
105 349
105 432
105 444
105 459
105 461
105 466
105 468
105 493
105 499
106 108
106 120
106 123
106 146
106 150
106 153
106 154
106 165
106 198
106 222
106 231
106 240
106 242
106 281
106 285
106 307
106 315
106 316
106 332
106 344
106 359
106 392
106 423
106 433
106 437
106 470
106 474
106 485
107 119
107 152
107 169
107 210
107 260
107 274
107 302
107 305
107 311
107 318
107 324
107 354
107 367
107 374
107 402
107 441
107 457
107 471
108 114
108 120
108 153
108 165
108 198
108 214
108 222
108 240
108 270
108 275
108 285
108 307
108 316
108 337
108 355
108 359
108 388
108 398
108 423
108 437
108 474
109 180
109 245
109 336
109 346
109 447
109 481
110 119
110 169
110 174
110 199
110 238
110 274
110 280
110 299
110 305
110 311
110 324
110 352
110 374
110 424
110 441
110 453
110 457
111 116
111 126
111 137
111 157
111 186
111 241
111 246
111 255
111 300
111 328
111 341
111 347
111 366
111 372
111 412
111 417
111 471
111 484
111 495
112 139
112 160
112 173
112 184
112 192
112 200
112 202
112 205
112 207
112 208
112 230
112 235
112 251
112 259
112 283
112 301
112 302
112 303
112 327
112 342
112 365
112 380
112 416
112 418
112 435
112 456
112 480
112 489
113 118
113 121
113 151
113 181
113 185
113 189
113 220
113 228
113 252
113 278
113 387
113 420
113 434
113 448
113 492
114 159
114 198
114 217
114 236
114 244
114 272
114 276
114 308
114 337
114 355
114 359
114 398
114 423
114 470
115 128
115 138
115 157
115 182
115 246
115 265
115 297
115 298
115 341
115 349
115 366
115 392
115 404
115 409
115 410
115 440
115 443
115 444
115 458
115 461
116 126
116 157
116 183
116 186
116 241
116 246
116 317
116 341
116 347
116 349
116 366
116 432
116 440
116 444
117 159
117 178
117 188
117 271
117 299
117 308
117 346
117 406
117 424
117 436
117 477
117 491
118 121
118 144
118 149
118 151
118 163
118 185
118 189
118 220
118 228
118 252
118 261
118 375
118 387
118 420
118 488
118 492
119 169
119 174
119 199
119 238
119 274
119 305
119 311
119 324
119 374
119 441
119 453
119 457
120 153
120 165
120 198
120 214
120 222
120 240
120 255
120 270
120 275
120 307
120 316
120 328
120 332
120 355
120 388
120 392
120 409
120 437
120 474
121 144
121 151
121 170
121 185
121 189
121 220
121 252
121 261
121 262
121 375
121 387
121 422
121 488
121 492
122 135
122 221
122 253
122 292
122 321
122 379
122 391
122 394
122 395
122 473
122 490
123 150
123 153
123 154
123 167
123 198
123 231
123 242
123 244
123 276
123 281
123 285
123 315
123 344
123 359
123 423
123 433
123 437
123 470
123 485
124 173
124 202
124 230
124 243
124 248
124 351
124 356
124 371
124 376
124 425
124 479
125 158
125 161
125 289
125 309
125 329
125 333
125 335
125 356
125 399
125 414
125 445
125 479
126 137
126 157
126 183
126 186
126 241
126 246
126 300
126 317
126 341
126 347
126 349
126 366
126 412
126 417
126 438
126 440
126 444
126 484
127 167
127 176
127 195
127 312
127 313
127 325
127 385
127 405
127 442
127 467
127 478
127 487
128 165
128 182
128 240
128 265
128 297
128 307
128 316
128 332
128 366
128 392
128 404
128 409
128 443
128 474
129 142
129 145
129 155
129 172
129 175
129 191
129 203
129 218
129 239
129 247
129 257
129 263
129 267
129 277
129 286
129 323
129 334
129 345
129 353
129 381
129 449
129 455
130 143
130 177
130 227
130 232
130 256
130 294
130 295
130 358
130 364
130 386
130 401
130 419
130 429
130 445
130 469
130 483
130 490
131 133
131 168
131 183
131 212
131 266
131 317
131 396
131 426
131 432
131 438
131 459
131 475
131 493
132 142
132 191
132 193
132 203
132 215
132 257
132 263
132 267
132 277
132 287
132 343
132 348
132 393
132 397
132 407
132 446
132 455
132 460
132 494
132 497
133 166
133 168
133 201
133 266
133 284
133 350
133 432
133 454
133 459
133 466
133 468
133 493
133 499
134 181
134 216
134 224
134 326
134 330
134 340
134 361
134 389
134 452
134 496
135 221
135 253
135 292
135 321
135 353
135 379
135 391
135 394
135 395
135 462
135 473
136 141
136 156
136 193
136 194
136 204
136 209
136 234
136 254
136 279
136 293
136 296
136 370
136 384
136 400
137 139
137 160
137 306
137 317
137 318
137 354
137 365
137 416
137 438
137 471
137 484
137 489
138 182
138 196
138 298
138 349
138 368
138 377
138 404
138 410
138 421
138 444
138 458
138 461
138 466
138 499
139 152
139 160
139 207
139 283
139 302
139 306
139 318
139 327
139 354
139 365
139 380
139 416
139 427
139 435
139 471
139 484
139 489
140 176
140 197
140 224
140 258
140 290
140 291
140 312
140 326
140 330
140 340
140 361
140 385
140 389
140 405
140 467
140 487
140 496
141 193
141 194
141 209
141 213
141 215
141 234
141 250
141 279
141 296
141 348
141 393
141 400
141 465
141 497
142 145
142 172
142 175
142 191
142 203
142 211
142 215
142 218
142 239
142 247
142 257
142 263
142 267
142 277
142 286
142 288
142 323
142 334
142 345
142 381
142 407
142 411
142 446
142 455
143 177
143 227
143 232
143 233
143 294
143 295
143 314
143 322
143 358
143 364
143 401
143 413
143 419
143 429
143 469
143 483
143 490
144 170
144 185
144 189
144 252
144 261
144 262
144 363
144 375
144 387
144 422
144 488
144 492
145 172
145 175
145 191
145 204
145 211
145 218
145 263
145 267
145 277
145 288
145 323
145 345
145 362
145 381
145 403
145 411
145 449
145 463
145 482
146 148
146 150
146 153
146 154
146 195
146 223
146 231
146 240
146 265
146 297
146 315
146 332
146 338
146 344
146 392
146 409
146 431
146 437
146 478
146 485
147 161
147 162
147 179
147 232
147 339
147 373
147 413
147 419
148 154
148 195
148 197
148 223
148 231
148 278
148 297
148 338
148 360
148 385
148 430
148 431
148 439
148 442
148 448
148 467
148 478
148 487
149 151
149 163
149 228
149 252
149 278
149 297
149 360
149 410
149 420
149 421
149 430
149 434
149 448
149 458
150 153
150 154
150 165
150 195
150 198
150 222
150 231
150 240
150 242
150 281
150 285
150 315
150 316
150 332
150 344
150 359
150 392
150 433
150 437
150 470
150 474
150 485
151 163
151 181
151 185
151 189
151 220
151 228
151 252
151 278
151 387
151 420
151 434
151 448
151 492
152 160
152 173
152 205
152 207
152 210
152 243
152 260
152 268
152 302
152 318
152 354
152 365
152 367
152 402
152 416
152 489
153 154
153 165
153 198
153 222
153 231
153 240
153 242
153 281
153 285
153 307
153 315
153 316
153 332
153 344
153 359
153 388
153 392
153 423
153 433
153 437
153 470
153 474
153 485
154 167
154 195
154 223
154 231
154 242
154 281
154 285
154 313
154 315
154 325
154 332
154 344
154 431
154 433
154 437
154 442
154 478
154 485
155 175
155 191
155 203
155 221
155 239
155 247
155 257
155 286
155 321
155 334
155 353
155 379
155 395
155 449
155 462
156 170
156 187
156 206
156 254
156 261
156 273
156 293
156 304
156 363
156 370
156 384
156 422
156 428
156 488
157 183
157 186
157 241
157 246
157 317
157 341
157 347
157 349
157 366
157 417
157 432
157 440
157 443
157 444
157 461
158 177
158 227
158 232
158 256
158 289
158 301
158 309
158 320
158 329
158 333
158 335
158 356
158 364
158 386
158 399
158 414
158 418
158 445
158 479
158 480
159 178
159 188
159 190
159 217
159 225
159 236
159 270
159 271
159 272
159 308
159 337
159 355
159 398
159 436
159 477
160 184
160 205
160 207
160 208
160 235
160 251
160 283
160 302
160 303
160 318
160 327
160 365
160 367
160 380
160 402
160 416
160 427
160 435
160 489
161 162
161 179
161 232
161 329
161 333
161 339
161 364
161 373
161 399
161 413
161 414
161 419
162 179
162 339
162 373
162 413
163 182
163 228
163 278
163 297
163 360
163 410
163 420
163 421
163 430
163 434
163 448
163 458
164 192
164 200
164 212
164 219
164 229
164 235
164 251
164 283
164 303
164 306
164 342
164 369
164 396
164 426
164 427
164 438
164 451
164 475
164 476
164 486
165 198
165 214
165 222
165 240
165 307
165 316
165 332
165 388
165 392
165 409
165 437
165 474
166 201
166 206
166 266
166 284
166 319
166 350
166 368
166 377
166 403
166 450
166 454
166 459
166 466
166 468
166 498
166 499
167 231
167 242
167 276
167 281
167 313
167 315
167 325
167 344
167 433
167 470
167 485
168 183
168 212
168 306
168 317
168 396
168 426
168 432
168 438
168 459
168 475
168 493
169 174
169 199
169 274
169 275
169 300
169 305
169 324
169 328
169 354
169 372
169 374
169 412
169 457
169 471
169 495
170 185
170 189
170 261
170 262
170 273
170 293
170 363
170 375
170 384
170 422
170 488
170 492
171 238
171 245
171 280
171 282
171 299
171 336
171 346
171 352
171 378
171 383
171 424
171 441
171 453
171 481
171 491
172 175
172 191
172 204
172 211
172 218
172 263
172 267
172 288
172 319
172 323
172 345
172 350
172 357
172 362
172 381
172 403
172 411
172 449
172 450
172 454
172 463
172 482
173 202
173 205
173 207
173 230
173 243
173 248
173 259
173 260
173 268
173 351
173 367
173 371
173 376
173 402
173 425
174 199
174 225
174 238
174 274
174 280
174 305
174 324
174 374
174 441
174 453
174 457
175 191
175 211
175 218
175 221
175 239
175 247
175 269
175 323
175 345
175 353
175 357
175 362
175 381
175 395
175 403
175 411
175 449
175 462
176 197
176 224
176 290
176 291
176 312
176 313
176 325
176 326
176 330
176 338
176 340
176 385
176 389
176 405
176 442
176 467
176 478
176 487
176 496
177 192
177 227
177 232
177 256
177 295
177 320
177 329
177 358
177 364
177 386
177 401
177 419
177 445
177 483
178 188
178 190
178 199
178 225
178 236
178 271
178 280
178 299
178 308
178 337
178 398
178 424
178 436
178 477
178 491
179 232
179 329
179 333
179 339
179 364
179 373
179 399
179 413
179 414
179 419
180 245
180 336
180 346
180 447
180 481
181 216
181 220
181 361
181 387
181 420
181 434
181 439
181 448
181 452
182 265
182 297
182 298
182 404
182 409
182 410
182 421
182 443
182 458
182 461
183 186
183 306
183 317
183 341
183 347
183 349
183 426
183 427
183 432
183 438
183 475
183 484
184 192
184 200
184 202
184 205
184 207
184 208
184 229
184 230
184 235
184 251
184 259
184 283
184 301
184 303
184 320
184 327
184 342
184 376
184 380
184 416
184 418
184 435
184 456
184 480
184 489
185 189
185 220
185 252
185 261
185 262
185 273
185 375
185 387
185 428
185 488
185 492
186 241
186 246
186 317
186 341
186 347
186 349
186 366
186 417
186 432
186 440
186 444
187 206
187 254
187 261
187 273
187 293
187 363
187 368
187 370
187 384
187 428
187 488
187 498
188 190
188 225
188 236
188 271
188 308
188 337
188 398
188 424
188 436
188 477
189 220
189 252
189 261
189 262
189 375
189 387
189 420
189 492
190 199
190 225
190 236
190 270
190 271
190 275
190 308
190 337
190 355
190 398
190 436
191 203
191 218
191 239
191 247
191 257
191 263
191 267
191 277
191 286
191 323
191 334
191 345
191 407
191 446
191 455
192 200
192 208
192 219
192 227
192 229
192 235
192 251
192 256
192 283
192 295
192 301
192 303
192 320
192 327
192 342
192 386
192 401
192 418
192 435
192 456
192 480
192 483
193 194
193 209
193 213
193 215
193 234
193 250
193 279
193 287
193 331
193 343
193 348
193 393
193 407
193 408
193 460
193 465
193 497
194 204
194 209
194 213
194 215
194 234
194 250
194 279
194 296
194 343
194 348
194 393
194 400
194 407
194 465
194 497
195 197
195 223
195 231
195 313
195 315
195 325
195 338
195 344
195 385
195 405
195 431
195 433
195 437
195 442
195 467
195 478
195 485
195 487
196 252
196 298
196 368
196 377
196 404
196 410
196 421
196 428
196 458
196 461
196 466
196 498
197 216
197 224
197 312
197 325
197 330
197 338
197 340
197 385
197 389
197 405
197 431
197 439
197 442
197 467
197 478
197 487
197 496
198 214
198 217
198 222
198 242
198 244
198 270
198 272
198 276
198 281
198 285
198 307
198 316
198 337
198 344
198 355
198 359
198 388
198 398
198 423
198 437
198 470
198 474
199 225
199 238
199 274
199 280
199 299
199 305
199 324
199 374
199 424
199 441
199 453
199 457
200 208
200 219
200 229
200 235
200 251
200 283
200 303
200 306
200 327
200 342
200 380
200 396
200 416
200 426
200 427
200 435
200 451
200 456
200 475
200 489
201 211
201 266
201 284
201 319
201 350
201 357
201 362
201 403
201 450
201 454
201 459
201 468
201 493
201 499
202 205
202 230
202 259
202 289
202 301
202 309
202 351
202 356
202 371
202 376
202 418
202 479
202 480
203 239
203 247
203 257
203 263
203 277
203 286
203 334
203 345
203 397
203 446
203 455
204 209
204 215
204 218
204 263
204 267
204 277
204 279
204 288
204 296
204 319
204 323
204 345
204 348
204 407
204 411
204 446
204 450
204 463
204 482
205 207
205 208
205 230
205 235
205 251
205 259
205 283
205 301
205 302
205 303
205 327
205 376
205 380
205 416
205 418
205 435
205 456
205 480
205 489
206 254
206 273
206 319
206 368
206 370
206 428
206 450
206 498
207 208
207 230
207 243
207 259
207 260
207 268
207 283
207 302
207 303
207 318
207 327
207 365
207 367
207 380
207 402
207 416
207 435
207 489
208 229
208 230
208 235
208 251
208 256
208 259
208 283
208 301
208 303
208 320
208 327
208 342
208 380
208 386
208 416
208 418
208 435
208 456
208 480
208 489
209 213
209 234
209 279
209 293
209 296
209 348
209 370
209 384
209 400
209 465
210 237
210 243
210 260
210 268
210 274
210 302
210 311
210 318
210 324
210 367
210 374
210 402
210 464
211 218
211 288
211 319
211 323
211 345
211 350
211 357
211 362
211 381
211 403
211 411
211 449
211 450
211 454
211 463
211 482
212 219
212 226
212 369
212 396
212 426
212 438
212 451
212 475
212 476
212 486
212 493
213 234
213 250
213 279
213 287
213 331
213 343
213 348
213 393
213 408
213 465
213 497
214 222
214 240
214 241
214 255
214 270
214 275
214 307
214 316
214 328
214 332
214 355
214 372
214 388
214 392
214 409
214 417
214 474
215 218
215 263
215 267
215 277
215 279
215 288
215 296
215 323
215 343
215 345
215 348
215 393
215 407
215 446
215 460
216 224
216 312
216 326
216 330
216 338
216 340
216 361
216 389
216 430
216 434
216 439
216 448
216 452
216 467
216 496
217 236
217 244
217 272
217 276
217 308
217 337
217 359
217 398
217 423
217 470
218 263
218 267
218 277
218 288
218 296
218 319
218 323
218 345
218 381
218 403
218 407
218 411
218 446
218 455
218 463
218 482
219 226
219 229
219 251
219 264
219 306
219 342
219 369
219 396
219 426
219 427
219 451
219 456
219 472
219 475
219 476
219 486
220 228
220 252
220 387
220 420
220 434
220 492
221 269
221 321
221 353
221 379
221 391
221 394
221 395
221 415
221 449
221 462
221 473
222 240
222 255
222 270
222 275
222 285
222 307
222 316
222 332
222 355
222 388
222 392
222 409
222 437
222 474
223 231
223 240
223 265
223 297
223 332
223 338
223 360
223 392
223 409
223 431
223 437
223 485
224 312
224 326
224 330
224 340
224 361
224 385
224 389
224 405
224 439
224 452
224 467
224 487
224 496
225 236
225 270
225 271
225 308
225 337
225 355
225 398
225 436
225 477
226 264
226 269
226 292
226 369
226 382
226 390
226 415
226 451
226 472
226 476
226 486
227 232
227 256
227 295
227 301
227 309
227 320
227 342
227 364
227 386
227 401
227 418
227 445
227 456
227 480
227 483
228 278
228 360
228 420
228 430
228 434
228 439
228 448
229 235
229 251
229 283
229 303
229 306
229 327
229 342
229 380
229 396
229 416
229 426
229 427
229 435
229 438
229 451
229 456
229 475
229 489
230 259
230 289
230 301
230 309
230 351
230 356
230 371
230 376
230 418
230 479
230 480
231 242
231 281
231 285
231 313
231 315
231 325
231 332
231 344
231 431
231 433
231 437
231 442
231 478
231 485
232 295
232 329
232 333
232 358
232 364
232 373
232 399
232 413
232 414
232 419
232 445
232 483
233 294
233 314
233 322
233 358
233 429
233 490
234 250
234 279
234 348
234 393
234 400
234 465
234 497
235 251
235 256
235 259
235 283
235 301
235 303
235 320
235 327
235 342
235 380
235 386
235 416
235 418
235 427
235 435
235 456
235 480
235 489
236 270
236 271
236 272
236 308
236 337
236 355
236 398
236 436
237 243
237 248
237 249
237 260
237 268
237 310
237 311
237 351
237 367
237 402
237 425
237 464
238 274
238 280
238 311
238 324
238 352
238 374
238 378
238 383
238 441
238 453
238 457
239 247
239 257
239 286
239 334
239 345
239 353
239 455
240 265
240 281
240 285
240 307
240 316
240 332
240 344
240 388
240 392
240 409
240 437
240 474
240 485
241 246
241 255
241 275
241 300
241 328
241 341
241 347
241 366
241 372
241 412
241 417
241 440
241 495
242 244
242 276
242 281
242 285
242 313
242 315
242 344
242 359
242 423
242 433
242 437
242 470
242 485
243 248
243 260
243 268
243 302
243 318
243 351
243 367
243 402
243 425
243 464
244 272
244 276
244 281
244 285
244 359
244 423
244 470
245 299
245 336
245 346
245 352
245 378
245 383
245 447
245 481
245 491
246 341
246 347
246 349
246 366
246 417
246 440
246 443
246 444
246 461
247 257
247 263
247 286
247 334
247 345
247 455
248 249
248 268
248 310
248 351
248 425
248 464
249 310
249 464
250 287
250 331
250 343
250 348
250 393
250 408
250 460
250 465
250 497
251 283
251 303
251 306
251 327
251 342
251 380
251 396
251 416
251 426
251 427
251 435
251 456
251 489
252 261
252 273
252 375
252 421
252 428
252 488
252 492
253 292
253 294
253 321
253 322
253 379
253 382
253 390
253 391
253 394
253 469
253 473
253 490
254 273
254 293
254 363
254 368
254 370
254 384
254 428
254 488
254 498
255 270
255 275
255 300
255 307
255 328
255 366
255 372
255 388
255 412
255 417
255 495
256 295
256 301
256 309
256 320
256 342
256 364
256 386
256 401
256 418
256 445
256 456
256 480
256 483
257 263
257 277
257 286
257 334
257 345
257 446
257 455
258 290
258 291
258 312
258 326
258 330
258 340
258 389
258 496
259 283
259 301
259 303
259 309
259 320
259 327
259 371
259 376
259 380
259 418
259 435
259 456
259 480
260 268
260 302
260 318
260 351
260 367
260 402
260 425
260 464
261 262
261 273
261 363
261 375
261 384
261 422
261 488
261 492
262 363
262 375
262 387
262 422
262 488
262 492
263 267
263 277
263 286
263 288
263 323
263 334
263 345
263 407
263 411
263 446
263 455
263 460
264 269
264 292
264 369
264 382
264 390
264 391
264 415
264 451
264 469
264 472
264 473
264 476
264 486
264 490
265 297
265 332
265 392
265 404
265 409
265 410
265 443
266 284
266 350
266 357
266 362
266 403
266 432
266 454
266 459
266 468
266 493
266 499
267 277
267 288
267 323
267 343
267 345
267 348
267 393
267 397
267 407
267 411
267 446
267 455
267 460
267 494
268 302
268 318
268 351
268 367
268 402
268 425
268 464
269 292
269 353
269 357
269 362
269 369
269 415
269 449
269 462
269 472
269 476
269 486
270 275
270 307
270 308
270 328
270 337
270 355
270 372
270 388
270 398
270 474
271 308
271 337
271 398
271 436
271 477
272 276
272 308
272 337
272 359
272 398
272 423
272 470
273 293
273 363
273 368
273 370
273 375
273 384
273 422
273 428
273 488
273 498
274 305
274 311
274 324
274 354
274 374
274 441
274 457
275 300
275 307
275 328
275 355
275 372
275 388
275 398
275 412
275 417
275 495
276 281
276 285
276 344
276 359
276 423
276 433
276 470
277 286
277 287
277 288
277 323
277 334
277 343
277 345
277 348
277 393
277 397
277 407
277 446
277 455
277 460
277 494
278 360
278 420
278 430
278 434
278 439
278 448
279 288
279 296
279 348
279 370
279 393
279 400
279 407
279 465
280 299
280 346
280 352
280 383
280 424
280 436
280 441
280 453
280 477
280 491
281 285
281 315
281 344
281 359
281 423
281 433
281 437
281 470
281 474
281 485
282 310
282 352
282 378
282 383
282 481
283 303
283 306
283 327
283 342
283 365
283 380
283 416
283 426
283 427
283 435
283 456
283 489
284 319
284 350
284 357
284 403
284 450
284 454
284 459
284 466
284 468
284 493
284 499
285 315
285 316
285 344
285 359
285 423
285 433
285 437
285 470
285 474
285 485
286 334
286 345
286 446
286 455
287 331
287 343
287 348
287 393
287 397
287 407
287 408
287 446
287 460
287 494
287 497
288 296
288 319
288 323
288 345
288 407
288 411
288 446
288 450
288 463
288 482
289 301
289 309
289 335
289 356
289 371
289 376
289 479
290 291
290 312
290 326
290 330
290 340
290 385
290 389
290 405
290 467
290 487
290 496
291 312
291 326
291 330
291 340
291 389
291 405
291 496
292 294
292 369
292 382
292 390
292 391
292 415
292 451
292 469
292 472
292 473
292 476
292 486
292 490
293 304
293 363
293 370
293 384
293 400
293 422
293 488
294 295
294 314
294 322
294 358
294 382
294 390
294 391
294 401
294 429
294 469
294 473
294 490
295 320
295 358
295 364
295 382
295 386
295 401
295 419
295 429
295 445
295 469
295 483
295 490
296 319
296 348
296 370
296 411
296 450
296 463
296 482
297 332
297 360
297 392
297 404
297 409
297 410
297 431
298 368
298 377
298 404
298 410
298 421
298 444
298 458
298 461
298 466
298 499
299 346
299 352
299 383
299 406
299 424
299 436
299 453
299 477
299 491
300 328
300 366
300 372
300 412
300 417
300 471
300 495
301 303
301 309
301 320
301 335
301 356
301 371
301 376
301 386
301 418
301 445
301 456
301 480
302 318
302 354
302 365
302 367
302 380
302 402
302 416
302 435
302 489
303 320
303 327
303 342
303 380
303 386
303 416
303 418
303 427
303 435
303 456
303 480
303 489
304 363
304 384
304 400
304 422
305 324
305 354
305 374
305 441
305 457
305 471
305 495
306 317
306 327
306 365
306 380
306 396
306 416
306 426
306 427
306 435
306 438
306 475
306 484
306 489
307 316
307 328
307 332
307 355
307 388
307 392
307 409
307 437
307 474
308 337
308 355
308 398
308 436
308 477
309 320
309 329
309 333
309 335
309 356
309 371
309 376
309 386
309 418
309 445
309 479
309 480
310 311
310 464
311 324
311 352
311 374
311 441
311 453
311 457
312 325
312 326
312 330
312 338
312 340
312 361
312 385
312 389
312 405
312 442
312 467
312 478
312 487
312 496
313 315
313 325
313 385
313 405
313 433
313 442
313 478
313 485
313 487
314 322
314 358
314 413
314 429
314 490
315 332
315 344
315 359
315 433
315 437
315 470
315 485
316 332
316 344
316 388
316 392
316 409
316 437
316 474
317 341
317 347
317 349
317 427
317 432
317 438
317 475
317 484
318 354
318 365
318 367
318 380
318 402
318 416
318 471
318 484
318 489
319 350
319 370
319 403
319 411
319 450
319 454
319 463
319 482
320 327
320 342
320 386
320 401
320 418
320 445
320 456
320 480
320 483
321 353
321 379
321 391
321 394
321 395
321 449
321 462
321 473
322 358
322 429
322 469
322 473
322 490
323 345
323 381
323 407
323 411
323 446
323 455
323 463
323 482
324 354
324 374
324 441
324 457
325 385
325 405
325 442
325 467
325 478
325 487
326 330
326 340
326 361
326 385
326 389
326 405
326 452
326 467
326 487
326 496
327 342
327 365
327 380
327 416
327 418
327 427
327 435
327 456
327 480
327 489
328 355
328 372
328 388
328 412
328 417
328 495
329 333
329 335
329 364
329 399
329 414
329 419
329 445
330 340
330 361
330 385
330 389
330 405
330 442
330 467
330 478
330 487
330 496
331 343
331 348
331 393
331 397
331 408
331 460
331 494
331 497
332 344
332 388
332 392
332 409
332 437
332 474
332 485
333 335
333 399
333 414
333 445
334 345
334 446
334 455
335 356
335 371
335 414
335 479
336 346
336 378
336 383
336 447
336 481
337 355
337 398
337 423
337 436
338 360
338 385
338 389
338 405
338 430
338 431
338 439
338 442
338 467
338 478
338 487
339 373
339 399
339 413
340 361
340 385
340 389
340 405
340 442
340 452
340 467
340 487
340 496
341 347
341 349
341 366
341 417
341 432
341 440
341 443
341 444
341 461
342 380
342 386
342 401
342 435
342 456
342 483
343 348
343 393
343 397
343 407
343 408
343 446
343 460
343 494
343 497
344 359
344 423
344 433
344 437
344 470
344 474
344 485
345 381
345 407
345 411
345 446
345 449
345 455
345 463
345 482
346 352
346 383
346 406
346 424
346 453
346 477
346 491
347 349
347 366
347 432
347 440
347 444
348 393
348 407
348 446
348 460
348 494
348 497
349 366
349 432
349 440
349 443
349 444
349 461
349 466
350 357
350 362
350 381
350 403
350 411
350 450
350 454
350 463
350 468
350 482
350 493
351 367
351 371
351 376
351 402
351 425
351 464
352 378
352 383
352 424
352 441
352 453
352 457
352 491
353 362
353 379
353 381
353 395
353 415
353 449
353 462
354 365
354 374
354 471
354 484
354 495
355 372
355 388
355 398
355 423
356 371
356 376
356 479
357 362
357 381
357 403
357 415
357 449
357 454
357 468
357 493
358 364
358 413
358 419
358 429
358 469
358 483
358 490
359 423
359 433
359 437
359 470
359 485
360 420
360 430
360 431
360 434
360 439
360 448
361 389
361 452
361 496
362 381
362 403
362 411
362 415
362 449
362 454
362 462
363 375
363 384
363 422
363 488
364 386
364 399
364 401
364 413
364 419
364 445
364 483
365 380
365 416
365 427
365 435
365 471
365 484
365 489
366 412
366 417
366 440
366 443
366 444
367 402
367 464
368 377
368 421
368 428
368 466
368 498
369 390
369 396
369 415
369 426
369 451
369 472
369 476
369 486
369 493
370 384
371 376
371 418
371 425
371 479
371 480
372 388
372 412
372 417
372 495
373 399
373 413
373 419
374 441
374 457
375 387
375 422
375 488
375 492
376 418
376 425
376 479
376 480
377 404
377 421
377 444
377 458
377 459
377 461
377 466
377 498
377 499
378 383
378 453
378 481
379 391
379 394
379 395
379 415
379 449
379 462
379 473
380 416
380 427
380 435
380 456
380 489
381 403
381 411
381 449
381 454
381 462
381 463
381 482
382 390
382 391
382 401
382 429
382 469
382 472
382 473
382 490
383 453
383 481
383 491
384 400
384 422
384 488
385 389
385 405
385 442
385 467
385 478
385 487
385 496
386 401
386 418
386 445
386 456
386 480
386 483
387 420
387 492
388 392
388 474
389 405
389 439
389 442
389 452
389 467
389 478
389 487
389 496
390 391
390 415
390 429
390 451
390 469
390 472
390 473
390 476
390 486
390 490
391 394
391 395
391 469
391 472
391 473
391 490
392 409
392 437
392 443
392 474
393 397
393 407
393 408
393 446
393 460
393 494
393 497
394 395
394 473
395 415
395 449
395 462
396 426
396 427
396 438
396 451
396 475
396 476
396 486
397 407
397 446
397 455
397 460
397 494
397 497
398 423
399 414
399 419
400 465
401 429
401 445
401 469
401 483
401 490
402 464
403 411
403 450
403 454
403 463
403 468
403 482
404 410
404 421
404 440
404 443
404 458
404 461
405 442
405 467
405 478
405 487
405 496
406 424
406 436
406 477
406 491
407 446
407 455
407 460
407 494
407 497
408 497
409 437
409 443
409 474
410 421
410 443
410 458
410 461
411 450
411 454
411 463
411 482
412 417
412 471
412 495
413 419
414 445
415 449
415 451
415 462
415 472
415 476
415 486
416 427
416 435
416 456
416 484
416 489
417 495
418 445
418 456
418 480
419 445
419 483
420 430
420 434
420 439
420 448
420 492
421 428
421 458
421 461
422 488
423 470
424 436
424 453
424 477
424 491
425 464
426 427
426 438
426 451
426 475
426 476
426 486
427 435
427 438
427 456
427 475
427 489
428 488
428 498
429 469
429 473
429 483
429 490
430 431
430 434
430 439
430 448
431 439
431 442
431 467
431 478
431 487
432 438
432 444
432 459
432 466
432 468
432 475
432 493
432 499
433 437
433 470
433 485
434 439
434 448
434 452
435 456
435 489
436 477
436 491
437 470
437 474
437 485
438 475
438 484
439 442
439 448
439 452
439 467
439 478
440 443
440 444
440 461
441 453
441 457
442 467
442 478
442 487
443 444
443 461
444 459
444 461
444 466
445 480
445 483
446 455
446 460
446 494
447 481
449 462
450 454
450 463
450 482
451 472
451 476
451 486
452 496
453 457
453 491
454 463
454 468
454 482
454 499
455 460
455 494
456 480
456 489
458 461
458 466
459 461
459 466
459 468
459 493
459 499
460 494
460 497
461 466
461 499
463 482
466 468
466 499
467 478
467 487
467 496
468 493
468 499
469 473
469 483
469 490
470 485
471 484
471 495
472 473
472 476
472 486
473 490
475 486
475 493
476 486
476 493
477 491
478 487
486 493
487 496
488 492
488 498
494 497
