300 3075
0 8
0 26
0 30
0 61
0 84
0 92
0 124
0 126
0 146
0 155
0 158
0 193
0 200
0 264
0 294
1 9
1 11
1 12
1 24
1 51
1 57
1 64
1 81
1 105
1 107
1 134
1 150
1 166
1 182
1 221
1 230
1 237
1 261
1 278
1 283
1 299
2 5
2 15
2 16
2 21
2 50
2 77
2 109
2 110
2 117
2 162
2 172
2 184
2 188
2 201
2 208
2 210
2 212
2 213
2 217
2 218
2 235
2 238
2 257
2 272
3 6
3 23
3 43
3 48
3 76
3 108
3 118
3 147
3 239
3 284
3 290
3 291
4 35
4 36
4 42
4 49
4 80
4 96
4 99
4 101
4 123
4 127
4 137
4 138
4 143
4 145
4 153
4 163
4 174
4 179
4 181
4 211
4 252
4 267
4 273
4 285
4 292
5 15
5 16
5 38
5 50
5 77
5 89
5 110
5 114
5 117
5 162
5 165
5 184
5 188
5 201
5 210
5 212
5 213
5 218
5 227
5 235
5 238
5 240
5 250
5 259
5 272
5 281
5 298
6 13
6 14
6 23
6 48
6 76
6 83
6 87
6 90
6 108
6 119
6 147
6 176
6 194
6 196
6 198
6 239
6 253
6 274
6 284
6 290
6 291
7 31
7 52
7 60
7 75
7 86
7 97
7 98
7 102
7 133
7 136
7 152
7 157
7 176
7 185
7 189
7 219
7 245
7 246
7 265
7 268
7 269
7 287
8 26
8 61
8 92
8 124
8 144
8 155
8 158
8 193
8 200
8 206
8 225
8 236
8 243
8 244
8 256
8 264
8 279
8 294
9 11
9 12
9 20
9 24
9 28
9 51
9 64
9 65
9 107
9 134
9 166
9 182
9 204
9 221
9 230
9 233
9 237
9 254
9 261
9 278
9 282
9 283
10 53
10 109
10 130
10 139
10 172
10 210
10 217
10 241
10 266
10 297
11 12
11 20
11 24
11 28
11 51
11 64
11 65
11 107
11 134
11 166
11 182
11 204
11 221
11 230
11 233
11 254
11 261
11 278
11 282
11 283
12 20
12 24
12 27
12 28
12 51
12 64
12 107
12 134
12 166
12 180
12 182
12 221
12 233
12 254
12 261
12 278
12 282
12 292
13 14
13 32
13 54
13 74
13 83
13 87
13 90
13 119
13 141
13 160
13 161
13 170
13 176
13 185
13 194
13 198
13 242
13 245
13 246
13 247
13 274
13 276
13 284
13 291
14 74
14 76
14 83
14 87
14 90
14 119
14 157
14 160
14 161
14 176
14 185
14 194
14 198
14 242
14 245
14 274
14 276
14 284
14 291
15 16
15 50
15 53
15 77
15 109
15 110
15 117
15 149
15 162
15 188
15 201
15 210
15 212
15 235
15 238
15 241
15 259
15 277
15 281
16 50
16 77
16 109
16 110
16 117
16 149
16 162
16 188
16 201
16 210
16 212
16 213
16 217
16 218
16 235
16 238
16 241
16 272
16 277
16 281
17 41
17 55
17 56
17 68
17 69
17 70
17 71
17 78
17 79
17 100
17 103
17 111
17 159
17 164
17 171
17 178
17 190
17 207
17 220
17 224
17 228
17 234
17 262
17 270
17 275
17 280
18 26
18 30
18 84
18 88
18 124
18 126
18 146
18 202
18 203
18 209
18 229
18 295
19 53
19 131
19 149
19 277
19 281
20 24
20 28
20 64
20 82
20 99
20 101
20 112
20 153
20 179
20 181
20 221
20 233
20 252
20 254
20 261
20 282
20 285
20 292
21 38
21 43
21 118
21 135
21 172
21 184
21 188
21 197
21 205
21 208
21 213
21 217
21 218
21 251
21 257
21 296
22 30
22 45
22 46
22 56
22 59
22 85
22 88
22 125
22 126
22 146
22 154
22 171
22 202
22 203
22 223
22 226
22 258
22 263
22 286
22 295
23 48
23 76
23 87
23 108
23 194
23 196
23 239
23 253
23 284
23 290
23 291
24 25
24 51
24 64
24 82
24 107
24 112
24 113
24 182
24 221
24 230
24 233
24 261
24 278
24 282
25 64
25 82
25 112
25 113
25 221
25 233
25 261
25 278
26 30
26 61
26 84
26 92
26 124
26 126
26 146
26 155
26 158
26 193
26 200
26 203
26 244
26 264
26 294
27 28
27 95
27 116
27 128
27 137
27 138
27 179
27 180
27 214
27 231
27 232
27 252
27 254
27 285
27 292
28 101
28 116
28 128
28 137
28 179
28 180
28 231
28 252
28 254
28 282
28 285
28 292
29 37
29 38
29 43
29 66
29 108
29 118
29 135
29 136
29 147
29 157
29 165
29 167
29 173
29 176
29 197
29 205
29 208
29 251
29 296
30 45
30 46
30 84
30 88
30 124
30 126
30 146
30 154
30 193
30 200
30 202
30 203
30 229
30 258
30 294
31 38
31 66
31 75
31 98
31 102
31 114
31 135
31 136
31 165
31 167
31 173
31 175
31 186
31 187
31 197
31 240
31 250
31 287
31 293
31 298
32 54
32 83
32 87
32 90
32 93
32 129
32 160
32 161
32 170
32 192
32 198
32 216
32 247
32 248
32 260
32 274
32 276
33 34
33 39
33 44
33 58
33 62
33 67
33 72
33 73
33 95
33 103
33 120
33 122
33 132
33 137
33 138
33 143
33 151
33 156
33 174
33 177
33 183
33 191
33 214
33 215
33 228
33 255
33 271
34 36
34 39
34 44
34 72
34 96
34 115
34 120
34 122
34 123
34 132
34 143
34 174
34 191
34 215
34 255
35 36
35 42
35 49
35 80
35 96
35 99
35 101
35 123
35 127
35 137
35 143
35 145
35 153
35 163
35 169
35 179
35 181
35 211
35 267
35 273
36 39
36 42
36 44
36 49
36 80
36 96
36 99
36 101
36 120
36 123
36 127
36 137
36 143
36 145
36 163
36 174
36 179
36 181
36 211
36 252
36 255
36 267
36 273
37 38
37 43
37 66
37 108
37 118
37 135
37 136
37 147
37 157
37 165
37 167
37 173
37 176
37 197
37 205
37 208
37 251
37 296
38 66
38 75
38 77
38 114
38 135
38 136
38 162
38 165
38 167
38 173
38 184
38 197
38 205
38 208
38 238
38 240
38 251
38 272
38 287
38 296
38 298
39 44
39 72
39 96
39 115
39 120
39 123
39 143
39 174
39 191
39 211
39 255
39 267
40 82
40 99
40 112
40 113
40 153
40 169
41 62
41 68
41 78
41 79
41 95
41 100
41 103
41 111
41 151
41 159
41 164
41 177
41 190
41 207
41 220
41 228
41 231
41 232
41 234
41 249
41 262
41 275
41 280
42 49
42 80
42 99
42 101
42 123
42 127
42 137
42 145
42 153
42 163
42 169
42 179
42 181
42 211
42 267
42 273
43 108
43 118
43 147
43 205
43 251
43 290
43 296
44 72
44 96
44 115
44 120
44 122
44 123
44 132
44 143
44 156
44 174
44 191
44 211
44 215
44 255
45 46
45 56
45 59
45 85
45 88
45 125
45 126
45 146
45 154
45 202
45 203
45 223
45 226
45 258
45 263
45 286
45 295
46 56
46 59
46 69
46 70
46 71
46 85
46 111
46 125
46 126
46 146
46 154
46 171
46 178
46 207
46 223
46 226
46 234
46 244
46 258
46 263
46 286
47 52
47 60
47 86
47 97
47 98
47 102
47 116
47 133
47 152
47 189
47 190
47 195
47 204
47 219
47 222
47 231
47 232
47 249
47 265
47 269
48 76
48 87
48 108
48 194
48 196
48 239
48 253
48 260
48 284
48 290
48 291
49 80
49 96
49 99
49 101
49 123
49 127
49 143
49 145
49 153
49 163
49 169
49 179
49 181
49 211
49 267
49 273
50 77
50 89
50 110
50 114
50 117
50 140
50 149
50 162
50 188
50 201
50 210
50 212
50 218
50 227
50 235
50 238
50 250
50 259
50 272
50 281
50 298
51 64
51 105
51 107
51 166
51 182
51 221
51 230
51 237
51 261
51 278
51 283
52 60
52 63
52 75
52 86
52 97
52 98
52 102
52 116
52 133
52 152
52 189
52 190
52 195
52 204
52 219
52 222
52 232
52 249
52 265
52 268
52 269
53 110
53 117
53 130
53 149
53 241
53 277
53 281
53 297
54 83
54 87
54 90
54 93
54 161
54 170
54 192
54 194
54 196
54 198
54 216
54 248
54 253
54 260
54 274
54 276
54 291
55 68
55 78
55 79
55 94
55 98
55 100
55 104
55 164
55 175
55 186
55 187
55 190
55 220
55 222
55 224
55 250
55 262
55 269
55 270
55 275
55 280
55 288
55 293
55 298
56 59
56 70
56 71
56 85
56 103
56 111
56 125
56 154
56 171
56 207
56 226
56 228
56 234
56 258
56 263
56 271
56 286
57 60
57 63
57 65
57 74
57 86
57 91
57 107
57 121
57 129
57 134
57 141
57 148
57 150
57 160
57 166
57 168
57 182
57 195
57 199
57 204
57 237
57 242
57 246
57 247
57 268
57 283
57 289
58 62
58 67
58 73
58 95
58 103
58 111
58 122
58 132
58 138
58 151
58 156
58 174
58 177
58 183
58 191
58 214
58 215
58 228
58 234
58 271
59 71
59 85
59 111
59 125
59 132
59 142
59 171
59 223
59 226
59 263
59 271
59 286
60 63
60 65
60 74
60 86
60 97
60 102
60 121
60 133
60 134
60 148
60 185
60 189
60 195
60 199
60 204
60 219
60 242
60 245
60 246
60 265
60 268
61 92
61 124
61 144
61 155
61 158
61 193
61 200
61 206
61 225
61 236
61 243
61 244
61 256
61 264
61 279
61 294
62 67
62 68
62 73
62 95
62 100
62 103
62 111
62 122
62 132
62 138
62 151
62 156
62 174
62 177
62 183
62 191
62 214
62 215
62 228
62 231
62 232
62 234
62 262
63 65
63 74
63 86
63 97
63 121
63 133
63 134
63 141
63 148
63 160
63 166
63 185
63 189
63 195
63 199
63 204
63 219
63 242
63 245
63 246
63 265
63 268
63 283
64 105
64 107
64 112
64 134
64 166
64 182
64 221
64 230
64 233
64 237
64 261
64 278
64 282
64 283
65 74
65 86
65 97
65 107
65 121
65 133
65 134
65 141
65 148
65 150
65 166
65 182
65 195
65 199
65 204
65 237
65 242
65 246
65 265
65 268
65 283
66 75
66 118
66 135
66 136
66 147
66 157
66 165
66 167
66 173
66 176
66 184
66 197
66 205
66 208
66 251
66 287
66 296
67 73
67 95
67 103
67 122
67 128
67 132
67 137
67 138
67 151
67 156
67 174
67 177
67 183
67 191
67 214
67 215
67 228
67 231
67 232
67 285
67 292
68 69
68 78
68 79
68 100
68 103
68 111
68 151
68 159
68 164
68 178
68 190
68 207
68 220
68 224
68 228
68 232
68 234
68 249
68 262
68 275
68 280
69 70
69 71
69 79
69 94
69 144
69 159
69 171
69 178
69 206
69 207
69 224
69 236
69 243
69 244
69 256
69 258
69 264
69 270
69 275
69 288
70 71
70 85
70 103
70 111
70 125
70 126
70 154
70 159
70 171
70 178
70 207
70 226
70 234
70 244
70 258
70 263
70 264
70 286
71 85
71 103
71 111
71 125
71 126
71 154
71 159
71 171
71 178
71 207
71 226
71 228
71 234
71 244
71 258
71 263
71 271
71 286
72 115
72 120
72 132
72 142
72 143
72 174
72 191
72 215
72 255
73 95
73 103
73 111
73 122
73 132
73 138
73 151
73 156
73 174
73 177
73 183
73 191
73 214
73 215
73 228
73 234
73 271
74 83
74 86
74 90
74 121
74 129
74 141
74 148
74 160
74 185
74 195
74 198
74 199
74 204
74 242
74 245
74 246
74 247
74 265
74 268
75 98
75 102
75 136
75 152
75 157
75 165
75 167
75 173
75 175
75 197
75 219
75 222
75 240
75 269
75 287
75 293
76 83
76 87
76 90
76 108
76 119
76 147
76 176
76 194
76 198
76 239
76 253
76 274
76 284
76 290
76 291
77 89
77 114
77 117
77 135
77 162
77 165
77 184
77 188
77 201
77 208
77 210
77 212
77 213
77 218
77 227
77 235
77 238
77 240
77 250
77 259
77 272
77 298
78 79
78 94
78 98
78 100
78 104
78 152
78 159
78 164
78 175
78 186
78 187
78 190
78 220
78 222
78 224
78 249
78 262
78 269
78 270
78 275
78 280
78 293
79 100
79 159
79 164
79 186
79 187
79 190
79 207
79 220
79 222
79 224
79 228
79 232
79 234
79 249
79 262
79 270
79 275
79 280
79 293
80 96
80 99
80 101
80 123
80 127
80 137
80 145
80 153
80 163
80 169
80 179
80 181
80 211
80 267
80 273
81 91
81 105
81 107
81 129
81 150
81 168
81 230
81 237
81 283
81 289
81 299
82 99
82 112
82 113
82 153
82 181
82 221
82 233
82 261
82 278
82 282
83 87
83 90
83 119
83 160
83 161
83 170
83 176
83 185
83 194
83 198
83 245
83 247
83 274
83 276
83 284
83 291
84 88
84 124
84 126
84 146
84 158
84 193
84 200
84 203
84 294
85 103
85 111
85 125
85 154
85 171
85 207
85 223
85 226
85 234
85 258
85 263
85 271
85 286
86 97
86 102
86 121
86 133
86 134
86 148
86 166
86 189
86 195
86 199
86 204
86 219
86 242
86 245
86 246
86 265
86 268
87 90
87 119
87 161
87 194
87 196
87 198
87 216
87 239
87 253
87 260
87 274
87 276
87 284
87 291
88 126
88 146
88 202
88 203
88 209
88 223
88 229
88 295
89 94
89 104
89 106
89 114
89 140
89 144
89 186
89 206
89 212
89 224
89 227
89 236
89 238
89 243
89 250
89 259
89 270
89 272
89 281
89 288
89 298
90 119
90 160
90 161
90 170
90 176
90 185
90 194
90 198
90 245
90 247
90 274
90 276
90 284
90 291
91 105
91 107
91 121
91 129
91 141
91 150
91 160
91 168
91 237
91 247
91 283
91 289
91 299
92 124
92 144
92 155
92 158
92 193
92 200
92 206
92 225
92 236
92 243
92 244
92 256
92 264
92 279
92 294
93 161
93 170
93 192
93 216
93 248
93 260
93 276
94 104
94 106
94 140
94 144
94 159
94 164
94 175
94 178
94 186
94 187
94 206
94 220
94 224
94 227
94 236
94 243
94 250
94 259
94 270
94 275
94 280
94 288
94 298
95 103
95 116
95 122
95 128
95 137
95 138
95 151
95 156
95 174
95 177
95 180
95 183
95 214
95 215
95 228
95 231
95 232
95 285
95 292
96 115
96 120
96 123
96 127
96 143
96 145
96 163
96 211
96 255
96 267
96 273
97 98
97 102
97 133
97 148
97 152
97 189
97 195
97 199
97 204
97 219
97 222
97 246
97 249
97 265
97 268
97 269
98 102
98 152
98 164
98 175
98 186
98 187
98 189
98 190
98 219
98 220
98 222
98 249
98 269
98 280
98 287
98 293
99 101
99 112
99 127
99 145
99 153
99 163
99 169
99 179
99 181
99 211
99 233
99 273
100 103
100 151
100 159
100 164
100 177
100 190
100 207
100 220
100 222
100 228
100 231
100 232
100 234
100 249
100 262
100 275
100 280
101 127
101 137
101 145
101 153
101 179
101 181
101 211
101 233
101 252
101 254
101 273
101 282
101 285
101 292
102 133
102 152
102 164
102 175
102 189
102 190
102 219
102 222
102 249
102 265
102 269
102 287
102 293
103 111
103 122
103 125
103 132
103 151
103 156
103 171
103 177
103 183
103 207
103 214
103 215
103 226
103 228
103 234
103 262
103 263
103 271
103 286
104 106
104 114
104 140
104 164
104 175
104 186
104 187
104 220
104 224
104 227
104 236
104 243
104 250
104 259
104 270
104 272
104 275
104 280
104 288
104 293
104 298
105 107
105 150
105 168
105 182
105 230
105 237
105 261
105 283
105 289
105 299
106 140
106 144
106 206
106 224
106 225
106 227
106 236
106 243
106 250
106 256
106 259
106 270
106 279
106 288
107 121
107 134
107 150
107 166
107 182
107 230
107 237
107 261
107 278
107 283
107 299
108 118
108 119
108 147
108 176
108 194
108 205
108 239
108 251
108 284
108 290
108 291
109 110
109 117
109 162
109 172
109 188
109 201
109 210
109 213
109 217
109 218
109 235
109 241
109 257
109 266
109 297
110 117
110 149
110 162
110 188
110 201
110 210
110 212
110 218
110 235
110 238
110 241
110 277
110 281
110 297
111 125
111 132
111 151
111 154
111 156
111 159
111 171
111 183
111 207
111 226
111 228
111 234
111 258
111 262
111 263
111 271
111 286
112 113
112 153
112 181
112 221
112 233
112 261
112 278
112 282
113 153
113 221
113 233
113 278
113 282
114 135
114 140
114 162
114 165
114 167
114 175
114 184
114 186
114 187
114 201
114 227
114 238
114 240
114 250
114 259
114 272
114 293
114 298
115 120
115 123
115 143
115 191
115 255
116 128
116 138
116 177
116 180
116 189
116 214
116 222
116 231
116 232
116 249
116 254
116 285
116 292
117 149
117 162
117 188
117 201
117 210
117 212
117 218
117 235
117 238
117 241
117 259
117 272
117 277
117 281
118 147
118 205
118 251
118 290
118 296
119 157
119 160
119 161
119 176
119 185
119 194
119 198
119 245
119 274
119 276
119 284
119 291
120 122
120 123
120 132
120 143
120 174
120 191
120 215
120 255
121 133
121 134
121 141
121 148
121 150
121 160
121 166
121 182
121 195
121 199
121 204
121 237
121 242
121 245
121 246
121 247
121 268
121 283
121 289
122 132
122 137
122 138
122 151
122 156
122 174
122 177
122 183
122 191
122 214
122 215
122 228
122 255
122 271
123 127
123 143
123 145
123 163
123 211
123 255
123 267
123 273
124 126
124 146
124 155
124 158
124 193
124 200
124 244
124 264
124 294
125 132
125 142
125 154
125 171
125 207
125 223
125 226
125 234
125 258
125 263
125 271
125 286
126 146
126 154
126 171
126 193
126 200
126 202
126 203
126 223
126 244
126 258
126 264
126 286
126 294
127 137
127 143
127 145
127 153
127 163
127 169
127 179
127 181
127 211
127 252
127 267
127 273
128 138
128 177
128 180
128 214
128 231
128 232
128 249
128 252
128 254
128 285
128 292
129 141
129 150
129 160
129 161
129 168
129 170
129 192
129 242
129 247
129 289
129 299
130 139
130 241
130 266
130 297
131 149
131 225
131 277
131 279
131 281
132 138
132 151
132 156
132 174
132 177
132 183
132 191
132 214
132 215
132 226
132 228
132 234
132 255
132 271
133 134
133 148
133 152
133 189
133 195
133 199
133 204
133 219
133 222
133 242
133 245
133 246
133 265
133 268
133 269
134 148
134 166
134 182
134 195
134 199
134 204
134 237
134 261
134 268
134 283
135 136
135 165
135 167
135 173
135 184
135 197
135 205
135 208
135 213
135 240
135 251
135 272
135 296
136 147
136 157
136 165
136 167
136 173
136 176
136 184
136 197
136 205
136 208
136 240
136 251
136 287
136 296
137 138
137 143
137 145
137 174
137 179
137 181
137 211
137 214
137 215
137 252
137 254
137 273
137 285
137 292
138 151
138 156
138 174
138 177
138 179
138 180
138 183
138 191
138 214
138 215
138 228
138 231
138 232
138 252
138 285
138 292
139 241
139 266
139 297
140 144
140 186
140 206
140 212
140 224
140 225
140 227
140 236
140 243
140 250
140 259
140 270
140 272
140 288
140 298
141 148
141 150
141 160
141 168
141 170
141 199
141 242
141 245
141 246
141 247
141 268
141 283
141 289
142 271
143 145
143 163
143 174
143 191
143 211
143 215
143 255
143 267
143 273
144 155
144 158
144 178
144 193
144 206
144 224
144 225
144 227
144 236
144 243
144 244
144 256
144 259
144 264
144 270
144 279
144 288
145 153
145 163
145 169
145 179
145 181
145 211
145 252
145 267
145 273
146 154
146 193
146 200
146 202
146 203
146 244
146 258
146 294
147 176
147 205
147 251
147 284
147 290
147 296
148 160
148 166
148 189
148 195
148 199
148 204
148 219
148 242
148 245
148 246
148 265
148 268
148 283
149 212
149 235
149 241
149 277
149 281
150 160
150 168
150 182
150 237
150 242
150 247
150 283
150 289
150 299
151 156
151 174
151 177
151 183
151 191
151 207
151 214
151 215
151 228
151 232
151 234
151 262
151 271
152 164
152 175
152 189
152 190
152 219
152 220
152 222
152 232
152 249
152 265
152 269
152 280
152 287
152 293
153 163
153 169
153 179
153 181
153 211
153 233
153 273
153 282
154 171
154 202
154 207
154 223
154 226
154 244
154 258
154 263
154 264
154 286
155 158
155 193
155 200
155 206
155 225
155 256
155 264
155 279
155 294
156 174
156 177
156 183
156 191
156 214
156 215
156 228
156 234
156 271
157 173
157 176
157 185
157 198
157 245
157 251
157 265
158 193
158 200
158 206
158 225
158 244
158 256
158 264
158 279
158 294
159 171
159 178
159 207
159 224
159 234
159 236
159 243
159 244
159 262
159 264
159 270
159 275
159 280
160 161
160 170
160 185
160 198
160 199
160 242
160 245
160 246
160 247
160 268
160 274
160 276
160 289
161 170
161 192
161 194
161 198
161 247
161 248
161 260
161 274
161 276
162 165
162 172
162 184
162 188
162 201
162 208
162 210
162 212
162 213
162 217
162 218
162 235
162 238
162 240
162 272
162 281
162 298
163 169
163 211
163 267
163 273
164 175
164 186
164 187
164 190
164 220
164 222
164 224
164 249
164 250
164 262
164 269
164 270
164 275
164 280
164 293
165 167
165 173
165 184
165 197
165 208
165 238
165 240
165 250
165 251
165 272
165 287
165 296
165 298
166 182
166 195
166 199
166 204
166 237
166 261
166 268
166 283
167 173
167 184
167 197
167 205
167 208
167 240
167 251
167 287
167 296
168 237
168 247
168 283
168 289
168 299
169 211
169 267
169 273
170 192
170 198
170 247
170 248
170 274
170 276
170 289
171 178
171 207
171 226
171 234
171 244
171 258
171 263
171 271
171 286
172 188
172 201
172 210
172 213
172 217
172 218
172 235
172 257
172 266
173 184
173 197
173 205
173 208
173 240
173 251
173 287
173 296
174 177
174 183
174 191
174 211
174 214
174 215
174 255
174 285
175 186
175 187
175 190
175 220
175 222
175 224
175 240
175 250
175 269
175 275
175 280
175 287
175 288
175 293
175 298
176 185
176 194
176 198
176 205
176 245
176 251
176 284
176 291
177 180
177 183
177 214
177 215
177 228
177 231
177 232
177 234
177 285
177 292
178 193
178 206
178 207
178 224
178 236
178 243
178 244
178 256
178 258
178 264
178 270
178 275
178 288
179 181
179 211
179 233
179 252
179 254
179 273
179 282
179 285
179 292
180 214
180 231
180 232
180 249
180 252
180 254
180 285
180 292
181 211
181 233
181 252
181 254
181 273
181 282
181 285
181 292
182 204
182 221
182 230
182 237
182 261
182 278
182 283
183 191
183 214
183 215
183 228
183 234
183 271
184 188
184 197
184 201
184 205
184 208
184 213
184 217
184 218
184 235
184 238
184 240
184 251
184 272
184 296
185 198
185 199
185 242
185 245
185 246
185 265
185 268
186 187
186 190
186 220
186 224
186 227
186 240
186 250
186 270
186 275
186 280
186 287
186 288
186 293
186 298
187 190
187 220
187 222
187 224
187 227
187 240
187 250
187 269
187 270
187 275
187 280
187 287
187 288
187 293
187 298
188 201
188 208
188 210
188 212
188 213
188 217
188 218
188 235
188 238
188 257
188 266
189 195
189 199
189 204
189 219
189 222
189 249
189 265
189 268
189 269
190 220
190 222
190 224
190 232
190 249
190 262
190 269
190 275
190 280
190 293
191 214
191 215
191 255
191 271
192 247
192 248
192 276
193 200
193 206
193 236
193 243
193 244
193 256
193 264
193 294
194 196
194 198
194 239
194 253
194 260
194 274
194 276
194 284
194 291
195 199
195 204
195 219
195 242
195 245
195 246
195 265
195 268
195 283
196 216
196 239
196 253
196 260
196 274
196 276
196 284
196 291
197 205
197 208
197 240
197 251
197 287
197 296
198 242
198 245
198 274
198 276
198 284
198 291
199 204
199 219
199 242
199 245
199 246
199 265
199 268
199 283
200 203
200 244
200 256
200 264
200 294
201 208
201 210
201 212
201 213
201 217
201 218
201 235
201 238
201 272
201 281
202 203
202 209
202 223
202 229
202 295
203 209
203 229
203 295
204 219
204 242
204 246
204 265
204 268
204 283
205 208
205 251
205 296
206 225
206 227
206 236
206 243
206 244
206 256
206 264
206 270
206 279
206 288
207 226
207 228
207 234
207 244
207 258
207 262
207 263
207 271
207 275
207 286
208 213
208 218
208 240
208 251
208 257
208 296
209 229
209 295
210 212
210 213
210 217
210 218
210 235
210 238
210 241
210 266
210 281
211 252
211 267
211 273
212 218
212 227
212 235
212 238
212 241
212 259
212 272
212 277
212 281
213 217
213 218
213 235
213 238
213 257
214 215
214 228
214 231
214 232
214 285
214 292
215 228
215 255
215 271
216 253
216 260
216 276
217 218
217 235
217 257
217 266
218 235
218 238
218 257
218 272
219 222
219 246
219 249
219 265
219 268
219 269
219 287
220 222
220 224
220 249
220 250
220 262
220 269
220 270
220 275
220 280
220 293
221 230
221 233
221 261
221 278
221 282
222 231
222 232
222 249
222 262
222 269
222 280
222 287
222 293
223 226
223 258
223 263
223 286
223 295
224 227
224 236
224 243
224 250
224 262
224 270
224 275
224 280
224 288
225 236
225 243
225 256
225 279
226 228
226 234
226 258
226 263
226 271
226 286
227 236
227 238
227 243
227 250
227 259
227 270
227 272
227 281
227 288
227 298
228 234
228 262
228 271
229 295
230 237
230 261
230 278
230 283
230 299
231 232
231 249
231 254
231 285
231 292
232 249
232 262
232 269
233 252
233 254
233 261
233 278
233 282
234 258
234 262
234 263
234 271
234 286
235 238
235 241
235 272
235 281
236 243
236 244
236 256
236 264
236 270
236 275
236 279
236 288
237 261
237 283
237 289
237 299
238 240
238 250
238 259
238 272
238 281
238 298
239 253
239 260
239 274
239 284
239 290
239 291
240 250
240 272
240 287
240 293
240 298
241 266
241 277
241 281
241 297
242 245
242 246
242 247
242 265
242 268
242 283
243 244
243 256
243 264
243 270
243 275
243 279
243 288
244 256
244 258
244 264
244 286
244 294
245 246
245 247
245 265
245 268
246 247
246 265
246 268
247 276
247 289
248 276
249 262
249 269
249 280
250 259
250 270
250 272
250 288
250 293
250 298
251 296
252 254
252 282
252 285
252 292
253 260
253 274
253 276
253 284
253 291
254 282
254 285
254 292
256 264
256 270
256 279
256 294
258 263
258 264
258 286
259 272
259 281
259 288
259 298
260 274
260 276
260 291
261 278
261 282
261 283
262 275
262 280
263 271
263 286
264 270
264 294
265 268
266 297
267 273
269 280
269 287
269 293
270 275
270 280
270 288
271 286
272 298
274 276
274 284
274 291
275 280
275 288
276 291
277 281
278 282
280 293
282 292
283 289
283 299
284 290
284 291
285 292
287 293
288 298
289 299
290 291
293 298
