200 1841
0 1
0 4
0 5
0 11
0 30
0 34
0 39
0 48
0 52
0 58
0 86
0 90
0 93
0 96
0 107
0 109
0 117
0 131
0 137
0 153
0 155
0 158
0 163
0 174
0 175
0 177
0 193
0 197
1 4
1 5
1 7
1 11
1 16
1 17
1 39
1 48
1 52
1 58
1 68
1 86
1 90
1 93
1 95
1 102
1 109
1 115
1 117
1 118
1 125
1 131
1 158
1 160
1 163
1 166
1 170
1 172
1 174
1 175
1 177
1 197
2 3
2 8
2 9
2 15
2 19
2 22
2 57
2 67
2 70
2 82
2 83
2 89
2 94
2 115
2 125
2 129
2 151
2 161
2 166
2 173
2 185
3 8
3 9
3 12
3 15
3 19
3 22
3 57
3 67
3 70
3 82
3 83
3 89
3 94
3 129
3 151
3 161
3 173
3 185
4 5
4 7
4 11
4 16
4 17
4 23
4 39
4 52
4 58
4 68
4 86
4 90
4 95
4 102
4 109
4 115
4 118
4 125
4 131
4 135
4 158
4 160
4 163
4 170
4 172
4 174
4 175
4 177
4 197
5 8
5 11
5 15
5 22
5 30
5 39
5 48
5 52
5 67
5 70
5 86
5 89
5 90
5 93
5 94
5 103
5 107
5 109
5 115
5 117
5 125
5 131
5 158
5 161
5 163
5 166
5 174
5 177
5 193
6 10
6 13
6 28
6 43
6 66
6 69
6 73
6 76
6 79
6 80
6 127
6 145
6 162
6 184
6 187
6 188
6 189
6 192
7 16
7 17
7 23
7 52
7 61
7 68
7 86
7 95
7 102
7 109
7 115
7 118
7 125
7 160
7 163
7 166
7 170
7 174
8 15
8 22
8 30
8 48
8 67
8 70
8 89
8 90
8 93
8 94
8 103
8 107
8 115
8 125
8 131
8 161
8 166
8 177
8 185
9 12
9 19
9 57
9 82
9 83
9 104
9 129
9 151
9 161
9 173
9 176
9 185
10 13
10 18
10 29
10 46
10 49
10 50
10 51
10 66
10 69
10 72
10 73
10 78
10 80
10 88
10 123
10 145
10 150
10 156
10 162
10 179
10 187
10 188
10 190
10 192
11 16
11 17
11 30
11 39
11 48
11 52
11 58
11 86
11 90
11 93
11 109
11 115
11 117
11 131
11 137
11 153
11 155
11 158
11 163
11 172
11 174
11 175
11 177
11 193
11 197
12 57
12 82
12 83
12 104
12 129
12 151
12 173
12 176
13 18
13 29
13 49
13 69
13 73
13 76
13 80
13 123
13 138
13 145
13 150
13 152
13 156
13 162
13 179
13 184
13 187
13 188
13 190
13 192
14 53
14 71
14 75
14 81
14 87
14 92
14 98
14 99
14 112
14 119
14 120
14 128
14 130
14 133
14 165
14 181
14 183
15 19
15 22
15 48
15 67
15 70
15 86
15 89
15 90
15 93
15 94
15 107
15 109
15 115
15 125
15 131
15 161
15 163
15 166
15 177
15 185
16 17
16 23
16 32
16 39
16 52
16 58
16 68
16 77
16 86
16 95
16 102
16 109
16 111
16 118
16 131
16 132
16 135
16 160
16 163
16 164
16 170
16 172
16 174
16 175
16 197
17 23
17 32
17 52
17 58
17 61
17 68
17 77
17 86
17 95
17 102
17 109
17 111
17 118
17 126
17 132
17 135
17 160
17 163
17 164
17 170
17 172
17 174
17 175
17 197
18 24
18 29
18 37
18 62
18 69
18 76
18 105
18 123
18 138
18 143
18 150
18 152
18 156
18 167
18 179
18 188
18 190
19 22
19 57
19 67
19 70
19 82
19 83
19 89
19 115
19 125
19 129
19 151
19 161
19 166
19 173
20 21
20 30
20 41
20 55
20 85
20 94
20 103
20 107
20 110
20 139
20 168
20 178
20 182
20 185
20 195
21 41
21 47
21 55
21 60
21 85
21 110
21 139
21 159
21 168
21 178
21 182
21 195
22 48
22 67
22 70
22 86
22 89
22 90
22 93
22 94
22 107
22 109
22 115
22 125
22 131
22 161
22 163
22 166
22 177
22 185
23 32
23 61
23 68
23 77
23 95
23 102
23 106
23 118
23 132
23 160
23 170
24 29
24 35
24 42
24 62
24 76
24 97
24 105
24 116
24 138
24 152
24 167
24 171
25 27
25 34
25 42
25 58
25 63
25 65
25 76
25 84
25 100
25 108
25 111
25 117
25 137
25 153
25 155
25 157
25 164
25 167
25 175
25 194
25 199
26 33
26 45
26 74
26 91
26 113
26 114
26 126
26 132
26 135
26 136
26 141
26 144
26 148
26 164
26 196
26 198
27 43
27 56
27 63
27 65
27 69
27 76
27 80
27 84
27 91
27 100
27 108
27 113
27 127
27 148
27 157
27 162
27 184
27 192
27 194
27 199
28 46
28 50
28 54
28 59
28 66
28 72
28 73
28 88
28 122
28 147
28 187
28 189
28 191
29 37
29 62
29 69
29 76
29 80
29 105
29 123
29 138
29 150
29 152
29 156
29 167
29 188
29 190
30 39
30 48
30 90
30 93
30 94
30 96
30 97
30 103
30 107
30 117
30 121
30 131
30 158
30 169
30 177
30 182
30 185
30 193
31 35
31 38
31 41
31 62
31 64
31 81
31 92
31 97
31 105
31 110
31 116
31 121
31 124
31 134
31 140
31 154
31 169
31 171
32 33
32 61
32 68
32 77
32 95
32 106
32 114
32 118
32 126
32 132
32 135
32 136
32 149
32 160
32 164
32 170
32 172
32 186
32 197
33 44
33 45
33 74
33 114
33 126
33 132
33 136
33 141
33 149
33 186
33 196
33 198
34 35
34 39
34 42
34 58
34 96
34 97
34 117
34 121
34 137
34 153
34 155
34 158
34 167
34 169
34 193
34 199
35 38
35 41
35 62
35 64
35 96
35 97
35 105
35 116
35 121
35 124
35 134
35 138
35 155
35 167
35 169
35 171
35 193
36 53
36 87
36 99
36 119
36 128
36 133
36 165
37 38
37 62
37 71
37 81
37 92
37 101
37 105
37 116
37 124
37 134
37 138
37 140
37 143
37 154
37 171
37 181
37 183
38 41
38 62
38 64
38 71
38 75
38 81
38 92
38 105
38 110
38 116
38 124
38 134
38 140
38 154
38 171
39 48
39 52
39 58
39 86
39 90
39 93
39 96
39 109
39 117
39 131
39 137
39 153
39 155
39 158
39 163
39 174
39 175
39 177
39 193
39 197
40 41
40 47
40 60
40 75
40 81
40 92
40 110
40 119
40 134
40 142
40 146
40 159
40 180
41 55
41 64
41 81
41 97
41 110
41 121
41 124
41 134
41 139
41 159
41 168
41 169
41 171
41 178
41 182
42 58
42 96
42 97
42 117
42 137
42 153
42 155
42 167
42 169
42 194
42 199
43 65
43 69
43 73
43 76
43 79
43 80
43 84
43 100
43 108
43 127
43 145
43 157
43 162
43 184
43 189
43 192
43 194
43 199
44 74
44 114
44 141
44 149
44 186
44 196
45 56
45 63
45 74
45 91
45 100
45 113
45 114
45 126
45 136
45 144
45 148
45 164
45 196
45 198
46 49
46 50
46 51
46 54
46 66
46 72
46 73
46 78
46 88
46 123
46 147
46 179
46 187
46 188
46 190
47 55
47 60
47 139
47 146
47 159
47 168
47 180
47 195
48 52
48 67
48 70
48 86
48 89
48 90
48 93
48 94
48 103
48 107
48 109
48 115
48 125
48 131
48 158
48 161
48 163
48 166
48 177
48 185
49 50
49 51
49 54
49 66
49 72
49 73
49 78
49 88
49 123
49 147
49 150
49 156
49 179
49 187
49 188
49 190
50 51
50 54
50 59
50 66
50 72
50 73
50 78
50 88
50 122
50 147
50 179
50 187
50 188
50 190
50 191
51 72
51 78
51 88
51 123
51 150
51 156
51 179
51 187
51 188
51 190
52 58
52 68
52 86
52 90
52 95
52 102
52 109
52 115
52 117
52 118
52 125
52 131
52 135
52 158
52 160
52 163
52 170
52 172
52 174
52 175
52 177
52 197
53 87
53 98
53 99
53 112
53 119
53 128
53 130
53 133
53 165
54 59
54 66
54 72
54 73
54 78
54 88
54 122
54 147
54 187
54 191
55 85
55 110
55 139
55 159
55 168
55 178
55 182
55 195
56 63
56 65
56 84
56 91
56 100
56 108
56 113
56 127
56 144
56 148
56 157
56 194
57 82
57 83
57 104
57 129
57 151
57 161
57 173
58 63
58 111
58 117
58 118
58 131
58 135
58 137
58 153
58 155
58 158
58 164
58 172
58 174
58 175
58 194
58 197
58 199
59 66
59 72
59 88
59 122
59 147
59 187
59 191
60 139
60 146
60 159
60 180
60 195
61 68
61 77
61 95
61 102
61 106
61 118
61 132
61 160
61 170
62 71
62 105
62 116
62 124
62 134
62 138
62 140
62 143
62 150
62 152
62 154
62 167
62 171
63 65
63 84
63 91
63 100
63 108
63 111
63 113
63 144
63 148
63 157
63 164
63 194
63 199
64 81
64 92
64 97
64 110
64 116
64 121
64 124
64 134
64 159
64 168
64 169
64 171
64 178
64 182
65 69
65 76
65 84
65 91
65 100
65 108
65 113
65 127
65 144
65 148
65 157
65 184
65 194
65 199
66 72
66 73
66 88
66 122
66 145
66 147
66 187
66 188
66 189
66 191
67 70
67 86
67 89
67 90
67 93
67 102
67 115
67 125
67 161
67 163
67 166
68 77
68 86
68 95
68 102
68 106
68 109
68 118
68 132
68 160
68 163
68 170
68 172
68 174
69 73
69 76
69 80
69 84
69 108
69 127
69 145
69 152
69 162
69 167
69 184
69 188
69 189
69 190
69 192
69 199
70 86
70 89
70 90
70 93
70 94
70 107
70 109
70 115
70 125
70 131
70 161
70 163
70 166
70 177
70 185
71 75
71 81
71 92
71 101
71 105
71 112
71 116
71 120
71 124
71 130
71 134
71 140
71 143
71 154
71 181
71 183
72 73
72 78
72 88
72 122
72 123
72 147
72 179
72 187
72 188
72 190
72 191
73 80
73 88
73 123
73 145
73 147
73 162
73 187
73 188
73 189
73 190
73 191
73 192
74 114
74 126
74 136
74 141
74 149
74 186
74 196
74 198
75 81
75 87
75 92
75 98
75 99
75 112
75 116
75 119
75 124
75 128
75 130
75 134
75 140
75 142
75 154
75 181
75 183
76 80
76 84
76 108
76 127
76 145
76 152
76 157
76 162
76 167
76 184
76 192
76 194
76 199
77 95
77 106
77 114
77 118
77 126
77 132
77 149
77 160
77 170
77 172
77 186
78 88
78 123
78 147
78 156
78 179
78 187
78 188
78 190
79 127
79 189
79 191
80 84
80 108
80 127
80 145
80 152
80 162
80 167
80 184
80 188
80 189
80 190
80 192
80 199
81 92
81 105
81 110
81 112
81 116
81 124
81 134
81 140
81 154
81 159
81 171
81 181
81 183
82 83
82 104
82 129
82 151
82 173
83 104
83 129
83 151
83 173
84 91
84 100
84 108
84 113
84 127
84 144
84 148
84 157
84 162
84 184
84 192
84 194
84 199
85 139
85 168
85 176
85 178
85 195
86 89
86 90
86 93
86 95
86 102
86 109
86 115
86 118
86 125
86 131
86 158
86 160
86 163
86 166
86 170
86 174
86 177
86 197
87 98
87 99
87 112
87 119
87 120
87 128
87 130
87 133
87 142
87 165
87 183
88 122
88 123
88 147
88 179
88 187
88 188
88 190
88 191
89 90
89 93
89 102
89 115
89 125
89 161
89 163
89 166
90 93
90 94
90 102
90 103
90 107
90 109
90 115
90 117
90 125
90 131
90 158
90 163
90 166
90 174
90 177
90 193
91 100
91 108
91 113
91 144
91 148
91 157
91 194
92 98
92 101
92 110
92 112
92 116
92 119
92 124
92 128
92 134
92 140
92 154
92 171
92 181
92 183
93 94
93 103
93 107
93 109
93 115
93 125
93 131
93 158
93 161
93 163
93 166
93 177
93 185
93 193
94 103
94 107
94 115
94 161
94 185
95 102
95 106
95 109
95 118
95 132
95 135
95 160
95 163
95 170
95 172
95 174
95 197
96 97
96 117
96 121
96 137
96 153
96 155
96 158
96 169
96 193
97 121
97 155
97 169
97 171
97 182
97 193
98 99
98 112
98 119
98 120
98 128
98 130
98 133
98 142
98 165
98 183
99 112
99 119
99 128
99 130
99 133
99 142
99 165
99 180
100 108
100 111
100 113
100 127
100 144
100 148
100 157
100 164
100 184
100 194
100 199
101 105
101 112
101 116
101 120
101 140
101 143
101 154
101 181
101 183
102 109
102 115
102 118
102 125
102 131
102 160
102 163
102 166
102 170
102 174
103 107
103 121
103 161
103 169
103 177
103 178
103 182
103 185
103 193
104 129
104 151
104 173
105 116
105 124
105 134
105 138
105 140
105 143
105 152
105 154
105 171
106 114
106 118
106 126
106 132
106 149
106 160
106 170
106 186
107 115
107 131
107 158
107 161
107 177
107 185
107 193
108 113
108 127
108 144
108 148
108 157
108 162
108 184
108 192
108 194
108 199
109 115
109 117
109 118
109 125
109 131
109 158
109 160
109 163
109 166
109 170
109 172
109 174
109 177
109 197
110 124
110 134
110 139
110 159
110 168
110 178
110 182
110 195
111 117
111 118
111 126
111 132
111 135
111 137
111 153
111 164
111 172
111 174
111 175
111 194
111 197
111 199
112 119
112 120
112 128
112 130
112 133
112 142
112 165
112 181
112 183
113 144
113 148
113 157
113 194
114 126
114 132
114 136
114 141
114 149
114 186
114 196
114 198
115 125
115 131
115 158
115 161
115 163
115 166
115 174
115 177
116 124
116 134
116 138
116 140
116 143
116 154
116 171
116 181
117 121
117 131
117 137
117 153
117 155
117 158
117 169
117 174
117 175
117 177
117 193
117 197
118 126
118 132
118 135
118 160
118 163
118 164
118 170
118 172
118 174
118 175
118 197
119 128
119 130
119 133
119 142
119 165
119 180
120 128
120 130
120 133
120 181
120 183
121 155
121 169
121 182
121 193
122 147
122 187
122 191
123 145
123 150
123 152
123 156
123 179
123 187
123 188
123 190
124 134
124 140
124 154
124 159
124 171
125 131
125 163
125 166
125 177
126 132
126 135
126 136
126 141
126 149
126 164
126 170
126 172
126 196
126 198
127 145
127 157
127 162
127 184
127 189
127 192
128 130
128 133
128 142
128 165
128 180
128 183
129 151
129 173
130 133
130 165
130 181
130 183
131 158
131 163
131 174
131 175
131 177
131 193
131 197
132 135
132 136
132 149
132 160
132 164
132 170
132 172
132 197
133 165
133 183
134 140
134 154
134 159
134 171
135 137
135 164
135 170
135 172
135 174
135 175
135 197
136 141
136 149
136 196
136 198
137 153
137 155
137 158
137 174
137 175
137 194
137 197
137 199
138 140
138 143
138 150
138 152
138 154
138 167
138 171
139 159
139 168
139 178
139 182
139 195
140 143
140 154
140 171
140 181
140 183
141 149
141 186
141 196
141 198
142 146
142 159
142 165
142 180
143 150
143 154
143 156
143 181
144 148
144 157
145 162
145 184
145 187
145 188
145 189
145 190
145 192
146 159
146 180
146 195
147 187
147 191
148 157
148 194
148 199
149 186
149 196
150 152
150 156
150 179
150 188
150 190
151 173
152 167
152 188
152 190
153 155
153 158
153 175
153 194
153 197
153 199
154 171
154 181
154 183
155 158
155 167
155 169
155 193
156 179
156 188
156 190
157 184
157 194
157 199
158 163
158 174
158 175
158 177
158 193
158 197
159 168
159 178
159 180
159 182
159 195
160 163
160 170
160 172
160 174
160 197
161 185
162 184
162 188
162 189
162 190
162 192
163 166
163 170
163 174
163 177
164 170
164 172
164 175
164 194
164 197
165 180
166 177
167 184
167 199
168 178
168 182
168 195
169 182
169 193
170 172
170 174
170 175
170 197
172 174
172 175
172 197
174 175
174 177
174 197
175 197
176 185
177 193
178 182
178 195
179 187
179 188
179 190
181 183
182 193
182 195
184 189
184 192
184 194
184 199
186 196
187 188
187 189
187 190
187 191
188 190
188 192
189 191
189 192
190 192
194 199
196 198
