200 1838
0 23
0 24
0 42
0 55
0 60
0 64
0 83
0 84
0 85
0 88
0 108
0 112
0 127
0 133
0 156
0 164
0 169
0 170
0 198
0 199
1 8
1 11
1 34
1 74
1 77
1 105
1 132
1 134
1 177
1 184
2 5
2 14
2 15
2 24
2 26
2 27
2 38
2 42
2 48
2 54
2 64
2 65
2 84
2 88
2 99
2 103
2 122
2 124
2 130
2 139
2 141
2 142
2 149
2 160
2 163
2 169
2 176
2 190
2 198
3 5
3 7
3 14
3 30
3 39
3 43
3 48
3 54
3 79
3 87
3 94
3 117
3 122
3 124
3 130
3 136
3 139
3 149
3 158
3 163
3 166
3 185
3 191
4 15
4 19
4 20
4 26
4 33
4 38
4 39
4 44
4 54
4 57
4 62
4 69
4 71
4 90
4 109
4 117
4 130
4 139
4 141
4 151
4 159
5 14
5 15
5 19
5 26
5 30
5 39
5 43
5 48
5 54
5 65
5 79
5 87
5 99
5 103
5 117
5 122
5 124
5 130
5 136
5 139
5 141
5 142
5 149
5 158
5 160
5 163
5 166
5 185
5 191
6 28
6 61
6 97
6 102
6 104
6 120
6 153
6 168
6 179
6 197
7 14
7 40
7 43
7 78
7 87
7 101
7 122
7 129
7 149
7 156
7 176
7 185
8 11
8 34
8 47
8 52
8 73
8 74
8 77
8 98
8 105
8 111
8 132
8 134
8 145
8 150
8 167
8 177
8 183
8 184
8 188
9 25
9 56
9 58
9 67
9 94
9 95
9 115
9 118
9 125
9 165
9 178
9 187
9 191
10 45
10 58
10 76
10 80
10 86
10 97
10 106
10 110
10 119
10 121
10 128
10 138
10 155
10 157
10 161
10 162
10 173
10 181
11 34
11 52
11 74
11 77
11 105
11 134
11 184
11 188
12 13
12 14
12 40
12 42
12 75
12 78
12 112
12 127
12 133
12 156
12 176
12 194
13 40
13 75
13 78
13 156
14 40
14 42
14 43
14 48
14 65
14 122
14 124
14 139
14 142
14 149
14 156
14 163
14 169
14 176
14 185
14 198
15 19
15 24
15 26
15 27
15 38
15 39
15 48
15 54
15 64
15 65
15 88
15 99
15 103
15 117
15 122
15 124
15 130
15 139
15 141
15 142
15 149
15 160
15 163
15 166
15 169
15 190
15 198
16 18
16 44
16 49
16 57
16 66
16 72
16 86
16 90
16 106
16 107
16 114
16 116
16 128
16 135
16 151
16 155
16 157
16 159
16 186
17 22
17 28
17 32
17 35
17 51
17 89
17 113
17 131
17 135
17 137
17 144
17 148
17 154
17 171
17 172
17 175
17 180
17 189
17 192
17 196
18 28
18 49
18 66
18 72
18 86
18 89
18 97
18 102
18 116
18 120
18 121
18 131
18 135
18 137
18 154
18 157
18 161
18 168
18 180
18 189
19 26
19 30
19 39
19 44
19 54
19 57
19 79
19 90
19 99
19 107
19 109
19 114
19 117
19 124
19 130
19 139
19 141
19 158
19 159
19 166
19 186
20 33
20 47
20 62
20 69
20 71
20 73
20 98
20 109
20 111
20 126
20 145
20 167
20 182
20 183
20 188
21 25
21 29
21 41
21 50
21 95
21 96
21 115
21 125
21 165
21 187
21 195
22 31
22 36
22 37
22 51
22 68
22 91
22 92
22 93
22 113
22 144
22 150
22 154
22 171
22 172
22 175
22 192
22 196
23 24
23 53
23 55
23 60
23 70
23 81
23 83
23 84
23 85
23 88
23 123
23 140
23 147
23 164
23 170
23 193
23 199
24 27
24 38
24 42
24 48
24 55
24 64
24 65
24 70
24 83
24 84
24 85
24 88
24 99
24 103
24 141
24 142
24 147
24 160
24 163
24 169
24 170
24 182
24 190
24 193
24 198
25 41
25 43
25 50
25 94
25 95
25 96
25 115
25 118
25 125
25 129
25 165
25 187
26 27
26 38
26 39
26 48
26 54
26 64
26 65
26 79
26 99
26 103
26 109
26 117
26 124
26 130
26 139
26 141
26 142
26 149
26 158
26 159
26 160
26 163
26 166
26 169
27 38
27 42
27 48
27 64
27 65
27 84
27 88
27 99
27 103
27 124
27 126
27 130
27 139
27 141
27 142
27 160
27 163
27 169
27 170
27 182
27 190
27 193
27 198
28 32
28 35
28 61
28 89
28 102
28 104
28 120
28 131
28 137
28 148
28 153
28 171
28 180
28 189
28 197
29 41
29 82
29 95
29 125
29 143
29 165
29 195
30 39
30 44
30 54
30 67
30 79
30 87
30 106
30 114
30 117
30 128
30 130
30 136
30 138
30 149
30 155
30 158
30 159
30 166
30 174
30 186
30 191
31 36
31 37
31 47
31 68
31 73
31 74
31 91
31 92
31 93
31 113
31 132
31 150
31 175
31 177
31 196
32 35
32 51
32 89
32 131
32 148
32 153
32 171
32 180
32 189
32 197
33 47
33 57
33 62
33 68
33 69
33 71
33 72
33 73
33 90
33 91
33 92
33 98
33 109
33 150
33 151
33 159
33 172
33 183
33 196
34 52
34 77
34 105
34 134
34 145
34 184
34 188
35 51
35 89
35 131
35 144
35 148
35 154
35 171
35 175
35 180
35 189
35 192
36 37
36 68
36 91
36 92
36 93
36 113
36 132
36 144
36 150
36 154
36 172
36 175
36 177
36 192
36 196
37 51
37 68
37 91
37 92
37 93
37 113
37 132
37 144
37 150
37 154
37 171
37 172
37 175
37 177
37 192
37 196
38 48
38 59
38 64
38 65
38 71
38 88
38 99
38 103
38 109
38 126
38 130
38 139
38 141
38 142
38 147
38 160
38 163
38 169
38 182
38 190
38 193
39 44
39 48
39 54
39 79
39 87
39 99
39 103
39 114
39 117
39 122
39 124
39 130
39 136
39 138
39 139
39 141
39 149
39 158
39 159
39 160
39 166
39 174
39 186
39 191
40 42
40 75
40 78
40 101
40 156
40 176
41 50
41 95
41 115
41 125
41 165
41 187
41 195
42 48
42 64
42 65
42 84
42 88
42 99
42 103
42 122
42 133
42 142
42 156
42 160
42 163
42 169
42 170
42 176
42 198
43 87
43 94
43 96
43 101
43 115
43 122
43 129
43 149
43 166
43 185
43 191
44 54
44 57
44 79
44 86
44 90
44 106
44 107
44 114
44 116
44 117
44 128
44 136
44 138
44 151
44 155
44 158
44 159
44 166
44 174
44 186
45 58
45 67
45 76
45 80
45 97
45 106
45 110
45 119
45 121
45 128
45 138
45 152
45 155
45 157
45 161
45 162
45 173
45 178
45 181
46 52
46 53
46 59
46 70
46 81
46 111
46 123
46 126
46 140
46 145
46 146
46 147
46 167
46 182
46 188
46 190
46 193
47 62
47 68
47 69
47 71
47 73
47 74
47 91
47 92
47 98
47 132
47 134
47 145
47 150
47 167
47 177
47 183
47 188
48 54
48 64
48 65
48 99
48 103
48 122
48 124
48 130
48 139
48 141
48 142
48 149
48 156
48 160
48 163
48 166
48 169
48 176
48 185
48 198
49 57
49 66
49 72
49 86
49 90
49 106
49 107
49 116
49 135
49 137
49 151
49 154
49 172
49 189
49 196
50 95
50 96
50 115
50 125
50 165
50 187
51 89
51 113
51 131
51 144
51 148
51 154
51 171
51 172
51 175
51 180
51 189
51 192
51 196
52 59
52 105
52 111
52 134
52 145
52 146
52 167
52 183
52 188
53 55
53 59
53 70
53 81
53 83
53 85
53 123
53 140
53 146
53 147
53 170
53 193
53 199
54 79
54 87
54 99
54 114
54 117
54 122
54 124
54 130
54 136
54 139
54 141
54 149
54 158
54 159
54 160
54 166
54 174
54 186
54 191
55 60
55 70
55 81
55 83
55 84
55 85
55 88
55 123
55 140
55 147
55 164
55 170
55 193
55 198
55 199
56 58
56 100
56 118
56 125
56 143
56 152
56 162
56 165
56 178
57 62
57 66
57 69
57 72
57 86
57 90
57 91
57 107
57 116
57 135
57 151
57 159
57 172
57 186
57 196
58 67
58 76
58 100
58 110
58 118
58 119
58 128
58 138
58 152
58 162
58 174
58 178
58 181
59 70
59 81
59 83
59 88
59 111
59 123
59 126
59 140
59 145
59 146
59 147
59 167
59 182
59 183
59 188
59 190
59 193
60 63
60 83
60 84
60 85
60 108
60 112
60 127
60 133
60 164
60 170
60 199
61 102
61 104
61 120
61 131
61 137
61 153
61 168
61 180
61 189
61 197
62 68
62 69
62 71
62 72
62 73
62 90
62 91
62 92
62 98
62 107
62 109
62 113
62 116
62 150
62 151
62 159
62 172
62 196
63 108
63 112
63 127
63 133
63 164
63 194
64 65
64 84
64 85
64 88
64 99
64 103
64 124
64 130
64 139
64 141
64 142
64 160
64 163
64 169
64 170
64 190
64 193
64 198
65 84
65 88
65 99
65 103
65 122
65 124
65 130
65 139
65 141
65 142
65 160
65 163
65 169
65 190
65 193
65 198
66 72
66 86
66 90
66 106
66 107
66 116
66 120
66 121
66 135
66 137
66 151
66 157
66 161
66 189
67 87
67 94
67 106
67 114
67 118
67 128
67 136
67 138
67 155
67 158
67 174
67 178
67 181
67 191
68 69
68 72
68 73
68 91
68 92
68 93
68 98
68 113
68 132
68 144
68 150
68 154
68 172
68 175
68 177
68 196
69 71
69 72
69 73
69 90
69 91
69 92
69 98
69 107
69 109
69 113
69 116
69 150
69 151
69 159
69 172
69 196
70 81
70 83
70 84
70 85
70 88
70 123
70 126
70 140
70 146
70 147
70 170
70 190
70 193
70 199
71 73
71 98
71 109
71 111
71 126
71 145
71 167
71 182
71 183
72 86
72 90
72 91
72 107
72 113
72 116
72 135
72 151
72 154
72 159
72 172
72 196
73 74
73 91
73 92
73 98
73 109
73 150
73 167
73 183
73 196
74 77
74 92
74 105
74 132
74 134
74 150
74 177
74 184
75 78
75 156
75 176
76 80
76 86
76 97
76 106
76 110
76 119
76 121
76 128
76 138
76 155
76 157
76 161
76 168
76 173
76 181
77 105
77 132
77 134
77 177
77 184
78 101
78 129
78 185
79 87
79 106
79 114
79 117
79 124
79 128
79 130
79 136
79 138
79 139
79 149
79 155
79 158
79 159
79 166
79 174
79 186
79 191
80 97
80 110
80 119
80 121
80 152
80 157
80 161
80 162
80 168
80 173
80 179
80 181
81 83
81 85
81 88
81 123
81 126
81 140
81 146
81 147
81 170
81 182
81 190
81 193
81 199
82 125
82 143
82 195
83 84
83 85
83 88
83 123
83 140
83 147
83 170
83 190
83 193
83 199
84 85
84 88
84 133
84 142
84 164
84 169
84 170
84 193
84 198
84 199
85 88
85 123
85 140
85 147
85 170
85 190
85 193
85 198
85 199
86 90
86 106
86 107
86 110
86 114
86 116
86 121
86 128
86 135
86 138
86 151
86 155
86 157
86 161
86 181
86 186
87 94
87 114
87 117
87 122
87 124
87 136
87 149
87 158
87 166
87 174
87 185
87 191
88 99
88 103
88 126
88 140
88 141
88 142
88 147
88 160
88 163
88 169
88 170
88 182
88 190
88 193
88 198
89 120
89 131
89 135
89 137
89 144
89 148
89 154
89 171
89 180
89 189
89 192
89 197
90 91
90 107
90 116
90 135
90 151
90 159
90 172
90 186
90 196
91 92
91 98
91 113
91 116
91 150
91 151
91 154
91 172
91 196
92 93
92 98
92 113
92 132
92 150
92 172
92 175
92 177
92 196
93 113
93 132
93 150
93 175
93 177
93 192
94 96
94 115
94 118
94 129
94 136
94 165
94 185
94 187
94 191
95 96
95 115
95 118
95 125
95 143
95 165
95 187
95 195
96 101
96 115
96 129
96 187
97 102
97 110
97 119
97 120
97 121
97 157
97 161
97 168
97 173
97 179
98 109
98 145
98 150
98 167
98 183
99 103
99 122
99 124
99 130
99 139
99 141
99 142
99 149
99 160
99 163
99 166
99 169
99 190
99 198
100 152
100 162
100 178
101 129
101 185
102 104
102 120
102 121
102 137
102 157
102 161
102 168
102 179
102 180
102 189
102 197
103 122
103 124
103 130
103 139
103 141
103 142
103 160
103 163
103 169
103 190
103 198
104 153
104 197
105 111
105 134
105 145
105 167
105 184
105 188
106 107
106 110
106 114
106 119
106 128
106 136
106 138
106 155
106 157
106 161
106 174
106 181
106 186
107 114
107 116
107 135
107 151
107 159
107 172
107 186
108 112
108 127
108 133
108 164
108 194
109 126
109 141
109 159
109 167
109 182
109 183
110 119
110 121
110 128
110 138
110 152
110 155
110 157
110 161
110 162
110 173
110 181
111 126
111 145
111 146
111 147
111 167
111 182
111 183
111 188
112 127
112 133
112 164
112 194
113 144
113 150
113 154
113 171
113 172
113 175
113 192
113 196
114 117
114 128
114 136
114 138
114 155
114 158
114 159
114 166
114 174
114 181
114 186
114 191
115 118
115 129
115 165
115 187
115 191
116 135
116 151
116 154
116 159
116 172
116 196
117 124
117 130
117 136
117 138
117 139
117 149
117 155
117 158
117 159
117 166
117 174
117 186
118 125
118 165
118 178
118 187
119 121
119 128
119 152
119 157
119 161
119 162
119 173
119 178
119 181
120 121
120 131
120 135
120 137
120 157
120 161
120 168
120 180
120 189
120 197
121 157
121 161
121 168
121 173
121 179
121 181
122 124
122 130
122 139
122 141
122 142
122 149
122 156
122 158
122 160
122 163
122 166
122 169
122 176
122 185
123 126
123 140
123 146
123 147
123 170
123 182
123 190
123 193
123 199
124 130
124 139
124 141
124 142
124 149
124 158
124 160
124 163
124 166
124 169
124 185
125 143
125 165
125 187
125 195
126 140
126 145
126 146
126 147
126 167
126 182
126 183
126 188
126 190
126 193
127 133
127 164
127 194
128 136
128 138
128 155
128 157
128 174
128 178
128 181
128 186
129 185
129 187
130 139
130 141
130 142
130 149
130 158
130 159
130 160
130 163
130 166
130 169
131 135
131 137
131 144
131 148
131 153
131 154
131 171
131 180
131 189
131 197
132 150
132 177
132 184
133 156
133 164
133 194
133 198
134 145
134 184
134 188
135 137
135 144
135 151
135 154
135 171
135 172
135 180
135 189
135 196
136 138
136 149
136 155
136 158
136 166
136 174
136 181
136 186
136 191
137 153
137 154
137 168
137 171
137 180
137 189
137 197
138 155
138 158
138 174
138 181
138 186
138 191
139 141
139 142
139 149
139 158
139 160
139 163
139 166
139 169
140 146
140 147
140 170
140 182
140 190
140 193
140 199
141 142
141 149
141 160
141 163
141 166
141 169
141 190
142 149
142 156
142 160
142 163
142 169
142 176
142 198
143 165
143 195
144 148
144 154
144 171
144 172
144 175
144 180
144 189
144 192
144 196
145 146
145 167
145 182
145 183
145 188
146 147
146 167
146 182
146 188
146 193
147 170
147 182
147 190
147 193
147 199
148 153
148 171
148 180
148 189
148 192
148 197
149 158
149 160
149 163
149 166
149 185
149 191
150 177
150 196
151 154
151 159
151 172
151 196
152 162
152 173
152 178
153 180
153 189
153 197
154 171
154 172
154 175
154 180
154 189
154 192
154 196
155 158
155 174
155 181
155 186
156 163
156 169
156 176
156 198
157 161
157 168
157 173
157 179
157 181
158 159
158 166
158 174
158 186
158 191
159 186
160 163
160 169
160 190
160 198
161 168
161 173
161 179
161 181
162 173
162 178
163 166
163 169
163 176
163 185
163 198
164 194
165 187
166 174
166 185
166 186
166 191
167 182
167 183
167 188
167 190
168 173
168 179
169 170
169 176
169 190
169 198
170 190
170 193
170 198
170 199
171 172
171 175
171 180
171 189
171 192
171 196
172 196
173 179
174 181
174 186
174 191
175 192
175 196
176 185
176 198
177 184
178 181
180 189
180 197
181 186
182 183
182 190
182 193
183 188
183 190
185 191
187 191
189 197
190 193
192 196
193 199
