50 284
0 3
0 4
0 6
0 10
0 17
0 19
0 21
0 24
0 27
0 30
0 34
0 42
0 43
0 45
1 4
1 8
1 15
1 16
1 17
1 22
1 29
1 32
1 42
1 48
2 9
2 12
2 14
2 22
2 28
2 33
2 35
2 44
3 4
3 14
3 17
3 19
3 21
3 23
3 24
3 27
3 28
3 30
3 34
3 35
3 37
3 38
3 39
3 40
3 41
3 44
4 8
4 17
4 19
4 22
4 29
4 32
4 35
4 38
4 39
4 42
4 48
5 25
5 26
5 31
5 47
6 10
6 18
6 20
6 21
6 24
6 27
6 30
6 43
6 45
6 46
6 49
7 11
7 18
7 20
7 45
7 46
7 49
8 15
8 16
8 17
8 22
8 29
8 32
8 42
8 48
9 14
9 23
9 28
9 44
10 18
10 20
10 21
10 24
10 27
10 30
10 43
10 45
10 46
10 49
11 18
11 20
11 42
11 45
12 15
12 16
12 22
12 32
12 33
12 35
12 48
13 21
13 24
13 34
13 36
14 23
14 25
14 26
14 28
14 34
14 35
14 37
14 38
14 39
14 40
14 41
14 44
14 47
15 16
15 22
15 29
15 32
15 33
15 48
16 22
16 29
16 32
16 48
17 19
17 22
17 28
17 32
17 35
17 37
17 38
17 39
17 41
17 42
17 44
17 48
18 20
18 45
18 46
18 49
19 21
19 24
19 27
19 30
19 34
19 37
19 38
19 39
19 40
19 41
19 43
20 45
20 46
20 49
21 24
21 27
21 30
21 34
21 36
21 43
22 29
22 32
22 33
22 35
22 42
22 48
23 25
23 26
23 28
23 31
23 34
23 35
23 37
23 38
23 39
23 40
23 41
23 44
23 47
24 27
24 30
24 34
24 36
24 43
25 26
25 31
25 37
25 39
25 40
25 41
25 44
25 47
26 31
26 37
26 40
26 41
26 47
27 30
27 34
27 43
27 45
27 46
27 49
28 33
28 35
28 37
28 38
28 39
28 40
28 41
28 44
29 32
29 42
29 48
30 34
30 43
30 45
30 46
31 34
31 39
31 40
31 41
31 47
32 33
32 35
32 48
33 35
33 44
34 37
34 38
34 39
34 40
34 41
34 44
34 47
35 37
35 38
35 39
35 40
35 41
35 44
37 38
37 39
37 40
37 41
37 44
38 39
38 40
38 41
38 44
39 40
39 41
39 44
39 47
40 41
40 44
40 47
41 44
41 47
42 48
43 45
43 46
43 49
45 46
45 49
46 49
