50 261
0 12
0 13
0 15
0 26
0 29
0 38
0 43
0 44
1 4
1 5
1 9
1 12
1 30
1 31
1 37
1 43
1 44
1 45
1 48
2 3
2 7
2 18
2 24
2 33
2 39
3 24
3 39
4 5
4 9
4 14
4 27
4 30
4 31
4 37
4 40
4 45
4 48
5 9
5 14
5 27
5 30
5 37
5 40
5 45
5 48
6 10
6 11
6 16
6 17
6 19
6 20
6 23
6 32
6 35
6 41
6 42
6 46
6 49
7 15
7 18
7 24
7 25
7 33
7 39
8 9
8 21
8 22
8 27
8 28
8 30
8 31
8 36
8 37
8 40
8 42
8 43
8 45
8 47
8 49
9 14
9 21
9 27
9 30
9 31
9 36
9 37
9 40
9 45
9 48
10 16
10 17
10 19
10 23
10 32
10 35
10 41
10 42
10 46
10 49
11 17
11 18
11 19
11 20
11 21
11 22
11 23
11 34
11 42
11 49
12 28
12 29
12 30
12 31
12 37
12 43
12 44
12 47
13 15
13 25
13 26
13 29
13 33
13 38
13 44
14 27
14 30
14 36
14 37
14 40
14 45
14 48
15 25
15 33
15 38
16 17
16 19
16 23
16 32
16 35
16 41
16 46
16 49
17 19
17 20
17 22
17 23
17 34
17 42
17 49
18 22
18 24
18 25
18 33
18 34
18 47
19 20
19 22
19 23
19 32
19 34
19 42
19 49
20 23
20 24
20 34
20 42
21 22
21 23
21 27
21 28
21 31
21 35
21 36
21 40
21 41
21 42
21 45
21 46
21 47
21 49
22 23
22 25
22 28
22 42
22 43
22 47
22 49
23 35
23 41
23 42
23 46
23 49
24 34
24 39
25 28
25 33
25 43
25 44
25 47
26 29
26 38
26 44
27 30
27 31
27 36
27 40
27 45
27 48
28 30
28 31
28 37
28 43
28 44
28 47
29 38
29 43
29 44
29 47
30 31
30 37
30 40
30 43
30 44
30 45
30 47
30 48
31 37
31 43
31 44
31 45
31 47
31 48
34 39
35 36
35 41
35 42
35 46
35 49
36 40
36 41
36 45
36 46
36 49
37 43
37 44
37 45
37 47
37 48
38 44
40 45
40 48
41 42
41 46
41 49
42 46
42 49
43 44
43 47
44 47
45 48
46 49
