80 582
0 1
0 2
0 6
0 8
0 14
0 20
0 22
0 23
0 27
0 30
0 45
0 50
0 52
0 61
1 8
1 23
1 27
1 45
2 4
2 6
2 14
2 17
2 19
2 20
2 21
2 22
2 24
2 25
2 27
2 30
2 32
2 35
2 44
2 47
2 50
2 52
2 54
2 61
2 70
2 74
3 9
3 19
3 25
3 31
3 44
3 49
3 56
3 62
3 64
3 67
3 68
3 69
3 74
4 6
4 16
4 19
4 20
4 21
4 22
4 24
4 25
4 30
4 32
4 40
4 41
4 44
4 50
4 52
4 54
4 72
4 74
4 77
5 11
5 12
5 13
5 15
5 29
5 33
5 36
5 38
5 41
5 43
5 46
5 56
5 67
5 75
5 76
5 77
5 78
6 8
6 14
6 20
6 22
6 23
6 24
6 27
6 30
6 32
6 50
6 52
6 54
6 61
6 70
7 10
7 11
7 12
7 18
7 29
7 33
7 34
7 39
7 46
7 48
7 51
7 55
7 59
7 76
8 14
8 22
8 23
8 27
8 30
8 45
8 52
8 61
9 17
9 19
9 21
9 24
9 25
9 31
9 32
9 35
9 44
9 47
9 49
9 53
9 54
9 62
9 64
9 69
9 74
10 16
10 18
10 29
10 33
10 34
10 39
10 41
10 46
10 48
10 51
10 55
10 59
10 60
10 72
10 76
11 12
11 13
11 15
11 18
11 29
11 33
11 34
11 36
11 38
11 46
11 48
11 75
11 76
11 77
11 78
12 13
12 15
12 18
12 29
12 33
12 34
12 36
12 38
12 41
12 46
12 48
12 55
12 75
12 76
12 77
12 78
13 15
13 33
13 36
13 38
13 43
13 46
13 67
13 75
13 76
13 78
14 22
14 23
14 24
14 27
14 30
14 42
14 50
14 52
14 54
14 61
14 70
15 26
15 28
15 36
15 38
15 43
15 56
15 67
15 68
15 75
15 78
16 18
16 20
16 22
16 39
16 40
16 41
16 50
16 55
16 59
16 60
16 72
16 73
16 77
17 19
17 21
17 24
17 31
17 32
17 35
17 42
17 44
17 47
17 50
17 53
17 54
17 57
17 70
17 74
17 79
18 29
18 33
18 34
18 39
18 40
18 41
18 46
18 48
18 51
18 55
18 59
18 60
18 72
18 76
19 21
19 24
19 25
19 31
19 32
19 35
19 44
19 47
19 49
19 50
19 53
19 54
19 57
19 70
19 74
20 21
20 22
20 27
20 30
20 32
20 40
20 50
20 52
20 59
20 72
20 73
21 24
21 25
21 32
21 40
21 41
21 44
21 47
21 49
21 50
21 54
21 74
21 77
22 27
22 30
22 32
22 40
22 50
22 52
22 72
22 73
23 27
23 30
23 45
23 52
23 61
24 25
24 30
24 31
24 32
24 35
24 44
24 47
24 49
24 50
24 52
24 53
24 54
24 57
24 70
24 74
25 31
25 32
25 40
25 41
25 44
25 47
25 49
25 50
25 54
25 56
25 74
25 77
26 28
26 38
26 43
26 63
26 66
26 68
27 30
27 45
27 52
27 61
28 38
28 43
28 66
29 33
29 34
29 39
29 40
29 41
29 46
29 48
29 55
29 59
29 72
29 75
29 76
29 77
30 32
30 50
30 52
30 54
30 61
30 70
31 35
31 44
31 47
31 49
31 53
31 54
31 62
31 64
31 69
31 74
32 35
32 44
32 47
32 49
32 50
32 52
32 54
32 70
32 74
33 34
33 36
33 41
33 46
33 48
33 55
33 75
33 76
33 77
33 78
34 39
34 41
34 46
34 48
34 51
34 55
34 59
34 76
35 37
35 42
35 44
35 47
35 49
35 53
35 54
35 57
35 65
35 69
35 70
35 74
35 79
36 38
36 43
36 46
36 56
36 67
36 75
36 76
36 77
36 78
37 47
37 53
37 57
37 65
37 71
37 79
38 43
38 56
38 67
38 68
38 75
38 78
39 41
39 48
39 51
39 55
39 59
39 60
39 72
39 76
40 41
40 50
40 55
40 59
40 60
40 72
40 76
40 77
41 46
41 48
41 55
41 59
41 60
41 72
41 75
41 76
41 77
41 78
42 47
42 53
42 57
42 61
42 70
42 79
43 56
43 67
43 68
43 75
43 78
44 47
44 49
44 50
44 53
44 54
44 70
44 74
46 48
46 55
46 75
46 76
46 77
46 78
47 49
47 50
47 53
47 54
47 57
47 69
47 70
47 74
47 79
48 51
48 55
48 59
48 60
48 72
48 76
48 77
49 54
49 56
49 69
49 74
50 52
50 54
50 70
50 74
52 54
52 61
52 70
53 54
53 57
53 65
53 69
53 70
53 74
53 79
54 57
54 61
54 70
54 74
55 59
55 60
55 72
55 76
55 77
56 63
56 67
56 68
56 75
56 78
57 65
57 70
57 79
58 62
58 64
58 65
58 69
58 71
59 60
59 72
59 76
59 77
60 72
60 73
61 70
62 64
62 69
62 71
63 64
63 66
63 67
63 68
64 68
64 69
65 69
65 71
65 79
66 68
67 68
67 75
67 78
69 71
70 74
70 79
72 73
75 76
75 77
75 78
76 77
76 78
77 78
