30 144
0 1
0 2
0 4
0 6
0 10
0 11
0 15
0 17
0 18
0 19
0 21
0 24
0 26
0 27
0 29
1 2
1 4
1 8
1 11
1 15
1 18
1 19
1 21
1 24
1 26
1 27
1 29
2 11
2 19
2 21
2 24
2 29
3 6
3 7
3 12
3 16
3 17
3 20
4 5
4 6
4 10
4 14
4 15
4 17
4 18
4 19
4 21
4 23
4 24
4 26
4 27
5 14
5 16
5 22
5 26
5 28
6 10
6 15
6 17
6 19
6 20
6 21
6 24
6 26
7 12
7 16
7 20
8 18
8 27
9 13
9 22
9 25
9 28
10 11
10 15
10 17
10 19
10 20
10 21
10 24
10 29
11 19
11 21
11 24
11 29
12 16
12 20
13 14
13 18
13 22
13 23
13 25
13 28
14 15
14 18
14 19
14 22
14 23
14 25
14 26
14 27
14 28
15 17
15 18
15 19
15 21
15 23
15 24
15 26
15 27
16 20
16 28
17 19
17 20
17 21
17 24
17 29
18 19
18 23
18 24
18 25
18 26
18 27
19 21
19 23
19 24
19 26
19 27
19 29
20 21
21 24
21 29
22 23
22 25
22 26
22 28
23 25
23 26
23 27
24 26
24 27
24 29
26 27
26 28
