500 5620
0 20
0 49
0 59
0 64
0 74
0 103
0 113
0 130
0 135
0 157
0 201
0 238
0 277
0 305
0 309
0 353
0 391
0 396
0 405
0 414
0 442
0 445
0 467
0 471
0 479
1 30
1 91
1 140
1 187
1 195
1 300
1 342
1 385
1 428
1 498
2 8
2 16
2 31
2 45
2 83
2 108
2 122
2 127
2 139
2 141
2 205
2 210
2 237
2 245
2 253
2 268
2 275
2 276
2 281
2 297
2 311
2 328
2 332
2 340
2 368
2 397
2 422
2 441
2 443
2 493
3 39
3 41
3 105
3 118
3 124
3 127
3 155
3 173
3 179
3 189
3 221
3 233
3 234
3 245
3 275
3 299
3 313
3 322
3 327
3 328
3 333
3 340
3 372
3 373
3 472
3 477
3 478
3 486
4 58
4 82
4 107
4 109
4 115
4 136
4 143
4 149
4 158
4 161
4 180
4 214
4 222
4 274
4 278
4 282
4 286
4 291
4 323
4 325
4 343
4 359
4 367
4 384
4 462
5 14
5 25
5 62
5 92
5 104
5 133
5 156
5 193
5 197
5 283
5 296
5 317
5 320
5 338
5 362
5 371
5 374
5 379
5 381
5 383
5 399
6 11
6 33
6 80
6 100
6 151
6 174
6 188
6 189
6 200
6 223
6 271
6 295
6 303
6 313
6 324
6 327
6 400
6 407
6 413
6 435
6 489
6 491
7 24
7 27
7 32
7 38
7 43
7 111
7 114
7 145
7 146
7 152
7 163
7 183
7 198
7 209
7 218
7 224
7 225
7 262
7 280
7 307
7 308
7 321
7 344
7 354
7 418
7 432
7 434
7 438
7 444
7 452
7 459
8 21
8 26
8 45
8 83
8 108
8 122
8 139
8 141
8 205
8 210
8 227
8 237
8 245
8 260
8 268
8 275
8 276
8 281
8 297
8 311
8 328
8 332
8 340
8 360
8 397
8 430
8 441
8 443
8 493
9 10
9 19
9 55
9 91
9 140
9 175
9 187
9 195
9 196
9 263
9 272
9 294
9 392
9 404
9 428
9 446
9 466
10 19
10 54
10 55
10 60
10 159
10 175
10 194
10 195
10 196
10 231
10 263
10 272
10 294
10 370
10 387
10 392
10 404
10 416
10 446
10 466
11 33
11 100
11 151
11 154
11 172
11 174
11 188
11 189
11 200
11 223
11 250
11 271
11 279
11 303
11 313
11 324
11 326
11 327
11 400
11 407
11 413
11 435
11 489
11 491
12 35
12 45
12 83
12 112
12 122
12 141
12 178
12 205
12 210
12 226
12 237
12 251
12 253
12 255
12 264
12 314
12 360
12 363
12 397
12 430
12 443
12 464
12 493
12 499
13 21
13 22
13 26
13 110
13 164
13 227
13 241
13 258
13 260
13 265
13 281
13 297
13 301
13 311
13 332
13 356
13 386
13 402
13 441
13 494
14 62
14 68
14 79
14 92
14 104
14 156
14 168
14 244
14 296
14 362
14 371
14 374
14 381
14 399
15 48
15 78
15 119
15 166
15 169
15 204
15 239
15 292
15 319
15 408
15 423
15 427
15 436
16 31
16 44
16 45
16 65
16 83
16 108
16 122
16 134
16 139
16 205
16 226
16 237
16 240
16 253
16 267
16 268
16 269
16 275
16 368
16 397
16 403
16 422
16 440
16 453
16 464
17 34
17 42
17 101
17 115
17 117
17 132
17 142
17 160
17 170
17 212
17 214
17 259
17 278
17 323
17 325
17 347
17 361
17 367
17 369
17 384
17 421
17 458
17 461
17 473
17 497
18 21
18 26
18 35
18 36
18 40
18 53
18 95
18 178
18 227
18 255
18 260
18 266
18 293
18 314
18 356
18 430
19 23
19 47
19 49
19 55
19 60
19 74
19 86
19 187
19 196
19 203
19 238
19 263
19 294
19 304
19 387
19 392
19 446
19 466
19 496
20 23
20 49
20 59
20 66
20 103
20 130
20 134
20 238
20 252
20 277
20 305
20 309
20 318
20 353
20 364
20 388
20 391
20 396
20 405
20 414
20 429
20 442
20 450
20 467
20 468
21 22
21 26
21 35
21 36
21 95
21 110
21 141
21 178
21 210
21 227
21 241
21 255
21 258
21 260
21 265
21 281
21 297
21 301
21 311
21 356
21 397
21 441
21 493
22 26
22 110
22 164
22 227
22 241
22 258
22 260
22 265
22 281
22 298
22 301
22 311
22 356
22 386
22 389
22 402
22 480
22 494
23 44
23 47
23 49
23 60
23 65
23 74
23 86
23 103
23 134
23 238
23 240
23 267
23 277
23 304
23 353
23 387
23 388
23 391
23 392
23 440
23 446
23 467
23 468
24 27
24 32
24 38
24 70
24 72
24 85
24 93
24 106
24 114
24 163
24 198
24 209
24 218
24 224
24 225
24 246
24 344
24 432
24 448
24 454
24 474
24 484
24 495
25 51
25 63
25 92
25 104
25 126
25 133
25 193
25 197
25 236
25 317
25 320
25 335
25 338
25 349
25 371
25 379
25 383
26 35
26 45
26 95
26 110
26 122
26 139
26 141
26 178
26 205
26 210
26 227
26 241
26 255
26 258
26 260
26 276
26 281
26 297
26 311
26 332
26 356
26 397
26 430
26 441
26 443
26 493
27 32
27 38
27 70
27 72
27 85
27 106
27 114
27 146
27 163
27 198
27 209
27 218
27 224
27 225
27 246
27 262
27 280
27 308
27 344
27 354
27 432
27 448
27 452
27 454
27 474
27 484
27 495
28 46
28 69
28 125
28 144
28 150
28 165
28 235
28 256
28 270
28 290
28 336
28 337
28 341
28 350
28 357
28 365
28 390
28 395
28 411
28 451
28 492
29 82
29 87
29 100
29 149
29 158
29 177
29 186
29 206
29 208
29 222
29 242
29 247
29 271
29 274
29 279
29 282
29 286
29 359
29 413
29 489
29 490
30 55
30 67
30 91
30 93
30 140
30 171
30 187
30 246
30 300
30 342
30 385
30 426
30 428
30 454
30 484
30 495
30 498
31 44
31 65
31 66
31 83
31 108
31 134
31 139
31 205
31 237
31 240
31 245
31 253
31 267
31 268
31 275
31 299
31 318
31 329
31 333
31 340
31 368
31 388
31 391
31 403
31 422
31 440
31 453
31 468
32 38
32 43
32 111
32 114
32 121
32 145
32 146
32 152
32 163
32 183
32 198
32 209
32 218
32 224
32 225
32 262
32 280
32 284
32 307
32 308
32 321
32 344
32 351
32 354
32 418
32 432
32 434
32 438
32 444
32 452
32 459
33 105
33 151
33 154
33 172
33 174
33 188
33 200
33 223
33 250
33 254
33 288
33 295
33 303
33 313
33 324
33 326
33 327
33 366
33 407
33 412
33 417
33 457
33 491
34 42
34 132
34 142
34 160
34 278
34 323
34 347
34 361
34 367
34 369
34 384
34 458
34 473
34 497
35 36
35 40
35 45
35 53
35 95
35 112
35 178
35 210
35 227
35 255
35 260
35 264
35 266
35 293
35 314
35 360
35 363
35 382
35 397
35 430
35 443
35 493
36 40
36 53
36 95
36 178
36 255
36 260
36 314
36 356
37 57
37 75
37 89
37 96
37 99
37 120
37 154
37 172
37 182
37 207
37 279
37 287
37 302
37 315
37 326
37 330
37 398
37 431
37 455
38 70
38 72
38 85
38 106
38 114
38 163
38 198
38 209
38 218
38 224
38 225
38 246
38 262
38 273
38 308
38 344
38 354
38 432
38 448
38 452
38 454
38 474
38 484
38 495
39 41
39 105
39 118
39 127
39 173
39 179
39 213
39 221
39 233
39 234
39 245
39 276
39 297
39 322
39 328
39 332
39 340
39 372
39 477
39 478
39 487
40 53
40 95
40 112
40 166
40 178
40 255
40 266
40 293
40 314
40 382
40 427
40 430
41 108
41 118
41 127
41 173
41 179
41 221
41 233
41 234
41 245
41 268
41 275
41 276
41 281
41 297
41 299
41 322
41 328
41 332
41 340
41 372
41 441
41 477
41 478
41 487
42 132
42 142
42 160
42 278
42 347
42 361
42 367
42 369
42 384
42 461
42 473
42 497
43 84
43 101
43 111
43 142
43 145
43 146
43 152
43 160
43 170
43 183
43 198
43 209
43 212
43 218
43 262
43 307
43 308
43 321
43 344
43 347
43 351
43 354
43 361
43 418
43 421
43 434
43 438
43 444
43 452
43 458
43 459
43 461
43 473
44 60
44 65
44 134
44 159
44 226
44 240
44 253
44 267
44 269
44 368
44 370
44 387
44 388
44 403
44 422
44 440
44 453
44 467
45 83
45 108
45 122
45 139
45 141
45 205
45 210
45 226
45 227
45 237
45 253
45 255
45 264
45 268
45 276
45 281
45 311
45 360
45 363
45 397
45 403
45 430
45 441
45 443
45 453
45 464
45 493
46 69
46 116
46 125
46 144
46 150
46 165
46 191
46 211
46 220
46 235
46 285
46 341
46 357
46 358
46 365
46 376
46 380
46 390
46 411
46 476
46 492
47 49
47 55
47 74
47 86
47 171
47 196
47 203
47 238
47 277
47 294
47 304
47 388
47 392
47 446
47 466
47 467
47 496
48 78
48 119
48 148
48 166
48 169
48 204
48 239
48 243
48 292
48 306
48 312
48 319
48 331
48 355
48 375
48 382
48 408
48 423
48 436
48 482
49 74
49 86
49 103
49 134
49 203
49 238
49 240
49 277
49 304
49 309
49 353
49 387
49 388
49 391
49 396
49 442
49 446
49 467
49 496
50 94
50 98
50 123
50 181
50 184
50 217
50 229
50 232
50 235
50 256
50 270
50 290
50 336
50 337
50 350
50 352
50 395
50 410
50 415
50 420
50 439
50 451
50 465
51 63
51 92
51 104
51 126
51 133
51 193
51 202
51 236
51 317
51 335
51 338
51 349
51 371
51 379
51 383
52 119
52 148
52 243
52 248
52 306
52 312
52 331
52 334
52 345
52 355
52 425
52 482
53 95
53 112
53 178
53 255
53 260
53 266
53 293
53 314
53 363
53 382
53 427
53 430
54 60
54 159
54 175
54 194
54 196
54 231
54 240
54 263
54 269
54 272
54 345
54 348
54 370
54 387
54 392
54 393
54 404
54 416
54 425
54 499
55 86
55 91
55 140
55 187
55 195
55 196
55 203
55 263
55 294
55 304
55 342
55 392
55 428
55 446
55 466
56 89
56 128
56 129
56 131
56 153
56 176
56 192
56 219
56 261
56 377
56 394
56 406
56 409
56 417
56 447
56 449
56 460
57 89
57 96
57 99
57 116
57 147
57 176
57 182
57 220
57 289
57 315
57 358
57 376
57 398
57 401
57 431
57 455
57 456
57 463
57 476
57 481
58 94
58 107
58 109
58 115
58 136
58 143
58 161
58 180
58 184
58 190
58 232
58 278
58 291
58 323
58 367
58 378
58 384
58 415
58 462
58 483
59 64
59 73
59 90
59 103
59 113
59 130
59 135
59 157
59 201
59 242
59 277
59 305
59 309
59 353
59 364
59 396
59 405
59 414
59 442
59 445
59 471
60 65
60 159
60 194
60 196
60 231
60 240
60 263
60 269
60 272
60 294
60 368
60 370
60 387
60 388
60 392
60 416
60 422
60 446
60 466
60 467
61 64
61 71
61 90
61 101
61 113
61 117
61 135
61 145
61 146
61 152
61 170
61 183
61 201
61 212
61 214
61 228
61 230
61 259
61 280
61 284
61 307
61 310
61 351
61 418
61 421
61 434
61 444
61 445
61 458
61 459
61 469
61 471
61 473
61 479
62 68
62 79
62 92
62 102
62 104
62 133
62 168
62 185
62 202
62 236
62 257
62 296
62 317
62 346
62 349
62 362
62 371
62 379
62 383
62 433
63 88
63 126
63 193
63 197
63 298
63 317
63 320
63 335
63 338
63 349
63 379
63 383
64 71
64 74
64 76
64 90
64 103
64 113
64 135
64 157
64 201
64 228
64 238
64 284
64 305
64 310
64 351
64 396
64 414
64 442
64 445
64 469
64 471
64 479
64 496
65 134
65 226
65 240
65 253
65 267
65 318
65 329
65 368
65 387
65 388
65 391
65 403
65 422
65 440
65 453
65 467
65 468
66 103
66 124
66 130
66 134
66 155
66 234
66 252
66 267
66 277
66 299
66 309
66 318
66 329
66 333
66 353
66 364
66 388
66 391
66 405
66 429
66 440
66 450
66 467
66 468
66 472
66 486
67 76
67 93
67 114
67 121
67 171
67 203
67 225
67 246
67 280
67 284
67 342
67 426
67 454
67 484
67 495
67 496
68 79
68 92
68 102
68 104
68 162
68 168
68 236
68 244
68 257
68 296
68 346
68 362
68 371
68 399
68 419
69 116
69 125
69 144
69 150
69 165
69 167
69 191
69 211
69 220
69 235
69 270
69 285
69 289
69 290
69 341
69 357
69 365
69 376
69 380
69 390
69 411
69 476
69 492
70 72
70 85
70 106
70 198
70 224
70 249
70 273
70 308
70 316
70 344
70 448
70 474
70 475
71 73
71 90
71 101
71 113
71 115
71 117
71 135
71 157
71 201
71 212
71 214
71 216
71 228
71 230
71 242
71 259
71 310
71 325
71 343
71 351
71 359
71 414
71 418
71 421
71 445
71 469
71 471
71 473
72 85
72 106
72 163
72 198
72 209
72 224
72 249
72 273
72 308
72 316
72 344
72 448
72 452
72 474
72 475
73 113
73 130
73 135
73 157
73 177
73 186
73 216
73 230
73 242
73 247
73 274
73 282
73 305
73 343
73 364
73 400
73 405
73 414
73 490
74 86
74 103
74 171
74 203
74 238
74 304
74 396
74 446
74 466
74 479
74 496
75 87
75 96
75 99
75 100
75 120
75 154
75 172
75 182
75 207
75 208
75 271
75 279
75 287
75 302
75 326
75 330
75 398
75 413
75 431
75 455
75 463
76 93
76 114
76 121
76 145
76 146
76 152
76 171
76 201
76 203
76 225
76 262
76 280
76 284
76 307
76 310
76 351
76 418
76 426
76 432
76 434
76 469
76 479
76 484
76 495
76 496
77 81
77 97
77 102
77 185
77 199
77 215
77 257
77 339
77 346
77 419
77 433
77 470
77 488
78 112
78 119
78 148
78 166
78 169
78 204
78 239
78 243
78 251
78 264
78 266
78 292
78 306
78 312
78 319
78 355
78 363
78 375
78 382
78 408
78 423
78 427
78 436
78 482
79 102
79 162
79 168
79 199
79 215
79 244
79 296
79 339
79 346
79 362
79 419
79 447
79 449
79 470
79 488
80 124
80 130
80 155
80 177
80 189
80 252
80 327
80 364
80 373
80 400
80 405
80 407
80 429
80 435
80 450
80 472
80 486
80 489
80 490
80 491
81 97
81 102
81 133
81 185
81 199
81 202
81 236
81 257
81 339
81 346
81 433
81 470
82 87
82 136
82 143
82 149
82 158
82 161
82 206
82 208
82 222
82 247
82 274
82 286
82 291
82 462
82 485
83 108
83 122
83 139
83 141
83 205
83 210
83 226
83 237
83 253
83 264
83 268
83 269
83 360
83 363
83 368
83 397
83 403
83 422
83 430
83 443
83 453
83 464
83 493
84 111
84 142
84 160
84 170
84 321
84 347
84 354
84 361
84 438
84 444
84 458
84 459
84 461
85 106
85 114
85 163
85 198
85 224
85 225
85 246
85 249
85 385
85 432
85 448
85 454
85 474
85 484
85 495
86 171
86 196
86 203
86 238
86 294
86 304
86 392
86 446
86 466
86 496
87 96
87 100
87 120
87 149
87 158
87 172
87 186
87 206
87 207
87 208
87 222
87 247
87 271
87 274
87 279
87 287
87 302
87 330
87 413
87 431
87 489
88 110
88 126
88 164
88 193
88 197
88 265
88 283
88 298
88 301
88 320
88 335
88 338
88 386
88 389
88 402
88 480
88 494
89 131
89 154
89 176
89 182
89 302
89 315
89 326
89 406
89 409
89 417
89 431
89 455
89 456
89 460
90 101
90 113
90 117
90 135
90 157
90 201
90 212
90 214
90 216
90 228
90 230
90 259
90 284
90 305
90 310
90 351
90 396
90 414
90 418
90 421
90 445
90 469
90 471
90 479
91 140
91 187
91 195
91 300
91 342
91 428
91 498
92 102
92 104
92 133
92 193
92 197
92 202
92 236
92 257
92 296
92 317
92 346
92 349
92 362
92 371
92 379
92 383
92 433
93 114
93 121
93 146
93 163
93 171
93 203
93 225
93 246
93 280
93 284
93 342
93 426
93 432
93 454
93 484
93 495
93 496
94 98
94 109
94 123
94 137
94 138
94 143
94 161
94 167
94 180
94 184
94 217
94 232
94 270
94 291
94 410
94 411
94 415
94 439
94 465
94 485
95 112
95 178
95 210
95 227
95 255
95 260
95 266
95 293
95 314
95 356
95 363
95 430
95 443
96 99
96 120
96 137
96 182
96 207
96 211
96 220
96 287
96 289
96 302
96 330
96 376
96 398
96 431
96 455
96 463
96 476
97 102
97 104
97 133
97 185
97 202
97 236
97 257
97 346
97 349
97 379
97 433
98 123
98 125
98 137
98 138
98 143
98 161
98 167
98 180
98 184
98 211
98 217
98 232
98 235
98 270
98 350
98 352
98 365
98 380
98 390
98 410
98 411
98 415
98 465
98 485
99 116
99 147
99 182
99 191
99 211
99 220
99 285
99 289
99 315
99 358
99 376
99 380
99 398
99 401
99 431
99 455
99 456
99 463
99 476
99 481
100 120
100 151
100 154
100 172
100 177
100 186
100 206
100 207
100 208
100 223
100 271
100 279
100 287
100 302
100 324
100 326
100 330
100 400
100 407
100 413
100 489
100 490
100 491
101 117
101 145
101 146
101 152
101 170
101 183
101 201
101 212
101 228
101 259
101 262
101 307
101 310
101 321
101 351
101 354
101 361
101 418
101 421
101 434
101 438
101 444
101 458
101 459
101 469
101 473
101 497
102 104
102 133
102 185
102 199
102 202
102 236
102 257
102 339
102 346
102 349
102 362
102 371
102 419
102 433
102 470
102 488
103 130
103 157
103 238
103 252
103 277
103 305
103 309
103 353
103 364
103 391
103 396
103 405
103 414
103 442
103 445
103 467
103 468
103 471
104 133
104 185
104 197
104 202
104 236
104 257
104 296
104 317
104 346
104 349
104 362
104 371
104 379
104 383
104 433
105 156
105 174
105 188
105 200
105 213
105 221
105 233
105 254
105 295
105 303
105 313
105 322
105 327
105 374
105 381
105 412
105 477
106 163
106 198
106 224
106 249
106 273
106 316
106 448
106 454
106 474
106 475
107 109
107 136
107 143
107 161
107 180
107 184
107 190
107 229
107 232
107 278
107 323
107 367
107 378
107 384
107 415
107 420
107 424
107 437
107 439
107 462
107 483
108 118
108 122
108 127
108 139
108 141
108 173
108 179
108 205
108 234
108 237
108 245
108 267
108 268
108 275
108 276
108 281
108 297
108 299
108 311
108 318
108 328
108 329
108 332
108 333
108 340
108 397
108 440
108 441
108 493
109 136
109 143
109 161
109 180
109 184
109 190
109 229
109 232
109 278
109 291
109 323
109 367
109 378
109 384
109 415
109 420
109 424
109 437
109 462
109 483
109 485
110 164
110 241
110 258
110 265
110 281
110 297
110 298
110 301
110 356
110 386
110 389
110 402
110 480
110 494
111 142
111 160
111 183
111 198
111 209
111 218
111 308
111 321
111 344
111 354
111 438
111 452
111 459
111 461
112 166
112 178
112 255
112 264
112 266
112 293
112 314
112 360
112 363
112 375
112 382
112 427
112 430
112 436
113 135
113 157
113 201
113 212
113 214
113 216
113 228
113 230
113 242
113 259
113 305
113 310
113 351
113 396
113 414
113 442
113 445
113 469
113 471
113 479
114 121
114 146
114 152
114 163
114 183
114 198
114 209
114 218
114 224
114 225
114 246
114 262
114 280
114 284
114 307
114 344
114 354
114 426
114 432
114 434
114 448
114 454
114 484
114 495
115 117
115 132
115 136
115 149
115 214
115 216
115 228
115 230
115 259
115 274
115 278
115 282
115 286
115 323
115 325
115 343
115 359
115 367
115 384
115 462
115 473
115 497
116 144
116 147
116 150
116 191
116 211
116 220
116 285
116 289
116 357
116 358
116 376
116 380
116 390
116 398
116 401
116 455
116 456
116 463
116 476
116 481
117 132
117 145
117 170
117 212
117 214
117 216
117 228
117 230
117 259
117 310
117 321
117 325
117 343
117 351
117 361
117 418
117 421
117 444
117 458
117 459
117 469
117 473
117 497
118 124
118 127
118 155
118 173
118 179
118 221
118 233
118 234
118 245
118 275
118 299
118 313
118 322
118 328
118 332
118 333
118 340
118 372
118 373
118 472
118 477
118 478
118 486
119 148
119 166
119 169
119 204
119 239
119 243
119 251
119 306
119 312
119 319
119 331
119 334
119 355
119 375
119 408
119 423
119 436
119 482
120 154
120 172
120 182
120 207
120 208
120 223
120 271
120 279
120 287
120 302
120 326
120 330
120 398
120 413
120 431
120 455
121 146
121 152
121 163
121 171
121 203
121 225
121 246
121 262
121 280
121 284
121 307
121 310
121 342
121 351
121 418
121 426
121 432
121 434
121 479
121 484
121 495
121 496
122 139
122 141
122 205
122 210
122 227
122 237
122 245
122 253
122 268
122 276
122 281
122 297
122 311
122 340
122 360
122 363
122 397
122 403
122 430
122 441
122 443
122 453
122 464
122 493
123 137
123 138
123 143
123 161
123 167
123 180
123 181
123 184
123 190
123 217
123 229
123 232
123 270
123 350
123 352
123 410
123 415
123 420
123 424
123 439
123 465
123 483
123 485
124 127
124 155
124 179
124 189
124 234
124 252
124 299
124 313
124 318
124 327
124 329
124 333
124 364
124 372
124 373
124 400
124 429
124 435
124 450
124 472
124 477
124 486
125 144
125 150
125 165
125 211
125 235
125 256
125 270
125 285
125 290
125 336
125 337
125 341
125 350
125 352
125 357
125 365
125 380
125 390
125 395
125 410
125 411
125 451
125 492
126 164
126 193
126 197
126 298
126 320
126 335
126 338
126 389
126 402
126 480
127 139
127 155
127 173
127 179
127 234
127 245
127 267
127 268
127 275
127 276
127 299
127 318
127 322
127 328
127 329
127 332
127 333
127 340
127 372
127 373
127 450
127 472
127 477
127 478
127 486
128 129
128 131
128 162
128 192
128 219
128 244
128 250
128 261
128 288
128 366
128 377
128 394
128 406
128 417
128 447
128 449
128 457
128 460
129 131
129 154
129 192
129 219
129 223
129 250
129 261
129 288
129 366
129 377
129 394
129 406
129 417
129 449
129 457
129 460
130 157
130 242
130 252
130 277
130 305
130 309
130 353
130 364
130 391
130 396
130 400
130 405
130 414
130 429
130 442
130 450
131 153
131 192
131 219
131 250
131 261
131 366
131 377
131 394
131 406
131 417
131 460
132 142
132 160
132 170
132 259
132 278
132 323
132 325
132 347
132 361
132 367
132 369
132 384
132 421
132 458
132 461
132 473
132 497
133 185
133 193
133 202
133 236
133 257
133 317
133 346
133 349
133 362
133 371
133 379
133 383
133 433
134 240
134 252
134 267
134 277
134 309
134 318
134 329
134 353
134 368
134 387
134 388
134 391
134 422
134 429
134 440
134 450
134 467
134 468
135 157
135 201
135 212
135 214
135 216
135 228
135 230
135 259
135 305
135 310
135 351
135 396
135 414
135 418
135 442
135 445
135 469
135 471
135 479
136 143
136 161
136 180
136 278
136 286
136 291
136 323
136 325
136 359
136 367
136 378
136 384
136 415
136 462
137 138
137 161
137 167
137 184
137 211
137 270
137 285
137 289
137 291
137 365
137 376
137 380
137 390
137 398
137 410
137 411
137 463
137 465
137 485
138 143
138 161
138 167
138 180
138 184
138 211
138 217
138 232
138 270
138 291
138 365
138 380
138 410
138 411
138 415
138 463
138 465
138 485
139 141
139 205
139 210
139 227
139 237
139 245
139 253
139 268
139 275
139 276
139 281
139 297
139 311
139 328
139 332
139 340
139 397
139 441
139 443
139 493
140 187
140 195
140 300
140 428
141 205
141 210
141 227
141 237
141 245
141 255
141 260
141 268
141 276
141 281
141 297
141 311
141 332
141 340
141 360
141 397
141 430
141 441
141 443
141 493
142 160
142 170
142 321
142 347
142 361
142 369
142 438
142 444
142 458
142 459
142 461
142 473
142 497
143 161
143 180
143 184
143 190
143 232
143 278
143 291
143 323
143 367
143 378
143 384
143 415
143 424
143 439
143 462
143 465
143 483
143 485
144 150
144 165
144 191
144 211
144 235
144 285
144 290
144 341
144 357
144 365
144 376
144 380
144 390
144 411
144 476
144 492
145 146
145 152
145 170
145 183
145 212
145 218
145 262
145 280
145 284
145 307
145 310
145 321
145 351
145 354
145 361
145 418
145 421
145 432
145 434
145 438
145 444
145 458
145 459
145 469
145 473
146 152
146 163
146 183
146 212
146 218
146 225
146 262
146 280
146 284
146 307
146 310
146 321
146 351
146 354
146 418
146 421
146 432
146 434
146 438
146 444
146 459
146 469
146 479
146 484
147 191
147 220
147 285
147 289
147 315
147 357
147 358
147 376
147 398
147 401
147 455
147 456
147 476
147 481
148 243
148 248
148 251
148 306
148 312
148 331
148 334
148 345
148 348
148 355
148 375
148 393
148 423
148 425
148 482
148 499
149 158
149 177
149 186
149 206
149 208
149 216
149 222
149 230
149 242
149 247
149 274
149 282
149 286
149 291
149 325
149 343
149 359
149 462
149 490
150 165
150 191
150 211
150 220
150 285
150 341
150 357
150 358
150 365
150 376
150 380
150 390
150 476
150 492
151 154
151 172
151 174
151 188
151 189
151 200
151 223
151 250
151 271
151 288
151 295
151 303
151 313
151 324
151 326
151 327
151 366
151 407
151 413
151 417
151 491
152 163
152 170
152 183
152 209
152 212
152 218
152 225
152 262
152 280
152 284
152 307
152 310
152 321
152 351
152 354
152 418
152 421
152 432
152 434
152 438
152 444
152 458
152 459
152 469
152 479
153 176
153 261
153 377
153 406
153 409
153 447
153 449
153 460
154 172
154 182
154 188
154 192
154 207
154 223
154 250
154 279
154 287
154 288
154 302
154 324
154 326
154 330
154 366
154 413
154 417
154 431
154 491
155 179
155 189
155 234
155 252
155 299
155 303
155 313
155 318
155 327
155 329
155 333
155 372
155 373
155 429
155 435
155 450
155 472
155 477
155 486
156 197
156 213
156 221
156 233
156 254
156 283
156 296
156 374
156 381
156 399
156 412
156 487
157 177
157 201
157 214
157 216
157 228
157 230
157 242
157 282
157 305
157 343
157 364
157 396
157 405
157 414
157 442
157 445
157 471
157 490
158 177
158 186
158 206
158 208
158 222
158 247
158 271
158 274
158 279
158 282
158 286
158 291
158 343
158 359
158 413
158 462
158 490
159 175
159 194
159 196
159 226
159 231
159 240
159 263
159 269
159 272
159 294
159 345
159 348
159 370
159 387
159 392
159 393
159 403
159 404
159 416
159 425
159 453
160 321
160 347
160 361
160 369
160 458
160 461
161 167
161 180
161 184
161 222
161 232
161 291
161 378
161 410
161 415
161 462
161 465
161 483
161 485
162 168
162 215
162 219
162 244
162 261
162 377
162 394
162 419
162 447
162 449
163 183
163 198
163 209
163 218
163 224
163 225
163 246
163 262
163 280
163 307
163 308
163 344
163 354
163 432
163 434
163 448
163 452
163 454
163 474
163 484
163 495
164 241
164 258
164 265
164 298
164 301
164 320
164 335
164 356
164 386
164 389
164 402
164 480
164 494
165 191
165 211
165 235
165 256
165 270
165 285
165 290
165 336
165 337
165 341
165 350
165 357
165 365
165 380
165 390
165 411
165 492
166 169
166 204
166 239
166 251
166 264
166 266
166 292
166 293
166 312
166 319
166 355
166 363
166 375
166 382
166 408
166 423
166 427
166 436
166 482
167 184
167 211
167 235
167 270
167 285
167 289
167 365
167 376
167 380
167 390
167 410
167 411
167 463
167 465
167 485
168 219
168 244
168 296
168 362
168 381
168 394
168 399
168 449
169 204
169 239
169 292
169 306
169 312
169 319
169 355
169 375
169 408
169 423
169 436
169 482
170 183
170 212
170 228
170 259
170 262
170 307
170 310
170 321
170 347
170 351
170 354
170 361
170 418
170 421
170 434
170 438
170 444
170 458
170 459
170 461
170 473
170 497
171 203
171 246
171 280
171 284
171 342
171 426
171 479
171 484
171 495
171 496
172 207
172 208
172 223
172 271
172 279
172 287
172 302
172 324
172 326
172 330
172 407
172 413
172 431
172 489
172 491
173 179
173 221
173 233
173 234
173 245
173 268
173 275
173 276
173 281
173 297
173 299
173 322
173 328
173 332
173 333
173 340
173 372
173 373
173 441
173 477
173 478
173 487
174 188
174 200
174 213
174 223
174 250
174 254
174 288
174 295
174 303
174 313
174 324
174 327
174 366
174 412
174 417
174 457
175 194
175 231
175 248
175 263
175 272
175 345
175 393
175 404
175 416
175 425
176 182
176 315
176 377
176 401
176 406
176 409
176 456
176 460
177 186
177 206
177 208
177 242
177 247
177 271
177 274
177 282
177 286
177 364
177 400
177 407
177 413
177 489
177 490
177 491
178 210
178 227
178 255
178 260
178 264
178 266
178 293
178 314
178 356
178 360
178 363
178 382
178 430
178 443
179 221
179 233
179 234
179 245
179 275
179 299
179 313
179 322
179 327
179 328
179 333
179 340
179 372
179 373
179 472
179 477
179 478
179 486
180 184
180 190
180 217
180 229
180 232
180 291
180 323
180 378
180 410
180 415
180 420
180 424
180 439
180 462
180 465
180 483
180 485
181 184
181 190
181 217
181 229
181 232
181 270
181 336
181 350
181 352
181 395
181 410
181 415
181 420
181 424
181 439
181 451
181 483
182 207
182 287
182 302
182 315
182 326
182 330
182 398
182 406
182 431
182 455
182 456
183 198
183 209
183 212
183 218
183 225
183 262
183 280
183 284
183 307
183 310
183 321
183 344
183 351
183 354
183 418
183 421
183 432
183 434
183 438
183 444
183 452
183 458
183 459
183 461
184 217
184 229
184 232
184 270
184 291
184 350
184 410
184 415
184 420
184 439
184 465
184 483
184 485
185 199
185 202
185 236
185 257
185 339
185 346
185 349
185 371
185 419
185 433
185 470
185 488
186 206
186 208
186 222
186 242
186 247
186 271
186 274
186 279
186 282
186 286
186 343
186 359
186 400
186 407
186 413
186 489
186 490
187 195
187 196
187 263
187 294
187 428
187 466
188 192
188 200
188 213
188 223
188 250
188 254
188 288
188 295
188 303
188 313
188 324
188 326
188 327
188 366
188 412
188 417
188 457
188 491
189 234
189 303
189 313
189 324
189 327
189 364
189 372
189 373
189 400
189 407
189 429
189 435
189 450
189 472
189 477
189 486
189 489
189 491
190 229
190 232
190 378
190 415
190 420
190 424
190 437
190 439
190 483
191 211
191 220
191 285
191 289
191 341
191 357
191 358
191 365
191 376
191 380
191 390
191 398
191 401
191 411
191 463
191 476
191 481
192 219
192 223
192 250
192 261
192 288
192 326
192 366
192 394
192 406
192 417
192 457
193 197
193 317
193 320
193 335
193 338
193 349
193 379
193 383
194 226
194 231
194 243
194 248
194 269
194 272
194 331
194 334
194 345
194 348
194 370
194 393
194 404
194 416
194 425
194 499
195 196
195 263
195 294
195 428
195 466
196 263
196 272
196 294
196 304
196 370
196 387
196 392
196 404
196 416
196 446
196 466
197 283
197 298
197 317
197 320
197 335
197 338
197 371
197 379
197 381
197 383
198 209
198 218
198 224
198 225
198 262
198 273
198 308
198 344
198 354
198 432
198 438
198 448
198 452
199 215
199 257
199 339
199 346
199 419
199 433
199 470
199 488
200 213
200 223
200 233
200 250
200 254
200 288
200 295
200 303
200 313
200 324
200 327
200 366
200 412
200 457
201 212
201 228
201 284
201 305
201 310
201 351
201 396
201 414
201 418
201 442
201 445
201 469
201 471
201 479
202 236
202 257
202 317
202 346
202 349
202 371
202 379
202 433
203 238
203 304
203 426
203 446
203 466
203 479
203 496
204 239
204 292
204 306
204 312
204 319
204 375
204 408
204 423
204 427
204 436
204 482
205 210
205 227
205 237
205 245
205 253
205 268
205 275
205 276
205 281
205 297
205 311
205 332
205 340
205 360
205 368
205 397
205 403
205 441
205 443
205 453
205 493
206 208
206 222
206 242
206 247
206 271
206 274
206 279
206 282
206 286
206 343
206 359
206 413
206 489
206 490
207 208
207 271
207 279
207 287
207 302
207 326
207 330
207 398
207 413
207 431
207 455
208 222
208 247
208 271
208 274
208 279
208 282
208 286
208 287
208 302
208 330
208 407
208 413
208 489
208 490
208 491
209 218
209 224
209 225
209 262
209 273
209 308
209 321
209 344
209 354
209 432
209 434
209 438
209 452
209 459
210 227
210 237
210 255
210 260
210 264
210 268
210 276
210 281
210 297
210 311
210 314
210 360
210 363
210 397
210 430
210 441
210 443
210 493
211 220
211 235
211 270
211 285
211 289
211 341
211 357
211 358
211 365
211 376
211 380
211 390
211 398
211 411
211 463
211 465
211 476
211 492
212 214
212 228
212 230
212 259
212 307
212 310
212 321
212 351
212 361
212 418
212 421
212 434
212 438
212 444
212 445
212 458
212 459
212 469
212 473
212 497
213 221
213 233
213 254
213 295
213 303
213 313
213 322
213 374
213 381
213 412
213 477
213 487
214 216
214 228
214 230
214 242
214 259
214 274
214 282
214 286
214 325
214 343
214 359
214 421
214 473
214 497
215 244
215 339
215 346
215 419
215 470
215 488
216 228
216 230
216 242
216 247
216 259
216 274
216 282
216 286
216 325
216 343
216 359
216 414
217 229
217 232
217 270
217 336
217 350
217 352
217 395
217 410
217 415
217 420
217 424
217 439
217 451
217 465
218 224
218 225
218 262
218 280
218 284
218 307
218 308
218 321
218 344
218 351
218 354
218 418
218 432
218 434
218 438
218 444
218 452
218 459
219 244
219 250
219 261
219 288
219 366
219 394
219 412
219 417
219 449
219 457
220 285
220 289
220 315
220 357
220 358
220 376
220 380
220 390
220 398
220 401
220 455
220 456
220 463
220 476
220 481
221 233
221 254
221 295
221 313
221 322
221 328
221 372
221 373
221 374
221 477
221 478
221 487
222 247
222 274
222 282
222 286
222 291
222 462
222 485
223 250
223 271
223 279
223 287
223 288
223 302
223 303
223 324
223 326
223 330
223 366
223 407
223 413
223 417
223 457
223 491
224 225
224 246
224 262
224 273
224 308
224 344
224 354
224 432
224 448
224 452
224 454
224 474
224 484
225 246
225 262
225 280
225 284
225 307
225 344
225 354
225 426
225 432
225 434
225 448
225 452
225 454
225 484
225 495
226 237
226 240
226 251
226 253
226 269
226 348
226 360
226 368
226 393
226 403
226 422
226 453
226 464
226 499
227 241
227 255
227 258
227 260
227 268
227 276
227 281
227 297
227 311
227 332
227 356
227 397
227 430
227 441
227 443
227 493
228 230
228 259
228 310
228 325
228 343
228 351
228 359
228 414
228 418
228 421
228 445
228 469
228 471
228 473
229 232
229 378
229 415
229 420
229 424
229 437
229 439
229 483
230 242
230 247
230 259
230 274
230 282
230 286
230 325
230 343
230 359
230 414
231 248
231 263
231 269
231 272
231 334
231 345
231 348
231 370
231 393
231 404
231 416
231 425
231 499
232 270
232 352
232 378
232 410
232 415
232 420
232 424
232 437
232 439
232 465
232 483
233 254
233 295
233 313
233 322
233 372
233 374
233 477
233 478
233 487
234 245
234 252
234 267
234 275
234 299
234 318
234 327
234 328
234 329
234 333
234 340
234 372
234 373
234 429
234 435
234 440
234 450
234 468
234 472
234 477
234 486
235 256
235 270
235 285
235 290
235 336
235 337
235 341
235 350
235 352
235 365
235 380
235 390
235 395
235 410
235 411
235 451
235 465
235 492
236 257
236 296
236 317
236 346
236 349
236 362
236 371
236 379
236 383
236 433
237 245
237 253
237 268
237 275
237 276
237 311
237 340
237 360
237 368
237 397
237 403
237 422
237 441
237 443
237 453
237 464
237 493
238 277
238 304
238 309
238 353
238 388
238 396
238 442
238 446
238 467
238 496
239 292
239 306
239 312
239 319
239 375
239 408
239 423
239 427
239 436
239 482
240 253
240 269
240 368
240 370
240 387
240 388
240 392
240 403
240 416
240 422
240 440
240 446
240 453
240 467
241 258
241 265
241 281
241 297
241 298
241 301
241 311
241 356
241 386
241 389
241 402
241 441
241 480
241 494
242 247
242 274
242 282
242 286
242 305
242 343
242 359
242 364
242 400
242 414
242 490
243 248
243 251
243 306
243 312
243 331
243 334
243 345
243 348
243 355
243 375
243 393
243 423
243 425
243 482
243 499
244 296
244 362
244 394
244 419
244 447
244 449
245 268
245 275
245 276
245 281
245 297
245 299
245 311
245 328
245 332
245 333
245 340
245 372
245 397
245 441
245 478
245 493
246 300
246 342
246 385
246 426
246 432
246 454
246 484
246 495
246 498
247 274
247 282
247 286
247 343
247 359
247 489
247 490
248 331
248 334
248 345
248 393
248 404
248 425
249 273
249 316
249 448
249 474
249 475
250 254
250 288
250 295
250 324
250 326
250 366
250 394
250 412
250 417
250 457
251 264
251 269
251 312
251 331
251 334
251 345
251 348
251 355
251 360
251 363
251 375
251 464
251 482
251 499
252 267
252 277
252 299
252 309
252 318
252 329
252 333
252 353
252 364
252 373
252 391
252 405
252 429
252 435
252 440
252 450
252 468
252 472
252 486
253 269
253 348
253 360
253 368
253 403
253 422
253 453
253 464
253 499
254 288
254 295
254 303
254 313
254 322
254 374
254 381
254 399
254 412
254 457
254 477
255 260
255 264
255 266
255 293
255 311
255 314
255 356
255 360
255 363
255 397
255 430
255 443
255 493
256 270
256 290
256 336
256 337
256 341
256 350
256 352
256 365
256 395
256 451
256 492
257 317
257 339
257 346
257 349
257 362
257 371
257 379
257 419
257 433
257 470
258 265
258 281
258 297
258 301
258 311
258 332
258 356
258 386
258 389
258 402
258 441
258 478
258 487
258 494
259 310
259 325
259 343
259 351
259 359
259 361
259 418
259 421
259 458
259 469
259 473
259 497
260 281
260 311
260 314
260 356
260 397
260 430
260 441
260 443
260 493
261 288
261 366
261 377
261 394
261 406
261 417
261 447
261 449
261 457
261 460
262 280
262 284
262 307
262 310
262 321
262 344
262 351
262 354
262 418
262 432
262 434
262 438
262 444
262 452
262 458
262 459
262 484
263 272
263 294
263 370
263 387
263 392
263 404
263 416
263 446
263 466
264 266
264 293
264 314
264 360
264 363
264 375
264 382
264 430
264 443
264 464
264 499
265 298
265 301
265 356
265 386
265 389
265 402
265 480
265 494
266 293
266 314
266 363
266 382
266 427
266 430
267 275
267 277
267 299
267 318
267 329
267 333
267 368
267 388
267 391
267 422
267 429
267 440
267 450
267 467
267 468
267 486
268 275
268 276
268 281
268 297
268 299
268 311
268 328
268 332
268 340
268 397
268 441
268 493
269 345
269 348
269 368
269 370
269 393
269 403
269 416
269 422
269 453
269 464
269 499
270 290
270 336
270 337
270 341
270 350
270 352
270 365
270 380
270 390
270 395
270 410
270 411
270 451
270 465
270 492
271 279
271 287
271 302
271 324
271 326
271 330
271 400
271 407
271 413
271 431
271 489
271 490
271 491
272 294
272 345
272 370
272 387
272 392
272 393
272 404
272 416
272 425
272 466
273 308
273 316
273 344
273 448
273 452
273 474
274 282
274 286
274 325
274 343
274 359
274 462
274 489
274 490
275 276
275 297
275 299
275 318
275 328
275 329
275 332
275 333
275 340
275 372
275 440
275 486
276 281
276 297
276 311
276 328
276 332
276 340
276 397
276 441
276 478
276 493
277 309
277 318
277 353
277 388
277 391
277 396
277 405
277 429
277 442
277 450
277 467
277 468
278 323
278 325
278 367
278 369
278 378
278 384
278 437
278 462
278 483
278 497
279 287
279 302
279 324
279 326
279 330
279 407
279 413
279 431
279 489
279 491
280 284
280 307
280 310
280 351
280 354
280 418
280 426
280 432
280 434
280 444
280 459
280 469
280 479
280 484
280 495
281 297
281 311
281 328
281 332
281 340
281 386
281 397
281 441
281 478
281 493
282 286
282 325
282 343
282 359
282 462
282 490
283 298
283 320
283 374
283 381
283 386
283 487
283 494
284 307
284 310
284 351
284 418
284 426
284 432
284 434
284 445
284 469
284 471
284 479
284 484
284 495
284 496
285 289
285 341
285 357
285 358
285 365
285 376
285 380
285 390
285 398
285 411
285 463
285 476
285 492
286 291
286 325
286 343
286 359
286 462
286 490
287 302
287 326
287 330
287 398
287 413
287 431
287 455
288 295
288 326
288 366
288 394
288 412
288 417
288 457
289 358
289 376
289 380
289 390
289 398
289 411
289 455
289 463
289 476
290 336
290 337
290 341
290 350
290 352
290 365
290 395
290 410
290 451
290 492
291 415
291 462
291 485
292 319
292 375
292 382
292 408
292 423
292 427
292 436
293 314
293 363
293 382
293 427
293 430
294 304
294 370
294 387
294 392
294 416
294 446
294 466
295 303
295 313
295 322
295 327
295 374
295 412
295 457
295 477
296 317
296 346
296 362
296 371
296 381
296 383
296 399
297 311
297 328
297 332
297 340
297 386
297 397
297 441
297 478
297 487
297 493
298 301
298 320
298 335
298 338
298 386
298 389
298 402
298 480
298 494
299 318
299 328
299 329
299 333
299 340
299 372
299 373
299 429
299 440
299 450
299 468
299 472
299 477
299 486
300 342
300 385
300 428
300 454
300 498
301 356
301 386
301 389
301 402
301 480
301 494
302 326
302 330
302 413
302 431
302 455
303 313
303 324
303 327
303 373
303 407
303 435
303 472
303 477
303 491
304 387
304 388
304 392
304 446
304 466
304 467
304 496
305 309
305 353
305 364
305 396
305 405
305 414
305 442
305 445
305 471
305 490
306 312
306 319
306 331
306 334
306 355
306 375
306 408
306 423
306 482
307 310
307 321
307 351
307 354
307 418
307 421
307 432
307 434
307 438
307 444
307 458
307 459
307 469
307 479
308 344
308 354
308 432
308 438
308 452
309 318
309 329
309 353
309 364
309 388
309 391
309 396
309 405
309 414
309 429
309 442
309 450
309 467
309 468
310 351
310 418
310 421
310 434
310 444
310 445
310 459
310 469
310 471
310 479
311 328
311 332
311 340
311 356
311 397
311 441
311 443
311 493
312 319
312 331
312 334
312 355
312 375
312 408
312 423
312 436
312 482
313 324
313 327
313 372
313 373
313 407
313 435
313 472
313 477
313 491
314 360
314 363
314 382
314 430
314 443
315 358
315 401
315 406
315 409
315 455
315 456
315 481
316 448
316 474
316 475
317 320
317 338
317 349
317 362
317 371
317 379
317 383
317 433
318 329
318 333
318 373
318 388
318 391
318 405
318 429
318 440
318 450
318 467
318 468
318 472
318 486
319 375
319 408
319 423
319 436
319 482
320 335
320 338
320 383
320 389
320 402
320 480
320 494
321 347
321 351
321 354
321 361
321 418
321 421
321 434
321 438
321 444
321 452
321 458
321 459
321 461
321 473
321 497
322 328
322 332
322 372
322 373
322 374
322 477
322 478
322 487
323 325
323 359
323 367
323 369
323 378
323 384
323 462
323 483
324 326
324 327
324 366
324 400
324 407
324 413
324 435
324 489
324 491
325 343
325 359
325 367
325 384
325 462
325 473
325 497
326 330
326 366
326 413
326 417
326 431
326 491
327 372
327 373
327 400
327 407
327 435
327 472
327 477
327 486
327 491
328 332
328 333
328 340
328 372
328 441
328 477
328 478
328 487
329 333
329 372
329 373
329 391
329 405
329 429
329 440
329 450
329 468
329 472
329 486
330 398
330 413
330 431
330 455
331 334
331 345
331 348
331 355
331 375
331 393
331 423
331 425
331 482
331 499
332 340
332 386
332 397
332 441
332 478
332 487
332 493
333 340
333 372
333 373
333 391
333 429
333 440
333 450
333 468
333 472
333 477
333 486
334 345
334 348
334 355
334 393
334 425
334 482
334 499
335 338
335 379
335 383
335 389
335 402
335 480
336 337
336 341
336 350
336 352
336 365
336 395
336 451
336 492
337 341
337 350
337 352
337 395
337 451
337 492
338 379
338 383
338 389
338 480
339 346
339 419
339 433
339 470
339 488
340 372
340 397
340 441
340 478
340 493
341 350
341 357
341 365
341 380
341 390
341 395
341 411
341 492
342 385
342 426
342 428
342 454
342 484
342 495
342 498
343 359
343 462
344 354
344 432
344 434
344 438
344 448
344 452
344 459
345 348
345 370
345 393
345 404
345 416
345 425
345 499
346 362
346 371
346 419
346 433
346 470
346 488
347 361
347 369
347 458
347 461
347 473
347 497
348 355
348 393
348 403
348 425
348 453
348 464
348 499
349 371
349 379
349 383
349 433
350 352
350 365
350 395
350 410
350 411
350 451
350 465
350 492
351 418
351 421
351 434
351 438
351 444
351 445
351 458
351 459
351 469
351 471
351 479
352 395
352 410
352 439
352 451
352 465
353 364
353 388
353 391
353 396
353 405
353 414
353 429
353 442
353 450
353 467
353 468
353 471
354 418
354 432
354 434
354 438
354 444
354 452
354 458
354 459
354 461
355 375
355 408
355 423
355 482
357 358
357 365
357 376
357 380
357 390
357 401
357 411
357 476
357 481
357 492
358 376
358 398
358 401
358 455
358 456
358 463
358 476
358 481
359 367
359 384
359 462
360 363
360 397
360 403
360 430
360 443
360 453
360 464
360 493
360 499
361 369
361 418
361 421
361 438
361 444
361 458
361 459
361 461
361 473
361 497
362 371
362 383
362 399
362 419
362 433
363 375
363 382
363 430
363 443
363 464
364 400
364 405
364 414
364 429
364 435
364 442
364 450
364 490
365 376
365 380
365 390
365 410
365 411
365 465
365 492
366 394
366 412
366 417
366 457
367 369
367 378
367 384
367 462
367 497
368 387
368 388
368 403
368 422
368 440
368 453
369 384
369 458
369 473
369 497
370 387
370 392
370 393
370 404
370 416
370 446
370 466
371 379
371 383
371 433
372 373
372 450
372 472
372 477
372 478
372 486
373 429
373 435
373 450
373 472
373 477
373 486
374 381
374 399
374 412
374 487
375 382
375 408
375 423
375 436
375 482
376 380
376 390
376 398
376 401
376 411
376 455
376 463
376 476
376 481
377 406
377 409
377 447
377 449
377 460
378 384
378 415
378 420
378 424
378 437
378 439
378 483
379 383
379 433
380 390
380 398
380 410
380 411
380 463
380 465
380 476
380 485
380 492
381 399
381 412
382 408
382 423
382 427
382 430
382 436
384 462
384 497
385 454
385 495
385 498
386 389
386 402
386 441
386 478
386 480
386 487
386 494
387 388
387 392
387 416
387 422
387 446
387 466
387 467
388 391
388 422
388 440
388 446
388 467
388 468
389 402
389 480
389 494
390 411
390 476
390 492
391 405
391 429
391 440
391 442
391 450
391 467
391 468
391 486
392 416
392 446
392 466
393 404
393 416
393 425
393 499
394 412
394 417
394 449
394 457
395 451
396 405
396 414
396 442
396 445
396 471
396 479
397 430
397 441
397 443
397 493
398 431
398 455
398 463
398 476
399 412
400 407
400 435
400 472
400 489
400 490
400 491
401 456
401 476
401 481
402 480
402 494
403 422
403 453
403 464
403 499
404 416
404 425
405 414
405 429
405 442
405 450
405 468
406 409
406 417
406 460
407 413
407 435
407 489
407 490
407 491
408 423
408 427
408 436
408 482
409 456
409 460
410 411
410 415
410 439
410 465
410 485
411 463
411 465
411 476
411 485
411 492
412 457
413 431
413 489
413 490
413 491
414 442
414 445
414 469
414 471
414 479
415 420
415 424
415 437
415 439
415 465
415 483
415 485
416 425
417 457
418 421
418 434
418 438
418 444
418 445
418 458
418 459
418 469
418 473
418 479
419 470
419 488
420 424
420 437
420 439
420 483
421 434
421 438
421 444
421 458
421 459
421 469
421 473
421 497
422 440
422 453
423 436
423 482
424 437
424 439
424 483
426 454
426 484
426 495
426 496
427 436
428 466
428 498
429 435
429 440
429 450
429 468
429 472
429 486
430 443
430 464
430 493
431 455
431 463
432 434
432 438
432 448
432 452
432 454
432 459
432 484
432 495
434 438
434 444
434 452
434 458
434 459
434 469
435 450
435 472
435 486
435 489
435 491
436 482
437 439
437 483
438 444
438 452
438 458
438 459
438 461
438 473
439 483
440 450
440 467
440 468
440 486
441 478
441 493
442 445
442 471
442 479
443 464
443 493
444 458
444 459
444 461
444 469
444 473
444 497
445 469
445 471
445 479
446 466
446 467
446 496
447 449
447 460
448 454
448 474
448 475
450 468
450 472
450 486
452 459
453 464
453 499
454 474
454 484
454 495
454 498
455 456
455 463
455 476
456 476
456 481
458 459
458 461
458 473
458 497
459 461
459 473
461 473
461 497
463 476
463 485
464 499
465 485
467 468
468 486
469 471
469 479
470 488
471 479
472 477
472 486
473 497
474 475
476 481
477 478
477 486
477 487
478 487
478 494
479 496
480 494
484 495
487 494
489 490
489 491
495 498
