30 133
0 2
0 4
0 6
0 7
0 10
0 12
0 13
0 18
0 22
0 26
1 2
1 8
1 9
1 14
1 15
1 17
1 20
1 25
1 28
2 4
2 9
2 10
2 12
2 13
2 14
2 15
2 16
2 17
2 18
2 22
2 27
3 8
3 20
3 25
4 7
4 9
4 10
4 12
4 13
4 15
4 16
4 17
4 18
4 21
4 22
4 26
4 27
5 11
5 16
5 21
5 23
6 7
6 10
6 12
6 13
6 18
6 22
6 26
7 10
7 12
7 13
7 18
7 22
7 26
8 9
8 15
8 17
8 20
8 25
8 28
9 15
9 17
9 18
9 28
9 29
10 12
10 13
10 18
10 21
10 22
10 26
11 14
11 16
11 23
11 24
11 27
12 13
12 16
12 18
12 21
12 22
12 26
12 27
13 18
13 21
13 22
13 26
14 15
14 16
14 17
14 20
14 24
14 25
14 27
15 17
15 20
15 24
15 25
15 27
15 28
16 17
16 21
16 23
16 24
16 27
17 20
17 24
17 25
17 27
18 22
18 26
18 29
19 28
19 29
20 24
20 25
21 22
21 23
21 27
22 26
23 27
24 27
26 29
