80 551
0 6
0 10
0 13
0 22
0 28
0 42
0 53
0 58
0 78
1 4
1 8
1 14
1 20
1 22
1 24
1 27
1 28
1 30
1 34
1 44
1 56
1 60
1 61
1 63
1 66
1 79
2 17
2 18
2 21
2 32
2 46
2 55
2 57
2 71
2 75
3 8
3 23
3 26
3 29
3 31
3 33
3 35
3 36
3 37
3 40
3 48
3 50
3 64
3 65
3 69
3 74
4 8
4 14
4 20
4 22
4 24
4 27
4 28
4 30
4 32
4 34
4 42
4 44
4 56
4 58
4 60
4 61
4 66
4 71
4 79
5 38
5 43
5 45
5 51
5 52
5 59
5 68
6 7
6 19
6 42
6 53
6 58
6 78
7 16
7 19
7 49
7 54
7 58
7 62
7 70
7 72
7 78
8 9
8 20
8 23
8 24
8 27
8 30
8 31
8 33
8 34
8 35
8 36
8 37
8 50
8 56
8 63
8 65
8 66
8 69
8 74
9 11
9 25
9 30
9 35
9 39
9 45
9 50
9 51
9 63
9 64
9 65
9 68
9 69
9 73
9 76
9 77
9 79
10 13
10 14
10 28
10 38
10 41
10 42
10 43
10 52
10 53
10 60
10 79
11 25
11 39
11 45
11 51
11 59
11 63
11 64
11 68
11 73
11 76
11 77
12 15
12 16
12 18
12 19
12 22
12 32
12 34
12 44
12 49
12 55
12 58
12 61
12 67
12 70
12 72
13 28
13 38
13 41
13 42
13 43
13 52
13 53
13 60
14 20
14 22
14 27
14 28
14 30
14 42
14 44
14 60
14 61
14 63
14 79
15 16
15 18
15 19
15 32
15 49
15 55
15 58
15 67
15 70
15 72
16 19
16 49
16 54
16 58
16 62
16 67
16 70
16 72
16 78
17 18
17 21
17 32
17 46
17 57
17 71
17 75
18 32
18 55
18 67
18 71
18 75
19 49
19 54
19 58
19 62
19 67
19 70
19 72
19 78
20 23
20 24
20 27
20 28
20 30
20 32
20 34
20 35
20 37
20 44
20 50
20 56
20 61
20 63
20 66
20 69
20 71
20 79
21 46
21 57
21 75
22 27
22 28
22 30
22 34
22 42
22 44
22 49
22 53
22 58
22 61
23 24
23 29
23 31
23 33
23 35
23 36
23 37
23 48
23 50
23 56
23 57
23 65
23 66
23 69
23 74
24 27
24 30
24 31
24 32
24 34
24 36
24 37
24 46
24 50
24 56
24 57
24 61
24 66
24 71
25 26
25 35
25 39
25 40
25 47
25 64
25 65
25 69
25 73
25 76
25 77
26 33
26 40
26 47
26 64
26 74
27 28
27 30
27 32
27 34
27 37
27 44
27 56
27 61
27 66
27 71
28 30
28 38
28 42
28 44
28 52
28 60
28 61
28 79
29 31
29 33
29 36
29 37
29 48
29 57
29 74
30 34
30 37
30 44
30 50
30 56
30 60
30 61
30 63
30 66
30 79
31 33
31 36
31 37
31 46
31 48
31 50
31 56
31 57
31 66
31 71
31 74
32 34
32 44
32 46
32 55
32 56
32 61
32 66
32 67
32 71
32 75
33 35
33 36
33 37
33 40
33 48
33 50
33 64
33 65
33 69
33 74
34 37
34 44
34 55
34 56
34 61
34 66
34 71
35 36
35 37
35 40
35 48
35 50
35 63
35 64
35 65
35 69
35 73
35 74
35 77
36 37
36 48
36 50
36 56
36 57
36 69
36 74
37 48
37 50
37 56
37 57
37 66
37 69
37 71
37 74
38 41
38 43
38 51
38 52
38 59
38 60
38 79
39 40
39 47
39 64
39 65
39 69
39 73
39 76
39 77
40 47
40 64
40 65
40 69
40 73
40 74
40 77
41 42
41 43
41 51
41 52
41 60
41 79
42 44
42 53
42 58
42 60
42 61
43 51
43 52
43 59
44 49
44 55
44 58
44 61
44 66
45 51
45 59
45 63
45 68
45 73
45 76
45 77
45 79
46 56
46 57
46 71
46 75
47 64
47 77
48 50
48 69
48 74
49 54
49 55
49 58
49 62
49 67
49 70
49 72
49 78
50 56
50 63
50 64
50 65
50 66
50 69
50 73
50 74
51 52
51 59
51 60
51 63
51 68
51 76
51 79
52 59
52 60
52 79
53 58
53 78
54 58
54 62
54 70
54 72
54 78
55 58
55 67
55 70
55 71
55 72
56 57
56 61
56 66
56 71
57 66
57 71
57 75
58 61
58 62
58 67
58 70
58 72
58 78
59 68
59 76
59 79
60 63
60 68
60 79
61 66
61 71
62 72
62 78
63 65
63 68
63 69
63 73
63 76
63 79
64 65
64 69
64 73
64 74
64 76
64 77
65 69
65 73
65 74
65 76
65 77
66 71
67 70
67 72
68 73
68 76
68 79
69 73
69 74
69 77
70 72
70 78
71 75
72 78
73 76
73 77
76 77
