400 4187
0 81
0 95
0 102
0 107
0 109
0 122
0 134
0 171
0 172
0 212
0 222
0 239
0 312
0 321
0 342
0 361
0 363
1 42
1 61
1 68
1 156
1 160
1 175
1 218
1 226
1 241
1 253
1 290
1 317
1 322
1 337
1 364
1 367
2 16
2 74
2 83
2 105
2 130
2 189
2 195
2 259
2 283
2 284
2 285
2 296
2 316
2 382
2 384
2 387
2 390
2 396
3 6
3 10
3 67
3 99
3 100
3 105
3 124
3 142
3 151
3 155
3 176
3 189
3 248
3 270
3 283
3 284
3 299
3 301
3 315
3 316
3 354
3 355
3 356
3 366
3 382
4 12
4 20
4 37
4 39
4 45
4 50
4 76
4 77
4 110
4 136
4 141
4 146
4 157
4 159
4 223
4 256
4 264
4 289
4 369
5 30
5 69
5 80
5 85
5 103
5 137
5 190
5 202
5 219
5 227
5 234
5 244
5 258
5 259
5 262
5 268
5 273
5 280
5 292
5 338
5 387
6 28
6 67
6 99
6 100
6 120
6 124
6 129
6 142
6 177
6 192
6 200
6 206
6 248
6 270
6 299
6 301
6 308
6 315
6 348
6 355
6 356
6 366
6 368
6 381
6 391
7 19
7 29
7 66
7 78
7 92
7 101
7 118
7 125
7 140
7 147
7 153
7 166
7 168
7 180
7 184
7 198
7 203
7 246
7 247
7 255
7 288
7 298
7 302
7 313
7 335
7 341
7 344
7 353
7 372
7 380
7 398
8 9
8 15
8 28
8 29
8 60
8 65
8 89
8 94
8 99
8 115
8 120
8 177
8 181
8 197
8 199
8 200
8 206
8 215
8 236
8 250
8 260
8 267
8 274
8 281
8 307
8 315
8 324
8 350
8 358
8 386
8 391
9 26
9 28
9 60
9 89
9 94
9 197
9 199
9 215
9 228
9 250
9 254
9 272
9 274
9 281
9 307
9 325
9 336
9 340
9 386
9 391
10 100
10 142
10 144
10 151
10 155
10 176
10 232
10 240
10 283
10 296
10 301
10 354
10 366
10 382
11 35
11 46
11 47
11 102
11 114
11 145
11 205
11 209
11 237
11 245
11 318
11 320
11 327
11 359
11 393
12 18
12 20
12 37
12 39
12 45
12 50
12 71
12 76
12 77
12 110
12 136
12 141
12 146
12 157
12 159
12 167
12 188
12 207
12 217
12 223
12 256
12 264
12 269
12 289
12 360
12 369
13 14
13 52
13 59
13 79
13 87
13 90
13 178
13 194
13 230
13 297
13 304
13 334
13 357
14 57
14 59
14 74
14 80
14 83
14 87
14 130
14 194
14 201
14 285
14 333
14 334
14 387
15 29
15 65
15 66
15 99
15 115
15 120
15 121
15 140
15 153
15 166
15 177
15 181
15 192
15 206
15 236
15 248
15 260
15 267
15 274
15 288
15 299
15 307
15 313
15 315
15 324
15 350
15 356
15 358
15 386
15 391
16 74
16 83
16 105
16 111
16 130
16 144
16 189
16 195
16 213
16 283
16 284
16 285
16 296
16 316
16 382
16 384
16 390
16 396
17 22
17 31
17 98
17 128
17 134
17 156
17 185
17 222
17 239
17 278
17 306
17 349
17 374
18 20
18 39
18 45
18 50
18 54
18 71
18 77
18 108
18 110
18 113
18 126
18 133
18 136
18 138
18 148
18 150
18 154
18 157
18 167
18 179
18 183
18 188
18 196
18 207
18 217
18 242
18 264
18 269
18 287
18 360
18 369
19 32
19 78
19 84
19 92
19 101
19 118
19 125
19 147
19 153
19 168
19 169
19 184
19 198
19 203
19 246
19 247
19 255
19 288
19 302
19 335
19 341
19 344
19 346
19 353
19 372
19 379
19 380
19 394
19 398
20 37
20 39
20 45
20 50
20 71
20 77
20 110
20 113
20 133
20 136
20 141
20 146
20 150
20 157
20 159
20 167
20 188
20 207
20 217
20 223
20 256
20 264
20 269
20 289
20 360
20 369
21 27
21 55
21 62
21 73
21 93
21 106
21 152
21 165
21 182
21 183
21 204
21 211
21 216
21 235
21 282
21 295
21 319
21 345
21 388
21 399
22 31
22 51
22 86
22 128
22 161
22 185
22 266
22 278
22 306
22 331
22 376
23 46
23 53
23 81
23 88
23 102
23 107
23 109
23 143
23 172
23 209
23 233
23 237
23 245
23 305
23 320
23 321
23 323
23 326
23 343
23 361
23 363
23 393
24 48
24 74
24 96
24 111
24 119
24 213
24 243
24 333
24 384
25 36
25 40
25 70
25 91
25 97
25 154
25 164
25 221
25 251
25 261
25 277
25 310
25 332
25 371
25 385
25 389
26 34
26 60
26 89
26 94
26 197
26 199
26 210
26 215
26 228
26 250
26 254
26 263
26 272
26 274
26 281
26 307
26 325
26 340
26 373
26 386
27 44
27 55
27 62
27 182
27 204
27 211
27 216
27 235
27 282
27 295
27 388
28 60
28 67
28 99
28 115
28 120
28 177
28 181
28 199
28 200
28 215
28 236
28 250
28 272
28 274
28 281
28 299
28 307
28 308
28 315
28 336
28 348
28 355
28 368
28 381
28 386
28 391
29 65
29 66
29 99
29 115
29 120
29 121
29 140
29 153
29 166
29 180
29 181
29 192
29 206
29 236
29 248
29 260
29 267
29 288
29 299
29 313
29 315
29 356
29 358
30 69
30 80
30 85
30 116
30 135
30 195
30 202
30 219
30 259
30 268
30 273
30 284
30 292
30 298
30 338
30 387
30 395
31 86
31 98
31 128
31 134
31 156
31 185
31 212
31 222
31 239
31 278
31 306
31 331
31 349
31 374
32 33
32 38
32 41
32 53
32 63
32 78
32 84
32 88
32 118
32 147
32 168
32 169
32 184
32 186
32 193
32 198
32 203
32 246
32 247
32 255
32 279
32 293
32 302
32 329
32 341
32 342
32 344
32 346
32 353
32 372
32 375
33 38
33 41
33 53
33 63
33 78
33 84
33 88
33 107
33 109
33 118
33 143
33 169
33 184
33 186
33 233
33 246
33 255
33 279
33 329
33 342
33 361
33 363
33 372
33 375
34 174
34 210
34 228
34 249
34 254
34 263
34 286
34 291
34 314
34 325
34 328
34 340
34 373
34 397
35 46
35 102
35 205
35 209
35 237
35 245
35 251
35 320
35 323
35 343
35 393
36 40
36 70
36 91
36 97
36 164
36 221
36 251
36 261
36 277
36 310
36 332
36 343
36 371
36 385
36 389
37 39
37 45
37 50
37 71
37 76
37 77
37 110
37 136
37 141
37 146
37 157
37 159
37 188
37 223
37 256
37 264
37 289
37 369
38 41
38 53
38 88
38 109
38 143
38 147
38 168
38 169
38 173
38 186
38 233
38 238
38 257
38 265
38 275
38 302
38 305
38 329
38 344
38 361
38 372
38 375
38 377
38 379
38 392
39 45
39 50
39 71
39 77
39 110
39 113
39 133
39 136
39 138
39 141
39 146
39 148
39 150
39 157
39 167
39 179
39 183
39 188
39 207
39 217
39 264
39 269
39 289
39 360
39 369
40 46
40 70
40 91
40 97
40 132
40 164
40 237
40 251
40 261
40 277
40 305
40 310
40 323
40 332
40 339
40 343
40 371
40 385
40 389
40 393
41 53
41 78
41 84
41 88
41 109
41 118
41 143
41 147
41 168
41 169
41 184
41 186
41 233
41 246
41 255
41 279
41 329
41 341
41 342
41 361
41 372
41 375
41 377
41 379
41 392
42 58
42 61
42 82
42 127
42 160
42 187
42 214
42 218
42 226
42 229
42 241
42 253
42 271
42 276
42 294
42 317
42 322
42 330
42 337
42 347
42 351
42 364
42 367
42 370
43 62
43 73
43 79
43 93
43 103
43 106
43 112
43 137
43 165
43 178
43 182
43 190
43 220
43 227
43 234
43 258
43 262
43 280
43 282
43 292
43 295
43 309
43 345
43 357
43 378
43 383
43 388
44 110
44 146
44 217
44 235
44 289
44 360
45 50
45 71
45 77
45 136
45 141
45 154
45 157
45 167
45 179
45 188
45 207
45 264
45 369
46 102
46 205
46 209
46 237
46 245
46 251
46 261
46 320
46 323
46 326
46 343
46 393
47 51
47 86
47 114
47 145
47 161
47 278
47 318
47 327
47 331
47 359
48 57
48 74
48 96
48 111
48 119
48 194
48 201
48 243
48 333
48 334
49 56
49 72
49 75
49 104
49 117
49 127
49 131
49 149
49 163
49 187
49 224
49 229
49 231
49 271
49 303
49 347
49 362
50 71
50 76
50 77
50 110
50 136
50 141
50 146
50 157
50 159
50 167
50 188
50 207
50 217
50 223
50 256
50 264
50 269
50 289
50 360
50 369
51 86
51 114
51 128
51 161
51 185
51 266
51 278
51 327
51 331
51 359
51 376
52 79
52 90
52 158
52 178
52 230
52 297
52 304
52 357
52 378
53 81
53 88
53 107
53 109
53 143
53 186
53 233
53 275
53 305
53 326
53 329
53 342
53 361
53 363
53 375
53 377
54 70
54 108
54 113
54 123
54 126
54 133
54 138
54 148
54 150
54 162
54 164
54 167
54 170
54 183
54 196
54 207
54 208
54 242
54 287
54 310
54 339
55 62
55 106
55 182
55 204
55 211
55 216
55 235
55 282
55 295
55 388
56 75
56 117
56 127
56 131
56 187
56 231
56 303
56 311
56 362
57 59
57 74
57 83
57 87
57 130
57 194
57 201
57 243
57 333
57 334
58 61
58 63
58 68
58 82
58 122
58 160
58 191
58 193
58 218
58 241
58 253
58 276
58 279
58 293
58 294
58 312
58 317
58 322
58 330
58 337
58 351
58 364
58 370
59 74
59 80
59 83
59 87
59 130
59 194
59 201
59 230
59 334
60 72
60 89
60 94
60 104
60 115
60 149
60 181
60 197
60 199
60 215
60 228
60 236
60 250
60 254
60 272
60 274
60 281
60 307
60 324
60 325
60 340
60 350
60 386
60 391
61 63
61 68
61 82
61 122
61 160
61 191
61 218
61 241
61 253
61 276
61 279
61 293
61 294
61 312
61 317
61 322
61 330
61 337
61 351
61 364
61 370
62 73
62 93
62 103
62 106
62 152
62 165
62 182
62 190
62 204
62 211
62 216
62 220
62 227
62 280
62 282
62 295
62 309
62 319
62 345
62 383
62 388
62 399
63 78
63 84
63 95
63 186
63 191
63 193
63 246
63 276
63 279
63 293
63 294
63 317
63 322
63 329
63 342
63 346
63 351
63 370
63 375
64 72
64 75
64 117
64 131
64 174
64 228
64 263
64 286
64 303
64 311
64 314
64 325
64 328
64 362
65 66
65 115
65 120
65 121
65 140
65 153
65 166
65 181
65 203
65 206
65 236
65 260
65 267
65 288
65 313
65 324
65 350
65 353
65 358
65 365
66 99
66 120
66 121
66 124
66 125
66 140
66 153
66 166
66 180
66 192
66 206
66 248
66 260
66 267
66 288
66 298
66 299
66 313
66 315
66 335
66 356
66 358
67 99
67 100
67 120
67 124
67 129
67 142
67 177
67 192
67 200
67 206
67 248
67 270
67 299
67 301
67 308
67 315
67 348
67 355
67 356
67 366
67 368
67 381
67 386
67 391
68 98
68 122
68 134
68 156
68 160
68 171
68 175
68 212
68 222
68 226
68 241
68 253
68 290
68 312
68 317
68 322
68 349
68 364
68 374
69 80
69 85
69 103
69 116
69 135
69 137
69 195
69 202
69 219
69 234
69 244
69 258
69 259
69 262
69 268
69 273
69 292
69 338
69 387
70 91
70 97
70 108
70 113
70 132
70 138
70 148
70 154
70 164
70 170
70 179
70 221
70 242
70 277
70 310
70 332
70 339
70 371
70 385
70 389
71 77
71 110
71 113
71 133
71 136
71 138
71 148
71 150
71 154
71 157
71 167
71 179
71 188
71 207
71 217
71 264
71 269
71 289
71 360
71 369
72 75
72 89
72 94
72 104
72 117
72 131
72 149
72 163
72 197
72 224
72 228
72 231
72 263
72 303
72 311
72 347
72 362
73 79
73 90
73 93
73 103
73 106
73 158
73 165
73 178
73 182
73 190
73 204
73 211
73 220
73 227
73 258
73 280
73 282
73 292
73 295
73 304
73 309
73 345
73 357
73 378
73 388
74 83
74 96
74 111
74 119
74 130
74 194
74 201
74 213
74 285
74 333
74 334
74 384
75 94
75 104
75 117
75 131
75 149
75 163
75 197
75 224
75 228
75 231
75 303
75 311
75 347
75 362
76 77
76 110
76 141
76 146
76 159
76 223
76 256
76 289
77 110
77 136
77 141
77 146
77 157
77 159
77 167
77 188
77 207
77 223
77 256
77 264
77 289
77 369
78 84
78 101
78 118
78 125
78 147
78 153
78 169
78 184
78 186
78 191
78 193
78 198
78 203
78 246
78 247
78 255
78 279
78 288
78 293
78 329
78 341
78 344
78 346
78 353
78 365
78 372
78 375
78 380
79 80
79 90
79 158
79 165
79 178
79 220
79 230
79 258
79 292
79 297
79 304
79 345
79 357
79 378
80 85
80 178
80 195
80 202
80 258
80 259
80 273
80 285
80 292
80 338
80 357
80 387
81 88
81 95
81 102
81 107
81 109
81 122
81 171
81 172
81 212
81 239
81 312
81 321
81 342
81 361
81 363
82 127
82 163
82 191
82 193
82 214
82 218
82 224
82 229
82 231
82 253
82 271
82 276
82 294
82 317
82 330
82 337
82 347
82 351
82 364
82 367
82 370
83 96
83 130
83 194
83 195
83 201
83 259
83 285
83 333
83 334
83 384
83 387
83 390
83 396
84 101
84 118
84 125
84 147
84 153
84 168
84 169
84 184
84 186
84 191
84 193
84 198
84 203
84 246
84 247
84 255
84 279
84 288
84 293
84 302
84 329
84 341
84 342
84 344
84 346
84 353
84 365
84 372
84 375
84 380
85 103
85 116
85 137
85 190
85 195
85 202
85 219
85 227
85 234
85 244
85 258
85 259
85 262
85 268
85 273
85 280
85 292
85 338
85 387
86 114
86 128
86 145
86 161
86 185
86 266
86 278
86 318
86 327
86 331
86 359
86 376
87 194
87 201
87 230
87 334
88 107
88 109
88 143
88 186
88 233
88 275
88 305
88 326
88 329
88 342
88 361
88 363
88 375
88 377
89 94
89 197
89 199
89 215
89 228
89 250
89 254
89 263
89 272
89 274
89 281
89 307
89 325
89 340
89 373
89 386
89 391
90 158
90 178
90 230
90 292
90 297
90 304
90 357
90 378
91 97
91 164
91 221
91 251
91 261
91 277
91 310
91 332
91 371
91 385
91 389
92 101
92 118
92 125
92 140
92 147
92 153
92 168
92 169
92 173
92 180
92 184
92 198
92 203
92 246
92 247
92 255
92 268
92 288
92 298
92 302
92 335
92 341
92 344
92 372
92 379
92 380
92 394
92 398
93 106
93 112
93 126
93 152
93 165
93 182
93 183
93 190
93 211
93 216
93 220
93 227
93 235
93 280
93 287
93 295
93 309
93 319
93 345
93 383
93 388
93 399
94 104
94 115
94 117
94 149
94 163
94 181
94 197
94 199
94 215
94 228
94 236
94 260
94 274
94 281
94 307
94 324
94 340
94 350
94 386
94 391
95 107
95 109
95 122
95 171
95 172
95 212
95 222
95 239
95 312
95 321
95 322
95 342
95 361
95 363
96 111
96 119
96 130
96 201
96 213
96 243
96 296
96 333
96 384
97 154
97 164
97 179
97 221
97 251
97 261
97 277
97 310
97 332
97 371
97 385
97 389
98 122
98 128
98 134
98 156
98 160
98 171
98 175
98 185
98 212
98 222
98 239
98 241
98 290
98 306
98 312
98 349
98 374
99 100
99 115
99 120
99 121
99 124
99 140
99 166
99 177
99 181
99 192
99 200
99 206
99 236
99 248
99 267
99 270
99 299
99 301
99 315
99 355
99 356
99 358
99 366
99 368
99 391
100 105
100 124
100 142
100 151
100 155
100 176
100 189
100 192
100 248
100 270
100 283
100 284
100 299
100 301
100 315
100 316
100 354
100 355
100 356
100 366
100 382
100 395
101 118
101 125
101 147
101 153
101 168
101 169
101 173
101 180
101 184
101 198
101 203
101 246
101 247
101 255
101 288
101 298
101 302
101 335
101 341
101 344
101 372
101 379
101 380
101 394
101 398
102 107
102 109
102 143
102 172
102 205
102 209
102 237
102 245
102 318
102 320
102 321
102 323
102 326
102 343
102 361
102 363
102 393
103 106
103 112
103 137
103 139
103 165
103 190
103 219
103 220
103 227
103 234
103 244
103 258
103 262
103 280
103 292
103 309
103 338
103 345
103 352
103 383
104 117
104 149
104 163
104 197
104 214
104 224
104 228
104 231
104 271
104 274
104 303
104 324
104 347
104 350
105 124
105 135
105 151
105 189
105 195
105 270
105 283
105 284
105 285
105 296
105 316
105 382
105 390
105 395
105 396
106 112
106 152
106 165
106 182
106 190
106 204
106 211
106 216
106 220
106 227
106 258
106 262
106 280
106 282
106 295
106 309
106 345
106 378
106 383
106 388
107 109
107 143
107 171
107 172
107 209
107 233
107 239
107 321
107 326
107 342
107 361
107 363
108 113
108 123
108 126
108 132
108 133
108 138
108 148
108 150
108 162
108 170
108 196
108 207
108 208
108 242
108 287
108 310
108 339
109 143
109 172
109 186
109 233
109 275
109 305
109 320
109 321
109 323
109 326
109 342
109 361
109 363
109 375
110 133
110 136
110 141
110 146
110 150
110 157
110 159
110 167
110 188
110 207
110 217
110 223
110 256
110 264
110 269
110 289
110 360
110 369
111 119
111 130
111 144
111 213
111 243
111 296
111 333
111 384
112 137
112 139
112 152
112 190
112 219
112 220
112 225
112 227
112 234
112 238
112 244
112 252
112 258
112 262
112 280
112 300
112 309
112 345
112 352
112 383
112 394
113 126
113 133
113 136
113 138
113 148
113 150
113 154
113 157
113 167
113 179
113 183
113 188
113 196
113 207
113 217
113 242
113 264
113 269
113 287
113 319
113 369
114 128
114 145
114 161
114 209
114 278
114 318
114 327
114 331
114 359
115 120
115 177
115 181
115 197
115 206
115 215
115 236
115 260
115 267
115 274
115 281
115 307
115 313
115 324
115 350
115 358
115 386
115 391
116 135
116 180
116 195
116 202
116 219
116 259
116 268
116 284
116 298
116 335
116 338
116 395
117 131
117 149
117 163
117 197
117 224
117 231
117 271
117 303
117 324
117 347
117 362
118 125
118 147
118 153
118 168
118 169
118 184
118 186
118 193
118 198
118 203
118 246
118 247
118 255
118 279
118 288
118 293
118 302
118 329
118 341
118 344
118 346
118 353
118 372
118 375
118 379
118 380
119 213
119 243
119 333
119 384
120 121
120 140
120 166
120 177
120 181
120 192
120 200
120 206
120 236
120 248
120 260
120 267
120 299
120 313
120 315
120 356
120 358
120 386
120 391
121 124
121 140
121 166
121 180
121 192
121 206
121 248
121 267
121 298
121 299
121 313
121 315
121 356
121 358
121 395
122 134
122 156
122 160
122 171
122 172
122 212
122 222
122 239
122 241
122 253
122 312
122 317
122 321
122 322
122 363
123 132
123 162
123 170
123 208
123 242
123 257
123 265
123 275
123 300
123 305
123 339
123 377
123 392
124 135
124 151
124 166
124 189
124 192
124 248
124 270
124 283
124 284
124 299
124 301
124 315
124 356
124 366
124 382
124 395
125 140
125 147
125 153
125 168
125 180
125 184
125 198
125 203
125 246
125 247
125 255
125 288
125 298
125 302
125 313
125 335
125 341
125 344
125 353
125 372
125 380
125 394
125 398
126 133
126 138
126 148
126 150
126 152
126 162
126 183
126 196
126 208
126 235
126 242
126 269
126 287
126 319
126 399
127 163
127 187
127 218
127 224
127 226
127 229
127 231
127 253
127 276
127 317
127 337
127 347
127 364
127 367
128 134
128 145
128 161
128 185
128 239
128 278
128 306
128 318
128 327
128 331
128 359
128 376
129 142
129 176
129 200
129 301
129 308
129 336
129 348
129 354
129 355
129 366
129 368
129 381
130 194
130 195
130 201
130 213
130 285
130 296
130 316
130 333
130 334
130 384
130 387
130 390
130 396
131 187
131 231
131 303
131 311
131 347
131 362
132 162
132 170
132 233
132 265
132 275
132 305
132 310
132 323
132 332
132 339
132 343
132 371
132 377
133 136
133 138
133 148
133 150
133 157
133 167
133 183
133 188
133 196
133 207
133 217
133 235
133 242
133 264
133 269
133 287
133 319
133 360
133 369
133 399
134 156
134 171
134 185
134 212
134 222
134 239
134 241
134 278
134 290
134 306
134 312
134 349
134 374
135 180
135 189
135 195
135 202
135 219
135 259
135 268
135 284
135 298
135 316
135 387
135 390
135 395
135 396
136 141
136 146
136 150
136 154
136 157
136 167
136 179
136 188
136 207
136 217
136 264
136 269
136 289
136 360
136 369
137 139
137 190
137 219
137 220
137 225
137 227
137 234
137 244
137 258
137 262
137 280
137 309
137 338
137 345
137 352
137 383
138 148
138 150
138 157
138 167
138 179
138 183
138 188
138 196
138 207
138 208
138 217
138 242
138 269
138 287
138 319
138 399
139 152
139 173
139 190
139 219
139 225
139 227
139 234
139 238
139 244
139 252
139 262
139 280
139 300
139 309
139 352
139 383
139 394
139 398
140 153
140 166
140 180
140 192
140 206
140 247
140 248
140 260
140 267
140 288
140 298
140 299
140 313
140 335
140 356
140 358
141 146
141 157
141 159
141 223
141 256
141 264
141 289
141 360
141 369
142 151
142 155
142 176
142 232
142 240
142 270
142 283
142 301
142 354
142 355
142 366
142 382
143 233
143 245
143 275
143 305
143 320
143 323
143 326
143 342
143 343
143 361
143 363
143 375
143 377
144 151
144 155
144 176
144 213
144 232
144 240
144 283
144 296
144 384
145 205
145 209
145 278
145 318
145 327
145 331
145 359
146 157
146 159
146 217
146 223
146 256
146 269
146 289
146 360
146 369
147 168
147 169
147 173
147 184
147 186
147 198
147 203
147 238
147 246
147 247
147 255
147 257
147 302
147 329
147 335
147 341
147 344
147 372
147 379
147 380
147 392
147 394
147 398
148 150
148 154
148 164
148 167
148 179
148 183
148 188
148 196
148 207
148 208
148 242
148 269
148 287
148 310
149 163
149 197
149 214
149 224
149 231
149 271
149 274
149 303
149 324
149 347
149 350
150 157
150 167
150 183
150 188
150 196
150 207
150 217
150 235
150 242
150 269
150 287
150 319
150 360
150 369
150 399
151 155
151 176
151 189
151 232
151 240
151 270
151 283
151 296
151 301
151 316
151 354
151 355
151 366
151 382
152 182
152 183
152 190
152 196
152 208
152 211
152 216
152 227
152 235
152 280
152 287
152 295
152 309
152 319
152 345
152 383
152 399
153 166
153 180
153 184
153 198
153 203
153 246
153 247
153 255
153 260
153 267
153 288
153 313
153 335
153 341
153 346
153 353
153 358
153 365
153 380
154 164
154 167
154 179
154 188
154 207
154 221
154 242
154 264
154 277
154 310
154 371
154 389
155 176
155 189
155 232
155 240
155 283
155 296
155 301
155 354
155 366
155 382
156 160
156 171
156 175
156 212
156 222
156 226
156 241
156 253
156 290
156 306
156 312
156 322
156 349
156 374
157 167
157 183
157 188
157 207
157 217
157 235
157 256
157 264
157 269
157 289
157 360
157 369
158 165
158 178
158 230
158 258
158 282
158 297
158 304
158 357
158 378
158 388
159 223
159 256
159 289
159 369
160 175
160 212
160 218
160 222
160 226
160 241
160 253
160 276
160 290
160 312
160 317
160 322
160 337
160 364
160 367
161 266
161 278
161 327
161 331
161 359
161 376
162 170
162 208
162 238
162 242
162 252
162 257
162 265
162 275
162 300
162 339
162 377
162 392
163 214
163 224
163 229
163 231
163 271
163 303
163 324
163 330
163 347
163 350
164 179
164 221
164 242
164 277
164 310
164 332
164 371
164 385
164 389
165 178
165 182
165 190
165 211
165 220
165 227
165 258
165 262
165 280
165 282
165 292
165 295
165 309
165 345
165 357
165 378
165 388
166 180
166 192
166 206
166 248
166 267
166 298
166 299
166 313
166 315
166 356
166 358
166 395
167 179
167 188
167 207
167 217
167 242
167 264
167 269
167 369
168 169
168 173
168 184
168 198
168 225
168 238
168 247
168 252
168 257
168 300
168 302
168 335
168 341
168 344
168 372
168 379
168 380
168 392
168 394
168 398
169 173
169 184
169 186
169 198
169 238
169 246
169 247
169 252
169 257
169 265
169 300
169 302
169 329
169 341
169 344
169 372
169 375
169 377
169 379
169 380
169 392
169 394
169 398
170 208
170 242
170 257
170 265
170 275
170 305
170 339
170 377
170 392
171 172
171 212
171 222
171 239
171 312
171 321
171 322
171 363
172 209
172 212
172 239
172 312
172 321
172 326
172 361
172 363
173 198
173 225
173 238
173 252
173 257
173 265
173 300
173 302
173 344
173 352
173 372
173 377
173 379
173 380
173 392
173 394
173 398
174 210
174 249
174 254
174 263
174 286
174 291
174 314
174 325
174 328
174 373
174 397
175 222
175 226
175 241
175 253
175 290
175 306
175 349
175 364
175 374
176 232
176 240
176 283
176 301
176 354
176 366
176 382
177 181
177 192
177 200
177 206
177 236
177 250
177 299
177 301
177 307
177 308
177 315
177 348
177 355
177 366
177 368
177 381
177 386
177 391
178 220
178 230
178 258
178 273
178 292
178 297
178 304
178 338
178 357
178 378
179 188
179 207
179 221
179 242
179 264
179 277
179 310
179 371
180 192
180 198
180 248
180 268
180 298
180 335
180 356
180 380
180 395
181 197
181 200
181 206
181 236
181 260
181 267
181 274
181 281
181 299
181 307
181 313
181 315
181 324
181 350
181 358
181 386
181 391
182 183
182 204
182 211
182 216
182 220
182 235
182 282
182 295
182 319
182 345
182 388
182 399
183 188
183 196
183 207
183 208
183 216
183 217
183 235
183 269
183 287
183 319
183 360
183 399
184 186
184 191
184 193
184 198
184 203
184 246
184 247
184 255
184 279
184 288
184 293
184 302
184 329
184 341
184 344
184 346
184 353
184 365
184 372
184 375
184 380
185 222
185 278
185 306
185 331
185 349
185 374
185 376
186 233
186 246
186 255
186 279
186 293
186 329
186 341
186 342
186 346
186 361
186 372
186 375
187 218
187 229
187 231
187 347
187 362
187 367
188 196
188 207
188 217
188 264
188 269
188 287
188 289
188 360
188 369
189 195
189 270
189 283
189 284
189 285
189 296
189 316
189 382
189 390
189 395
189 396
190 219
190 220
190 225
190 227
190 234
190 244
190 258
190 262
190 280
190 309
190 345
190 352
190 383
191 193
191 203
191 214
191 246
191 255
191 271
191 276
191 279
191 293
191 294
191 317
191 322
191 329
191 330
191 337
191 341
191 346
191 351
191 353
191 365
191 370
192 206
192 248
192 267
192 270
192 299
192 315
192 356
192 358
192 395
193 203
193 214
193 246
193 255
193 271
193 276
193 279
193 293
193 294
193 329
193 330
193 341
193 346
193 351
193 353
193 365
193 370
194 201
194 230
194 333
194 334
195 202
195 259
195 273
195 284
195 285
195 316
195 338
195 387
195 390
195 395
195 396
196 207
196 208
196 217
196 235
196 242
196 269
196 287
196 319
196 399
197 199
197 215
197 228
197 236
197 274
197 281
197 307
197 324
197 325
197 340
197 350
197 386
197 391
198 203
198 246
198 247
198 255
198 288
198 298
198 302
198 335
198 341
198 344
198 372
198 379
198 380
198 394
198 398
199 215
199 228
199 250
199 254
199 263
199 272
199 274
199 281
199 307
199 325
199 340
199 386
199 391
200 206
200 236
200 250
200 299
200 301
200 308
200 315
200 336
200 348
200 355
200 366
200 368
200 381
200 386
200 391
201 285
201 333
201 334
201 384
202 219
202 259
202 268
202 273
202 284
202 285
202 292
202 338
202 387
202 390
202 396
203 246
203 247
203 255
203 288
203 293
203 294
203 313
203 329
203 341
203 346
203 353
203 365
203 372
203 380
204 211
204 216
204 282
204 295
204 378
204 388
205 209
205 237
205 245
205 318
205 320
205 323
205 343
205 393
206 236
206 248
206 260
206 267
206 299
206 313
206 315
206 356
206 358
206 386
206 391
207 217
207 242
207 264
207 269
207 287
207 360
207 369
208 242
208 287
208 300
208 319
208 383
208 399
209 237
209 245
209 318
209 320
209 321
209 323
209 326
209 327
209 359
209 393
210 249
210 254
210 263
210 272
210 291
210 314
210 325
210 328
210 340
210 373
211 216
211 235
211 282
211 295
211 319
211 345
211 388
211 399
212 222
212 239
212 241
212 312
212 321
212 322
213 232
213 296
213 333
213 384
214 224
214 271
214 276
214 293
214 294
214 324
214 330
214 337
214 347
214 351
214 353
214 365
214 370
215 228
215 250
215 254
215 263
215 272
215 274
215 281
215 307
215 325
215 340
215 386
215 391
216 235
216 282
216 287
216 295
216 319
216 388
216 399
217 235
217 269
217 287
217 289
217 319
217 360
217 369
217 399
218 226
218 229
218 241
218 253
218 276
218 317
218 322
218 330
218 337
218 351
218 364
218 367
219 234
219 244
219 262
219 268
219 280
219 298
219 335
219 338
219 352
219 394
219 398
220 227
220 234
220 258
220 262
220 280
220 282
220 292
220 295
220 309
220 345
220 357
220 378
220 383
220 388
221 261
221 277
221 310
221 332
221 371
221 385
221 389
222 239
222 241
222 290
222 306
222 312
222 322
222 349
222 374
223 256
223 289
223 369
224 231
224 271
224 276
224 294
224 303
224 324
224 330
224 347
224 350
224 365
224 370
225 234
225 238
225 244
225 252
225 257
225 262
225 280
225 300
225 302
225 309
225 344
225 352
225 379
225 383
225 392
225 394
225 398
226 229
226 241
226 253
226 290
226 317
226 337
226 364
226 367
227 234
227 244
227 258
227 262
227 280
227 292
227 309
227 345
227 352
227 383
228 254
228 263
228 272
228 274
228 281
228 307
228 325
228 340
228 373
229 231
229 253
229 276
229 317
229 337
229 347
229 364
229 367
230 297
230 304
230 357
231 271
231 303
231 347
231 362
232 240
232 283
232 296
232 354
232 382
233 265
233 275
233 305
233 323
233 326
233 342
233 361
233 375
233 377
233 392
234 244
234 252
234 258
234 262
234 280
234 300
234 309
234 345
234 352
234 383
234 394
235 269
235 287
235 295
235 319
235 360
235 399
236 250
236 260
236 267
236 274
236 281
236 299
236 307
236 313
236 315
236 324
236 350
236 358
236 386
236 391
237 245
237 251
237 261
237 320
237 323
237 326
237 343
237 393
238 244
238 252
238 257
238 265
238 300
238 302
238 344
238 352
238 377
238 379
238 392
238 394
238 398
239 278
239 312
239 321
239 363
240 283
240 296
240 301
240 354
240 382
241 253
241 290
241 312
241 317
241 322
241 337
241 349
241 364
241 367
241 374
242 287
242 310
242 339
242 371
243 333
244 252
244 262
244 268
244 280
244 300
244 309
244 338
244 352
244 383
244 394
244 398
245 320
245 323
245 326
245 343
245 393
246 247
246 255
246 279
246 288
246 293
246 302
246 329
246 341
246 344
246 346
246 353
246 365
246 372
246 375
246 380
247 255
247 288
247 302
247 313
247 335
247 341
247 344
247 346
247 353
247 372
247 379
247 380
247 398
248 267
248 270
248 299
248 301
248 315
248 356
248 358
248 395
249 254
249 263
249 286
249 291
249 314
249 325
249 328
249 373
249 397
250 272
250 274
250 281
250 307
250 308
250 325
250 336
250 340
250 348
250 368
250 381
250 386
250 391
251 261
251 277
251 310
251 323
251 332
251 343
251 371
251 385
251 389
251 393
252 257
252 265
252 300
252 302
252 344
252 352
252 379
252 383
252 392
252 394
252 398
253 276
253 290
253 312
253 317
253 322
253 337
253 351
253 364
253 367
254 263
254 272
254 281
254 291
254 314
254 325
254 328
254 340
254 373
255 279
255 288
255 293
255 294
255 329
255 341
255 346
255 353
255 365
255 372
255 375
255 380
256 289
256 360
256 369
257 265
257 275
257 300
257 302
257 344
257 372
257 377
257 379
257 392
257 394
258 262
258 273
258 280
258 292
258 309
258 338
258 345
258 357
258 378
259 273
259 284
259 285
259 292
259 316
259 338
259 387
259 390
259 396
260 267
260 274
260 288
260 313
260 324
260 350
260 353
260 358
260 365
261 277
261 332
261 343
261 371
261 385
261 389
261 393
262 280
262 309
262 338
262 345
262 352
262 383
263 286
263 291
263 311
263 314
263 325
263 328
263 340
263 373
263 397
264 269
264 289
264 369
265 275
265 300
265 305
265 339
265 377
265 379
265 392
266 331
266 376
267 288
267 299
267 313
267 315
267 324
267 350
267 356
267 358
267 391
268 298
268 335
268 338
268 352
268 394
268 395
268 398
269 287
269 289
269 319
269 360
269 369
269 399
270 283
270 284
270 299
270 301
270 315
270 316
270 356
270 366
270 382
270 390
270 395
271 276
271 294
271 324
271 330
271 337
271 347
271 350
271 365
271 370
272 281
272 307
272 325
272 336
272 340
272 381
272 386
272 391
273 285
273 292
273 338
273 387
274 281
274 307
274 324
274 325
274 340
274 350
274 386
274 391
275 305
275 323
275 326
275 339
275 343
275 377
275 392
276 279
276 293
276 294
276 317
276 322
276 330
276 337
276 351
276 364
276 367
276 370
277 310
277 332
277 371
277 385
277 389
278 306
278 318
278 327
278 331
278 359
279 293
279 294
279 322
279 329
279 330
279 341
279 342
279 346
279 351
279 370
279 375
280 309
280 345
280 352
280 383
281 307
281 325
281 340
281 350
281 386
281 391
282 295
282 304
282 345
282 378
282 388
283 284
283 296
283 301
283 316
283 354
283 366
283 382
283 390
284 285
284 316
284 382
284 387
284 390
284 395
284 396
285 316
285 384
285 387
285 390
285 396
286 291
286 311
286 314
286 328
286 397
287 319
287 399
288 313
288 335
288 341
288 346
288 353
288 358
288 365
288 380
289 360
289 369
290 306
290 349
290 364
290 374
291 314
291 325
291 328
291 373
291 397
292 297
292 338
292 345
292 357
292 387
293 294
293 329
293 330
293 341
293 342
293 346
293 351
293 353
293 365
293 370
294 317
294 330
294 337
294 346
294 351
294 353
294 365
294 370
295 309
295 319
295 345
295 388
295 399
296 316
296 382
296 384
296 390
297 304
297 357
297 378
298 335
298 380
298 395
298 398
299 301
299 315
299 355
299 356
299 358
299 366
299 368
299 391
300 302
300 352
300 377
300 379
300 383
300 392
300 394
300 398
301 315
301 348
301 354
301 355
301 366
301 368
301 382
302 335
302 341
302 344
302 372
302 379
302 380
302 392
302 394
302 398
303 311
303 347
303 362
304 357
304 378
305 320
305 323
305 326
305 339
305 343
305 361
305 377
306 349
306 374
307 324
307 325
307 340
307 350
307 386
307 391
308 336
308 348
308 354
308 355
308 366
308 368
308 381
309 345
309 352
309 383
310 332
310 339
310 371
310 385
310 389
311 314
311 328
311 362
312 317
312 321
312 322
312 351
312 363
313 324
313 350
313 353
313 358
313 365
314 328
314 373
314 397
315 355
315 356
315 366
315 368
315 386
315 391
316 382
316 384
316 387
316 390
316 396
317 322
317 330
317 337
317 351
317 364
317 367
317 370
318 327
318 331
318 359
319 399
320 323
320 326
320 343
320 393
321 361
321 363
322 337
322 351
322 364
322 370
323 326
323 343
323 361
323 393
324 350
324 358
324 365
325 340
325 373
326 343
326 361
326 363
326 393
327 331
327 359
328 373
328 397
329 341
329 342
329 346
329 372
329 375
330 337
330 347
330 351
330 365
330 370
331 359
331 376
332 339
332 343
332 371
332 385
332 389
333 334
333 384
335 344
335 380
335 394
335 398
336 348
336 368
336 381
337 351
337 364
337 367
337 370
338 387
339 343
339 371
339 377
340 373
340 386
341 344
341 346
341 353
341 365
341 372
341 375
341 380
342 361
342 363
342 375
343 393
344 372
344 379
344 380
344 392
344 394
344 398
345 378
345 383
345 388
346 353
346 365
346 370
346 372
348 354
348 355
348 366
348 368
348 381
349 374
350 358
350 386
350 391
351 364
351 370
352 383
352 394
352 398
353 365
353 370
354 355
354 366
354 382
355 366
355 368
355 381
356 358
356 395
357 378
360 369
361 363
361 375
364 367
365 370
366 368
366 381
366 382
368 381
368 386
368 391
371 385
371 389
372 375
372 379
372 380
372 392
372 394
372 398
373 397
377 379
377 392
378 388
379 380
379 392
379 394
379 398
380 394
380 398
382 390
384 390
384 396
385 389
386 391
387 390
387 396
390 395
390 396
392 394
394 398
