300 2918
0 43
0 52
0 60
0 68
0 70
0 91
0 132
0 157
0 231
0 247
0 252
0 253
0 261
1 20
1 21
1 23
1 53
1 54
1 86
1 114
1 131
1 139
1 153
1 158
1 176
1 197
1 207
1 209
1 212
1 221
1 260
2 5
2 42
2 48
2 59
2 81
2 109
2 125
2 143
2 154
2 172
2 177
2 182
2 194
2 211
2 223
2 236
2 237
2 286
2 290
3 9
3 27
3 41
3 47
3 80
3 84
3 108
3 136
3 140
3 161
3 181
3 202
3 205
3 222
3 249
3 276
3 297
4 24
4 32
4 39
4 40
4 61
4 78
4 79
4 87
4 89
4 103
4 118
4 127
4 167
4 168
4 198
4 219
4 242
4 251
4 269
4 275
4 278
4 289
4 291
4 295
5 8
5 18
5 19
5 21
5 28
5 42
5 50
5 59
5 67
5 85
5 109
5 112
5 128
5 155
5 182
5 189
5 211
5 223
5 236
6 11
6 29
6 33
6 35
6 45
6 57
6 72
6 105
6 111
6 117
6 124
6 162
6 166
6 169
6 184
6 191
6 199
6 200
6 204
6 229
6 268
6 274
6 280
6 293
7 9
7 95
7 98
7 119
7 120
7 123
7 145
7 151
7 154
7 161
7 171
7 172
7 181
7 210
7 222
7 225
7 234
7 237
7 246
7 249
7 263
7 266
7 276
7 281
7 282
7 284
7 297
8 16
8 19
8 20
8 21
8 23
8 28
8 50
8 79
8 85
8 128
8 129
8 155
8 167
8 173
8 175
8 197
8 255
8 260
9 27
9 47
9 80
9 84
9 108
9 119
9 120
9 136
9 161
9 181
9 202
9 222
9 225
9 249
9 276
9 297
10 13
10 69
10 122
10 164
10 187
10 217
10 241
10 257
10 259
10 262
10 273
11 35
11 72
11 105
11 111
11 124
11 135
11 162
11 191
11 193
11 199
11 268
11 274
11 285
12 59
12 62
12 64
12 67
12 73
12 75
12 77
12 81
12 99
12 106
12 112
12 121
12 143
12 156
12 170
12 189
12 201
12 211
12 213
12 223
12 236
12 239
12 292
12 299
13 25
13 32
13 122
13 144
13 164
13 187
13 198
13 217
13 228
13 240
13 242
13 257
13 259
13 262
14 65
14 66
14 104
14 113
14 176
14 185
14 190
14 208
14 235
14 244
14 248
14 250
14 258
14 277
14 287
14 294
14 296
15 26
15 36
15 55
15 56
15 69
15 96
15 101
15 102
15 122
15 134
15 138
15 142
15 163
15 218
15 224
15 230
15 241
15 254
15 265
15 271
15 273
16 21
16 23
16 28
16 50
16 85
16 126
16 128
16 129
16 139
16 173
16 175
16 197
16 255
17 22
17 43
17 49
17 60
17 82
17 91
17 96
17 107
17 127
17 134
17 149
17 163
17 218
17 224
17 230
17 247
17 256
17 271
18 19
18 42
18 61
18 74
18 79
18 87
18 89
18 109
18 110
18 125
18 141
18 155
18 160
18 174
18 182
18 214
18 216
18 219
18 269
18 289
18 295
19 21
19 28
19 42
19 50
19 67
19 79
19 85
19 109
19 112
19 128
19 155
19 167
19 211
19 255
20 21
20 23
20 50
20 67
20 85
20 99
20 112
20 114
20 131
20 139
20 156
20 158
20 189
20 197
20 212
20 255
20 260
20 296
21 23
21 50
21 67
21 85
21 112
21 114
21 128
21 131
21 139
21 156
21 158
21 189
21 197
21 211
21 212
21 239
21 255
21 260
22 43
22 49
22 60
22 68
22 74
22 76
22 82
22 91
22 107
22 115
22 127
22 141
22 146
22 149
22 218
22 219
22 224
22 247
22 252
22 256
22 271
23 50
23 54
23 85
23 86
23 114
23 131
23 139
23 156
23 158
23 197
23 212
23 255
23 260
24 32
24 39
24 40
24 61
24 78
24 87
24 89
24 103
24 118
24 127
24 144
24 168
24 198
24 242
24 251
24 257
24 275
24 278
24 291
25 32
25 144
25 164
25 179
25 187
25 217
25 228
25 240
25 257
25 259
25 262
26 36
26 55
26 56
26 96
26 101
26 102
26 134
26 138
26 142
26 163
26 230
26 247
26 265
26 271
26 273
27 31
27 41
27 80
27 83
27 84
27 92
27 108
27 116
27 140
27 161
27 202
27 205
27 215
27 222
27 249
27 272
27 276
28 39
28 50
28 79
28 85
28 103
28 128
28 129
28 155
28 159
28 167
28 173
28 175
28 255
29 30
29 35
29 45
29 57
29 72
29 94
29 100
29 105
29 111
29 124
29 126
29 147
29 162
29 178
29 183
29 195
29 199
29 204
29 227
29 229
29 264
29 274
29 279
29 280
29 285
29 293
29 298
30 35
30 46
30 51
30 57
30 94
30 100
30 111
30 126
30 135
30 162
30 178
30 183
30 193
30 203
30 204
30 227
30 264
30 270
30 274
30 279
30 285
30 298
31 44
31 48
31 71
31 83
31 84
31 90
31 92
31 98
31 108
31 116
31 119
31 121
31 143
31 161
31 177
31 201
31 213
31 215
31 272
31 299
32 40
32 78
32 118
32 144
32 168
32 179
32 187
32 198
32 228
32 242
32 251
32 257
32 259
32 275
32 291
33 35
33 45
33 72
33 105
33 117
33 124
33 148
33 166
33 169
33 184
33 191
33 199
33 200
33 229
33 268
33 293
34 46
34 51
34 58
34 63
34 93
34 100
34 135
34 165
34 178
34 183
34 188
34 193
34 196
34 203
34 220
34 226
34 245
34 270
34 285
35 45
35 57
35 72
35 105
35 111
35 124
35 162
35 191
35 193
35 199
35 200
35 204
35 229
35 264
35 268
35 274
35 285
35 293
35 298
36 55
36 56
36 69
36 96
36 101
36 102
36 122
36 134
36 142
36 163
36 224
36 230
36 241
36 254
36 271
36 273
37 45
37 57
37 94
37 118
37 130
37 137
37 147
37 159
37 166
37 179
37 195
37 204
37 229
37 232
37 278
37 279
37 280
37 298
38 53
38 54
38 86
38 153
38 176
38 180
38 192
38 206
38 207
38 209
38 238
38 283
39 40
39 61
39 78
39 79
39 87
39 89
39 103
39 118
39 129
39 130
39 137
39 155
39 159
39 167
39 168
39 251
39 269
39 275
39 278
39 295
40 61
40 78
40 79
40 87
40 89
40 103
40 118
40 129
40 130
40 137
40 144
40 159
40 167
40 168
40 195
40 198
40 242
40 251
40 275
40 278
41 44
41 80
41 84
41 92
41 108
41 116
41 140
41 202
41 205
41 215
41 272
42 59
42 61
42 67
42 74
42 79
42 109
42 110
42 125
42 128
42 155
42 160
42 174
42 182
42 194
42 211
42 214
42 216
42 219
42 269
42 295
43 49
43 60
43 68
43 70
43 76
43 82
43 91
43 107
43 115
43 231
43 247
43 252
43 253
43 256
43 261
43 271
44 71
44 75
44 83
44 92
44 133
44 186
44 213
44 215
44 272
45 57
45 72
45 94
45 105
45 111
45 124
45 162
45 166
45 169
45 184
45 199
45 200
45 204
45 229
45 268
45 274
45 280
45 293
45 298
46 51
46 93
46 100
46 111
46 135
46 162
46 178
46 183
46 188
46 193
46 196
46 203
46 245
46 264
46 270
46 285
47 80
47 136
47 140
47 181
47 202
47 205
47 276
48 81
48 83
48 90
48 95
48 98
48 108
48 116
48 119
48 121
48 125
48 143
48 145
48 154
48 161
48 172
48 177
48 194
48 201
48 213
48 222
48 223
48 237
48 246
48 284
48 286
48 290
49 60
49 76
49 82
49 91
49 96
49 107
49 115
49 127
49 149
49 163
49 218
49 224
49 230
49 247
49 256
49 271
49 291
50 67
50 79
50 85
50 112
50 128
50 131
50 155
50 175
50 197
50 211
50 255
50 260
51 58
51 63
51 93
51 100
51 126
51 135
51 165
51 178
51 183
51 188
51 196
51 203
51 220
51 221
51 226
51 245
51 264
51 270
51 285
52 68
52 70
52 88
52 123
52 132
52 151
52 157
52 171
52 210
52 231
52 234
52 252
52 253
52 261
52 263
52 266
53 54
53 58
53 63
53 86
53 153
53 180
53 192
53 206
53 207
53 209
53 221
53 226
53 283
54 58
54 63
54 86
54 139
54 153
54 158
54 165
54 192
54 197
54 207
54 209
54 220
54 221
54 226
54 283
55 56
55 101
55 102
55 142
55 254
56 69
56 96
56 101
56 102
56 122
56 134
56 142
56 163
56 230
56 241
56 254
56 273
57 72
57 94
57 105
57 130
57 137
57 147
57 159
57 166
57 195
57 204
57 227
57 229
57 264
57 274
57 279
57 280
57 293
57 298
58 63
58 93
58 126
58 139
58 165
58 175
58 178
58 183
58 188
58 197
58 220
58 221
58 226
58 245
58 270
59 64
59 67
59 73
59 81
59 109
59 112
59 125
59 143
59 177
59 189
59 194
59 201
59 211
59 223
59 236
59 239
59 292
59 299
60 68
60 70
60 74
60 76
60 82
60 91
60 107
60 115
60 141
60 146
60 149
60 231
60 247
60 252
60 253
60 256
60 261
60 271
61 78
61 79
61 87
61 89
61 103
61 110
61 118
61 127
61 149
61 155
61 160
61 167
61 168
61 174
61 214
61 216
61 219
61 251
61 269
61 275
61 289
61 291
61 295
62 64
62 66
62 73
62 75
62 77
62 81
62 99
62 106
62 150
62 156
62 170
62 185
62 186
62 189
62 223
62 233
62 236
62 239
62 258
62 292
62 294
62 296
62 299
63 93
63 139
63 165
63 188
63 197
63 209
63 220
63 221
63 226
63 245
63 270
64 67
64 73
64 75
64 77
64 81
64 90
64 106
64 112
64 121
64 143
64 170
64 177
64 186
64 189
64 201
64 211
64 213
64 223
64 236
64 239
64 292
64 299
65 66
65 86
65 99
65 104
65 114
65 156
65 158
65 176
65 185
65 190
65 206
65 207
65 208
65 212
65 235
65 248
65 250
65 258
65 287
65 294
65 296
66 73
66 99
66 104
66 114
66 131
66 156
66 158
66 176
66 185
66 189
66 208
66 212
66 239
66 258
66 287
66 292
66 294
66 296
67 73
67 81
67 85
67 109
67 112
67 128
67 131
67 156
67 189
67 211
67 223
67 236
67 239
67 292
68 70
68 74
68 76
68 82
68 88
68 91
68 115
68 132
68 141
68 146
68 157
68 210
68 231
68 247
68 252
68 253
68 256
68 261
68 263
69 96
69 101
69 122
69 134
69 163
69 164
69 217
69 224
69 230
69 241
69 257
69 259
69 262
69 273
70 76
70 82
70 88
70 91
70 115
70 123
70 132
70 141
70 145
70 146
70 157
70 171
70 210
70 231
70 252
70 253
70 261
70 263
71 75
71 83
71 90
71 92
71 121
71 133
71 170
71 186
71 213
71 215
71 272
71 299
72 105
72 111
72 117
72 124
72 162
72 169
72 184
72 191
72 199
72 200
72 204
72 229
72 268
72 274
72 293
73 75
73 77
73 81
73 99
73 106
73 112
73 150
73 156
73 170
73 185
73 189
73 223
73 236
73 239
73 292
73 296
73 299
74 76
74 82
74 87
74 89
74 110
74 115
74 127
74 141
74 146
74 149
74 160
74 174
74 182
74 214
74 216
74 219
74 252
74 256
74 269
74 286
74 289
74 295
75 77
75 81
75 90
75 106
75 121
75 133
75 150
75 152
75 170
75 186
75 201
75 213
75 233
75 272
75 292
75 299
76 82
76 91
76 115
76 141
76 146
76 149
76 214
76 231
76 247
76 252
76 253
76 256
76 261
77 81
77 90
77 106
77 121
77 133
77 150
77 170
77 186
77 189
77 201
77 213
77 223
77 233
77 236
77 239
77 292
77 299
78 87
78 89
78 103
78 118
78 130
78 137
78 144
78 168
78 179
78 198
78 242
78 251
78 275
78 278
78 291
79 87
79 89
79 103
79 110
79 118
79 128
79 129
79 155
79 159
79 160
79 167
79 168
79 216
79 269
79 295
80 84
80 92
80 136
80 140
80 161
80 202
80 205
80 249
80 276
81 90
81 106
81 112
81 121
81 143
81 177
81 189
81 201
81 211
81 213
81 223
81 236
81 239
81 292
81 299
82 91
82 107
82 115
82 141
82 146
82 149
82 214
82 247
82 252
82 253
82 256
82 261
83 84
83 90
83 92
83 98
83 108
83 116
83 119
83 121
83 143
83 161
83 177
83 201
83 213
83 215
83 272
83 299
84 90
84 92
84 108
84 116
84 119
84 140
84 161
84 202
84 205
84 215
84 222
84 249
84 272
84 276
85 109
85 112
85 128
85 131
85 155
85 189
85 211
85 255
85 260
86 104
86 114
86 131
86 139
86 153
86 158
86 176
86 180
86 192
86 206
86 207
86 208
86 209
86 212
86 238
86 260
86 287
86 296
87 89
87 103
87 110
87 118
87 127
87 149
87 155
87 160
87 168
87 174
87 198
87 214
87 216
87 219
87 242
87 251
87 256
87 269
87 275
87 289
87 291
87 295
88 95
88 123
88 132
88 145
88 146
88 151
88 157
88 171
88 210
88 231
88 234
88 252
88 253
88 261
88 263
88 266
88 281
88 282
89 103
89 110
89 127
89 149
89 160
89 168
89 174
89 198
89 214
89 216
89 219
89 242
89 251
89 256
89 269
89 275
89 289
89 291
89 295
90 98
90 106
90 108
90 116
90 121
90 143
90 177
90 186
90 201
90 213
90 215
90 223
90 237
90 272
90 299
91 107
91 115
91 141
91 146
91 149
91 218
91 247
91 252
91 253
91 256
91 261
91 271
92 108
92 116
92 213
92 215
92 272
93 135
93 165
93 178
93 183
93 188
93 196
93 203
93 220
93 221
93 226
93 245
93 270
94 100
94 130
94 137
94 147
94 159
94 166
94 195
94 204
94 227
94 229
94 264
94 278
94 279
94 280
94 293
94 298
95 98
95 119
95 120
95 123
95 145
95 151
95 154
95 172
95 194
95 210
95 222
95 225
95 234
95 237
95 246
95 263
95 266
95 282
95 284
95 286
95 290
96 101
96 107
96 122
96 134
96 142
96 163
96 164
96 218
96 224
96 230
96 241
96 257
96 262
96 271
96 273
97 148
97 166
97 169
97 179
97 184
97 232
97 240
97 243
98 108
98 116
98 119
98 120
98 143
98 145
98 154
98 161
98 172
98 177
98 194
98 222
98 225
98 237
98 246
98 249
98 282
98 284
98 286
98 290
99 104
99 106
99 112
99 114
99 131
99 156
99 158
99 185
99 189
99 212
99 239
99 258
99 287
99 292
99 294
99 296
100 111
100 126
100 135
100 162
100 165
100 173
100 175
100 178
100 183
100 203
100 204
100 220
100 227
100 264
100 270
100 279
100 285
100 298
101 102
101 122
101 134
101 142
101 163
101 230
101 241
101 254
101 273
102 134
102 142
102 241
102 254
102 273
103 118
103 129
103 130
103 137
103 155
103 159
103 167
103 168
103 195
103 251
103 269
103 275
103 278
104 114
104 131
104 156
104 158
104 176
104 185
104 206
104 207
104 208
104 212
104 235
104 250
104 258
104 287
104 296
105 111
105 117
105 124
105 166
105 169
105 184
105 191
105 199
105 200
105 204
105 229
105 268
105 274
105 280
105 293
106 121
106 133
106 150
106 152
106 170
106 186
106 189
106 201
106 213
106 223
106 233
106 236
106 239
106 292
106 299
107 127
107 149
107 163
107 218
107 224
107 230
107 256
107 271
107 291
108 116
108 119
108 121
108 161
108 172
108 177
108 201
108 202
108 215
108 222
108 225
108 237
108 249
108 272
108 276
109 110
109 125
109 128
109 155
109 160
109 174
109 182
109 194
109 211
109 214
109 216
109 295
110 125
110 127
110 141
110 149
110 155
110 160
110 168
110 174
110 182
110 214
110 216
110 219
110 269
110 289
110 295
111 124
111 135
111 162
111 178
111 183
111 193
111 199
111 203
111 227
111 264
111 268
111 274
111 285
111 293
111 298
112 128
112 131
112 156
112 189
112 211
112 223
112 236
112 239
112 260
112 292
113 190
113 206
113 208
113 235
113 238
113 244
113 248
113 250
113 267
113 277
113 288
114 131
114 139
114 156
114 158
114 176
114 207
114 212
114 260
114 287
114 296
115 127
115 141
115 146
115 149
115 160
115 174
115 214
115 219
115 252
115 256
115 261
115 289
116 119
116 121
116 161
116 177
116 201
116 202
116 213
116 215
116 222
116 249
116 272
117 124
117 191
117 199
117 268
118 129
118 130
118 137
118 147
118 159
118 167
118 168
118 195
118 198
118 242
118 251
118 275
118 278
119 120
119 145
119 154
119 161
119 172
119 177
119 181
119 202
119 222
119 225
119 237
119 246
119 249
119 276
119 282
119 284
119 290
119 297
120 123
120 136
120 145
120 151
120 161
120 172
120 181
120 202
120 222
120 225
120 234
120 246
120 249
120 263
120 266
120 276
120 281
120 282
120 284
120 297
121 133
121 143
121 170
121 177
121 186
121 201
121 213
121 215
121 223
121 236
121 272
121 299
122 134
122 163
122 164
122 217
122 218
122 224
122 230
122 241
122 257
122 259
122 262
122 273
123 132
123 145
123 151
123 157
123 171
123 210
123 225
123 231
123 234
123 246
123 261
123 263
123 266
123 281
123 282
123 284
123 297
124 162
124 191
124 199
124 200
124 229
124 268
124 274
124 285
124 293
125 143
125 154
125 172
125 177
125 182
125 194
125 211
125 214
125 216
125 223
125 237
125 246
125 286
125 290
126 165
126 173
126 175
126 178
126 183
126 197
126 220
126 227
126 255
126 264
126 270
126 279
126 298
127 141
127 149
127 160
127 168
127 174
127 198
127 214
127 216
127 218
127 219
127 242
127 256
127 269
127 275
127 289
127 291
127 295
128 155
128 211
128 255
129 130
129 137
129 147
129 155
129 159
129 167
129 173
129 195
129 255
129 278
130 137
130 147
130 159
130 166
130 167
130 179
130 195
130 204
130 251
130 278
130 279
130 280
130 298
131 139
131 156
131 158
131 189
131 212
131 239
131 260
131 287
131 296
132 151
132 157
132 171
132 210
132 231
132 252
132 253
132 261
132 263
132 266
133 150
133 152
133 170
133 186
133 213
133 215
133 233
133 272
133 299
134 138
134 142
134 163
134 218
134 224
134 230
134 241
134 254
134 265
134 271
134 273
135 162
135 178
135 183
135 188
135 193
135 196
135 203
135 245
135 264
135 270
135 285
136 161
136 181
136 202
136 249
136 276
136 297
137 147
137 159
137 166
137 167
137 173
137 195
137 204
137 251
137 278
137 279
137 280
137 298
138 142
138 247
138 265
138 271
139 158
139 165
139 175
139 197
139 212
139 220
139 221
139 255
139 260
140 202
140 205
140 276
141 146
141 149
141 160
141 174
141 182
141 214
141 216
141 219
141 252
141 256
141 261
141 286
141 289
142 163
142 230
142 241
142 254
142 265
142 273
143 177
143 194
143 201
143 211
143 213
143 223
143 236
143 237
143 290
143 299
144 179
144 187
144 198
144 228
144 232
144 240
144 242
144 251
144 259
145 146
145 151
145 154
145 172
145 194
145 210
145 222
145 225
145 237
145 246
145 261
145 263
145 282
145 284
145 286
145 290
146 154
146 210
146 214
146 231
146 246
146 252
146 256
146 261
146 263
146 286
147 159
147 166
147 173
147 195
147 204
147 227
147 229
147 278
147 279
147 280
147 298
148 166
148 169
148 179
148 184
148 200
148 229
148 232
148 243
149 160
149 174
149 214
149 216
149 218
149 219
149 256
149 269
149 275
149 289
149 291
149 295
150 152
150 170
150 185
150 186
150 233
150 292
150 294
150 299
151 157
151 171
151 210
151 225
151 231
151 234
151 246
151 263
151 266
151 281
151 282
151 284
151 297
152 170
152 186
152 233
152 294
153 176
153 180
153 192
153 206
153 207
153 209
153 221
153 238
153 283
154 172
154 194
154 225
154 237
154 246
154 263
154 282
154 284
154 286
154 290
155 160
155 167
155 174
155 182
155 216
155 269
155 295
156 158
156 185
156 189
156 212
156 239
156 260
156 287
156 292
156 296
157 171
157 210
157 231
157 234
157 252
157 253
157 261
157 263
157 266
157 281
157 282
158 176
158 197
158 207
158 212
158 260
158 287
158 296
159 167
159 173
159 195
159 204
159 278
159 279
159 298
160 168
160 174
160 182
160 214
160 216
160 219
160 256
160 269
160 289
160 295
161 172
161 181
161 202
161 222
161 225
161 249
161 276
161 284
161 297
162 178
162 183
162 193
162 196
162 199
162 203
162 204
162 227
162 264
162 270
162 274
162 279
162 285
162 298
163 164
163 218
163 224
163 230
163 241
163 254
163 271
163 273
164 187
164 198
164 217
164 218
164 224
164 230
164 257
164 259
164 262
164 273
165 175
165 178
165 183
165 188
165 197
165 220
165 221
165 226
165 245
165 270
166 169
166 179
166 184
166 195
166 200
166 204
166 229
166 232
166 243
166 280
166 293
167 168
167 173
167 195
167 278
168 198
168 219
168 242
168 251
168 269
168 275
168 278
168 289
168 291
168 295
169 184
169 200
169 229
169 243
169 268
169 293
170 186
170 213
170 233
170 292
170 299
171 210
171 231
171 234
171 261
171 263
171 266
171 281
171 282
172 177
172 194
172 222
172 225
172 237
172 246
172 249
172 263
172 282
172 284
172 286
172 290
173 175
173 195
173 197
173 227
173 255
173 279
174 182
174 214
174 216
174 219
174 256
174 269
174 289
174 291
174 295
175 197
175 220
175 221
175 227
175 255
176 180
176 185
176 192
176 206
176 207
176 208
176 212
176 235
176 238
176 250
176 258
176 287
176 296
177 194
177 201
177 213
177 223
177 237
177 290
177 299
178 183
178 188
178 193
178 196
178 203
178 220
178 227
178 245
178 264
178 270
178 279
178 285
178 298
179 228
179 232
179 240
179 243
180 192
180 206
180 207
180 209
180 238
180 283
181 202
181 222
181 225
181 249
181 276
181 281
181 297
182 194
182 214
182 216
182 219
182 269
182 286
182 290
182 295
183 188
183 193
183 196
183 203
183 220
183 227
183 245
183 264
183 270
183 285
184 200
184 229
184 232
184 243
184 280
184 293
185 190
185 208
185 212
185 239
185 248
185 258
185 277
185 287
185 292
185 294
185 296
186 201
186 213
186 215
186 233
186 272
186 299
187 198
187 217
187 228
187 240
187 242
187 257
187 259
187 262
188 196
188 203
188 220
188 221
188 226
188 245
188 270
189 211
189 223
189 236
189 239
189 292
189 299
190 208
190 235
190 244
190 248
190 250
190 258
190 267
190 277
190 287
190 294
191 199
191 268
191 274
191 293
192 206
192 207
192 209
192 238
192 283
193 196
193 203
193 264
193 270
193 274
193 285
194 214
194 223
194 237
194 246
194 284
194 286
194 290
195 204
195 227
195 278
195 279
195 280
195 298
196 203
196 245
196 270
196 285
197 220
197 221
197 255
197 260
198 242
198 251
198 257
198 259
198 275
198 291
199 200
199 229
199 268
199 274
199 285
199 293
200 229
200 243
200 268
200 280
200 293
201 213
201 215
201 223
201 236
201 237
201 272
201 299
202 205
202 222
202 225
202 249
202 276
202 297
203 245
203 264
203 270
203 285
204 227
204 229
204 264
204 274
204 279
204 280
204 293
204 298
205 276
206 207
206 208
206 209
206 235
206 238
206 250
206 283
207 208
207 209
207 212
207 238
207 250
207 287
208 235
208 238
208 244
208 248
208 250
208 258
208 277
208 287
208 294
208 296
209 221
209 226
209 238
209 283
210 231
210 234
210 246
210 252
210 253
210 261
210 263
210 266
210 281
210 282
210 284
211 223
211 236
211 239
211 292
212 260
212 287
212 296
213 215
213 223
213 272
213 299
214 216
214 219
214 256
214 269
214 286
214 289
214 295
215 272
216 219
216 269
216 289
216 295
217 228
217 240
217 257
217 259
217 262
218 224
218 230
218 256
218 257
218 271
218 291
219 256
219 269
219 275
219 289
219 291
219 295
220 221
220 226
220 245
220 270
221 226
221 245
221 270
222 225
222 237
222 246
222 249
222 276
222 282
222 284
222 297
223 236
223 239
223 292
223 299
224 230
224 257
224 262
224 271
224 273
225 234
225 237
225 246
225 249
225 263
225 276
225 281
225 282
225 284
225 297
226 245
226 270
226 283
227 264
227 270
227 279
227 280
227 285
227 298
228 232
228 240
228 257
228 259
228 262
229 274
229 279
229 280
229 293
229 298
230 241
230 271
230 273
231 234
231 252
231 253
231 261
231 263
231 266
232 243
233 294
234 263
234 266
234 281
234 282
234 284
234 297
235 238
235 244
235 248
235 250
235 267
235 277
235 288
236 239
236 292
236 299
237 246
237 284
237 286
237 290
238 250
238 267
238 288
239 292
239 296
239 299
240 259
241 254
241 262
241 273
242 251
242 257
242 259
242 275
242 291
244 248
244 250
244 258
244 267
244 277
244 294
245 270
246 263
246 282
246 284
246 286
246 290
247 252
247 253
247 265
247 271
248 250
248 258
248 277
248 287
248 294
249 276
249 284
249 297
250 258
250 267
250 277
250 287
251 275
251 278
251 291
252 253
252 256
252 261
252 263
253 261
254 273
255 260
256 269
256 289
256 291
257 259
257 262
258 277
258 287
258 294
258 296
259 262
260 296
261 263
261 266
261 282
262 273
263 266
263 281
263 282
263 284
263 286
264 270
264 274
264 279
264 285
264 298
265 271
266 281
266 282
266 297
267 288
268 274
268 293
269 275
269 289
269 291
269 295
270 285
272 299
274 285
274 293
274 298
275 289
275 291
276 297
277 294
278 280
279 280
279 285
279 298
280 293
280 298
281 282
281 297
282 284
282 297
284 286
284 290
284 297
285 298
286 290
287 294
287 296
289 291
289 295
292 296
292 299
294 296
