300 2985
0 20
0 28
0 35
0 36
0 53
0 54
0 73
0 79
0 91
0 99
0 105
0 129
0 153
0 157
0 166
0 177
0 184
0 223
0 229
0 237
0 244
0 266
0 282
0 283
0 284
0 299
1 2
1 34
1 40
1 42
1 55
1 62
1 83
1 97
1 130
1 133
1 147
1 186
1 188
1 210
1 211
1 220
1 221
1 224
1 254
1 264
1 265
1 275
1 288
2 3
2 34
2 65
2 77
2 86
2 116
2 124
2 137
2 165
2 178
2 182
2 188
2 198
2 199
2 211
2 224
2 225
2 232
2 252
2 264
2 273
2 276
2 288
2 298
3 10
3 30
3 76
3 102
3 110
3 158
3 161
3 169
3 175
3 188
3 198
3 199
3 205
3 211
3 213
3 214
3 230
3 231
3 232
3 241
3 252
3 253
3 276
3 298
4 9
4 27
4 45
4 46
4 47
4 52
4 68
4 115
4 123
4 138
4 181
4 187
4 215
4 219
4 228
4 236
4 249
4 256
4 289
4 296
5 16
5 32
5 33
5 62
5 63
5 88
5 101
5 106
5 112
5 120
5 127
5 140
5 142
5 144
5 147
5 155
5 168
5 171
5 173
5 174
5 193
5 194
5 201
5 220
5 222
5 226
5 263
5 275
5 287
5 294
6 8
6 21
6 49
6 75
6 94
6 114
6 139
6 143
6 146
6 148
6 163
6 191
6 209
6 255
7 26
7 57
7 65
7 77
7 82
7 84
7 85
7 86
7 89
7 92
7 95
7 98
7 104
7 116
7 117
7 134
7 137
7 170
7 176
7 178
7 182
7 225
7 227
7 259
7 273
8 22
8 75
8 139
8 143
8 146
8 148
8 191
8 245
9 38
9 45
9 47
9 58
9 64
9 123
9 138
9 181
9 208
9 219
9 233
9 249
9 270
9 274
9 289
9 296
10 30
10 76
10 102
10 110
10 158
10 161
10 169
10 175
10 198
10 205
10 213
10 214
10 216
10 231
10 232
10 241
10 253
10 276
11 50
11 60
11 64
11 122
11 164
11 179
11 206
11 235
11 258
11 268
11 270
11 278
11 297
12 74
12 103
12 107
12 121
12 125
12 128
12 130
12 135
12 150
12 185
12 203
12 239
12 248
12 277
12 280
12 293
13 15
13 44
13 48
13 58
13 69
13 72
13 93
13 100
13 108
13 119
13 151
13 156
13 204
13 206
13 218
13 247
13 251
13 267
13 290
14 52
14 69
14 72
14 89
14 92
14 95
14 98
14 100
14 108
14 116
14 117
14 119
14 124
14 134
14 151
14 156
14 167
14 176
14 180
14 182
14 187
14 189
14 204
14 218
14 227
14 251
14 267
14 295
15 44
15 48
15 58
15 69
15 93
15 119
15 151
15 156
15 206
15 218
15 247
15 251
15 262
15 267
15 290
16 32
16 62
16 63
16 88
16 127
16 142
16 147
16 168
16 174
16 194
16 201
16 205
16 210
16 217
16 230
16 254
16 287
17 26
17 28
17 36
17 57
17 73
17 79
17 81
17 84
17 93
17 104
17 105
17 118
17 166
17 170
17 177
17 196
17 229
17 238
17 244
17 246
17 251
17 290
17 299
18 19
18 20
18 22
18 29
18 35
18 36
18 37
18 53
18 54
18 70
18 82
18 91
18 126
18 129
18 141
18 154
18 184
18 202
18 223
18 234
18 245
18 266
18 282
18 284
19 29
19 35
19 53
19 126
19 129
19 141
19 153
19 154
19 202
19 223
19 282
19 284
20 22
20 36
20 37
20 53
20 54
20 70
20 82
20 91
20 126
20 129
20 177
20 184
20 202
20 223
20 234
20 245
20 259
20 266
20 282
20 284
21 75
21 94
21 114
21 139
21 143
21 163
21 209
21 255
22 29
22 37
22 70
22 82
22 126
22 141
22 146
22 148
22 165
22 191
22 202
22 234
22 245
23 74
23 107
23 140
23 150
23 294
24 25
24 31
24 41
24 73
24 78
24 80
24 99
24 109
24 113
24 118
24 132
24 136
24 152
24 159
24 160
24 166
24 183
24 196
24 207
24 229
24 238
24 240
24 244
24 246
24 260
24 271
24 283
24 285
24 292
24 299
25 31
25 41
25 73
25 78
25 80
25 105
25 109
25 113
25 118
25 132
25 136
25 159
25 160
25 166
25 196
25 207
25 238
25 240
25 246
25 260
25 285
25 290
25 292
25 299
26 28
26 36
26 57
26 81
26 84
26 85
26 92
26 93
26 95
26 104
26 105
26 134
26 151
26 156
26 170
26 176
26 177
26 218
26 251
26 267
26 290
27 45
27 68
27 115
27 123
27 190
27 192
27 200
27 219
27 228
27 233
27 236
27 242
27 249
27 250
27 256
27 281
27 296
28 36
28 53
28 54
28 57
28 73
28 79
28 91
28 99
28 104
28 105
28 129
28 157
28 166
28 177
28 184
28 196
28 223
28 229
28 238
28 244
28 246
28 260
28 266
28 282
28 283
28 299
29 35
29 126
29 141
29 154
29 202
29 282
29 284
30 76
30 102
30 110
30 158
30 169
30 175
30 197
30 199
30 213
30 241
30 253
30 276
30 298
31 41
31 66
31 78
31 80
31 109
31 113
31 132
31 136
31 145
31 152
31 159
31 160
31 183
31 195
31 196
31 207
31 212
31 240
31 257
31 260
31 271
31 285
31 292
32 43
32 63
32 88
32 101
32 112
32 127
32 142
32 144
32 155
32 168
32 171
32 173
32 174
32 194
32 201
32 222
32 226
32 263
33 40
33 62
33 97
33 106
33 112
33 120
33 121
33 130
33 135
33 140
33 142
33 147
33 168
33 174
33 186
33 193
33 194
33 203
33 220
33 265
33 275
33 287
33 293
34 40
34 42
34 55
34 62
34 83
34 97
34 124
34 133
34 147
34 178
34 186
34 188
34 211
34 221
34 224
34 232
34 254
34 264
34 265
34 288
35 53
35 91
35 126
35 129
35 141
35 153
35 154
35 157
35 184
35 202
35 223
35 237
35 266
35 282
35 284
36 53
36 54
36 57
36 70
36 79
36 82
36 84
36 85
36 91
36 104
36 129
36 170
36 177
36 184
36 223
36 259
36 266
36 282
37 54
37 70
37 77
37 82
37 91
37 126
37 146
37 148
37 165
37 191
37 202
37 234
37 245
37 259
37 273
37 298
38 39
38 47
38 50
38 51
38 60
38 61
38 64
38 87
38 90
38 111
38 131
38 162
38 164
38 181
38 190
38 208
38 219
38 233
38 242
38 250
38 272
38 274
38 279
38 296
39 51
39 61
39 87
39 90
39 111
39 131
39 162
39 190
39 200
39 219
39 233
39 242
39 250
39 272
39 279
39 281
40 42
40 55
40 62
40 83
40 97
40 120
40 130
40 133
40 142
40 147
40 174
40 186
40 205
40 210
40 211
40 214
40 220
40 224
40 230
40 254
40 264
40 265
40 275
40 287
40 288
41 73
41 78
41 79
41 80
41 99
41 105
41 109
41 113
41 118
41 132
41 136
41 159
41 160
41 166
41 183
41 196
41 207
41 229
41 238
41 240
41 244
41 246
41 260
41 283
41 285
41 292
41 299
42 55
42 62
42 83
42 97
42 120
42 130
42 133
42 142
42 147
42 186
42 210
42 211
42 214
42 220
42 224
42 230
42 254
42 264
42 265
42 275
42 287
42 288
43 63
43 101
43 144
43 155
43 171
43 173
43 222
43 226
43 261
43 263
43 294
44 48
44 67
44 93
44 119
44 151
44 156
44 206
44 218
44 243
44 247
44 251
44 262
44 267
44 290
45 46
45 47
45 68
45 115
45 123
45 187
45 215
45 219
45 228
45 236
45 249
45 256
45 289
45 296
46 52
46 68
46 71
46 72
46 100
46 108
46 115
46 123
46 138
46 180
46 187
46 204
46 215
46 228
46 236
46 249
46 256
46 286
46 289
47 64
47 115
47 123
47 138
47 181
47 208
47 219
47 233
47 249
47 274
47 289
47 296
48 58
48 64
48 108
48 122
48 138
48 179
48 206
48 247
48 258
48 262
48 270
48 278
48 289
49 94
49 114
49 139
49 163
49 197
49 255
50 60
50 61
50 64
50 122
50 164
50 179
50 181
50 208
50 235
50 268
50 270
50 274
50 278
51 61
51 87
51 90
51 111
51 131
51 162
51 190
51 233
51 242
51 250
51 272
51 279
52 58
52 69
52 72
52 100
52 108
52 119
52 123
52 138
52 151
52 176
52 180
52 187
52 189
52 204
52 215
52 236
52 286
52 289
52 295
53 54
53 79
53 91
53 126
53 129
53 153
53 154
53 157
53 177
53 184
53 202
53 223
53 229
53 237
53 266
53 282
53 283
53 284
54 70
54 82
54 85
54 91
54 104
54 126
54 129
54 177
54 184
54 202
54 223
54 234
54 259
54 266
54 282
54 284
55 62
55 71
55 83
55 97
55 124
55 130
55 133
55 147
55 167
55 178
55 186
55 189
55 220
55 221
55 224
55 264
55 265
55 275
55 288
55 291
56 103
56 107
56 125
56 185
56 192
56 239
56 248
56 277
56 280
56 281
57 81
57 84
57 85
57 92
57 95
57 98
57 104
57 105
57 117
57 134
57 137
57 151
57 156
57 170
57 176
57 177
57 251
58 69
58 72
58 100
58 108
58 119
58 138
58 151
58 156
58 187
58 204
58 218
58 247
58 267
58 270
58 289
59 66
59 78
59 145
59 149
59 195
59 207
59 269
59 271
60 61
60 64
60 90
60 122
60 164
60 208
60 235
60 268
60 274
60 278
61 87
61 90
61 111
61 131
61 162
61 164
61 181
61 190
61 208
61 233
61 272
61 274
61 279
62 88
62 97
62 106
62 112
62 120
62 130
62 140
62 142
62 147
62 168
62 174
62 186
62 193
62 194
62 210
62 220
62 224
62 230
62 254
62 264
62 265
62 275
62 287
62 293
63 88
63 101
63 106
63 112
63 127
63 142
63 144
63 155
63 168
63 171
63 173
63 174
63 193
63 194
63 201
63 222
63 226
63 263
63 287
64 122
64 138
64 164
64 179
64 181
64 208
64 235
64 268
64 270
64 274
64 278
64 289
65 77
65 82
65 85
65 86
65 95
65 116
65 117
65 137
65 165
65 182
65 188
65 199
65 225
65 232
65 252
65 259
65 273
65 276
65 288
65 298
66 78
66 80
66 109
66 136
66 145
66 159
66 160
66 172
66 195
66 207
66 212
66 240
66 257
66 269
66 271
66 285
67 96
67 172
67 206
67 212
67 243
67 257
67 258
67 262
68 115
68 123
68 187
68 215
68 219
68 228
68 236
68 249
68 256
68 277
68 280
68 286
68 296
69 72
69 89
69 93
69 100
69 108
69 119
69 138
69 151
69 156
69 176
69 180
69 187
69 204
69 218
69 251
69 267
69 295
70 82
70 91
70 126
70 141
70 165
70 184
70 202
70 234
70 245
70 259
70 266
70 284
71 83
71 124
71 128
71 130
71 133
71 167
71 180
71 189
71 215
71 221
71 227
71 236
71 286
71 291
71 295
72 100
72 108
72 119
72 123
72 138
72 151
72 156
72 180
72 187
72 204
72 215
72 218
72 236
72 247
72 251
72 267
72 289
72 295
73 79
73 99
73 105
73 109
73 113
73 118
73 132
73 160
73 166
73 177
73 183
73 196
73 229
73 238
73 240
73 244
73 246
73 260
73 283
73 285
73 299
74 103
74 107
74 121
74 125
74 135
74 140
74 150
74 185
74 203
74 248
74 277
74 280
74 293
74 294
75 94
75 114
75 139
75 143
75 163
75 209
75 255
76 102
76 110
76 158
76 161
76 169
76 175
76 188
76 198
76 199
76 205
76 211
76 213
76 214
76 216
76 230
76 231
76 232
76 241
76 252
76 253
76 276
76 298
77 82
77 85
77 86
77 95
77 116
77 137
77 165
77 182
77 188
77 199
77 225
77 232
77 234
77 252
77 259
77 273
77 276
77 298
78 80
78 99
78 109
78 113
78 132
78 136
78 145
78 149
78 152
78 159
78 160
78 183
78 195
78 207
78 240
78 260
78 269
78 271
78 285
78 292
79 91
79 99
79 105
79 118
79 129
79 157
79 166
79 177
79 184
79 196
79 223
79 229
79 238
79 244
79 246
79 260
79 266
79 282
79 283
79 299
80 109
80 113
80 132
80 136
80 145
80 159
80 160
80 172
80 195
80 207
80 212
80 240
80 257
80 271
80 285
80 292
81 84
81 92
81 93
81 104
81 105
81 119
81 134
81 151
81 156
81 170
81 218
81 238
81 251
81 267
81 290
82 85
82 137
82 165
82 191
82 199
82 234
82 245
82 259
82 273
82 298
83 97
83 124
83 130
83 133
83 167
83 178
83 189
83 221
83 224
83 227
83 264
83 265
83 286
83 288
83 291
84 85
84 86
84 89
84 92
84 95
84 98
84 104
84 117
84 134
84 137
84 151
84 156
84 170
84 176
84 251
85 86
85 89
85 92
85 95
85 98
85 104
85 116
85 117
85 134
85 137
85 165
85 170
85 182
85 225
85 259
85 273
86 89
86 92
86 95
86 98
86 116
86 117
86 124
86 134
86 137
86 167
86 176
86 178
86 182
86 225
86 227
86 259
86 273
87 90
87 111
87 131
87 162
87 272
87 279
88 112
88 127
88 142
88 155
88 168
88 171
88 173
88 174
88 193
88 194
88 201
88 217
88 226
88 263
88 287
89 92
89 95
89 98
89 100
89 116
89 117
89 124
89 134
89 137
89 167
89 176
89 178
89 180
89 182
89 189
89 221
89 225
89 227
89 251
89 295
90 131
90 164
90 272
90 279
91 126
91 129
91 177
91 184
91 202
91 223
91 259
91 266
91 282
91 284
92 95
92 98
92 104
92 116
92 117
92 124
92 134
92 137
92 170
92 176
92 178
92 182
92 225
92 227
92 251
92 259
92 295
93 119
93 151
93 156
93 170
93 218
93 251
93 267
93 290
94 114
94 139
94 143
94 163
94 209
94 255
95 98
95 104
95 116
95 117
95 124
95 134
95 137
95 167
95 170
95 176
95 178
95 182
95 225
95 227
95 259
95 273
95 295
96 172
96 206
96 212
96 243
96 257
96 258
96 262
97 106
97 120
97 130
97 133
97 135
97 140
97 142
97 147
97 168
97 174
97 186
97 220
97 224
97 254
97 264
97 265
97 275
97 287
97 293
98 116
98 117
98 124
98 134
98 137
98 167
98 170
98 176
98 178
98 182
98 221
98 225
98 227
98 295
99 105
99 109
99 113
99 132
99 136
99 152
99 157
99 160
99 166
99 183
99 196
99 207
99 229
99 237
99 238
99 240
99 244
99 246
99 260
99 283
99 285
99 292
99 299
100 108
100 119
100 134
100 138
100 151
100 156
100 167
100 176
100 180
100 187
100 204
100 215
100 218
100 227
100 251
100 267
100 295
101 112
101 144
101 155
101 168
101 171
101 173
101 193
101 194
101 222
101 226
101 261
101 263
101 294
102 110
102 158
102 169
102 175
102 197
102 198
102 199
102 213
102 232
102 241
102 252
102 253
102 276
102 298
103 107
103 121
103 125
103 128
103 135
103 150
103 185
103 203
103 239
103 248
103 277
103 280
104 105
104 117
104 134
104 137
104 170
104 177
104 251
104 266
105 113
105 118
105 132
105 166
105 170
105 177
105 196
105 229
105 238
105 244
105 246
105 260
105 290
105 299
106 112
106 120
106 121
106 130
106 135
106 140
106 142
106 147
106 155
106 168
106 171
106 174
106 193
106 194
106 203
106 220
106 263
106 265
106 275
106 287
106 293
106 294
107 121
107 125
107 128
107 135
107 150
107 185
107 203
107 239
107 248
107 277
107 280
108 119
108 123
108 138
108 151
108 156
108 180
108 187
108 204
108 218
108 247
108 251
108 267
108 289
109 113
109 118
109 132
109 136
109 159
109 160
109 166
109 183
109 196
109 207
109 238
109 240
109 246
109 260
109 271
109 285
109 292
109 299
110 158
110 161
110 169
110 175
110 197
110 213
110 231
110 241
110 253
111 131
111 162
111 190
111 200
111 219
111 233
111 242
111 250
111 272
111 279
111 281
112 120
112 140
112 142
112 144
112 147
112 155
112 168
112 171
112 174
112 193
112 194
112 220
112 222
112 263
112 275
112 287
112 293
112 294
113 118
113 132
113 136
113 159
113 160
113 166
113 183
113 196
113 207
113 229
113 238
113 240
113 244
113 246
113 260
113 285
113 290
113 292
113 299
114 139
114 143
114 163
114 209
114 255
115 123
115 187
115 215
115 219
115 228
115 236
115 249
115 256
115 296
116 117
116 124
116 134
116 137
116 167
116 176
116 178
116 182
116 189
116 221
116 225
116 227
116 288
116 295
117 124
117 134
117 137
117 167
117 170
117 176
117 178
117 182
117 221
117 225
117 227
117 295
118 132
118 159
118 160
118 166
118 196
118 229
118 238
118 240
118 244
118 246
118 260
118 285
118 290
118 299
119 151
119 156
119 176
119 204
119 218
119 247
119 251
119 267
119 290
119 295
120 121
120 130
120 135
120 140
120 142
120 147
120 155
120 168
120 171
120 174
120 186
120 193
120 194
120 203
120 220
120 265
120 275
120 287
120 293
121 125
121 128
121 130
121 135
121 140
121 150
121 185
121 203
121 220
121 248
121 265
121 275
121 277
121 280
121 293
122 164
122 179
122 208
122 235
122 268
122 270
122 274
122 278
122 297
123 138
123 181
123 187
123 204
123 215
123 219
123 228
123 236
123 249
123 256
123 289
123 296
124 133
124 134
124 137
124 167
124 176
124 178
124 182
124 189
124 221
124 224
124 225
124 227
124 264
124 288
124 291
124 295
125 128
125 135
125 150
125 185
125 203
125 239
125 248
125 277
125 280
125 293
126 129
126 141
126 154
126 202
126 223
126 245
126 282
126 284
127 142
127 173
127 174
127 201
127 217
127 226
128 130
128 135
128 150
128 185
128 203
128 228
128 239
128 248
128 256
128 277
128 280
128 286
128 291
128 293
129 153
129 154
129 157
129 177
129 184
129 223
129 229
129 237
129 244
129 266
129 282
129 283
129 284
130 133
130 135
130 140
130 147
130 189
130 203
130 220
130 221
130 224
130 264
130 265
130 275
130 286
130 287
130 291
130 293
131 162
131 190
131 233
131 242
131 250
131 272
131 279
132 136
132 152
132 159
132 160
132 166
132 183
132 196
132 207
132 229
132 238
132 240
132 244
132 246
132 260
132 271
132 285
132 292
132 299
133 167
133 178
133 189
133 221
133 224
133 227
133 264
133 265
133 286
133 288
133 291
134 137
134 151
134 156
134 167
134 170
134 176
134 178
134 182
134 225
134 227
134 251
134 295
135 140
135 150
135 203
135 220
135 265
135 275
135 277
135 280
135 291
135 293
136 145
136 149
136 152
136 159
136 160
136 183
136 195
136 196
136 207
136 240
136 260
136 271
136 285
136 292
137 176
137 178
137 182
137 225
137 227
137 259
137 273
138 181
138 187
138 204
138 247
138 249
138 270
138 274
138 289
139 143
139 146
139 163
139 197
139 209
139 255
140 142
140 150
140 155
140 168
140 171
140 174
140 193
140 194
140 203
140 220
140 263
140 265
140 275
140 287
140 293
140 294
141 148
141 154
141 202
141 245
141 284
142 147
142 155
142 168
142 171
142 174
142 186
142 193
142 194
142 201
142 210
142 220
142 254
142 263
142 265
142 275
142 287
142 293
143 148
143 163
143 209
143 255
144 155
144 168
144 171
144 173
144 193
144 194
144 222
144 226
144 261
144 263
144 294
145 159
145 195
145 207
145 212
145 257
145 269
145 271
146 148
146 191
146 234
146 241
146 245
147 168
147 174
147 186
147 193
147 194
147 210
147 220
147 224
147 230
147 254
147 264
147 265
147 275
147 287
147 293
148 191
148 202
148 234
148 245
149 152
149 195
149 207
149 269
149 271
149 292
150 185
150 203
150 239
150 248
150 277
150 280
150 293
151 156
151 170
151 176
151 204
151 218
151 251
151 267
151 290
151 295
152 183
152 195
152 207
152 240
152 260
152 271
152 285
152 292
153 154
153 157
153 184
153 223
153 237
153 282
153 283
153 284
154 157
154 202
154 223
154 237
154 282
154 284
155 168
155 171
155 173
155 174
155 193
155 194
155 222
155 226
155 261
155 263
155 287
155 294
156 170
156 176
156 204
156 218
156 251
156 267
156 290
156 295
157 177
157 184
157 223
157 229
157 237
157 244
157 266
157 282
157 283
157 284
158 161
158 169
158 175
158 197
158 198
158 213
158 216
158 231
158 253
159 160
159 172
159 196
159 207
159 212
159 238
159 240
159 246
159 257
159 260
159 271
159 285
159 292
160 166
160 183
160 196
160 207
160 238
160 240
160 246
160 260
160 271
160 285
160 292
160 299
161 198
161 205
161 210
161 211
161 213
161 214
161 216
161 217
161 230
161 231
161 254
161 276
162 190
162 200
162 219
162 233
162 242
162 250
162 272
162 279
162 281
162 296
163 209
163 255
164 208
164 235
164 268
164 274
164 278
165 188
165 191
165 199
165 232
165 234
165 241
165 245
165 252
165 259
165 273
165 276
165 298
166 177
166 183
166 196
166 229
166 238
166 240
166 244
166 246
166 260
166 283
166 285
166 299
167 176
167 178
167 180
167 182
167 189
167 221
167 224
167 225
167 227
167 286
167 291
167 295
168 171
168 174
168 193
168 194
168 220
168 222
168 263
168 275
168 287
168 293
168 294
169 175
169 191
169 197
169 199
169 213
169 232
169 241
169 252
169 253
169 276
169 298
170 176
170 218
170 251
170 267
170 290
171 173
171 174
171 193
171 194
171 222
171 226
171 261
171 263
171 287
171 294
172 206
172 212
172 243
172 257
172 258
172 262
173 222
173 226
173 261
173 263
174 186
174 193
174 194
174 201
174 210
174 220
174 254
174 263
174 265
174 275
174 287
175 197
175 213
175 231
175 241
175 253
176 178
176 180
176 182
176 189
176 204
176 218
176 225
176 227
176 251
176 267
176 295
177 184
177 223
177 229
177 244
177 266
177 282
177 283
177 299
178 182
178 188
178 189
178 221
178 224
178 225
178 227
178 264
178 288
178 295
179 206
179 235
179 243
179 247
179 258
179 262
179 268
179 270
179 278
179 297
180 187
180 189
180 204
180 215
180 227
180 228
180 236
180 286
180 291
180 295
181 190
181 208
181 219
181 233
181 242
181 249
181 250
181 274
181 289
181 296
182 189
182 221
182 225
182 227
182 288
182 295
183 196
183 207
183 229
183 240
183 244
183 260
183 271
183 283
183 285
183 292
183 299
184 223
184 229
184 244
184 266
184 282
184 283
184 284
185 192
185 203
185 239
185 248
185 277
185 280
186 205
186 210
186 211
186 214
186 220
186 224
186 230
186 254
186 264
186 265
186 275
186 287
186 288
187 204
187 215
187 228
187 236
187 249
187 256
187 286
187 289
187 295
188 198
188 199
188 211
188 214
188 224
188 225
188 232
188 252
188 264
188 273
188 276
188 288
188 298
189 215
189 221
189 224
189 227
189 286
189 291
189 295
190 200
190 219
190 233
190 242
190 249
190 250
190 272
190 279
190 281
190 296
191 199
191 234
191 241
191 245
191 298
192 200
192 239
192 248
192 277
192 280
192 281
193 194
193 220
193 222
193 263
193 275
193 287
193 293
193 294
194 220
194 222
194 226
194 263
194 275
194 287
194 293
194 294
195 207
195 240
195 257
195 269
195 271
195 285
195 292
196 229
196 238
196 240
196 244
196 246
196 260
196 285
196 290
196 299
197 241
197 253
198 205
198 210
198 211
198 213
198 214
198 216
198 230
198 231
198 232
198 252
198 254
198 276
198 288
199 232
199 234
199 241
199 252
199 253
199 273
199 276
199 298
200 219
200 233
200 242
200 250
200 281
201 205
201 210
201 217
201 230
201 254
202 223
202 234
202 245
202 282
202 284
203 220
203 248
203 265
203 275
203 277
203 280
203 293
204 215
204 218
204 236
204 251
204 267
204 289
204 295
205 210
205 211
205 213
205 214
205 216
205 217
205 230
205 231
205 254
206 243
206 247
206 258
206 262
206 270
206 278
206 297
207 240
207 260
207 269
207 271
207 285
207 292
208 233
208 235
208 249
208 268
208 274
208 289
209 255
210 211
210 214
210 217
210 230
210 254
211 213
211 214
211 224
211 230
211 232
211 252
211 254
211 264
211 276
211 288
212 243
212 257
213 214
213 216
213 230
213 231
213 232
213 241
213 252
213 253
213 276
214 216
214 217
214 230
214 231
214 232
214 254
214 276
215 228
215 236
215 256
215 286
215 291
215 295
216 217
216 230
216 231
217 230
217 231
217 254
218 247
218 251
218 267
218 290
219 233
219 242
219 249
219 250
219 256
219 281
219 296
220 224
220 265
220 275
220 287
220 293
221 224
221 225
221 227
221 264
221 286
221 288
221 291
221 295
222 226
222 261
222 263
222 294
223 229
223 237
223 266
223 282
223 283
223 284
224 264
224 265
224 288
224 291
225 227
225 273
225 288
226 261
226 263
227 295
228 236
228 249
228 256
228 277
228 280
228 286
228 296
229 238
229 244
229 246
229 260
229 266
229 283
229 299
230 231
230 254
232 241
232 252
232 276
232 288
232 298
233 242
233 249
233 250
233 272
233 274
233 279
233 281
233 296
234 245
234 259
234 273
234 298
235 268
235 274
235 278
235 297
236 249
236 256
236 286
236 296
237 282
237 283
238 240
238 244
238 246
238 260
238 285
238 290
238 299
239 248
239 277
239 280
240 246
240 260
240 271
240 285
240 292
240 299
241 252
241 253
241 276
241 298
242 249
242 250
242 272
242 279
242 281
242 296
243 258
243 262
244 246
244 260
244 266
244 283
244 299
246 260
246 285
246 290
246 299
247 258
247 262
247 267
247 270
247 278
247 289
248 277
248 280
249 250
249 256
249 274
249 289
249 296
250 272
250 279
250 281
250 296
251 267
251 290
251 295
252 273
252 276
252 288
252 298
253 276
253 298
254 264
254 287
256 277
256 286
256 296
257 271
258 262
258 270
258 278
258 297
259 273
260 283
260 285
260 292
260 299
261 263
261 294
262 270
262 278
262 297
263 294
264 265
264 288
265 275
265 287
265 291
265 293
266 282
266 284
267 290
268 270
268 274
268 278
268 297
269 271
270 278
270 289
270 297
271 285
271 292
272 279
273 298
274 289
274 296
275 287
275 293
276 288
276 298
277 280
278 297
282 283
282 284
283 299
285 292
285 299
286 291
286 295
287 293
289 296
