200 1860
0 16
0 34
0 51
0 53
0 72
0 73
0 76
0 131
0 134
0 190
0 192
1 6
1 8
1 15
1 28
1 36
1 57
1 58
1 59
1 63
1 66
1 67
1 77
1 92
1 96
1 98
1 107
1 109
1 111
1 119
1 123
1 127
1 129
1 138
1 148
1 156
1 162
1 166
1 186
2 42
2 54
2 75
2 80
2 90
2 112
2 115
2 168
2 196
3 17
3 29
3 38
3 39
3 46
3 56
3 62
3 97
3 101
3 120
3 137
3 141
3 159
3 175
4 9
4 14
4 27
4 40
4 49
4 69
4 73
4 74
4 87
4 88
4 110
4 131
4 133
4 134
4 147
4 153
4 178
4 180
5 20
5 24
5 43
5 70
5 85
5 106
5 114
5 124
5 153
5 169
6 8
6 28
6 36
6 57
6 58
6 59
6 60
6 63
6 66
6 67
6 77
6 91
6 96
6 103
6 109
6 111
6 119
6 123
6 128
6 138
6 154
6 156
6 191
6 193
6 197
6 198
7 10
7 19
7 37
7 44
7 47
7 50
7 55
7 82
7 94
7 105
7 108
7 118
7 142
7 151
7 155
7 157
7 167
7 173
7 183
8 28
8 36
8 57
8 58
8 59
8 60
8 66
8 91
8 96
8 119
8 123
8 128
8 152
8 154
8 156
8 162
8 191
8 193
8 197
9 14
9 20
9 27
9 32
9 40
9 43
9 49
9 69
9 74
9 87
9 88
9 110
9 114
9 124
9 131
9 133
9 147
9 153
9 163
9 178
9 180
10 11
10 19
10 23
10 37
10 44
10 47
10 89
10 94
10 105
10 155
10 157
10 165
11 19
11 23
11 31
11 37
11 44
11 47
11 89
11 150
11 157
11 165
11 177
11 179
12 13
12 18
12 21
12 25
12 26
12 57
12 60
12 64
12 79
12 86
12 91
12 103
12 104
12 113
12 126
12 128
12 130
12 139
12 140
12 145
12 146
12 154
12 161
12 171
12 188
12 191
12 198
13 21
13 25
13 26
13 42
13 63
13 64
13 91
13 103
13 104
13 113
13 126
13 128
13 130
13 139
13 140
13 145
13 146
13 154
13 161
13 182
13 198
14 20
14 27
14 32
14 40
14 43
14 49
14 69
14 74
14 87
14 88
14 110
14 114
14 124
14 133
14 147
14 153
14 163
14 178
14 180
15 28
15 36
15 59
15 63
15 67
15 77
15 92
15 96
15 98
15 100
15 107
15 109
15 111
15 127
15 129
15 138
15 148
15 156
15 166
16 34
16 51
16 53
16 61
16 72
16 73
16 76
16 134
16 190
16 192
16 194
17 29
17 39
17 46
17 56
17 62
17 83
17 97
17 101
17 120
17 137
17 141
17 143
17 159
17 175
18 25
18 34
18 64
18 79
18 86
18 95
18 104
18 112
18 113
18 126
18 130
18 140
18 145
18 146
18 161
18 168
18 171
18 172
18 184
18 188
18 192
18 194
19 23
19 31
19 37
19 44
19 47
19 89
19 118
19 120
19 136
19 142
19 143
19 151
19 155
19 157
19 165
19 170
19 183
20 32
20 40
20 43
20 49
20 69
20 70
20 74
20 85
20 87
20 88
20 93
20 114
20 124
20 133
20 144
20 153
20 163
20 169
20 178
20 180
21 25
21 26
21 42
21 64
21 75
21 90
21 103
21 104
21 112
21 126
21 130
21 139
21 145
21 146
21 161
21 168
21 171
21 196
21 198
22 30
22 35
22 41
22 50
22 52
22 55
22 68
22 78
22 84
22 93
22 108
22 116
22 117
22 121
22 125
22 132
22 144
22 149
22 152
22 164
22 187
23 31
23 37
23 47
23 89
23 150
23 157
23 160
23 165
23 177
23 179
24 48
24 70
24 82
24 85
24 94
24 105
24 106
24 158
24 173
25 26
25 42
25 64
25 79
25 95
25 103
25 104
25 112
25 113
25 126
25 130
25 139
25 140
25 145
25 146
25 161
25 168
25 171
25 172
25 188
25 196
25 198
26 42
26 57
26 63
26 64
26 79
26 91
26 103
26 104
26 113
26 126
26 128
26 130
26 139
26 140
26 145
26 146
26 154
26 161
26 171
26 182
26 188
26 191
26 198
27 40
27 49
27 73
27 74
27 110
27 131
27 133
27 134
27 147
27 178
27 180
28 36
28 57
28 58
28 59
28 63
28 67
28 77
28 96
28 98
28 100
28 107
28 109
28 111
28 119
28 123
28 127
28 129
28 138
28 148
28 154
28 156
28 166
28 191
29 39
29 46
29 56
29 62
29 83
29 97
29 101
29 120
29 137
29 141
29 159
29 175
30 35
30 41
30 50
30 52
30 55
30 68
30 78
30 84
30 108
30 116
30 117
30 121
30 122
30 132
30 144
30 149
30 164
30 167
30 187
31 37
31 47
31 89
31 150
31 157
31 160
31 165
31 177
31 179
32 43
32 49
32 74
32 87
32 124
32 147
32 163
32 178
33 46
33 56
33 71
33 99
33 102
33 159
33 174
33 185
33 186
34 51
34 53
34 65
34 72
34 73
34 76
34 184
34 190
34 192
34 194
35 41
35 45
35 50
35 52
35 68
35 78
35 84
35 108
35 116
35 117
35 121
35 122
35 132
35 149
35 152
36 57
36 58
36 59
36 63
36 66
36 67
36 77
36 96
36 98
36 100
36 107
36 109
36 111
36 119
36 123
36 129
36 138
36 148
36 154
36 156
36 162
36 166
36 191
37 44
37 47
37 89
37 94
37 155
37 157
37 165
37 179
37 183
38 39
38 45
38 56
38 62
38 66
38 101
38 122
38 135
38 136
38 159
38 162
38 181
39 41
39 45
39 56
39 62
39 101
39 118
39 120
39 122
39 135
39 136
39 137
39 143
39 151
39 159
39 170
39 175
39 181
39 183
40 43
40 49
40 69
40 74
40 87
40 88
40 93
40 110
40 114
40 124
40 125
40 131
40 133
40 134
40 147
40 153
40 169
40 178
40 180
40 189
41 45
41 50
41 52
41 55
41 68
41 78
41 84
41 101
41 108
41 117
41 118
41 121
41 122
41 135
41 136
41 151
41 167
41 181
41 183
42 64
42 75
42 80
42 90
42 104
42 112
42 126
42 130
42 139
42 145
42 146
42 161
42 168
42 171
42 196
43 49
43 70
43 74
43 85
43 87
43 88
43 106
43 114
43 124
43 133
43 153
43 163
43 169
43 178
44 47
44 82
44 89
44 94
44 105
44 142
44 155
44 157
44 165
45 101
45 108
45 118
45 121
45 122
45 135
45 136
45 151
45 167
45 181
46 56
46 62
46 71
46 99
46 102
46 141
46 159
46 174
47 89
47 118
47 143
47 151
47 155
47 157
47 165
47 170
47 177
47 179
47 183
48 50
48 52
48 55
48 70
48 82
48 85
48 93
48 94
48 105
48 106
48 142
48 144
48 158
48 164
48 169
48 173
49 69
49 74
49 87
49 88
49 110
49 114
49 124
49 133
49 147
49 153
49 163
49 169
49 178
49 180
50 52
50 55
50 68
50 82
50 105
50 108
50 117
50 118
50 121
50 122
50 142
50 151
50 155
50 158
50 164
50 167
50 183
51 53
51 65
51 72
51 73
51 76
51 125
51 131
51 134
51 180
51 184
51 187
51 189
52 55
52 68
52 78
52 82
52 84
52 105
52 108
52 117
52 121
52 122
52 132
52 142
52 144
52 149
52 164
52 167
53 65
53 72
53 73
53 76
53 131
53 134
53 184
53 189
53 190
53 192
53 194
54 61
54 75
54 80
54 90
54 95
54 112
54 115
54 168
54 172
54 190
54 192
54 196
55 68
55 82
55 94
55 105
55 106
55 108
55 117
55 118
55 121
55 122
55 142
55 144
55 151
55 155
55 158
55 164
55 167
55 173
55 183
56 62
56 101
56 102
56 120
56 137
56 141
56 159
56 174
56 175
56 186
57 58
57 59
57 60
57 63
57 67
57 91
57 96
57 103
57 109
57 111
57 119
57 123
57 128
57 138
57 140
57 154
57 156
57 188
57 191
57 193
57 197
57 198
58 59
58 63
58 66
58 67
58 77
58 96
58 107
58 109
58 111
58 119
58 123
58 138
58 148
58 154
58 156
58 162
58 166
58 186
59 63
59 67
59 77
59 96
59 98
59 100
59 107
59 109
59 111
59 119
59 123
59 127
59 129
59 138
59 148
59 154
59 156
59 166
59 191
60 79
60 86
60 91
60 103
60 113
60 116
60 119
60 123
60 128
60 140
60 152
60 154
60 188
60 191
60 193
60 195
60 197
61 72
61 95
61 115
61 172
61 190
61 192
61 194
62 101
62 120
62 135
62 137
62 141
62 159
62 174
62 175
62 181
63 67
63 77
63 96
63 98
63 100
63 103
63 109
63 111
63 123
63 128
63 129
63 138
63 148
63 154
63 182
63 191
63 198
64 75
64 79
64 90
64 103
64 104
64 112
64 126
64 130
64 139
64 140
64 145
64 146
64 161
64 168
64 171
64 172
64 196
64 198
65 76
65 78
65 84
65 86
65 116
65 125
65 132
65 149
65 184
65 194
65 195
66 96
66 119
66 123
66 156
66 162
66 174
66 186
66 193
66 197
67 77
67 96
67 98
67 100
67 109
67 111
67 123
67 128
67 129
67 138
67 148
67 154
67 156
67 182
67 191
67 198
68 78
68 84
68 93
68 108
68 116
68 117
68 121
68 122
68 132
68 144
68 149
68 164
68 167
68 187
69 73
69 74
69 76
69 88
69 93
69 110
69 114
69 124
69 125
69 131
69 133
69 134
69 144
69 153
69 169
69 178
69 180
69 187
69 189
70 85
70 93
70 106
70 114
70 124
70 144
70 153
70 158
70 164
70 169
70 173
71 92
71 99
71 102
71 107
71 166
71 174
71 176
71 186
72 73
72 76
72 184
72 190
72 192
72 194
73 76
73 110
73 125
73 131
73 134
73 180
73 189
74 87
74 88
74 110
74 114
74 124
74 133
74 147
74 153
74 163
74 169
74 178
74 180
75 80
75 90
75 95
75 112
75 115
75 145
75 146
75 168
75 196
76 125
76 131
76 134
76 180
76 187
76 189
77 92
77 96
77 98
77 100
77 107
77 109
77 111
77 127
77 129
77 138
77 148
77 156
77 166
78 84
78 116
78 117
78 121
78 132
78 149
78 152
78 195
78 197
79 86
79 91
79 103
79 104
79 113
79 126
79 128
79 130
79 139
79 140
79 145
79 146
79 161
79 171
79 172
79 184
79 188
79 191
79 194
79 195
79 198
80 90
80 95
80 112
80 115
80 168
80 196
81 92
81 127
81 176
81 185
81 199
82 94
82 105
82 106
82 108
82 121
82 142
82 151
82 155
82 158
82 164
82 167
82 173
82 183
83 97
83 120
83 137
83 143
83 150
83 160
83 170
83 175
83 177
84 116
84 117
84 121
84 132
84 149
84 152
84 195
84 197
85 93
85 106
85 114
85 124
85 144
85 158
85 164
85 169
85 173
86 91
86 103
86 104
86 113
86 126
86 128
86 130
86 140
86 154
86 161
86 171
86 184
86 188
86 191
86 193
86 195
86 197
86 198
87 88
87 114
87 124
87 133
87 147
87 153
87 163
87 169
87 178
88 93
88 114
88 124
88 125
88 133
88 144
88 153
88 163
88 169
88 178
88 180
88 187
88 189
89 157
89 165
89 179
90 95
90 112
90 115
90 145
90 146
90 168
90 172
90 196
91 103
91 104
91 113
91 119
91 123
91 126
91 128
91 140
91 154
91 188
91 191
91 193
91 195
91 197
91 198
92 99
92 107
92 109
92 127
92 138
92 148
92 156
92 166
92 176
92 185
93 106
93 114
93 124
93 125
93 133
93 144
93 149
93 153
93 164
93 169
93 180
93 187
93 189
94 105
94 142
94 155
94 158
94 173
95 112
95 115
95 130
95 145
95 146
95 161
95 168
95 171
95 172
95 190
95 192
95 194
95 196
96 98
96 107
96 109
96 111
96 119
96 123
96 138
96 148
96 154
96 156
96 162
96 166
96 191
97 120
97 137
97 141
97 143
97 159
97 160
97 175
98 100
98 109
98 111
98 127
98 129
98 138
98 148
98 156
98 166
99 102
99 107
99 166
99 174
99 176
99 185
99 186
100 109
100 111
100 127
100 129
100 138
100 148
100 182
101 118
101 120
101 122
101 135
101 136
101 137
101 143
101 151
101 159
101 170
101 175
101 181
101 183
102 159
102 174
102 186
103 104
103 113
103 123
103 126
103 128
103 130
103 139
103 140
103 145
103 146
103 154
103 161
103 171
103 182
103 188
103 191
103 198
104 113
104 126
104 128
104 130
104 139
104 140
104 145
104 146
104 154
104 161
104 168
104 171
104 182
104 188
104 191
104 198
105 108
105 118
105 142
105 151
105 155
105 158
105 164
105 167
105 173
105 183
106 114
106 124
106 144
106 158
106 164
106 169
106 173
107 109
107 111
107 127
107 138
107 148
107 156
107 162
107 166
107 174
107 186
108 117
108 118
108 121
108 122
108 135
108 136
108 142
108 151
108 155
108 164
108 167
108 183
109 111
109 123
109 127
109 129
109 138
109 148
109 154
109 156
109 166
110 131
110 133
110 134
110 147
110 178
110 180
111 123
111 127
111 129
111 138
111 148
111 154
111 156
111 166
112 115
112 130
112 145
112 146
112 161
112 168
112 171
112 172
112 196
113 126
113 128
113 130
113 139
113 140
113 145
113 146
113 154
113 161
113 171
113 184
113 188
113 191
113 193
113 195
113 198
114 124
114 133
114 144
114 153
114 163
114 169
114 178
114 180
115 168
115 172
115 196
116 117
116 132
116 149
116 152
116 193
116 195
116 197
117 121
117 122
117 132
117 149
117 152
117 164
117 187
118 120
118 121
118 122
118 135
118 136
118 137
118 142
118 143
118 151
118 155
118 157
118 167
118 170
118 181
118 183
119 123
119 128
119 154
119 156
119 162
119 191
119 193
119 197
120 135
120 136
120 137
120 141
120 143
120 151
120 159
120 160
120 170
120 175
120 183
121 122
121 135
121 136
121 142
121 151
121 155
121 164
121 167
121 181
121 183
122 135
122 136
122 151
122 155
122 167
122 181
122 183
123 128
123 138
123 154
123 156
123 191
123 193
123 197
123 198
124 133
124 144
124 153
124 163
124 169
124 178
125 132
125 134
125 144
125 149
125 180
125 187
125 189
126 128
126 130
126 139
126 140
126 145
126 146
126 154
126 161
126 168
126 171
126 188
126 191
126 198
127 129
127 138
127 148
127 166
128 139
128 140
128 154
128 188
128 191
128 193
128 197
128 198
129 138
129 148
129 156
129 166
130 139
130 140
130 145
130 146
130 161
130 168
130 171
130 172
130 188
130 196
130 198
131 134
131 180
131 189
132 149
132 152
132 187
132 189
132 195
133 147
133 153
133 163
133 169
133 178
133 180
133 189
134 180
134 189
135 136
135 137
135 143
135 151
135 155
135 167
135 170
135 181
135 183
136 137
136 143
136 151
136 155
136 167
136 170
136 181
136 183
137 141
137 143
137 159
137 160
137 170
137 175
138 148
138 156
138 166
139 140
139 145
139 146
139 161
139 168
139 171
139 182
139 198
140 145
140 146
140 154
140 161
140 171
140 188
140 191
140 198
141 159
141 175
142 151
142 155
142 158
142 164
142 167
142 173
142 183
143 151
143 155
143 157
143 160
143 170
143 175
143 183
144 149
144 153
144 158
144 164
144 169
144 173
144 187
145 146
145 161
145 168
145 171
145 172
145 196
145 198
146 161
146 168
146 171
146 172
146 196
146 198
147 163
147 178
148 156
148 166
149 164
149 187
149 189
150 157
150 160
150 165
150 177
150 179
151 155
151 157
151 167
151 170
151 183
152 193
152 195
152 197
153 163
153 169
153 178
153 180
154 182
154 188
154 191
154 193
154 197
154 198
155 157
155 167
155 170
155 183
156 162
156 166
156 186
157 160
157 165
157 170
157 177
157 179
157 183
158 164
158 169
158 173
159 175
160 175
160 177
161 168
161 171
161 172
161 188
161 196
161 198
162 174
162 186
163 178
164 167
164 173
164 187
165 177
165 179
166 174
166 176
166 186
167 170
167 183
168 171
168 172
168 196
169 178
170 175
170 183
171 172
171 188
171 192
171 194
172 190
172 192
172 194
172 196
174 186
176 185
176 199
177 179
178 180
180 187
180 189
182 198
184 188
184 192
184 194
184 195
185 199
187 189
188 191
188 193
188 195
188 197
188 198
190 192
190 194
191 193
191 197
191 198
192 194
193 195
193 197
195 197
