400 4247
0 14
0 18
0 20
0 34
0 50
0 69
0 72
0 85
0 107
0 134
0 158
0 178
0 181
0 185
0 203
0 224
0 231
0 266
0 275
0 280
0 287
0 332
0 333
0 336
0 339
0 342
0 396
1 2
1 8
1 53
1 77
1 103
1 109
1 113
1 168
1 219
1 220
1 222
1 226
1 238
1 242
1 265
1 277
1 329
1 346
1 385
2 8
2 77
2 94
2 95
2 103
2 106
2 109
2 113
2 166
2 219
2 236
2 238
2 242
2 265
2 277
2 298
2 329
2 377
3 28
3 31
3 43
3 49
3 142
3 143
3 145
3 146
3 147
3 169
3 196
3 199
3 206
3 229
3 244
3 251
3 282
3 304
3 306
3 321
3 330
3 347
3 356
3 365
4 26
4 54
4 102
4 126
4 158
4 185
4 186
4 232
4 286
4 343
4 354
4 367
4 376
4 384
5 13
5 25
5 40
5 62
5 121
5 135
5 144
5 157
5 163
5 167
5 183
5 207
5 214
5 215
5 221
5 239
5 250
5 257
5 270
5 294
5 296
5 337
5 374
5 389
5 391
5 392
6 10
6 31
6 36
6 76
6 173
6 216
6 237
6 297
6 314
6 373
6 393
6 397
7 21
7 24
7 46
7 47
7 83
7 98
7 111
7 122
7 176
7 340
7 378
7 381
8 65
8 103
8 109
8 113
8 195
8 219
8 220
8 236
8 242
8 265
8 277
8 295
8 298
8 313
8 319
8 329
9 35
9 48
9 53
9 55
9 58
9 59
9 120
9 138
9 141
9 156
9 165
9 168
9 198
9 213
9 222
9 226
9 254
9 262
9 278
9 291
9 292
9 316
9 346
9 371
10 31
10 36
10 61
10 76
10 173
10 189
10 206
10 269
10 297
10 314
10 323
10 324
11 15
11 17
11 23
11 41
11 60
11 66
11 79
11 82
11 101
11 105
11 125
11 127
11 129
11 162
11 172
11 179
11 225
11 268
11 285
11 293
11 305
11 334
11 351
11 357
11 358
11 363
11 370
11 383
12 44
12 71
12 130
12 153
12 193
12 216
12 246
12 248
12 253
12 260
12 263
12 349
12 350
12 397
13 25
13 117
13 139
13 144
13 157
13 163
13 167
13 183
13 184
13 214
13 215
13 239
13 257
13 270
13 294
13 328
13 337
13 374
13 389
13 391
13 392
14 16
14 20
14 50
14 69
14 78
14 134
14 170
14 178
14 203
14 224
14 231
14 280
14 287
14 325
14 332
14 336
14 339
14 342
14 396
14 398
15 17
15 23
15 41
15 60
15 66
15 79
15 82
15 101
15 105
15 108
15 125
15 127
15 129
15 162
15 172
15 179
15 223
15 225
15 276
15 285
15 293
15 305
15 309
15 334
15 351
15 357
15 358
15 359
15 363
15 370
15 383
16 27
16 29
16 50
16 64
16 78
16 86
16 132
16 133
16 170
16 178
16 191
16 209
16 224
16 256
16 299
16 310
16 325
16 332
16 339
16 345
16 398
17 23
17 41
17 42
17 60
17 66
17 89
17 101
17 105
17 108
17 125
17 127
17 129
17 162
17 172
17 179
17 223
17 225
17 276
17 293
17 305
17 309
17 334
17 351
17 357
17 358
17 359
17 370
17 383
18 19
18 34
18 38
18 86
18 107
18 132
18 158
18 178
18 185
18 209
18 224
18 241
18 255
18 256
18 272
18 280
18 286
18 287
18 301
18 332
18 333
18 336
18 338
18 339
18 341
18 396
19 34
19 38
19 84
19 107
19 150
19 158
19 185
19 208
19 224
19 241
19 249
19 255
19 266
19 272
19 286
19 287
19 301
19 332
19 333
19 336
19 338
19 341
19 367
19 396
20 63
20 69
20 85
20 134
20 137
20 181
20 203
20 231
20 280
20 342
21 24
21 30
21 46
21 83
21 98
21 110
21 114
21 131
21 176
21 188
21 245
21 261
21 267
21 274
21 288
21 375
21 378
21 381
22 46
22 87
22 111
22 122
22 153
22 161
22 202
22 227
22 240
22 246
22 248
22 263
22 317
22 340
22 350
22 378
23 60
23 66
23 79
23 82
23 89
23 101
23 108
23 125
23 127
23 129
23 135
23 179
23 221
23 223
23 259
23 276
23 293
23 305
23 309
23 334
23 351
23 357
23 358
23 359
23 370
23 382
23 383
23 387
24 30
24 46
24 47
24 83
24 98
24 110
24 111
24 114
24 131
24 176
24 188
24 245
24 261
24 267
24 274
24 288
24 375
24 378
24 381
25 40
25 62
25 89
25 121
25 135
25 144
25 207
25 214
25 215
25 221
25 239
25 250
25 270
25 296
25 337
25 374
25 392
26 54
26 67
26 102
26 126
26 171
26 186
26 232
26 234
26 273
26 343
26 354
26 376
26 384
27 29
27 50
27 78
27 170
27 299
27 310
27 325
27 345
27 364
27 398
28 70
28 93
28 117
28 119
28 145
28 146
28 147
28 148
28 169
28 196
28 199
28 211
28 229
28 244
28 271
28 304
28 306
28 321
28 322
28 365
29 133
29 299
29 310
29 344
29 345
29 364
30 46
30 47
30 74
30 110
30 111
30 154
30 176
30 227
30 228
30 274
30 288
30 317
30 375
30 376
30 378
30 381
30 388
31 36
31 49
31 61
31 76
31 112
31 142
31 143
31 206
31 237
31 251
31 282
31 297
31 314
31 323
31 330
31 347
31 356
31 373
31 393
32 37
32 44
32 71
32 112
32 130
32 142
32 154
32 212
32 216
32 237
32 260
32 349
32 373
32 388
32 393
32 397
33 39
33 64
33 79
33 90
33 92
33 96
33 97
33 136
33 155
33 159
33 182
33 190
33 201
33 205
33 210
33 252
33 258
33 279
33 281
33 290
33 307
33 311
33 331
33 335
33 353
33 355
33 360
33 361
33 362
33 369
33 380
33 394
34 38
34 107
34 158
34 178
34 185
34 208
34 224
34 241
34 255
34 266
34 275
34 280
34 286
34 287
34 301
34 332
34 333
34 336
34 338
34 339
34 341
34 396
35 48
35 56
35 57
35 70
35 75
35 80
35 99
35 104
35 118
35 119
35 138
35 141
35 148
35 156
35 165
35 197
35 198
35 211
35 235
35 262
35 271
35 292
35 308
35 322
35 371
36 61
36 76
36 173
36 189
36 206
36 237
36 269
36 297
36 314
36 323
36 324
37 44
37 49
37 112
37 130
37 142
37 154
37 171
37 212
37 216
37 234
37 237
37 251
37 356
37 373
37 388
37 393
37 397
38 72
38 102
38 107
38 158
38 185
38 208
38 224
38 241
38 255
38 266
38 275
38 280
38 286
38 287
38 301
38 333
38 336
38 338
38 341
38 367
38 396
39 66
39 79
39 82
39 92
39 97
39 127
39 136
39 155
39 159
39 179
39 182
39 201
39 252
39 258
39 259
39 268
39 285
39 331
39 335
39 362
39 363
39 380
40 62
40 89
40 121
40 135
40 144
40 207
40 221
40 223
40 239
40 250
40 270
40 296
40 337
40 359
40 392
41 42
41 60
41 68
41 101
41 105
41 108
41 129
41 140
41 149
41 162
41 172
41 192
41 225
41 264
41 283
41 293
41 300
41 305
41 309
41 352
41 358
41 383
42 45
42 60
42 81
42 95
42 101
42 108
42 129
42 140
42 192
42 223
42 236
42 283
42 293
42 298
42 300
42 305
42 309
42 334
42 351
42 358
42 359
42 370
43 49
43 67
43 112
43 142
43 143
43 169
43 171
43 184
43 196
43 234
43 244
43 251
43 273
43 304
43 306
43 347
43 356
43 384
44 71
44 130
44 154
44 212
44 216
44 237
44 253
44 260
44 349
44 388
44 393
44 397
45 52
45 81
45 94
45 95
45 108
45 109
45 140
45 166
45 192
45 219
45 223
45 236
45 283
45 289
45 293
45 298
45 300
45 309
45 359
46 47
46 74
46 83
46 98
46 110
46 111
46 122
46 161
46 176
46 202
46 227
46 228
46 240
46 288
46 317
46 340
46 378
46 381
47 71
47 74
47 98
47 110
47 111
47 122
47 130
47 154
47 161
47 176
47 202
47 227
47 228
47 240
47 246
47 260
47 274
47 288
47 317
47 340
47 349
47 378
47 381
47 388
48 53
48 55
48 56
48 57
48 75
48 80
48 99
48 104
48 118
48 120
48 138
48 141
48 148
48 156
48 165
48 198
48 213
48 222
48 235
48 254
48 262
48 271
48 292
48 308
48 313
48 316
48 322
48 371
49 112
49 142
49 143
49 171
49 212
49 234
49 237
49 251
49 282
49 297
49 330
49 347
49 356
49 373
49 393
50 69
50 78
50 132
50 134
50 170
50 178
50 203
50 231
50 299
50 325
50 339
50 342
50 398
51 79
51 82
51 89
51 127
51 135
51 136
51 155
51 175
51 180
51 201
51 221
51 250
51 258
51 259
51 272
51 276
51 284
51 303
51 311
51 335
51 348
51 353
51 362
51 368
51 372
51 382
51 387
52 81
52 94
52 95
52 106
52 140
52 166
52 174
52 192
52 264
52 283
52 289
52 298
52 300
52 315
52 352
53 55
53 113
53 118
53 120
53 138
53 141
53 165
53 168
53 198
53 213
53 220
53 222
53 226
53 235
53 242
53 254
53 262
53 291
53 316
53 346
53 385
54 67
54 102
54 126
54 171
54 186
54 232
54 234
54 273
54 343
54 354
54 366
54 384
55 99
55 113
55 118
55 120
55 138
55 141
55 156
55 165
55 168
55 198
55 213
55 220
55 222
55 226
55 235
55 254
55 262
55 291
55 292
55 316
55 346
55 371
55 385
56 65
56 75
56 80
56 99
56 118
56 119
56 123
56 146
56 148
56 165
56 198
56 211
56 213
56 235
56 257
56 270
56 271
56 294
56 295
56 308
56 313
56 319
56 391
57 58
57 59
57 88
57 100
57 104
57 116
57 152
57 156
57 164
57 197
57 243
57 292
57 308
57 318
57 322
57 327
57 371
57 379
57 386
57 395
58 59
58 88
58 100
58 120
58 138
58 141
58 152
58 156
58 177
58 194
58 197
58 247
58 278
58 292
58 318
58 371
58 395
59 88
59 100
59 120
59 138
59 141
59 194
59 247
59 254
59 278
59 292
59 316
59 318
59 371
59 395
60 66
60 89
60 101
60 105
60 108
60 125
60 127
60 129
60 162
60 172
60 179
60 223
60 225
60 276
60 293
60 305
60 309
60 334
60 351
60 357
60 358
60 359
60 370
60 383
61 76
61 93
61 143
61 173
61 189
61 206
61 269
61 282
61 297
61 314
61 323
61 324
61 330
62 65
62 121
62 144
62 195
62 207
62 236
62 239
62 257
62 270
62 294
62 295
62 296
62 319
62 392
63 69
63 72
63 85
63 114
63 131
63 137
63 181
63 188
63 231
63 245
63 261
63 266
63 267
63 275
63 342
64 86
64 96
64 97
64 132
64 190
64 191
64 205
64 209
64 210
64 233
64 256
64 279
64 281
64 290
64 307
64 355
64 360
64 361
64 369
64 394
65 118
65 119
65 123
65 144
65 148
65 195
65 211
65 213
65 235
65 242
65 257
65 270
65 271
65 294
65 295
65 313
65 319
65 329
65 391
66 79
66 82
66 89
66 92
66 101
66 125
66 127
66 129
66 172
66 179
66 259
66 268
66 276
66 285
66 293
66 305
66 334
66 351
66 357
66 358
66 363
66 370
66 383
66 387
67 126
67 139
67 171
67 184
67 186
67 232
67 234
67 273
67 343
67 347
67 354
67 366
67 384
68 91
68 124
68 149
68 160
68 218
68 264
68 300
68 352
69 78
69 85
69 134
69 170
69 178
69 181
69 203
69 231
69 280
69 287
69 325
69 342
69 396
69 398
70 75
70 80
70 93
70 99
70 104
70 116
70 119
70 145
70 146
70 147
70 148
70 169
70 196
70 197
70 199
70 211
70 229
70 244
70 271
70 306
70 308
70 321
70 322
70 327
70 365
71 74
71 110
71 111
71 122
71 130
71 153
71 154
71 161
71 193
71 202
71 227
71 228
71 240
71 246
71 248
71 253
71 260
71 263
71 317
71 340
71 349
71 350
71 388
72 85
72 114
72 137
72 158
72 181
72 185
72 231
72 245
72 266
72 267
72 275
72 280
72 286
72 287
72 336
72 342
72 396
73 84
73 102
73 139
73 150
73 167
73 175
73 183
73 200
73 204
73 208
73 215
73 249
73 273
73 301
73 337
73 341
73 343
73 354
73 366
73 367
73 374
73 384
74 110
74 111
74 122
74 130
74 154
74 161
74 176
74 202
74 227
74 228
74 240
74 246
74 260
74 274
74 288
74 317
74 340
74 349
74 378
74 388
75 80
75 99
75 104
75 118
75 119
75 123
75 138
75 141
75 148
75 156
75 165
75 197
75 198
75 199
75 211
75 213
75 235
75 262
75 271
75 308
75 313
75 322
75 371
76 142
76 173
76 189
76 206
76 237
76 269
76 282
76 297
76 314
76 323
76 330
76 373
76 393
77 94
77 95
77 103
77 106
77 109
77 166
77 219
77 238
77 265
77 277
77 289
77 298
77 315
77 377
78 134
78 170
78 178
78 203
78 299
78 325
78 398
79 82
79 92
79 125
79 127
79 136
79 155
79 159
79 179
79 182
79 201
79 258
79 259
79 276
79 284
79 285
79 303
79 311
79 331
79 335
79 353
79 357
79 362
79 363
79 368
79 372
79 380
79 382
79 387
80 99
80 104
80 118
80 119
80 138
80 141
80 148
80 156
80 165
80 197
80 198
80 199
80 211
80 213
80 235
80 262
80 271
80 308
80 313
80 321
80 322
80 371
81 94
81 95
81 106
81 140
81 166
81 174
81 192
81 264
81 283
81 289
81 298
81 300
81 315
81 352
81 377
82 92
82 125
82 127
82 136
82 159
82 179
82 182
82 258
82 259
82 268
82 276
82 284
82 285
82 331
82 335
82 357
82 362
82 363
82 368
82 370
82 380
82 382
82 387
83 98
83 114
83 131
83 176
83 188
83 261
83 267
83 378
83 381
84 102
84 139
84 150
84 167
84 175
84 180
84 183
84 200
84 204
84 208
84 215
84 241
84 249
84 250
84 255
84 273
84 301
84 337
84 341
84 343
84 348
84 354
84 366
84 367
84 374
85 134
85 137
85 181
85 203
85 231
85 261
85 267
85 275
85 280
85 342
86 107
86 132
86 178
86 191
86 205
86 209
86 224
86 256
86 281
86 287
86 332
86 333
86 336
86 339
86 394
87 122
87 153
87 161
87 193
87 202
87 227
87 240
87 246
87 248
87 263
87 340
87 350
88 100
88 120
88 152
88 164
88 177
88 194
88 247
88 278
88 292
88 318
88 371
88 390
88 395
89 121
89 125
89 127
89 135
89 179
89 207
89 221
89 223
89 250
89 259
89 276
89 284
89 293
89 303
89 334
89 351
89 359
89 368
89 370
89 382
89 387
89 392
90 96
90 97
90 159
90 182
90 190
90 210
90 233
90 252
90 279
90 290
90 307
90 331
90 355
90 360
90 361
90 369
90 380
91 124
91 160
91 174
91 218
91 264
91 352
92 127
92 159
92 179
92 182
92 252
92 268
92 285
92 331
92 335
92 357
92 362
92 363
92 380
93 116
93 128
93 145
93 169
93 189
93 197
93 199
93 206
93 229
93 230
93 306
93 321
93 323
93 327
93 379
94 95
94 103
94 106
94 109
94 166
94 174
94 192
94 265
94 283
94 289
94 298
94 315
94 377
95 103
95 106
95 109
95 166
95 219
95 236
95 265
95 283
95 289
95 298
95 315
95 377
96 97
96 190
96 191
96 205
96 209
96 210
96 233
96 252
96 256
96 279
96 281
96 290
96 307
96 355
96 360
96 361
96 369
96 394
97 159
97 182
97 190
97 201
97 205
97 210
97 233
97 252
97 279
97 281
97 290
97 307
97 331
97 335
97 355
97 360
97 361
97 362
97 369
97 380
97 394
98 110
98 111
98 122
98 176
98 202
98 240
98 317
98 340
98 378
99 104
99 118
99 119
99 138
99 141
99 148
99 156
99 165
99 197
99 198
99 211
99 213
99 222
99 235
99 262
99 271
99 308
99 313
99 322
99 371
100 104
100 120
100 141
100 152
100 156
100 177
100 194
100 197
100 247
100 278
100 292
100 318
100 371
100 395
101 105
101 108
101 125
101 129
101 140
101 162
101 172
101 179
101 192
101 223
101 225
101 283
101 293
101 300
101 305
101 309
101 334
101 351
101 357
101 358
101 359
101 370
101 383
102 126
102 139
102 150
102 158
102 186
102 200
102 204
102 208
102 232
102 273
102 286
102 341
102 343
102 354
102 366
102 367
102 384
103 106
103 109
103 113
103 166
103 219
103 238
103 265
103 277
103 289
103 298
103 315
103 377
104 116
104 141
104 148
104 156
104 197
104 198
104 199
104 262
104 271
104 308
104 321
104 322
104 327
104 371
105 129
105 162
105 172
105 225
105 305
105 357
105 358
105 383
106 109
106 166
106 174
106 238
106 265
106 289
106 315
106 377
107 158
107 178
107 185
107 208
107 224
107 241
107 255
107 256
107 266
107 275
107 280
107 286
107 287
107 301
107 332
107 333
107 336
107 338
107 339
107 341
107 396
108 125
108 129
108 140
108 192
108 223
108 283
108 293
108 298
108 300
108 305
108 309
108 334
108 351
108 358
108 359
108 370
108 383
109 166
109 219
109 236
109 238
109 265
109 277
109 289
109 298
109 315
109 377
110 111
110 122
110 130
110 154
110 161
110 176
110 202
110 227
110 228
110 240
110 260
110 274
110 288
110 317
110 340
110 349
110 375
110 378
110 381
110 388
111 122
111 130
111 154
111 161
111 176
111 202
111 227
111 228
111 240
111 246
111 260
111 288
111 317
111 340
111 349
111 378
112 142
112 143
112 171
112 212
112 216
112 234
112 237
112 251
112 282
112 297
112 330
112 347
112 356
112 373
112 393
113 168
113 213
113 219
113 220
113 222
113 226
113 238
113 242
113 265
113 277
113 329
113 346
113 385
114 131
114 137
114 181
114 188
114 245
114 261
114 267
114 274
114 288
114 375
114 376
114 381
115 116
115 128
115 151
115 152
115 164
115 217
115 230
115 243
115 302
115 312
115 320
115 324
115 326
115 327
115 379
115 386
115 390
115 399
116 128
116 145
116 197
116 230
116 243
116 312
116 321
116 327
116 379
116 386
117 119
117 144
117 146
117 147
117 157
117 163
117 167
117 184
117 196
117 199
117 211
117 214
117 229
117 244
117 257
117 271
117 304
117 328
117 365
117 389
117 391
118 119
118 123
118 138
118 148
118 156
118 165
118 198
118 213
118 220
118 222
118 226
118 235
118 242
118 262
118 271
118 308
118 313
118 319
118 329
118 346
118 385
119 123
119 146
119 147
119 148
119 163
119 198
119 199
119 211
119 235
119 257
119 270
119 271
119 294
119 295
119 308
119 313
119 322
119 365
119 391
120 138
120 141
120 156
120 198
120 226
120 247
120 254
120 262
120 278
120 291
120 292
120 316
120 318
120 346
120 371
121 135
121 175
121 180
121 207
121 214
121 215
121 221
121 239
121 250
121 276
121 296
121 303
121 337
121 348
121 368
121 374
121 382
121 387
121 392
122 161
122 176
122 202
122 227
122 228
122 240
122 246
122 260
122 317
122 340
122 350
122 378
123 144
123 148
123 157
123 163
123 195
123 211
123 235
123 242
123 257
123 270
123 271
123 294
123 295
123 313
123 319
123 329
123 391
124 149
124 160
124 174
124 192
124 218
124 264
124 300
124 352
125 127
125 129
125 135
125 179
125 221
125 223
125 259
125 276
125 293
125 305
125 309
125 334
125 351
125 357
125 358
125 359
125 370
125 382
125 383
125 387
126 171
126 186
126 232
126 273
126 343
126 354
126 366
126 367
126 384
127 135
127 136
127 179
127 259
127 276
127 284
127 285
127 303
127 334
127 351
127 357
127 363
127 368
127 370
127 382
127 383
127 387
128 151
128 152
128 164
128 189
128 197
128 217
128 230
128 243
128 302
128 312
128 320
128 323
128 324
128 326
128 327
128 379
128 386
128 399
129 140
129 162
129 172
129 179
129 192
129 223
129 225
129 283
129 293
129 300
129 305
129 309
129 334
129 351
129 357
129 358
129 359
129 370
129 383
130 154
130 161
130 202
130 216
130 227
130 228
130 240
130 246
130 253
130 260
130 317
130 340
130 349
130 350
130 388
130 397
131 137
131 181
131 188
131 245
131 261
131 267
131 381
132 170
132 178
132 191
132 205
132 209
132 224
132 256
132 281
132 299
132 332
132 333
132 339
132 345
132 394
133 191
133 233
133 299
133 310
133 344
133 345
133 364
134 170
134 178
134 203
134 224
134 231
134 280
134 287
134 325
134 339
134 342
134 398
135 136
135 175
135 180
135 207
135 221
135 239
135 250
135 259
135 276
135 284
135 303
135 348
135 351
135 368
135 372
135 382
135 387
135 392
136 155
136 159
136 180
136 201
136 221
136 258
136 259
136 272
136 284
136 303
136 311
136 331
136 335
136 348
136 353
136 362
136 368
136 372
136 382
136 387
137 181
137 188
137 245
137 261
137 267
137 275
137 342
138 141
138 156
138 165
138 168
138 198
138 213
138 222
138 226
138 235
138 254
138 262
138 278
138 291
138 292
138 308
138 316
138 346
138 371
139 150
139 157
139 167
139 183
139 184
139 200
139 204
139 214
139 215
139 273
139 328
139 337
139 343
139 354
139 366
139 367
139 374
139 384
139 389
140 192
140 225
140 264
140 283
140 293
140 298
140 300
140 305
140 309
140 352
140 358
141 156
141 165
141 168
141 198
141 213
141 222
141 226
141 235
141 254
141 262
141 278
141 291
141 292
141 308
141 316
141 322
141 346
141 371
142 143
142 171
142 206
142 212
142 216
142 234
142 237
142 251
142 282
142 297
142 314
142 330
142 347
142 356
142 373
142 393
143 145
143 169
143 196
143 206
143 229
143 244
143 251
143 282
143 297
143 304
143 306
143 314
143 323
143 330
143 347
143 356
143 373
143 393
144 157
144 163
144 167
144 207
144 214
144 215
144 239
144 257
144 270
144 294
144 295
144 296
144 328
144 337
144 374
144 389
144 391
144 392
145 146
145 147
145 169
145 196
145 199
145 211
145 229
145 244
145 304
145 306
145 321
145 365
146 147
146 148
146 157
146 163
146 169
146 184
146 196
146 199
146 211
146 229
146 244
146 271
146 304
146 306
146 321
146 328
146 365
146 389
146 391
147 148
147 157
147 163
147 169
147 184
147 196
147 199
147 211
147 229
147 244
147 271
147 304
147 306
147 321
147 328
147 365
147 389
147 391
148 156
148 165
148 198
148 199
148 211
148 235
148 271
148 294
148 308
148 313
148 321
148 322
148 365
148 391
149 160
149 162
149 192
149 218
149 225
149 264
149 300
149 352
150 167
150 175
150 180
150 183
150 200
150 204
150 208
150 215
150 241
150 249
150 250
150 255
150 272
150 301
150 303
150 337
150 341
150 348
150 367
150 372
150 374
151 152
151 164
151 217
151 230
151 243
151 269
151 302
151 312
151 320
151 324
151 326
151 379
151 386
151 390
151 399
152 164
152 177
152 187
152 194
152 217
152 230
152 243
152 302
152 320
152 326
152 379
152 386
152 390
152 395
152 399
153 161
153 193
153 227
153 246
153 248
153 253
153 260
153 263
153 349
153 350
154 161
154 212
154 227
154 228
154 260
154 288
154 317
154 349
154 388
155 159
155 201
155 205
155 210
155 258
155 259
155 272
155 279
155 281
155 284
155 303
155 311
155 331
155 335
155 348
155 353
155 361
155 362
155 368
155 372
155 382
155 394
156 165
156 197
156 198
156 213
156 222
156 235
156 254
156 262
156 292
156 308
156 316
156 322
156 371
157 163
157 167
157 183
157 184
157 214
157 215
157 257
157 270
157 294
157 328
157 337
157 365
157 374
157 389
157 391
158 185
158 208
158 266
158 275
158 280
158 286
158 287
158 301
158 333
158 336
158 338
158 341
158 367
158 396
159 182
159 190
159 201
159 205
159 210
159 252
159 258
159 259
159 279
159 284
159 285
159 307
159 311
159 331
159 335
159 353
159 355
159 360
159 361
159 362
159 380
159 394
160 174
160 218
160 264
160 352
161 176
161 202
161 227
161 228
161 240
161 246
161 248
161 260
161 263
161 317
161 340
161 349
161 350
161 378
162 172
162 225
162 305
162 357
162 358
162 383
163 167
163 183
163 184
163 211
163 214
163 215
163 257
163 270
163 294
163 295
163 328
163 337
163 365
163 374
163 389
163 391
164 177
164 187
164 194
164 217
164 230
164 243
164 302
164 312
164 320
164 326
164 327
164 379
164 386
164 390
164 395
164 399
165 168
165 198
165 213
165 220
165 222
165 226
165 235
165 242
165 254
165 262
165 291
165 292
165 308
165 313
165 346
165 371
165 385
166 219
166 238
166 265
166 277
166 289
166 298
166 315
166 377
167 183
167 184
167 200
167 204
167 214
167 215
167 273
167 328
167 337
167 343
167 366
167 374
167 389
167 391
167 392
168 213
168 220
168 222
168 226
168 254
168 262
168 291
168 316
168 346
168 385
169 196
169 199
169 206
169 229
169 244
169 282
169 304
169 306
169 321
169 330
169 347
169 365
170 178
170 203
170 299
170 325
170 339
170 398
171 212
171 234
171 251
171 347
171 356
171 373
171 384
171 388
171 393
172 225
172 268
172 305
172 357
172 358
172 363
172 383
173 189
173 269
173 297
173 314
173 323
173 324
174 218
174 264
174 289
174 315
174 352
175 180
175 200
175 204
175 208
175 215
175 221
175 241
175 249
175 250
175 255
175 272
175 284
175 301
175 303
175 311
175 337
175 341
175 348
175 353
175 368
175 372
175 374
175 382
176 202
176 227
176 228
176 240
176 274
176 288
176 317
176 340
176 378
176 381
177 187
177 194
177 243
177 247
177 318
177 386
177 390
177 395
177 399
178 203
178 224
178 231
178 275
178 280
178 287
178 325
178 332
178 333
178 336
178 339
178 342
178 396
178 398
179 259
179 276
179 285
179 293
179 305
179 334
179 351
179 357
179 358
179 363
179 370
179 382
179 383
179 387
180 200
180 221
180 241
180 249
180 250
180 255
180 258
180 272
180 284
180 301
180 303
180 311
180 341
180 348
180 353
180 368
180 372
180 382
180 387
181 188
181 231
181 245
181 261
181 266
181 267
181 275
181 280
181 342
181 396
182 252
182 268
182 285
182 331
182 335
182 363
182 380
183 184
183 200
183 204
183 214
183 215
183 273
183 328
183 337
183 343
183 354
183 366
183 374
183 384
183 389
184 196
184 214
184 215
184 244
184 273
184 304
184 328
184 343
184 347
184 365
184 366
184 384
184 389
185 208
185 266
185 275
185 280
185 286
185 287
185 333
185 336
185 338
185 341
185 367
185 396
186 232
186 273
186 343
186 354
186 366
186 367
186 376
186 384
187 194
187 243
187 247
187 390
187 399
188 245
188 261
188 267
188 381
189 206
189 217
189 230
189 269
189 312
189 314
189 323
189 324
190 191
190 201
190 205
190 210
190 233
190 252
190 279
190 281
190 290
190 307
190 331
190 335
190 355
190 360
190 361
190 362
190 369
190 380
190 394
191 205
191 209
191 210
191 256
191 279
191 281
191 299
191 307
191 332
191 339
191 345
191 355
191 361
191 369
191 394
192 225
192 264
192 283
192 293
192 298
192 300
192 305
192 309
192 352
192 358
193 246
193 248
193 253
193 260
193 263
193 349
193 350
193 397
194 247
194 278
194 318
194 390
194 395
195 219
195 236
195 239
195 242
195 257
195 270
195 277
195 294
195 295
195 296
195 313
195 319
195 329
196 199
196 211
196 229
196 244
196 304
196 306
196 321
196 347
196 365
197 199
197 308
197 321
197 322
197 327
197 379
197 386
197 395
198 213
198 222
198 226
198 235
198 262
198 271
198 292
198 308
198 313
198 322
198 346
198 371
199 211
199 229
199 244
199 271
199 304
199 306
199 308
199 321
199 322
199 365
200 204
200 208
200 215
200 249
200 273
200 301
200 337
200 341
200 343
200 354
200 366
200 367
200 374
201 205
201 210
201 258
201 259
201 272
201 279
201 281
201 284
201 303
201 311
201 331
201 335
201 348
201 353
201 355
201 361
201 362
201 368
201 372
201 394
202 227
202 228
202 240
202 246
202 248
202 260
202 263
202 317
202 340
202 349
202 350
202 378
203 231
203 325
203 342
203 398
204 208
204 215
204 249
204 273
204 301
204 337
204 341
204 343
204 354
204 366
204 367
204 374
204 384
205 209
205 210
205 256
205 258
205 272
205 279
205 281
205 307
205 311
205 335
205 353
205 355
205 361
205 362
205 369
205 394
206 251
206 269
206 282
206 297
206 306
206 314
206 323
206 330
206 373
207 221
207 239
207 250
207 257
207 270
207 294
207 295
207 296
207 337
207 392
208 241
208 249
208 255
208 272
208 286
208 301
208 338
208 341
208 354
208 367
209 210
209 224
209 256
209 279
209 281
209 299
209 307
209 332
209 333
209 339
209 345
209 355
209 361
209 394
210 233
210 252
210 256
210 279
210 281
210 290
210 307
210 331
210 335
210 355
210 360
210 361
210 362
210 369
210 394
211 229
211 244
211 257
211 271
211 294
211 308
211 321
211 322
211 328
211 365
211 391
212 216
212 234
212 237
212 251
212 297
212 356
212 373
212 388
212 393
212 397
213 220
213 222
213 226
213 235
213 242
213 262
213 277
213 291
213 313
213 319
213 329
213 346
213 371
213 385
214 215
214 239
214 257
214 328
214 337
214 366
214 374
214 389
214 391
214 392
215 250
215 273
215 328
215 337
215 366
215 374
215 389
215 392
216 237
216 297
216 373
216 393
216 397
217 230
217 243
217 269
217 302
217 312
217 320
217 324
217 326
217 327
217 379
217 386
217 390
217 399
218 264
218 352
219 236
219 242
219 265
219 277
219 298
219 319
219 329
220 222
220 226
220 235
220 242
220 277
220 291
220 313
220 319
220 329
220 346
220 385
221 239
221 250
221 259
221 276
221 284
221 303
221 337
221 348
221 351
221 368
221 372
221 382
221 387
221 392
222 226
222 235
222 242
222 254
222 262
222 277
222 291
222 313
222 316
222 329
222 346
222 371
222 385
223 236
223 276
223 283
223 293
223 296
223 305
223 309
223 334
223 351
223 358
223 359
223 370
224 231
224 256
224 280
224 287
224 332
224 333
224 336
224 338
224 339
224 342
224 396
225 300
225 305
225 358
225 383
226 235
226 254
226 262
226 291
226 316
226 346
226 385
227 228
227 240
227 246
227 248
227 260
227 263
227 317
227 340
227 349
227 350
227 378
227 388
228 240
228 260
228 274
228 288
228 317
228 340
228 349
228 378
228 388
229 244
229 304
229 306
229 321
229 365
230 243
230 269
230 302
230 312
230 320
230 324
230 326
230 327
230 379
230 386
230 390
230 399
231 266
231 275
231 280
231 287
231 336
231 339
231 342
231 396
231 398
232 273
232 343
232 354
232 366
232 367
232 376
232 384
233 252
233 290
233 307
233 355
233 360
233 369
234 251
234 347
234 356
234 373
234 388
234 393
235 242
235 262
235 271
235 308
235 313
235 319
235 329
235 346
235 371
236 295
236 296
236 298
236 319
236 329
237 251
237 282
237 297
237 314
237 330
237 373
237 393
237 397
238 265
238 277
238 315
238 377
239 257
239 270
239 294
239 295
239 296
239 337
239 374
239 392
240 246
240 248
240 260
240 263
240 317
240 340
240 349
240 350
240 378
241 249
241 255
241 272
241 286
241 301
241 311
241 333
241 338
241 341
241 348
241 353
241 367
241 372
242 277
242 295
242 313
242 319
242 329
242 385
243 302
243 312
243 320
243 324
243 326
243 327
243 379
243 386
243 390
243 395
243 399
244 304
244 306
244 321
244 328
244 347
244 365
245 267
245 274
245 288
245 375
245 376
245 381
246 248
246 253
246 260
246 263
246 317
246 340
246 349
246 350
247 278
247 292
247 318
247 395
248 253
248 263
248 349
248 350
249 250
249 255
249 272
249 284
249 301
249 303
249 311
249 338
249 341
249 348
249 353
249 367
249 368
249 372
250 276
250 284
250 303
250 337
250 348
250 368
250 372
250 374
250 382
250 387
250 392
251 282
251 297
251 306
251 330
251 347
251 356
251 373
251 393
252 279
252 290
252 307
252 331
252 335
252 355
252 360
252 361
252 362
252 369
252 380
253 260
253 263
253 349
253 350
253 397
254 262
254 278
254 291
254 292
254 316
254 346
254 371
255 272
255 286
255 301
255 311
255 333
255 338
255 341
255 348
255 353
255 367
255 372
256 279
256 281
256 332
256 333
256 339
256 355
256 361
256 394
257 270
257 271
257 294
257 295
257 296
257 313
257 319
257 328
257 389
257 391
258 259
258 272
258 279
258 284
258 303
258 311
258 331
258 335
258 348
258 353
258 361
258 362
258 368
258 372
258 382
258 387
258 394
259 276
259 284
259 285
259 303
259 311
259 331
259 335
259 348
259 351
259 353
259 362
259 368
259 370
259 372
259 382
259 387
260 263
260 317
260 340
260 349
260 350
260 388
261 267
262 291
262 292
262 308
262 313
262 316
262 322
262 346
262 371
263 340
263 349
263 350
264 283
264 300
264 352
265 277
265 289
265 298
265 315
265 377
266 275
266 280
266 286
266 287
266 333
266 336
266 338
266 342
266 396
267 381
268 285
268 357
268 363
268 380
269 312
269 314
269 323
269 324
270 294
270 295
270 296
270 313
270 319
270 329
270 389
270 391
270 392
271 294
271 308
271 313
271 321
271 322
271 365
271 391
272 284
272 301
272 303
272 311
272 333
272 341
272 348
272 353
272 362
272 368
272 372
272 394
273 343
273 354
273 366
273 367
273 384
274 288
274 375
274 376
274 381
274 388
275 280
275 286
275 287
275 336
275 338
275 342
275 396
276 284
276 293
276 303
276 334
276 351
276 359
276 368
276 370
276 382
276 387
277 319
277 329
277 385
278 292
278 316
278 318
278 371
278 395
279 281
279 290
279 307
279 311
279 331
279 335
279 355
279 360
279 361
279 362
279 369
279 394
280 286
280 287
280 332
280 333
280 336
280 338
280 339
280 342
280 396
281 290
281 307
281 335
281 355
281 360
281 361
281 362
281 369
281 394
282 297
282 306
282 314
282 323
282 330
282 347
282 356
282 373
282 393
283 289
283 293
283 298
283 300
283 305
283 309
283 352
283 358
283 359
284 303
284 311
284 331
284 335
284 348
284 353
284 362
284 368
284 372
284 382
284 387
285 331
285 335
285 357
285 363
285 380
286 287
286 301
286 333
286 336
286 338
286 341
286 367
286 396
287 332
287 333
287 336
287 338
287 339
287 342
287 396
288 317
288 375
288 376
288 381
288 388
289 298
289 315
289 377
290 307
290 355
290 360
290 361
290 369
290 380
291 292
291 316
291 346
291 371
291 385
292 316
292 318
292 371
292 395
293 305
293 309
293 334
293 351
293 358
293 359
293 370
293 383
294 295
294 296
294 313
294 319
294 328
294 329
294 389
294 391
295 296
295 313
295 319
295 329
295 391
296 359
296 392
297 314
297 330
297 356
297 373
297 393
297 397
299 310
299 325
299 344
299 345
299 364
300 305
300 309
300 352
300 358
301 333
301 338
301 341
301 348
301 367
302 312
302 320
302 324
302 326
302 327
302 379
302 386
302 390
302 399
303 311
303 348
303 353
303 362
303 368
303 372
303 382
303 387
304 306
304 321
304 328
304 347
304 365
305 309
305 334
305 351
305 357
305 358
305 359
305 370
305 383
306 321
306 330
306 347
306 365
307 331
307 335
307 355
307 360
307 361
307 369
307 394
308 321
308 322
308 371
309 334
309 351
309 358
309 359
309 370
309 383
310 344
310 345
310 364
311 331
311 335
311 348
311 353
311 361
311 362
311 368
311 372
311 382
311 387
311 394
312 320
312 323
312 324
312 326
312 327
312 379
312 386
312 399
313 319
313 329
314 323
314 330
314 373
315 377
316 346
316 371
317 340
317 349
317 350
317 378
317 388
318 395
319 329
320 324
320 326
320 379
320 386
320 390
320 399
321 322
321 327
321 365
322 371
323 324
323 330
324 326
324 327
324 379
324 386
324 399
325 398
326 379
326 386
326 390
326 399
327 379
327 386
328 337
328 365
328 374
328 389
328 391
330 347
330 356
330 373
330 393
331 335
331 353
331 360
331 361
331 362
331 363
331 380
332 333
332 336
332 338
332 339
332 394
332 396
333 336
333 338
333 339
333 396
334 351
334 358
334 359
334 370
334 383
335 353
335 355
335 361
335 362
335 368
335 372
335 380
335 394
336 338
336 339
336 342
336 396
337 366
337 374
337 389
337 392
338 341
338 367
338 396
339 396
340 349
340 350
340 378
341 348
341 367
342 396
342 398
343 354
343 366
343 367
343 384
344 345
344 364
345 364
346 385
347 356
347 373
347 393
348 353
348 368
348 372
348 382
348 387
349 350
349 388
349 397
351 358
351 359
351 370
351 383
351 387
353 362
353 368
353 372
353 382
353 387
353 394
354 366
354 367
354 384
355 360
355 361
355 369
355 394
356 373
356 393
357 358
357 363
357 370
357 383
358 359
358 370
358 383
359 370
359 383
360 361
360 369
360 380
361 362
361 369
361 394
362 368
362 372
362 380
362 394
363 380
363 383
365 389
365 391
366 367
366 374
366 384
366 389
367 384
368 372
368 382
368 387
369 394
370 383
370 387
372 382
372 387
373 393
374 389
374 392
375 376
375 381
376 381
378 381
379 386
379 390
379 395
379 399
382 387
386 390
386 395
386 399
389 391
389 392
390 395
390 399
393 397
