100 748
0 4
0 8
0 10
0 23
0 24
0 28
0 32
0 35
0 36
0 43
0 47
0 52
0 62
0 70
0 75
0 78
0 80
0 81
0 87
0 99
1 13
1 19
1 38
1 39
1 40
1 44
1 54
1 59
1 71
1 88
1 90
1 95
1 97
2 3
2 10
2 15
2 27
2 32
2 33
2 36
2 58
2 64
2 70
2 75
2 89
2 92
2 93
2 96
3 10
3 15
3 25
3 32
3 36
3 55
3 58
3 70
3 89
3 92
4 17
4 27
4 28
4 32
4 33
4 35
4 36
4 45
4 62
4 67
4 73
4 75
4 80
4 81
4 84
4 87
4 93
4 98
4 99
5 21
5 37
5 48
5 49
5 76
6 7
6 9
6 11
6 12
6 14
6 20
6 22
6 34
6 42
6 50
6 51
6 56
6 57
6 60
6 61
6 66
6 69
6 74
6 77
6 79
6 83
6 85
6 86
6 91
7 9
7 12
7 14
7 20
7 34
7 51
7 56
7 66
7 69
7 74
7 77
7 85
7 86
7 91
8 16
8 23
8 25
8 26
8 32
8 35
8 36
8 42
8 43
8 47
8 52
8 55
8 57
8 61
8 68
8 69
8 70
8 78
8 99
9 11
9 12
9 14
9 20
9 22
9 34
9 42
9 50
9 51
9 56
9 57
9 60
9 61
9 66
9 69
9 74
9 77
9 79
9 85
9 86
9 91
10 15
10 23
10 27
10 32
10 33
10 36
10 58
10 62
10 64
10 70
10 75
10 78
10 89
10 92
10 93
10 96
10 99
11 12
11 22
11 31
11 41
11 46
11 50
11 51
11 53
11 60
11 65
11 74
11 79
11 82
11 83
12 14
12 22
12 34
12 41
12 46
12 50
12 51
12 56
12 57
12 61
12 66
12 74
12 77
12 79
12 85
12 86
12 91
13 19
13 29
13 30
13 38
13 39
13 40
13 44
13 59
13 71
13 88
13 90
13 95
13 97
14 20
14 22
14 34
14 42
14 50
14 51
14 56
14 57
14 61
14 66
14 69
14 74
14 77
14 85
14 86
14 91
15 36
15 58
15 70
15 89
15 92
16 20
16 25
16 26
16 42
16 43
16 47
16 55
16 57
16 61
16 63
16 68
16 69
16 86
17 27
17 28
17 33
17 35
17 36
17 37
17 45
17 62
17 64
17 67
17 75
17 80
17 81
17 84
17 87
17 93
17 98
18 19
18 31
18 38
18 39
18 44
18 46
18 54
18 71
18 72
18 82
18 90
18 94
18 97
19 38
19 39
19 40
19 44
19 54
19 71
19 88
19 90
19 95
19 97
20 26
20 34
20 42
20 57
20 61
20 63
20 69
20 77
20 85
20 86
21 29
21 30
21 37
21 48
21 59
21 76
22 34
22 41
22 46
22 50
22 51
22 53
22 57
22 60
22 61
22 74
22 79
22 83
22 85
22 86
22 91
23 25
23 26
23 32
23 35
23 36
23 43
23 47
23 52
23 55
23 68
23 70
23 78
23 99
24 35
24 50
24 52
24 53
24 57
24 60
24 61
24 65
24 73
24 79
24 80
24 81
24 83
25 26
25 43
25 47
25 55
25 68
25 70
25 78
26 42
26 43
26 47
26 52
26 55
26 57
26 61
26 63
26 68
26 69
26 78
26 86
26 99
27 28
27 33
27 36
27 45
27 62
27 64
27 67
27 75
27 84
27 87
27 93
27 96
27 98
28 32
28 33
28 35
28 36
28 45
28 62
28 67
28 75
28 80
28 81
28 84
28 87
28 93
28 98
29 30
29 37
29 40
29 48
29 59
29 95
30 37
30 48
30 59
31 38
31 39
31 41
31 46
31 82
31 90
31 94
32 33
32 35
32 36
32 43
32 52
32 62
32 70
32 75
32 78
32 80
32 87
32 92
32 99
33 35
33 36
33 45
33 62
33 64
33 67
33 75
33 84
33 87
33 93
33 96
33 98
34 42
34 50
34 51
34 56
34 57
34 60
34 61
34 66
34 69
34 74
34 77
34 79
34 85
34 86
34 91
35 36
35 52
35 62
35 65
35 70
35 75
35 78
35 80
35 81
35 84
35 87
35 99
36 52
36 62
36 64
36 70
36 75
36 78
36 80
36 87
36 92
36 93
36 96
36 99
37 48
37 59
37 67
37 76
37 84
38 39
38 40
38 44
38 54
38 71
38 88
38 90
38 95
38 97
39 44
39 54
39 71
39 72
39 88
39 90
39 94
39 95
39 97
40 44
40 59
40 65
40 73
40 88
40 90
40 95
41 46
41 50
41 51
41 74
41 82
41 91
41 94
42 43
42 47
42 51
42 57
42 61
42 63
42 69
42 74
42 77
42 79
42 85
42 86
43 47
43 52
43 55
43 68
43 70
43 78
43 99
44 54
44 71
44 88
44 90
44 95
44 97
45 62
45 64
45 67
45 75
45 84
45 87
45 93
45 96
45 98
46 82
46 94
47 52
47 55
47 61
47 63
47 68
47 69
47 78
47 99
48 49
48 59
48 76
49 76
50 51
50 53
50 57
50 60
50 61
50 65
50 74
50 79
50 83
50 85
50 86
51 56
51 57
51 61
51 66
51 69
51 74
51 77
51 79
51 85
51 86
51 91
52 55
52 57
52 61
52 70
52 78
52 80
52 99
53 57
53 60
53 65
53 73
53 79
53 80
53 81
53 83
54 71
54 72
54 88
54 90
54 94
54 97
55 68
55 70
55 78
55 99
56 66
56 74
56 77
56 85
56 91
57 60
57 61
57 69
57 74
57 77
57 79
57 83
57 85
57 86
58 70
58 89
58 92
59 73
59 88
59 95
60 61
60 65
60 74
60 79
60 80
60 83
60 86
61 63
61 69
61 74
61 77
61 79
61 83
61 85
61 86
62 64
62 67
62 75
62 80
62 81
62 84
62 87
62 93
62 96
62 98
63 68
63 69
63 77
63 86
64 75
64 87
64 93
64 96
64 98
65 73
65 79
65 80
65 81
65 83
66 74
66 77
66 85
66 91
67 75
67 84
67 87
67 93
67 98
68 78
69 74
69 77
69 85
69 86
70 75
70 78
70 89
70 92
70 99
71 72
71 88
71 90
71 97
72 90
72 94
72 97
73 80
73 81
73 83
73 95
74 77
74 79
74 83
74 85
74 86
74 91
75 80
75 81
75 84
75 87
75 93
75 96
75 98
75 99
77 85
77 86
77 91
78 99
79 83
79 85
79 86
80 81
80 83
80 84
80 87
80 99
81 84
81 87
82 94
84 87
84 93
84 98
85 86
85 91
86 91
87 93
87 96
87 98
88 90
88 95
88 97
89 92
90 94
90 95
90 97
93 96
93 98
96 98
