100 724
0 1
0 3
0 4
0 10
0 16
0 21
0 23
0 24
0 26
0 27
0 29
0 53
0 59
0 61
0 76
0 87
0 91
0 95
1 2
1 4
1 10
1 11
1 16
1 21
1 26
1 27
1 46
1 53
1 54
1 57
1 61
1 76
1 77
1 79
1 82
1 87
1 94
1 95
2 11
2 13
2 16
2 21
2 28
2 31
2 38
2 41
2 46
2 49
2 54
2 57
2 61
2 77
2 79
2 82
2 94
3 4
3 10
3 12
3 21
3 23
3 24
3 25
3 37
3 53
3 59
3 72
3 91
3 95
4 6
4 10
4 16
4 21
4 23
4 24
4 25
4 27
4 37
4 53
4 59
4 61
4 87
4 91
4 95
5 18
5 22
5 62
5 64
5 69
5 70
5 80
5 81
5 86
6 23
6 24
6 37
6 43
6 53
6 59
6 91
7 14
7 15
7 17
7 30
7 32
7 39
7 44
7 45
7 75
7 85
7 97
8 18
8 36
8 50
8 51
8 56
8 70
8 76
8 78
8 83
8 86
8 88
8 90
8 93
8 96
9 19
9 34
9 60
9 68
9 71
9 84
9 89
9 92
10 12
10 16
10 21
10 23
10 24
10 25
10 37
10 53
10 59
10 72
10 87
10 91
10 94
10 95
11 13
11 16
11 21
11 28
11 31
11 33
11 38
11 41
11 46
11 54
11 57
11 61
11 77
11 79
11 82
11 94
12 20
12 23
12 25
12 72
12 91
12 95
13 19
13 28
13 30
13 31
13 33
13 34
13 38
13 41
13 44
13 46
13 47
13 52
13 57
13 60
13 71
13 73
13 77
13 82
13 84
13 85
13 97
14 15
14 17
14 30
14 39
14 44
14 45
14 75
14 85
14 97
15 17
15 30
15 32
15 39
15 40
15 45
15 63
15 65
15 75
15 80
16 21
16 28
16 31
16 38
16 41
16 46
16 53
16 57
16 61
16 77
16 79
16 82
16 87
16 94
16 95
17 30
17 32
17 39
17 44
17 45
17 65
17 75
17 85
17 97
18 22
18 36
18 51
18 69
18 70
18 81
18 86
18 93
19 28
19 31
19 33
19 34
19 35
19 41
19 42
19 44
19 47
19 48
19 58
19 60
19 71
19 73
19 74
19 84
19 98
20 25
20 31
20 35
20 42
20 48
20 58
20 67
20 72
20 73
20 74
20 95
20 98
21 23
21 24
21 25
21 27
21 53
21 59
21 61
21 82
21 87
21 91
21 94
21 95
22 36
22 40
22 49
22 62
22 64
22 66
22 69
22 70
22 80
22 81
22 86
22 93
23 24
23 25
23 37
23 43
23 53
23 59
23 87
23 91
23 95
24 25
24 37
24 43
24 53
24 59
24 87
24 91
24 95
25 37
25 53
25 72
25 91
25 95
26 27
26 29
26 50
26 53
26 56
26 61
26 76
26 78
26 83
26 87
26 88
26 90
26 96
27 29
27 50
27 53
27 56
27 61
27 76
27 83
27 87
27 88
27 90
27 96
28 31
28 33
28 34
28 35
28 38
28 41
28 42
28 46
28 47
28 48
28 52
28 57
28 73
28 74
28 77
28 79
28 82
28 94
28 98
29 50
29 53
29 61
29 76
29 87
29 88
29 96
30 32
30 33
30 44
30 45
30 47
30 52
30 63
30 71
30 85
30 97
31 33
31 34
31 35
31 41
31 42
31 46
31 47
31 48
31 57
31 58
31 72
31 73
31 74
31 77
31 82
31 94
31 98
32 39
32 40
32 45
32 63
32 65
32 75
32 80
33 34
33 41
33 42
33 44
33 46
33 47
33 48
33 52
33 57
33 60
33 71
33 73
33 74
33 77
33 82
33 84
33 85
33 97
33 98
34 35
34 41
34 42
34 44
34 47
34 48
34 60
34 71
34 73
34 74
34 84
34 85
34 98
35 42
35 48
35 58
35 67
35 72
35 73
35 74
35 98
36 49
36 50
36 51
36 54
36 56
36 69
36 70
36 78
36 81
36 83
36 86
36 90
36 93
36 99
37 43
37 53
37 59
37 91
38 41
38 46
38 49
38 52
38 54
38 57
38 66
38 77
38 79
38 82
38 94
38 99
39 45
39 65
39 75
40 45
40 49
40 52
40 62
40 63
40 64
40 66
40 69
40 80
40 81
41 42
41 46
41 47
41 48
41 52
41 57
41 73
41 74
41 77
41 79
41 82
41 94
42 48
42 58
42 67
42 72
42 73
42 74
42 98
43 59
44 45
44 47
44 52
44 60
44 71
44 84
44 85
44 97
45 52
45 63
45 66
45 85
45 97
46 47
46 49
46 52
46 54
46 57
46 77
46 79
46 82
46 94
47 52
47 57
47 60
47 71
47 73
47 77
47 84
47 85
47 97
48 57
48 58
48 67
48 72
48 73
48 74
48 82
48 94
48 98
49 54
49 56
49 66
49 69
49 77
49 78
49 79
49 81
49 93
49 99
50 56
50 61
50 76
50 78
50 83
50 88
50 90
50 93
50 96
50 99
51 70
51 81
51 86
52 63
52 66
52 77
52 85
52 97
53 59
53 61
53 87
53 91
53 95
54 56
54 57
54 61
54 66
54 77
54 78
54 79
54 82
54 93
54 94
54 99
55 68
55 89
55 92
56 61
56 70
56 76
56 78
56 79
56 83
56 88
56 90
56 93
56 96
56 99
57 73
57 74
57 77
57 79
57 82
57 94
58 67
58 72
58 73
58 74
58 98
59 91
60 71
60 84
60 85
60 97
61 76
61 78
61 79
61 83
61 87
61 88
61 90
61 93
61 94
61 96
61 99
62 63
62 64
62 66
62 69
62 80
62 81
63 64
63 66
63 80
64 80
65 75
66 69
66 80
67 68
67 72
67 73
67 74
67 92
67 98
68 84
68 89
68 92
69 70
69 78
69 80
69 81
69 86
69 93
69 99
70 78
70 81
70 86
70 90
70 93
70 99
71 84
71 85
71 97
72 73
72 74
72 91
72 95
73 74
73 82
73 94
73 98
74 82
74 94
74 98
76 78
76 83
76 87
76 88
76 90
76 93
76 96
76 99
77 79
77 82
77 94
78 79
78 81
78 83
78 88
78 90
78 93
78 96
78 99
79 82
79 93
79 94
79 99
80 81
81 86
81 93
81 99
82 94
83 88
83 90
83 93
83 96
83 99
84 85
84 97
84 98
85 97
87 96
88 90
88 96
89 92
90 93
90 96
90 99
91 95
93 96
93 99
94 95
