50 346
0 2
0 4
0 9
0 14
0 16
0 18
0 24
0 25
0 29
0 31
0 37
0 40
0 42
0 43
0 44
1 12
1 15
1 17
1 20
1 21
1 22
1 26
1 32
1 33
1 34
1 39
1 45
1 48
1 49
2 4
2 9
2 10
2 11
2 13
2 14
2 16
2 17
2 18
2 19
2 23
2 24
2 25
2 28
2 29
2 31
2 35
2 37
2 38
2 40
2 42
2 43
2 44
3 6
3 7
3 8
3 10
3 11
3 17
3 19
3 20
3 23
3 24
3 28
3 33
3 36
4 9
4 10
4 13
4 14
4 16
4 18
4 24
4 25
4 29
4 31
4 37
4 40
4 41
4 43
4 44
5 13
5 14
5 27
5 41
5 46
5 47
6 7
6 8
6 20
6 23
6 30
6 36
6 45
6 49
7 8
7 15
7 17
7 20
7 23
7 33
7 36
7 45
7 49
8 30
8 36
9 10
9 11
9 13
9 14
9 17
9 18
9 23
9 24
9 25
9 26
9 28
9 29
9 33
9 37
9 38
9 42
9 43
9 44
10 11
10 13
10 15
10 17
10 18
10 19
10 23
10 24
10 25
10 26
10 28
10 29
10 33
10 35
10 37
10 38
10 42
10 43
10 44
11 18
11 19
11 23
11 24
11 25
11 28
11 29
11 35
11 37
11 40
11 42
11 43
11 44
12 15
12 17
12 21
12 22
12 26
12 28
12 33
12 38
12 39
12 46
13 14
13 18
13 24
13 25
13 26
13 27
13 28
13 38
13 41
13 43
13 46
14 18
14 25
14 27
14 41
14 43
15 17
15 20
15 21
15 22
15 23
15 26
15 28
15 32
15 33
15 34
15 38
15 39
15 46
16 29
16 31
16 37
16 40
16 42
16 43
16 44
17 18
17 20
17 21
17 22
17 23
17 24
17 25
17 26
17 28
17 33
17 38
17 39
17 46
18 19
18 23
18 24
18 25
18 28
18 29
18 31
18 33
18 35
18 37
18 38
18 40
18 42
18 43
18 44
19 23
19 24
19 25
19 29
19 30
19 35
19 37
19 42
19 43
19 44
20 22
20 23
20 26
20 33
20 34
20 36
20 45
20 48
20 49
21 22
21 26
21 28
21 32
21 33
21 38
21 39
21 46
22 26
22 32
22 33
22 34
22 39
22 48
23 24
23 25
23 26
23 28
23 33
23 38
23 43
24 25
24 26
24 28
24 29
24 33
24 35
24 37
24 38
24 42
24 43
24 44
25 26
25 28
25 29
25 33
25 37
25 38
25 42
25 43
25 44
26 28
26 33
26 38
26 39
26 46
27 41
27 46
28 33
28 38
28 39
28 43
28 46
29 31
29 35
29 37
29 40
29 42
29 43
29 44
30 35
31 35
31 37
31 40
31 42
31 43
31 44
32 34
32 39
32 48
33 38
33 39
33 46
34 39
34 48
35 37
35 40
35 42
35 43
35 44
36 45
36 49
37 40
37 42
37 43
37 44
38 39
38 46
39 46
40 42
40 43
40 44
42 43
42 44
43 44
45 48
45 49
48 49
