300 2924
0 11
0 27
0 38
0 51
0 94
0 96
0 101
0 105
0 145
0 168
0 169
0 192
0 194
0 199
0 200
0 210
0 222
0 229
0 240
0 248
0 250
0 269
0 297
1 9
1 10
1 57
1 88
1 106
1 118
1 163
1 166
1 170
1 171
1 191
1 201
1 219
1 245
1 253
1 255
1 261
1 280
1 284
1 294
2 30
2 36
2 55
2 57
2 67
2 82
2 83
2 88
2 106
2 117
2 118
2 152
2 159
2 195
2 201
2 206
2 225
2 231
2 232
2 237
2 251
2 255
2 295
2 299
3 19
3 25
3 37
3 44
3 46
3 54
3 64
3 70
3 76
3 95
3 99
3 119
3 125
3 158
3 161
3 187
3 233
3 246
3 270
3 278
3 288
4 12
4 16
4 31
4 56
4 59
4 81
4 92
4 97
4 116
4 122
4 138
4 146
4 150
4 186
4 202
4 221
4 235
4 244
4 268
4 283
4 290
4 291
4 296
5 13
5 53
5 69
5 79
5 128
5 144
5 154
5 184
5 197
5 212
5 226
5 254
5 273
5 294
6 30
6 52
6 67
6 82
6 103
6 104
6 142
6 151
6 152
6 159
6 182
6 211
6 225
6 228
6 237
6 249
6 251
6 279
6 299
7 12
7 31
7 100
7 110
7 123
7 145
7 156
7 169
7 194
7 221
7 222
7 229
7 242
7 259
7 287
7 291
7 296
8 11
8 27
8 33
8 42
8 43
8 49
8 51
8 71
8 89
8 90
8 94
8 96
8 98
8 105
8 109
8 124
8 135
8 139
8 168
8 192
8 193
8 200
8 224
8 240
8 252
8 285
8 297
9 20
9 120
9 148
9 163
9 166
9 170
9 171
9 180
9 191
9 209
9 218
9 219
9 234
9 257
9 280
9 284
9 289
9 294
10 55
10 57
10 64
10 83
10 88
10 91
10 106
10 118
10 163
10 166
10 171
10 201
10 245
10 253
10 255
10 261
10 273
10 284
10 294
11 27
11 51
11 71
11 89
11 90
11 94
11 96
11 98
11 105
11 139
11 168
11 192
11 193
11 210
11 248
11 250
11 285
11 297
12 31
12 56
12 100
12 110
12 116
12 146
12 150
12 156
12 169
12 172
12 194
12 202
12 221
12 222
12 259
12 283
12 290
12 291
12 296
13 15
13 18
13 53
13 69
13 79
13 128
13 131
13 144
13 154
13 184
13 197
13 212
13 226
13 241
13 254
13 256
13 262
13 286
13 298
14 26
14 28
14 40
14 48
14 62
14 78
14 121
14 129
14 140
14 143
14 155
14 190
14 213
14 217
14 230
14 236
14 243
14 263
14 277
15 24
15 68
15 69
15 76
15 109
15 128
15 144
15 154
15 183
15 184
15 188
15 197
15 224
15 226
15 241
15 247
15 254
16 22
16 29
16 50
16 56
16 58
16 59
16 81
16 92
16 97
16 116
16 122
16 131
16 132
16 138
16 146
16 150
16 185
16 186
16 189
16 202
16 235
16 244
16 258
16 268
16 282
16 283
16 286
16 290
16 298
17 29
17 80
17 102
17 132
17 141
17 143
17 149
17 185
17 198
17 208
17 275
18 50
18 58
18 79
18 87
18 115
18 128
18 130
18 131
18 154
18 196
18 197
18 212
18 241
18 256
18 258
18 262
18 282
18 286
18 298
19 25
19 37
19 39
19 44
19 54
19 61
19 64
19 70
19 76
19 84
19 91
19 95
19 99
19 119
19 125
19 158
19 184
19 187
19 246
19 270
19 273
19 288
20 67
20 103
20 104
20 120
20 142
20 148
20 152
20 163
20 166
20 201
20 209
20 211
20 219
20 228
20 234
20 251
20 279
21 23
21 26
21 28
21 48
21 62
21 108
21 111
21 113
21 121
21 129
21 136
21 147
21 162
21 174
21 190
21 213
21 243
21 263
21 266
21 267
21 277
21 293
22 29
22 50
22 58
22 59
22 81
22 97
22 131
22 132
22 138
22 185
22 186
22 198
22 235
22 244
22 256
22 258
22 262
22 275
22 282
22 286
22 298
23 26
23 28
23 48
23 62
23 108
23 111
23 113
23 121
23 129
23 136
23 147
23 162
23 174
23 190
23 213
23 243
23 263
23 266
23 267
23 277
24 33
24 42
24 68
24 81
24 86
24 98
24 109
24 114
24 122
24 124
24 128
24 154
24 157
24 164
24 178
24 183
24 188
24 189
24 193
24 197
24 224
24 226
24 241
24 247
24 254
25 44
25 64
25 70
25 76
25 91
25 95
25 99
25 119
25 125
25 144
25 158
25 184
25 187
25 226
25 246
25 270
25 273
25 288
26 28
26 40
26 48
26 62
26 78
26 108
26 111
26 113
26 121
26 129
26 136
26 147
26 162
26 174
26 190
26 213
26 243
26 263
26 264
26 266
26 267
26 277
26 293
27 33
27 51
27 86
27 94
27 96
27 98
27 105
27 114
27 124
27 139
27 164
27 168
27 178
27 192
27 193
27 199
27 200
27 210
27 240
27 248
27 250
27 297
28 48
28 62
28 78
28 108
28 111
28 113
28 121
28 129
28 136
28 147
28 162
28 174
28 190
28 213
28 243
28 263
28 266
28 267
28 277
28 293
29 50
29 58
29 59
29 80
29 87
29 102
29 130
29 131
29 132
29 138
29 141
29 185
29 186
29 196
29 198
29 244
29 256
29 258
29 275
29 282
29 286
29 298
30 36
30 52
30 67
30 82
30 103
30 104
30 151
30 152
30 159
30 182
30 195
30 211
30 225
30 228
30 237
30 249
30 251
30 299
31 56
31 97
31 100
31 116
31 150
31 156
31 202
31 221
31 259
31 268
31 290
31 291
31 296
32 63
32 93
32 100
32 123
32 167
32 173
32 215
32 220
32 229
32 242
32 287
33 42
33 49
33 68
33 86
33 94
33 98
33 105
33 109
33 114
33 124
33 139
33 157
33 164
33 168
33 178
33 183
33 188
33 192
33 193
33 200
33 224
33 240
34 36
34 112
34 117
34 133
34 153
34 165
34 175
34 206
34 231
34 232
34 281
35 41
35 73
35 107
35 134
35 176
35 181
36 55
36 82
36 83
36 117
36 153
36 159
36 165
36 175
36 195
36 206
36 225
36 231
36 232
36 237
36 281
36 295
36 299
37 39
37 44
37 45
37 54
37 61
37 70
37 74
37 84
37 85
37 95
37 99
37 125
37 127
37 158
37 187
37 204
37 214
37 223
37 227
37 233
37 246
37 270
37 271
37 272
37 276
37 278
37 288
38 63
38 93
38 101
38 110
38 123
38 145
38 156
38 169
38 173
38 194
38 199
38 210
38 215
38 220
38 222
38 229
38 242
38 259
38 269
39 44
39 54
39 61
39 64
39 70
39 84
39 91
39 95
39 99
39 125
39 127
39 158
39 204
39 214
39 227
39 233
39 238
39 239
39 265
39 270
39 271
39 272
39 288
40 62
40 78
40 80
40 102
40 108
40 111
40 140
40 143
40 147
40 149
40 174
40 196
40 198
40 213
40 243
40 264
40 275
40 293
41 47
41 60
41 65
41 73
41 74
41 85
41 126
41 134
41 137
41 176
41 179
41 181
41 203
41 216
41 223
41 276
42 43
42 46
42 49
42 68
42 98
42 105
42 109
42 124
42 135
42 139
42 168
42 183
42 188
42 193
42 205
42 224
42 247
42 252
43 46
43 49
43 66
43 89
43 90
43 135
43 139
43 160
43 177
43 205
43 207
43 252
43 260
43 274
43 285
43 292
44 54
44 61
44 64
44 70
44 76
44 84
44 91
44 95
44 99
44 119
44 125
44 158
44 187
44 214
44 233
44 246
44 270
44 271
44 278
44 288
45 54
45 73
45 74
45 85
45 107
45 127
45 137
45 176
45 204
45 223
45 227
45 233
45 271
45 276
46 49
46 68
46 76
46 109
46 119
46 161
46 183
46 187
46 188
46 205
46 224
46 246
46 247
46 252
47 60
47 65
47 72
47 75
47 77
47 126
47 134
47 177
47 179
47 203
47 216
48 62
48 78
48 113
48 121
48 129
48 136
48 162
48 190
48 213
48 243
48 263
48 266
48 267
48 277
49 66
49 90
49 98
49 109
49 124
49 135
49 139
49 161
49 183
49 193
49 205
49 207
49 224
49 252
49 274
49 285
49 292
50 58
50 59
50 81
50 131
50 132
50 138
50 185
50 186
50 198
50 235
50 244
50 256
50 258
50 262
50 275
50 282
50 286
50 298
51 71
51 89
51 90
51 94
51 96
51 105
51 139
51 248
51 250
51 285
51 297
52 67
52 82
52 103
52 104
52 142
52 151
52 152
52 182
52 211
52 228
52 249
52 279
53 64
53 69
53 91
53 128
53 144
53 184
53 197
53 212
53 226
53 254
53 273
53 294
54 61
54 70
54 74
54 84
54 95
54 99
54 125
54 127
54 158
54 204
54 214
54 227
54 233
54 238
54 239
54 265
54 270
54 271
54 272
54 276
54 278
54 288
55 57
55 83
55 88
55 106
55 117
55 118
55 166
55 175
55 195
55 201
55 206
55 214
55 225
55 231
55 237
55 238
55 245
55 251
55 253
55 255
55 261
55 281
55 295
55 299
56 97
56 116
56 138
56 150
56 186
56 202
56 221
56 235
56 268
56 290
56 291
56 296
57 67
57 83
57 88
57 106
57 118
57 152
57 163
57 166
57 171
57 195
57 201
57 225
57 237
57 245
57 251
57 253
57 255
57 261
57 295
57 299
58 59
58 79
58 81
58 92
58 131
58 138
58 146
58 185
58 186
58 189
58 198
58 235
58 241
58 244
58 256
58 258
58 262
58 282
58 286
58 298
59 81
59 92
59 97
59 116
59 122
59 131
59 132
59 138
59 146
59 150
59 185
59 186
59 189
59 235
59 244
59 256
59 258
59 282
59 283
59 286
59 298
60 65
60 66
60 72
60 75
60 77
60 126
60 134
60 177
60 179
60 203
60 207
60 216
60 274
61 64
61 70
61 84
61 91
61 95
61 99
61 117
61 125
61 158
61 204
61 214
61 227
61 233
61 238
61 239
61 265
61 270
61 271
61 272
62 78
62 108
62 111
62 113
62 121
62 129
62 136
62 140
62 147
62 174
62 190
62 213
62 243
62 263
62 266
62 267
62 277
63 93
63 100
63 110
63 123
63 167
63 173
63 194
63 215
63 220
63 229
63 242
63 287
64 70
64 76
64 84
64 88
64 91
64 95
64 125
64 184
64 214
64 238
64 245
64 246
64 253
64 270
64 273
65 66
65 75
65 77
65 126
65 161
65 177
65 179
65 207
65 274
65 292
66 75
66 77
66 126
66 135
66 160
66 161
66 177
66 179
66 205
66 207
66 252
66 274
66 285
66 292
67 103
67 104
67 118
67 142
67 152
67 182
67 201
67 209
67 211
67 225
67 228
67 237
67 249
67 251
67 255
67 279
68 98
68 109
68 114
68 124
68 128
68 157
68 183
68 188
68 193
68 197
68 224
68 226
68 241
68 247
68 254
69 76
69 128
69 144
69 154
69 183
69 184
69 188
69 197
69 212
69 226
69 247
69 254
69 273
70 76
70 84
70 91
70 95
70 99
70 119
70 125
70 158
70 187
70 214
70 233
70 245
70 246
70 270
70 271
70 273
70 288
71 89
71 90
71 96
71 135
71 139
71 160
71 250
71 260
71 285
71 292
72 75
72 77
72 134
72 179
72 203
72 216
73 74
73 85
73 107
73 126
73 127
73 134
73 137
73 176
73 181
73 223
73 276
74 85
74 99
74 126
74 127
74 137
74 158
74 161
74 204
74 223
74 233
74 271
74 276
74 278
74 288
75 77
75 126
75 160
75 177
75 179
75 203
75 207
75 216
75 260
75 274
75 292
76 95
76 119
76 125
76 144
76 158
76 183
76 184
76 187
76 188
76 226
76 246
76 247
76 270
76 273
76 288
77 126
77 160
77 177
77 179
77 207
77 260
77 274
77 292
78 121
78 129
78 140
78 143
78 155
78 190
78 213
78 217
78 230
78 236
78 243
78 263
78 277
79 87
79 115
79 128
79 130
79 131
79 154
79 196
79 197
79 212
79 241
79 254
79 256
79 258
79 262
79 286
79 298
80 102
80 140
80 141
80 143
80 149
80 185
80 198
80 275
81 86
81 92
81 116
81 122
81 131
81 138
81 146
81 154
81 157
81 186
81 189
81 235
81 241
81 244
81 256
81 258
81 282
81 283
81 286
81 298
82 151
82 159
82 182
82 232
82 249
82 299
83 88
83 106
83 117
83 118
83 166
83 175
83 195
83 201
83 206
83 214
83 225
83 231
83 237
83 238
83 245
83 251
83 253
83 255
83 261
83 281
83 295
83 299
84 88
84 91
84 95
84 99
84 117
84 125
84 175
84 214
84 227
84 233
84 238
84 239
84 245
84 265
84 270
84 271
84 272
85 126
85 127
85 137
85 158
85 161
85 204
85 223
85 276
85 278
85 288
86 92
86 94
86 98
86 114
86 116
86 122
86 124
86 146
86 156
86 157
86 164
86 168
86 172
86 178
86 189
86 192
86 200
86 222
86 240
86 283
87 111
87 115
87 130
87 131
87 196
87 198
87 256
87 258
87 262
87 264
87 286
87 293
87 298
88 91
88 106
88 117
88 118
88 166
88 195
88 201
88 214
88 225
88 237
88 238
88 245
88 253
88 255
88 261
88 265
88 295
89 90
89 96
89 135
89 139
89 160
89 250
89 260
89 285
89 292
89 297
90 96
90 105
90 135
90 139
90 160
90 207
90 250
90 260
90 274
90 285
90 292
91 95
91 106
91 125
91 184
91 214
91 238
91 245
91 253
91 261
91 270
91 273
92 97
92 114
92 116
92 122
92 138
92 146
92 150
92 157
92 172
92 178
92 186
92 189
92 221
92 235
92 241
92 244
92 282
92 283
92 286
92 291
93 100
93 110
93 123
93 145
93 167
93 169
93 173
93 194
93 215
93 220
93 229
93 242
93 259
93 287
94 96
94 98
94 105
94 114
94 124
94 139
94 164
94 168
94 178
94 192
94 193
94 200
94 210
94 240
94 297
95 99
95 119
95 125
95 158
95 187
95 214
95 233
95 238
95 246
95 270
95 271
95 272
95 288
96 105
96 139
96 248
96 250
96 297
97 116
97 132
97 138
97 141
97 150
97 186
97 202
97 208
97 221
97 235
97 244
97 268
97 283
97 290
97 291
97 296
98 105
98 109
98 114
98 124
98 139
98 157
98 164
98 168
98 178
98 183
98 192
98 193
98 200
98 224
98 240
98 297
99 125
99 127
99 158
99 187
99 204
99 214
99 227
99 233
99 238
99 265
99 270
99 271
99 272
99 276
99 278
99 288
100 110
100 123
100 156
100 167
100 169
100 194
100 215
100 220
100 229
100 242
100 259
100 287
101 110
101 145
101 169
101 194
101 199
101 210
101 220
101 222
101 229
101 242
101 248
101 269
101 297
102 140
102 143
102 149
102 185
102 198
102 275
103 104
103 142
103 152
103 182
103 201
103 209
103 211
103 228
103 237
103 249
103 251
103 279
104 118
104 142
104 148
104 152
104 182
104 201
104 209
104 211
104 225
104 228
104 237
104 249
104 251
104 255
104 279
105 114
105 124
105 139
105 164
105 168
105 178
105 192
105 193
105 200
105 240
105 297
106 117
106 118
106 163
106 166
106 195
106 201
106 225
106 237
106 238
106 245
106 251
106 253
106 255
106 261
106 295
107 127
107 137
107 176
107 223
108 111
108 113
108 115
108 121
108 130
108 136
108 147
108 162
108 174
108 196
108 213
108 243
108 263
108 264
108 266
108 267
108 277
108 293
109 114
109 124
109 157
109 168
109 183
109 188
109 193
109 205
109 224
109 226
109 247
109 252
110 123
110 145
110 156
110 167
110 169
110 172
110 173
110 194
110 199
110 210
110 215
110 220
110 222
110 229
110 242
110 259
110 269
110 287
111 115
111 130
111 136
111 143
111 147
111 174
111 196
111 213
111 243
111 264
111 266
111 267
111 293
112 133
112 153
112 165
112 175
112 206
112 227
112 239
112 265
112 272
112 281
113 121
113 129
113 136
113 147
113 162
113 174
113 190
113 213
113 263
113 266
113 267
113 277
114 122
114 124
114 146
114 157
114 164
114 168
114 172
114 178
114 189
114 192
114 193
114 200
114 240
114 283
115 130
115 147
115 170
115 174
115 196
115 218
115 262
115 264
115 280
115 289
115 293
116 122
116 138
116 146
116 150
116 156
116 172
116 186
116 189
116 202
116 221
116 235
116 283
116 290
116 291
116 296
117 133
117 153
117 165
117 175
117 195
117 206
117 214
117 231
117 232
117 238
117 239
117 265
117 281
117 295
117 299
118 152
118 163
118 166
118 171
118 195
118 201
118 225
118 237
118 245
118 251
118 253
118 255
118 261
118 295
118 299
119 158
119 161
119 183
119 187
119 205
119 246
119 247
119 252
119 270
119 278
119 288
120 148
120 180
120 191
120 209
120 219
120 234
120 257
121 129
121 136
121 140
121 147
121 155
121 190
121 213
121 217
121 230
121 236
121 243
121 263
121 266
121 267
121 277
122 138
122 146
122 157
122 164
122 172
122 178
122 189
122 200
122 235
122 241
122 283
123 145
123 156
123 167
123 169
123 173
123 194
123 215
123 220
123 229
123 242
123 259
123 287
124 157
124 164
124 168
124 178
124 183
124 188
124 192
124 193
124 200
124 224
124 240
125 158
125 187
125 214
125 233
125 238
125 245
125 246
125 270
125 271
125 288
126 134
126 137
126 161
126 177
126 179
126 223
126 276
126 278
127 137
127 158
127 204
127 223
127 227
127 233
127 271
127 272
127 276
127 278
128 131
128 144
128 154
128 184
128 188
128 189
128 197
128 212
128 226
128 241
128 247
128 254
128 256
128 262
128 286
128 298
129 136
129 155
129 190
129 213
129 230
129 243
129 263
129 266
129 267
129 277
130 131
130 174
130 196
130 198
130 256
130 258
130 262
130 264
130 275
130 286
130 293
130 298
131 138
131 154
131 185
131 186
131 189
131 241
131 244
131 256
131 258
131 262
131 282
131 286
131 298
132 138
132 141
132 150
132 185
132 186
132 202
132 208
132 244
132 268
132 282
132 290
133 153
133 165
133 175
133 206
133 227
133 231
133 232
133 239
133 265
133 272
133 281
134 176
134 181
134 203
134 216
135 139
135 160
135 177
135 205
135 207
135 252
135 260
135 274
135 285
135 292
136 147
136 162
136 174
136 190
136 213
136 243
136 263
136 264
136 266
136 267
136 277
136 293
137 176
137 204
137 223
137 276
137 278
138 146
138 150
138 185
138 186
138 189
138 202
138 235
138 244
138 258
138 268
138 282
138 283
138 286
138 298
139 160
139 168
139 192
139 193
139 205
139 207
139 250
139 252
139 260
139 274
139 285
139 292
139 297
140 143
140 149
140 155
140 213
140 217
140 230
140 236
140 243
141 185
141 186
141 208
141 268
142 148
142 152
142 163
142 201
142 209
142 211
142 219
142 228
142 249
142 251
142 279
143 149
143 196
143 198
143 213
143 243
143 275
143 293
144 154
144 183
144 184
144 188
144 197
144 212
144 226
144 247
144 254
144 273
145 156
145 169
145 172
145 173
145 194
145 199
145 210
145 215
145 220
145 222
145 229
145 242
145 259
145 269
145 287
146 150
146 157
146 164
146 172
146 178
146 186
146 189
146 221
146 235
146 241
146 244
146 283
146 291
147 162
147 174
147 196
147 213
147 243
147 263
147 264
147 266
147 267
147 277
147 289
147 293
148 152
148 163
148 166
148 171
148 180
148 191
148 209
148 219
148 234
148 257
149 198
149 275
150 186
150 202
150 221
150 235
150 244
150 268
150 283
150 290
150 291
150 296
151 159
151 182
151 249
152 163
152 166
152 182
152 195
152 201
152 209
152 211
152 225
152 228
152 237
152 249
152 251
152 255
152 279
153 165
153 175
153 206
153 231
153 232
153 281
153 299
154 184
154 188
154 189
154 197
154 212
154 226
154 241
154 254
154 256
154 262
154 286
154 298
155 190
155 217
155 230
155 236
156 169
156 172
156 178
156 194
156 221
156 222
156 229
156 242
156 259
156 283
156 287
156 291
156 296
157 164
157 168
157 172
157 178
157 188
157 189
157 192
157 193
157 200
157 240
157 241
157 283
158 161
158 187
158 204
158 233
158 246
158 270
158 271
158 276
158 278
158 288
159 182
159 195
159 231
159 232
159 299
160 177
160 207
160 260
160 274
160 285
160 292
161 187
161 205
161 246
161 252
161 278
161 288
162 174
162 180
162 234
162 257
162 263
162 266
162 267
162 277
162 289
163 166
163 170
163 171
163 191
163 201
163 209
163 219
163 251
163 255
163 261
163 280
163 284
163 294
164 168
164 172
164 178
164 192
164 193
164 200
164 210
164 222
164 240
164 283
164 297
165 175
165 206
165 231
165 232
165 239
165 265
165 281
166 171
166 191
166 201
166 219
166 225
166 237
166 245
166 251
166 253
166 255
166 261
166 284
166 294
167 173
167 194
167 215
167 220
167 229
167 242
167 259
167 287
168 172
168 178
168 192
168 193
168 200
168 210
168 240
168 297
169 172
169 194
169 199
169 210
169 215
169 220
169 222
169 229
169 242
169 259
169 269
169 287
170 171
170 180
170 191
170 218
170 219
170 280
170 284
170 289
170 294
171 180
171 191
171 201
171 218
171 219
171 253
171 261
171 280
171 284
171 289
171 294
172 178
172 192
172 200
172 221
172 222
172 240
172 283
172 291
173 194
173 215
173 220
173 229
173 242
173 269
173 287
174 196
174 213
174 243
174 263
174 264
174 266
174 267
174 277
174 289
174 293
175 206
175 214
175 231
175 232
175 238
175 239
175 265
175 272
175 281
175 295
176 181
176 223
176 276
177 179
177 205
177 207
177 260
177 274
177 285
177 292
178 192
178 193
178 200
178 222
178 240
178 283
179 203
179 207
179 216
179 274
179 292
180 191
180 218
180 219
180 234
180 257
180 280
180 284
180 289
181 203
181 216
182 211
182 228
182 249
182 279
182 299
183 188
183 205
183 224
183 226
183 246
183 247
183 252
183 254
184 197
184 212
184 226
184 247
184 254
184 273
184 294
185 186
185 196
185 198
185 208
185 244
185 256
185 258
185 275
185 282
185 286
185 298
186 189
186 202
186 208
186 235
186 244
186 258
186 268
186 282
186 286
186 298
187 246
187 270
187 278
187 288
188 197
188 224
188 226
188 241
188 247
188 254
189 235
189 241
189 244
189 256
189 282
189 283
189 286
189 298
190 213
190 230
190 243
190 263
190 266
190 267
190 277
191 218
191 219
191 234
191 257
191 280
191 284
191 289
191 294
192 193
192 200
192 210
192 240
192 297
193 200
193 224
193 240
193 297
194 199
194 210
194 215
194 220
194 222
194 229
194 242
194 259
194 269
194 287
195 201
195 206
195 225
195 231
195 232
195 237
195 251
195 255
195 281
195 295
195 299
196 198
196 256
196 258
196 262
196 264
196 275
196 293
197 212
197 226
197 241
197 247
197 254
197 262
197 273
198 244
198 256
198 258
198 275
198 282
198 298
199 210
199 222
199 229
199 240
199 242
199 248
199 250
199 269
199 297
200 210
200 222
200 240
200 297
201 211
201 225
201 237
201 251
201 253
201 255
201 261
201 295
201 299
202 208
202 221
202 235
202 268
202 290
202 291
202 296
203 216
204 223
204 227
204 233
204 239
204 271
204 272
204 276
205 207
205 224
205 252
205 274
205 285
205 292
206 231
206 232
206 265
206 281
206 295
206 299
207 252
207 260
207 274
207 285
207 292
208 268
209 211
209 219
209 228
209 234
209 251
209 279
210 222
210 229
210 240
210 242
210 248
210 269
210 297
211 225
211 228
211 237
211 249
211 251
211 279
212 218
212 254
212 273
212 280
212 284
212 294
213 243
213 263
213 266
213 267
213 277
213 293
214 227
214 233
214 238
214 239
214 245
214 265
214 271
214 272
214 281
214 295
215 220
215 229
215 242
215 259
215 269
215 287
217 230
217 236
218 264
218 280
218 284
218 289
218 294
219 234
219 257
219 280
219 284
219 289
220 229
220 242
220 259
220 269
220 287
221 235
221 259
221 283
221 290
221 291
221 296
222 229
222 240
222 242
222 259
222 269
223 276
223 278
224 226
224 247
224 252
225 231
225 237
225 251
225 255
225 261
225 295
225 299
226 246
226 247
226 254
226 273
227 233
227 238
227 239
227 265
227 271
227 272
227 276
228 249
228 251
228 279
229 242
229 259
229 269
229 287
230 236
231 232
231 238
231 265
231 281
231 295
231 299
232 281
232 295
232 299
233 238
233 239
233 265
233 270
233 271
233 272
233 276
233 288
234 257
235 244
235 268
235 282
235 283
235 286
235 290
235 291
235 298
236 243
237 251
237 255
237 261
237 295
237 299
238 239
238 245
238 253
238 265
238 271
238 272
238 281
238 295
239 265
239 271
239 272
239 281
240 297
241 254
241 256
241 262
241 282
241 286
241 298
242 259
242 269
242 287
243 263
243 266
243 267
243 277
243 293
244 256
244 258
244 282
244 286
244 298
245 253
245 255
245 261
245 273
245 294
246 247
246 270
246 278
246 288
247 254
248 250
248 269
248 297
249 279
250 297
251 255
251 261
251 295
251 299
252 274
252 285
252 292
253 255
253 261
253 294
253 295
254 273
255 261
255 295
255 299
256 258
256 262
256 282
256 286
256 298
258 262
258 275
258 282
258 286
258 298
259 287
259 291
259 296
260 274
260 285
260 292
261 284
261 294
261 295
262 282
262 286
262 298
263 266
263 267
263 277
264 289
264 293
265 271
265 272
265 281
265 295
266 267
266 277
266 293
267 277
268 290
268 291
268 296
270 271
270 288
271 272
271 276
271 288
273 294
274 285
274 292
275 293
276 278
276 288
278 288
280 284
280 289
280 294
281 295
282 286
282 298
283 291
283 296
284 289
284 294
285 292
286 298
289 294
290 291
290 296
291 296
295 299
