100 809
0 10
0 32
0 37
0 65
0 84
1 10
1 14
1 19
1 22
1 34
1 36
1 40
1 41
1 43
1 46
1 50
1 53
1 58
1 62
1 63
1 67
1 68
1 72
1 75
1 78
1 82
1 87
1 90
1 97
2 15
2 21
2 23
2 24
2 27
2 39
2 55
2 60
2 71
2 88
2 91
3 4
3 7
3 9
3 12
3 30
3 31
3 35
3 47
3 51
3 52
3 69
3 70
3 73
3 77
3 81
3 85
3 95
3 96
3 98
4 7
4 8
4 12
4 20
4 30
4 31
4 33
4 35
4 47
4 51
4 52
4 59
4 69
4 76
4 81
4 83
4 85
4 94
4 95
4 96
4 99
5 6
5 11
5 15
5 16
5 21
5 24
5 27
5 38
5 42
5 45
5 49
5 79
5 89
5 92
6 11
6 18
6 25
6 27
6 38
6 42
6 54
6 56
6 74
6 79
6 86
6 89
7 9
7 20
7 30
7 31
7 47
7 51
7 52
7 59
7 69
7 70
7 73
7 76
7 81
7 85
7 95
7 96
7 98
7 99
8 12
8 14
8 18
8 22
8 29
8 31
8 33
8 35
8 46
8 47
8 50
8 51
8 52
8 53
8 56
8 63
8 72
8 81
8 85
8 94
8 95
9 26
9 31
9 51
9 64
9 69
9 70
9 73
9 77
9 81
9 85
9 87
9 93
9 98
10 34
10 37
10 43
10 58
10 61
10 62
10 65
10 67
10 68
10 75
10 78
10 84
11 15
11 21
11 24
11 25
11 27
11 29
11 38
11 39
11 40
11 42
11 49
11 55
11 66
11 72
11 79
11 80
12 14
12 22
12 29
12 31
12 33
12 35
12 46
12 47
12 50
12 51
12 52
12 63
12 81
12 85
12 94
12 95
13 20
13 30
13 59
13 76
13 96
13 99
14 22
14 23
14 29
14 34
14 35
14 36
14 39
14 40
14 43
14 46
14 50
14 53
14 58
14 62
14 63
14 68
14 72
14 75
14 78
14 80
14 91
14 97
15 16
15 21
15 24
15 27
15 38
15 45
15 49
15 55
15 79
15 92
16 21
16 45
16 49
16 79
16 92
17 19
17 41
17 44
17 48
17 57
17 64
17 82
17 90
18 25
18 28
18 29
18 33
18 54
18 56
18 66
18 74
18 83
18 89
18 94
19 41
19 48
19 50
19 53
19 57
19 58
19 61
19 63
19 67
19 68
19 78
19 82
19 87
19 90
19 97
20 30
20 47
20 52
20 59
20 76
20 83
20 94
20 96
20 99
21 24
21 27
21 38
21 45
21 49
21 55
21 79
21 92
22 29
22 31
22 35
22 40
22 46
22 50
22 51
22 52
22 53
22 63
22 72
22 80
22 81
22 85
22 94
22 95
23 24
23 27
23 29
23 34
23 36
23 39
23 40
23 43
23 46
23 55
23 62
23 65
23 66
23 68
23 71
23 72
23 75
23 78
23 80
23 88
23 91
24 27
24 38
24 39
24 49
24 55
24 60
24 66
24 71
24 79
24 91
24 92
25 27
25 29
25 33
25 38
25 39
25 42
25 54
25 56
25 66
25 74
25 80
25 86
25 89
26 41
26 44
26 48
26 64
26 70
26 73
26 77
26 82
26 87
26 90
26 93
26 98
27 29
27 36
27 38
27 39
27 40
27 42
27 49
27 55
27 66
27 72
27 79
27 80
27 91
28 33
28 54
28 74
28 83
29 33
29 35
29 36
29 39
29 40
29 46
29 50
29 56
29 63
29 66
29 72
29 80
30 47
30 51
30 52
30 59
30 69
30 76
30 83
30 94
30 96
30 99
31 35
31 47
31 50
31 51
31 52
31 53
31 63
31 69
31 70
31 73
31 77
31 81
31 85
31 87
31 94
31 95
31 98
32 37
32 62
32 65
32 84
32 88
33 35
33 52
33 54
33 56
33 74
33 83
33 89
33 94
34 36
34 39
34 40
34 43
34 46
34 53
34 58
34 62
34 63
34 65
34 67
34 68
34 71
34 72
34 75
34 78
34 80
34 84
34 88
34 91
35 46
35 47
35 50
35 51
35 52
35 53
35 63
35 81
35 85
35 94
35 95
36 39
36 40
36 43
36 46
36 55
36 62
36 63
36 65
36 66
36 68
36 71
36 72
36 75
36 78
36 80
36 88
36 91
37 65
37 84
38 39
38 42
38 49
38 55
38 66
38 79
38 80
38 92
39 40
39 43
39 46
39 55
39 62
39 66
39 71
39 72
39 75
39 80
39 88
39 91
40 43
40 46
40 55
40 62
40 63
40 66
40 68
40 71
40 72
40 75
40 78
40 80
40 88
40 91
41 44
41 48
41 53
41 57
41 58
41 64
41 67
41 82
41 87
41 90
41 97
42 45
42 49
42 66
42 79
42 86
42 89
43 46
43 50
43 53
43 58
43 62
43 63
43 65
43 67
43 68
43 72
43 75
43 78
43 80
43 84
43 88
43 91
43 97
44 48
44 57
44 64
44 82
44 93
45 49
45 79
45 92
46 50
46 53
46 63
46 66
46 68
46 72
46 75
46 78
46 80
46 91
46 97
47 51
47 52
47 59
47 69
47 73
47 76
47 81
47 83
47 85
47 94
47 95
47 96
47 98
47 99
48 57
48 64
48 82
48 87
48 90
48 97
49 55
49 79
49 92
50 53
50 58
50 63
50 68
50 72
50 78
50 81
50 85
50 87
50 90
50 95
50 97
51 52
51 69
51 70
51 73
51 77
51 81
51 85
51 94
51 95
51 96
51 98
52 69
52 81
52 83
52 85
52 94
52 95
52 96
52 99
53 58
53 63
53 67
53 68
53 72
53 75
53 78
53 81
53 82
53 87
53 90
53 97
54 56
54 74
54 83
54 86
54 89
55 66
55 71
55 72
55 80
55 88
55 91
56 66
56 74
56 83
56 89
56 94
57 61
57 82
57 90
58 61
58 62
58 63
58 67
58 68
58 75
58 78
58 82
58 84
58 90
58 97
59 76
59 83
59 96
59 99
60 65
60 71
60 88
60 91
61 67
61 84
62 65
62 67
62 68
62 71
62 72
62 75
62 78
62 80
62 84
62 88
62 91
63 68
63 72
63 75
63 78
63 80
63 81
63 85
63 87
63 90
63 95
63 97
64 70
64 77
64 82
64 87
64 90
64 93
65 67
65 68
65 71
65 75
65 78
65 84
65 88
65 91
66 72
66 79
66 80
66 91
67 68
67 75
67 78
67 84
67 90
67 97
68 72
68 75
68 78
68 84
68 88
68 91
68 97
69 70
69 73
69 77
69 81
69 85
69 95
69 98
70 73
70 77
70 81
70 85
70 93
70 98
71 72
71 75
71 80
71 88
71 91
72 75
72 78
72 80
72 88
72 91
73 77
73 81
73 85
73 98
74 83
74 86
74 89
75 78
75 80
75 84
75 88
75 91
76 83
76 96
76 99
77 81
77 85
77 87
77 93
77 98
78 84
78 88
78 90
78 91
78 97
79 92
80 88
80 91
81 85
81 87
81 94
81 95
81 98
82 87
82 90
82 97
83 94
83 96
83 99
85 87
85 94
85 95
85 98
86 89
87 90
87 97
88 91
90 97
94 95
94 96
94 99
96 99
