100 703
0 2
0 28
0 52
0 56
0 60
0 61
0 62
0 64
0 86
0 89
0 90
0 93
0 95
0 98
0 99
1 5
1 14
1 17
1 22
1 31
1 40
1 43
1 46
1 48
1 49
1 50
1 53
1 57
1 59
1 69
1 81
1 82
1 88
2 6
2 7
2 10
2 32
2 34
2 36
2 54
2 56
2 60
2 62
2 64
2 66
2 75
2 79
2 86
2 89
2 92
2 93
2 95
2 98
2 99
3 6
3 7
3 10
3 15
3 23
3 32
3 36
3 66
3 79
3 97
3 99
4 6
4 20
4 26
4 30
4 34
4 41
4 60
4 68
4 75
4 78
4 84
4 90
4 94
5 11
5 14
5 22
5 31
5 40
5 43
5 46
5 53
5 59
5 81
5 87
5 88
6 7
6 10
6 34
6 60
6 66
6 75
6 79
6 84
6 94
6 95
6 99
7 10
7 15
7 23
7 32
7 34
7 36
7 62
7 66
7 79
7 95
7 97
7 99
8 16
8 28
8 35
8 39
8 45
8 52
8 61
8 63
8 70
8 71
8 85
9 13
9 37
9 38
9 47
9 51
9 55
9 67
9 73
9 91
10 15
10 23
10 32
10 34
10 36
10 54
10 62
10 64
10 66
10 79
10 86
10 92
10 95
10 97
10 99
11 14
11 31
11 37
11 53
11 59
11 65
11 69
11 81
11 87
11 88
12 13
12 16
12 19
12 25
12 28
12 29
12 38
12 47
12 51
12 55
12 56
12 61
12 63
12 67
12 69
12 76
12 77
12 91
13 19
13 25
13 28
13 29
13 37
13 38
13 47
13 51
13 55
13 61
13 67
13 69
13 73
13 76
13 77
13 91
14 17
14 31
14 40
14 43
14 46
14 53
14 57
14 59
14 69
14 81
14 82
14 88
15 23
15 32
15 36
15 66
15 79
15 97
16 19
16 28
16 35
16 39
16 45
16 51
16 52
16 61
16 63
16 70
16 85
17 22
17 24
17 27
17 31
17 40
17 41
17 46
17 48
17 49
17 50
17 57
17 59
17 82
17 83
18 20
18 21
18 24
18 26
18 33
18 42
18 58
18 72
18 74
18 80
18 96
19 25
19 28
19 29
19 38
19 47
19 51
19 55
19 56
19 61
19 63
19 67
19 69
19 76
19 77
19 91
20 21
20 24
20 26
20 30
20 33
20 41
20 42
20 49
20 58
20 68
20 72
20 74
20 78
20 80
20 83
20 94
20 96
21 24
21 26
21 33
21 42
21 58
21 72
21 74
21 78
21 80
21 83
21 96
22 27
22 31
22 40
22 43
22 46
22 48
22 50
22 59
22 88
23 32
23 36
23 66
23 79
23 97
23 99
24 27
24 33
24 42
24 48
24 49
24 50
24 58
24 68
24 72
24 78
24 83
24 96
25 28
25 29
25 44
25 47
25 56
25 57
25 61
25 69
25 76
25 77
25 82
25 90
25 91
25 93
25 98
26 30
26 33
26 42
26 58
26 68
26 74
26 78
26 80
26 94
26 96
27 40
27 43
27 46
27 48
27 49
27 50
27 72
27 83
28 29
28 45
28 52
28 56
28 61
28 63
28 70
28 76
28 77
28 91
28 93
29 38
29 47
29 51
29 55
29 56
29 61
29 63
29 67
29 69
29 76
29 77
29 91
30 33
30 34
30 41
30 42
30 58
30 60
30 68
30 75
30 78
30 84
30 94
31 40
31 43
31 46
31 53
31 59
31 81
31 88
32 36
32 54
32 66
32 79
32 95
32 97
32 99
33 42
33 48
33 49
33 58
33 68
33 72
33 74
33 78
33 80
33 83
33 96
34 60
34 66
34 75
34 79
34 84
34 90
34 94
34 95
34 98
35 45
35 52
35 54
35 62
35 64
35 86
35 89
35 92
36 54
36 62
36 64
36 66
36 79
36 89
36 92
36 95
36 97
36 99
37 38
37 47
37 53
37 55
37 69
37 73
37 81
38 47
38 51
38 55
38 67
38 73
38 91
39 51
39 63
39 67
39 70
39 71
39 85
40 43
40 46
40 48
40 50
40 59
40 81
40 88
41 44
41 49
41 57
41 58
41 60
41 68
41 78
41 82
41 83
41 84
41 90
41 94
42 58
42 68
42 72
42 74
42 78
42 80
42 83
42 96
43 46
43 59
43 81
43 87
43 88
44 56
44 57
44 60
44 69
44 76
44 77
44 82
44 84
44 90
44 98
45 52
45 63
45 70
45 89
46 48
46 50
46 59
46 88
47 51
47 55
47 67
47 69
47 73
47 76
47 91
48 49
48 50
48 58
48 72
48 78
48 83
48 96
49 50
49 58
49 68
49 72
49 78
49 83
49 96
50 58
50 72
50 83
50 96
51 55
51 63
51 67
51 70
51 85
51 91
52 62
52 63
52 64
52 70
52 86
52 89
52 92
52 93
53 59
53 65
53 69
53 81
53 87
53 88
54 62
54 64
54 79
54 86
54 89
54 92
54 95
54 97
54 99
55 67
55 69
55 73
55 76
55 91
56 61
56 62
56 76
56 77
56 86
56 90
56 93
56 95
56 98
57 69
57 76
57 77
57 82
57 84
57 90
58 68
58 72
58 74
58 78
58 83
58 94
58 96
59 81
59 87
59 88
60 75
60 84
60 90
60 93
60 94
60 95
60 98
61 63
61 76
61 77
61 91
61 93
61 98
62 64
62 79
62 86
62 89
62 92
62 93
62 95
62 98
62 99
63 67
63 70
63 85
63 91
64 79
64 86
64 89
64 92
64 93
64 95
64 99
65 81
65 87
65 88
66 75
66 79
66 95
66 97
66 99
67 73
67 85
67 91
68 78
68 83
68 84
68 94
68 96
69 76
69 77
69 82
70 71
70 85
71 85
72 74
72 78
72 80
72 83
72 96
74 78
74 80
74 96
75 84
75 90
75 94
75 95
75 98
76 77
76 82
76 90
76 91
77 82
77 90
77 93
77 98
78 83
78 94
78 96
79 86
79 92
79 95
79 97
79 99
80 96
81 87
81 88
82 84
82 90
83 96
84 90
84 93
84 94
84 98
85 91
86 89
86 92
86 93
86 95
86 98
86 99
87 88
89 92
89 95
89 99
90 93
90 94
90 98
92 95
92 99
93 95
93 98
95 98
95 99
97 99
