200 1743
0 14
0 16
0 17
0 20
0 31
0 32
0 40
0 43
0 51
0 76
0 94
0 99
0 100
0 103
0 105
0 110
0 123
0 128
0 147
0 148
0 150
0 158
0 169
0 170
0 177
0 188
1 3
1 11
1 12
1 24
1 38
1 55
1 56
1 88
1 97
1 130
1 149
1 154
1 155
1 166
1 185
1 195
2 29
2 30
2 64
2 71
2 85
2 92
2 133
2 134
2 142
2 176
2 187
2 193
2 197
3 11
3 12
3 34
3 38
3 39
3 55
3 56
3 88
3 113
3 115
3 119
3 137
3 149
3 154
3 157
3 166
3 185
3 195
4 8
4 18
4 21
4 27
4 33
4 35
4 70
4 77
4 93
4 117
4 121
4 122
4 135
4 136
4 139
4 143
4 160
4 163
4 164
4 167
4 174
4 192
5 12
5 24
5 25
5 39
5 42
5 62
5 82
5 97
5 106
5 111
5 113
5 115
5 118
5 127
5 144
5 152
5 155
5 166
5 172
5 190
6 37
6 45
6 53
6 64
6 65
6 95
6 107
6 120
6 125
6 138
6 153
6 171
6 182
6 189
7 28
7 67
7 75
7 83
7 86
7 87
7 98
7 125
7 126
7 140
7 161
7 186
7 191
8 18
8 21
8 27
8 33
8 35
8 70
8 75
8 77
8 122
8 135
8 136
8 143
8 164
8 167
8 192
9 15
9 25
9 57
9 62
9 82
9 104
9 106
9 111
9 118
9 124
9 127
9 173
9 190
10 26
10 31
10 46
10 48
10 50
10 52
10 59
10 60
10 68
10 78
10 79
10 96
10 141
10 159
10 175
10 196
11 38
11 55
11 56
11 88
11 130
11 137
11 149
11 154
11 185
11 195
12 24
12 38
12 39
12 62
12 97
12 113
12 115
12 118
12 127
12 152
12 155
12 166
12 172
12 190
13 34
13 51
13 66
13 69
13 112
13 119
13 137
13 157
13 158
13 177
14 17
14 23
14 32
14 39
14 40
14 43
14 51
14 76
14 85
14 105
14 115
14 119
14 128
14 131
14 147
14 148
14 158
14 169
14 177
14 184
14 193
15 25
15 53
15 57
15 102
15 104
15 106
15 107
15 120
15 124
15 168
15 171
15 173
15 182
15 189
16 17
16 20
16 31
16 32
16 40
16 46
16 48
16 50
16 60
16 78
16 89
16 94
16 96
16 99
16 100
16 101
16 103
16 105
16 110
16 123
16 145
16 147
16 150
16 159
16 188
16 196
17 20
17 23
17 32
17 40
17 43
17 51
17 76
17 92
17 99
17 100
17 105
17 123
17 128
17 131
17 133
17 147
17 148
17 169
17 177
17 188
18 21
18 27
18 33
18 35
18 70
18 75
18 77
18 122
18 135
18 136
18 143
18 174
19 36
19 58
19 61
19 63
19 72
19 73
19 80
19 81
19 84
19 91
19 93
19 108
19 114
19 117
19 132
19 139
19 156
19 163
19 165
19 181
19 183
19 194
20 31
20 32
20 40
20 48
20 78
20 89
20 94
20 96
20 99
20 100
20 101
20 103
20 105
20 110
20 123
20 145
20 147
20 150
20 179
20 188
21 27
21 33
21 35
21 70
21 77
21 93
21 121
21 122
21 135
21 136
21 143
21 164
21 167
21 174
21 180
21 192
22 26
22 47
22 52
22 68
22 74
22 79
22 141
22 175
23 34
23 39
23 51
23 76
23 85
23 113
23 115
23 119
23 128
23 131
23 144
23 147
23 148
23 172
23 177
23 184
23 193
24 38
24 62
24 82
24 97
24 111
24 118
24 127
24 152
24 155
24 166
24 190
25 37
25 42
25 45
25 57
25 82
25 104
25 106
25 111
25 124
25 173
25 182
25 189
25 199
26 46
26 47
26 50
26 52
26 60
26 74
26 78
26 79
26 94
26 96
26 101
26 116
26 141
26 145
26 150
26 151
26 159
26 178
26 198
27 33
27 35
27 75
27 77
27 122
27 135
27 136
27 143
27 164
27 167
27 192
28 30
28 64
28 65
28 67
28 83
28 86
28 87
28 95
28 98
28 125
28 126
28 138
28 140
28 142
28 153
28 161
28 186
28 191
29 30
29 42
29 71
29 85
29 92
29 131
29 133
29 134
29 142
29 144
29 193
29 197
29 199
30 41
30 64
30 65
30 67
30 71
30 126
30 134
30 142
30 153
30 191
30 199
31 46
31 48
31 50
31 52
31 60
31 78
31 89
31 94
31 96
31 99
31 100
31 101
31 103
31 105
31 110
31 123
31 145
31 150
31 159
31 188
31 196
32 40
32 43
32 51
32 66
32 76
32 94
32 99
32 100
32 101
32 103
32 105
32 110
32 128
32 146
32 147
32 148
32 150
32 158
32 169
32 170
32 177
33 35
33 75
33 77
33 86
33 93
33 98
33 117
33 122
33 135
33 136
33 143
33 160
33 164
33 167
33 192
34 39
34 43
34 51
34 69
34 112
34 113
34 115
34 119
34 128
34 137
34 148
34 149
34 157
34 158
34 177
35 70
35 77
35 93
35 117
35 121
35 122
35 135
35 136
35 139
35 143
35 164
35 167
35 174
35 192
36 58
36 61
36 63
36 72
36 73
36 80
36 81
36 84
36 91
36 93
36 114
36 117
36 121
36 132
36 139
36 156
36 163
36 181
37 45
37 57
37 64
37 65
37 95
37 104
37 107
37 120
37 138
37 153
37 173
37 182
37 189
37 199
38 55
38 56
38 88
38 97
38 130
38 149
38 154
38 155
38 166
39 51
39 76
39 85
39 113
39 115
39 119
39 128
39 131
39 144
39 148
39 152
39 172
39 184
39 193
40 43
40 51
40 76
40 94
40 99
40 100
40 103
40 105
40 110
40 123
40 128
40 147
40 148
40 158
40 169
40 170
40 177
40 188
41 54
41 67
41 90
41 98
41 109
41 129
41 142
41 160
41 165
41 176
41 186
41 187
42 85
42 104
42 106
42 131
42 144
42 172
42 173
42 184
42 193
42 197
42 199
43 51
43 66
43 76
43 94
43 103
43 105
43 119
43 128
43 146
43 147
43 148
43 150
43 158
43 162
43 169
43 170
43 177
44 83
44 95
44 125
44 138
44 140
44 161
45 57
45 64
45 65
45 95
45 104
45 106
45 107
45 120
45 138
45 153
45 173
45 182
45 189
45 199
46 47
46 48
46 50
46 52
46 60
46 68
46 74
46 78
46 79
46 94
46 96
46 99
46 100
46 101
46 110
46 116
46 141
46 145
46 150
46 159
46 175
46 178
46 196
47 74
47 116
47 141
47 151
47 178
47 198
48 50
48 52
48 59
48 60
48 61
48 73
48 78
48 81
48 89
48 96
48 99
48 100
48 108
48 110
48 114
48 123
48 159
48 179
48 188
48 194
48 196
49 66
49 103
49 146
49 150
49 158
49 162
49 169
49 170
50 52
50 59
50 60
50 68
50 78
50 79
50 96
50 99
50 101
50 110
50 145
50 159
50 175
50 188
50 196
51 66
51 69
51 76
51 115
51 119
51 128
51 131
51 147
51 148
51 157
51 158
51 169
51 170
51 177
51 184
52 59
52 60
52 68
52 78
52 79
52 96
52 141
52 159
52 175
52 196
53 102
53 107
53 120
53 168
53 171
53 182
54 58
54 90
54 98
54 109
54 117
54 122
54 129
54 160
54 163
54 164
54 165
54 167
54 176
54 186
54 187
54 192
55 56
55 88
55 130
55 137
55 149
55 154
55 185
55 195
56 88
56 130
56 137
56 149
56 154
56 166
56 185
56 195
57 82
57 102
57 104
57 106
57 107
57 111
57 120
57 124
57 168
57 171
57 173
57 182
57 189
58 61
58 63
58 73
58 81
58 84
58 89
58 90
58 108
58 109
58 114
58 129
58 139
58 163
58 165
58 176
58 179
58 183
58 187
58 194
59 68
59 73
59 81
59 91
59 108
59 114
59 132
59 175
59 196
60 68
60 74
60 78
60 79
60 94
60 96
60 99
60 100
60 101
60 110
60 141
60 145
60 159
60 175
60 178
60 188
60 196
61 63
61 73
61 80
61 81
61 84
61 89
61 91
61 108
61 109
61 114
61 132
61 139
61 163
61 165
61 176
61 179
61 183
61 194
61 196
62 82
62 97
62 111
62 118
62 127
62 152
62 155
62 166
62 172
62 190
63 72
63 73
63 80
63 81
63 84
63 91
63 93
63 108
63 109
63 114
63 117
63 121
63 132
63 139
63 156
63 163
63 165
63 181
63 183
63 194
64 65
64 67
64 138
64 142
64 153
64 189
64 199
65 67
65 83
65 87
65 95
65 125
65 126
65 138
65 140
65 142
65 153
65 161
65 191
66 103
66 146
66 147
66 148
66 150
66 158
66 162
66 169
66 170
66 177
67 83
67 86
67 87
67 95
67 98
67 125
67 126
67 138
67 142
67 153
67 161
67 186
67 191
68 79
68 96
68 141
68 159
68 175
68 196
69 112
69 119
69 137
69 148
69 149
69 157
69 177
70 77
70 93
70 121
70 122
70 143
70 174
70 180
71 85
71 90
71 92
71 131
71 133
71 134
71 142
71 176
71 187
71 193
71 197
72 80
72 84
72 91
72 93
72 117
72 121
72 132
72 139
72 156
72 163
72 174
72 181
73 80
73 81
73 84
73 91
73 108
73 114
73 132
73 156
73 181
73 194
74 96
74 101
74 116
74 141
74 145
74 151
74 159
74 178
74 198
75 86
75 87
75 98
75 135
75 136
75 164
75 192
76 85
76 92
76 105
76 115
76 128
76 131
76 144
76 147
76 148
76 177
76 184
76 193
77 93
77 117
77 121
77 122
77 135
77 136
77 139
77 143
77 164
77 167
77 174
77 180
77 192
78 94
78 96
78 99
78 100
78 101
78 103
78 110
78 123
78 145
78 150
78 159
78 178
78 188
78 196
79 96
79 141
79 159
79 175
80 81
80 84
80 91
80 93
80 114
80 117
80 121
80 132
80 139
80 156
80 163
80 181
81 84
81 91
81 108
81 114
81 132
81 163
81 165
81 179
81 181
81 183
81 194
81 196
82 97
82 104
82 106
82 111
82 118
82 124
82 127
82 152
82 155
82 173
82 190
83 86
83 87
83 95
83 125
83 126
83 138
83 140
83 161
83 191
84 91
84 93
84 108
84 109
84 114
84 117
84 132
84 139
84 156
84 163
84 165
84 181
84 183
84 194
85 92
85 115
85 131
85 133
85 134
85 144
85 172
85 184
85 193
85 197
86 87
86 98
86 126
86 136
86 140
86 160
86 161
86 164
86 186
86 191
86 192
87 95
87 98
87 125
87 126
87 140
87 161
87 186
87 191
88 130
88 149
88 154
88 166
88 185
88 195
89 92
89 99
89 100
89 105
89 108
89 109
89 110
89 123
89 165
89 176
89 179
89 183
89 188
89 194
90 109
90 129
90 134
90 160
90 165
90 176
90 179
90 183
90 187
91 108
91 114
91 132
91 156
91 163
91 181
91 194
92 105
92 123
92 131
92 133
92 134
92 176
92 193
92 197
93 117
93 121
93 122
93 135
93 136
93 139
93 160
93 163
93 164
93 167
93 174
93 192
94 96
94 99
94 100
94 101
94 103
94 105
94 110
94 123
94 145
94 146
94 147
94 150
94 159
94 169
94 170
94 178
94 188
95 125
95 126
95 138
95 140
95 153
95 161
95 191
96 99
96 100
96 101
96 110
96 116
96 141
96 145
96 150
96 159
96 175
96 178
96 188
96 196
97 111
97 118
97 127
97 152
97 155
97 166
97 190
98 126
98 135
98 136
98 160
98 161
98 164
98 167
98 186
98 191
98 192
99 100
99 101
99 103
99 105
99 110
99 123
99 145
99 150
99 159
99 179
99 188
99 196
100 101
100 103
100 105
100 110
100 123
100 145
100 147
100 150
100 159
100 188
100 196
101 103
101 110
101 116
101 145
101 146
101 150
101 159
101 169
101 178
101 188
101 198
102 107
102 120
102 124
102 168
102 171
102 182
103 105
103 110
103 145
103 146
103 147
103 150
103 158
103 162
103 169
103 170
103 177
103 178
104 106
104 107
104 120
104 124
104 173
104 182
104 189
104 199
105 110
105 123
105 128
105 147
105 148
105 169
105 188
106 107
106 111
106 124
106 173
106 182
106 189
106 199
107 120
107 124
107 168
107 171
107 173
107 182
107 189
108 109
108 114
108 132
108 163
108 165
108 176
108 179
108 183
108 188
108 194
108 196
109 129
109 163
109 165
109 176
109 179
109 183
109 187
109 194
110 123
110 145
110 150
110 159
110 178
110 188
110 196
111 118
111 124
111 127
111 152
111 155
111 190
112 119
112 137
112 149
112 157
112 185
113 115
113 118
113 119
113 131
113 144
113 149
113 152
113 166
113 172
113 184
114 132
114 139
114 156
114 163
114 165
114 181
114 183
114 194
115 119
115 128
115 131
115 144
115 148
115 152
115 172
115 184
115 193
116 141
116 145
116 150
116 151
116 178
116 198
117 121
117 122
117 135
117 136
117 139
117 160
117 163
117 164
117 165
117 167
117 174
117 192
118 127
118 152
118 155
118 166
118 172
118 190
119 128
119 148
119 149
119 157
119 158
119 177
120 124
120 168
120 171
120 173
120 182
120 189
121 122
121 135
121 139
121 156
121 163
121 167
121 174
121 180
121 181
122 135
122 136
122 139
122 143
122 160
122 163
122 164
122 167
122 174
122 192
123 176
123 179
123 188
123 194
124 168
124 171
124 173
124 182
124 189
125 126
125 138
125 140
125 153
125 161
125 191
126 138
126 140
126 142
126 153
126 161
126 186
126 191
127 152
127 155
127 190
128 131
128 147
128 148
128 158
128 169
128 170
128 177
128 184
129 160
129 163
129 165
129 176
129 179
129 183
129 187
130 154
130 166
130 185
130 195
131 133
131 144
131 148
131 172
131 184
131 193
131 197
132 156
132 163
132 181
133 134
133 176
133 187
133 193
133 197
134 142
134 176
134 187
134 193
134 197
135 136
135 139
135 143
135 160
135 164
135 167
135 174
135 192
136 143
136 160
136 164
136 167
136 192
137 149
137 154
137 157
137 185
137 195
138 140
138 153
138 161
138 191
139 156
139 163
139 164
139 165
139 167
139 174
139 181
140 161
140 191
141 145
141 151
141 159
141 175
141 178
141 198
142 153
142 187
142 191
142 199
143 174
143 180
144 152
144 172
144 184
144 193
144 197
145 150
145 159
145 178
145 188
145 198
146 147
146 150
146 158
146 162
146 169
146 170
146 177
146 178
147 148
147 158
147 169
147 170
147 177
148 157
148 158
148 169
148 170
148 177
148 184
149 154
149 157
149 166
149 185
149 195
150 158
150 162
150 169
150 170
150 178
150 198
151 178
151 198
152 155
152 166
152 172
152 190
153 186
153 191
153 199
154 157
154 166
154 185
154 195
155 166
155 172
155 190
156 163
156 181
157 177
157 185
158 162
158 169
158 170
158 177
159 175
159 178
159 196
160 164
160 167
160 186
160 187
160 192
161 186
161 191
162 169
162 170
162 177
163 165
163 167
163 181
163 183
164 167
164 186
164 192
165 176
165 179
165 183
165 187
165 194
166 190
167 192
168 171
168 182
169 170
169 177
170 177
171 182
171 189
172 184
172 190
172 193
172 197
173 182
173 189
173 199
174 180
175 196
176 179
176 183
176 187
176 194
178 198
179 183
179 188
179 194
179 196
182 189
182 199
183 187
183 194
184 193
184 197
185 195
186 191
186 192
188 194
188 196
189 199
193 197
194 196
197 199
