500 5622
0 7
0 15
0 20
0 51
0 53
0 68
0 84
0 89
0 94
0 133
0 135
0 165
0 175
0 180
0 183
0 187
0 190
0 199
0 209
0 223
0 245
0 251
0 258
0 279
0 283
0 286
0 291
0 299
0 302
0 304
0 307
0 334
0 336
0 344
0 418
0 429
0 437
0 463
0 477
0 478
0 495
1 76
1 80
1 159
1 179
1 184
1 191
1 195
1 204
1 222
1 264
1 265
1 271
1 272
1 292
1 301
1 352
1 392
1 395
1 398
1 424
1 448
1 472
1 493
2 19
2 40
2 45
2 56
2 63
2 92
2 105
2 116
2 139
2 170
2 174
2 229
2 254
2 257
2 263
2 277
2 303
2 322
2 354
2 412
2 420
2 436
2 454
2 462
2 481
2 486
3 17
3 36
3 78
3 83
3 113
3 117
3 168
3 238
3 259
3 264
3 270
3 272
3 288
3 301
3 310
3 393
3 397
3 438
3 443
3 490
4 32
4 49
4 61
4 81
4 86
4 90
4 96
4 99
4 101
4 104
4 130
4 131
4 218
4 231
4 239
4 308
4 348
4 355
4 382
4 400
4 423
4 457
4 464
4 470
4 485
5 19
5 37
5 45
5 54
5 56
5 66
5 92
5 106
5 122
5 128
5 139
5 141
5 162
5 221
5 229
5 278
5 303
5 328
5 385
5 387
5 407
5 412
5 436
5 439
5 442
5 454
5 462
5 475
5 481
6 15
6 29
6 32
6 64
6 90
6 99
6 105
6 170
6 183
6 190
6 245
6 248
6 250
6 277
6 286
6 291
6 354
6 382
6 390
6 403
6 423
6 474
7 20
7 51
7 53
7 64
7 68
7 84
7 89
7 133
7 165
7 180
7 183
7 187
7 190
7 199
7 223
7 248
7 250
7 251
7 283
7 286
7 291
7 299
7 302
7 307
7 334
7 336
7 429
7 437
7 463
7 474
7 478
7 495
8 12
8 60
8 95
8 113
8 171
8 184
8 191
8 272
8 273
8 281
8 310
8 335
8 352
8 376
8 393
8 416
8 422
8 453
8 461
8 467
8 469
8 480
8 484
8 487
8 490
9 33
9 34
9 88
9 91
9 121
9 144
9 169
9 207
9 213
9 235
9 285
9 312
9 316
9 374
9 405
9 449
9 451
10 16
10 21
10 55
10 129
10 177
10 234
10 237
10 269
10 282
10 324
10 339
10 360
10 375
10 380
10 425
10 447
10 459
10 488
10 492
11 42
11 81
11 86
11 97
11 98
11 274
11 308
11 314
11 337
11 431
11 444
11 457
11 470
11 485
12 38
12 52
12 60
12 80
12 171
12 179
12 184
12 191
12 247
12 265
12 305
12 352
12 392
12 395
12 398
12 399
12 424
12 453
12 467
12 469
12 484
12 487
12 496
12 498
13 22
13 25
13 46
13 65
13 103
13 150
13 163
13 201
13 202
13 232
13 262
13 268
13 296
13 309
13 319
13 329
13 367
13 370
13 378
13 383
13 384
13 446
13 450
14 21
14 93
14 148
14 177
14 188
14 205
14 219
14 338
14 339
14 343
14 364
14 459
15 20
15 32
15 49
15 94
15 99
15 101
15 183
15 190
15 199
15 209
15 214
15 231
15 245
15 250
15 251
15 258
15 279
15 286
15 291
15 299
15 307
15 336
15 382
15 390
15 400
15 403
15 419
15 437
15 464
15 474
15 477
16 55
16 75
16 120
16 129
16 136
16 151
16 164
16 233
16 234
16 237
16 269
16 282
16 324
16 360
16 375
16 377
16 380
16 417
16 425
16 447
16 452
16 459
16 488
16 492
17 46
17 78
17 109
17 117
17 143
17 147
17 154
17 155
17 168
17 236
17 238
17 267
17 270
17 288
17 309
17 320
17 326
17 371
17 404
17 443
18 23
18 44
18 69
18 111
18 125
18 126
18 153
18 261
18 325
18 358
18 361
18 366
18 373
18 410
18 421
19 40
19 45
19 56
19 92
19 106
19 122
19 136
19 139
19 174
19 229
19 263
19 277
19 278
19 295
19 303
19 322
19 328
19 412
19 436
19 442
19 454
19 462
19 481
19 486
20 68
20 94
20 99
20 133
20 165
20 175
20 180
20 183
20 190
20 199
20 209
20 214
20 245
20 251
20 258
20 279
20 286
20 291
20 299
20 304
20 307
20 334
20 336
20 382
20 418
20 419
20 427
20 437
20 477
21 93
21 148
21 177
21 188
21 205
21 219
21 282
21 338
21 339
21 343
21 364
21 425
21 459
22 25
22 47
22 138
22 163
22 189
22 192
22 202
22 232
22 255
22 256
22 262
22 268
22 319
22 329
22 365
22 367
22 370
22 384
22 440
22 450
22 455
22 468
23 44
23 69
23 75
23 126
23 194
23 261
23 324
23 325
23 358
23 361
23 366
23 373
23 401
23 410
24 48
24 82
24 87
24 119
24 137
24 217
24 220
24 253
24 280
24 333
24 347
24 413
24 433
24 456
24 483
24 491
25 35
25 65
25 70
25 138
25 163
25 192
25 202
25 232
25 256
25 262
25 268
25 296
25 319
25 329
25 365
25 367
25 370
25 383
25 384
25 440
25 446
25 450
25 468
26 39
26 72
26 88
26 91
26 100
26 102
26 127
26 134
26 142
26 196
26 316
26 346
26 356
26 405
26 415
26 430
26 451
26 473
27 160
27 172
27 181
27 210
27 212
27 225
27 244
27 249
27 260
27 273
27 363
27 386
27 408
27 416
27 432
27 434
28 58
28 62
28 112
28 140
28 145
28 178
28 206
28 230
28 241
28 287
28 300
28 306
28 362
28 372
28 409
28 445
28 499
29 40
29 61
29 90
29 99
29 105
29 131
29 151
29 170
29 174
29 233
29 277
29 322
29 377
29 403
29 417
29 423
29 486
30 53
30 63
30 64
30 114
30 116
30 187
30 216
30 248
30 254
30 283
30 298
30 302
30 317
30 340
30 369
30 420
31 41
31 57
31 73
31 123
31 149
31 152
31 156
31 208
31 226
31 228
31 240
31 246
31 266
31 276
31 327
31 368
31 388
31 391
31 394
31 411
31 414
31 435
31 439
31 460
31 476
31 482
31 489
31 497
32 49
32 61
32 90
32 99
32 101
32 104
32 131
32 190
32 209
32 214
32 231
32 245
32 286
32 291
32 348
32 355
32 382
32 390
32 400
32 403
32 423
32 464
33 39
33 72
33 88
33 91
33 127
33 134
33 144
33 169
33 185
33 207
33 213
33 285
33 316
33 346
33 405
33 415
33 449
33 451
34 77
34 135
34 144
34 169
34 175
34 207
34 213
34 235
34 243
34 252
34 258
34 285
34 289
34 304
34 312
34 318
34 341
34 344
34 374
34 406
34 418
34 426
34 427
34 441
34 449
34 451
34 477
35 51
35 70
35 77
35 89
35 135
35 198
35 202
35 235
35 242
35 243
35 285
35 304
35 341
35 344
35 367
35 406
35 426
35 440
35 441
35 446
35 450
35 463
36 50
36 74
36 78
36 83
36 103
36 143
36 238
36 259
36 270
36 294
36 301
36 309
36 378
36 384
36 389
36 397
36 428
36 438
36 443
37 54
37 57
37 128
37 132
37 141
37 146
37 162
37 167
37 176
37 203
37 208
37 221
37 246
37 276
37 315
37 327
37 342
37 351
37 359
37 385
37 387
37 394
37 411
37 439
37 442
37 475
37 489
38 52
38 80
38 179
38 191
38 204
38 265
38 292
38 305
38 392
38 395
38 398
38 399
38 424
38 453
38 469
38 484
38 493
38 496
38 498
39 72
39 88
39 91
39 100
39 102
39 134
39 144
39 316
39 356
39 405
39 415
39 451
39 473
40 45
40 56
40 105
40 106
40 122
40 136
40 139
40 151
40 174
40 233
40 263
40 277
40 322
40 377
40 412
40 417
40 436
40 452
40 454
40 481
40 486
41 57
41 123
41 149
41 156
41 188
41 205
41 208
41 219
41 226
41 240
41 246
41 338
41 343
41 387
41 391
41 414
41 442
41 475
41 476
41 489
41 497
42 59
42 81
42 97
42 98
42 125
42 153
42 239
42 274
42 314
42 431
43 121
43 158
43 161
43 252
43 289
43 297
43 312
43 357
43 419
43 427
43 449
44 69
44 126
44 261
44 324
44 325
44 358
44 361
44 366
44 401
44 410
45 56
45 92
45 106
45 122
45 136
45 139
45 174
45 229
45 233
45 254
45 263
45 277
45 303
45 322
45 377
45 412
45 436
45 454
45 481
45 486
46 65
46 84
46 103
46 109
46 143
46 150
46 155
46 201
46 236
46 238
46 267
46 268
46 270
46 296
46 309
46 378
46 383
46 384
46 396
46 446
46 478
47 163
47 189
47 192
47 232
47 255
47 256
47 262
47 319
47 365
47 370
47 384
47 389
47 402
47 455
48 62
48 112
48 119
48 137
48 217
48 362
48 413
48 456
48 483
48 499
49 67
49 86
49 90
49 96
49 99
49 101
49 104
49 130
49 131
49 214
49 231
49 297
49 308
49 348
49 355
49 382
49 400
49 423
49 457
49 464
49 470
49 485
50 74
50 76
50 159
50 259
50 271
50 294
50 301
50 331
50 389
50 397
50 428
50 438
50 448
51 68
51 77
51 84
51 89
51 94
51 133
51 135
51 165
51 175
51 180
51 198
51 199
51 223
51 243
51 251
51 258
51 279
51 283
51 299
51 304
51 307
51 318
51 334
51 336
51 341
51 344
51 406
51 418
51 426
51 429
51 437
51 441
51 463
51 477
51 478
51 495
52 191
52 265
52 292
52 305
52 392
52 398
52 399
52 453
52 496
52 498
53 64
53 68
53 84
53 133
53 155
53 165
53 183
53 187
53 201
53 223
53 248
53 267
53 283
53 302
53 396
53 429
53 437
53 478
53 495
54 66
54 92
54 108
54 128
54 132
54 141
54 162
54 167
54 203
54 221
54 290
54 303
54 313
54 315
54 332
54 345
54 351
54 359
54 379
54 385
54 407
54 439
54 462
55 75
55 120
55 129
55 151
55 164
55 233
55 234
55 237
55 269
55 282
55 324
55 360
55 375
55 377
55 417
55 425
55 452
55 488
55 492
56 92
56 106
56 122
56 136
56 139
56 174
56 229
56 233
56 254
56 263
56 277
56 303
56 322
56 377
56 412
56 436
56 454
56 481
56 486
57 123
57 149
57 152
57 156
57 167
57 208
57 219
57 226
57 240
57 246
57 276
57 327
57 342
57 387
57 391
57 394
57 411
57 414
57 435
57 439
57 442
57 475
57 476
57 482
57 489
57 497
58 62
58 85
58 112
58 119
58 132
58 140
58 146
58 176
58 186
58 197
58 203
58 230
58 241
58 287
58 306
58 313
58 351
58 362
58 372
58 381
58 409
58 499
59 69
59 75
59 81
59 98
59 125
59 194
59 211
59 218
59 239
59 261
59 314
59 325
59 361
59 366
59 373
60 80
60 95
60 113
60 171
60 184
60 191
60 195
60 265
60 272
60 281
60 310
60 335
60 352
60 376
60 392
60 393
60 395
60 398
60 422
60 424
60 453
60 461
60 467
60 469
60 480
60 484
60 487
61 86
61 90
61 99
61 101
61 104
61 120
61 131
61 151
61 164
61 211
61 218
61 231
61 233
61 239
61 355
61 382
61 403
61 423
62 85
62 112
62 119
62 146
62 167
62 176
62 186
62 197
62 230
62 241
62 287
62 306
62 342
62 362
62 372
62 381
62 499
63 64
63 114
63 116
63 166
63 187
63 215
63 216
63 229
63 248
63 254
63 257
63 263
63 284
63 298
63 317
63 340
63 369
63 420
64 68
64 105
64 133
64 165
64 170
64 183
64 187
64 190
64 223
64 245
64 248
64 250
64 283
64 286
64 291
64 302
64 354
64 390
64 420
64 437
64 474
64 495
65 84
65 103
65 109
65 143
65 150
65 155
65 201
65 202
65 236
65 262
65 268
65 296
65 309
65 329
65 378
65 383
65 384
65 446
65 478
66 92
66 108
66 128
66 132
66 141
66 162
66 166
66 203
66 215
66 221
66 229
66 257
66 284
66 290
66 303
66 313
66 315
66 332
66 345
66 351
66 359
66 379
66 385
66 407
66 462
67 96
67 130
67 158
67 161
67 214
67 227
67 231
67 297
67 308
67 337
67 348
67 355
67 357
67 400
67 419
67 444
67 457
67 464
67 470
67 485
68 84
68 89
68 133
68 165
68 175
68 180
68 183
68 187
68 190
68 199
68 209
68 223
68 248
68 250
68 251
68 258
68 279
68 283
68 286
68 291
68 299
68 302
68 307
68 334
68 336
68 429
68 437
68 463
68 474
68 477
68 478
68 495
69 111
69 125
69 126
69 153
69 194
69 261
69 325
69 358
69 361
69 366
69 373
69 401
69 410
69 421
70 127
70 134
70 138
70 163
70 185
70 193
70 207
70 242
70 275
70 311
70 321
70 346
70 349
70 367
70 430
70 440
70 450
70 468
71 79
71 110
71 157
71 160
71 210
71 249
71 260
71 273
71 350
71 353
71 386
71 416
71 466
72 88
72 91
72 100
72 102
72 127
72 134
72 142
72 185
72 196
72 207
72 316
72 346
72 349
72 356
72 405
72 415
72 430
72 451
72 473
73 85
73 112
73 119
73 123
73 146
73 149
73 156
73 167
73 176
73 186
73 208
73 217
73 228
73 240
73 246
73 253
73 266
73 276
73 327
73 342
73 368
73 381
73 388
73 394
73 411
73 435
73 439
73 460
73 483
73 489
74 103
74 189
74 259
74 262
74 294
74 331
74 378
74 384
74 389
74 397
74 402
74 428
75 120
75 129
75 164
75 194
75 211
75 218
75 237
75 269
75 324
75 325
75 361
75 366
75 375
75 401
75 410
75 417
75 488
75 492
76 80
76 83
76 159
76 195
76 222
76 259
76 264
76 271
76 272
76 301
76 331
76 428
76 438
76 448
76 472
77 89
77 135
77 169
77 175
77 198
77 235
77 243
77 258
77 285
77 304
77 312
77 318
77 334
77 341
77 344
77 374
77 406
77 418
77 426
77 427
77 441
77 449
77 463
77 477
78 83
78 113
78 117
78 143
78 168
78 238
78 259
78 270
78 288
78 301
78 371
78 397
78 438
78 443
78 490
79 95
79 110
79 115
79 160
79 171
79 210
79 260
79 273
79 281
79 330
79 335
79 350
79 386
79 416
79 422
79 461
79 466
80 159
80 179
80 184
80 191
80 195
80 204
80 222
80 264
80 265
80 272
80 292
80 352
80 392
80 395
80 398
80 399
80 424
80 448
80 453
80 467
80 472
80 484
80 493
81 86
81 97
81 98
81 218
81 239
81 274
81 308
81 314
81 337
81 431
81 444
81 457
81 470
81 485
82 87
82 217
82 220
82 253
82 280
82 333
82 347
82 388
82 433
82 465
82 483
82 491
83 113
83 117
83 159
83 184
83 195
83 259
83 264
83 270
83 271
83 272
83 301
83 310
83 393
83 397
83 428
83 438
83 443
83 448
83 472
83 490
84 89
84 133
84 150
84 155
84 165
84 180
84 198
84 201
84 223
84 236
84 251
84 283
84 304
84 334
84 336
84 344
84 383
84 396
84 406
84 429
84 446
84 463
84 478
84 495
85 112
85 119
85 132
85 146
85 167
85 176
85 186
85 197
85 203
85 241
85 276
85 287
85 327
85 342
85 351
85 372
85 381
85 411
85 435
86 96
86 98
86 101
86 104
86 131
86 218
86 231
86 239
86 274
86 308
86 348
86 355
86 400
86 423
86 431
86 457
86 464
86 470
86 485
87 217
87 220
87 253
87 280
87 333
87 347
87 388
87 433
87 465
87 483
87 491
88 91
88 134
88 144
88 169
88 185
88 207
88 213
88 316
88 405
88 415
88 451
89 94
89 133
89 135
89 165
89 175
89 180
89 198
89 199
89 235
89 243
89 251
89 258
89 279
89 304
89 307
89 318
89 334
89 336
89 341
89 344
89 374
89 406
89 418
89 426
89 427
89 429
89 437
89 441
89 463
89 477
89 478
89 495
90 99
90 101
90 104
90 105
90 131
90 151
90 218
90 231
90 245
90 348
90 355
90 382
90 400
90 403
90 423
90 464
91 100
91 102
91 127
91 134
91 144
91 169
91 185
91 207
91 213
91 285
91 316
91 346
91 356
91 405
91 415
91 451
91 473
92 116
92 122
92 139
92 141
92 174
92 221
92 229
92 254
92 257
92 263
92 278
92 284
92 290
92 303
92 385
92 407
92 412
92 436
92 454
92 462
92 481
93 148
93 177
93 188
93 205
93 219
93 338
93 339
93 343
93 364
93 414
93 459
93 497
94 135
94 175
94 180
94 190
94 199
94 209
94 214
94 245
94 251
94 252
94 258
94 279
94 286
94 289
94 291
94 299
94 304
94 307
94 312
94 318
94 334
94 336
94 344
94 418
94 419
94 427
94 437
94 477
95 110
95 115
95 171
95 247
95 273
95 281
95 330
95 335
95 350
95 376
95 386
95 416
95 422
95 453
95 461
95 467
95 469
95 480
95 484
95 487
96 101
96 104
96 130
96 158
96 214
96 227
96 231
96 297
96 308
96 337
96 348
96 355
96 400
96 444
96 457
96 464
96 470
96 485
97 98
97 274
97 308
97 337
97 431
97 444
97 457
97 470
97 485
98 125
98 218
98 239
98 274
98 308
98 314
98 431
98 444
98 457
98 470
98 485
99 101
99 104
99 105
99 131
99 170
99 183
99 190
99 209
99 231
99 245
99 250
99 286
99 291
99 299
99 348
99 354
99 355
99 382
99 390
99 400
99 403
99 423
99 464
99 474
100 102
100 127
100 134
100 142
100 193
100 196
100 275
100 321
100 346
100 349
100 356
100 405
100 415
100 430
100 473
101 104
101 130
101 131
101 214
101 231
101 245
101 348
101 355
101 382
101 400
101 403
101 423
101 457
101 464
101 470
102 127
102 134
102 142
102 196
102 349
102 356
102 405
102 415
102 430
102 473
103 109
103 143
103 150
103 189
103 236
103 238
103 262
103 268
103 270
103 294
103 296
103 309
103 329
103 378
103 383
103 384
103 389
103 397
104 131
104 151
104 218
104 231
104 239
104 348
104 355
104 382
104 400
104 403
104 423
104 457
104 464
104 470
104 485
105 170
105 183
105 245
105 248
105 250
105 263
105 277
105 291
105 322
105 354
105 382
105 390
105 403
105 474
105 486
106 122
106 136
106 139
106 148
106 174
106 188
106 278
106 282
106 295
106 322
106 328
106 338
106 343
106 364
106 387
106 412
106 436
106 442
106 452
106 454
106 459
106 475
106 481
106 486
107 114
107 118
107 124
107 154
107 166
107 173
107 200
107 215
107 216
107 224
107 284
107 298
107 317
107 320
107 323
107 326
107 340
107 369
107 371
107 404
107 408
107 458
107 471
107 479
107 494
108 118
108 124
108 132
108 141
108 166
108 197
108 200
108 203
108 215
108 221
108 257
108 284
108 290
108 293
108 313
108 315
108 332
108 345
108 351
108 359
108 379
108 407
108 458
108 462
108 494
109 143
109 150
109 155
109 201
109 236
109 238
109 267
109 268
109 270
109 294
109 296
109 309
109 378
109 383
109 396
109 397
110 115
110 171
110 247
110 273
110 281
110 330
110 350
110 386
110 416
110 466
110 487
111 153
111 261
111 358
111 421
112 119
112 137
112 146
112 167
112 176
112 186
112 197
112 241
112 287
112 306
112 342
112 362
112 372
112 381
112 435
112 483
112 499
113 117
113 159
113 168
113 184
113 195
113 259
113 264
113 272
113 301
113 310
113 352
113 376
113 393
113 438
113 443
113 467
113 472
113 480
113 490
114 118
114 147
114 154
114 166
114 173
114 200
114 215
114 216
114 224
114 257
114 284
114 290
114 298
114 317
114 320
114 323
114 340
114 369
114 404
114 420
114 471
114 479
114 494
115 171
115 247
115 273
115 281
115 330
115 335
115 350
115 416
115 469
115 484
115 487
116 166
116 215
116 216
116 229
116 254
116 257
116 263
116 284
116 290
116 303
116 317
116 340
116 412
116 420
116 462
116 481
117 168
117 212
117 238
117 270
117 288
117 326
117 371
117 443
117 490
118 124
118 166
118 173
118 200
118 215
118 216
118 224
118 257
118 284
118 290
118 293
118 298
118 317
118 323
118 332
118 340
118 369
118 379
118 408
118 458
118 471
118 479
118 494
119 137
119 146
119 176
119 186
119 217
119 228
119 253
119 280
119 333
119 342
119 347
119 362
119 381
119 394
119 411
119 413
119 433
119 435
119 456
119 483
120 129
120 151
120 164
120 194
120 211
120 218
120 234
120 237
120 269
120 324
120 375
120 377
120 401
120 417
120 452
120 488
120 492
121 158
121 169
121 213
121 252
122 136
122 139
122 148
122 174
122 229
122 263
122 277
122 278
122 295
122 303
122 322
122 328
122 385
122 387
122 412
122 436
122 442
122 454
122 462
122 475
122 481
122 486
123 149
123 152
123 156
123 208
123 226
123 228
123 240
123 246
123 266
123 276
123 327
123 368
123 388
123 391
123 394
123 411
123 414
123 435
123 439
123 460
123 476
123 482
123 489
123 497
124 166
124 172
124 173
124 182
124 200
124 215
124 224
124 244
124 290
124 293
124 313
124 323
124 332
124 345
124 363
124 379
124 408
124 432
124 434
124 458
124 494
125 153
125 194
125 211
125 261
125 314
125 325
125 361
125 366
125 373
125 421
126 261
126 325
126 358
126 361
126 366
126 373
126 401
126 410
127 134
127 185
127 193
127 207
127 242
127 275
127 285
127 311
127 316
127 321
127 346
127 349
127 356
127 405
127 415
127 430
127 440
127 451
127 468
127 473
128 132
128 141
128 146
128 162
128 167
128 176
128 197
128 203
128 221
128 246
128 276
128 313
128 315
128 327
128 332
128 342
128 351
128 359
128 381
128 385
128 387
128 407
128 439
129 164
129 211
129 234
129 237
129 269
129 324
129 360
129 375
129 380
129 401
129 410
129 417
129 425
129 447
129 452
129 488
129 492
130 158
130 161
130 214
130 227
130 231
130 297
130 337
130 348
130 355
130 357
130 400
130 419
130 457
130 464
130 470
130 485
131 151
131 218
131 231
131 239
131 348
131 355
131 382
131 400
131 403
131 423
131 464
132 141
132 146
132 162
132 167
132 176
132 197
132 203
132 221
132 241
132 287
132 313
132 315
132 332
132 342
132 345
132 351
132 359
132 379
132 381
132 385
132 407
132 439
133 165
133 175
133 180
133 183
133 187
133 190
133 199
133 223
133 248
133 250
133 251
133 258
133 279
133 283
133 286
133 291
133 299
133 302
133 304
133 307
133 334
133 336
133 429
133 437
133 463
133 474
133 477
133 478
133 495
134 144
134 185
134 193
134 207
134 242
134 275
134 285
134 316
134 321
134 346
134 356
134 405
134 415
134 430
134 451
134 473
135 175
135 180
135 198
135 235
135 243
135 251
135 258
135 279
135 285
135 304
135 307
135 312
135 318
135 334
135 336
135 341
135 344
135 374
135 406
135 418
135 426
135 427
135 429
135 441
135 449
135 463
135 477
136 139
136 148
136 174
136 233
136 277
136 282
136 295
136 322
136 328
136 364
136 377
136 412
136 417
136 436
136 452
136 454
136 459
136 486
136 488
137 186
137 217
137 228
137 253
137 280
137 333
137 347
137 362
137 413
137 433
137 456
137 483
137 491
138 163
138 192
138 193
138 202
138 232
138 242
138 256
138 275
138 311
138 319
138 321
138 329
138 365
138 367
138 370
138 440
138 450
138 455
138 468
139 174
139 229
139 263
139 277
139 278
139 295
139 303
139 322
139 328
139 387
139 412
139 436
139 442
139 454
139 462
139 481
139 486
140 178
140 206
140 230
140 300
140 306
140 362
140 372
140 409
140 445
140 499
141 162
141 166
141 203
141 215
141 221
141 229
141 257
141 284
141 290
141 303
141 313
141 315
141 332
141 345
141 351
141 359
141 379
141 385
141 407
141 462
141 481
142 196
142 321
142 349
142 356
142 415
142 430
142 473
143 150
143 155
143 201
143 236
143 238
143 267
143 268
143 270
143 294
143 296
143 309
143 378
143 383
143 384
143 397
144 169
144 185
144 207
144 213
144 235
144 285
144 312
144 316
144 374
144 405
144 415
144 449
144 451
145 157
145 160
145 178
145 182
145 206
145 210
145 230
145 249
145 260
145 300
145 306
145 353
145 363
145 434
145 445
146 162
146 167
146 176
146 186
146 197
146 203
146 228
146 241
146 276
146 287
146 315
146 327
146 342
146 351
146 359
146 372
146 381
146 394
146 411
146 435
146 439
147 154
147 155
147 236
147 267
147 288
147 298
147 317
147 320
147 326
147 369
147 371
147 396
147 404
147 471
147 479
148 188
148 205
148 219
148 278
148 282
148 295
148 328
148 338
148 343
148 364
148 387
148 442
148 459
148 475
148 497
149 152
149 156
149 208
149 226
149 228
149 240
149 246
149 266
149 276
149 327
149 368
149 388
149 391
149 394
149 411
149 414
149 435
149 439
149 460
149 476
149 482
149 489
149 497
150 155
150 201
150 223
150 236
150 238
150 267
150 268
150 296
150 309
150 383
150 396
150 429
150 446
150 478
150 495
151 164
151 233
151 277
151 377
151 403
151 417
151 423
151 452
151 486
151 488
152 156
152 208
152 226
152 228
152 240
152 246
152 266
152 368
152 388
152 391
152 394
152 411
152 435
152 460
152 465
152 476
152 482
152 489
153 261
153 314
153 325
153 358
153 373
153 421
154 155
154 168
154 267
154 288
154 298
154 317
154 320
154 326
154 369
154 371
154 396
154 404
154 471
154 479
155 201
155 223
155 236
155 238
155 267
155 283
155 309
155 320
155 396
155 404
155 478
155 495
156 186
156 208
156 226
156 228
156 240
156 246
156 266
156 276
156 327
156 342
156 368
156 388
156 391
156 394
156 411
156 435
156 439
156 460
156 465
156 476
156 482
156 489
157 160
157 178
157 249
157 260
157 300
157 353
157 445
157 466
158 161
158 214
158 227
158 252
158 289
158 297
158 312
158 357
158 419
158 427
159 179
159 184
159 195
159 222
159 259
159 264
159 271
159 272
159 301
159 352
159 392
159 395
159 424
159 428
159 438
159 448
159 472
159 493
160 181
160 210
160 225
160 244
160 249
160 260
160 273
160 353
160 363
160 386
160 432
160 434
160 466
161 227
161 297
161 337
161 357
161 444
162 167
162 176
162 197
162 203
162 221
162 246
162 276
162 313
162 315
162 327
162 342
162 351
162 359
162 381
162 385
162 387
162 407
162 439
163 192
163 202
163 232
163 256
163 262
163 319
163 329
163 365
163 367
163 370
163 440
163 450
163 455
163 468
164 194
164 211
164 218
164 234
164 237
164 269
164 324
164 361
164 375
164 401
164 410
164 417
164 488
164 492
165 175
165 180
165 183
165 187
165 190
165 199
165 223
165 248
165 250
165 251
165 283
165 286
165 291
165 299
165 302
165 304
165 307
165 334
165 336
165 396
165 429
165 437
165 463
165 478
165 495
166 173
166 200
166 215
166 216
166 224
166 254
166 257
166 284
166 290
166 303
166 317
166 332
166 340
166 369
166 379
166 407
166 420
166 458
166 462
166 471
166 479
166 494
167 176
167 186
167 197
167 203
167 208
167 221
167 228
167 241
167 246
167 276
167 315
167 327
167 342
167 351
167 359
167 381
167 394
167 411
167 435
167 439
167 489
168 212
168 238
168 270
168 288
168 320
168 326
168 371
168 443
168 490
169 185
169 207
169 213
169 235
169 252
169 285
169 312
169 316
169 318
169 374
169 405
169 426
169 427
169 441
169 449
169 451
170 183
170 187
170 190
170 245
170 248
170 250
170 263
170 277
170 286
170 291
170 354
170 382
170 390
170 403
170 474
171 191
171 247
171 273
171 281
171 330
171 335
171 350
171 352
171 376
171 416
171 422
171 453
171 461
171 467
171 469
171 480
171 484
171 487
172 173
172 181
172 182
172 200
172 224
172 244
172 293
172 323
172 345
172 363
172 379
172 408
172 432
172 434
172 458
172 494
173 200
173 215
173 216
173 224
173 244
173 293
173 298
173 317
173 323
173 326
173 379
173 408
173 432
173 458
173 471
173 479
173 494
174 229
174 233
174 263
174 277
174 295
174 322
174 377
174 412
174 436
174 452
174 454
174 481
174 486
175 180
175 198
175 199
175 209
175 235
175 243
175 251
175 252
175 258
175 279
175 286
175 299
175 304
175 307
175 312
175 318
175 334
175 336
175 341
175 344
175 374
175 406
175 418
175 419
175 426
175 427
175 429
175 437
175 441
175 449
175 463
175 477
176 186
176 197
176 203
176 228
176 241
176 276
176 327
176 342
176 351
176 372
176 381
176 394
176 411
176 435
176 439
176 489
177 234
177 237
177 269
177 282
177 295
177 339
177 343
177 360
177 364
177 375
177 380
177 425
177 447
177 459
177 492
178 206
178 230
178 300
178 306
178 372
178 409
178 445
178 499
179 184
179 191
179 195
179 204
179 222
179 265
179 292
179 352
179 392
179 395
179 398
179 399
179 424
179 448
179 453
179 472
179 493
180 183
180 190
180 199
180 209
180 223
180 251
180 258
180 279
180 283
180 286
180 291
180 299
180 302
180 304
180 307
180 318
180 334
180 336
180 344
180 406
180 418
180 429
180 437
180 463
180 477
180 478
180 495
181 210
181 212
181 224
181 225
181 244
181 260
181 273
181 323
181 363
181 386
181 408
181 432
181 434
182 197
182 206
182 230
182 244
182 287
182 293
182 300
182 306
182 313
182 345
182 363
182 372
182 379
182 408
182 432
182 434
182 445
182 458
182 494
183 187
183 190
183 199
183 209
183 245
183 248
183 250
183 251
183 279
183 283
183 286
183 291
183 299
183 302
183 307
183 336
183 354
183 382
183 390
183 437
183 474
184 191
184 195
184 204
184 222
184 264
184 265
184 272
184 301
184 310
184 335
184 352
184 376
184 392
184 393
184 395
184 398
184 424
184 448
184 453
184 461
184 467
184 472
184 480
184 484
185 207
185 235
185 242
185 243
185 275
185 285
185 316
185 346
185 405
185 415
185 440
185 441
185 451
186 217
186 228
186 253
186 276
186 327
186 342
186 381
186 394
186 411
186 435
186 483
186 489
187 190
187 199
187 223
187 248
187 250
187 251
187 283
187 286
187 291
187 302
187 354
187 390
187 437
187 474
187 495
188 205
188 219
188 278
188 282
188 295
188 328
188 338
188 343
188 364
188 387
188 391
188 414
188 442
188 459
188 475
188 497
189 192
189 232
189 255
189 262
189 268
189 294
189 296
189 365
189 370
189 378
189 384
189 389
189 402
190 199
190 209
190 245
190 248
190 250
190 251
190 258
190 279
190 286
190 291
190 299
190 302
190 307
190 336
190 354
190 382
190 390
190 403
190 437
190 474
190 477
191 195
191 204
191 265
191 292
191 352
191 392
191 395
191 398
191 399
191 424
191 453
191 467
191 469
191 484
191 487
191 493
191 496
192 232
192 255
192 256
192 262
192 319
192 329
192 365
192 370
192 402
192 455
193 242
193 275
193 311
193 321
193 346
193 349
193 430
193 440
193 455
193 468
193 473
194 211
194 218
194 239
194 261
194 324
194 325
194 361
194 366
194 373
194 401
194 410
195 204
195 222
195 264
195 265
195 271
195 272
195 292
195 301
195 352
195 392
195 395
195 398
195 424
195 438
195 448
195 467
195 472
195 493
196 349
196 356
196 415
196 430
196 473
197 203
197 230
197 241
197 287
197 306
197 313
197 315
197 332
197 342
197 345
197 351
197 359
197 372
197 379
197 381
198 202
198 235
198 243
198 285
198 304
198 318
198 334
198 341
198 344
198 367
198 374
198 406
198 418
198 426
198 429
198 441
198 446
198 450
198 463
199 209
199 245
199 250
199 251
199 258
199 279
199 283
199 286
199 291
199 299
199 302
199 304
199 307
199 334
199 336
199 418
199 437
199 474
199 477
200 215
200 216
200 224
200 244
200 257
200 284
200 290
200 293
200 298
200 317
200 323
200 332
200 340
200 345
200 369
200 379
200 408
200 432
200 458
200 471
200 479
200 494
201 223
201 236
201 267
201 283
201 296
201 309
201 383
201 396
201 429
201 446
201 478
201 495
202 232
202 262
202 268
202 296
202 319
202 329
202 341
202 367
202 370
202 383
202 406
202 440
202 446
202 450
203 221
203 241
203 276
203 287
203 313
203 315
203 327
203 332
203 342
203 345
203 351
203 359
203 381
203 385
203 407
203 439
204 222
204 265
204 292
204 352
204 392
204 395
204 398
204 399
204 424
204 448
204 472
204 493
205 219
205 328
205 338
205 343
205 364
205 391
205 414
205 475
205 497
206 230
206 287
206 300
206 306
206 363
206 372
206 409
206 434
206 445
206 499
207 213
207 235
207 242
207 243
207 285
207 316
207 346
207 374
207 405
207 415
207 441
207 451
208 219
208 226
208 240
208 246
208 276
208 327
208 342
208 368
208 387
208 391
208 394
208 411
208 414
208 435
208 439
208 442
208 475
208 476
208 482
208 489
208 497
209 214
209 245
209 251
209 258
209 279
209 286
209 291
209 299
209 307
209 336
209 382
209 418
209 419
209 437
209 477
210 225
210 244
210 249
210 260
210 273
210 363
210 386
210 416
210 432
210 434
210 466
211 218
211 239
211 324
211 325
211 361
211 373
212 225
212 288
212 310
212 326
212 376
212 393
212 422
212 490
213 235
213 285
213 312
213 316
213 374
213 405
213 449
213 451
214 231
214 245
214 252
214 258
214 279
214 289
214 297
214 299
214 307
214 348
214 355
214 382
214 400
214 419
214 427
214 464
214 477
215 216
215 224
215 254
215 257
215 284
215 290
215 303
215 317
215 332
215 340
215 369
215 379
215 407
215 420
215 458
215 462
215 471
215 479
215 494
216 254
216 257
216 284
216 290
216 298
216 317
216 340
216 369
216 420
216 471
216 479
217 220
217 228
217 253
217 280
217 333
217 347
217 381
217 388
217 394
217 411
217 413
217 433
217 435
217 460
217 483
217 491
218 239
218 423
218 470
219 278
219 295
219 328
219 338
219 343
219 364
219 387
219 391
219 414
219 442
219 475
219 497
220 228
220 253
220 266
220 280
220 333
220 347
220 368
220 388
220 433
220 460
220 465
220 483
220 491
221 276
221 303
221 313
221 315
221 327
221 332
221 342
221 351
221 359
221 385
221 387
221 407
221 439
221 442
221 462
222 264
222 271
222 292
222 392
222 395
222 398
222 424
222 448
222 472
222 493
223 236
223 248
223 251
223 267
223 283
223 302
223 334
223 336
223 396
223 429
223 437
223 463
223 478
223 495
224 244
224 293
224 323
224 326
224 379
224 408
224 432
224 458
224 471
224 479
224 494
225 244
225 260
225 273
225 386
225 416
225 422
225 432
226 240
226 246
226 266
226 368
226 388
226 391
226 394
226 414
226 460
226 476
226 482
226 489
226 497
227 297
227 308
227 337
227 357
227 444
227 457
227 470
227 485
228 240
228 246
228 253
228 266
228 276
228 280
228 327
228 342
228 347
228 368
228 381
228 388
228 394
228 411
228 435
228 460
228 465
228 482
228 483
228 489
229 254
229 257
229 263
229 284
229 290
229 303
229 322
229 407
229 412
229 420
229 436
229 454
229 462
229 481
230 241
230 287
230 300
230 306
230 363
230 372
230 409
230 434
230 445
230 499
231 245
231 348
231 355
231 382
231 400
231 403
231 423
231 457
231 464
231 470
231 485
232 255
232 256
232 262
232 268
232 319
232 329
232 365
232 367
232 370
232 384
232 440
232 450
232 455
232 468
233 263
233 277
233 322
233 377
233 417
233 436
233 452
233 486
233 488
234 237
234 269
234 282
234 324
234 339
234 360
234 375
234 380
234 417
234 425
234 447
234 452
234 459
234 488
234 492
235 243
235 258
235 285
235 304
235 312
235 318
235 341
235 344
235 374
235 406
235 418
235 426
235 427
235 441
235 449
235 451
235 477
236 238
236 267
236 296
236 309
236 320
236 383
236 396
236 404
236 429
236 478
236 495
237 269
237 282
237 324
237 339
237 360
237 364
237 375
237 380
237 417
237 425
237 447
237 452
237 459
237 488
237 492
238 270
238 294
238 296
238 309
238 371
238 378
238 383
238 397
238 443
239 308
239 431
239 457
239 470
239 485
240 246
240 266
240 276
240 327
240 368
240 388
240 391
240 394
240 411
240 414
240 435
240 439
240 460
240 476
240 482
240 489
240 497
241 287
241 306
241 313
241 315
241 342
241 351
241 372
241 381
242 275
242 311
242 321
242 346
242 349
242 367
242 405
242 430
242 440
242 450
242 468
243 285
243 304
243 312
243 318
243 341
243 344
243 367
243 374
243 406
243 418
243 426
243 441
243 449
243 450
243 463
244 293
244 323
244 345
244 363
244 408
244 432
244 434
244 458
244 494
245 248
245 250
245 279
245 286
245 291
245 299
245 354
245 382
245 390
245 400
245 403
245 423
245 437
245 474
246 276
246 327
246 342
246 368
246 387
246 391
246 394
246 411
246 435
246 439
246 475
246 476
246 482
246 489
247 330
247 453
247 469
247 484
247 487
248 250
248 254
248 283
248 286
248 291
248 302
248 354
248 390
248 420
248 437
248 474
249 260
249 300
249 353
249 363
249 386
249 434
249 445
249 466
250 286
250 291
250 299
250 302
250 354
250 382
250 390
250 403
250 437
250 474
251 258
251 279
251 283
251 286
251 291
251 299
251 302
251 304
251 307
251 318
251 334
251 336
251 344
251 406
251 418
251 429
251 437
251 463
251 477
251 495
252 258
252 279
252 289
252 307
252 312
252 318
252 374
252 418
252 419
252 427
252 449
252 477
253 266
253 280
253 333
253 347
253 368
253 388
253 411
253 413
253 433
253 435
253 460
253 465
253 483
253 491
254 257
254 263
254 284
254 290
254 303
254 340
254 412
254 420
254 462
254 481
255 256
255 262
255 319
255 365
255 370
255 389
255 402
255 455
256 262
256 319
256 365
256 370
256 402
256 455
256 468
257 263
257 284
257 290
257 303
257 317
257 332
257 340
257 407
257 412
257 420
257 462
257 481
258 279
258 286
258 289
258 299
258 304
258 307
258 312
258 318
258 334
258 336
258 344
258 374
258 406
258 418
258 419
258 426
258 427
258 437
258 449
258 463
258 477
259 264
259 270
259 271
259 272
259 301
259 397
259 428
259 438
259 443
259 448
259 472
260 273
260 350
260 353
260 386
260 416
260 466
261 325
261 358
261 361
261 366
261 373
261 401
261 410
261 421
262 268
262 294
262 296
262 319
262 329
262 365
262 370
262 378
262 383
262 384
262 389
262 402
263 277
263 303
263 322
263 354
263 412
263 420
263 436
263 454
263 481
263 486
264 271
264 272
264 301
264 352
264 395
264 428
264 438
264 443
264 448
264 472
265 292
265 305
265 352
265 392
265 395
265 398
265 399
265 424
265 453
265 467
265 469
265 484
265 487
265 493
265 496
265 498
266 280
266 368
266 388
266 394
266 411
266 435
266 460
266 465
266 476
266 482
266 489
267 283
267 298
267 320
267 396
267 404
267 478
267 495
268 294
268 296
268 309
268 329
268 370
268 378
268 383
268 384
268 389
268 446
269 282
269 324
269 339
269 360
269 364
269 375
269 380
269 417
269 425
269 447
269 452
269 459
269 488
269 492
270 294
270 309
270 378
270 397
270 443
271 272
271 301
271 331
271 428
271 438
271 448
271 472
272 301
272 310
272 352
272 393
272 395
272 424
272 438
272 443
272 448
272 467
272 472
272 480
272 490
273 281
273 310
273 330
273 335
273 350
273 376
273 386
273 416
273 422
273 461
273 466
273 480
274 308
274 314
274 337
274 431
274 444
274 457
274 470
274 485
275 311
275 321
275 346
275 349
275 367
275 430
275 440
275 450
275 455
275 468
276 327
276 342
276 381
276 394
276 411
276 435
276 439
276 489
277 322
277 377
277 412
277 417
277 436
277 452
277 454
277 481
277 486
278 295
278 328
278 338
278 343
278 385
278 387
278 412
278 436
278 442
278 454
278 475
279 286
279 289
279 291
279 299
279 304
279 307
279 318
279 334
279 336
279 418
279 419
279 427
279 437
279 477
280 333
280 347
280 368
280 388
280 413
280 433
280 460
280 465
280 483
280 491
281 310
281 330
281 335
281 350
281 352
281 376
281 386
281 393
281 416
281 422
281 461
281 467
281 469
281 480
281 484
281 487
282 295
282 339
282 343
282 360
282 364
282 375
282 380
282 417
282 425
282 447
282 452
282 459
282 488
282 492
283 291
283 302
283 334
283 336
283 396
283 429
283 437
283 463
283 478
283 495
284 290
284 303
284 317
284 332
284 340
284 369
284 379
284 407
284 420
284 462
284 471
285 304
285 312
285 316
285 318
285 341
285 344
285 346
285 374
285 405
285 406
285 426
285 427
285 441
285 449
285 451
286 291
286 299
286 302
286 307
286 336
286 354
286 382
286 390
286 437
286 474
286 477
287 300
287 306
287 313
287 315
287 345
287 351
287 372
287 379
287 434
288 298
288 320
288 326
288 371
288 404
288 443
288 471
288 479
289 307
289 312
289 318
289 374
289 418
289 419
289 427
289 449
289 477
290 303
290 315
290 332
290 340
290 345
290 359
290 379
290 407
290 420
290 462
291 299
291 302
291 307
291 336
291 354
291 382
291 390
291 437
291 474
291 477
292 392
292 395
292 398
292 399
292 424
292 493
292 496
293 313
293 323
293 332
293 345
293 363
293 379
293 408
293 432
293 434
293 458
293 494
294 296
294 309
294 378
294 383
294 384
294 389
294 397
295 328
295 338
295 343
295 364
295 436
295 442
295 452
295 454
295 459
295 475
296 309
296 329
296 378
296 383
296 384
296 389
296 446
297 308
297 337
297 348
297 355
297 357
297 444
297 457
297 464
297 470
297 485
298 317
298 320
298 326
298 340
298 369
298 371
298 396
298 404
298 471
298 479
299 302
299 304
299 307
299 334
299 336
299 382
299 418
299 419
299 437
299 474
299 477
300 306
300 353
300 363
300 372
300 409
300 434
300 445
300 499
301 397
301 428
301 438
301 443
301 448
301 472
302 334
302 336
302 354
302 390
302 396
302 437
302 474
302 495
303 332
303 359
303 385
303 407
303 412
303 454
303 462
303 481
304 307
304 312
304 318
304 334
304 336
304 341
304 344
304 374
304 406
304 418
304 426
304 427
304 429
304 437
304 441
304 449
304 463
304 477
305 398
305 399
305 453
305 496
305 498
306 313
306 372
306 409
306 434
306 445
306 499
307 318
307 334
307 336
307 344
307 418
307 419
307 426
307 427
307 437
307 463
307 477
308 337
308 348
308 355
308 431
308 444
308 457
308 464
308 470
308 485
309 378
309 383
309 384
309 397
310 335
310 352
310 376
310 393
310 422
310 443
310 461
310 467
310 480
310 490
311 321
311 346
311 349
311 430
311 440
311 455
311 468
312 318
312 344
312 374
312 418
312 419
312 426
312 427
312 441
312 449
312 477
313 315
313 332
313 345
313 351
313 359
313 372
313 379
313 407
314 373
314 421
314 431
315 332
315 342
315 345
315 351
315 359
315 379
315 385
315 407
315 439
315 462
316 346
316 405
316 415
316 451
317 320
317 340
317 369
317 404
317 420
317 471
317 479
318 334
318 336
318 341
318 344
318 374
318 406
318 418
318 419
318 426
318 427
318 441
318 449
318 463
318 477
319 329
319 365
319 367
319 370
319 440
319 450
319 455
319 468
320 326
320 369
320 371
320 396
320 404
320 471
320 479
321 346
321 349
321 430
321 440
321 455
321 468
321 473
322 377
322 412
322 436
322 452
322 454
322 481
322 486
323 326
323 408
323 432
323 458
323 471
323 479
323 494
324 360
324 361
324 366
324 375
324 380
324 401
324 410
324 417
324 425
324 447
324 488
324 492
325 358
325 361
325 366
325 373
325 401
325 410
325 421
326 371
326 404
326 471
326 479
326 490
327 342
327 381
327 394
327 411
327 435
327 439
327 489
328 338
328 343
328 364
328 385
328 387
328 436
328 442
328 454
328 459
328 475
329 367
329 370
329 383
329 384
329 446
329 450
330 335
330 350
330 386
330 416
330 461
330 469
330 484
330 487
331 428
332 345
332 351
332 359
332 379
332 407
332 462
333 347
333 388
333 413
333 433
333 465
333 483
333 491
334 336
334 341
334 344
334 406
334 418
334 426
334 429
334 437
334 463
334 477
334 478
334 495
335 352
335 376
335 393
335 416
335 422
335 453
335 461
335 467
335 469
335 480
335 484
335 487
335 490
336 344
336 406
336 418
336 429
336 437
336 463
336 477
336 478
336 495
337 357
337 431
337 444
337 457
337 470
337 485
338 343
338 364
338 387
338 391
338 414
338 442
338 459
338 475
338 497
339 343
339 360
339 364
339 375
339 380
339 425
339 447
339 459
339 492
340 369
340 420
340 471
340 479
341 344
341 367
341 374
341 406
341 418
341 426
341 429
341 441
341 446
341 450
341 463
342 351
342 359
342 381
342 394
342 411
342 435
342 439
342 489
343 364
343 442
343 459
343 475
343 497
344 374
344 406
344 418
344 426
344 427
344 429
344 441
344 449
344 463
344 477
345 351
345 359
345 379
345 407
345 408
345 432
345 434
345 458
345 494
346 349
346 356
346 367
346 405
346 415
346 430
346 440
346 450
346 451
346 468
346 473
347 388
347 413
347 433
347 465
347 483
347 491
348 355
348 382
348 400
348 423
348 457
348 464
348 470
348 485
349 356
349 430
349 468
349 473
350 386
350 416
350 466
351 359
351 379
351 381
351 407
352 376
352 392
352 393
352 395
352 398
352 399
352 424
352 453
352 461
352 467
352 469
352 472
352 480
352 484
353 445
353 466
354 382
354 390
354 403
354 474
355 382
355 400
355 403
355 423
355 457
355 464
355 470
355 485
356 405
356 415
356 430
356 473
357 444
358 361
358 366
358 373
358 401
358 410
358 421
359 379
359 385
359 407
359 439
359 462
360 375
360 380
360 425
360 447
360 459
360 488
360 492
361 366
361 373
361 401
361 410
361 421
362 409
362 413
362 456
362 483
362 499
363 408
363 432
363 434
363 445
364 425
364 452
364 459
365 370
365 402
365 455
366 373
366 401
366 410
366 421
367 406
367 440
367 441
367 446
367 450
367 468
368 388
368 391
368 394
368 411
368 435
368 460
368 465
368 476
368 482
368 489
369 404
369 420
369 471
369 479
370 384
370 389
370 402
370 455
371 404
371 471
371 479
372 381
372 409
372 445
372 499
373 401
373 410
373 421
374 406
374 418
374 426
374 427
374 441
374 449
374 477
375 380
375 417
375 425
375 447
375 452
375 459
375 488
375 492
376 393
376 416
376 422
376 461
376 467
376 480
376 484
376 490
377 417
377 436
377 452
377 486
377 488
378 383
378 384
378 389
378 397
379 407
379 408
379 432
379 458
379 494
380 425
380 447
380 459
380 488
380 492
381 394
381 411
381 435
382 390
382 400
382 403
382 423
382 464
382 474
383 384
383 446
383 478
384 389
384 397
384 402
385 387
385 407
385 412
385 439
385 442
385 454
385 462
385 475
386 416
386 422
386 466
387 439
387 442
387 454
387 475
388 394
388 411
388 435
388 460
388 465
388 476
388 482
388 489
389 397
389 402
390 403
390 437
390 474
391 414
391 475
391 476
391 482
391 489
391 497
392 395
392 398
392 399
392 424
392 448
392 453
392 472
392 484
392 493
392 496
393 422
393 443
393 461
393 467
393 480
393 490
394 411
394 435
394 439
394 460
394 465
394 476
394 482
394 489
395 398
395 399
395 424
395 448
395 453
395 467
395 472
395 484
395 493
396 404
396 429
396 478
396 495
397 428
397 438
397 443
398 399
398 424
398 453
398 467
398 469
398 484
398 493
398 496
399 424
399 453
399 469
399 484
399 487
399 496
399 498
400 403
400 423
400 457
400 464
400 470
400 485
401 410
401 447
403 423
403 464
403 474
404 471
404 479
405 415
405 451
405 473
406 418
406 426
406 429
406 441
406 446
406 450
406 463
406 477
406 478
407 412
407 462
407 481
408 432
408 434
408 458
408 471
408 479
408 494
409 445
409 499
411 435
411 439
411 460
411 482
411 489
412 436
412 454
412 462
412 481
412 486
413 433
413 456
413 483
413 491
414 476
414 497
415 430
415 451
415 473
416 422
416 461
416 466
416 480
417 452
417 486
417 488
417 492
418 419
418 426
418 427
418 429
418 437
418 441
418 449
418 463
418 477
419 427
419 449
419 477
422 461
422 467
422 480
422 490
423 464
423 470
424 448
424 453
424 467
424 472
424 484
424 493
424 496
425 447
425 459
425 488
425 492
426 427
426 441
426 449
426 463
426 477
427 441
427 449
427 477
428 438
428 448
428 472
429 437
429 446
429 463
429 478
429 495
430 473
431 444
431 457
431 470
431 485
432 434
432 458
432 494
433 483
433 491
434 445
434 458
435 439
435 460
435 482
435 483
435 489
436 442
436 452
436 454
436 481
436 486
437 463
437 474
437 477
437 495
438 443
438 448
438 472
439 442
439 475
439 489
440 450
440 468
441 449
441 450
441 463
442 454
442 475
443 490
444 457
444 470
444 485
445 499
446 450
446 463
446 478
447 488
447 492
448 472
448 493
449 477
450 468
452 459
452 486
452 488
452 492
453 461
453 467
453 469
453 484
453 487
453 496
453 498
454 462
454 481
454 486
455 468
456 483
456 499
457 464
457 470
457 485
458 471
458 479
458 494
459 488
459 492
460 465
460 476
460 482
460 489
461 467
461 480
461 484
461 490
462 481
463 477
463 478
463 495
464 470
464 485
465 482
467 469
467 480
467 484
467 487
467 490
469 484
469 487
469 496
469 498
470 485
471 479
471 494
472 493
475 497
476 482
476 489
476 497
478 495
479 494
480 484
480 490
481 486
482 489
483 491
484 487
484 496
487 496
487 498
488 492
496 498
